id,person_age,person_income,person_home_ownership,person_emp_length,loan_intent,loan_grade,loan_amnt,loan_int_rate,loan_percent_income,cb_person_default_on_file,cb_person_cred_hist_length,loan_status
0,37,35000,RENT,0.0,EDUCATION,B,6000,11.49,0.17,N,14,0
1,22,56000,OWN,6.0,MEDICAL,C,4000,13.35,0.07,N,2,0
2,29,28800,OWN,8.0,PERSONAL,A,6000,8.9,0.21,N,10,0
3,30,70000,RENT,14.0,VENTURE,B,12000,11.11,0.17,N,5,0
4,22,60000,RENT,2.0,MEDICAL,A,6000,6.92,0.1,N,3,0
5,27,45000,RENT,2.0,VENTURE,A,9000,8.94,0.2,N,5,0
6,25,45000,MORTGAGE,9.0,EDUCATION,A,12000,6.54,0.27,N,3,0
7,21,20000,RENT,0.0,PERSONAL,C,2500,13.49,0.13,Y,3,0
8,37,69600,RENT,11.0,EDUCATION,D,5000,14.84,0.07,Y,11,0
9,35,110000,MORTGAGE,0.0,DEBTCONSOLIDATION,C,15000,12.98,0.14,Y,6,0
10,30,78000,MORTGAGE,5.0,VENTURE,B,12800,10.59,0.17,N,5,0
11,22,33000,RENT,6.0,PERSONAL,B,10000,11.12,0.3,N,2,1
12,25,33000,MORTGAGE,1.0,EDUCATION,B,4000,10.75,0.12,N,3,0
13,31,70000,MORTGAGE,2.0,DEBTCONSOLIDATION,B,16000,11.14,0.23,N,9,0
14,27,100000,RENT,1.0,HOMEIMPROVEMENT,C,5000,13.57,0.05,Y,7,0
15,29,33000,OWN,8.0,MEDICAL,A,7300,8.9,0.23,N,8,0
16,26,80000,RENT,2.0,HOMEIMPROVEMENT,D,17000,14.11,0.21,Y,3,0
17,29,60000,OWN,13.0,MEDICAL,A,15000,6.62,0.25,N,9,0
18,22,84000,MORTGAGE,6.0,DEBTCONSOLIDATION,B,5950,11.12,0.07,N,4,0
19,27,65000,MORTGAGE,3.0,DEBTCONSOLIDATION,C,4800,12.73,0.07,Y,8,0
20,28,45000,OWN,0.0,PERSONAL,A,3200,7.88,0.07,N,5,0
21,22,45000,MORTGAGE,3.0,PERSONAL,A,7000,8.59,0.16,N,4,0
22,26,95000,MORTGAGE,10.0,EDUCATION,A,10000,7.68,0.11,N,3,0
23,27,33000,RENT,2.0,VENTURE,A,3000,6.99,0.09,N,6,0
24,22,30000,RENT,3.0,MEDICAL,D,5000,16.49,0.17,N,4,1
25,25,25000,RENT,3.0,VENTURE,C,3500,13.49,0.14,Y,3,1
26,28,75000,MORTGAGE,12.0,VENTURE,A,14000,7.88,0.19,N,5,0
27,21,45000,RENT,5.0,DEBTCONSOLIDATION,A,2800,6.54,0.06,N,4,0
28,32,122004,MORTGAGE,13.0,MEDICAL,A,10000,8.59,0.08,N,9,0
29,23,50000,RENT,4.0,PERSONAL,B,6000,11.49,0.12,N,2,0
30,30,48000,RENT,12.0,EDUCATION,B,2000,9.62,0.04,N,8,0
31,23,78000,MORTGAGE,7.0,PERSONAL,A,5500,8.0,0.07,N,4,0
32,30,80000,RENT,3.0,MEDICAL,B,6000,10.75,0.07,N,8,0
33,24,72000,RENT,3.0,VENTURE,C,16000,15.96,0.22,Y,3,0
34,29,51000,MORTGAGE,6.0,PERSONAL,A,12000,7.66,0.24,N,5,0
35,33,120000,MORTGAGE,1.0,EDUCATION,E,6000,18.64,0.05,Y,6,0
36,24,90000,MORTGAGE,2.0,DEBTCONSOLIDATION,A,14400,7.9,0.16,N,2,0
37,22,68000,MORTGAGE,7.0,PERSONAL,C,15900,13.49,0.25,N,2,0
38,30,54000,RENT,0.0,MEDICAL,B,12500,11.71,0.24,N,10,1
39,22,32000,RENT,6.0,EDUCATION,D,8000,15.58,0.25,N,3,1
40,30,120000,MORTGAGE,4.0,EDUCATION,A,4000,7.14,0.03,N,10,0
41,23,70000,MORTGAGE,5.0,VENTURE,B,10000,12.18,0.14,N,4,0
42,23,67000,MORTGAGE,7.0,DEBTCONSOLIDATION,A,16000,7.49,0.24,N,2,0
43,24,92700,OWN,2.0,EDUCATION,B,2000,9.25,0.02,N,4,0
44,44,58000,RENT,13.0,HOMEIMPROVEMENT,C,15000,14.27,0.26,Y,17,0
45,23,31200,RENT,7.0,MEDICAL,B,2400,11.71,0.08,N,3,0
46,23,90000,MORTGAGE,5.0,PERSONAL,A,12000,6.62,0.13,N,2,0
47,25,39996,RENT,2.0,DEBTCONSOLIDATION,B,8000,12.53,0.2,N,4,0
48,29,44000,MORTGAGE,13.0,EDUCATION,B,10000,11.86,0.23,N,8,1
49,24,82632,RENT,3.0,DEBTCONSOLIDATION,B,10000,12.21,0.12,N,4,0
50,25,40000,RENT,9.0,EDUCATION,A,8000,7.68,0.2,N,4,0
51,38,66000,RENT,5.0,HOMEIMPROVEMENT,B,10000,10.99,0.15,N,13,0
52,27,70000,RENT,9.0,EDUCATION,A,20000,6.54,0.29,N,9,0
53,23,48000,RENT,7.0,MEDICAL,A,8000,8.9,0.17,N,4,1
54,28,90000,MORTGAGE,12.0,EDUCATION,B,6000,9.91,0.07,N,7,0
55,29,34560,RENT,8.0,MEDICAL,E,10000,16.4,0.29,Y,8,1
56,22,40000,MORTGAGE,3.0,PERSONAL,B,12000,10.36,0.3,N,2,0
57,37,60000,MORTGAGE,11.0,VENTURE,A,2000,7.66,0.03,N,17,0
58,24,40000,RENT,1.0,MEDICAL,B,14125,9.91,0.35,N,3,1
59,25,54000,RENT,3.0,DEBTCONSOLIDATION,C,3000,14.26,0.06,Y,3,0
60,26,54000,RENT,1.0,PERSONAL,A,9600,9.32,0.18,N,4,1
61,28,60000,RENT,2.0,VENTURE,A,5500,5.42,0.09,N,5,0
62,28,60000,RENT,5.0,PERSONAL,E,17200,17.06,0.28,Y,8,0
63,22,50000,RENT,5.0,PERSONAL,C,4200,15.23,0.08,Y,2,0
64,23,80000,MORTGAGE,7.0,VENTURE,A,2000,7.51,0.02,N,4,0
65,25,90000,MORTGAGE,2.0,VENTURE,A,15000,9.38,0.17,N,4,0
66,28,120000,MORTGAGE,13.0,VENTURE,C,7200,14.72,0.06,Y,6,0
67,26,30000,RENT,2.0,MEDICAL,A,12000,7.51,0.4,N,4,1
68,31,62900,MORTGAGE,2.0,MEDICAL,D,18000,14.09,0.24,N,5,1
69,24,40000,RENT,3.0,MEDICAL,C,3000,13.22,0.07,N,4,0
70,43,68000,MORTGAGE,0.0,MEDICAL,A,5000,8.9,0.07,N,17,0
71,31,75000,MORTGAGE,4.0,DEBTCONSOLIDATION,A,12000,7.51,0.16,N,8,0
72,27,31200,RENT,1.0,PERSONAL,C,3200,13.11,0.1,Y,6,0
73,24,24000,RENT,4.0,MEDICAL,B,3000,10.95,0.13,N,2,0
74,23,100000,MORTGAGE,7.0,EDUCATION,A,6000,7.74,0.06,N,3,0
75,28,27000,OWN,0.0,PERSONAL,A,12000,7.51,0.44,N,6,0
76,22,70000,MORTGAGE,4.0,DEBTCONSOLIDATION,A,10000,7.29,0.14,N,2,0
77,26,42000,RENT,3.0,VENTURE,B,2000,11.49,0.05,N,2,0
78,46,120000,RENT,0.0,DEBTCONSOLIDATION,B,20000,10.37,0.17,N,14,0
79,24,90000,MORTGAGE,8.0,PERSONAL,A,10000,5.99,0.11,N,2,0
80,26,60000,RENT,2.0,DEBTCONSOLIDATION,B,7000,10.62,0.12,N,3,0
81,30,45600,RENT,6.0,DEBTCONSOLIDATION,A,23500,7.66,0.5,N,8,1
82,24,75000,RENT,3.0,PERSONAL,B,15000,11.49,0.2,N,2,0
83,37,75000,RENT,0.0,PERSONAL,A,10000,6.99,0.13,N,15,0
84,28,70000,RENT,2.0,HOMEIMPROVEMENT,B,16000,12.18,0.23,N,6,0
85,30,74000,MORTGAGE,14.0,DEBTCONSOLIDATION,D,7000,15.62,0.09,N,7,1
86,48,112000,MORTGAGE,21.0,MEDICAL,A,5000,7.9,0.04,N,17,0
87,31,30000,RENT,0.0,VENTURE,A,12000,8.94,0.4,N,6,1
88,23,110000,MORTGAGE,7.0,DEBTCONSOLIDATION,B,6000,11.71,0.05,N,3,0
89,23,42000,RENT,3.0,DEBTCONSOLIDATION,B,3550,11.99,0.08,N,3,0
90,32,65000,MORTGAGE,2.0,VENTURE,D,5000,15.2,0.07,Y,5,0
91,24,225000,RENT,0.0,MEDICAL,C,3000,14.26,0.01,Y,2,0
92,23,150000,MORTGAGE,1.0,VENTURE,B,20000,11.58,0.13,N,4,0
93,27,70000,MORTGAGE,0.0,EDUCATION,C,6000,12.53,0.09,Y,8,0
94,22,33000,RENT,4.0,PERSONAL,B,9800,10.62,0.28,N,4,0
95,36,96000,MORTGAGE,5.0,PERSONAL,A,15000,5.99,0.16,N,12,0
96,28,70000,RENT,9.0,HOMEIMPROVEMENT,B,12000,11.48,0.17,N,10,0
97,25,36000,MORTGAGE,1.0,MEDICAL,A,8000,6.91,0.22,N,2,0
98,29,34000,RENT,9.0,HOMEIMPROVEMENT,D,3000,16.32,0.08,Y,8,1
99,27,70000,RENT,0.0,EDUCATION,B,15000,10.99,0.21,N,7,0
100,41,100000,MORTGAGE,6.0,PERSONAL,B,15000,11.49,0.15,N,16,0
101,25,82000,RENT,7.0,HOMEIMPROVEMENT,B,24000,12.53,0.3,N,3,0
102,23,85000,RENT,3.0,EDUCATION,B,8000,10.25,0.09,N,2,0
103,27,110000,MORTGAGE,3.0,VENTURE,A,15000,8.94,0.14,N,10,0
104,33,46000,MORTGAGE,17.0,PERSONAL,C,6000,12.68,0.13,Y,6,0
105,26,30000,OWN,10.0,MEDICAL,A,6000,5.42,0.2,N,2,0
106,33,95000,MORTGAGE,5.0,DEBTCONSOLIDATION,B,14000,10.65,0.15,N,8,0
107,24,62900,RENT,8.0,MEDICAL,D,18000,14.96,0.24,N,3,1
108,35,80496,OWN,0.0,HOMEIMPROVEMENT,A,20000,6.91,0.25,N,7,0
109,32,76000,RENT,2.0,VENTURE,C,14000,12.61,0.19,N,10,0
110,22,55000,RENT,1.0,EDUCATION,A,8000,7.14,0.15,N,3,0
111,27,106925,MORTGAGE,11.0,MEDICAL,B,19500,10.99,0.18,N,10,0
112,22,65000,RENT,0.0,PERSONAL,A,3000,5.79,0.05,N,3,0
113,31,85000,MORTGAGE,0.0,DEBTCONSOLIDATION,C,6000,13.06,0.07,Y,7,0
114,21,30000,RENT,5.0,HOMEIMPROVEMENT,C,6500,14.27,0.22,N,4,1
115,30,170000,MORTGAGE,3.0,HOMEIMPROVEMENT,A,17500,5.99,0.1,N,8,0
116,28,47000,MORTGAGE,9.0,HOMEIMPROVEMENT,C,4500,13.49,0.1,Y,8,1
117,23,50000,OWN,1.0,EDUCATION,C,2000,12.99,0.04,N,4,0
118,23,120000,RENT,7.0,EDUCATION,B,16000,10.74,0.13,N,2,0
119,22,40000,MORTGAGE,6.0,EDUCATION,B,6000,11.49,0.15,N,2,0
120,35,60000,RENT,2.0,EDUCATION,C,19750,14.27,0.34,Y,5,0
121,24,30000,RENT,3.0,MEDICAL,B,10000,11.14,0.33,N,3,1
122,25,114750,RENT,4.0,MEDICAL,A,6000,7.9,0.05,N,3,1
123,28,54000,MORTGAGE,12.0,PERSONAL,A,12000,6.62,0.22,N,6,0
124,27,30000,RENT,1.0,VENTURE,D,4000,14.84,0.13,Y,7,1
125,23,50000,RENT,1.0,VENTURE,A,3000,7.51,0.06,N,4,0
126,21,31000,RENT,5.0,EDUCATION,B,10000,11.49,0.32,N,2,1
127,23,50000,RENT,7.0,EDUCATION,B,15000,10.99,0.3,N,4,0
128,24,60000,MORTGAGE,8.0,VENTURE,A,6000,8.59,0.1,N,2,0
129,28,78000,RENT,1.0,HOMEIMPROVEMENT,B,24000,10.25,0.31,N,8,1
130,29,79992,MORTGAGE,1.0,DEBTCONSOLIDATION,B,6000,12.53,0.08,N,8,0
131,36,110000,MORTGAGE,8.0,HOMEIMPROVEMENT,A,28000,7.49,0.25,N,17,0
132,32,150000,RENT,16.0,HOMEIMPROVEMENT,A,25000,7.88,0.17,N,9,0
133,24,25000,RENT,0.0,MEDICAL,B,5000,10.99,0.2,N,2,0
134,34,36000,RENT,2.0,DEBTCONSOLIDATION,B,8000,11.49,0.22,N,6,1
135,23,72000,RENT,7.0,MEDICAL,A,15000,7.51,0.21,N,2,0
136,28,42000,RENT,2.0,DEBTCONSOLIDATION,C,4800,15.23,0.11,N,8,0
137,25,44004,RENT,2.0,PERSONAL,D,18250,15.31,0.4,N,2,1
138,28,96000,MORTGAGE,12.0,PERSONAL,B,5000,12.69,0.05,N,6,0
139,26,65000,MORTGAGE,0.0,PERSONAL,B,5200,9.91,0.08,N,2,0
140,26,54833,RENT,6.0,MEDICAL,B,10000,11.36,0.18,N,2,1
141,26,51000,RENT,1.0,VENTURE,A,8400,7.14,0.17,N,4,0
142,23,50000,RENT,3.0,EDUCATION,B,18650,11.71,0.37,N,3,1
143,27,60000,RENT,3.0,MEDICAL,A,3600,5.99,0.06,N,8,0
144,27,200000,MORTGAGE,7.0,EDUCATION,A,24000,7.49,0.12,N,7,0
145,34,54000,MORTGAGE,16.0,MEDICAL,A,5000,6.03,0.09,N,5,0
146,29,47412,MORTGAGE,0.0,EDUCATION,A,6500,8.59,0.14,N,9,0
147,40,63000,MORTGAGE,3.0,EDUCATION,A,4000,6.92,0.06,N,13,0
148,22,55000,MORTGAGE,6.0,MEDICAL,B,2800,11.49,0.05,N,2,0
149,30,56000,MORTGAGE,1.0,DEBTCONSOLIDATION,B,12000,10.46,0.21,N,10,0
150,32,84996,MORTGAGE,7.0,PERSONAL,B,8000,11.99,0.09,N,5,0
151,28,66847,RENT,3.0,PERSONAL,D,10000,16.29,0.15,Y,8,0
152,23,60000,RENT,1.0,EDUCATION,B,12500,11.49,0.21,N,2,0
153,47,52000,MORTGAGE,11.0,HOMEIMPROVEMENT,A,7800,9.07,0.15,N,14,0
154,46,24996,RENT,2.0,PERSONAL,C,5400,13.48,0.21,Y,17,0
155,28,54996,RENT,3.0,MEDICAL,B,5000,10.36,0.09,N,8,0
156,28,86400,MORTGAGE,8.0,MEDICAL,A,12000,5.79,0.14,N,5,0
157,27,65000,MORTGAGE,5.0,VENTURE,A,12000,7.49,0.18,N,10,0
158,32,42000,RENT,1.0,DEBTCONSOLIDATION,B,4000,9.99,0.1,N,7,0
159,23,62500,MORTGAGE,7.0,VENTURE,B,20000,10.25,0.32,N,3,0
160,25,130000,MORTGAGE,5.0,EDUCATION,B,13000,10.75,0.1,N,2,0
161,22,60000,RENT,7.0,MEDICAL,A,6000,7.51,0.1,N,4,0
162,27,40000,RENT,3.0,EDUCATION,B,1850,10.25,0.04,N,7,0
163,26,59000,RENT,2.0,DEBTCONSOLIDATION,D,8000,14.96,0.14,Y,3,1
164,28,55000,MORTGAGE,2.0,VENTURE,B,10800,9.91,0.2,N,5,0
165,23,66000,RENT,0.0,PERSONAL,A,3500,7.14,0.05,N,2,0
166,22,75000,MORTGAGE,4.0,VENTURE,C,15250,11.34,0.2,Y,4,0
167,27,58200,MORTGAGE,1.0,VENTURE,B,14000,10.74,0.24,N,5,0
168,24,117000,RENT,8.0,PERSONAL,C,8000,13.06,0.07,Y,3,0
169,23,70000,MORTGAGE,7.0,DEBTCONSOLIDATION,B,10000,9.99,0.14,N,2,0
170,22,48000,RENT,2.0,EDUCATION,B,3500,11.49,0.07,N,2,0
171,23,88000,MORTGAGE,4.0,EDUCATION,B,15000,10.62,0.17,N,4,0
172,23,35000,RENT,2.0,VENTURE,A,4000,9.32,0.11,N,2,0
173,26,31200,RENT,3.0,EDUCATION,C,2250,13.35,0.07,Y,2,0
174,28,82600,OWN,10.0,PERSONAL,B,20000,10.99,0.24,N,6,0
175,22,54996,MORTGAGE,5.0,DEBTCONSOLIDATION,A,10000,8.94,0.19,N,2,0
176,27,75000,RENT,2.0,VENTURE,B,20000,10.99,0.27,N,10,0
177,30,65000,MORTGAGE,2.0,MEDICAL,A,14000,7.51,0.22,N,9,0
178,24,75000,MORTGAGE,1.0,MEDICAL,B,3600,12.69,0.05,N,4,0
179,26,105000,RENT,3.0,EDUCATION,B,15000,11.86,0.14,N,4,0
180,29,90000,RENT,7.0,MEDICAL,B,12000,12.42,0.13,N,9,0
181,22,38400,MORTGAGE,6.0,DEBTCONSOLIDATION,A,7800,7.9,0.19,N,4,0
182,21,100000,MORTGAGE,2.0,DEBTCONSOLIDATION,B,15000,11.99,0.15,N,3,0
183,28,39000,MORTGAGE,12.0,DEBTCONSOLIDATION,A,6000,6.91,0.15,N,8,0
184,47,65000,MORTGAGE,21.0,VENTURE,D,7000,16.07,0.11,N,17,0
185,22,58000,RENT,0.0,EDUCATION,B,1500,12.18,0.03,N,4,0
186,23,45504,RENT,3.0,EDUCATION,C,8700,13.11,0.18,Y,2,1
187,31,101000,RENT,0.0,HOMEIMPROVEMENT,C,20000,14.22,0.2,N,8,0
188,25,40000,RENT,2.0,EDUCATION,B,1500,11.86,0.04,N,4,0
189,26,102000,MORTGAGE,9.0,DEBTCONSOLIDATION,B,18000,11.49,0.18,N,3,0
190,22,48996,MORTGAGE,4.0,DEBTCONSOLIDATION,A,10000,6.17,0.2,N,4,0
191,28,75000,MORTGAGE,3.0,DEBTCONSOLIDATION,B,24000,10.36,0.32,N,8,0
192,32,80000,OWN,0.0,VENTURE,D,9600,15.31,0.12,N,5,0
193,23,40000,RENT,1.0,MEDICAL,B,3000,12.18,0.07,N,2,0
194,22,39000,MORTGAGE,6.0,MEDICAL,D,3000,15.62,0.08,N,4,1
195,25,57000,MORTGAGE,1.0,DEBTCONSOLIDATION,B,20000,10.99,0.35,N,4,0
196,23,37148,RENT,2.0,DEBTCONSOLIDATION,A,2000,6.39,0.05,N,2,0
197,24,75000,RENT,8.0,PERSONAL,C,10000,13.49,0.13,N,3,0
198,28,95000,MORTGAGE,6.0,VENTURE,C,18000,13.79,0.19,N,8,0
199,22,30000,RENT,0.0,DEBTCONSOLIDATION,C,6000,13.49,0.2,Y,2,0
200,22,90000,MORTGAGE,6.0,EDUCATION,B,14000,10.99,0.16,N,2,0
201,26,75531,RENT,4.0,DEBTCONSOLIDATION,A,12000,7.49,0.17,N,3,0
202,29,75000,MORTGAGE,9.0,PERSONAL,B,8000,11.26,0.11,N,8,0
203,29,110000,MORTGAGE,13.0,PERSONAL,A,10000,7.14,0.09,N,6,0
204,38,35000,RENT,0.0,VENTURE,B,6000,12.21,0.17,N,14,0
205,26,85000,MORTGAGE,10.0,DEBTCONSOLIDATION,B,5500,10.99,0.06,N,2,0
206,23,100000,MORTGAGE,2.0,VENTURE,A,11000,7.66,0.11,N,2,0
207,23,38400,MORTGAGE,7.0,PERSONAL,C,15000,12.99,0.39,N,3,0
208,23,50000,RENT,4.0,DEBTCONSOLIDATION,B,6000,12.42,0.12,N,2,0
209,42,32640,RENT,9.0,VENTURE,B,4800,11.11,0.15,N,13,0
210,25,33000,RENT,2.0,MEDICAL,B,4000,10.25,0.12,N,4,0
211,27,42000,RENT,1.0,PERSONAL,C,4800,12.73,0.11,Y,9,0
212,27,65000,RENT,8.0,PERSONAL,C,10000,13.99,0.15,N,7,0
213,22,50000,RENT,0.0,PERSONAL,E,4000,13.93,0.08,N,4,0
214,23,62000,MORTGAGE,7.0,PERSONAL,B,5000,11.83,0.08,N,4,0
215,26,75000,MORTGAGE,0.0,HOMEIMPROVEMENT,B,15000,11.48,0.2,N,4,0
216,26,42000,RENT,0.0,VENTURE,B,5000,9.99,0.12,N,2,0
217,25,120000,RENT,4.0,DEBTCONSOLIDATION,C,16800,14.26,0.13,Y,3,0
218,24,130000,MORTGAGE,8.0,MEDICAL,B,14500,12.69,0.11,N,2,0
219,24,115000,MORTGAGE,3.0,EDUCATION,A,5000,6.03,0.04,N,3,0
220,27,61500,RENT,3.0,HOMEIMPROVEMENT,C,15000,13.23,0.24,Y,5,0
221,24,42000,RENT,8.0,DEBTCONSOLIDATION,D,5000,14.91,0.12,N,4,1
222,51,82000,MORTGAGE,21.0,PERSONAL,A,10000,6.99,0.12,N,23,0
223,23,95000,RENT,1.0,EDUCATION,B,2400,10.37,0.03,N,4,0
224,31,30000,RENT,0.0,HOMEIMPROVEMENT,B,15000,11.36,0.5,N,8,1
225,24,72000,RENT,8.0,MEDICAL,A,14000,7.88,0.19,N,4,0
226,23,56000,MORTGAGE,7.0,MEDICAL,C,6000,14.27,0.11,N,4,0
227,23,60000,MORTGAGE,7.0,EDUCATION,C,6200,15.96,0.1,N,3,0
228,50,50000,RENT,4.0,VENTURE,B,4000,11.49,0.08,N,15,0
229,28,26785,OWN,3.0,MEDICAL,A,8500,7.9,0.34,N,7,0
230,25,75000,MORTGAGE,5.0,HOMEIMPROVEMENT,B,5000,12.69,0.07,N,2,0
231,27,52800,OWN,3.0,VENTURE,C,14000,11.34,0.27,N,8,0
232,27,62400,MORTGAGE,0.0,PERSONAL,B,12000,10.39,0.19,N,5,0
233,38,132000,MORTGAGE,12.0,HOMEIMPROVEMENT,F,20000,17.46,0.15,N,12,0
234,27,65000,RENT,1.0,MEDICAL,B,12000,12.18,0.18,N,6,0
235,30,44004,RENT,2.0,PERSONAL,B,11000,11.46,0.25,N,8,1
236,29,40000,MORTGAGE,13.0,HOMEIMPROVEMENT,A,8000,8.59,0.2,N,7,0
237,24,50000,RENT,1.0,HOMEIMPROVEMENT,A,10000,6.62,0.2,N,4,0
238,23,55000,RENT,3.0,PERSONAL,C,12000,13.49,0.22,N,4,0
239,25,40000,RENT,5.0,MEDICAL,C,9000,13.61,0.23,Y,3,0
240,22,55000,MORTGAGE,6.0,MEDICAL,A,6800,6.99,0.12,N,4,0
241,40,80750,MORTGAGE,7.0,MEDICAL,D,20000,15.99,0.25,N,15,1
242,23,68000,RENT,4.0,EDUCATION,D,5000,15.05,0.07,N,3,0
243,21,50004,MORTGAGE,5.0,VENTURE,B,3000,11.12,0.06,N,4,0
244,29,78996,RENT,13.0,PERSONAL,D,12000,15.05,0.15,N,8,0
245,25,55000,MORTGAGE,5.0,EDUCATION,B,2000,12.69,0.04,N,3,0
246,27,24000,RENT,0.0,PERSONAL,B,8000,10.95,0.33,N,5,1
247,27,80000,RENT,4.0,PERSONAL,E,6400,16.4,0.08,N,10,1
248,25,45000,OWN,2.0,VENTURE,B,7000,9.88,0.16,N,4,0
249,29,100000,MORTGAGE,6.0,DEBTCONSOLIDATION,C,35000,12.73,0.35,Y,8,0
250,22,60000,RENT,3.0,EDUCATION,A,12000,7.51,0.2,N,3,0
251,37,38400,OWN,8.0,EDUCATION,C,9600,13.61,0.25,Y,17,0
252,24,42000,MORTGAGE,8.0,DEBTCONSOLIDATION,C,6000,13.49,0.14,Y,3,0
253,29,107500,MORTGAGE,11.0,MEDICAL,A,10000,7.9,0.09,N,7,0
254,24,90000,RENT,8.0,PERSONAL,B,16000,10.62,0.18,N,2,0
255,21,83000,MORTGAGE,3.0,EDUCATION,D,12000,15.62,0.14,Y,3,0
256,37,60000,MORTGAGE,2.0,HOMEIMPROVEMENT,A,5000,6.54,0.08,N,13,0
257,33,55000,MORTGAGE,7.0,MEDICAL,B,3200,10.99,0.06,N,10,0
258,38,85000,OWN,3.0,VENTURE,C,10000,14.27,0.12,N,11,0
259,28,42000,RENT,4.0,VENTURE,B,4000,10.74,0.1,N,9,0
260,25,110000,RENT,2.0,VENTURE,B,10000,11.48,0.09,N,4,0
261,32,55000,MORTGAGE,16.0,VENTURE,D,12500,15.7,0.23,N,9,0
262,47,110000,MORTGAGE,11.0,MEDICAL,A,10000,7.51,0.09,N,13,0
263,30,50000,RENT,0.0,MEDICAL,B,10000,10.95,0.2,N,10,0
264,21,43000,MORTGAGE,5.0,VENTURE,A,5000,8.94,0.12,N,3,0
265,39,43200,RENT,1.0,MEDICAL,A,10000,7.49,0.23,N,14,0
266,30,54000,RENT,5.0,VENTURE,B,12000,10.99,0.22,N,5,0
267,30,60000,RENT,3.0,PERSONAL,D,10000,15.33,0.17,N,10,0
268,22,52273,RENT,1.0,EDUCATION,B,4000,10.65,0.08,N,4,0
269,23,65000,RENT,2.0,EDUCATION,C,8000,12.68,0.12,N,3,0
270,26,45000,MORTGAGE,10.0,HOMEIMPROVEMENT,A,8800,8.49,0.19,N,3,0
271,29,88000,RENT,2.0,PERSONAL,A,4000,7.51,0.05,N,7,0
272,27,30000,OWN,2.0,PERSONAL,C,8000,14.26,0.27,Y,10,0
273,24,125000,MORTGAGE,4.0,HOMEIMPROVEMENT,E,30000,19.69,0.24,N,3,0
274,23,60000,RENT,7.0,EDUCATION,A,3000,7.9,0.05,N,2,0
275,22,45000,RENT,4.0,MEDICAL,A,7000,7.51,0.16,N,4,0
276,23,34296,RENT,7.0,DEBTCONSOLIDATION,B,12000,11.89,0.35,N,3,1
277,23,69500,RENT,7.0,VENTURE,C,12000,13.23,0.17,N,4,0
278,34,85000,MORTGAGE,18.0,EDUCATION,B,20000,10.65,0.24,N,10,0
279,27,58000,MORTGAGE,11.0,HOMEIMPROVEMENT,A,3500,7.51,0.06,N,10,0
280,22,50000,RENT,6.0,EDUCATION,B,5000,10.99,0.1,N,4,0
281,37,42000,RENT,11.0,PERSONAL,B,1000,9.76,0.02,N,16,0
282,34,52000,RENT,1.0,HOMEIMPROVEMENT,D,6000,14.59,0.12,Y,10,1
283,30,60000,MORTGAGE,14.0,PERSONAL,B,2000,10.65,0.03,N,6,0
284,31,25000,RENT,1.0,HOMEIMPROVEMENT,C,9250,12.87,0.39,N,6,1
285,27,70000,MORTGAGE,6.0,EDUCATION,A,6000,7.49,0.09,N,9,0
286,24,70000,MORTGAGE,7.0,HOMEIMPROVEMENT,B,16100,11.83,0.23,N,2,0
287,27,85000,MORTGAGE,0.0,PERSONAL,A,10000,7.49,0.12,N,10,0
288,29,42000,MORTGAGE,14.0,EDUCATION,B,3500,10.65,0.08,N,9,0
289,23,120000,MORTGAGE,3.0,VENTURE,A,5000,7.49,0.04,N,4,0
290,27,70000,MORTGAGE,11.0,DEBTCONSOLIDATION,A,5000,7.29,0.07,N,8,0
291,22,65000,MORTGAGE,6.0,EDUCATION,A,10000,6.62,0.15,N,3,0
292,26,85000,RENT,4.0,DEBTCONSOLIDATION,A,9600,7.51,0.11,N,3,0
293,24,75000,MORTGAGE,3.0,MEDICAL,B,10000,9.91,0.13,N,3,0
294,35,50000,MORTGAGE,0.0,DEBTCONSOLIDATION,A,10000,8.0,0.2,N,7,0
295,25,45000,RENT,2.0,VENTURE,B,10000,10.59,0.22,N,3,0
296,25,39204,MORTGAGE,7.0,PERSONAL,A,7000,9.32,0.18,N,2,0
297,30,52500,MORTGAGE,7.0,PERSONAL,A,15000,6.99,0.29,N,6,0
298,31,56000,RENT,1.0,MEDICAL,B,2500,11.49,0.04,N,9,0
299,28,30000,RENT,0.0,PERSONAL,D,7200,16.29,0.24,N,5,1
300,23,100000,MORTGAGE,7.0,VENTURE,A,14000,5.79,0.14,N,4,0
301,23,75000,RENT,1.0,VENTURE,B,1800,11.49,0.02,N,2,0
302,27,28800,OWN,2.0,HOMEIMPROVEMENT,B,3300,10.59,0.11,N,6,0
303,22,40000,RENT,1.0,VENTURE,A,3650,6.91,0.09,N,2,0
304,41,38400,RENT,7.0,DEBTCONSOLIDATION,C,10000,13.49,0.26,N,15,0
305,28,110000,MORTGAGE,11.0,MEDICAL,A,15000,7.88,0.14,N,8,0
306,24,50000,RENT,0.0,VENTURE,B,12500,11.71,0.25,N,2,0
307,23,40000,RENT,0.0,EDUCATION,B,7000,8.88,0.17,N,3,0
308,37,70000,MORTGAGE,0.0,HOMEIMPROVEMENT,B,4000,10.37,0.06,N,17,0
309,23,55000,RENT,7.0,DEBTCONSOLIDATION,B,6000,10.0,0.11,N,2,0
310,25,100300,RENT,9.0,MEDICAL,D,8500,14.84,0.08,N,3,1
311,22,40000,RENT,0.0,PERSONAL,C,16000,13.85,0.4,N,2,1
312,29,60000,RENT,1.0,EDUCATION,A,7500,9.32,0.13,N,6,0
313,23,87360,RENT,3.0,DEBTCONSOLIDATION,B,9800,10.65,0.11,N,4,0
314,26,95000,MORTGAGE,10.0,PERSONAL,B,17000,12.69,0.18,N,2,0
315,32,40000,RENT,2.0,PERSONAL,B,1500,11.71,0.04,N,9,0
316,28,27600,OWN,4.0,MEDICAL,B,6000,11.71,0.22,N,9,0
317,22,42000,OWN,4.0,VENTURE,B,2500,10.59,0.06,N,2,0
318,27,62000,RENT,2.0,DEBTCONSOLIDATION,B,10000,11.86,0.16,N,6,0
319,29,120000,MORTGAGE,4.0,MEDICAL,A,3600,7.49,0.03,N,8,0
320,23,44000,RENT,4.0,EDUCATION,E,8500,16.32,0.19,N,4,1
321,28,110000,MORTGAGE,4.0,HOMEIMPROVEMENT,A,12000,6.99,0.11,N,10,0
322,22,96000,MORTGAGE,6.0,EDUCATION,A,4800,6.92,0.05,N,2,0
323,24,145000,MORTGAGE,8.0,EDUCATION,A,6000,5.79,0.04,N,2,0
324,36,40000,RENT,5.0,VENTURE,B,7000,11.49,0.17,N,14,0
325,33,57000,RENT,17.0,MEDICAL,A,6000,6.76,0.11,N,8,0
326,25,41600,MORTGAGE,2.0,VENTURE,B,13750,10.83,0.32,N,2,0
327,26,46500,MORTGAGE,4.0,DEBTCONSOLIDATION,B,10000,9.45,0.21,N,2,0
328,24,75000,RENT,4.0,HOMEIMPROVEMENT,B,20000,12.69,0.27,N,4,0
329,24,63000,MORTGAGE,8.0,PERSONAL,A,12000,7.9,0.19,N,4,0
330,24,90000,MORTGAGE,8.0,MEDICAL,B,12000,11.71,0.13,N,3,0
331,22,70000,MORTGAGE,6.0,PERSONAL,D,3500,15.99,0.05,Y,3,0
332,28,70000,MORTGAGE,9.0,EDUCATION,A,3000,6.39,0.04,N,8,0
333,23,48000,MORTGAGE,5.0,VENTURE,B,4200,10.59,0.09,N,2,0
334,27,45000,RENT,11.0,EDUCATION,B,7500,10.65,0.17,N,6,0
335,22,53000,RENT,2.0,DEBTCONSOLIDATION,C,6600,13.99,0.12,N,2,0
336,36,45000,MORTGAGE,3.0,MEDICAL,A,6250,5.79,0.14,N,13,0
337,43,105201,MORTGAGE,19.0,VENTURE,C,15000,13.57,0.14,N,11,0
338,40,120000,MORTGAGE,18.0,HOMEIMPROVEMENT,A,6000,6.03,0.05,N,14,0
339,26,58650,MORTGAGE,7.0,PERSONAL,D,5000,14.11,0.07,N,2,1
340,22,45000,MORTGAGE,6.0,VENTURE,A,4800,6.03,0.11,N,2,0
341,25,52000,RENT,2.0,EDUCATION,C,6000,12.87,0.12,Y,2,0
342,28,39500,RENT,4.0,MEDICAL,A,5000,7.49,0.13,N,5,0
343,22,30000,RENT,1.0,VENTURE,B,5000,11.14,0.17,N,4,0
344,24,80000,RENT,0.0,EDUCATION,B,2400,11.36,0.03,N,2,0
345,23,30000,RENT,7.0,HOMEIMPROVEMENT,A,11000,5.79,0.37,N,3,1
346,26,36000,RENT,6.0,EDUCATION,A,13000,5.99,0.36,N,3,1
347,41,67000,MORTGAGE,0.0,PERSONAL,E,10000,17.39,0.15,Y,17,0
348,32,87000,MORTGAGE,4.0,DEBTCONSOLIDATION,A,10000,7.51,0.11,N,6,0
349,23,72000,MORTGAGE,7.0,EDUCATION,A,12000,7.51,0.17,N,4,0
350,33,42000,MORTGAGE,16.0,MEDICAL,A,12000,5.42,0.29,N,5,0
351,29,65000,MORTGAGE,4.0,PERSONAL,D,24000,14.09,0.37,Y,9,0
352,27,70000,MORTGAGE,4.0,MEDICAL,A,10000,6.03,0.14,N,7,0
353,22,45000,MORTGAGE,6.0,VENTURE,A,4200,7.51,0.1,N,3,0
354,28,50000,RENT,6.0,MEDICAL,A,6325,5.42,0.13,N,8,0
355,25,39000,RENT,9.0,MEDICAL,D,6600,14.46,0.17,Y,3,1
356,23,35000,RENT,7.0,EDUCATION,B,5600,12.69,0.16,N,2,0
357,23,48000,RENT,1.0,MEDICAL,B,4000,10.99,0.08,N,3,0
358,24,52000,RENT,5.0,VENTURE,A,10000,5.99,0.19,N,4,0
359,28,30000,RENT,4.0,DEBTCONSOLIDATION,A,8000,8.9,0.27,N,9,1
360,29,51992,MORTGAGE,7.0,PERSONAL,C,15000,13.98,0.29,Y,8,0
361,27,60000,MORTGAGE,7.0,EDUCATION,B,6000,10.99,0.1,N,5,0
362,24,54000,RENT,4.0,HOMEIMPROVEMENT,C,17000,13.99,0.32,Y,4,1
363,24,40000,RENT,0.0,MEDICAL,B,5000,9.99,0.13,N,4,0
364,27,28800,RENT,0.0,VENTURE,A,2800,7.88,0.1,N,6,1
365,24,110000,RENT,8.0,MEDICAL,C,8000,11.22,0.07,Y,3,0
366,29,75000,RENT,1.0,MEDICAL,B,7200,9.99,0.1,N,10,0
367,26,30000,RENT,3.0,MEDICAL,B,6000,10.99,0.2,N,3,0
368,26,55000,MORTGAGE,4.0,VENTURE,A,12500,5.99,0.23,N,2,0
369,29,48000,MORTGAGE,5.0,DEBTCONSOLIDATION,B,5000,10.36,0.1,N,7,0
370,25,28800,OWN,2.0,VENTURE,A,9250,8.9,0.32,N,4,0
371,24,72000,MORTGAGE,7.0,PERSONAL,A,8000,8.49,0.11,N,2,0
372,39,60000,MORTGAGE,9.0,HOMEIMPROVEMENT,D,4000,14.96,0.07,Y,11,0
373,24,90000,MORTGAGE,4.0,EDUCATION,B,5000,10.99,0.06,N,3,0
374,26,69600,MORTGAGE,9.0,VENTURE,A,5000,7.9,0.07,N,3,0
375,27,50000,MORTGAGE,0.0,DEBTCONSOLIDATION,C,5000,13.57,0.1,Y,9,0
376,22,55200,MORTGAGE,7.0,EDUCATION,B,7000,10.65,0.13,N,2,0
377,41,30000,OWN,2.0,PERSONAL,C,8000,14.22,0.27,N,15,0
378,38,29120,RENT,0.0,EDUCATION,B,5000,10.99,0.17,N,11,0
379,26,41600,RENT,3.0,MEDICAL,A,6000,6.03,0.15,N,2,0
380,22,59500,MORTGAGE,5.0,EDUCATION,C,11000,13.57,0.18,N,2,0
381,29,61656,RENT,4.0,VENTURE,B,15000,10.36,0.24,N,5,0
382,26,90000,RENT,2.0,PERSONAL,B,7000,11.71,0.08,N,4,0
383,27,100000,MORTGAGE,1.0,DEBTCONSOLIDATION,A,16000,6.54,0.16,N,6,0
384,25,148080,RENT,0.0,HOMEIMPROVEMENT,C,20000,12.29,0.14,Y,4,0
385,22,40000,RENT,2.0,EDUCATION,B,9000,11.99,0.23,N,3,0
386,33,60000,MORTGAGE,5.0,DEBTCONSOLIDATION,B,12000,11.99,0.2,N,8,0
387,26,20000,RENT,2.0,VENTURE,A,5000,6.99,0.25,N,4,0
388,22,40000,OWN,6.0,VENTURE,A,5600,7.9,0.14,N,4,0
389,26,112689,MORTGAGE,10.0,PERSONAL,B,24000,10.99,0.21,N,3,0
390,30,55000,MORTGAGE,14.0,PERSONAL,A,10000,7.49,0.18,N,5,0
391,22,48000,MORTGAGE,0.0,EDUCATION,C,5400,14.35,0.11,N,3,0
392,26,75000,RENT,10.0,DEBTCONSOLIDATION,C,12000,12.68,0.16,N,4,0
393,26,70000,RENT,8.0,DEBTCONSOLIDATION,C,5000,13.98,0.07,Y,2,0
394,24,58650,RENT,4.0,MEDICAL,D,10000,14.09,0.14,Y,4,1
395,35,33600,RENT,12.0,MEDICAL,A,3000,5.42,0.09,N,7,0
396,22,49000,RENT,0.0,PERSONAL,D,12000,15.31,0.24,Y,3,1
397,30,91800,MORTGAGE,13.0,MEDICAL,B,8400,11.99,0.09,N,8,0
398,24,100000,MORTGAGE,8.0,VENTURE,D,14000,15.62,0.14,N,4,0
399,32,96000,RENT,6.0,EDUCATION,B,17400,11.71,0.18,N,5,0
400,23,26000,RENT,1.0,EDUCATION,D,2400,15.65,0.09,Y,4,1
401,24,99518,MORTGAGE,8.0,PERSONAL,A,8000,7.14,0.08,N,3,0
402,28,75000,RENT,13.0,DEBTCONSOLIDATION,A,10000,6.92,0.13,N,8,0
403,44,120000,MORTGAGE,13.0,VENTURE,B,6000,11.71,0.05,N,13,0
404,50,75000,RENT,0.0,EDUCATION,A,20000,6.91,0.27,N,14,0
405,26,50000,RENT,2.0,MEDICAL,B,5000,10.38,0.1,N,4,0
406,25,69743,MORTGAGE,3.0,VENTURE,B,3000,9.91,0.04,N,4,0
407,28,130000,MORTGAGE,0.0,PERSONAL,D,25000,14.96,0.19,Y,10,0
408,27,57996,RENT,2.0,EDUCATION,B,4000,10.75,0.07,N,6,0
409,23,79650,RENT,3.0,PERSONAL,E,6000,16.32,0.09,N,2,1
410,30,30000,MORTGAGE,4.0,HOMEIMPROVEMENT,B,5500,11.49,0.18,N,6,0
411,26,120000,RENT,0.0,DEBTCONSOLIDATION,B,30000,12.69,0.25,N,2,0
412,26,40000,RENT,7.0,EDUCATION,B,5400,9.99,0.14,N,4,0
413,23,84000,RENT,5.0,EDUCATION,A,6000,8.94,0.07,N,2,0
414,50,37000,MORTGAGE,1.0,PERSONAL,A,7000,8.49,0.19,N,14,1
415,23,60000,MORTGAGE,7.0,EDUCATION,B,5000,11.36,0.08,N,3,0
416,22,32000,RENT,1.0,MEDICAL,B,5000,10.36,0.16,N,2,0
417,21,35004,RENT,0.0,VENTURE,A,11000,8.94,0.31,N,3,0
418,21,50000,OWN,5.0,VENTURE,C,7000,13.47,0.14,N,2,0
419,22,62000,MORTGAGE,0.0,EDUCATION,A,6000,7.51,0.1,N,2,0
420,25,75000,RENT,9.0,MEDICAL,A,9200,6.03,0.12,N,2,0
421,23,55000,RENT,7.0,EDUCATION,A,10000,8.94,0.18,N,2,0
422,25,60000,MORTGAGE,9.0,PERSONAL,A,8000,7.14,0.13,N,2,0
423,46,60000,MORTGAGE,0.0,PERSONAL,B,4800,11.49,0.08,N,16,0
424,25,35000,RENT,1.0,PERSONAL,D,3500,16.29,0.1,N,2,1
425,39,50000,OWN,2.0,PERSONAL,A,16800,7.88,0.32,N,17,0
426,28,70000,MORTGAGE,12.0,DEBTCONSOLIDATION,A,15000,6.03,0.21,N,5,0
427,23,33600,RENT,4.0,EDUCATION,C,4000,13.72,0.12,N,3,0
428,29,65000,MORTGAGE,7.0,PERSONAL,A,5000,7.4,0.08,N,9,0
429,24,70000,RENT,1.0,MEDICAL,C,7000,13.79,0.1,Y,4,0
430,56,50000,RENT,0.0,PERSONAL,C,3000,13.22,0.06,Y,23,0
431,27,120000,MORTGAGE,11.0,HOMEIMPROVEMENT,A,16000,8.94,0.13,N,6,0
432,25,65000,RENT,0.0,EDUCATION,C,6000,13.35,0.09,N,4,0
433,29,25000,RENT,1.0,VENTURE,C,5000,12.84,0.2,N,9,0
434,25,72000,RENT,9.0,HOMEIMPROVEMENT,C,25000,12.99,0.35,Y,4,1
435,31,26400,RENT,5.0,VENTURE,A,6000,8.59,0.23,N,8,0
436,22,45000,RENT,2.0,EDUCATION,B,5000,10.0,0.11,N,2,0
437,34,54990,RENT,1.0,PERSONAL,C,10000,14.72,0.18,Y,6,0
438,26,96000,MORTGAGE,10.0,DEBTCONSOLIDATION,C,10000,12.73,0.1,Y,4,0
439,30,38000,OWN,0.0,MEDICAL,C,13250,12.87,0.36,N,8,0
440,32,35000,OWN,2.0,EDUCATION,B,8000,11.11,0.23,N,6,0
441,44,150000,MORTGAGE,12.0,DEBTCONSOLIDATION,C,21000,13.49,0.14,Y,11,0
442,22,25000,RENT,3.0,DEBTCONSOLIDATION,B,9000,10.99,0.37,N,2,1
443,25,18000,RENT,0.0,MEDICAL,B,1500,11.14,0.08,N,4,0
444,23,66000,MORTGAGE,4.0,EDUCATION,B,10000,10.62,0.15,N,3,0
445,46,60000,RENT,1.0,HOMEIMPROVEMENT,C,4800,12.68,0.08,N,13,0
446,33,40000,MORTGAGE,4.0,PERSONAL,A,10000,7.51,0.25,N,6,0
447,25,30000,RENT,5.0,MEDICAL,A,5000,6.62,0.17,N,2,0
448,27,43000,MORTGAGE,4.0,DEBTCONSOLIDATION,A,6625,7.66,0.15,N,10,0
449,21,25000,OWN,1.0,PERSONAL,B,3000,10.99,0.12,N,3,0
450,46,55900,RENT,2.0,EDUCATION,B,17000,10.37,0.3,N,14,0
451,27,60000,MORTGAGE,6.0,DEBTCONSOLIDATION,A,10000,7.49,0.17,N,7,0
452,26,45000,RENT,1.0,PERSONAL,A,12800,7.51,0.29,N,2,1
453,28,120000,OWN,12.0,PERSONAL,A,15000,6.03,0.12,N,7,0
454,24,116664,RENT,8.0,EDUCATION,B,10000,10.75,0.09,N,3,0
455,26,95000,MORTGAGE,2.0,EDUCATION,B,7000,11.49,0.07,N,4,0
456,24,48000,MORTGAGE,8.0,VENTURE,B,5000,11.36,0.1,N,2,0
457,22,75000,MORTGAGE,2.0,EDUCATION,C,20000,12.73,0.27,N,2,0
458,28,37800,MORTGAGE,5.0,HOMEIMPROVEMENT,A,7000,5.79,0.19,N,8,0
459,28,40000,RENT,3.0,EDUCATION,A,7000,8.0,0.17,N,5,0
460,23,45000,RENT,3.0,EDUCATION,D,8000,15.7,0.18,Y,4,0
461,25,31200,RENT,2.0,DEBTCONSOLIDATION,B,15000,10.71,0.48,N,3,1
462,24,72000,MORTGAGE,8.0,PERSONAL,B,12000,11.89,0.17,N,3,0
463,26,55000,RENT,10.0,VENTURE,B,8000,12.21,0.15,N,4,0
464,38,85000,RENT,3.0,PERSONAL,C,10000,12.87,0.12,Y,17,0
465,23,85000,RENT,7.0,EDUCATION,A,10000,7.88,0.12,N,2,0
466,24,72000,RENT,8.0,PERSONAL,C,15000,12.84,0.21,N,2,0
467,27,120000,RENT,4.0,MEDICAL,D,12000,15.65,0.1,Y,6,0
468,26,58195,RENT,3.0,PERSONAL,B,11000,10.0,0.19,N,4,0
469,26,85000,MORTGAGE,5.0,MEDICAL,A,10000,7.51,0.12,N,2,0
470,28,192000,MORTGAGE,13.0,HOMEIMPROVEMENT,C,20000,13.48,0.11,Y,8,0
471,30,50000,RENT,7.0,VENTURE,A,20000,6.54,0.4,N,7,1
472,21,32000,MORTGAGE,5.0,VENTURE,B,2500,11.99,0.08,N,2,0
473,27,110000,MORTGAGE,5.0,HOMEIMPROVEMENT,C,6000,14.22,0.05,N,10,0
474,23,36000,MORTGAGE,7.0,VENTURE,C,10000,14.27,0.28,N,4,1
475,22,72000,MORTGAGE,6.0,DEBTCONSOLIDATION,A,7500,6.39,0.1,N,4,0
476,41,36000,MORTGAGE,2.0,DEBTCONSOLIDATION,C,5000,12.53,0.14,N,16,0
477,23,95000,MORTGAGE,7.0,DEBTCONSOLIDATION,C,12000,13.11,0.13,Y,2,0
478,23,65000,MORTGAGE,7.0,DEBTCONSOLIDATION,B,10000,10.99,0.15,N,3,0
479,26,32400,RENT,11.0,DEBTCONSOLIDATION,A,4500,8.9,0.14,N,3,0
480,21,30000,RENT,0.0,EDUCATION,A,4500,7.66,0.15,N,2,0
481,23,60000,RENT,5.0,EDUCATION,A,6000,9.32,0.1,N,4,0
482,24,130000,RENT,1.0,VENTURE,C,15000,14.26,0.11,Y,3,0
483,23,60000,OWN,7.0,EDUCATION,C,15000,13.16,0.25,Y,4,0
484,27,60000,RENT,3.0,MEDICAL,C,10000,13.22,0.17,N,9,0
485,22,60000,MORTGAGE,2.0,MEDICAL,B,15000,10.25,0.25,N,4,0
486,24,65004,MORTGAGE,8.0,EDUCATION,A,6000,6.03,0.09,N,2,0
487,56,70000,MORTGAGE,0.0,PERSONAL,A,13000,6.17,0.19,N,24,0
488,33,60000,MORTGAGE,17.0,EDUCATION,A,2500,7.49,0.04,N,5,0
489,24,200100,MORTGAGE,8.0,DEBTCONSOLIDATION,A,30000,7.9,0.15,N,4,0
490,26,42000,RENT,0.0,DEBTCONSOLIDATION,E,7200,16.7,0.17,N,3,1
491,23,98000,OWN,7.0,VENTURE,A,10000,7.9,0.1,N,4,0
492,26,45600,MORTGAGE,5.0,MEDICAL,A,1450,6.76,0.03,N,4,0
493,23,30000,RENT,0.0,EDUCATION,C,7500,11.28,0.25,N,3,0
494,23,70000,RENT,7.0,DEBTCONSOLIDATION,B,7000,12.69,0.1,N,3,0
495,22,80000,OWN,1.0,MEDICAL,B,15000,11.49,0.19,N,3,0
496,26,70000,MORTGAGE,1.0,HOMEIMPROVEMENT,D,4000,15.7,0.06,N,3,0
497,30,54000,RENT,8.0,PERSONAL,C,10000,13.99,0.19,Y,10,0
498,28,38500,MORTGAGE,5.0,DEBTCONSOLIDATION,A,7000,5.42,0.18,N,9,0
499,29,54000,MORTGAGE,13.0,PERSONAL,C,10000,12.73,0.19,N,9,0
500,26,120000,RENT,5.0,MEDICAL,B,10000,11.49,0.08,N,3,0
501,42,44964,RENT,2.0,EDUCATION,A,5600,8.94,0.12,N,11,0
502,22,38000,MORTGAGE,4.0,VENTURE,A,7800,7.9,0.19,N,2,0
503,27,140000,MORTGAGE,3.0,MEDICAL,B,8000,11.49,0.06,N,10,0
504,30,36000,RENT,2.0,MEDICAL,C,5000,12.68,0.14,N,9,0
505,27,45000,MORTGAGE,6.0,MEDICAL,A,6200,7.29,0.13,N,7,0
506,28,70000,MORTGAGE,5.0,HOMEIMPROVEMENT,B,12500,11.99,0.18,N,5,0
507,22,25200,RENT,2.0,HOMEIMPROVEMENT,B,10000,11.48,0.4,N,2,1
508,21,30000,RENT,0.0,DEBTCONSOLIDATION,F,8500,19.04,0.27,Y,2,1
509,23,36600,MORTGAGE,3.0,EDUCATION,B,3000,10.25,0.08,N,2,0
510,22,30000,RENT,2.0,VENTURE,D,5000,14.42,0.17,N,3,1
511,31,42000,RENT,2.0,MEDICAL,A,8000,8.94,0.19,N,9,0
512,32,45000,RENT,1.0,EDUCATION,B,8000,10.39,0.18,N,6,0
513,39,160000,MORTGAGE,8.0,VENTURE,A,15000,7.88,0.09,N,11,0
514,24,35000,RENT,0.0,MEDICAL,C,8000,13.92,0.23,N,3,0
515,30,54792,RENT,0.0,DEBTCONSOLIDATION,C,5000,13.61,0.09,Y,6,0
516,22,31200,RENT,4.0,PERSONAL,B,6000,9.99,0.19,N,2,0
517,26,58000,MORTGAGE,2.0,VENTURE,C,13000,13.11,0.23,N,2,0
518,25,65000,RENT,6.0,VENTURE,E,15000,15.95,0.23,N,2,0
519,31,56524,RENT,15.0,HOMEIMPROVEMENT,B,25000,9.91,0.37,N,6,1
520,21,45000,MORTGAGE,6.0,DEBTCONSOLIDATION,B,15000,10.59,0.33,N,4,0
521,27,85000,RENT,11.0,DEBTCONSOLIDATION,A,3600,6.99,0.04,N,6,0
522,28,42000,RENT,9.0,VENTURE,B,12000,10.38,0.29,N,10,0
523,25,50000,RENT,9.0,EDUCATION,C,2000,13.79,0.04,N,3,0
524,23,90000,MORTGAGE,7.0,VENTURE,C,6000,12.99,0.07,N,3,0
525,40,45792,RENT,2.0,PERSONAL,D,16000,13.24,0.37,N,14,1
526,24,30000,RENT,0.0,MEDICAL,C,7500,13.23,0.25,N,4,0
527,37,30636,RENT,4.0,MEDICAL,B,10000,10.99,0.33,N,14,1
528,31,58000,MORTGAGE,2.0,MEDICAL,A,3000,5.42,0.05,N,6,0
529,29,67000,RENT,13.0,PERSONAL,C,15900,13.04,0.23,Y,9,0
530,25,53004,RENT,2.0,MEDICAL,B,10000,11.86,0.19,N,4,0
531,22,45900,RENT,6.0,DEBTCONSOLIDATION,C,8400,13.79,0.18,N,2,0
532,22,66800,RENT,3.0,PERSONAL,D,9500,16.29,0.14,Y,2,0
533,36,75000,RENT,2.0,PERSONAL,C,10000,13.49,0.13,N,16,0
534,27,108000,RENT,3.0,HOMEIMPROVEMENT,D,10000,13.12,0.09,N,10,0
535,26,40000,MORTGAGE,7.0,PERSONAL,A,10000,5.99,0.25,N,2,0
536,23,69500,OWN,7.0,VENTURE,B,15000,10.65,0.22,N,4,0
537,22,49000,RENT,6.0,EDUCATION,B,6000,10.36,0.12,N,3,0
538,23,55000,MORTGAGE,4.0,EDUCATION,B,3250,10.62,0.06,N,4,0
539,30,125000,MORTGAGE,7.0,DEBTCONSOLIDATION,B,7200,11.71,0.06,N,8,0
540,23,30000,RENT,3.0,MEDICAL,D,5000,15.99,0.17,Y,3,1
541,29,85000,MORTGAGE,2.0,PERSONAL,B,15000,10.59,0.18,N,8,0
542,25,48000,RENT,5.0,HOMEIMPROVEMENT,B,6000,11.49,0.13,N,4,1
543,26,36000,RENT,3.0,EDUCATION,A,6725,7.9,0.19,N,4,1
544,26,47000,MORTGAGE,10.0,EDUCATION,A,6000,7.14,0.13,N,4,0
545,27,60000,MORTGAGE,6.0,MEDICAL,B,4000,10.65,0.07,N,5,0
546,23,72000,MORTGAGE,3.0,VENTURE,A,10000,7.88,0.14,N,3,0
547,56,51600,RENT,3.0,PERSONAL,B,15000,10.37,0.29,N,20,0
548,25,60000,RENT,9.0,PERSONAL,A,7000,7.14,0.12,N,2,0
549,25,49270,RENT,9.0,HOMEIMPROVEMENT,C,10000,13.22,0.2,Y,4,1
550,24,30000,RENT,2.0,PERSONAL,B,2000,9.99,0.07,N,2,0
551,22,54996,RENT,2.0,DEBTCONSOLIDATION,B,2500,11.12,0.05,N,3,0
552,25,48000,RENT,1.0,EDUCATION,A,4500,7.49,0.09,N,3,0
553,32,80000,MORTGAGE,14.0,HOMEIMPROVEMENT,B,25000,11.12,0.31,N,7,0
554,23,50000,OWN,3.0,PERSONAL,A,4900,8.94,0.1,N,2,0
555,24,60000,OWN,5.0,MEDICAL,A,5000,5.42,0.08,N,2,0
556,22,91800,MORTGAGE,6.0,MEDICAL,D,16800,15.62,0.17,Y,4,1
557,27,140987,MORTGAGE,5.0,MEDICAL,A,6450,5.99,0.05,N,11,0
558,22,43000,RENT,7.0,EDUCATION,C,10000,14.65,0.23,N,4,0
559,25,110000,MORTGAGE,0.0,VENTURE,A,6000,8.49,0.05,N,4,0
560,30,48000,MORTGAGE,5.0,VENTURE,B,2500,11.99,0.05,N,5,0
561,23,24000,RENT,7.0,DEBTCONSOLIDATION,D,3500,14.11,0.14,Y,3,1
562,31,47000,RENT,0.0,PERSONAL,A,6000,9.63,0.13,N,6,1
563,31,55000,RENT,3.0,PERSONAL,A,7500,6.03,0.14,N,9,0
564,25,55000,RENT,2.0,MEDICAL,A,10000,7.88,0.18,N,4,0
565,32,30000,RENT,0.0,PERSONAL,B,7000,9.99,0.23,N,6,1
566,29,36000,RENT,3.0,DEBTCONSOLIDATION,B,12000,11.36,0.33,N,6,1
567,27,25200,RENT,2.0,EDUCATION,C,8000,13.23,0.32,N,9,1
568,22,65000,RENT,0.0,PERSONAL,C,10000,13.49,0.15,N,3,0
569,38,80000,MORTGAGE,9.0,HOMEIMPROVEMENT,B,21000,10.59,0.26,N,12,0
570,38,130000,MORTGAGE,1.0,VENTURE,B,30000,9.91,0.23,N,16,0
571,26,65000,MORTGAGE,10.0,PERSONAL,A,9600,7.49,0.15,N,3,0
572,23,40000,OWN,2.0,MEDICAL,B,5000,12.53,0.13,N,3,0
573,30,44000,RENT,2.0,MEDICAL,C,3500,12.23,0.08,Y,9,0
574,24,38400,RENT,2.0,EDUCATION,A,4500,7.88,0.11,N,3,0
575,22,75000,RENT,1.0,EDUCATION,B,8000,12.53,0.11,N,2,0
576,29,120000,MORTGAGE,13.0,MEDICAL,A,10000,7.29,0.08,N,9,0
577,29,88000,RENT,2.0,EDUCATION,A,10000,6.54,0.11,N,10,0
578,23,42500,MORTGAGE,8.0,EDUCATION,B,8000,12.21,0.19,N,3,0
579,22,45000,RENT,3.0,PERSONAL,A,5200,6.99,0.12,N,3,0
580,24,24996,OWN,0.0,EDUCATION,B,5000,12.69,0.2,N,2,0
581,32,30000,RENT,7.0,PERSONAL,B,7500,12.42,0.25,N,5,0
582,22,30996,RENT,2.0,DEBTCONSOLIDATION,A,1500,7.05,0.05,N,2,0
583,22,250000,MORTGAGE,4.0,EDUCATION,A,10000,7.51,0.04,N,3,0
584,23,102000,MORTGAGE,7.0,DEBTCONSOLIDATION,C,7000,11.66,0.07,N,3,0
585,31,42500,RENT,0.0,MEDICAL,B,3500,9.99,0.08,N,7,0
586,24,100800,MORTGAGE,6.0,VENTURE,B,12000,12.67,0.12,N,3,0
587,27,55000,RENT,3.0,DEBTCONSOLIDATION,C,7500,13.22,0.14,N,5,0
588,22,60000,MORTGAGE,6.0,VENTURE,A,3000,7.66,0.05,N,2,0
589,29,60000,RENT,2.0,HOMEIMPROVEMENT,C,12000,12.23,0.2,Y,8,0
590,23,45000,RENT,0.0,PERSONAL,A,8000,8.94,0.18,N,3,0
591,24,75000,MORTGAGE,8.0,EDUCATION,A,4000,7.29,0.05,N,3,0
592,32,30000,RENT,4.0,MEDICAL,A,5000,7.9,0.17,N,9,0
593,32,60000,RENT,2.0,PERSONAL,C,12000,13.22,0.2,N,6,0
594,24,45000,OWN,5.0,VENTURE,A,5000,7.88,0.11,N,3,0
595,22,60000,MORTGAGE,6.0,EDUCATION,A,12000,7.9,0.2,N,4,0
596,23,100000,MORTGAGE,6.0,EDUCATION,A,12000,8.94,0.12,N,2,0
597,60,45000,RENT,1.0,PERSONAL,C,8000,12.99,0.18,N,21,0
598,22,50000,RENT,6.0,EDUCATION,C,6000,12.53,0.12,Y,2,0
599,31,70000,MORTGAGE,4.0,VENTURE,A,10000,7.49,0.14,N,6,0
600,23,42000,RENT,3.0,DEBTCONSOLIDATION,A,4500,7.51,0.11,N,4,0
601,29,52000,MORTGAGE,7.0,DEBTCONSOLIDATION,B,10000,10.99,0.19,N,9,0
602,43,36000,MORTGAGE,0.0,MEDICAL,A,5000,5.42,0.14,N,17,0
603,25,62000,RENT,0.0,PERSONAL,D,7500,15.05,0.12,N,3,1
604,35,57768,MORTGAGE,5.0,PERSONAL,B,13000,10.37,0.22,N,6,0
605,22,45000,OWN,2.0,EDUCATION,A,4200,5.79,0.1,N,3,0
606,24,85000,MORTGAGE,0.0,VENTURE,A,8000,5.99,0.1,N,4,0
607,24,133000,MORTGAGE,3.0,HOMEIMPROVEMENT,A,3000,8.0,0.02,N,2,0
608,24,99996,MORTGAGE,8.0,EDUCATION,A,10000,5.42,0.1,N,4,0
609,23,34000,MORTGAGE,7.0,DEBTCONSOLIDATION,D,10000,14.54,0.29,N,2,1
610,49,110000,MORTGAGE,11.0,PERSONAL,A,3600,6.03,0.03,N,15,0
611,28,42000,RENT,2.0,VENTURE,B,5000,10.59,0.12,N,7,0
612,23,51996,MORTGAGE,6.0,VENTURE,A,6000,7.88,0.12,N,2,0
613,23,39000,RENT,1.0,EDUCATION,C,12000,13.22,0.31,Y,3,1
614,31,75000,MORTGAGE,5.0,EDUCATION,B,15000,11.99,0.2,N,10,0
615,38,36000,MORTGAGE,3.0,DEBTCONSOLIDATION,A,9000,5.99,0.25,N,16,0
616,22,60000,MORTGAGE,6.0,MEDICAL,B,10000,11.12,0.17,N,3,0
617,24,62800,RENT,5.0,MEDICAL,E,20000,17.04,0.32,N,2,1
618,22,82500,MORTGAGE,6.0,VENTURE,A,11500,7.51,0.14,N,3,0
619,25,70000,RENT,4.0,EDUCATION,C,20000,14.27,0.29,N,4,0
620,23,50000,MORTGAGE,7.0,DEBTCONSOLIDATION,A,8000,7.9,0.16,N,3,0
621,23,38220,MORTGAGE,7.0,MEDICAL,B,14400,10.99,0.4,N,4,0
622,23,50000,RENT,5.0,PERSONAL,A,10000,7.88,0.2,N,4,0
623,30,110000,RENT,14.0,MEDICAL,A,12000,8.94,0.11,N,6,0
624,23,60000,RENT,7.0,EDUCATION,A,7000,7.14,0.12,N,2,0
625,23,56000,RENT,3.0,VENTURE,B,9500,9.7,0.17,N,3,0
626,24,45000,MORTGAGE,8.0,HOMEIMPROVEMENT,A,12000,6.62,0.27,N,4,0
627,31,75000,MORTGAGE,6.0,DEBTCONSOLIDATION,A,15000,6.03,0.2,N,8,0
628,30,50000,RENT,2.0,VENTURE,C,4000,12.53,0.08,N,10,0
629,23,70000,RENT,1.0,DEBTCONSOLIDATION,A,3600,7.49,0.05,N,3,0
630,25,75000,OWN,9.0,VENTURE,A,10000,9.63,0.13,N,3,0
631,32,40000,RENT,16.0,EDUCATION,A,8000,7.29,0.2,N,8,0
632,32,83000,MORTGAGE,4.0,EDUCATION,D,25000,15.95,0.3,Y,9,0
633,29,42000,RENT,0.0,PERSONAL,D,14000,14.96,0.35,N,7,1
634,24,88296,MORTGAGE,8.0,HOMEIMPROVEMENT,B,15000,11.58,0.17,N,4,0
635,33,65000,RENT,2.0,HOMEIMPROVEMENT,B,3200,11.71,0.05,N,5,0
636,24,56000,RENT,2.0,MEDICAL,C,9000,12.87,0.16,N,2,0
637,29,50000,OWN,13.0,VENTURE,A,20000,6.54,0.4,N,9,0
638,30,50000,MORTGAGE,6.0,DEBTCONSOLIDATION,B,4000,10.25,0.08,N,9,0
639,23,45000,RENT,3.0,MEDICAL,B,10000,10.37,0.22,N,3,0
640,33,60000,RENT,0.0,DEBTCONSOLIDATION,A,3000,7.29,0.05,N,7,0
641,29,70000,MORTGAGE,10.0,HOMEIMPROVEMENT,C,10000,14.26,0.14,Y,8,0
642,21,57000,RENT,3.0,EDUCATION,A,13000,5.42,0.23,N,4,0
643,31,140000,RENT,2.0,VENTURE,A,8400,6.99,0.06,N,10,0
644,31,172000,MORTGAGE,4.0,HOMEIMPROVEMENT,A,15000,6.91,0.09,N,9,0
645,31,83500,RENT,3.0,VENTURE,B,3500,11.83,0.04,N,5,0
646,28,70000,MORTGAGE,12.0,EDUCATION,A,3500,6.62,0.05,N,7,0
647,21,140000,MORTGAGE,5.0,DEBTCONSOLIDATION,A,18000,6.91,0.13,N,3,0
648,26,60000,MORTGAGE,6.0,PERSONAL,A,12000,7.29,0.2,N,2,0
649,38,65000,RENT,3.0,DEBTCONSOLIDATION,C,3100,13.49,0.05,Y,17,0
650,22,50000,MORTGAGE,6.0,VENTURE,A,6000,7.9,0.12,N,3,0
651,26,66300,RENT,4.0,DEBTCONSOLIDATION,A,6000,6.92,0.09,N,3,0
652,43,56100,RENT,0.0,MEDICAL,C,20000,13.47,0.39,N,16,1
653,22,40000,RENT,0.0,EDUCATION,A,6000,6.17,0.15,N,4,0
654,21,40000,RENT,5.0,EDUCATION,A,5000,7.88,0.13,N,2,0
655,28,29000,RENT,3.0,PERSONAL,B,4000,10.95,0.14,N,8,0
656,27,50000,RENT,2.0,DEBTCONSOLIDATION,C,3600,14.35,0.07,Y,10,0
657,24,56920,RENT,8.0,MEDICAL,D,4000,15.05,0.07,Y,3,1
658,22,65000,RENT,6.0,DEBTCONSOLIDATION,A,10000,6.03,0.15,N,2,0
659,44,35000,RENT,5.0,MEDICAL,A,8000,8.9,0.23,N,14,0
660,32,60000,RENT,16.0,VENTURE,C,6000,14.27,0.1,Y,10,0
661,21,50000,MORTGAGE,3.0,DEBTCONSOLIDATION,A,7000,7.51,0.14,N,4,0
662,22,50000,MORTGAGE,6.0,VENTURE,A,5000,6.62,0.1,N,4,0
663,26,20000,RENT,4.0,MEDICAL,A,5000,8.59,0.25,N,3,0
664,23,60000,RENT,1.0,EDUCATION,B,18000,10.75,0.3,N,4,0
665,22,80000,MORTGAGE,4.0,EDUCATION,A,7000,7.14,0.09,N,4,0
666,25,51360,RENT,5.0,VENTURE,B,10000,12.42,0.19,N,4,0
667,27,120000,MORTGAGE,7.0,MEDICAL,B,25000,10.99,0.21,N,6,0
668,23,98000,MORTGAGE,7.0,HOMEIMPROVEMENT,A,10000,6.62,0.1,N,2,1
669,22,50000,RENT,6.0,DEBTCONSOLIDATION,B,10000,12.69,0.2,N,4,0
670,24,49700,RENT,0.0,MEDICAL,B,6000,10.37,0.12,N,3,0
671,58,60000,RENT,0.0,PERSONAL,C,8000,13.57,0.13,N,21,0
672,23,95000,MORTGAGE,1.0,VENTURE,B,2400,9.91,0.03,N,4,0
673,26,68000,MORTGAGE,5.0,EDUCATION,A,5000,7.51,0.07,N,3,0
674,32,65000,MORTGAGE,3.0,VENTURE,B,13750,9.88,0.22,N,6,0
675,28,72000,MORTGAGE,6.0,DEBTCONSOLIDATION,A,6000,5.42,0.08,N,6,0
676,29,90000,MORTGAGE,13.0,DEBTCONSOLIDATION,B,14400,11.99,0.16,N,7,0
677,30,100000,MORTGAGE,7.0,EDUCATION,A,1200,8.32,0.01,N,8,0
678,24,80000,MORTGAGE,8.0,VENTURE,B,5000,11.99,0.06,N,3,0
679,24,138000,RENT,2.0,PERSONAL,B,14000,12.69,0.1,N,4,1
680,23,64000,RENT,1.0,HOMEIMPROVEMENT,D,9000,15.57,0.14,Y,2,1
681,34,29120,RENT,1.0,VENTURE,B,5500,11.11,0.19,N,5,0
682,22,36996,RENT,1.0,MEDICAL,A,10000,5.99,0.27,N,3,0
683,22,70000,RENT,3.0,EDUCATION,D,8000,16.29,0.11,Y,2,0
684,30,40000,RENT,0.0,VENTURE,B,12000,10.25,0.3,N,9,0
685,27,96000,MORTGAGE,1.0,DEBTCONSOLIDATION,A,9000,5.99,0.09,N,9,0
686,30,52000,RENT,5.0,HOMEIMPROVEMENT,C,7000,12.98,0.13,N,8,0
687,27,70000,RENT,5.0,MEDICAL,B,5000,10.39,0.07,N,5,0
688,25,73000,MORTGAGE,2.0,PERSONAL,B,10000,9.88,0.14,N,2,0
689,36,21600,MORTGAGE,0.0,MEDICAL,A,6000,7.88,0.28,N,17,0
690,22,65000,RENT,6.0,DEBTCONSOLIDATION,B,9600,12.42,0.15,N,2,0
691,22,30000,RENT,6.0,MEDICAL,A,6000,7.51,0.2,N,2,0
692,33,30000,MORTGAGE,6.0,PERSONAL,B,10000,10.65,0.33,N,10,0
693,26,125000,RENT,7.0,MEDICAL,A,8000,7.29,0.06,N,4,0
694,28,60000,OWN,11.0,HOMEIMPROVEMENT,A,4000,7.9,0.07,N,8,0
695,25,57000,RENT,3.0,HOMEIMPROVEMENT,D,20000,14.54,0.36,N,4,1
696,24,67000,RENT,3.0,VENTURE,D,10400,15.21,0.15,N,4,0
697,22,48000,MORTGAGE,0.0,EDUCATION,A,3500,8.94,0.07,N,2,0
698,31,70000,RENT,0.0,HOMEIMPROVEMENT,B,19200,12.69,0.28,N,9,0
699,30,76500,MORTGAGE,19.0,MEDICAL,A,14750,6.62,0.2,N,8,0
700,26,52000,RENT,10.0,PERSONAL,B,16000,12.69,0.31,N,4,1
701,27,63945,RENT,6.0,VENTURE,A,3500,7.9,0.05,N,9,0
702,24,58000,RENT,8.0,VENTURE,B,14000,10.38,0.24,N,2,0
703,24,53408,MORTGAGE,8.0,EDUCATION,A,1400,8.9,0.03,N,2,0
704,32,33000,RENT,2.0,DEBTCONSOLIDATION,D,7000,14.96,0.21,Y,9,1
705,37,60000,RENT,1.0,MEDICAL,C,5000,12.87,0.08,Y,16,0
706,30,60000,RENT,3.0,PERSONAL,C,7000,12.68,0.12,Y,7,0
707,25,40000,RENT,5.0,DEBTCONSOLIDATION,A,5000,7.29,0.13,N,2,0
708,40,110000,RENT,5.0,PERSONAL,A,14000,5.42,0.13,N,11,0
709,38,38000,MORTGAGE,2.0,VENTURE,A,6000,5.99,0.16,N,11,0
710,27,63000,MORTGAGE,6.0,MEDICAL,A,5250,5.99,0.09,N,10,0
711,37,30000,RENT,0.0,VENTURE,A,5000,9.32,0.17,N,15,0
712,21,38400,MORTGAGE,5.0,EDUCATION,D,3500,15.65,0.09,N,4,0
713,37,90000,MORTGAGE,21.0,VENTURE,B,4000,11.71,0.04,N,17,0
714,21,30000,RENT,4.0,PERSONAL,C,5000,10.78,0.17,N,3,0
715,26,58125,MORTGAGE,0.0,PERSONAL,A,3000,7.51,0.05,N,3,0
716,22,32000,OWN,1.0,VENTURE,C,15000,13.48,0.47,N,4,0
717,28,75000,MORTGAGE,9.0,PERSONAL,B,6000,10.62,0.08,N,5,0
718,22,62000,MORTGAGE,6.0,PERSONAL,A,10000,6.99,0.16,N,3,0
719,27,75000,OWN,7.0,EDUCATION,B,12000,12.69,0.16,N,10,0
720,32,100000,RENT,4.0,DEBTCONSOLIDATION,C,14400,13.85,0.14,Y,10,0
721,39,30000,MORTGAGE,14.0,EDUCATION,A,3000,7.51,0.1,N,12,0
722,22,62000,RENT,5.0,EDUCATION,A,6200,7.29,0.1,N,4,0
723,27,50000,RENT,1.0,MEDICAL,C,8000,12.87,0.16,N,9,0
724,24,72400,MORTGAGE,4.0,EDUCATION,C,25000,13.85,0.35,N,4,0
725,28,61000,RENT,0.0,HOMEIMPROVEMENT,E,20000,14.7,0.33,N,7,1
726,25,75996,MORTGAGE,9.0,HOMEIMPROVEMENT,A,10000,7.74,0.13,N,2,0
727,27,44000,RENT,3.0,EDUCATION,A,2000,7.66,0.05,N,5,0
728,27,62200,RENT,8.0,PERSONAL,B,15000,12.21,0.24,N,9,0
729,22,25000,MORTGAGE,7.0,EDUCATION,C,14000,12.84,0.05,Y,2,1
730,33,130000,MORTGAGE,12.0,HOMEIMPROVEMENT,B,15000,10.0,0.12,N,9,0
731,22,100000,RENT,0.0,PERSONAL,C,14400,13.61,0.14,N,2,0
732,24,40000,RENT,4.0,VENTURE,A,10000,7.49,0.25,N,3,0
733,28,24000,RENT,1.0,DEBTCONSOLIDATION,D,1000,16.29,0.04,N,8,1
734,22,120000,RENT,2.0,EDUCATION,C,10000,13.16,0.08,Y,2,0
735,29,40000,MORTGAGE,4.0,DEBTCONSOLIDATION,D,10000,15.95,0.25,N,9,1
736,22,14400,OWN,0.0,MEDICAL,A,1200,7.74,0.08,N,4,0
737,25,56000,RENT,0.0,PERSONAL,B,4800,11.49,0.09,N,3,0
738,23,100000,MORTGAGE,3.0,VENTURE,C,5000,13.57,0.05,Y,2,0
739,29,19200,RENT,1.0,VENTURE,C,4000,14.35,0.21,Y,5,1
740,25,57000,RENT,3.0,HOMEIMPROVEMENT,C,20000,14.27,0.35,N,2,1
741,22,51600,RENT,1.0,VENTURE,D,3000,16.29,0.06,Y,2,1
742,32,50000,RENT,0.0,HOMEIMPROVEMENT,C,5275,12.53,0.11,N,10,0
743,30,60000,MORTGAGE,14.0,DEBTCONSOLIDATION,B,5100,11.12,0.09,N,5,0
744,23,108000,RENT,3.0,VENTURE,D,35000,15.62,0.32,N,2,1
745,28,76000,RENT,2.0,DEBTCONSOLIDATION,C,8200,13.11,0.11,Y,7,0
746,23,100000,MORTGAGE,17.0,PERSONAL,A,17000,7.49,0.17,N,3,0
747,24,41000,RENT,2.0,MEDICAL,B,5000,9.25,0.12,N,3,0
748,31,65000,RENT,4.0,PERSONAL,C,12000,14.27,0.18,Y,6,0
749,24,70000,OTHER,0.0,DEBTCONSOLIDATION,A,9500,8.07,0.14,N,4,0
750,35,40000,MORTGAGE,2.0,EDUCATION,A,5000,7.51,0.13,N,5,0
751,27,45000,RENT,4.0,PERSONAL,B,4000,10.59,0.09,N,9,0
752,22,48000,RENT,5.0,MEDICAL,E,10000,17.56,0.21,Y,2,1
753,24,15000,RENT,0.0,MEDICAL,B,3000,11.12,0.2,N,4,1
754,30,140000,MORTGAGE,8.0,VENTURE,C,12000,13.49,0.09,Y,5,0
755,27,56400,RENT,1.0,EDUCATION,C,4000,12.23,0.07,Y,9,0
756,22,50000,RENT,6.0,DEBTCONSOLIDATION,B,15000,9.88,0.3,N,4,0
757,37,85000,MORTGAGE,11.0,MEDICAL,B,24000,11.49,0.28,N,13,0
758,24,50000,MORTGAGE,8.0,EDUCATION,B,5000,12.18,0.1,N,3,0
759,28,70000,RENT,0.0,VENTURE,B,3000,10.99,0.04,N,7,0
760,24,39000,RENT,8.0,MEDICAL,B,7500,9.96,0.18,N,3,0
761,29,89000,MORTGAGE,0.0,HOMEIMPROVEMENT,A,14000,7.88,0.16,N,10,0
762,31,60000,RENT,5.0,DEBTCONSOLIDATION,B,15000,11.89,0.25,N,7,0
763,24,40000,MORTGAGE,8.0,DEBTCONSOLIDATION,A,3000,5.99,0.07,N,3,0
764,28,30000,MORTGAGE,7.0,PERSONAL,B,4000,10.99,0.13,N,6,1
765,22,46330,MORTGAGE,6.0,EDUCATION,A,6500,8.59,0.14,N,4,0
766,22,45000,RENT,1.0,MEDICAL,C,2800,13.49,0.06,N,2,0
767,21,44000,MORTGAGE,5.0,EDUCATION,D,8000,15.37,0.18,Y,4,0
768,30,73000,RENT,6.0,EDUCATION,A,10000,8.49,0.14,N,6,0
769,25,24000,RENT,3.0,EDUCATION,B,10000,10.38,0.42,N,4,1
770,26,130000,MORTGAGE,3.0,PERSONAL,A,10000,6.03,0.08,N,3,0
771,28,80000,RENT,5.0,VENTURE,C,4000,13.92,0.05,N,8,0
772,27,57000,RENT,3.0,EDUCATION,B,12800,10.75,0.22,N,8,0
773,28,90000,MORTGAGE,0.0,HOMEIMPROVEMENT,D,10000,15.33,0.11,N,6,0
774,27,130000,MORTGAGE,2.0,PERSONAL,B,8000,11.99,0.06,N,9,0
775,29,33996,RENT,2.0,VENTURE,D,6000,14.96,0.18,Y,10,1
776,36,110000,RENT,1.0,PERSONAL,C,12000,13.48,0.11,Y,15,0
777,22,85000,RENT,0.0,EDUCATION,A,9600,9.32,0.11,N,3,0
778,23,36000,RENT,0.0,MEDICAL,C,1500,13.16,0.04,Y,3,0
779,31,72000,MORTGAGE,15.0,PERSONAL,A,5000,7.14,0.07,N,8,0
780,22,75000,MORTGAGE,6.0,MEDICAL,A,10000,6.03,0.13,N,2,0
781,24,81996,MORTGAGE,3.0,PERSONAL,A,10000,7.88,0.12,N,2,0
782,27,125000,MORTGAGE,1.0,VENTURE,C,20000,13.85,0.16,N,9,0
783,28,55000,OWN,1.0,VENTURE,A,7750,8.94,0.15,N,9,0
784,27,36000,RENT,3.0,PERSONAL,B,5000,10.75,0.14,N,8,0
785,22,60000,RENT,6.0,MEDICAL,B,4000,11.71,0.07,N,4,0
786,30,69000,MORTGAGE,14.0,DEBTCONSOLIDATION,C,14000,13.57,0.2,Y,10,0
787,38,52000,MORTGAGE,0.0,EDUCATION,B,12000,12.53,0.23,N,12,0
788,23,50000,RENT,0.0,DEBTCONSOLIDATION,A,8000,7.14,0.16,N,3,0
789,27,40000,RENT,5.0,EDUCATION,C,8000,12.99,0.2,N,5,0
790,22,69000,MORTGAGE,6.0,EDUCATION,D,8000,14.91,0.12,N,2,1
791,21,50000,RENT,5.0,VENTURE,A,10000,6.03,0.2,N,2,0
792,32,33666,RENT,16.0,HOMEIMPROVEMENT,C,8000,13.98,0.24,Y,10,1
793,26,174000,RENT,5.0,DEBTCONSOLIDATION,A,10000,8.9,0.06,N,3,0
794,29,42996,RENT,4.0,VENTURE,C,6000,14.11,0.14,Y,8,0
795,25,82656,OTHER,10.0,DEBTCONSOLIDATION,C,6000,12.09,0.07,Y,4,0
796,25,50000,MORTGAGE,9.0,PERSONAL,B,5000,9.91,0.1,N,2,0
797,33,75000,RENT,0.0,VENTURE,A,12000,9.63,0.16,N,6,0
798,37,65000,RENT,6.0,PERSONAL,A,9000,9.63,0.14,N,15,0
799,34,87360,RENT,3.0,PERSONAL,C,12000,12.99,0.14,Y,6,0
800,25,60000,MORTGAGE,9.0,HOMEIMPROVEMENT,B,15000,9.63,0.25,N,2,0
801,27,25000,RENT,0.0,PERSONAL,C,10000,13.49,0.4,Y,10,1
802,40,37000,RENT,2.0,VENTURE,B,5000,9.99,0.14,N,11,0
803,30,57000,MORTGAGE,8.0,HOMEIMPROVEMENT,B,10500,10.25,0.18,N,10,0
804,29,140000,RENT,2.0,DEBTCONSOLIDATION,C,8400,13.11,0.06,N,9,0
805,22,61754,MORTGAGE,6.0,MEDICAL,D,10000,14.83,0.14,N,3,1
806,23,30000,RENT,2.0,DEBTCONSOLIDATION,C,3000,13.11,0.1,Y,4,1
807,34,50000,MORTGAGE,18.0,DEBTCONSOLIDATION,B,8000,10.71,0.16,N,5,0
808,22,70000,MORTGAGE,6.0,PERSONAL,C,25000,13.49,0.36,Y,4,0
809,36,85000,MORTGAGE,4.0,DEBTCONSOLIDATION,C,7500,13.49,0.09,N,15,0
810,31,20000,RENT,1.0,MEDICAL,B,4000,10.99,0.2,N,10,0
811,37,60000,RENT,0.0,EDUCATION,C,5000,13.8,0.08,N,17,0
812,22,65004,MORTGAGE,5.0,MEDICAL,B,8000,9.99,0.12,N,3,0
813,22,130000,MORTGAGE,4.0,PERSONAL,D,12800,15.7,0.1,Y,3,0
814,31,60000,MORTGAGE,5.0,VENTURE,B,7500,11.49,0.13,N,8,0
815,27,76464,RENT,2.0,EDUCATION,C,10000,13.22,0.13,N,5,0
816,33,30000,OWN,4.0,VENTURE,B,5000,10.38,0.17,N,7,0
817,23,48000,MORTGAGE,8.0,MEDICAL,A,7200,6.99,0.15,N,2,0
818,31,37200,RENT,5.0,MEDICAL,A,9000,6.17,0.24,N,9,0
819,29,120000,RENT,3.0,HOMEIMPROVEMENT,E,25000,17.04,0.21,Y,7,0
820,25,57700,MORTGAGE,9.0,HOMEIMPROVEMENT,A,3600,6.99,0.06,N,4,0
821,25,65800,RENT,6.0,VENTURE,B,17000,11.83,0.25,N,2,0
822,22,33000,MORTGAGE,6.0,PERSONAL,D,5600,15.21,0.17,N,3,0
823,22,36000,RENT,3.0,VENTURE,B,13000,11.14,0.36,N,2,1
824,38,150000,MORTGAGE,4.0,VENTURE,A,12000,7.29,0.08,N,16,0
825,28,44000,RENT,0.0,DEBTCONSOLIDATION,D,5000,15.99,0.11,N,8,1
826,25,63900,MORTGAGE,2.0,VENTURE,D,6200,15.62,0.1,N,2,0
827,29,30000,RENT,6.0,PERSONAL,A,9050,7.29,0.3,N,9,0
828,28,118000,MORTGAGE,3.0,DEBTCONSOLIDATION,B,15000,10.25,0.13,N,9,0
829,27,90000,MORTGAGE,4.0,VENTURE,B,12000,10.65,0.13,N,5,0
830,23,83600,RENT,7.0,PERSONAL,A,15000,8.49,0.19,N,3,1
831,24,54996,RENT,2.0,VENTURE,B,3000,9.96,0.05,N,2,0
832,24,53004,MORTGAGE,3.0,DEBTCONSOLIDATION,C,8400,11.97,0.16,N,2,0
833,23,44004,MORTGAGE,2.0,MEDICAL,A,8000,7.51,0.18,N,3,0
834,29,76000,MORTGAGE,4.0,EDUCATION,A,6625,5.42,0.09,N,6,0
835,22,28800,RENT,2.0,VENTURE,B,2500,10.99,0.09,N,3,0
836,23,52000,RENT,1.0,MEDICAL,C,10000,12.99,0.19,N,2,0
837,24,104000,MORTGAGE,8.0,MEDICAL,C,35000,14.27,0.34,Y,4,0
838,22,40000,MORTGAGE,1.0,MEDICAL,B,7200,9.88,0.18,N,3,0
839,24,72000,RENT,4.0,MEDICAL,B,4800,10.99,0.07,N,3,0
840,31,40000,RENT,5.0,DEBTCONSOLIDATION,C,12000,13.49,0.3,Y,8,0
841,21,42000,RENT,5.0,EDUCATION,A,4000,7.9,0.1,N,4,0
842,22,26000,MORTGAGE,6.0,EDUCATION,A,4500,7.51,0.17,N,3,0
843,22,62000,MORTGAGE,6.0,DEBTCONSOLIDATION,A,6000,5.79,0.1,N,2,0
844,26,80000,MORTGAGE,10.0,VENTURE,B,15000,11.12,0.19,N,2,0
845,22,48000,OWN,2.0,VENTURE,B,8000,11.36,0.17,N,3,0
846,30,120996,MORTGAGE,14.0,DEBTCONSOLIDATION,A,4000,7.14,0.03,N,8,0
847,42,100000,MORTGAGE,1.0,HOMEIMPROVEMENT,C,10000,13.57,0.1,Y,11,0
848,30,43000,RENT,2.0,MEDICAL,B,13000,10.62,0.3,N,8,0
849,24,34000,RENT,4.0,MEDICAL,D,6000,14.42,0.18,N,3,1
850,31,100000,RENT,0.0,VENTURE,B,13000,10.0,0.13,N,8,0
851,25,50000,RENT,3.0,PERSONAL,B,10000,9.99,0.2,N,4,0
852,23,80000,MORTGAGE,4.0,EDUCATION,B,10000,11.99,0.13,N,2,0
853,39,150000,MORTGAGE,1.0,VENTURE,B,20000,11.48,0.13,N,13,0
854,22,30000,RENT,4.0,PERSONAL,D,4800,18.25,0.16,N,4,0
855,27,60000,MORTGAGE,11.0,PERSONAL,A,3500,7.68,0.06,N,9,0
856,37,68000,RENT,1.0,VENTURE,B,15000,11.89,0.22,N,12,0
857,31,65000,RENT,5.0,VENTURE,A,10000,6.03,0.15,N,5,0
858,24,38400,MORTGAGE,3.0,VENTURE,B,3000,12.69,0.08,N,3,0
859,26,75000,RENT,5.0,DEBTCONSOLIDATION,B,7800,10.99,0.11,N,2,0
860,32,90000,MORTGAGE,0.0,PERSONAL,A,3350,5.42,0.03,N,6,0
861,31,48000,MORTGAGE,5.0,VENTURE,B,1000,11.99,0.02,N,10,0
862,24,56000,MORTGAGE,8.0,PERSONAL,D,15000,15.65,0.27,Y,3,1
863,21,30000,MORTGAGE,5.0,DEBTCONSOLIDATION,C,1000,13.79,0.03,Y,2,0
864,29,60000,RENT,13.0,MEDICAL,B,8000,10.99,0.13,N,8,0
865,34,24000,RENT,5.0,VENTURE,B,5500,10.36,0.23,N,5,0
866,36,70000,MORTGAGE,8.0,MEDICAL,A,4000,7.9,0.06,N,12,0
867,27,49000,MORTGAGE,8.0,DEBTCONSOLIDATION,A,6500,6.03,0.14,N,5,0
868,37,114996,MORTGAGE,21.0,PERSONAL,B,4500,11.71,0.04,N,15,0
869,22,33280,RENT,2.0,DEBTCONSOLIDATION,C,8500,13.92,0.25,N,3,0
870,31,68000,RENT,3.0,VENTURE,C,10000,12.99,0.15,Y,7,0
871,33,49500,RENT,0.0,VENTURE,C,15000,15.96,0.3,N,8,0
872,34,96000,RENT,1.0,VENTURE,B,12000,10.99,0.13,N,8,0
873,33,82000,MORTGAGE,3.0,MEDICAL,B,6000,10.99,0.07,N,8,0
874,24,90000,RENT,0.0,VENTURE,A,12000,6.62,0.13,N,3,0
875,24,69996,RENT,3.0,PERSONAL,C,6000,12.29,0.09,Y,2,0
876,23,50000,RENT,8.0,DEBTCONSOLIDATION,C,1200,14.65,0.02,Y,2,0
877,27,29000,RENT,3.0,MEDICAL,D,4000,14.46,0.14,Y,8,1
878,24,85000,MORTGAGE,8.0,HOMEIMPROVEMENT,A,3000,7.9,0.04,N,3,0
879,29,50000,RENT,6.0,PERSONAL,D,7000,14.96,0.14,Y,7,0
880,28,75000,MORTGAGE,2.0,VENTURE,A,4500,6.76,0.06,N,5,0
881,28,65000,OWN,8.0,HOMEIMPROVEMENT,A,10000,6.99,0.15,N,10,0
882,27,140000,MORTGAGE,11.0,MEDICAL,A,25000,8.94,0.18,N,9,0
883,22,50000,RENT,6.0,VENTURE,C,15000,13.06,0.3,Y,3,0
884,30,156000,MORTGAGE,14.0,HOMEIMPROVEMENT,B,15000,10.62,0.1,N,8,0
885,44,105000,MORTGAGE,5.0,HOMEIMPROVEMENT,A,5000,7.88,0.05,N,11,0
886,26,100000,MORTGAGE,10.0,DEBTCONSOLIDATION,A,20000,6.91,0.2,N,2,0
887,22,90000,MORTGAGE,5.0,EDUCATION,A,14000,6.17,0.16,N,2,0
888,24,48000,RENT,4.0,EDUCATION,C,6600,13.49,0.14,N,2,0
889,30,88000,MORTGAGE,7.0,HOMEIMPROVEMENT,D,15000,15.99,0.17,N,5,0
890,23,60000,MORTGAGE,7.0,EDUCATION,A,7000,5.99,0.12,N,4,0
891,23,75000,MORTGAGE,7.0,EDUCATION,B,5000,10.59,0.07,N,2,0
892,26,72000,MORTGAGE,8.0,VENTURE,D,15000,14.74,0.21,Y,3,0
893,37,80000,MORTGAGE,2.0,VENTURE,B,11000,10.99,0.14,N,17,0
894,23,49232,RENT,7.0,EDUCATION,B,8500,9.99,0.17,N,4,0
895,22,43200,RENT,3.0,EDUCATION,B,10000,10.74,0.23,N,4,0
896,31,71884,MORTGAGE,15.0,PERSONAL,B,15000,10.65,0.21,N,10,0
897,23,67000,RENT,3.0,MEDICAL,B,20000,12.21,0.3,N,2,0
898,32,69996,MORTGAGE,5.0,VENTURE,C,6000,13.98,0.09,N,6,0
899,33,24000,RENT,3.0,VENTURE,E,4000,19.03,0.17,Y,10,1
900,24,72000,MORTGAGE,3.0,MEDICAL,B,15000,11.86,0.21,N,3,0
901,26,41600,MORTGAGE,3.0,VENTURE,D,6000,16.07,0.14,N,4,0
902,24,90000,RENT,8.0,PERSONAL,B,7000,10.99,0.08,N,2,0
903,30,18000,RENT,2.0,VENTURE,E,5000,16.32,0.28,Y,9,1
904,22,60000,RENT,2.0,DEBTCONSOLIDATION,B,7000,9.99,0.12,N,3,0
905,23,37440,RENT,3.0,EDUCATION,A,8000,8.49,0.21,N,2,0
906,28,131040,MORTGAGE,0.0,MEDICAL,C,8000,13.35,0.06,Y,5,0
907,23,52800,RENT,4.0,EDUCATION,A,7000,8.59,0.13,N,3,0
908,44,33600,RENT,0.0,VENTURE,B,1000,10.99,0.03,N,11,0
909,22,30000,RENT,1.0,DEBTCONSOLIDATION,C,6000,15.23,0.2,Y,2,0
910,28,20000,RENT,1.0,MEDICAL,A,5000,7.74,0.25,N,8,0
911,27,42000,RENT,0.0,PERSONAL,D,4500,14.61,0.11,Y,5,0
912,27,50004,MORTGAGE,5.0,PERSONAL,D,12000,15.62,0.24,Y,6,0
913,33,82000,RENT,4.0,EDUCATION,B,12000,11.99,0.15,N,9,0
914,25,44000,MORTGAGE,2.0,MEDICAL,A,10000,8.94,0.23,N,2,0
915,24,60000,RENT,3.0,PERSONAL,B,7000,9.99,0.12,N,4,0
916,25,40000,MORTGAGE,9.0,EDUCATION,C,2500,13.49,0.06,N,3,0
917,24,75000,RENT,2.0,VENTURE,B,12000,11.71,0.16,N,2,0
918,26,60000,MORTGAGE,4.0,MEDICAL,A,4800,6.54,0.08,N,3,0
919,30,50000,OWN,14.0,VENTURE,B,6000,10.59,0.12,N,8,0
920,33,30000,RENT,5.0,MEDICAL,B,5000,12.53,0.17,N,7,0
921,25,60000,MORTGAGE,1.0,HOMEIMPROVEMENT,A,10000,6.17,0.17,N,3,0
922,25,135000,MORTGAGE,9.0,HOMEIMPROVEMENT,A,12000,7.88,0.09,N,2,0
923,26,42000,OWN,5.0,EDUCATION,C,10000,13.98,0.24,Y,3,0
924,39,40500,RENT,1.0,PERSONAL,C,8000,14.26,0.2,Y,14,0
925,28,78000,MORTGAGE,1.0,PERSONAL,C,5000,15.96,0.06,Y,9,0
926,32,40000,MORTGAGE,1.0,EDUCATION,A,10000,5.79,0.25,N,10,0
927,24,36000,MORTGAGE,4.0,PERSONAL,A,3000,6.99,0.09,N,2,0
928,23,63000,RENT,7.0,EDUCATION,B,3000,9.91,0.05,N,2,0
929,22,50000,MORTGAGE,6.0,EDUCATION,B,9000,10.65,0.18,N,4,0
930,21,39996,RENT,2.0,EDUCATION,A,2500,7.14,0.06,N,4,0
931,29,63600,RENT,4.0,DEBTCONSOLIDATION,C,12000,13.23,0.19,N,8,1
932,23,85000,MORTGAGE,7.0,EDUCATION,B,35000,10.65,0.39,N,2,0
933,25,54000,RENT,9.0,DEBTCONSOLIDATION,B,5000,10.99,0.09,N,3,0
934,30,180000,MORTGAGE,5.0,PERSONAL,A,14400,6.62,0.08,N,10,0
935,22,56004,RENT,5.0,DEBTCONSOLIDATION,B,10000,11.83,0.18,N,3,0
936,24,54000,MORTGAGE,5.0,DEBTCONSOLIDATION,A,6000,5.42,0.11,N,2,0
937,28,70000,RENT,5.0,EDUCATION,B,25000,10.75,0.36,N,5,1
938,23,35000,RENT,0.0,VENTURE,B,5600,11.11,0.16,N,3,0
939,27,60000,MORTGAGE,6.0,PERSONAL,A,10000,7.49,0.17,N,9,0
940,23,26000,RENT,6.0,PERSONAL,A,2500,6.76,0.1,N,3,0
941,23,37000,RENT,6.0,MEDICAL,A,4500,5.42,0.12,N,4,0
942,23,65000,RENT,7.0,MEDICAL,B,10000,12.69,0.15,N,2,0
943,38,60000,OWN,2.0,MEDICAL,B,10000,12.53,0.17,N,16,0
944,24,75000,RENT,0.0,VENTURE,B,14000,12.42,0.19,N,4,0
945,24,60000,MORTGAGE,6.0,MEDICAL,A,12000,8.94,0.2,N,4,0
946,30,66000,RENT,4.0,PERSONAL,A,5000,6.62,0.08,N,5,0
947,30,95000,MORTGAGE,14.0,HOMEIMPROVEMENT,B,2500,11.49,0.03,N,8,0
948,30,60000,RENT,7.0,VENTURE,D,15000,16.49,0.25,N,5,0
949,23,100000,MORTGAGE,7.0,VENTURE,B,4000,10.65,0.04,N,3,0
950,21,24000,OWN,2.0,PERSONAL,C,3000,14.72,0.13,N,3,0
951,24,60000,MORTGAGE,8.0,EDUCATION,C,9800,13.98,0.16,N,2,0
952,22,57312,RENT,3.0,EDUCATION,C,3000,12.53,0.05,Y,2,0
953,36,30123,RENT,5.0,MEDICAL,B,2000,11.12,0.07,N,14,0
954,43,75000,MORTGAGE,5.0,VENTURE,B,12000,12.69,0.16,N,13,0
955,25,58000,MORTGAGE,5.0,HOMEIMPROVEMENT,B,15000,9.99,0.26,N,2,0
956,21,58951,MORTGAGE,5.0,EDUCATION,A,3000,7.49,0.05,N,4,0
957,30,60000,RENT,2.0,MEDICAL,B,15000,12.21,0.25,N,6,0
958,23,140000,RENT,0.0,DEBTCONSOLIDATION,A,10000,7.68,0.07,N,3,0
959,32,79800,MORTGAGE,11.0,PERSONAL,B,2700,10.99,0.03,N,7,0
960,36,60000,RENT,0.0,EDUCATION,B,19200,10.99,0.31,N,14,1
961,25,60000,MORTGAGE,3.0,MEDICAL,B,8500,10.59,0.14,N,2,0
962,25,45000,RENT,0.0,PERSONAL,B,4000,12.21,0.09,N,3,0
963,39,50000,RENT,5.0,EDUCATION,A,12000,7.51,0.24,N,14,0
964,24,29000,RENT,0.0,PERSONAL,D,11000,14.11,0.38,Y,4,1
965,25,30000,RENT,2.0,MEDICAL,B,5000,11.99,0.17,N,4,0
966,27,89000,MORTGAGE,11.0,HOMEIMPROVEMENT,A,10000,7.49,0.11,N,8,0
967,35,150000,RENT,19.0,PERSONAL,E,35000,18.39,0.23,Y,6,0
968,33,90000,RENT,0.0,MEDICAL,B,6000,12.42,0.07,N,5,0
969,35,200000,RENT,4.0,DEBTCONSOLIDATION,B,20000,10.37,0.1,N,7,0
970,22,77350,RENT,2.0,EDUCATION,B,14400,10.59,0.18,N,4,0
971,29,130000,RENT,5.0,VENTURE,A,15000,7.49,0.12,N,7,0
972,31,83957,RENT,4.0,DEBTCONSOLIDATION,B,14000,11.71,0.16,N,6,0
973,24,42000,RENT,3.0,DEBTCONSOLIDATION,B,6000,10.25,0.14,N,4,0
974,25,84000,RENT,3.0,VENTURE,A,7000,8.49,0.08,N,3,0
975,30,125000,MORTGAGE,3.0,PERSONAL,A,13000,8.38,0.1,N,5,0
976,40,115000,RENT,16.0,EDUCATION,A,9975,7.49,0.09,N,14,0
977,30,90000,MORTGAGE,14.0,HOMEIMPROVEMENT,C,15000,13.61,0.17,Y,6,0
978,26,130000,MORTGAGE,4.0,VENTURE,D,9000,16.77,0.07,Y,2,0
979,24,72000,RENT,3.0,EDUCATION,A,6000,6.76,0.08,N,3,0
980,23,78000,MORTGAGE,7.0,DEBTCONSOLIDATION,A,5000,5.42,0.06,N,4,1
981,24,60000,MORTGAGE,1.0,VENTURE,D,12000,16.77,0.2,N,2,0
982,24,60000,RENT,2.0,VENTURE,C,8000,14.65,0.13,N,3,0
983,28,54000,RENT,12.0,DEBTCONSOLIDATION,D,5000,15.62,0.09,N,9,1
984,31,105000,MORTGAGE,3.0,EDUCATION,A,9600,7.51,0.09,N,6,0
985,23,51000,MORTGAGE,6.0,VENTURE,B,15000,10.99,0.29,N,3,0
986,23,68000,RENT,7.0,EDUCATION,B,18000,10.65,0.26,N,3,0
987,23,39000,RENT,2.0,PERSONAL,B,6000,10.37,0.15,N,3,1
988,22,50000,MORTGAGE,2.0,DEBTCONSOLIDATION,B,11200,10.99,0.22,N,4,0
989,29,40000,RENT,0.0,DEBTCONSOLIDATION,A,3600,5.79,0.09,N,6,0
990,29,55000,RENT,3.0,DEBTCONSOLIDATION,B,5000,10.74,0.09,N,10,0
991,21,37000,RENT,2.0,MEDICAL,C,14000,12.61,0.38,N,3,1
992,26,95000,RENT,1.0,HOMEIMPROVEMENT,D,24250,14.96,0.25,N,4,1
993,32,65000,RENT,1.0,EDUCATION,D,15000,15.65,0.23,N,7,1
994,22,50000,RENT,7.0,EDUCATION,A,6000,7.29,0.12,N,4,0
995,22,45000,RENT,4.0,EDUCATION,A,5000,7.14,0.11,N,3,0
996,23,52000,MORTGAGE,5.0,MEDICAL,A,12000,6.92,0.23,N,4,0
997,23,52000,RENT,8.0,EDUCATION,C,7000,13.47,0.13,Y,2,0
998,22,60000,RENT,2.0,EDUCATION,C,14000,14.27,0.23,N,4,0
999,26,50000,MORTGAGE,5.0,VENTURE,C,4200,12.99,0.09,N,3,0
1000,21,87547,RENT,2.0,VENTURE,C,10000,13.61,0.11,N,4,0
1001,23,50000,OWN,7.0,VENTURE,C,10000,13.61,0.2,Y,4,0
1002,24,60000,OWN,0.0,HOMEIMPROVEMENT,B,14000,11.26,0.23,N,3,0
1003,29,33000,RENT,2.0,VENTURE,C,1500,12.99,0.04,Y,7,0
1004,23,48000,RENT,0.0,EDUCATION,B,3000,12.69,0.06,N,3,0
1005,24,75000,RENT,0.0,PERSONAL,B,5000,10.65,0.07,N,2,0
1006,27,85000,RENT,11.0,VENTURE,B,9000,10.36,0.11,N,8,0
1007,30,44000,RENT,4.0,EDUCATION,C,6400,13.61,0.15,N,5,1
1008,38,59000,MORTGAGE,3.0,PERSONAL,A,6000,5.42,0.1,N,13,0
1009,26,96050,RENT,1.0,MEDICAL,D,3600,15.37,0.03,N,4,1
1010,23,60000,MORTGAGE,6.0,DEBTCONSOLIDATION,A,15000,8.49,0.25,N,4,0
1011,27,40000,RENT,1.0,DEBTCONSOLIDATION,A,4000,5.42,0.1,N,6,0
1012,24,150000,RENT,5.0,DEBTCONSOLIDATION,B,20000,12.69,0.13,N,2,0
1013,25,80000,RENT,9.0,MEDICAL,B,18000,10.59,0.23,N,2,0
1014,24,65000,MORTGAGE,3.0,HOMEIMPROVEMENT,A,10000,5.79,0.15,N,3,0
1015,23,30000,RENT,6.0,EDUCATION,B,5000,8.88,0.17,N,3,0
1016,28,42000,RENT,0.0,MEDICAL,C,6000,12.87,0.14,N,5,0
1017,26,26000,RENT,1.0,MEDICAL,D,4500,15.37,0.17,Y,2,1
1018,40,54000,MORTGAGE,1.0,HOMEIMPROVEMENT,D,2400,17.58,0.04,N,17,1
1019,25,42000,RENT,1.0,PERSONAL,B,3000,11.83,0.07,N,4,0
1020,24,62000,RENT,0.0,DEBTCONSOLIDATION,A,7000,8.0,0.11,N,3,0
1021,22,46000,MORTGAGE,5.0,EDUCATION,A,6000,5.42,0.13,N,4,0
1022,40,84000,RENT,5.0,HOMEIMPROVEMENT,A,7000,6.91,0.08,N,13,0
1023,22,45000,RENT,0.0,EDUCATION,B,15000,11.48,0.33,N,4,1
1024,24,44000,MORTGAGE,8.0,EDUCATION,A,8500,5.42,0.19,N,3,0
1025,30,54000,MORTGAGE,5.0,HOMEIMPROVEMENT,B,15000,10.62,0.28,N,9,1
1026,36,100000,RENT,1.0,DEBTCONSOLIDATION,C,20000,13.06,0.2,N,12,0
1027,25,65000,RENT,7.0,PERSONAL,D,15000,15.65,0.23,Y,4,1
1028,42,39184,RENT,0.0,DEBTCONSOLIDATION,B,5000,10.25,0.13,N,15,0
1029,22,70000,MORTGAGE,6.0,DEBTCONSOLIDATION,A,6000,7.88,0.09,N,4,0
1030,22,60000,RENT,1.0,EDUCATION,C,6000,12.87,0.1,Y,4,0
1031,24,50000,RENT,5.0,VENTURE,A,10000,7.88,0.2,N,3,0
1032,36,80000,RENT,6.0,EDUCATION,A,10000,6.17,0.13,N,15,0
1033,24,60000,RENT,2.0,MEDICAL,B,20000,10.62,0.33,N,3,1
1034,24,52800,MORTGAGE,5.0,PERSONAL,C,4600,14.17,0.09,N,2,0
1035,21,50004,MORTGAGE,0.0,MEDICAL,A,2500,7.51,0.05,N,2,0
1036,23,75000,RENT,1.0,EDUCATION,B,15000,10.37,0.2,N,4,0
1037,22,60000,RENT,4.0,EDUCATION,B,10000,12.42,0.17,N,4,0
1038,23,68400,MORTGAGE,7.0,PERSONAL,B,8000,11.11,0.12,N,4,1
1039,23,59000,MORTGAGE,7.0,EDUCATION,A,3500,5.99,0.06,N,4,0
1040,23,30000,RENT,0.0,VENTURE,C,2000,14.65,0.07,Y,4,0
1041,21,38400,RENT,5.0,EDUCATION,C,10000,13.23,0.26,Y,2,0
1042,23,60000,MORTGAGE,7.0,EDUCATION,B,15000,9.62,0.25,N,2,0
1043,28,36000,MORTGAGE,4.0,VENTURE,A,2000,8.49,0.06,N,9,0
1044,23,69996,RENT,0.0,PERSONAL,D,15000,15.21,0.19,N,4,1
1045,27,53500,RENT,1.0,DEBTCONSOLIDATION,B,1500,12.21,0.03,N,10,0
1046,25,66000,OWN,0.0,DEBTCONSOLIDATION,D,12000,15.58,0.18,N,3,0
1047,31,30000,RENT,3.0,HOMEIMPROVEMENT,A,13000,7.51,0.43,N,6,1
1048,23,48000,RENT,0.0,MEDICAL,B,5000,10.38,0.1,N,2,0
1049,22,60000,RENT,0.0,VENTURE,B,10000,11.71,0.17,N,4,0
1050,26,26000,RENT,6.0,DEBTCONSOLIDATION,C,5000,13.57,0.19,N,3,0
1051,34,75000,RENT,2.0,PERSONAL,C,10000,13.49,0.13,N,7,0
1052,26,60000,RENT,5.0,HOMEIMPROVEMENT,B,2500,9.91,0.04,N,4,0
1053,30,30000,OWN,5.0,VENTURE,B,5000,11.49,0.17,N,8,0
1054,34,76000,MORTGAGE,3.0,DEBTCONSOLIDATION,B,20000,11.26,0.26,N,9,0
1055,23,120000,MORTGAGE,7.0,DEBTCONSOLIDATION,B,6000,10.62,0.05,N,4,0
1056,28,91800,RENT,12.0,MEDICAL,E,14400,16.32,0.13,N,8,1
1057,38,14400,RENT,0.0,PERSONAL,C,3000,14.65,0.21,N,14,1
1058,22,54996,MORTGAGE,4.0,EDUCATION,B,15000,10.38,0.27,N,3,0
1059,26,41000,MORTGAGE,6.0,VENTURE,A,11000,7.49,0.27,N,3,0
1060,29,40000,OWN,0.0,VENTURE,A,5000,7.68,0.13,N,7,0
1061,25,45000,RENT,1.0,EDUCATION,D,1000,16.29,0.02,N,2,1
1062,28,90000,RENT,5.0,MEDICAL,B,10000,12.42,0.11,N,10,0
1063,24,50000,MORTGAGE,1.0,DEBTCONSOLIDATION,B,5000,9.91,0.1,N,2,0
1064,46,63000,RENT,19.0,VENTURE,F,7700,18.78,0.12,N,11,0
1065,21,25200,RENT,1.0,EDUCATION,C,1000,14.27,0.04,Y,2,0
1066,24,62400,MORTGAGE,3.0,VENTURE,C,5000,12.53,0.08,N,2,0
1067,24,63000,OWN,2.0,VENTURE,A,10000,7.51,0.16,N,3,0
1068,24,115000,MORTGAGE,8.0,MEDICAL,A,10000,6.99,0.09,N,2,0
1069,22,80000,MORTGAGE,6.0,VENTURE,B,15000,10.39,0.19,N,4,0
1070,29,52000,RENT,1.0,PERSONAL,B,10000,12.42,0.19,N,6,1
1071,37,58000,RENT,1.0,MEDICAL,E,2500,19.03,0.04,Y,14,1
1072,28,90000,RENT,4.0,EDUCATION,B,12000,10.99,0.13,N,10,0
1073,32,80000,RENT,16.0,PERSONAL,A,35000,8.49,0.44,N,9,0
1074,33,75000,RENT,0.0,HOMEIMPROVEMENT,B,4000,11.12,0.05,N,5,0
1075,33,81804,MORTGAGE,3.0,MEDICAL,A,9000,7.88,0.11,N,5,0
1076,46,34174,RENT,3.0,EDUCATION,A,6500,8.59,0.19,N,15,0
1077,24,36000,RENT,2.0,DEBTCONSOLIDATION,B,4000,10.0,0.11,N,3,1
1078,26,37000,RENT,6.0,MEDICAL,B,8500,10.75,0.23,N,4,1
1079,25,40000,RENT,9.0,PERSONAL,B,6000,8.88,0.15,N,2,0
1080,29,110000,MORTGAGE,13.0,VENTURE,A,8500,6.54,0.08,N,6,0
1081,28,75000,MORTGAGE,12.0,EDUCATION,A,12000,7.88,0.16,N,8,0
1082,34,72000,MORTGAGE,8.0,EDUCATION,A,2500,7.51,0.03,N,5,0
1083,29,120000,RENT,0.0,PERSONAL,C,2000,14.22,0.02,Y,6,0
1084,31,94500,RENT,2.0,HOMEIMPROVEMENT,B,20000,11.89,0.21,N,5,0
1085,27,72000,RENT,0.0,HOMEIMPROVEMENT,B,12000,10.59,0.17,N,10,0
1086,21,37000,OWN,1.0,EDUCATION,A,15000,9.63,0.4,N,2,0
1087,30,60000,RENT,5.0,VENTURE,A,7000,7.14,0.12,N,9,0
1088,23,49000,RENT,0.0,MEDICAL,D,12000,14.61,0.24,N,3,1
1089,24,30000,RENT,8.0,DEBTCONSOLIDATION,D,7000,14.91,0.23,Y,4,1
1090,30,105000,MORTGAGE,4.0,EDUCATION,B,24250,12.18,0.23,N,5,0
1091,26,91800,MORTGAGE,2.0,DEBTCONSOLIDATION,D,25000,16.89,0.23,Y,4,1
1092,35,47000,MORTGAGE,5.0,MEDICAL,A,5300,7.49,0.11,N,7,0
1093,24,54000,RENT,6.0,DEBTCONSOLIDATION,A,6000,7.66,0.11,N,4,0
1094,29,45000,MORTGAGE,11.0,DEBTCONSOLIDATION,B,7200,12.42,0.16,N,9,0
1095,24,50000,RENT,3.0,DEBTCONSOLIDATION,C,12000,12.73,0.24,Y,2,0
1096,25,31000,RENT,4.0,VENTURE,B,9200,11.89,0.31,N,2,1
1097,27,100000,MORTGAGE,4.0,VENTURE,C,10000,13.57,0.1,Y,9,0
1098,37,60000,RENT,3.0,VENTURE,C,5000,13.99,0.08,N,17,0
1099,22,49872,RENT,4.0,DEBTCONSOLIDATION,B,6800,11.58,0.14,N,2,0
1100,30,60000,MORTGAGE,15.0,EDUCATION,B,14000,10.37,0.23,N,6,0
1101,40,60000,RENT,2.0,VENTURE,B,2500,11.49,0.04,N,14,0
1102,24,68004,RENT,4.0,PERSONAL,C,9600,12.23,0.14,Y,4,0
1103,24,57600,RENT,3.0,HOMEIMPROVEMENT,A,3000,5.99,0.05,N,4,0
1104,23,120000,MORTGAGE,2.0,PERSONAL,D,15000,15.2,0.13,N,4,0
1105,28,58000,RENT,2.0,MEDICAL,B,14400,10.65,0.25,N,9,0
1106,26,65000,MORTGAGE,10.0,EDUCATION,A,5000,5.42,0.08,N,2,0
1107,33,160000,MORTGAGE,3.0,VENTURE,B,12000,9.63,0.07,N,8,0
1108,22,60000,MORTGAGE,6.0,PERSONAL,A,12000,6.62,0.2,N,3,0
1109,23,70000,RENT,1.0,EDUCATION,C,14400,13.85,0.21,Y,3,0
1110,22,58000,MORTGAGE,6.0,MEDICAL,A,9500,7.9,0.16,N,2,0
1111,36,30000,RENT,2.0,VENTURE,A,6400,9.32,0.21,N,14,0
1112,21,35000,RENT,5.0,EDUCATION,B,10000,9.63,0.29,N,2,0
1113,24,25000,RENT,8.0,DEBTCONSOLIDATION,A,5000,6.91,0.2,N,4,0
1114,28,30000,OWN,1.0,VENTURE,C,14400,12.98,0.48,Y,6,0
1115,26,40000,OWN,1.0,MEDICAL,C,1500,13.23,0.04,Y,3,0
1116,22,50000,RENT,5.0,MEDICAL,B,4800,10.37,0.1,N,3,0
1117,29,72000,MORTGAGE,2.0,DEBTCONSOLIDATION,A,6000,9.63,0.08,N,6,0
1118,31,60000,RENT,2.0,VENTURE,B,3600,9.99,0.06,N,8,0
1119,23,50000,RENT,5.0,PERSONAL,B,4000,11.49,0.08,N,3,0
1120,24,80000,RENT,2.0,MEDICAL,B,10000,10.25,0.13,N,3,0
1121,24,91000,RENT,0.0,PERSONAL,B,1800,11.49,0.02,N,2,0
1122,24,72000,MORTGAGE,6.0,PERSONAL,A,5000,6.54,0.07,N,2,0
1123,28,60000,MORTGAGE,3.0,EDUCATION,B,20000,10.59,0.33,N,6,0
1124,32,72000,MORTGAGE,0.0,HOMEIMPROVEMENT,B,10000,10.36,0.14,N,6,0
1125,24,55140,RENT,8.0,DEBTCONSOLIDATION,D,10000,16.49,0.18,N,3,1
1126,23,60000,RENT,7.0,DEBTCONSOLIDATION,B,6000,11.36,0.1,N,3,0
1127,23,26000,RENT,0.0,PERSONAL,F,10000,18.62,0.38,N,2,1
1128,25,42000,RENT,2.0,DEBTCONSOLIDATION,A,7000,9.32,0.17,N,4,0
1129,24,37000,RENT,8.0,DEBTCONSOLIDATION,B,3000,11.49,0.08,N,2,0
1130,25,75000,MORTGAGE,4.0,VENTURE,A,12000,5.79,0.16,N,4,0
1131,27,48000,MORTGAGE,0.0,HOMEIMPROVEMENT,B,5000,10.08,0.1,N,6,0
1132,29,38000,MORTGAGE,8.0,DEBTCONSOLIDATION,A,4500,7.14,0.12,N,9,0
1133,24,35004,RENT,9.0,EDUCATION,E,13000,20.69,0.37,Y,2,0
1134,23,90000,RENT,3.0,EDUCATION,B,8000,12.42,0.09,N,2,0
1135,54,84000,MORTGAGE,1.0,VENTURE,F,25000,16.08,0.3,Y,28,1
1136,25,48000,RENT,3.0,VENTURE,F,15500,21.36,0.34,N,3,1
1137,30,155867,MORTGAGE,15.0,MEDICAL,C,25000,13.11,0.16,N,5,0
1138,25,60000,MORTGAGE,3.0,HOMEIMPROVEMENT,D,4800,14.59,0.08,Y,4,0
1139,22,24000,RENT,0.0,MEDICAL,B,12250,11.36,0.51,N,3,1
1140,31,40000,RENT,3.0,VENTURE,B,5000,10.65,0.13,N,5,0
1141,32,75800,MORTGAGE,6.0,HOMEIMPROVEMENT,A,8000,6.54,0.11,N,10,0
1142,24,110000,RENT,8.0,EDUCATION,B,15000,11.49,0.14,N,4,0
1143,34,60000,RENT,0.0,MEDICAL,F,13000,18.25,0.22,N,10,1
1144,29,45000,MORTGAGE,3.0,PERSONAL,A,6000,5.42,0.13,N,9,0
1145,30,80000,RENT,2.0,PERSONAL,B,5000,9.99,0.06,N,8,0
1146,42,32400,RENT,6.0,MEDICAL,D,8400,16.29,0.26,Y,16,1
1147,22,62400,RENT,6.0,PERSONAL,B,5000,10.39,0.08,N,2,0
1148,22,46500,RENT,0.0,VENTURE,A,8500,7.88,0.18,N,2,0
1149,22,25000,RENT,1.0,VENTURE,A,1000,7.4,0.04,N,3,0
1150,25,60000,RENT,0.0,DEBTCONSOLIDATION,A,10000,6.54,0.17,N,3,0
1151,27,70000,MORTGAGE,11.0,HOMEIMPROVEMENT,B,5000,10.74,0.07,N,5,0
1152,29,30000,MORTGAGE,2.0,PERSONAL,A,3000,7.29,0.1,N,10,0
1153,30,33000,RENT,1.0,VENTURE,B,10000,11.12,0.3,N,7,0
1154,28,75000,RENT,6.0,HOMEIMPROVEMENT,B,5000,11.49,0.07,N,9,0
1155,24,33600,OWN,5.0,VENTURE,B,10000,11.12,0.3,N,2,0
1156,24,72000,MORTGAGE,5.0,EDUCATION,A,24000,7.9,0.33,N,3,0
1157,31,120000,MORTGAGE,5.0,PERSONAL,A,12000,5.79,0.1,N,7,0
1158,24,83050,MORTGAGE,6.0,EDUCATION,C,9600,13.49,0.11,Y,4,0
1159,23,65000,MORTGAGE,7.0,VENTURE,A,3000,7.9,0.05,N,3,0
1160,24,69000,RENT,0.0,DEBTCONSOLIDATION,D,3800,15.28,0.06,Y,2,1
1161,40,44000,RENT,2.0,MEDICAL,D,8000,14.91,0.18,Y,14,1
1162,24,43000,MORTGAGE,4.0,VENTURE,B,10000,10.99,0.23,N,3,0
1163,28,85000,MORTGAGE,7.0,PERSONAL,C,8000,12.99,0.09,N,9,0
1164,29,120000,MORTGAGE,0.0,EDUCATION,A,6000,5.42,0.05,N,10,0
1165,21,62316,MORTGAGE,5.0,MEDICAL,A,13000,7.66,0.21,N,2,0
1166,28,36000,RENT,3.0,MEDICAL,B,3600,10.36,0.1,N,7,1
1167,45,38268,RENT,8.0,PERSONAL,C,8400,12.68,0.22,N,11,0
1168,36,60000,MORTGAGE,15.0,DEBTCONSOLIDATION,A,15000,6.03,0.25,N,12,0
1169,37,60000,MORTGAGE,8.0,VENTURE,B,12000,9.91,0.2,N,15,0
1170,27,100000,RENT,3.0,DEBTCONSOLIDATION,A,18500,7.88,0.18,N,8,0
1171,24,64800,MORTGAGE,5.0,DEBTCONSOLIDATION,B,2500,12.69,0.04,N,2,0
1172,31,90000,MORTGAGE,3.0,EDUCATION,B,25000,10.99,0.28,N,6,0
1173,29,50000,MORTGAGE,5.0,DEBTCONSOLIDATION,A,7500,7.29,0.15,N,9,0
1174,29,96000,MORTGAGE,11.0,EDUCATION,B,4800,10.59,0.05,N,6,0
1175,23,54000,MORTGAGE,7.0,EDUCATION,B,4000,9.99,0.07,N,3,0
1176,26,200000,MORTGAGE,10.0,HOMEIMPROVEMENT,A,24000,7.51,0.11,N,4,0
1177,28,96000,MORTGAGE,12.0,MEDICAL,B,14500,11.99,0.15,N,8,0
1178,36,280000,RENT,1.0,DEBTCONSOLIDATION,B,10000,11.71,0.04,N,16,0
1179,30,78300,MORTGAGE,3.0,DEBTCONSOLIDATION,A,5000,6.62,0.07,N,7,0
1180,27,39000,MORTGAGE,5.0,HOMEIMPROVEMENT,A,6000,6.03,0.15,N,10,0
1181,24,65000,RENT,4.0,DEBTCONSOLIDATION,A,3000,7.51,0.05,N,4,0
1182,24,109000,MORTGAGE,3.0,PERSONAL,B,15000,10.59,0.14,N,2,0
1183,22,33000,RENT,3.0,EDUCATION,A,5000,8.49,0.15,N,2,0
1184,25,47000,MORTGAGE,6.0,DEBTCONSOLIDATION,B,2400,9.62,0.05,N,3,0
1185,24,31200,RENT,3.0,VENTURE,B,14000,11.83,0.46,N,2,1
1186,39,35004,RENT,3.0,VENTURE,B,4500,11.49,0.13,N,15,0
1187,24,85000,MORTGAGE,8.0,EDUCATION,B,25000,10.99,0.29,N,3,0
1188,28,48000,RENT,12.0,VENTURE,B,10000,10.59,0.21,N,9,0
1189,23,24000,RENT,3.0,PERSONAL,D,10625,15.65,0.4,N,3,1
1190,24,75500,RENT,4.0,EDUCATION,E,20000,16.77,0.27,N,3,1
1191,35,69000,RENT,3.0,MEDICAL,A,4000,5.79,0.06,N,6,0
1192,31,54000,MORTGAGE,7.0,MEDICAL,A,5000,8.59,0.09,N,5,0
1193,43,46000,MORTGAGE,5.0,MEDICAL,B,7000,9.91,0.15,N,16,0
1194,44,50000,MORTGAGE,2.0,VENTURE,A,6000,7.14,0.12,N,15,0
1195,21,55600,MORTGAGE,5.0,EDUCATION,C,4500,13.22,0.08,Y,4,0
1196,26,88000,MORTGAGE,3.0,DEBTCONSOLIDATION,C,8000,14.72,0.09,N,2,0
1197,25,120000,MORTGAGE,9.0,VENTURE,C,7000,12.99,0.06,N,4,0
1198,28,24000,RENT,0.0,PERSONAL,B,1500,12.21,0.06,N,10,0
1199,31,105000,MORTGAGE,15.0,PERSONAL,B,7000,10.59,0.07,N,10,0
1200,22,70000,MORTGAGE,6.0,VENTURE,C,10000,13.57,0.14,N,4,0
1201,42,80000,RENT,0.0,MEDICAL,A,4000,7.9,0.05,N,14,0
1202,42,54000,RENT,0.0,PERSONAL,A,6000,9.32,0.11,N,15,0
1203,31,120000,MORTGAGE,15.0,PERSONAL,A,4000,7.88,0.03,N,8,0
1204,23,90000,MORTGAGE,7.0,PERSONAL,A,15000,7.88,0.17,N,2,0
1205,38,90000,MORTGAGE,7.0,DEBTCONSOLIDATION,B,12000,10.37,0.13,N,16,0
1206,27,100000,MORTGAGE,3.0,PERSONAL,C,15000,14.65,0.15,N,9,0
1207,27,39996,RENT,0.0,MEDICAL,B,10000,9.99,0.25,N,5,0
1208,24,30000,RENT,0.0,MEDICAL,C,9000,13.85,0.3,Y,2,0
1209,24,100000,MORTGAGE,8.0,DEBTCONSOLIDATION,A,11000,7.49,0.11,N,3,0
1210,41,60000,OWN,6.0,VENTURE,D,10750,14.59,0.18,N,15,0
1211,24,48000,RENT,4.0,DEBTCONSOLIDATION,B,5000,10.59,0.1,N,2,0
1212,28,33000,RENT,2.0,PERSONAL,D,8000,14.96,0.24,Y,8,1
1213,25,38000,RENT,2.0,MEDICAL,B,5000,10.99,0.13,N,4,0
1214,29,130000,RENT,1.0,DEBTCONSOLIDATION,A,14500,9.63,0.11,N,10,0
1215,44,30000,OWN,3.0,EDUCATION,B,4500,11.71,0.15,N,15,0
1216,29,40000,RENT,0.0,EDUCATION,A,8000,8.9,0.2,N,8,0
1217,28,40000,RENT,5.0,EDUCATION,A,12000,7.9,0.3,N,8,0
1218,25,48000,RENT,9.0,MEDICAL,A,7000,7.88,0.15,N,2,0
1219,21,90000,MORTGAGE,5.0,MEDICAL,A,10000,7.51,0.11,N,3,0
1220,38,150000,OWN,0.0,VENTURE,A,7000,8.9,0.05,N,13,0
1221,22,102000,RENT,7.0,VENTURE,C,20000,13.85,0.2,Y,2,0
1222,24,67524,RENT,4.0,PERSONAL,B,10000,9.99,0.15,N,2,1
1223,38,40000,RENT,2.0,DEBTCONSOLIDATION,B,4800,9.96,0.12,N,12,0
1224,34,49000,RENT,3.0,DEBTCONSOLIDATION,D,5000,15.31,0.1,N,9,1
1225,46,105000,MORTGAGE,6.0,VENTURE,A,15000,6.03,0.14,N,15,0
1226,23,65856,RENT,5.0,DEBTCONSOLIDATION,D,20000,15.37,0.31,Y,4,1
1227,38,60000,RENT,3.0,EDUCATION,C,12000,12.73,0.2,N,15,0
1228,23,75000,RENT,7.0,EDUCATION,A,10000,5.99,0.13,N,4,0
1229,34,42000,MORTGAGE,3.0,MEDICAL,C,2000,14.22,0.05,Y,5,0
1230,37,80000,RENT,3.0,VENTURE,B,15000,10.0,0.19,N,15,0
1231,27,55000,RENT,2.0,EDUCATION,B,16500,10.78,0.3,N,7,0
1232,22,48000,RENT,5.0,EDUCATION,C,10000,14.72,0.21,Y,2,0
1233,24,65000,RENT,1.0,DEBTCONSOLIDATION,A,5800,8.0,0.09,N,3,0
1234,22,36000,RENT,6.0,EDUCATION,A,10000,7.9,0.28,N,2,0
1235,29,75000,MORTGAGE,5.0,HOMEIMPROVEMENT,D,6400,15.21,0.09,Y,7,0
1236,33,63000,RENT,2.0,DEBTCONSOLIDATION,A,7700,6.17,0.12,N,10,0
1237,25,60000,RENT,1.0,VENTURE,A,6000,5.79,0.1,N,3,0
1238,30,60000,RENT,5.0,VENTURE,B,4000,10.75,0.07,N,5,0
1239,24,42000,RENT,0.0,PERSONAL,A,12375,7.9,0.29,N,3,0
1240,25,150000,RENT,3.0,DEBTCONSOLIDATION,B,5000,11.86,0.03,N,2,0
1241,29,64000,RENT,2.0,HOMEIMPROVEMENT,A,6800,7.51,0.11,N,10,1
1242,25,62000,RENT,7.0,DEBTCONSOLIDATION,A,12000,5.79,0.19,N,3,0
1243,29,80000,MORTGAGE,13.0,VENTURE,A,5000,7.49,0.06,N,9,0
1244,33,50000,RENT,3.0,PERSONAL,B,15600,10.25,0.3,N,7,0
1245,26,36000,MORTGAGE,6.0,DEBTCONSOLIDATION,B,5175,11.49,0.14,N,3,0
1246,31,55000,MORTGAGE,3.0,PERSONAL,A,6000,6.92,0.11,N,9,0
1247,24,48000,RENT,1.0,PERSONAL,B,2000,10.99,0.04,N,4,0
1248,27,51298,RENT,9.0,EDUCATION,B,1000,10.59,0.02,N,7,0
1249,34,75000,MORTGAGE,0.0,VENTURE,B,3000,9.91,0.04,N,7,0
1250,29,65200,RENT,3.0,DEBTCONSOLIDATION,B,4000,10.75,0.06,N,8,0
1251,30,21600,OWN,1.0,EDUCATION,A,3000,7.66,0.14,N,9,0
1252,47,54000,RENT,5.0,HOMEIMPROVEMENT,B,16000,10.65,0.31,N,16,1
1253,34,68000,MORTGAGE,9.0,HOMEIMPROVEMENT,B,5000,10.37,0.07,N,5,0
1254,34,90000,RENT,0.0,EDUCATION,A,9000,7.88,0.1,N,6,0
1255,25,180000,MORTGAGE,2.0,EDUCATION,B,18650,11.99,0.1,N,4,0
1256,25,35000,MORTGAGE,4.0,DEBTCONSOLIDATION,C,7500,13.23,0.21,Y,4,0
1257,25,62004,OWN,1.0,EDUCATION,D,20000,16.07,0.31,Y,2,0
1258,34,80000,MORTGAGE,18.0,DEBTCONSOLIDATION,A,10000,5.42,0.13,N,10,0
1259,29,42000,RENT,3.0,MEDICAL,C,10800,13.47,0.26,Y,9,0
1260,40,300000,RENT,6.0,DEBTCONSOLIDATION,B,5000,10.37,0.02,N,11,0
1261,22,47000,RENT,1.0,DEBTCONSOLIDATION,C,6500,12.87,0.14,Y,3,0
1262,23,120000,MORTGAGE,5.0,EDUCATION,A,8000,7.29,0.07,N,3,0
1263,28,27000,RENT,0.0,VENTURE,B,7800,11.86,0.29,N,5,0
1264,22,42000,MORTGAGE,6.0,MEDICAL,B,7200,11.99,0.17,N,3,0
1265,29,43000,RENT,7.0,EDUCATION,B,10000,10.95,0.23,N,5,0
1266,25,70000,RENT,0.0,VENTURE,B,15000,9.99,0.21,N,4,0
1267,34,34000,RENT,6.0,HOMEIMPROVEMENT,B,14000,11.36,0.41,N,10,1
1268,35,102000,MORTGAGE,6.0,PERSONAL,D,25000,15.2,0.25,Y,8,0
1269,24,55000,RENT,3.0,EDUCATION,B,4500,10.99,0.08,N,4,0
1270,28,98000,MORTGAGE,2.0,HOMEIMPROVEMENT,B,19800,10.38,0.2,N,8,0
1271,38,84000,RENT,0.0,EDUCATION,B,25000,10.25,0.3,N,14,1
1272,31,75000,RENT,2.0,MEDICAL,C,13000,13.57,0.17,Y,10,0
1273,25,65004,RENT,9.0,DEBTCONSOLIDATION,D,5000,15.58,0.08,N,4,1
1274,49,150000,OWN,6.0,HOMEIMPROVEMENT,B,5000,10.99,0.03,N,16,0
1275,22,39996,MORTGAGE,4.0,PERSONAL,A,3000,7.37,0.08,N,2,0
1276,27,100000,RENT,1.0,MEDICAL,B,15000,11.89,0.15,N,7,0
1277,25,100000,MORTGAGE,2.0,EDUCATION,A,4000,7.88,0.04,N,2,0
1278,23,26000,RENT,0.0,PERSONAL,D,7000,14.96,0.27,Y,3,1
1279,25,122000,MORTGAGE,9.0,MEDICAL,C,14000,11.97,0.12,N,2,0
1280,22,74000,MORTGAGE,6.0,PERSONAL,B,25000,10.99,0.34,N,4,0
1281,22,78504,OWN,4.0,VENTURE,B,25000,10.38,0.32,N,2,0
1282,22,55000,MORTGAGE,6.0,VENTURE,A,7500,7.51,0.14,N,3,0
1283,33,29000,RENT,0.0,MEDICAL,B,6000,12.18,0.21,N,5,1
1284,24,52000,RENT,0.0,PERSONAL,B,5000,10.38,0.1,N,4,0
1285,32,85000,RENT,1.0,PERSONAL,A,28000,6.62,0.33,N,9,1
1286,23,33600,RENT,2.0,PERSONAL,D,12000,14.96,0.36,Y,4,1
1287,36,100000,MORTGAGE,9.0,HOMEIMPROVEMENT,A,12000,7.88,0.12,N,14,0
1288,28,85000,RENT,2.0,VENTURE,C,6000,12.98,0.07,N,8,0
1289,29,65000,MORTGAGE,3.0,DEBTCONSOLIDATION,B,5000,10.75,0.08,N,9,0
1290,23,50000,RENT,2.0,VENTURE,B,5000,11.46,0.1,N,3,0
1291,26,20000,RENT,3.0,PERSONAL,A,5800,8.94,0.3,N,2,0
1292,31,42000,MORTGAGE,3.0,EDUCATION,A,5000,8.9,0.12,N,6,0
1293,24,55000,MORTGAGE,2.0,EDUCATION,A,6500,8.59,0.12,N,2,0
1294,23,75000,RENT,5.0,VENTURE,A,12000,8.94,0.16,N,3,0
1295,31,24000,RENT,0.0,MEDICAL,A,10000,8.94,0.42,N,10,1
1296,25,15436,MORTGAGE,8.0,MEDICAL,B,7125,9.99,0.04,N,4,1
1297,29,120000,RENT,5.0,HOMEIMPROVEMENT,C,18400,14.27,0.15,N,5,0
1298,27,105600,MORTGAGE,6.0,PERSONAL,A,8000,7.49,0.08,N,6,0
1299,22,60000,MORTGAGE,4.0,EDUCATION,A,10000,6.62,0.17,N,4,0
1300,33,65000,MORTGAGE,3.0,EDUCATION,C,3000,13.35,0.05,N,5,0
1301,25,40000,RENT,4.0,MEDICAL,C,9000,13.35,0.23,N,3,0
1302,22,36000,MORTGAGE,2.0,EDUCATION,A,5000,8.94,0.14,N,3,0
1303,28,100000,MORTGAGE,3.0,VENTURE,B,24000,9.91,0.24,N,5,0
1304,25,34000,RENT,6.0,PERSONAL,B,9000,12.69,0.26,N,4,0
1305,25,69996,MORTGAGE,0.0,PERSONAL,C,17000,12.84,0.24,N,4,0
1306,59,150000,MORTGAGE,5.0,PERSONAL,B,20000,11.71,0.13,N,30,0
1307,26,65450,RENT,7.0,DEBTCONSOLIDATION,D,15000,15.95,0.19,Y,3,1
1308,30,45000,RENT,14.0,PERSONAL,C,14500,13.16,0.32,N,7,1
1309,24,70000,RENT,2.0,PERSONAL,B,20000,10.99,0.29,N,2,0
1310,23,30000,RENT,2.0,VENTURE,C,10000,15.23,0.33,Y,3,1
1311,22,120000,MORTGAGE,6.0,DEBTCONSOLIDATION,A,3600,5.42,0.03,N,2,0
1312,27,24000,RENT,0.0,MEDICAL,B,4500,10.95,0.19,N,8,0
1313,24,55000,MORTGAGE,8.0,EDUCATION,E,18000,16.77,0.33,N,3,0
1314,22,62400,RENT,4.0,EDUCATION,A,12000,7.49,0.19,N,2,0
1315,29,85000,MORTGAGE,13.0,PERSONAL,C,10000,12.99,0.12,N,10,0
1316,38,114400,MORTGAGE,0.0,PERSONAL,A,12000,7.51,0.1,N,14,0
1317,21,30000,MORTGAGE,2.0,MEDICAL,D,5000,15.7,0.17,N,3,1
1318,30,41000,OWN,1.0,MEDICAL,C,5000,13.85,0.12,N,9,0
1319,32,85000,MORTGAGE,4.0,MEDICAL,B,10000,10.38,0.12,N,9,0
1320,23,98000,RENT,1.0,EDUCATION,E,20000,16.4,0.2,N,2,1
1321,25,150000,MORTGAGE,10.0,VENTURE,E,15200,16.0,0.1,N,2,0
1322,37,30000,RENT,10.0,MEDICAL,D,9000,15.65,0.3,N,14,1
1323,27,125000,OWN,1.0,EDUCATION,B,7500,11.83,0.06,N,9,0
1324,23,60000,RENT,2.0,PERSONAL,B,11500,10.37,0.19,N,2,0
1325,31,43200,RENT,6.0,VENTURE,C,8000,13.48,0.19,Y,5,0
1326,27,33000,RENT,0.0,MEDICAL,A,8000,7.9,0.24,N,5,0
1327,24,55000,RENT,8.0,MEDICAL,B,6000,11.99,0.11,N,4,0
1328,26,84996,MORTGAGE,6.0,DEBTCONSOLIDATION,B,8000,11.12,0.09,N,2,0
1329,29,90000,MORTGAGE,13.0,VENTURE,A,6000,6.99,0.07,N,9,0
1330,31,75000,MORTGAGE,9.0,HOMEIMPROVEMENT,B,6500,11.71,0.09,N,6,0
1331,28,115000,RENT,0.0,HOMEIMPROVEMENT,B,8000,12.69,0.07,N,10,0
1332,22,100000,MORTGAGE,6.0,EDUCATION,A,15000,6.17,0.15,N,2,0
1333,22,45600,MORTGAGE,6.0,VENTURE,B,12000,11.58,0.26,N,3,0
1334,24,46000,RENT,5.0,MEDICAL,D,10000,14.74,0.22,N,3,1
1335,37,33000,OWN,2.0,EDUCATION,D,8500,15.28,0.25,N,11,0
1336,24,32000,RENT,3.0,DEBTCONSOLIDATION,D,6250,15.2,0.2,N,3,1
1337,25,65000,MORTGAGE,9.0,MEDICAL,C,10000,13.57,0.15,Y,2,0
1338,24,110000,MORTGAGE,8.0,DEBTCONSOLIDATION,B,8000,11.49,0.07,N,3,0
1339,28,100000,MORTGAGE,0.0,DEBTCONSOLIDATION,A,10000,8.59,0.1,N,8,0
1340,40,72000,MORTGAGE,16.0,VENTURE,A,6400,5.79,0.09,N,15,0
1341,31,97500,RENT,6.0,VENTURE,B,24000,10.99,0.25,N,6,0
1342,23,40000,MORTGAGE,2.0,MEDICAL,B,10000,11.89,0.25,N,3,0
1343,25,93301,RENT,5.0,MEDICAL,B,35000,11.99,0.37,N,3,1
1344,27,60000,MORTGAGE,4.0,MEDICAL,B,10000,11.71,0.17,N,5,0
1345,31,30000,RENT,2.0,VENTURE,B,5000,9.62,0.17,N,5,0
1346,22,50000,MORTGAGE,6.0,DEBTCONSOLIDATION,A,7200,7.29,0.14,N,2,0
1347,28,52000,MORTGAGE,3.0,EDUCATION,B,7000,12.69,0.13,N,8,0
1348,37,44000,RENT,0.0,DEBTCONSOLIDATION,B,10000,11.14,0.23,N,14,1
1349,30,120000,MORTGAGE,1.0,MEDICAL,B,14000,12.69,0.12,N,10,0
1350,29,100000,MORTGAGE,4.0,HOMEIMPROVEMENT,A,20000,6.17,0.2,N,10,0
1351,24,57800,MORTGAGE,8.0,PERSONAL,B,23500,10.71,0.37,N,4,1
1352,28,48000,RENT,3.0,PERSONAL,C,8000,13.48,0.17,Y,9,0
1353,22,80000,RENT,4.0,EDUCATION,B,24000,10.99,0.3,N,3,0
1354,24,24000,RENT,3.0,EDUCATION,B,5000,11.49,0.21,N,2,0
1355,22,25000,RENT,6.0,MEDICAL,B,8500,11.49,0.34,N,4,1
1356,23,60000,RENT,2.0,VENTURE,B,4000,10.46,0.07,N,2,0
1357,22,36000,RENT,1.0,HOMEIMPROVEMENT,C,16000,14.26,0.44,N,4,1
1358,23,44000,RENT,4.0,VENTURE,B,10000,11.99,0.23,N,3,0
1359,31,54000,MORTGAGE,5.0,EDUCATION,A,15600,7.49,0.28,N,7,0
1360,25,60000,MORTGAGE,2.0,VENTURE,B,10000,10.36,0.17,N,2,0
1361,28,42000,RENT,3.0,DEBTCONSOLIDATION,B,2500,9.88,0.06,N,8,0
1362,23,55000,RENT,4.0,PERSONAL,A,5000,8.9,0.09,N,2,0
1363,36,40000,MORTGAGE,2.0,PERSONAL,A,6000,7.66,0.15,N,14,0
1364,30,85000,MORTGAGE,1.0,HOMEIMPROVEMENT,B,20000,11.89,0.24,N,6,0
1365,23,120000,RENT,0.0,EDUCATION,B,9600,11.49,0.08,N,4,0
1366,32,35600,RENT,2.0,MEDICAL,C,6000,15.96,0.17,N,10,0
1367,24,120000,RENT,4.0,PERSONAL,A,10000,7.88,0.08,N,3,0
1368,28,47000,MORTGAGE,4.0,MEDICAL,A,5000,6.99,0.11,N,5,0
1369,36,69736,MORTGAGE,17.0,VENTURE,E,2500,17.04,0.04,Y,13,0
1370,40,90000,MORTGAGE,19.0,VENTURE,C,12000,12.61,0.13,N,13,0
1371,23,36000,RENT,1.0,EDUCATION,B,3000,10.99,0.09,N,4,0
1372,28,84000,RENT,0.0,DEBTCONSOLIDATION,A,12000,6.91,0.14,N,9,0
1373,25,100000,OWN,9.0,VENTURE,A,10000,8.59,0.1,N,4,0
1374,34,65000,RENT,11.0,PERSONAL,A,4000,5.99,0.06,N,6,0
1375,54,84000,MORTGAGE,16.0,PERSONAL,A,10000,8.94,0.12,N,19,0
1376,28,90000,MORTGAGE,4.0,EDUCATION,B,15000,10.59,0.17,N,8,0
1377,28,60000,RENT,2.0,VENTURE,B,20000,10.99,0.33,N,5,1
1378,30,70000,MORTGAGE,0.0,PERSONAL,A,5000,8.59,0.07,N,5,0
1379,27,42000,RENT,4.0,VENTURE,C,6000,11.78,0.14,N,10,0
1380,25,80000,MORTGAGE,9.0,DEBTCONSOLIDATION,B,12800,10.59,0.16,N,2,0
1381,24,90000,RENT,4.0,DEBTCONSOLIDATION,A,10000,7.49,0.11,N,2,0
1382,30,50000,RENT,14.0,PERSONAL,B,6000,10.59,0.12,N,8,0
1383,26,45000,RENT,3.0,MEDICAL,B,12000,10.0,0.27,N,2,0
1384,26,30000,MORTGAGE,2.0,PERSONAL,C,10000,12.61,0.33,Y,2,0
1385,37,61200,RENT,15.0,MEDICAL,B,4000,11.86,0.06,N,14,1
1386,25,50000,RENT,6.0,HOMEIMPROVEMENT,C,12000,13.79,0.24,Y,4,0
1387,25,120000,MORTGAGE,9.0,MEDICAL,B,9600,9.99,0.08,N,2,0
1388,23,60000,MORTGAGE,7.0,DEBTCONSOLIDATION,C,15000,12.99,0.25,N,2,0
1389,21,15600,RENT,0.0,DEBTCONSOLIDATION,B,5000,10.99,0.32,N,3,1
1390,26,75000,MORTGAGE,10.0,DEBTCONSOLIDATION,B,10000,9.99,0.13,N,2,0
1391,22,80000,MORTGAGE,6.0,MEDICAL,A,10000,7.29,0.13,N,2,0
1392,28,87600,MORTGAGE,12.0,MEDICAL,C,20000,13.49,0.23,Y,9,0
1393,22,110000,MORTGAGE,0.0,VENTURE,B,12000,10.74,0.11,N,3,0
1394,22,72000,MORTGAGE,6.0,DEBTCONSOLIDATION,A,12500,5.79,0.17,N,2,0
1395,24,30000,RENT,1.0,EDUCATION,C,4000,14.35,0.13,Y,4,0
1396,49,80000,MORTGAGE,0.0,HOMEIMPROVEMENT,A,10000,6.92,0.13,N,16,0
1397,25,42000,RENT,3.0,MEDICAL,C,2500,14.35,0.06,Y,2,0
1398,26,70000,MORTGAGE,8.0,VENTURE,A,17000,7.49,0.24,N,4,0
1399,39,40000,RENT,2.0,PERSONAL,D,6000,14.54,0.15,N,11,1
1400,22,50000,RENT,6.0,EDUCATION,B,12000,9.91,0.24,N,2,0
1401,21,30000,RENT,2.0,EDUCATION,C,6000,13.23,0.2,Y,4,0
1402,28,55200,RENT,12.0,EDUCATION,A,4000,6.03,0.07,N,10,0
1403,31,120000,MORTGAGE,5.0,VENTURE,A,4800,7.88,0.04,N,8,0
1404,25,42000,RENT,4.0,MEDICAL,B,1200,10.36,0.03,N,3,0
1405,31,140000,MORTGAGE,15.0,EDUCATION,B,10000,12.42,0.07,N,10,0
1406,23,60000,MORTGAGE,7.0,VENTURE,A,2400,8.9,0.04,N,3,0
1407,22,48000,RENT,6.0,VENTURE,A,10000,8.9,0.21,N,4,0
1408,24,39516,RENT,0.0,EDUCATION,A,5000,7.88,0.13,N,4,0
1409,24,110000,MORTGAGE,8.0,EDUCATION,B,18000,11.99,0.16,N,2,0
1410,26,72000,MORTGAGE,6.0,VENTURE,B,2400,11.71,0.03,N,4,0
1411,22,70000,MORTGAGE,5.0,EDUCATION,B,6000,10.36,0.09,N,2,0
1412,25,90000,MORTGAGE,9.0,HOMEIMPROVEMENT,B,11200,10.99,0.12,N,3,0
1413,30,53004,MORTGAGE,14.0,VENTURE,C,2500,15.23,0.05,N,6,0
1414,27,36996,RENT,6.0,PERSONAL,D,9600,14.54,0.27,Y,6,1
1415,27,65000,MORTGAGE,11.0,PERSONAL,A,3000,5.79,0.04,N,8,0
1416,26,130000,MORTGAGE,3.0,EDUCATION,A,10000,7.66,0.08,N,4,0
1417,23,80000,MORTGAGE,7.0,VENTURE,A,11000,6.62,0.14,N,3,0
1418,27,24000,RENT,2.0,PERSONAL,D,2000,15.58,0.08,Y,7,1
1419,22,72000,MORTGAGE,6.0,MEDICAL,A,5000,7.9,0.07,N,3,0
1420,23,50000,MORTGAGE,7.0,EDUCATION,A,4000,7.14,0.08,N,4,0
1421,23,46800,MORTGAGE,5.0,MEDICAL,B,12000,10.38,0.26,N,3,1
1422,27,43200,MORTGAGE,10.0,VENTURE,C,4200,13.23,0.1,N,10,0
1423,25,39204,RENT,3.0,DEBTCONSOLIDATION,A,10000,5.99,0.26,N,4,0
1424,28,75000,MORTGAGE,4.0,HOMEIMPROVEMENT,C,20000,13.49,0.27,Y,6,0
1425,24,48000,RENT,8.0,DEBTCONSOLIDATION,C,10500,13.61,0.22,N,3,0
1426,29,39000,RENT,7.0,EDUCATION,B,8000,10.99,0.21,N,8,1
1427,26,56950,RENT,0.0,HOMEIMPROVEMENT,B,5600,9.99,0.08,N,3,1
1428,26,55000,MORTGAGE,10.0,HOMEIMPROVEMENT,B,10000,9.88,0.18,N,3,0
1429,22,60000,MORTGAGE,6.0,PERSONAL,A,3500,5.99,0.06,N,2,0
1430,22,56000,MORTGAGE,6.0,EDUCATION,A,5025,5.42,0.09,N,3,0
1431,21,30000,MORTGAGE,5.0,MEDICAL,B,3000,11.99,0.1,N,3,0
1432,31,96000,RENT,5.0,PERSONAL,C,20000,13.04,0.21,Y,6,0
1433,36,67000,MORTGAGE,4.0,HOMEIMPROVEMENT,A,10000,7.51,0.15,N,11,0
1434,54,105000,MORTGAGE,3.0,PERSONAL,B,13000,9.88,0.13,N,28,0
1435,29,50000,MORTGAGE,9.0,HOMEIMPROVEMENT,C,12000,13.49,0.24,N,8,0
1436,25,40000,MORTGAGE,3.0,EDUCATION,C,3000,13.47,0.07,N,2,0
1437,21,55000,MORTGAGE,5.0,EDUCATION,B,2500,12.69,0.05,N,2,0
1438,29,50000,MORTGAGE,4.0,DEBTCONSOLIDATION,B,6000,11.26,0.12,N,9,0
1439,25,100000,MORTGAGE,9.0,DEBTCONSOLIDATION,C,12000,13.23,0.12,Y,2,0
1440,23,35000,RENT,2.0,DEBTCONSOLIDATION,B,8000,11.86,0.23,N,2,0
1441,24,90000,RENT,8.0,HOMEIMPROVEMENT,A,10000,7.51,0.11,N,3,0
1442,22,32000,RENT,2.0,EDUCATION,C,12000,14.27,0.38,Y,2,1
1443,30,60000,MORTGAGE,14.0,MEDICAL,B,6000,9.99,0.1,N,9,0
1444,31,65000,RENT,4.0,HOMEIMPROVEMENT,C,12000,13.49,0.18,N,9,0
1445,23,70000,RENT,0.0,EDUCATION,B,14400,12.53,0.21,N,3,0
1446,25,57564,RENT,8.0,HOMEIMPROVEMENT,B,21000,11.48,0.36,N,2,1
1447,23,38000,RENT,0.0,PERSONAL,C,1000,14.26,0.03,N,3,0
1448,33,50000,MORTGAGE,5.0,EDUCATION,B,20000,11.36,0.4,N,9,0
1449,23,75000,MORTGAGE,7.0,EDUCATION,B,5000,11.12,0.07,N,2,0
1450,23,60000,MORTGAGE,7.0,VENTURE,A,12000,7.9,0.2,N,2,0
1451,31,40351,MORTGAGE,5.0,VENTURE,A,7200,7.29,0.18,N,8,0
1452,31,30000,RENT,15.0,DEBTCONSOLIDATION,A,12000,6.91,0.4,N,6,1
1453,27,90000,RENT,0.0,MEDICAL,C,11400,12.98,0.12,N,10,0
1454,23,42000,RENT,4.0,EDUCATION,C,10000,13.98,0.24,N,4,0
1455,23,54000,RENT,4.0,PERSONAL,C,8000,13.23,0.15,N,3,0
1456,25,60000,RENT,9.0,MEDICAL,A,3000,7.51,0.05,N,4,0
1457,28,48996,RENT,0.0,HOMEIMPROVEMENT,D,10000,14.11,0.2,N,5,1
1458,33,140000,MORTGAGE,12.0,DEBTCONSOLIDATION,B,10000,12.69,0.07,N,9,0
1459,38,62400,MORTGAGE,5.0,PERSONAL,B,12000,11.11,0.19,N,16,0
1460,28,55000,MORTGAGE,9.0,DEBTCONSOLIDATION,C,15000,13.16,0.27,Y,5,0
1461,28,56256,MORTGAGE,13.0,EDUCATION,A,5000,7.51,0.09,N,8,0
1462,36,51000,RENT,2.0,MEDICAL,C,1500,13.8,0.03,Y,14,0
1463,22,43000,RENT,0.0,DEBTCONSOLIDATION,C,1500,13.92,0.04,N,3,0
1464,23,39456,OWN,7.0,PERSONAL,A,14000,7.29,0.35,N,2,0
1465,33,98000,RENT,2.0,EDUCATION,C,5000,12.99,0.05,N,9,0
1466,30,60000,MORTGAGE,13.0,DEBTCONSOLIDATION,A,12000,5.79,0.2,N,9,0
1467,27,47881,OWN,6.0,VENTURE,A,15000,6.03,0.31,N,6,0
1468,26,85000,RENT,1.0,PERSONAL,A,3000,8.9,0.04,N,3,0
1469,31,80000,RENT,3.0,EDUCATION,B,4000,11.49,0.05,N,9,0
1470,30,70000,MORTGAGE,4.0,EDUCATION,A,7000,7.51,0.1,N,5,0
1471,22,42996,RENT,7.0,DEBTCONSOLIDATION,B,14000,12.18,0.33,N,4,1
1472,26,60000,RENT,0.0,DEBTCONSOLIDATION,C,12000,13.49,0.2,N,3,0
1473,35,23000,RENT,0.0,PERSONAL,B,5800,10.99,0.26,N,7,0
1474,23,90000,MORTGAGE,5.0,EDUCATION,A,10000,7.88,0.11,N,3,0
1475,29,54996,RENT,8.0,MEDICAL,B,5000,10.37,0.09,N,8,0
1476,22,200000,MORTGAGE,6.0,VENTURE,B,6000,11.48,0.03,N,2,0
1477,29,120000,RENT,3.0,DEBTCONSOLIDATION,A,10000,6.03,0.08,N,9,0
1478,22,52000,RENT,6.0,MEDICAL,C,6000,14.22,0.12,N,3,0
1479,24,48000,RENT,8.0,MEDICAL,B,5000,11.99,0.1,N,3,0
1480,24,72000,OWN,8.0,EDUCATION,B,18000,10.99,0.25,N,2,0
1481,25,50000,MORTGAGE,5.0,PERSONAL,A,5000,7.14,0.1,N,2,0
1482,42,140000,MORTGAGE,1.0,DEBTCONSOLIDATION,B,8000,10.59,0.06,N,15,0
1483,29,53000,RENT,3.0,VENTURE,C,8000,13.47,0.15,Y,5,0
1484,26,35000,RENT,0.0,DEBTCONSOLIDATION,B,10000,11.11,0.29,N,4,0
1485,22,29000,RENT,5.0,VENTURE,C,6000,15.27,0.21,Y,2,1
1486,27,45000,RENT,6.0,MEDICAL,A,3000,9.63,0.07,N,9,0
1487,23,120000,RENT,5.0,PERSONAL,A,6000,7.49,0.05,N,2,0
1488,32,62400,RENT,9.0,VENTURE,B,20000,10.99,0.32,N,5,1
1489,29,65000,MORTGAGE,13.0,HOMEIMPROVEMENT,A,7500,6.03,0.12,N,10,0
1490,22,35350,RENT,3.0,EDUCATION,B,7000,9.99,0.2,N,4,0
1491,24,49152,MORTGAGE,8.0,MEDICAL,A,3000,7.29,0.06,N,2,0
1492,28,60000,MORTGAGE,3.0,HOMEIMPROVEMENT,B,9000,11.49,0.15,N,7,0
1493,39,54504,RENT,0.0,DEBTCONSOLIDATION,F,19200,20.89,0.4,N,14,1
1494,22,77250,OWN,3.0,VENTURE,B,3000,11.71,0.04,N,3,0
1495,28,38000,OWN,0.0,HOMEIMPROVEMENT,B,8000,10.99,0.21,N,10,0
1496,22,42000,RENT,4.0,MEDICAL,A,7000,8.59,0.17,N,4,0
1497,36,42000,RENT,2.0,MEDICAL,B,3000,9.63,0.07,N,12,0
1498,22,36000,RENT,2.0,MEDICAL,D,5000,14.96,0.14,Y,4,1
1499,31,32000,RENT,2.0,MEDICAL,C,10000,14.27,0.31,N,9,1
1500,29,60000,RENT,0.0,DEBTCONSOLIDATION,B,3200,11.49,0.05,N,10,0
1501,24,60000,RENT,8.0,VENTURE,A,6000,7.88,0.1,N,3,0
1502,29,70000,MORTGAGE,3.0,VENTURE,A,7000,7.88,0.1,N,8,0
1503,41,76254,RENT,5.0,EDUCATION,A,14000,6.17,0.19,N,15,0
1504,24,54996,OWN,5.0,PERSONAL,A,5000,7.14,0.09,N,3,0
1505,25,50000,RENT,1.0,HOMEIMPROVEMENT,C,5275,14.27,0.11,N,2,0
1506,27,56000,RENT,6.0,MEDICAL,B,15000,11.58,0.27,N,5,0
1507,54,60000,RENT,5.0,EDUCATION,C,9000,13.49,0.15,Y,26,0
1508,22,40000,RENT,4.0,DEBTCONSOLIDATION,A,5000,7.9,0.13,N,3,0
1509,27,45000,RENT,0.0,DEBTCONSOLIDATION,A,4000,7.14,0.09,N,10,0
1510,21,29360,MORTGAGE,5.0,EDUCATION,B,7775,12.69,0.28,N,2,0
1511,38,80000,RENT,20.0,VENTURE,D,16000,15.65,0.2,N,14,1
1512,24,30000,RENT,0.0,MEDICAL,B,12000,10.2,0.4,N,4,1
1513,33,84000,RENT,7.0,DEBTCONSOLIDATION,B,10000,11.99,0.12,N,6,0
1514,28,60000,MORTGAGE,12.0,HOMEIMPROVEMENT,C,7000,12.73,0.12,Y,9,0
1515,23,60000,MORTGAGE,2.0,MEDICAL,A,10000,9.63,0.17,N,4,0
1516,25,36662,RENT,3.0,EDUCATION,B,18000,11.36,0.49,N,4,1
1517,29,82000,RENT,2.0,EDUCATION,C,6600,13.48,0.08,Y,5,0
1518,29,49000,RENT,0.0,MEDICAL,D,10000,16.89,0.2,Y,8,1
1519,22,30000,RENT,2.0,MEDICAL,B,5000,12.42,0.17,N,2,0
1520,22,65000,MORTGAGE,5.0,VENTURE,D,10000,15.7,0.15,Y,3,0
1521,30,70000,MORTGAGE,12.0,DEBTCONSOLIDATION,B,3000,11.49,0.04,N,9,0
1522,30,97000,MORTGAGE,14.0,PERSONAL,A,4000,7.14,0.04,N,6,0
1523,27,60000,RENT,0.0,HOMEIMPROVEMENT,C,5000,12.84,0.08,Y,10,0
1524,30,63500,RENT,6.0,DEBTCONSOLIDATION,C,12000,13.49,0.19,N,8,0
1525,23,26400,OWN,3.0,MEDICAL,A,3600,7.49,0.13,N,3,0
1526,26,60400,MORTGAGE,6.0,EDUCATION,E,24000,16.35,0.4,N,4,0
1527,28,58000,MORTGAGE,9.0,VENTURE,A,20000,7.74,0.34,N,6,0
1528,23,65000,MORTGAGE,5.0,EDUCATION,A,10000,7.9,0.15,N,3,0
1529,28,125000,MORTGAGE,8.0,VENTURE,B,10000,11.49,0.08,N,7,0
1530,26,28800,RENT,6.0,MEDICAL,B,13000,10.99,0.45,N,2,1
1531,39,50000,MORTGAGE,5.0,PERSONAL,A,8000,7.88,0.16,N,15,0
1532,22,31000,RENT,0.0,DEBTCONSOLIDATION,B,3200,9.99,0.1,N,4,0
1533,40,57600,RENT,1.0,PERSONAL,C,10000,13.61,0.17,N,11,0
1534,25,150000,MORTGAGE,6.0,PERSONAL,B,9000,10.38,0.06,N,4,0
1535,28,52800,RENT,12.0,DEBTCONSOLIDATION,A,6000,6.03,0.11,N,5,0
1536,26,35000,RENT,4.0,DEBTCONSOLIDATION,B,3500,10.0,0.1,N,4,0
1537,26,69000,RENT,2.0,EDUCATION,D,6000,17.49,0.09,Y,2,1
1538,24,47000,MORTGAGE,8.0,PERSONAL,A,5000,7.49,0.11,N,2,0
1539,28,45000,RENT,3.0,MEDICAL,B,10000,10.37,0.22,N,8,0
1540,25,50000,RENT,1.0,EDUCATION,C,6400,13.79,0.13,Y,2,0
1541,41,60000,RENT,23.0,VENTURE,A,10000,7.51,0.17,N,15,0
1542,24,33600,RENT,2.0,PERSONAL,B,1700,11.12,0.05,N,3,0
1543,28,95000,RENT,0.0,HOMEIMPROVEMENT,C,18000,14.27,0.19,N,5,0
1544,26,108000,MORTGAGE,2.0,DEBTCONSOLIDATION,D,8000,13.67,0.07,Y,3,1
1545,43,120000,MORTGAGE,21.0,MEDICAL,B,10000,11.71,0.08,N,14,0
1546,26,50000,MORTGAGE,6.0,EDUCATION,B,6000,11.99,0.12,N,3,0
1547,26,102552,RENT,4.0,EDUCATION,B,5600,9.99,0.05,N,2,0
1548,36,115000,MORTGAGE,8.0,DEBTCONSOLIDATION,A,22000,6.54,0.19,N,11,0
1549,22,60000,MORTGAGE,5.0,EDUCATION,B,6000,11.89,0.1,N,4,0
1550,25,90000,MORTGAGE,3.0,DEBTCONSOLIDATION,B,10000,12.21,0.11,N,4,0
1551,34,30000,RENT,2.0,PERSONAL,C,8875,13.72,0.31,N,10,1
1552,23,75000,MORTGAGE,3.0,VENTURE,B,7200,12.42,0.1,N,4,0
1553,31,48000,MORTGAGE,13.0,EDUCATION,C,10000,15.96,0.02,N,5,0
1554,26,75400,MORTGAGE,10.0,MEDICAL,A,7000,7.14,0.08,N,4,1
1555,37,157544,MORTGAGE,8.0,VENTURE,B,35000,11.49,0.22,N,13,0
1556,28,30000,RENT,4.0,PERSONAL,A,8000,8.0,0.27,N,8,0
1557,23,95000,MORTGAGE,4.0,VENTURE,B,25000,10.99,0.26,N,4,0
1558,32,55000,RENT,1.0,DEBTCONSOLIDATION,C,8000,13.49,0.15,Y,8,0
1559,25,54500,RENT,6.0,DEBTCONSOLIDATION,C,3500,14.27,0.06,Y,3,0
1560,23,42000,RENT,4.0,EDUCATION,A,6000,7.66,0.14,N,4,0
1561,22,58800,RENT,2.0,VENTURE,C,3000,12.41,0.05,Y,3,0
1562,31,90000,MORTGAGE,9.0,MEDICAL,B,7000,9.96,0.08,N,8,0
1563,22,49000,RENT,7.0,MEDICAL,C,5000,14.27,0.1,Y,3,0
1564,30,60000,MORTGAGE,1.0,EDUCATION,C,12000,13.61,0.2,Y,8,0
1565,22,45400,RENT,4.0,PERSONAL,C,6400,12.99,0.14,N,2,0
1566,24,69000,RENT,7.0,PERSONAL,D,8000,17.49,0.12,N,2,1
1567,33,48000,RENT,17.0,VENTURE,C,7000,12.91,0.15,Y,7,0
1568,25,54000,RENT,1.0,MEDICAL,C,4000,14.35,0.07,N,4,0
1569,23,62500,MORTGAGE,7.0,EDUCATION,A,9600,5.79,0.15,N,3,0
1570,27,40000,RENT,4.0,PERSONAL,B,3250,10.99,0.08,N,7,0
1571,24,96000,MORTGAGE,8.0,MEDICAL,A,6000,7.14,0.06,N,3,0
1572,24,42000,RENT,0.0,DEBTCONSOLIDATION,D,6000,14.09,0.14,N,4,1
1573,23,55000,MORTGAGE,7.0,PERSONAL,A,5000,9.32,0.09,N,4,0
1574,24,60000,RENT,6.0,MEDICAL,A,5000,8.9,0.08,N,3,0
1575,29,70000,RENT,4.0,HOMEIMPROVEMENT,A,4000,7.74,0.06,N,9,0
1576,28,32004,RENT,0.0,VENTURE,C,9600,13.49,0.31,Y,5,1
1577,25,70000,MORTGAGE,9.0,PERSONAL,A,6000,6.91,0.09,N,2,0
1578,23,60000,RENT,5.0,MEDICAL,B,1375,11.11,0.02,N,3,1
1579,31,57000,RENT,9.0,MEDICAL,A,3000,8.9,0.05,N,6,0
1580,26,80000,OWN,5.0,PERSONAL,C,5600,13.61,0.07,Y,4,0
1581,22,67500,RENT,6.0,EDUCATION,A,7200,7.49,0.11,N,2,0
1582,25,100000,RENT,0.0,MEDICAL,C,10000,12.87,0.1,N,2,0
1583,22,55000,RENT,6.0,MEDICAL,B,8000,12.42,0.15,N,4,0
1584,26,42000,RENT,3.0,VENTURE,A,4500,7.66,0.11,N,4,0
1585,24,47000,MORTGAGE,5.0,PERSONAL,A,7500,7.51,0.16,N,2,0
1586,26,44000,RENT,2.0,EDUCATION,B,5400,10.37,0.12,N,3,1
1587,25,60000,RENT,3.0,DEBTCONSOLIDATION,A,8000,7.88,0.13,N,4,0
1588,33,60000,MORTGAGE,5.0,HOMEIMPROVEMENT,A,20000,6.17,0.33,N,8,0
1589,22,84500,RENT,2.0,DEBTCONSOLIDATION,A,11000,8.94,0.13,N,3,0
1590,28,87000,MORTGAGE,7.0,PERSONAL,D,12000,16.29,0.14,N,8,0
1591,29,30000,OWN,13.0,MEDICAL,B,12250,8.88,0.42,N,10,0
1592,25,180000,MORTGAGE,9.0,MEDICAL,B,8000,12.42,0.04,N,2,0
1593,26,55000,RENT,0.0,DEBTCONSOLIDATION,A,7000,7.9,0.13,N,2,0
1594,23,48000,MORTGAGE,7.0,DEBTCONSOLIDATION,A,3000,5.79,0.06,N,4,0
1595,26,25000,OWN,10.0,HOMEIMPROVEMENT,D,8000,16.29,0.32,Y,4,0
1596,25,42000,OWN,2.0,VENTURE,A,12000,7.51,0.29,N,4,0
1597,27,25000,RENT,3.0,MEDICAL,C,6000,13.43,0.24,N,10,0
1598,22,70000,MORTGAGE,6.0,EDUCATION,A,12000,8.9,0.17,N,2,0
1599,38,60000,MORTGAGE,8.0,PERSONAL,B,3000,11.48,0.05,N,15,0
1600,22,51298,RENT,6.0,EDUCATION,E,1000,17.19,0.02,Y,3,1
1601,25,75000,RENT,2.0,PERSONAL,C,4800,13.48,0.07,Y,2,0
1602,23,46000,RENT,5.0,VENTURE,C,6000,15.27,0.13,N,4,0
1603,21,70000,RENT,1.0,DEBTCONSOLIDATION,A,9800,7.29,0.14,N,3,0
1604,26,45000,RENT,5.0,MEDICAL,A,10000,6.54,0.22,N,2,0
1605,22,27600,OWN,1.0,EDUCATION,A,6000,7.74,0.22,N,3,0
1606,31,39000,RENT,1.0,HOMEIMPROVEMENT,D,5000,16.49,0.13,Y,8,1
1607,27,75000,RENT,1.0,PERSONAL,B,4000,10.38,0.05,N,10,0
1608,25,68000,MORTGAGE,9.0,HOMEIMPROVEMENT,A,7500,5.99,0.12,N,3,0
1609,27,50000,RENT,1.0,EDUCATION,C,12000,13.16,0.24,Y,10,0
1610,26,110000,MORTGAGE,3.0,VENTURE,A,20000,6.91,0.18,N,4,0
1611,21,33996,RENT,5.0,MEDICAL,D,15000,14.96,0.44,N,2,1
1612,26,144000,MORTGAGE,10.0,EDUCATION,C,20000,14.17,0.14,N,3,0
1613,26,68000,MORTGAGE,7.0,EDUCATION,C,4900,13.49,0.07,Y,3,0
1614,26,59000,RENT,3.0,PERSONAL,B,20000,11.36,0.34,N,3,1
1615,28,96900,MORTGAGE,1.0,EDUCATION,A,4800,7.49,0.05,N,9,1
1616,21,80000,RENT,3.0,EDUCATION,B,12000,10.65,0.15,N,2,0
1617,23,30000,RENT,3.0,VENTURE,B,5000,11.71,0.17,N,3,1
1618,22,48000,MORTGAGE,6.0,MEDICAL,C,5000,13.48,0.1,Y,3,0
1619,23,28000,RENT,1.0,VENTURE,C,5000,14.65,0.18,N,3,0
1620,28,69996,RENT,10.0,MEDICAL,A,13200,8.49,0.19,N,10,0
1621,32,30960,RENT,2.0,EDUCATION,B,5000,11.49,0.16,N,5,0
1622,38,30000,RENT,5.0,MEDICAL,A,6000,7.49,0.2,N,12,1
1623,28,70356,MORTGAGE,12.0,VENTURE,A,6000,5.42,0.09,N,7,0
1624,24,75000,RENT,0.0,PERSONAL,B,30000,11.71,0.4,N,2,1
1625,23,45000,RENT,1.0,MEDICAL,C,9600,13.98,0.21,N,4,0
1626,23,50004,MORTGAGE,7.0,EDUCATION,A,12000,5.42,0.24,N,4,0
1627,22,62000,MORTGAGE,1.0,DEBTCONSOLIDATION,C,10000,14.65,0.16,N,2,0
1628,27,80000,RENT,4.0,VENTURE,A,12000,7.49,0.15,N,6,0
1629,60,30000,OWN,5.0,PERSONAL,A,5000,5.79,0.17,N,23,0
1630,33,36000,RENT,0.0,PERSONAL,B,8000,11.36,0.22,N,7,0
1631,23,70000,RENT,0.0,EDUCATION,C,10000,12.68,0.14,Y,2,0
1632,30,150000,MORTGAGE,3.0,HOMEIMPROVEMENT,C,25000,12.73,0.17,Y,8,0
1633,24,51600,RENT,1.0,HOMEIMPROVEMENT,C,12000,12.23,0.23,Y,2,0
1634,28,49000,RENT,3.0,MEDICAL,D,15000,15.58,0.3,Y,8,1
1635,28,48000,MORTGAGE,0.0,MEDICAL,A,5000,8.59,0.1,N,7,0
1636,24,103241,RENT,8.0,HOMEIMPROVEMENT,B,10000,10.99,0.1,N,2,0
1637,24,70000,MORTGAGE,6.0,HOMEIMPROVEMENT,B,9000,11.26,0.13,N,4,0
1638,27,65000,MORTGAGE,5.0,PERSONAL,C,15000,13.49,0.23,N,9,0
1639,23,45336,MORTGAGE,7.0,VENTURE,A,11250,7.51,0.25,N,3,0
1640,23,150000,RENT,3.0,EDUCATION,B,18000,10.99,0.12,N,3,0
1641,34,80000,MORTGAGE,2.0,PERSONAL,E,16000,17.88,0.2,N,10,0
1642,35,42000,RENT,2.0,VENTURE,C,2000,13.22,0.05,Y,9,0
1643,30,70000,MORTGAGE,8.0,HOMEIMPROVEMENT,A,4200,5.79,0.06,N,5,0
1644,27,41900,OWN,2.0,VENTURE,D,10000,15.21,0.23,Y,6,0
1645,23,52000,MORTGAGE,2.0,VENTURE,A,8000,7.88,0.15,N,4,0
1646,22,52000,MORTGAGE,6.0,MEDICAL,C,5000,13.23,0.1,Y,4,0
1647,23,70000,MORTGAGE,4.0,EDUCATION,A,9500,6.92,0.14,N,4,0
1648,27,45600,RENT,3.0,VENTURE,A,20000,8.49,0.44,N,9,1
1649,23,39000,OWN,1.0,VENTURE,E,1000,17.14,0.03,Y,3,1
1650,32,66504,RENT,11.0,PERSONAL,B,3500,11.99,0.05,N,8,0
1651,22,46000,RENT,2.0,EDUCATION,B,9600,9.99,0.21,N,3,0
1652,23,90000,MORTGAGE,5.0,EDUCATION,B,3000,10.99,0.03,N,3,0
1653,28,80000,RENT,1.0,MEDICAL,C,3000,14.27,0.04,Y,6,0
1654,39,40800,MORTGAGE,16.0,VENTURE,A,10000,7.51,0.25,N,16,0
1655,23,110000,MORTGAGE,7.0,VENTURE,A,10000,7.14,0.09,N,4,0
1656,28,75000,MORTGAGE,5.0,PERSONAL,A,12000,6.92,0.16,N,9,0
1657,28,90000,MORTGAGE,12.0,EDUCATION,A,10000,7.14,0.11,N,6,0
1658,24,45000,MORTGAGE,8.0,VENTURE,A,2000,7.49,0.04,N,2,0
1659,33,30000,RENT,4.0,VENTURE,A,10000,9.32,0.33,N,10,1
1660,24,50000,RENT,8.0,DEBTCONSOLIDATION,A,5600,8.9,0.11,N,3,0
1661,29,70000,MORTGAGE,13.0,PERSONAL,A,4200,5.79,0.06,N,6,0
1662,36,45000,RENT,16.0,EDUCATION,A,2000,7.51,0.04,N,12,0
1663,24,80000,MORTGAGE,5.0,DEBTCONSOLIDATION,A,5500,8.49,0.07,N,2,0
1664,26,39000,RENT,3.0,PERSONAL,B,3000,10.99,0.08,N,3,0
1665,23,55000,RENT,3.0,MEDICAL,B,14000,11.71,0.25,N,4,0
1666,36,9600,RENT,0.0,PERSONAL,E,2100,16.45,0.22,N,16,1
1667,31,61800,MORTGAGE,5.0,EDUCATION,E,6000,16.4,0.1,N,5,0
1668,29,120000,MORTGAGE,1.0,HOMEIMPROVEMENT,A,7000,7.14,0.06,N,8,0
1669,43,68000,RENT,4.0,EDUCATION,B,12000,10.74,0.18,N,17,0
1670,30,80000,MORTGAGE,6.0,PERSONAL,A,6000,8.9,0.07,N,8,0
1671,31,41718,OWN,3.0,VENTURE,A,5000,7.51,0.12,N,10,0
1672,25,52800,RENT,1.0,VENTURE,A,3000,7.9,0.06,N,4,0
1673,31,100000,MORTGAGE,0.0,MEDICAL,B,25000,12.18,0.25,N,7,0
1674,25,60000,MORTGAGE,7.0,MEDICAL,B,15000,11.12,0.25,N,2,0
1675,27,175000,MORTGAGE,3.0,PERSONAL,B,24000,9.76,0.14,N,8,0
1676,29,50205,RENT,13.0,HOMEIMPROVEMENT,A,6500,6.17,0.13,N,5,0
1677,33,47000,RENT,7.0,PERSONAL,B,8000,9.96,0.17,N,5,0
1678,21,27600,RENT,5.0,DEBTCONSOLIDATION,C,6000,15.27,0.22,Y,3,0
1679,34,102058,MORTGAGE,14.0,DEBTCONSOLIDATION,B,15000,11.11,0.15,N,7,0
1680,27,44000,MORTGAGE,8.0,EDUCATION,A,4000,7.9,0.09,N,7,0
1681,38,58000,MORTGAGE,10.0,EDUCATION,A,13000,8.49,0.23,N,15,0
1682,36,62400,MORTGAGE,1.0,VENTURE,B,13000,10.99,0.21,N,14,0
1683,24,25000,RENT,2.0,MEDICAL,B,2500,9.91,0.1,N,4,0
1684,22,40000,RENT,2.0,DEBTCONSOLIDATION,C,5000,13.22,0.13,Y,4,0
1685,29,40000,RENT,3.0,PERSONAL,A,10000,6.17,0.25,N,9,0
1686,21,42000,RENT,5.0,EDUCATION,C,12000,13.06,0.29,Y,4,0
1687,23,75000,MORTGAGE,2.0,VENTURE,A,7125,7.51,0.1,N,4,0
1688,29,65000,MORTGAGE,13.0,DEBTCONSOLIDATION,A,15000,8.94,0.23,N,7,0
1689,31,82000,MORTGAGE,15.0,PERSONAL,A,5000,6.03,0.06,N,9,0
1690,25,65000,MORTGAGE,8.0,DEBTCONSOLIDATION,A,8500,6.62,0.14,N,2,0
1691,28,80000,MORTGAGE,12.0,VENTURE,D,9800,15.33,0.12,Y,10,0
1692,33,73500,RENT,1.0,VENTURE,C,21600,14.26,0.3,N,7,0
1693,28,52000,MORTGAGE,5.0,EDUCATION,A,6000,7.88,0.12,N,7,0
1694,25,91000,MORTGAGE,9.0,MEDICAL,B,15000,9.99,0.16,N,4,0
1695,23,60000,RENT,7.0,DEBTCONSOLIDATION,B,5000,12.42,0.08,N,3,0
1696,25,50000,MORTGAGE,3.0,HOMEIMPROVEMENT,A,4000,8.59,0.08,N,4,0
1697,35,66847,RENT,3.0,PERSONAL,C,10000,13.61,0.15,Y,6,0
1698,31,24000,RENT,6.0,EDUCATION,B,5000,11.83,0.21,N,5,0
1699,36,60000,RENT,0.0,MEDICAL,A,5600,6.92,0.09,N,12,0
1700,33,85000,MORTGAGE,1.0,VENTURE,E,7500,16.0,0.09,Y,7,0
1701,23,60000,RENT,2.0,MEDICAL,B,10000,11.14,0.17,N,2,0
1702,28,90000,RENT,0.0,PERSONAL,B,8500,12.21,0.09,N,9,0
1703,23,40000,RENT,1.0,EDUCATION,A,5500,7.88,0.14,N,4,0
1704,28,44196,MORTGAGE,6.0,VENTURE,B,7500,11.11,0.17,N,8,0
1705,23,86652,RENT,3.0,EDUCATION,D,20000,16.32,0.23,Y,2,0
1706,22,37200,RENT,6.0,HOMEIMPROVEMENT,E,2000,18.39,0.06,Y,4,1
1707,27,45150,RENT,1.0,VENTURE,B,18000,13.16,0.4,N,10,1
1708,29,94350,MORTGAGE,7.0,MEDICAL,D,15000,15.28,0.14,N,7,1
1709,23,52000,OWN,0.0,VENTURE,B,4000,10.62,0.08,N,3,0
1710,37,30000,RENT,3.0,EDUCATION,B,12000,10.39,0.4,N,14,1
1711,24,84996,RENT,4.0,VENTURE,A,10000,6.03,0.12,N,2,0
1712,24,71738,MORTGAGE,4.0,EDUCATION,B,11500,9.63,0.16,N,2,0
1713,25,45000,RENT,3.0,MEDICAL,A,2000,7.49,0.04,N,3,0
1714,32,85000,MORTGAGE,0.0,EDUCATION,B,10000,11.71,0.12,N,5,0
1715,26,120000,RENT,4.0,PERSONAL,B,10000,12.42,0.08,N,3,0
1716,25,39000,MORTGAGE,3.0,MEDICAL,D,3000,15.62,0.08,Y,2,1
1717,27,65000,MORTGAGE,1.0,DEBTCONSOLIDATION,A,10000,5.79,0.15,N,10,0
1718,23,55000,RENT,7.0,DEBTCONSOLIDATION,A,8000,7.49,0.15,N,2,0
1719,26,52000,MORTGAGE,10.0,PERSONAL,B,12000,10.99,0.23,N,2,0
1720,34,59760,RENT,14.0,HOMEIMPROVEMENT,D,6000,14.96,0.1,Y,7,1
1721,24,114132,MORTGAGE,5.0,EDUCATION,A,14400,5.79,0.13,N,2,0
1722,23,50000,MORTGAGE,5.0,MEDICAL,B,5000,11.12,0.1,N,4,0
1723,23,65000,MORTGAGE,5.0,EDUCATION,A,7000,7.49,0.11,N,2,0
1724,21,55200,MORTGAGE,3.0,DEBTCONSOLIDATION,B,9600,11.99,0.17,N,4,0
1725,23,82560,RENT,2.0,DEBTCONSOLIDATION,C,4500,15.96,0.05,Y,2,0
1726,27,36000,RENT,6.0,MEDICAL,B,5000,10.65,0.14,N,8,0
1727,31,48000,RENT,7.0,PERSONAL,A,3500,7.49,0.07,N,7,0
1728,31,60000,MORTGAGE,15.0,EDUCATION,A,10000,7.9,0.17,N,10,0
1729,26,32000,RENT,5.0,MEDICAL,A,3250,5.99,0.1,N,3,0
1730,41,40000,RENT,4.0,VENTURE,C,7000,13.49,0.17,N,14,0
1731,27,49200,MORTGAGE,5.0,HOMEIMPROVEMENT,A,4000,6.17,0.08,N,5,0
1732,34,69500,RENT,7.0,PERSONAL,B,15000,9.51,0.22,N,7,0
1733,65,115000,MORTGAGE,3.0,PERSONAL,A,8000,7.74,0.07,N,27,0
1734,28,27996,RENT,1.0,HOMEIMPROVEMENT,B,6700,9.63,0.24,N,8,1
1735,27,153000,RENT,3.0,DEBTCONSOLIDATION,D,25000,15.58,0.16,N,7,1
1736,26,30000,RENT,2.0,MEDICAL,C,6000,13.49,0.2,Y,4,0
1737,33,120000,MORTGAGE,1.0,HOMEIMPROVEMENT,A,20000,6.54,0.17,N,7,0
1738,31,250000,MORTGAGE,1.0,PERSONAL,B,24000,11.83,0.09,N,8,0
1739,23,62500,MORTGAGE,8.0,EDUCATION,A,11000,7.88,0.18,N,2,0
1740,23,49600,RENT,7.0,VENTURE,C,8000,15.23,0.16,Y,2,0
1741,26,48000,MORTGAGE,2.0,EDUCATION,A,1200,9.32,0.03,N,4,0
1742,26,42996,RENT,7.0,EDUCATION,B,7200,11.14,0.17,N,2,0
1743,23,120000,RENT,2.0,DEBTCONSOLIDATION,B,5000,11.49,0.04,N,3,0
1744,26,54000,RENT,10.0,DEBTCONSOLIDATION,C,20000,13.49,0.37,N,3,1
1745,25,60000,MORTGAGE,8.0,PERSONAL,A,5000,8.49,0.08,N,3,0
1746,30,69996,MORTGAGE,14.0,PERSONAL,B,10000,11.11,0.14,N,7,0
1747,22,40000,MORTGAGE,3.0,EDUCATION,D,9600,14.54,0.24,N,4,0
1748,24,55000,MORTGAGE,4.0,PERSONAL,B,15000,12.18,0.27,N,4,0
1749,42,32000,RENT,1.0,PERSONAL,A,12000,7.66,0.38,N,12,1
1750,23,55000,RENT,2.0,DEBTCONSOLIDATION,B,6000,10.99,0.11,N,2,0
1751,28,55704,MORTGAGE,12.0,EDUCATION,A,14000,7.51,0.25,N,7,0
1752,23,60000,RENT,7.0,PERSONAL,D,10200,16.29,0.17,Y,3,0
1753,26,140000,MORTGAGE,4.0,VENTURE,B,14400,10.83,0.1,N,4,0
1754,27,50000,RENT,2.0,HOMEIMPROVEMENT,A,4000,5.42,0.08,N,9,0
1755,29,42000,RENT,4.0,MEDICAL,C,5000,12.99,0.12,N,8,0
1756,30,50000,MORTGAGE,0.0,DEBTCONSOLIDATION,A,10000,6.62,0.2,N,8,0
1757,29,48000,RENT,2.0,VENTURE,C,15000,13.49,0.31,N,8,1
1758,27,62000,MORTGAGE,11.0,DEBTCONSOLIDATION,A,10000,6.62,0.16,N,7,0
1759,24,90000,MORTGAGE,8.0,VENTURE,A,5000,6.99,0.06,N,3,0
1760,27,36000,RENT,3.0,MEDICAL,A,12600,8.94,0.36,N,8,1
1761,33,27000,RENT,0.0,PERSONAL,A,7000,8.0,0.26,N,6,0
1762,24,56000,RENT,5.0,DEBTCONSOLIDATION,A,10000,5.42,0.18,N,3,0
1763,23,42500,RENT,2.0,VENTURE,A,9000,9.63,0.21,N,3,0
1764,22,72600,MORTGAGE,0.0,MEDICAL,A,4500,7.74,0.06,N,3,0
1765,29,80000,MORTGAGE,5.0,HOMEIMPROVEMENT,A,10000,7.51,0.13,N,5,0
1766,38,103000,RENT,5.0,DEBTCONSOLIDATION,D,25000,16.49,0.24,N,16,1
1767,27,34000,MORTGAGE,1.0,DEBTCONSOLIDATION,A,10000,6.03,0.29,N,5,0
1768,25,135000,MORTGAGE,4.0,VENTURE,D,24000,16.89,0.18,N,4,0
1769,29,30000,MORTGAGE,3.0,VENTURE,B,6000,11.83,0.2,N,5,0
1770,28,60000,MORTGAGE,0.0,EDUCATION,B,6000,9.88,0.1,N,6,0
1771,27,70000,MORTGAGE,3.0,MEDICAL,A,18000,7.51,0.27,N,8,0
1772,24,36000,RENT,0.0,VENTURE,B,6000,11.83,0.17,N,2,0
1773,24,42000,OWN,8.0,EDUCATION,A,3000,6.76,0.07,N,3,0
1774,27,40000,MORTGAGE,4.0,HOMEIMPROVEMENT,A,5000,7.14,0.13,N,6,0
1775,23,95000,MORTGAGE,4.0,VENTURE,C,14000,13.16,0.15,N,2,0
1776,42,54000,RENT,0.0,DEBTCONSOLIDATION,D,16750,14.09,0.3,N,12,1
1777,28,44000,RENT,4.0,EDUCATION,D,19000,16.82,0.43,N,9,1
1778,25,50000,RENT,3.0,PERSONAL,B,3600,10.65,0.07,N,4,0
1779,27,120000,MORTGAGE,2.0,DEBTCONSOLIDATION,A,8000,7.51,0.07,N,5,0
1780,30,250000,MORTGAGE,14.0,MEDICAL,A,18000,7.51,0.07,N,5,0
1781,29,60000,MORTGAGE,0.0,VENTURE,A,6000,6.76,0.1,N,7,0
1782,27,44004,RENT,5.0,DEBTCONSOLIDATION,C,10000,13.43,0.23,Y,5,0
1783,31,90000,MORTGAGE,2.0,MEDICAL,B,12000,10.99,0.13,N,9,0
1784,21,60000,MORTGAGE,5.0,PERSONAL,A,10000,7.51,0.17,N,2,0
1785,22,72000,MORTGAGE,6.0,VENTURE,A,12000,6.62,0.17,N,3,0
1786,29,50000,OWN,2.0,PERSONAL,B,12000,9.99,0.24,N,7,0
1787,22,90000,MORTGAGE,0.0,EDUCATION,A,10000,7.49,0.11,N,3,0
1788,28,16800,RENT,0.0,HOMEIMPROVEMENT,D,5000,15.57,0.3,N,6,1
1789,30,39000,RENT,2.0,PERSONAL,B,3000,10.59,0.08,N,9,0
1790,28,51600,MORTGAGE,12.0,VENTURE,B,15000,9.91,0.29,N,5,0
1791,28,26400,RENT,0.0,MEDICAL,A,10000,6.54,0.38,N,8,1
1792,23,30000,RENT,1.0,VENTURE,B,5825,11.11,0.19,N,2,0
1793,22,33000,RENT,4.0,EDUCATION,B,5500,11.71,0.17,N,3,0
1794,24,87000,OTHER,1.0,HOMEIMPROVEMENT,B,7200,11.26,0.08,N,4,0
1795,23,48000,MORTGAGE,8.0,PERSONAL,B,3500,10.65,0.07,N,2,0
1796,29,54000,RENT,3.0,HOMEIMPROVEMENT,C,16000,13.49,0.3,Y,7,1
1797,29,50000,OWN,2.0,PERSONAL,D,10000,14.96,0.2,N,9,0
1798,43,85000,RENT,7.0,HOMEIMPROVEMENT,C,12000,11.34,0.14,Y,17,0
1799,22,100000,MORTGAGE,0.0,EDUCATION,B,5000,11.48,0.05,N,4,0
1800,25,100000,MORTGAGE,3.0,PERSONAL,A,12000,6.91,0.12,N,2,0
1801,27,65000,MORTGAGE,11.0,MEDICAL,A,6000,7.14,0.09,N,7,0
1802,38,40000,RENT,1.0,PERSONAL,C,3500,13.23,0.09,N,17,0
1803,26,60000,RENT,1.0,VENTURE,D,8000,16.07,0.13,Y,2,1
1804,30,52000,MORTGAGE,0.0,DEBTCONSOLIDATION,A,10000,9.63,0.19,N,6,0
1805,28,30000,RENT,3.0,MEDICAL,B,12000,11.71,0.4,N,8,1
1806,24,54100,MORTGAGE,2.0,VENTURE,A,5000,7.14,0.09,N,4,0
1807,27,65000,MORTGAGE,11.0,PERSONAL,A,9000,7.51,0.14,N,8,0
1808,26,80000,RENT,0.0,VENTURE,A,5000,6.99,0.06,N,4,0
1809,24,42000,RENT,0.0,PERSONAL,C,2500,14.22,0.06,Y,3,0
1810,39,120000,MORTGAGE,2.0,EDUCATION,B,7000,10.99,0.06,N,11,0
1811,39,80000,RENT,0.0,EDUCATION,A,5500,8.49,0.07,N,11,0
1812,29,120000,MORTGAGE,3.0,PERSONAL,A,3000,5.42,0.02,N,8,0
1813,28,70000,MORTGAGE,12.0,MEDICAL,B,10000,10.65,0.14,N,5,0
1814,50,54000,RENT,3.0,HOMEIMPROVEMENT,C,8400,14.22,0.15,N,14,1
1815,24,75000,RENT,3.0,PERSONAL,A,25000,7.29,0.33,N,2,1
1816,28,72000,MORTGAGE,7.0,EDUCATION,C,14000,13.98,0.19,N,5,0
1817,24,65000,RENT,0.0,VENTURE,A,13000,7.88,0.21,N,3,0
1818,22,108000,RENT,1.0,HOMEIMPROVEMENT,D,25000,14.96,0.23,N,4,1
1819,29,38400,OWN,5.0,PERSONAL,A,3000,5.42,0.08,N,6,0
1820,33,10140,OWN,2.0,EDUCATION,A,1000,7.29,0.1,N,10,0
1821,22,42000,RENT,3.0,DEBTCONSOLIDATION,A,4000,7.9,0.1,N,4,0
1822,22,65000,RENT,2.0,EDUCATION,C,14000,12.99,0.22,N,2,0
1823,23,70872,RENT,4.0,VENTURE,D,15000,16.49,0.21,Y,3,1
1824,22,36000,RENT,6.0,EDUCATION,B,12000,11.71,0.33,N,4,1
1825,27,120000,MORTGAGE,11.0,VENTURE,A,6000,8.49,0.05,N,10,0
1826,24,70000,MORTGAGE,1.0,HOMEIMPROVEMENT,A,9000,9.63,0.13,N,4,0
1827,36,60000,RENT,15.0,PERSONAL,D,24000,15.31,0.4,Y,8,1
1828,29,150000,MORTGAGE,2.0,EDUCATION,A,6000,8.49,0.04,N,8,0
1829,23,32000,MORTGAGE,3.0,EDUCATION,A,7000,5.42,0.22,N,3,0
1830,40,63000,RENT,5.0,HOMEIMPROVEMENT,A,6000,7.74,0.09,N,17,0
1831,24,63755,RENT,1.0,HOMEIMPROVEMENT,C,12000,13.98,0.19,Y,2,0
1832,30,52000,MORTGAGE,14.0,DEBTCONSOLIDATION,B,15000,10.25,0.29,N,8,0
1833,33,95000,MORTGAGE,1.0,VENTURE,B,24000,11.83,0.25,N,5,0
1834,23,90000,RENT,4.0,DEBTCONSOLIDATION,B,5000,11.99,0.06,N,3,0
1835,22,30000,RENT,0.0,HOMEIMPROVEMENT,A,6000,8.9,0.2,N,2,1
1836,24,30000,RENT,3.0,PERSONAL,A,10000,7.51,0.33,N,4,1
1837,37,60000,RENT,8.0,EDUCATION,B,12000,10.37,0.2,N,15,0
1838,24,98000,MORTGAGE,8.0,MEDICAL,D,16000,14.46,0.16,N,4,1
1839,32,63996,MORTGAGE,3.0,EDUCATION,B,4000,11.83,0.06,N,6,0
1840,30,69000,MORTGAGE,15.0,DEBTCONSOLIDATION,B,16000,11.14,0.23,N,5,1
1841,37,38000,MORTGAGE,6.0,VENTURE,C,6000,13.79,0.16,Y,15,0
1842,43,42996,MORTGAGE,1.0,HOMEIMPROVEMENT,A,12000,5.79,0.28,N,13,0
1843,24,26400,RENT,3.0,HOMEIMPROVEMENT,A,6000,7.9,0.23,N,3,0
1844,26,77500,RENT,0.0,MEDICAL,A,11500,6.91,0.16,N,4,0
1845,26,94000,RENT,2.0,PERSONAL,C,15000,10.28,0.16,Y,3,0
1846,24,30000,RENT,8.0,MEDICAL,B,5000,10.62,0.17,N,4,0
1847,27,40000,MORTGAGE,4.0,HOMEIMPROVEMENT,C,7000,13.49,0.17,Y,10,0
1848,29,36000,MORTGAGE,6.0,PERSONAL,B,10000,12.42,0.28,N,5,1
1849,26,39000,RENT,3.0,DEBTCONSOLIDATION,D,2400,14.74,0.06,Y,4,1
1850,29,56000,MORTGAGE,10.0,PERSONAL,A,8000,8.94,0.14,N,5,0
1851,26,98760,RENT,1.0,HOMEIMPROVEMENT,A,6000,7.49,0.06,N,3,0
1852,23,40000,MORTGAGE,7.0,EDUCATION,D,10000,16.89,0.25,N,4,0
1853,28,46000,MORTGAGE,12.0,DEBTCONSOLIDATION,E,11000,18.39,0.24,Y,9,1
1854,26,70000,MORTGAGE,10.0,HOMEIMPROVEMENT,B,8000,11.86,0.11,N,3,0
1855,22,90000,RENT,3.0,VENTURE,A,7000,6.99,0.07,N,2,0
1856,25,75000,MORTGAGE,9.0,DEBTCONSOLIDATION,A,9600,7.49,0.13,N,4,0
1857,24,90000,RENT,2.0,PERSONAL,A,10200,8.9,0.11,N,2,0
1858,22,39000,RENT,3.0,MEDICAL,B,3000,10.37,0.08,N,3,1
1859,23,48000,RENT,7.0,DEBTCONSOLIDATION,A,12000,7.51,0.25,N,4,0
1860,33,55000,MORTGAGE,6.0,MEDICAL,A,10000,7.51,0.18,N,10,0
1861,39,57204,RENT,3.0,EDUCATION,B,15000,10.62,0.26,N,11,0
1862,22,52000,RENT,6.0,EDUCATION,B,15000,9.88,0.29,N,3,0
1863,26,66000,RENT,9.0,EDUCATION,E,15000,16.32,0.23,N,3,1
1864,26,85000,MORTGAGE,0.0,MEDICAL,B,24000,10.37,0.28,N,2,0
1865,39,86000,MORTGAGE,4.0,DEBTCONSOLIDATION,D,25000,14.54,0.29,Y,12,1
1866,27,60000,MORTGAGE,9.0,EDUCATION,A,4000,5.79,0.07,N,5,0
1867,29,67704,RENT,1.0,PERSONAL,C,12000,11.41,0.18,N,7,0
1868,22,53000,RENT,6.0,EDUCATION,B,14400,12.42,0.27,N,3,0
1869,24,24000,OWN,9.0,MEDICAL,A,5000,7.29,0.21,N,4,0
1870,23,60000,RENT,7.0,DEBTCONSOLIDATION,C,10000,13.98,0.17,Y,2,0
1871,23,75000,MORTGAGE,7.0,MEDICAL,A,6000,6.03,0.08,N,4,0
1872,23,54000,RENT,5.0,VENTURE,C,9000,13.49,0.17,Y,2,0
1873,28,60000,MORTGAGE,7.0,EDUCATION,A,12000,7.14,0.2,N,8,0
1874,25,100000,RENT,3.0,VENTURE,B,12000,10.59,0.12,N,2,0
1875,24,72000,MORTGAGE,8.0,EDUCATION,D,2400,13.36,0.03,N,4,0
1876,21,52000,MORTGAGE,5.0,EDUCATION,C,12000,13.61,0.23,N,2,0
1877,28,110000,MORTGAGE,5.0,PERSONAL,A,3000,5.42,0.03,N,5,0
1878,24,50000,MORTGAGE,2.0,VENTURE,D,15000,12.86,0.3,N,4,0
1879,24,32000,RENT,6.0,VENTURE,B,12000,10.37,0.38,N,4,1
1880,28,30000,RENT,2.0,EDUCATION,B,4000,9.99,0.13,N,5,0
1881,29,40000,OWN,1.0,HOMEIMPROVEMENT,E,17500,16.0,0.43,N,10,0
1882,29,70000,MORTGAGE,13.0,PERSONAL,B,3000,10.74,0.04,N,5,0
1883,24,150000,MORTGAGE,8.0,PERSONAL,D,6000,14.09,0.04,N,3,0
1884,28,38300,RENT,5.0,MEDICAL,B,12000,10.25,0.31,N,8,1
1885,24,100000,MORTGAGE,5.0,HOMEIMPROVEMENT,B,10000,11.48,0.1,N,3,0
1886,23,54000,RENT,0.0,DEBTCONSOLIDATION,D,5000,17.27,0.09,Y,2,1
1887,26,45000,MORTGAGE,0.0,VENTURE,A,4800,7.51,0.11,N,4,0
1888,39,31000,RENT,2.0,PERSONAL,B,3000,10.59,0.1,N,15,1
1889,23,54000,RENT,7.0,DEBTCONSOLIDATION,D,10000,15.31,0.19,Y,2,1
1890,38,58170,RENT,2.0,VENTURE,D,2400,15.2,0.04,Y,13,1
1891,28,55000,MORTGAGE,13.0,VENTURE,A,8000,6.99,0.15,N,10,0
1892,25,55000,MORTGAGE,9.0,VENTURE,A,6625,6.62,0.12,N,4,0
1893,24,44000,MORTGAGE,6.0,VENTURE,A,1700,6.76,0.04,N,4,0
1894,23,72000,MORTGAGE,5.0,MEDICAL,B,6000,11.99,0.08,N,4,0
1895,25,115000,RENT,2.0,EDUCATION,A,10000,7.29,0.09,N,4,0
1896,33,24000,OWN,3.0,EDUCATION,E,5000,17.99,0.21,N,10,0
1897,28,57996,OWN,5.0,VENTURE,C,1000,13.57,0.02,N,8,0
1898,23,100000,MORTGAGE,8.0,EDUCATION,C,10000,12.87,0.1,N,2,0
1899,23,75000,RENT,7.0,MEDICAL,B,12000,11.49,0.16,N,3,0
1900,29,65000,OWN,13.0,EDUCATION,A,12000,7.88,0.18,N,9,0
1901,23,38000,MORTGAGE,5.0,PERSONAL,B,8000,10.37,0.21,N,2,0
1902,22,37000,RENT,2.0,DEBTCONSOLIDATION,B,7000,10.59,0.19,N,4,0
1903,23,110000,MORTGAGE,7.0,EDUCATION,A,5000,7.43,0.05,N,4,0
1904,25,45000,RENT,1.0,MEDICAL,A,2000,7.29,0.04,N,3,0
1905,25,49000,RENT,0.0,DEBTCONSOLIDATION,F,20000,19.79,0.41,Y,4,1
1906,29,47000,OWN,4.0,HOMEIMPROVEMENT,B,6000,10.37,0.13,N,6,0
1907,28,80000,RENT,3.0,HOMEIMPROVEMENT,C,12000,12.53,0.15,Y,5,0
1908,26,80000,MORTGAGE,10.0,PERSONAL,A,6000,7.49,0.07,N,2,0
1909,26,200000,MORTGAGE,10.0,PERSONAL,A,31000,7.51,0.15,N,3,0
1910,23,48000,RENT,7.0,EDUCATION,B,5000,10.08,0.1,N,3,0
1911,36,62400,RENT,5.0,HOMEIMPROVEMENT,D,12000,14.11,0.19,N,17,0
1912,23,47472,MORTGAGE,6.0,VENTURE,B,20000,11.83,0.42,N,2,0
1913,25,36000,MORTGAGE,5.0,EDUCATION,B,13500,10.99,0.38,N,2,0
1914,38,65000,MORTGAGE,12.0,EDUCATION,A,6000,6.03,0.09,N,16,0
1915,22,102616,RENT,2.0,MEDICAL,A,18000,7.9,0.18,N,2,1
1916,23,50000,MORTGAGE,1.0,PERSONAL,B,5000,9.99,0.1,N,2,0
1917,33,55000,RENT,7.0,MEDICAL,B,9600,11.99,0.18,N,9,0
1918,32,83625,MORTGAGE,6.0,PERSONAL,A,13200,7.51,0.16,N,10,0
1919,25,33000,MORTGAGE,3.0,PERSONAL,B,3000,10.65,0.09,N,4,0
1920,23,72000,MORTGAGE,7.0,EDUCATION,A,10000,8.49,0.14,N,4,0
1921,29,55000,MORTGAGE,5.0,MEDICAL,A,10000,6.62,0.18,N,5,0
1922,36,60000,MORTGAGE,5.0,PERSONAL,A,13000,6.91,0.22,N,15,0
1923,25,78500,RENT,7.0,MEDICAL,B,12000,10.99,0.15,N,4,1
1924,23,38004,RENT,2.0,EDUCATION,A,4000,7.88,0.11,N,3,0
1925,22,60000,RENT,2.0,DEBTCONSOLIDATION,D,6400,15.99,0.11,Y,4,1
1926,25,80000,MORTGAGE,0.0,HOMEIMPROVEMENT,A,9000,7.29,0.11,N,4,0
1927,22,56000,RENT,6.0,MEDICAL,B,10000,9.91,0.18,N,3,0
1928,41,85000,MORTGAGE,20.0,DEBTCONSOLIDATION,A,8500,7.42,0.1,N,12,0
1929,24,96000,RENT,2.0,HOMEIMPROVEMENT,C,20000,13.22,0.21,N,4,0
1930,23,36000,RENT,1.0,MEDICAL,C,10000,12.87,0.28,N,3,0
1931,27,35000,MORTGAGE,11.0,DEBTCONSOLIDATION,A,6000,6.99,0.17,N,8,0
1932,27,75000,MORTGAGE,4.0,MEDICAL,D,10000,15.65,0.13,Y,7,0
1933,53,34000,RENT,2.0,PERSONAL,C,6000,15.96,0.18,N,23,1
1934,22,40000,RENT,3.0,EDUCATION,A,10000,6.92,0.25,N,3,0
1935,29,24000,RENT,6.0,MEDICAL,B,4800,10.65,0.2,N,9,0
1936,22,84000,RENT,4.0,PERSONAL,A,7000,9.63,0.08,N,2,0
1937,28,40000,RENT,12.0,PERSONAL,B,16000,11.14,0.37,N,7,1
1938,26,60000,MORTGAGE,10.0,PERSONAL,B,10000,12.21,0.17,N,3,1
1939,32,50000,MORTGAGE,3.0,PERSONAL,B,5500,12.69,0.11,N,5,0
1940,29,69996,MORTGAGE,13.0,PERSONAL,A,10000,7.51,0.14,N,8,0
1941,32,90000,RENT,11.0,HOMEIMPROVEMENT,C,20000,13.22,0.22,Y,8,0
1942,28,80000,RENT,12.0,PERSONAL,A,8000,5.99,0.1,N,8,0
1943,39,70000,MORTGAGE,4.0,DEBTCONSOLIDATION,A,11500,7.51,0.16,N,15,0
1944,31,30000,RENT,0.0,VENTURE,B,10000,11.48,0.33,N,10,1
1945,24,30000,RENT,0.0,DEBTCONSOLIDATION,C,6000,13.11,0.2,N,3,0
1946,29,40000,MORTGAGE,12.0,HOMEIMPROVEMENT,B,2500,10.74,0.06,N,7,0
1947,22,60000,RENT,1.0,EDUCATION,A,8800,6.54,0.15,N,2,0
1948,28,115000,RENT,3.0,MEDICAL,C,10000,12.87,0.09,Y,7,0
1949,39,30000,RENT,0.0,MEDICAL,C,5000,13.92,0.17,N,13,0
1950,21,28000,MORTGAGE,5.0,DEBTCONSOLIDATION,D,6000,15.62,0.21,Y,2,1
1951,23,43000,RENT,7.0,PERSONAL,D,13350,15.65,0.31,Y,4,1
1952,28,31200,RENT,2.0,DEBTCONSOLIDATION,F,8000,20.62,0.27,N,9,1
1953,22,60000,MORTGAGE,6.0,MEDICAL,A,10000,7.49,0.17,N,2,0
1954,24,62000,MORTGAGE,8.0,PERSONAL,A,6000,7.88,0.09,N,4,0
1955,28,84000,RENT,0.0,EDUCATION,B,6000,11.83,0.07,N,9,0
1956,32,37000,RENT,4.0,MEDICAL,B,6000,10.36,0.16,N,9,0
1957,23,72000,MORTGAGE,2.0,EDUCATION,B,5000,11.99,0.07,N,4,0
1958,45,100000,RENT,0.0,MEDICAL,A,7000,8.59,0.07,N,12,0
1959,25,30000,RENT,0.0,MEDICAL,A,3500,5.42,0.11,N,3,0
1960,24,24000,OWN,5.0,VENTURE,A,7000,8.0,0.29,N,2,0
1961,37,31417,RENT,2.0,PERSONAL,A,7000,6.62,0.22,N,17,0
1962,27,120000,RENT,2.0,HOMEIMPROVEMENT,C,2500,13.79,0.02,Y,5,0
1963,25,85000,MORTGAGE,3.0,PERSONAL,B,20000,9.62,0.24,N,3,0
1964,23,100000,MORTGAGE,0.0,PERSONAL,B,10000,9.45,0.1,N,4,0
1965,27,50000,RENT,0.0,MEDICAL,B,6000,10.36,0.12,N,6,0
1966,25,66300,MORTGAGE,5.0,MEDICAL,A,22000,6.91,0.32,N,3,1
1967,25,42000,MORTGAGE,9.0,EDUCATION,C,6000,12.99,0.14,N,4,0
1968,26,65000,MORTGAGE,1.0,EDUCATION,A,15000,7.49,0.23,N,4,0
1969,30,50000,MORTGAGE,4.0,EDUCATION,A,5600,8.59,0.11,N,6,0
1970,26,50400,RENT,0.0,EDUCATION,B,1000,11.89,0.02,N,2,0
1971,24,46800,MORTGAGE,5.0,MEDICAL,B,2800,11.99,0.06,N,4,0
1972,30,48000,MORTGAGE,13.0,MEDICAL,B,3500,10.59,0.07,N,6,0
1973,32,55000,MORTGAGE,16.0,MEDICAL,A,6000,6.03,0.11,N,5,0
1974,24,25800,MORTGAGE,2.0,HOMEIMPROVEMENT,C,2000,13.85,0.08,N,3,0
1975,25,32000,RENT,0.0,DEBTCONSOLIDATION,B,6000,11.14,0.19,N,3,0
1976,33,40000,RENT,4.0,VENTURE,C,5000,13.98,0.13,Y,10,0
1977,34,60000,RENT,2.0,MEDICAL,B,2400,9.91,0.04,N,5,0
1978,23,75000,RENT,2.0,EDUCATION,B,8000,9.91,0.11,N,2,0
1979,42,66000,MORTGAGE,1.0,HOMEIMPROVEMENT,A,3600,8.0,0.05,N,13,0
1980,25,85000,RENT,9.0,EDUCATION,A,5000,7.9,0.06,N,2,0
1981,31,44000,RENT,6.0,EDUCATION,C,11650,13.49,0.27,N,9,0
1982,22,50000,MORTGAGE,6.0,DEBTCONSOLIDATION,A,5000,6.99,0.1,N,4,0
1983,24,38000,MORTGAGE,4.0,MEDICAL,C,16700,13.49,0.43,N,3,0
1984,34,60000,RENT,6.0,PERSONAL,B,12000,9.91,0.2,N,9,0
1985,26,44000,MORTGAGE,1.0,MEDICAL,A,3000,9.63,0.07,N,2,0
1986,45,47496,RENT,8.0,VENTURE,B,5000,12.69,0.11,N,13,0
1987,34,60000,RENT,6.0,VENTURE,C,10000,13.49,0.17,N,9,0
1988,23,50000,MORTGAGE,7.0,PERSONAL,B,6000,10.36,0.12,N,4,0
1989,25,30000,RENT,4.0,EDUCATION,B,7000,9.91,0.23,N,4,1
1990,25,38400,RENT,2.0,MEDICAL,B,12000,10.99,0.31,N,2,1
1991,23,24000,RENT,1.0,EDUCATION,A,7000,8.9,0.29,N,3,1
1992,24,32000,RENT,3.0,MEDICAL,D,5000,15.21,0.16,N,4,1
1993,25,72000,MORTGAGE,4.0,HOMEIMPROVEMENT,C,14000,14.65,0.19,Y,3,0
1994,25,37000,MORTGAGE,0.0,PERSONAL,B,5000,11.86,0.13,N,2,0
1995,25,50000,MORTGAGE,5.0,PERSONAL,A,12000,7.88,0.24,N,4,0
1996,29,80796,MORTGAGE,13.0,PERSONAL,B,6000,11.89,0.07,N,8,0
1997,24,110000,MORTGAGE,8.0,VENTURE,C,25000,13.48,0.23,N,2,0
1998,24,27600,RENT,1.0,HOMEIMPROVEMENT,A,3200,7.49,0.13,N,2,1
1999,33,75000,MORTGAGE,0.0,HOMEIMPROVEMENT,C,6000,13.49,0.08,N,8,0
2000,22,80000,MORTGAGE,6.0,VENTURE,C,8000,15.27,0.1,N,4,0
2001,39,105000,MORTGAGE,7.0,MEDICAL,A,7200,7.49,0.07,N,16,0
2002,24,65000,MORTGAGE,8.0,MEDICAL,A,10000,5.79,0.15,N,3,0
2003,30,75000,OWN,4.0,EDUCATION,A,7500,7.14,0.11,N,8,0
2004,30,26400,RENT,3.0,DEBTCONSOLIDATION,C,1500,14.22,0.06,N,8,0
2005,23,100000,RENT,0.0,MEDICAL,A,6000,7.51,0.06,N,2,0
2006,24,90000,MORTGAGE,8.0,DEBTCONSOLIDATION,A,12000,7.51,0.13,N,3,0
2007,23,54000,MORTGAGE,7.0,DEBTCONSOLIDATION,C,12000,13.23,0.22,N,3,0
2008,27,120775,OWN,11.0,EDUCATION,A,12000,8.94,0.1,N,6,0
2009,24,29004,RENT,8.0,MEDICAL,B,5000,10.0,0.17,N,2,1
2010,24,43000,RENT,0.0,MEDICAL,B,12000,11.71,0.28,N,2,0
2011,28,45500,RENT,1.0,VENTURE,B,5000,10.37,0.11,N,6,0
2012,33,110000,MORTGAGE,5.0,VENTURE,C,3000,14.27,0.03,N,7,0
2013,22,78000,MORTGAGE,5.0,EDUCATION,A,14000,6.03,0.18,N,2,0
2014,26,90000,RENT,2.0,VENTURE,C,21000,14.26,0.23,N,4,0
2015,27,40000,MORTGAGE,4.0,MEDICAL,A,4000,7.14,0.1,N,8,0
2016,24,30000,RENT,2.0,VENTURE,B,3000,11.12,0.1,N,3,0
2017,31,130000,MORTGAGE,15.0,HOMEIMPROVEMENT,C,12000,13.16,0.09,Y,6,0
2018,33,77100,RENT,6.0,DEBTCONSOLIDATION,A,35000,8.49,0.45,N,7,1
2019,24,99996,MORTGAGE,2.0,PERSONAL,C,10000,12.99,0.1,N,2,0
2020,23,25000,RENT,1.0,DEBTCONSOLIDATION,B,3500,10.38,0.14,N,2,0
2021,24,90000,RENT,1.0,VENTURE,B,20000,12.18,0.22,N,2,0
2022,22,180000,MORTGAGE,2.0,EDUCATION,A,6000,6.54,0.03,N,3,0
2023,27,75000,MORTGAGE,1.0,DEBTCONSOLIDATION,B,15000,12.21,0.2,N,10,0
2024,23,55000,RENT,5.0,EDUCATION,C,8000,13.49,0.15,N,4,0
2025,26,99275,RENT,1.0,PERSONAL,C,10000,14.65,0.1,Y,4,0
2026,22,78720,RENT,6.0,VENTURE,B,9000,11.11,0.12,N,2,0
2027,26,30000,RENT,1.0,MEDICAL,C,10000,13.22,0.33,N,4,1
2028,24,40000,MORTGAGE,0.0,DEBTCONSOLIDATION,A,3600,7.29,0.09,N,2,0
2029,53,60000,RENT,0.0,DEBTCONSOLIDATION,D,14000,14.91,0.23,Y,21,1
2030,28,30000,RENT,3.0,MEDICAL,B,8050,12.69,0.27,N,6,1
2031,22,59000,RENT,2.0,EDUCATION,A,18000,8.9,0.31,N,2,1
2032,25,106000,MORTGAGE,9.0,HOMEIMPROVEMENT,B,5000,9.88,0.05,N,2,0
2033,26,106000,MORTGAGE,10.0,HOMEIMPROVEMENT,B,6000,12.69,0.06,N,2,0
2034,22,30000,RENT,5.0,HOMEIMPROVEMENT,E,8000,19.29,0.27,N,2,1
2035,24,100000,MORTGAGE,8.0,EDUCATION,A,12000,7.14,0.12,N,4,0
2036,25,75000,RENT,0.0,EDUCATION,A,5000,8.0,0.07,N,4,0
2037,25,29640,RENT,2.0,MEDICAL,D,5000,14.96,0.17,Y,4,1
2038,23,80000,RENT,7.0,VENTURE,A,10000,7.49,0.13,N,4,0
2039,33,150000,MORTGAGE,11.0,EDUCATION,B,14000,9.91,0.09,N,9,0
2040,27,63000,RENT,11.0,HOMEIMPROVEMENT,B,8000,11.49,0.13,N,10,0
2041,22,56950,RENT,6.0,MEDICAL,B,7550,10.75,0.11,N,4,1
2042,27,48000,RENT,2.0,EDUCATION,C,10000,13.72,0.21,N,7,0
2043,23,31000,RENT,3.0,DEBTCONSOLIDATION,A,12000,7.29,0.39,N,3,1
2044,37,40000,RENT,5.0,VENTURE,C,12000,12.87,0.3,Y,17,0
2045,22,36000,RENT,2.0,PERSONAL,A,3000,5.79,0.08,N,3,0
2046,23,25000,RENT,3.0,DEBTCONSOLIDATION,A,6200,7.88,0.25,N,3,0
2047,30,39000,RENT,0.0,MEDICAL,B,5000,11.36,0.13,N,5,1
2048,30,61828,RENT,4.0,PERSONAL,D,11000,18.39,0.18,N,4,0
2049,31,96000,MORTGAGE,10.0,HOMEIMPROVEMENT,B,10000,9.99,0.1,N,5,0
2050,24,48000,RENT,8.0,VENTURE,A,12000,7.88,0.25,N,4,0
2051,24,60000,RENT,0.0,PERSONAL,B,10000,10.25,0.17,N,2,0
2052,32,64700,RENT,3.0,MEDICAL,B,20000,12.53,0.31,N,5,1
2053,36,70000,RENT,5.0,PERSONAL,B,13000,11.99,0.18,N,12,0
2054,21,65000,RENT,5.0,VENTURE,B,5000,11.99,0.08,N,4,0
2055,23,45000,RENT,5.0,VENTURE,B,8000,10.65,0.18,N,2,0
2056,27,61000,OWN,7.0,DEBTCONSOLIDATION,C,4000,13.49,0.07,Y,10,0
2057,25,110000,RENT,9.0,VENTURE,C,20000,11.22,0.18,N,2,0
2058,26,125600,OWN,10.0,PERSONAL,B,12500,11.36,0.1,N,2,0
2059,32,47928,MORTGAGE,15.0,DEBTCONSOLIDATION,C,5400,13.98,0.13,Y,9,0
2060,27,71004,MORTGAGE,1.0,PERSONAL,B,6000,9.25,0.09,N,9,0
2061,29,100000,RENT,5.0,PERSONAL,B,12000,10.99,0.12,N,9,0
2062,27,120000,MORTGAGE,11.0,HOMEIMPROVEMENT,A,6000,7.51,0.05,N,10,0
2063,30,34000,RENT,1.0,DEBTCONSOLIDATION,A,12000,7.51,0.35,N,6,1
2064,33,54000,MORTGAGE,15.0,PERSONAL,B,6000,11.49,0.11,N,7,1
2065,23,54000,RENT,8.0,PERSONAL,A,12000,7.88,0.22,N,2,0
2066,35,55000,MORTGAGE,18.0,VENTURE,C,1500,13.43,0.03,N,7,0
2067,37,90000,RENT,4.0,DEBTCONSOLIDATION,A,3000,6.03,0.03,N,12,0
2068,23,50000,RENT,7.0,EDUCATION,C,10000,13.57,0.2,Y,4,0
2069,31,100000,MORTGAGE,9.0,PERSONAL,C,13000,13.06,0.13,N,5,0
2070,25,78000,MORTGAGE,9.0,EDUCATION,A,8000,7.14,0.1,N,2,0
2071,22,42000,RENT,4.0,PERSONAL,B,15250,11.26,0.36,N,4,1
2072,24,35000,MORTGAGE,6.0,DEBTCONSOLIDATION,A,10000,5.99,0.29,N,4,0
2073,36,95000,RENT,0.0,PERSONAL,B,4000,12.69,0.04,N,16,0
2074,28,85000,MORTGAGE,12.0,MEDICAL,B,28000,10.65,0.32,N,9,0
2075,25,75000,MORTGAGE,4.0,EDUCATION,D,4000,14.54,0.05,Y,3,0
2076,21,45000,RENT,3.0,EDUCATION,B,5700,10.39,0.12,N,4,0
2077,28,45691,RENT,12.0,VENTURE,A,7000,7.9,0.16,N,6,0
2078,37,42000,RENT,2.0,MEDICAL,B,2000,11.26,0.05,N,17,0
2079,24,60000,RENT,1.0,DEBTCONSOLIDATION,C,7200,12.73,0.12,Y,2,0
2080,23,65000,RENT,3.0,DEBTCONSOLIDATION,B,10000,10.25,0.15,N,3,0
2081,28,56864,MORTGAGE,8.0,HOMEIMPROVEMENT,A,10700,7.88,0.18,N,5,0
2082,29,75000,RENT,3.0,PERSONAL,B,15000,11.48,0.2,N,5,0
2083,24,56000,MORTGAGE,8.0,PERSONAL,C,3000,12.73,0.05,Y,2,0
2084,23,45000,RENT,3.0,EDUCATION,C,7000,13.43,0.16,N,3,0
2085,22,36000,OWN,6.0,VENTURE,A,1000,5.42,0.03,N,2,0
2086,22,150000,MORTGAGE,5.0,PERSONAL,A,8300,7.51,0.05,N,4,0
2087,23,36000,RENT,6.0,EDUCATION,A,10000,5.99,0.28,N,2,0
2088,22,68000,RENT,5.0,PERSONAL,B,12000,12.42,0.18,N,2,0
2089,32,88000,RENT,4.0,PERSONAL,A,14400,7.88,0.16,N,8,0
2090,23,19200,RENT,2.0,PERSONAL,D,3000,15.33,0.16,N,4,1
2091,25,60000,MORTGAGE,2.0,PERSONAL,A,10000,7.51,0.17,N,3,0
2092,22,50000,MORTGAGE,6.0,MEDICAL,A,3000,6.99,0.06,N,3,0
2093,32,1200000,RENT,2.0,PERSONAL,A,10000,7.51,0.01,N,9,0
2094,28,120000,RENT,1.0,EDUCATION,B,3000,12.69,0.03,N,8,0
2095,27,85000,MORTGAGE,11.0,HOMEIMPROVEMENT,C,10000,13.49,0.12,Y,9,0
2096,24,50000,RENT,2.0,MEDICAL,A,16000,7.51,0.34,N,4,1
2097,26,40000,OWN,10.0,HOMEIMPROVEMENT,C,3000,12.53,0.07,N,2,0
2098,27,45000,RENT,6.0,PERSONAL,A,5000,7.9,0.11,N,7,0
2099,30,50000,MORTGAGE,14.0,HOMEIMPROVEMENT,A,15000,5.99,0.3,N,7,0
2100,32,55000,RENT,4.0,MEDICAL,C,8000,13.85,0.15,Y,10,0
2101,22,30000,MORTGAGE,6.0,EDUCATION,B,2000,10.99,0.07,N,2,0
2102,25,30000,RENT,3.0,MEDICAL,B,5000,10.99,0.17,N,2,0
2103,22,27996,RENT,2.0,VENTURE,B,5500,12.69,0.2,N,4,0
2104,27,180000,MORTGAGE,7.0,DEBTCONSOLIDATION,A,14000,6.03,0.08,N,7,0
2105,24,42000,RENT,3.0,DEBTCONSOLIDATION,B,8000,11.49,0.19,N,3,1
2106,31,102000,MORTGAGE,15.0,HOMEIMPROVEMENT,A,10000,8.9,0.1,N,5,0
2107,22,25000,RENT,2.0,MEDICAL,C,5600,14.22,0.22,N,3,0
2108,28,60000,RENT,7.0,DEBTCONSOLIDATION,B,12000,10.65,0.2,N,6,0
2109,25,57000,MORTGAGE,9.0,DEBTCONSOLIDATION,D,19925,15.57,0.35,N,4,1
2110,34,80000,RENT,3.0,VENTURE,B,21000,10.59,0.26,N,8,0
2111,35,40000,RENT,1.0,MEDICAL,B,4000,11.49,0.1,N,6,0
2112,26,62000,MORTGAGE,9.0,PERSONAL,A,5000,6.92,0.08,N,2,0
2113,28,90000,MORTGAGE,12.0,EDUCATION,A,12000,7.49,0.13,N,5,0
2114,25,175000,MORTGAGE,6.0,PERSONAL,C,35000,14.27,0.19,Y,2,0
2115,40,75000,MORTGAGE,6.0,HOMEIMPROVEMENT,C,6000,12.87,0.08,Y,15,1
2116,31,95000,MORTGAGE,6.0,EDUCATION,A,4275,5.42,0.04,N,10,0
2117,23,85000,MORTGAGE,8.0,VENTURE,A,6500,8.59,0.08,N,2,0
2118,24,85000,MORTGAGE,0.0,PERSONAL,C,16000,13.49,0.19,Y,4,0
2119,28,40000,MORTGAGE,2.0,VENTURE,A,5000,6.99,0.13,N,6,0
2120,27,39000,RENT,0.0,MEDICAL,C,5000,14.22,0.13,N,9,1
2121,26,110000,MORTGAGE,5.0,MEDICAL,A,6000,8.94,0.06,N,2,0
2122,23,40000,RENT,7.0,EDUCATION,B,15000,11.71,0.38,N,4,1
2123,24,40000,MORTGAGE,4.0,EDUCATION,B,15000,12.42,0.38,N,2,0
2124,23,38400,RENT,3.0,EDUCATION,C,2400,13.16,0.06,Y,3,0
2125,29,115000,MORTGAGE,3.0,PERSONAL,C,10000,14.27,0.09,N,5,0
2126,23,80000,MORTGAGE,5.0,VENTURE,A,10000,7.51,0.13,N,2,0
2127,37,51000,RENT,3.0,EDUCATION,A,8400,8.94,0.16,N,15,0
2128,32,20640,RENT,2.0,PERSONAL,C,6250,12.61,0.3,Y,9,0
2129,23,61836,RENT,0.0,DEBTCONSOLIDATION,E,10000,17.93,0.16,Y,4,1
2130,26,50000,RENT,4.0,DEBTCONSOLIDATION,A,10000,7.88,0.2,N,4,0
2131,27,84000,MORTGAGE,3.0,HOMEIMPROVEMENT,B,6000,9.88,0.07,N,8,0
2132,29,50000,RENT,14.0,VENTURE,A,2000,7.29,0.04,N,8,1
2133,21,36588,RENT,5.0,DEBTCONSOLIDATION,D,1000,14.61,0.03,Y,4,1
2134,25,30000,RENT,9.0,MEDICAL,B,10000,12.42,0.33,N,2,1
2135,23,51600,MORTGAGE,7.0,VENTURE,B,4000,9.91,0.08,N,3,0
2136,22,70000,MORTGAGE,6.0,MEDICAL,A,12000,6.99,0.17,N,4,0
2137,28,56000,RENT,1.0,VENTURE,C,3600,13.49,0.06,N,9,0
2138,22,27800,OWN,2.0,PERSONAL,B,13250,11.71,0.51,N,4,0
2139,44,42000,RENT,3.0,DEBTCONSOLIDATION,C,8000,12.84,0.19,N,15,0
2140,22,26400,MORTGAGE,1.0,EDUCATION,D,6000,15.62,0.23,N,3,0
2141,22,45000,MORTGAGE,6.0,VENTURE,C,8000,12.87,0.18,Y,3,0
2142,24,64000,MORTGAGE,9.0,VENTURE,B,10200,11.49,0.16,N,3,0
2143,22,37500,RENT,3.0,PERSONAL,C,5000,11.03,0.13,Y,3,0
2144,25,90000,MORTGAGE,9.0,HOMEIMPROVEMENT,A,12000,6.92,0.13,N,4,0
2145,59,72000,MORTGAGE,0.0,DEBTCONSOLIDATION,C,8000,13.92,0.11,Y,27,0
2146,26,60000,OWN,10.0,VENTURE,B,10000,12.69,0.17,N,4,0
2147,26,115000,RENT,1.0,MEDICAL,C,5000,12.98,0.04,Y,4,0
2148,22,42000,RENT,6.0,VENTURE,B,3000,11.11,0.07,N,3,0
2149,32,24000,RENT,0.0,MEDICAL,A,2000,7.51,0.08,N,10,0
2150,32,68004,MORTGAGE,16.0,PERSONAL,B,6000,11.86,0.09,N,9,0
2151,31,15000,OWN,0.0,VENTURE,C,2500,13.16,0.15,Y,7,0
2152,21,34800,RENT,0.0,VENTURE,D,9600,17.27,0.28,Y,3,1
2153,27,35000,RENT,0.0,PERSONAL,A,10000,6.54,0.29,N,7,0
2154,25,40000,RENT,3.0,VENTURE,C,15000,12.61,0.38,Y,2,1
2155,22,78000,RENT,4.0,EDUCATION,C,10000,14.27,0.13,Y,3,0
2156,26,75996,MORTGAGE,7.0,DEBTCONSOLIDATION,A,3600,7.29,0.05,N,4,0
2157,37,51600,RENT,3.0,PERSONAL,B,10800,10.36,0.21,N,13,0
2158,30,105000,MORTGAGE,12.0,MEDICAL,A,4000,5.42,0.04,N,5,0
2159,28,54000,MORTGAGE,4.0,HOMEIMPROVEMENT,A,15000,8.49,0.28,N,8,0
2160,31,78000,MORTGAGE,6.0,HOMEIMPROVEMENT,A,10000,7.51,0.13,N,7,0
2161,23,70000,OWN,2.0,VENTURE,B,20000,12.42,0.29,N,2,0
2162,24,48000,RENT,8.0,MEDICAL,B,5000,10.74,0.1,N,3,0
2163,26,60000,RENT,0.0,DEBTCONSOLIDATION,B,5600,11.26,0.09,N,4,0
2164,31,50950,RENT,5.0,HOMEIMPROVEMENT,A,22000,7.9,0.44,N,9,1
2165,21,50000,RENT,5.0,DEBTCONSOLIDATION,C,8000,12.87,0.16,Y,2,0
2166,26,50000,MORTGAGE,6.0,VENTURE,A,4000,7.14,0.08,N,2,0
2167,25,43000,RENT,1.0,HOMEIMPROVEMENT,D,6000,14.91,0.14,Y,4,1
2168,28,56056,RENT,1.0,MEDICAL,B,5600,10.37,0.1,N,7,0
2169,26,60000,MORTGAGE,10.0,PERSONAL,A,5000,5.42,0.08,N,4,0
2170,24,62500,RENT,1.0,VENTURE,C,12000,13.16,0.19,N,3,0
2171,22,30000,RENT,4.0,DEBTCONSOLIDATION,C,10000,13.49,0.33,Y,3,1
2172,30,71400,MORTGAGE,14.0,DEBTCONSOLIDATION,A,19000,6.91,0.24,N,9,0
2173,32,60000,MORTGAGE,16.0,EDUCATION,A,5000,7.51,0.08,N,5,0
2174,25,48000,RENT,3.0,PERSONAL,B,4000,11.36,0.08,N,2,0
2175,23,24000,OWN,0.0,VENTURE,A,3000,7.49,0.13,N,4,0
2176,31,57336,MORTGAGE,5.0,HOMEIMPROVEMENT,D,15000,16.89,0.28,N,9,0
2177,31,76000,RENT,7.0,HOMEIMPROVEMENT,B,20000,11.14,0.26,N,7,0
2178,21,36000,RENT,5.0,DEBTCONSOLIDATION,B,4000,11.14,0.11,N,4,0
2179,24,120000,MORTGAGE,8.0,VENTURE,B,8000,11.86,0.07,N,3,0
2180,34,65000,RENT,4.0,MEDICAL,B,15000,10.99,0.23,N,5,0
2181,29,114000,MORTGAGE,1.0,EDUCATION,B,17325,12.42,0.15,N,6,0
2182,23,67000,RENT,1.0,PERSONAL,A,3250,6.76,0.05,N,3,0
2183,30,65000,MORTGAGE,15.0,PERSONAL,A,6000,7.66,0.09,N,7,0
2184,27,90000,MORTGAGE,6.0,PERSONAL,A,7500,7.14,0.08,N,8,0
2185,25,80000,MORTGAGE,1.0,VENTURE,A,3000,6.39,0.04,N,4,0
2186,28,70000,MORTGAGE,0.0,HOMEIMPROVEMENT,B,12000,11.11,0.17,N,6,0
2187,32,88000,RENT,1.0,EDUCATION,C,15000,13.47,0.17,N,5,0
2188,25,27600,RENT,2.0,DEBTCONSOLIDATION,A,4000,7.29,0.14,N,3,0
2189,23,47000,OWN,7.0,EDUCATION,B,15000,11.49,0.32,N,2,0
2190,24,66000,RENT,3.0,MEDICAL,B,2500,10.75,0.04,N,2,0
2191,24,52000,RENT,3.0,VENTURE,B,3500,11.86,0.07,N,4,0
2192,28,48000,OWN,4.0,EDUCATION,A,3000,7.49,0.06,N,9,0
2193,22,40000,RENT,1.0,EDUCATION,B,5000,12.53,0.13,N,4,0
2194,24,100000,MORTGAGE,8.0,VENTURE,B,2000,9.99,0.02,N,3,0
2195,34,63500,OWN,5.0,EDUCATION,B,6000,11.48,0.1,N,9,0
2196,25,60000,MORTGAGE,8.0,PERSONAL,A,12800,6.92,0.21,N,2,0
2197,25,150000,MORTGAGE,7.0,MEDICAL,A,12000,6.54,0.08,N,3,0
2198,25,74000,MORTGAGE,6.0,PERSONAL,B,12000,12.53,0.16,N,2,1
2199,40,60000,RENT,2.0,EDUCATION,A,3600,7.66,0.06,N,12,0
2200,25,50000,MORTGAGE,2.0,MEDICAL,B,3000,11.86,0.06,N,3,0
2201,50,80000,RENT,1.0,VENTURE,A,8000,9.63,0.1,N,12,0
2202,21,40000,RENT,0.0,VENTURE,A,2000,7.51,0.05,N,4,0
2203,28,65000,MORTGAGE,5.0,PERSONAL,B,7000,11.49,0.11,N,9,0
2204,21,65004,OWN,5.0,VENTURE,C,6000,12.87,0.09,N,4,0
2205,23,39000,MORTGAGE,5.0,PERSONAL,D,3000,14.96,0.08,Y,2,1
2206,28,34000,RENT,0.0,MEDICAL,D,11000,14.61,0.32,Y,8,1
2207,23,48000,MORTGAGE,3.0,PERSONAL,C,10000,13.49,0.21,N,2,0
2208,43,48600,MORTGAGE,0.0,DEBTCONSOLIDATION,D,25000,14.96,0.5,N,17,1
2209,24,80000,RENT,2.0,HOMEIMPROVEMENT,A,6000,7.9,0.07,N,2,0
2210,38,42200,RENT,7.0,MEDICAL,D,10000,16.49,0.24,N,13,1
2211,28,51000,RENT,12.0,VENTURE,A,1925,6.17,0.04,N,10,0
2212,25,84000,MORTGAGE,9.0,VENTURE,B,25000,11.26,0.3,N,2,0
2213,21,58000,RENT,4.0,EDUCATION,D,10000,15.7,0.17,Y,3,0
2214,21,45432,MORTGAGE,3.0,PERSONAL,B,10000,9.88,0.22,N,7,0
2215,25,31500,RENT,6.0,VENTURE,C,10000,13.48,0.32,N,3,1
2216,22,60000,RENT,3.0,PERSONAL,B,1500,10.65,0.03,N,4,0
2217,55,78000,MORTGAGE,3.0,PERSONAL,C,20000,15.96,0.26,Y,21,0
2218,25,50000,RENT,7.0,HOMEIMPROVEMENT,A,6000,7.49,0.12,N,4,0
2219,23,68000,MORTGAGE,7.0,PERSONAL,A,10000,5.79,0.15,N,2,0
2220,22,72000,MORTGAGE,3.0,EDUCATION,A,12000,7.29,0.17,N,4,0
2221,38,140000,MORTGAGE,9.0,EDUCATION,B,11000,9.63,0.08,N,12,0
2222,25,120000,MORTGAGE,3.0,VENTURE,A,6000,6.92,0.05,N,4,0
2223,22,89250,RENT,2.0,MEDICAL,D,7500,15.05,0.09,Y,3,1
2224,21,36000,RENT,5.0,EDUCATION,B,10000,10.37,0.28,N,4,0
2225,28,60000,RENT,7.0,VENTURE,D,5000,14.61,0.08,N,5,0
2226,31,36000,RENT,5.0,EDUCATION,A,8000,7.51,0.22,N,8,0
2227,31,80000,MORTGAGE,15.0,PERSONAL,B,6000,12.69,0.07,N,5,0
2228,22,25000,RENT,6.0,PERSONAL,B,3000,11.71,0.12,N,4,0
2229,39,85000,MORTGAGE,5.0,VENTURE,B,4000,9.25,0.05,N,16,0
2230,32,109500,MORTGAGE,6.0,EDUCATION,C,17500,13.92,0.16,N,8,0
2231,25,61200,MORTGAGE,9.0,PERSONAL,D,15000,15.58,0.24,Y,4,0
2232,24,69996,MORTGAGE,4.0,VENTURE,A,3250,6.39,0.05,N,3,0
2233,24,32000,RENT,6.0,EDUCATION,C,10000,13.98,0.31,Y,3,1
2234,32,65000,MORTGAGE,7.0,MEDICAL,A,10000,7.49,0.15,N,6,0
2235,32,60000,MORTGAGE,4.0,HOMEIMPROVEMENT,B,4000,10.74,0.07,N,10,0
2236,24,36000,MORTGAGE,8.0,PERSONAL,A,3600,5.79,0.1,N,4,0
2237,22,59000,MORTGAGE,4.0,VENTURE,F,6000,21.36,0.1,Y,2,1
2238,35,34000,RENT,4.0,PERSONAL,D,6400,17.49,0.19,Y,5,0
2239,32,56000,MORTGAGE,3.0,MEDICAL,A,6000,7.68,0.11,N,8,0
2240,23,45000,RENT,4.0,EDUCATION,A,14000,6.17,0.32,N,4,1
2241,24,60000,MORTGAGE,5.0,MEDICAL,A,16000,6.91,0.27,N,2,0
2242,24,30000,RENT,8.0,DEBTCONSOLIDATION,D,2400,15.62,0.08,Y,2,1
2243,25,100000,MORTGAGE,1.0,VENTURE,B,15000,10.99,0.15,N,3,0
2244,31,25200,RENT,0.0,HOMEIMPROVEMENT,D,8000,14.59,0.32,Y,6,1
2245,23,60000,MORTGAGE,7.0,EDUCATION,B,10000,12.18,0.17,N,4,0
2246,28,56000,RENT,0.0,MEDICAL,B,9000,10.65,0.16,N,7,0
2247,22,35496,RENT,5.0,VENTURE,D,3200,14.54,0.09,Y,3,1
2248,22,30000,RENT,3.0,PERSONAL,A,12000,8.49,0.4,N,2,1
2249,27,75000,MORTGAGE,2.0,PERSONAL,B,8000,10.99,0.11,N,10,0
2250,27,65000,MORTGAGE,2.0,PERSONAL,B,12000,9.88,0.18,N,7,0
2251,28,25000,RENT,12.0,VENTURE,B,5000,11.11,0.2,N,5,0
2252,24,50000,RENT,0.0,MEDICAL,C,16000,13.85,0.32,Y,4,1
2253,26,70000,MORTGAGE,5.0,VENTURE,A,8000,7.88,0.11,N,4,0
2254,22,36996,RENT,2.0,HOMEIMPROVEMENT,B,12000,11.58,0.33,N,2,1
2255,21,65000,MORTGAGE,5.0,EDUCATION,A,6000,7.49,0.09,N,4,0
2256,27,55000,RENT,3.0,HOMEIMPROVEMENT,B,20000,12.69,0.36,N,10,1
2257,26,76000,MORTGAGE,0.0,DEBTCONSOLIDATION,B,15000,11.36,0.2,N,4,0
2258,22,40000,RENT,3.0,MEDICAL,B,12000,11.71,0.3,N,3,0
2259,25,62000,RENT,5.0,HOMEIMPROVEMENT,B,12000,12.61,0.19,N,3,0
2260,22,44000,RENT,1.0,VENTURE,D,7000,16.07,0.16,Y,3,1
2261,22,72000,RENT,3.0,EDUCATION,B,11000,10.37,0.16,N,2,0
2262,23,36000,RENT,4.0,MEDICAL,D,8000,16.32,0.22,Y,3,1
2263,27,40000,RENT,6.0,MEDICAL,A,6000,7.88,0.15,N,9,0
2264,26,36000,RENT,0.0,PERSONAL,C,4000,13.49,0.11,Y,3,0
2265,26,60000,RENT,4.0,VENTURE,A,9000,5.79,0.15,N,3,0
2266,29,92000,MORTGAGE,5.0,VENTURE,A,6000,6.03,0.07,N,7,0
2267,29,40000,RENT,13.0,MEDICAL,B,6000,10.25,0.15,N,7,0
2268,22,50000,RENT,0.0,EDUCATION,C,10000,13.11,0.2,Y,3,0
2269,22,82000,MORTGAGE,6.0,EDUCATION,A,15000,7.88,0.18,N,2,0
2270,23,115000,MORTGAGE,4.0,PERSONAL,A,7300,8.94,0.07,N,2,0
2271,26,15000,RENT,0.0,DEBTCONSOLIDATION,D,2700,15.28,0.17,Y,4,1
2272,27,14400,RENT,0.0,DEBTCONSOLIDATION,B,2000,10.65,0.14,N,9,0
2273,27,200000,MORTGAGE,12.0,MEDICAL,A,15000,7.88,0.07,N,9,0
2274,22,42000,RENT,3.0,EDUCATION,A,7000,7.9,0.17,N,4,0
2275,28,45000,RENT,6.0,MEDICAL,A,10000,7.51,0.22,N,8,0
2276,31,60000,MORTGAGE,10.0,MEDICAL,B,6000,11.71,0.1,N,8,0
2277,29,69000,MORTGAGE,4.0,EDUCATION,D,15000,14.42,0.22,Y,7,1
2278,30,140000,MORTGAGE,14.0,PERSONAL,A,7000,5.42,0.05,N,10,0
2279,27,52728,RENT,4.0,DEBTCONSOLIDATION,C,5000,14.27,0.09,Y,7,0
2280,22,40000,RENT,2.0,MEDICAL,B,12000,12.18,0.3,N,3,0
2281,22,100000,MORTGAGE,1.0,EDUCATION,C,12000,13.22,0.12,Y,3,0
2282,24,60000,MORTGAGE,0.0,EDUCATION,B,8500,10.59,0.14,N,3,0
2283,26,60400,RENT,7.0,DEBTCONSOLIDATION,E,25000,17.93,0.4,Y,3,1
2284,23,85000,MORTGAGE,7.0,EDUCATION,F,20800,18.43,0.25,Y,3,0
2285,23,26004,RENT,1.0,PERSONAL,B,1800,10.95,0.07,N,2,0
2286,27,78000,MORTGAGE,0.0,DEBTCONSOLIDATION,A,8000,5.79,0.1,N,9,0
2287,26,85000,MORTGAGE,10.0,EDUCATION,A,8000,7.29,0.09,N,3,0
2288,32,52000,MORTGAGE,6.0,PERSONAL,A,7125,6.03,0.14,N,6,0
2289,29,50000,MORTGAGE,0.0,HOMEIMPROVEMENT,A,10000,8.59,0.2,N,8,0
2290,30,70000,MORTGAGE,0.0,DEBTCONSOLIDATION,A,10000,7.29,0.14,N,6,0
2291,35,80000,MORTGAGE,3.0,HOMEIMPROVEMENT,A,5000,6.62,0.06,N,6,0
2292,26,48000,RENT,6.0,MEDICAL,B,24000,11.71,0.51,N,3,1
2293,49,95000,MORTGAGE,12.0,HOMEIMPROVEMENT,A,5000,7.51,0.05,N,13,0
2294,35,28000,RENT,2.0,EDUCATION,D,10000,14.96,0.36,N,5,1
2295,22,60000,MORTGAGE,6.0,EDUCATION,A,5000,5.42,0.08,N,2,0
2296,25,29000,RENT,0.0,PERSONAL,E,5000,16.45,0.17,N,2,1
2297,32,70000,MORTGAGE,7.0,HOMEIMPROVEMENT,B,8000,9.62,0.11,N,6,0
2298,37,780000,RENT,9.0,HOMEIMPROVEMENT,B,7500,12.18,0.01,N,7,0
2299,23,85000,MORTGAGE,7.0,EDUCATION,A,7750,8.49,0.09,N,3,0
2300,26,48000,MORTGAGE,4.0,PERSONAL,C,8000,13.49,0.17,N,4,0
2301,29,50000,MORTGAGE,13.0,DEBTCONSOLIDATION,C,4000,13.99,0.08,Y,7,0
2302,26,70000,RENT,2.0,VENTURE,C,10000,13.48,0.14,N,4,0
2303,23,95000,RENT,0.0,MEDICAL,B,12000,12.69,0.13,N,2,0
2304,23,70000,RENT,3.0,DEBTCONSOLIDATION,B,10000,10.0,0.14,N,2,0
2305,28,14400,OWN,0.0,PERSONAL,E,2250,18.64,0.15,Y,9,1
2306,35,65000,MORTGAGE,19.0,VENTURE,A,8000,8.0,0.12,N,7,0
2307,37,130000,MORTGAGE,11.0,PERSONAL,A,10000,7.51,0.08,N,12,0
2308,24,60000,RENT,1.0,HOMEIMPROVEMENT,B,4800,9.99,0.08,N,4,0
2309,41,350000,MORTGAGE,5.0,DEBTCONSOLIDATION,A,15000,6.99,0.04,N,15,0
2310,34,70000,RENT,8.0,HOMEIMPROVEMENT,B,15000,10.0,0.21,N,9,0
2311,23,50004,RENT,1.0,EDUCATION,A,8000,7.68,0.16,N,4,0
2312,24,40000,RENT,1.0,MEDICAL,A,5000,7.9,0.13,N,3,0
2313,23,74800,MORTGAGE,7.0,MEDICAL,D,15000,14.96,0.16,Y,2,1
2314,25,110004,MORTGAGE,2.0,EDUCATION,C,15000,12.73,0.14,N,2,0
2315,24,45000,RENT,3.0,HOMEIMPROVEMENT,B,8000,11.11,0.18,N,3,0
2316,25,40000,RENT,0.0,HOMEIMPROVEMENT,B,4700,10.59,0.12,N,2,0
2317,23,50000,MORTGAGE,7.0,MEDICAL,A,6400,7.88,0.13,N,4,0
2318,23,84554,MORTGAGE,3.0,PERSONAL,A,3600,6.03,0.04,N,2,0
2319,34,58800,RENT,6.0,VENTURE,B,7000,10.36,0.12,N,10,0
2320,22,80000,RENT,6.0,EDUCATION,B,20000,10.99,0.25,N,3,0
2321,26,41004,RENT,1.0,MEDICAL,D,5000,15.28,0.12,Y,2,1
2322,33,60000,RENT,3.0,MEDICAL,C,12000,15.27,0.2,Y,9,0
2323,32,80000,MORTGAGE,6.0,HOMEIMPROVEMENT,B,12000,11.12,0.15,N,8,0
2324,33,150000,MORTGAGE,12.0,DEBTCONSOLIDATION,A,7000,7.29,0.05,N,9,0
2325,25,57000,RENT,7.0,PERSONAL,A,10000,8.0,0.18,N,2,0
2326,25,50663,RENT,2.0,EDUCATION,C,7500,12.53,0.15,N,4,0
2327,28,60000,MORTGAGE,12.0,HOMEIMPROVEMENT,C,6000,14.27,0.1,Y,6,0
2328,22,40000,MORTGAGE,0.0,MEDICAL,B,8000,12.18,0.2,N,2,0
2329,24,120000,RENT,1.0,PERSONAL,B,12000,11.49,0.1,N,4,0
2330,37,42000,RENT,0.0,MEDICAL,B,8000,9.99,0.19,N,15,0
2331,21,44000,RENT,4.0,DEBTCONSOLIDATION,D,12000,12.86,0.27,N,4,1
2332,25,44500,MORTGAGE,0.0,DEBTCONSOLIDATION,A,6000,8.63,0.13,N,4,0
2333,29,64800,RENT,0.0,EDUCATION,A,3500,7.29,0.06,N,8,0
2334,24,60000,MORTGAGE,0.0,DEBTCONSOLIDATION,B,15000,9.99,0.25,N,3,0
2335,23,42000,RENT,4.0,EDUCATION,C,2500,15.27,0.06,N,4,0
2336,28,34000,RENT,1.0,DEBTCONSOLIDATION,D,8000,14.83,0.24,N,10,1
2337,30,30000,MORTGAGE,1.0,HOMEIMPROVEMENT,C,6500,13.85,0.22,N,6,0
2338,29,28800,RENT,2.0,DEBTCONSOLIDATION,D,10000,14.96,0.35,Y,9,1
2339,31,80000,MORTGAGE,12.0,HOMEIMPROVEMENT,B,2500,10.99,0.03,N,6,0
2340,23,90000,MORTGAGE,7.0,VENTURE,A,6000,8.94,0.07,N,4,0
2341,24,38400,RENT,7.0,MEDICAL,C,3000,11.28,0.08,N,3,0
2342,33,110000,RENT,2.0,PERSONAL,B,20000,10.38,0.18,N,6,0
2343,23,78000,MORTGAGE,7.0,MEDICAL,C,20500,13.06,0.26,Y,3,0
2344,27,33600,RENT,11.0,MEDICAL,D,1500,14.96,0.04,N,5,1
2345,28,39960,RENT,2.0,MEDICAL,C,6000,13.49,0.15,N,9,0
2346,25,60000,MORTGAGE,10.0,EDUCATION,A,15000,9.63,0.25,N,4,0
2347,23,65000,MORTGAGE,3.0,EDUCATION,D,6000,12.8,0.09,N,3,0
2348,29,40000,RENT,7.0,PERSONAL,A,7000,8.59,0.17,N,8,0
2349,22,35000,RENT,5.0,DEBTCONSOLIDATION,B,6500,10.99,0.19,N,2,0
2350,29,54000,MORTGAGE,2.0,MEDICAL,A,2500,5.42,0.05,N,9,0
2351,23,61000,RENT,2.0,EDUCATION,E,12000,16.82,0.2,Y,4,0
2352,21,75000,MORTGAGE,5.0,EDUCATION,A,10000,7.9,0.13,N,4,0
2353,26,38000,RENT,5.0,VENTURE,C,8500,13.11,0.22,Y,4,0
2354,23,79000,RENT,0.0,PERSONAL,E,20000,17.04,0.25,Y,2,1
2355,29,64300,MORTGAGE,4.0,HOMEIMPROVEMENT,D,15000,15.33,0.22,Y,8,0
2356,22,40000,RENT,3.0,VENTURE,B,10000,12.18,0.25,N,2,0
2357,23,60000,MORTGAGE,1.0,VENTURE,B,12000,11.71,0.2,N,4,0
2358,21,70000,RENT,1.0,EDUCATION,B,4000,11.71,0.06,N,3,0
2359,33,70000,RENT,3.0,DEBTCONSOLIDATION,B,20000,11.83,0.29,N,6,0
2360,24,44000,RENT,8.0,MEDICAL,A,15000,8.9,0.34,N,3,1
2361,24,30000,RENT,3.0,DEBTCONSOLIDATION,D,1200,14.42,0.04,Y,2,1
2362,22,51000,RENT,5.0,VENTURE,A,3200,7.51,0.06,N,3,0
2363,30,28800,RENT,2.0,EDUCATION,A,6000,7.49,0.21,N,9,0
2364,25,52000,RENT,3.0,EDUCATION,B,10000,10.59,0.19,N,2,0
2365,29,40000,RENT,1.0,DEBTCONSOLIDATION,A,7000,8.9,0.17,N,7,0
2366,24,60000,RENT,3.0,EDUCATION,B,5600,10.59,0.09,N,4,0
2367,23,124000,MORTGAGE,7.0,EDUCATION,B,25000,11.83,0.19,N,2,0
2368,46,108000,RENT,4.0,MEDICAL,B,9000,12.42,0.08,N,16,0
2369,36,44000,MORTGAGE,8.0,MEDICAL,A,2000,5.79,0.05,N,11,0
2370,30,20000,RENT,4.0,VENTURE,D,4800,14.59,0.24,Y,5,0
2371,26,85000,MORTGAGE,3.0,EDUCATION,B,22000,9.91,0.25,N,3,0
2372,22,54000,MORTGAGE,6.0,PERSONAL,C,5200,13.48,0.1,Y,2,0
2373,23,58650,RENT,1.0,MEDICAL,F,25000,18.84,0.36,Y,4,1
2374,22,69000,RENT,6.0,EDUCATION,A,10000,6.62,0.14,N,4,0
2375,26,68000,MORTGAGE,5.0,DEBTCONSOLIDATION,A,15000,7.88,0.23,N,4,0
2376,27,50000,MORTGAGE,6.0,MEDICAL,B,15000,11.26,0.3,N,6,0
2377,41,36000,RENT,18.0,PERSONAL,A,7000,7.9,0.19,N,14,1
2378,28,33280,RENT,2.0,DEBTCONSOLIDATION,B,8400,11.89,0.25,N,6,0
2379,28,50000,MORTGAGE,6.0,HOMEIMPROVEMENT,A,12000,7.51,0.24,N,9,0
2380,30,41004,MORTGAGE,12.0,DEBTCONSOLIDATION,B,9000,12.53,0.21,N,7,0
2381,28,48000,RENT,12.0,PERSONAL,A,10000,9.07,0.21,N,9,0
2382,41,24000,MORTGAGE,3.0,HOMEIMPROVEMENT,C,6000,13.49,0.25,Y,11,0
2383,28,45000,MORTGAGE,10.0,VENTURE,C,11400,12.53,0.26,N,7,0
2384,32,52000,RENT,0.0,MEDICAL,B,3000,11.99,0.05,N,9,0
2385,21,53004,RENT,0.0,VENTURE,C,11000,13.79,0.21,Y,2,0
2386,21,25000,RENT,3.0,EDUCATION,C,6400,10.91,0.26,N,3,0
2387,23,30000,RENT,1.0,PERSONAL,B,15000,11.48,0.5,N,4,1
2388,22,43200,RENT,2.0,VENTURE,B,10000,10.74,0.23,N,2,0
2389,25,33000,RENT,0.0,MEDICAL,B,5000,11.71,0.15,N,2,0
2390,43,101004,MORTGAGE,9.0,MEDICAL,C,18000,13.35,0.18,Y,11,0
2391,23,32000,RENT,7.0,DEBTCONSOLIDATION,B,11200,10.65,0.36,N,2,1
2392,40,154000,MORTGAGE,18.0,PERSONAL,E,5000,16.45,0.03,Y,11,0
2393,24,60000,OTHER,0.0,HOMEIMPROVEMENT,C,15000,12.22,0.25,Y,2,0
2394,24,90000,RENT,8.0,HOMEIMPROVEMENT,A,16000,6.92,0.18,N,3,0
2395,34,120000,MORTGAGE,6.0,EDUCATION,B,25000,10.75,0.21,N,7,0
2396,22,60000,RENT,2.0,MEDICAL,A,3500,5.99,0.06,N,2,0
2397,23,45000,MORTGAGE,7.0,EDUCATION,A,6200,6.62,0.14,N,4,0
2398,22,50000,MORTGAGE,6.0,DEBTCONSOLIDATION,A,4775,7.49,0.09,N,4,0
2399,23,78000,RENT,7.0,DEBTCONSOLIDATION,B,10000,9.91,0.13,N,3,0
2400,22,71400,MORTGAGE,2.0,EDUCATION,A,8500,7.14,0.12,N,4,0
2401,30,60000,MORTGAGE,5.0,MEDICAL,B,5600,12.69,0.09,N,5,0
2402,31,63000,MORTGAGE,3.0,DEBTCONSOLIDATION,B,15000,9.88,0.24,N,10,0
2403,32,72000,MORTGAGE,11.0,PERSONAL,A,6400,7.29,0.09,N,7,0
2404,22,52000,RENT,2.0,EDUCATION,C,6000,12.99,0.12,Y,4,0
2405,28,125000,RENT,1.0,PERSONAL,A,10000,7.51,0.08,N,5,0
2406,24,40700,MORTGAGE,6.0,EDUCATION,D,20400,17.27,0.5,N,3,0
2407,27,30000,RENT,2.0,MEDICAL,C,5600,13.92,0.19,N,8,0
2408,24,70000,RENT,0.0,EDUCATION,B,16000,10.99,0.23,N,2,0
2409,31,70600,RENT,1.0,PERSONAL,F,9000,22.06,0.13,Y,6,0
2410,22,30000,OWN,0.0,PERSONAL,A,3000,7.29,0.1,N,3,0
2411,21,90000,MORTGAGE,5.0,MEDICAL,A,7200,8.0,0.08,N,3,0
2412,30,67000,RENT,1.0,EDUCATION,C,10000,13.06,0.15,Y,5,0
2413,57,53000,RENT,1.0,PERSONAL,D,1800,14.84,0.04,N,21,0
2414,26,24000,RENT,6.0,DEBTCONSOLIDATION,B,2500,10.37,0.1,N,2,0
2415,25,55000,RENT,9.0,HOMEIMPROVEMENT,B,8000,11.49,0.15,N,3,0
2416,26,77000,MORTGAGE,2.0,HOMEIMPROVEMENT,B,16000,10.99,0.21,N,3,0
2417,25,50000,MORTGAGE,5.0,MEDICAL,A,1900,5.99,0.04,N,4,0
2418,25,90000,RENT,6.0,MEDICAL,C,7000,12.73,0.08,N,4,0
2419,28,48000,MORTGAGE,13.0,MEDICAL,C,5000,14.65,0.1,N,8,1
2420,22,47000,RENT,6.0,EDUCATION,A,2700,8.9,0.05,N,2,0
2421,24,27000,RENT,9.0,DEBTCONSOLIDATION,B,7800,10.99,0.3,N,3,0
2422,34,60000,MORTGAGE,4.0,PERSONAL,A,4200,7.14,0.07,N,7,0
2423,23,60000,RENT,5.0,DEBTCONSOLIDATION,B,20000,11.36,0.33,N,4,1
2424,23,50000,MORTGAGE,7.0,EDUCATION,A,5000,5.79,0.1,N,3,0
2425,25,54000,RENT,8.0,EDUCATION,B,14800,9.88,0.27,N,4,0
2426,23,65000,MORTGAGE,5.0,PERSONAL,B,10000,9.88,0.15,N,4,0
2427,34,64000,MORTGAGE,14.0,MEDICAL,A,21000,7.9,0.32,N,5,0
2428,25,58000,MORTGAGE,0.0,DEBTCONSOLIDATION,A,6400,6.76,0.11,N,2,0
2429,24,31000,RENT,1.0,MEDICAL,A,10000,7.66,0.32,N,2,1
2430,24,50000,RENT,2.0,VENTURE,A,4000,6.76,0.08,N,2,0
2431,31,62200,RENT,0.0,DEBTCONSOLIDATION,E,14000,17.19,0.23,Y,10,1
2432,25,60000,MORTGAGE,3.0,HOMEIMPROVEMENT,A,8000,6.99,0.13,N,3,0
2433,24,82500,MORTGAGE,8.0,EDUCATION,B,18000,10.99,0.22,N,3,0
2434,24,90000,RENT,3.0,DEBTCONSOLIDATION,A,12000,6.54,0.13,N,2,0
2435,24,55000,RENT,2.0,EDUCATION,A,18000,8.49,0.32,N,4,1
2436,28,41000,RENT,0.0,EDUCATION,B,7700,9.88,0.19,N,8,0
2437,48,75000,MORTGAGE,5.0,EDUCATION,C,8000,13.47,0.11,Y,13,0
2438,28,95000,MORTGAGE,5.0,PERSONAL,A,5000,7.88,0.05,N,10,0
2439,23,70000,RENT,7.0,VENTURE,B,8000,11.49,0.11,N,4,0
2440,30,33600,RENT,7.0,MEDICAL,C,5000,14.27,0.15,N,5,0
2441,30,125000,MORTGAGE,6.0,VENTURE,B,25000,11.12,0.2,N,6,0
2442,24,90000,MORTGAGE,8.0,VENTURE,B,12000,10.99,0.13,N,4,0
2443,26,71000,OWN,4.0,PERSONAL,B,4000,9.99,0.06,N,3,0
2444,32,85000,MORTGAGE,2.0,PERSONAL,B,7200,10.65,0.08,N,10,0
2445,29,68004,MORTGAGE,5.0,EDUCATION,A,4000,6.76,0.06,N,8,0
2446,27,100000,MORTGAGE,11.0,PERSONAL,A,35000,8.9,0.35,N,5,0
2447,21,29000,RENT,2.0,PERSONAL,D,6000,15.62,0.21,N,2,1
2448,23,60000,RENT,4.0,EDUCATION,D,8000,15.65,0.13,Y,3,0
2449,34,40000,RENT,0.0,PERSONAL,B,1000,10.59,0.03,N,10,0
2450,23,52800,RENT,7.0,PERSONAL,B,4800,10.99,0.09,N,4,0
2451,21,90000,RENT,5.0,HOMEIMPROVEMENT,B,7200,12.69,0.08,N,2,1
2452,24,72000,RENT,6.0,MEDICAL,C,10000,13.22,0.14,Y,2,0
2453,28,50500,RENT,5.0,VENTURE,A,10000,7.51,0.2,N,7,0
2454,32,40000,MORTGAGE,16.0,MEDICAL,B,18000,9.91,0.44,N,6,0
2455,24,42000,RENT,8.0,DEBTCONSOLIDATION,B,8000,10.65,0.19,N,4,0
2456,23,142000,RENT,3.0,VENTURE,D,24250,15.31,0.17,N,2,0
2457,22,62000,MORTGAGE,6.0,PERSONAL,C,7750,14.22,0.13,Y,2,0
2458,34,48000,RENT,3.0,MEDICAL,C,10000,12.68,0.21,Y,7,0
2459,26,121000,MORTGAGE,10.0,PERSONAL,D,35000,14.59,0.42,N,3,1
2460,24,138000,MORTGAGE,0.0,DEBTCONSOLIDATION,A,8000,5.79,0.06,N,3,0
2461,25,80000,RENT,0.0,VENTURE,B,18000,11.71,0.23,N,2,0
2462,36,65000,MORTGAGE,8.0,EDUCATION,A,10000,7.51,0.15,N,17,0
2463,27,50000,MORTGAGE,4.0,DEBTCONSOLIDATION,B,15000,11.71,0.3,N,7,0
2464,29,50000,RENT,2.0,DEBTCONSOLIDATION,B,15000,10.99,0.3,N,6,0
2465,27,140000,MORTGAGE,11.0,PERSONAL,B,6000,10.99,0.04,N,6,0
2466,23,24000,RENT,0.0,MEDICAL,A,3000,8.49,0.13,N,2,0
2467,31,62500,MORTGAGE,2.0,PERSONAL,B,4000,9.91,0.06,N,10,0
2468,32,25000,RENT,2.0,VENTURE,B,5000,9.91,0.2,N,7,0
2469,23,50004,RENT,5.0,MEDICAL,B,15000,11.49,0.3,N,2,0
2470,30,97000,MORTGAGE,7.0,HOMEIMPROVEMENT,D,25000,14.59,0.26,Y,5,0
2471,31,24000,MORTGAGE,4.0,HOMEIMPROVEMENT,B,7000,11.99,0.29,N,5,0
2472,24,74970,RENT,5.0,DEBTCONSOLIDATION,A,12000,7.29,0.15,N,3,0
2473,24,57720,MORTGAGE,8.0,DEBTCONSOLIDATION,C,17400,12.99,0.28,N,2,0
2474,26,62000,RENT,3.0,VENTURE,B,13000,9.99,0.21,N,2,0
2475,27,20000,RENT,1.0,HOMEIMPROVEMENT,A,2400,7.49,0.12,N,10,0
2476,29,50000,RENT,4.0,PERSONAL,B,10000,9.91,0.2,N,5,0
2477,30,42000,RENT,2.0,MEDICAL,A,4600,6.03,0.11,N,8,0
2478,22,75000,RENT,6.0,EDUCATION,A,6475,6.99,0.09,N,2,0
2479,46,51996,RENT,5.0,MEDICAL,C,7000,13.98,0.13,N,16,0
2480,22,67641,RENT,3.0,EDUCATION,C,10000,12.23,0.15,Y,2,0
2481,30,130000,RENT,5.0,VENTURE,B,10000,11.11,0.08,N,7,0
2482,28,126000,RENT,0.0,MEDICAL,C,8000,13.92,0.06,Y,8,0
2483,24,40000,RENT,4.0,DEBTCONSOLIDATION,C,15000,14.27,0.38,Y,3,1
2484,23,36000,MORTGAGE,8.0,EDUCATION,B,7000,10.95,0.19,N,2,0
2485,22,70000,MORTGAGE,6.0,PERSONAL,B,6000,11.11,0.09,N,3,0
2486,26,87000,MORTGAGE,4.0,DEBTCONSOLIDATION,A,8000,5.42,0.09,N,2,0
2487,23,92000,MORTGAGE,5.0,PERSONAL,A,17600,7.51,0.2,N,4,0
2488,29,48000,RENT,4.0,MEDICAL,C,1400,14.79,0.03,Y,6,0
2489,23,58000,RENT,2.0,VENTURE,B,12000,12.42,0.21,N,3,0
2490,35,55000,MORTGAGE,5.0,DEBTCONSOLIDATION,A,12000,7.88,0.22,N,5,0
2491,31,50000,RENT,8.0,MEDICAL,A,6000,6.99,0.12,N,10,0
2492,22,80000,RENT,6.0,PERSONAL,C,10000,13.57,0.13,Y,4,0
2493,36,120000,OWN,7.0,VENTURE,B,5000,10.65,0.04,N,12,0
2494,25,60000,RENT,3.0,PERSONAL,A,15000,6.62,0.25,N,3,0
2495,24,42000,MORTGAGE,5.0,DEBTCONSOLIDATION,B,3000,11.99,0.07,N,4,0
2496,31,18000,RENT,1.0,PERSONAL,C,4000,13.48,0.22,N,9,1
2497,23,42000,RENT,7.0,MEDICAL,A,7000,8.94,0.17,N,2,0
2498,21,40000,RENT,2.0,PERSONAL,B,5000,11.36,0.13,N,3,0
2499,35,40792,RENT,4.0,HOMEIMPROVEMENT,A,2000,7.88,0.05,N,8,0
2500,21,45432,RENT,4.0,EDUCATION,B,4000,9.88,0.09,N,4,0
2501,22,60000,RENT,0.0,MEDICAL,C,12000,13.22,0.2,Y,3,0
2502,32,50000,MORTGAGE,5.0,PERSONAL,A,11000,8.49,0.22,N,9,0
2503,22,45000,MORTGAGE,6.0,PERSONAL,A,6000,6.62,0.13,N,3,0
2504,24,125000,MORTGAGE,2.0,EDUCATION,B,24000,11.36,0.19,N,3,0
2505,31,87000,MORTGAGE,5.0,HOMEIMPROVEMENT,A,15000,5.79,0.17,N,8,0
2506,22,50000,RENT,4.0,EDUCATION,A,7000,7.14,0.14,N,3,0
2507,31,90000,RENT,0.0,PERSONAL,B,6000,10.75,0.07,N,6,0
2508,23,45000,RENT,1.0,VENTURE,C,10000,13.11,0.22,Y,2,0
2509,31,128000,RENT,3.0,PERSONAL,D,25000,15.28,0.2,Y,5,1
2510,22,65219,MORTGAGE,3.0,VENTURE,D,21000,16.49,0.32,Y,4,0
2511,21,30000,RENT,5.0,EDUCATION,B,13250,11.49,0.44,N,2,1
2512,29,90000,RENT,2.0,PERSONAL,C,3000,13.22,0.03,Y,5,0
2513,32,67000,MORTGAGE,16.0,MEDICAL,A,3000,6.03,0.04,N,6,0
2514,22,40000,RENT,1.0,MEDICAL,C,4000,13.48,0.1,Y,2,0
2515,38,90000,MORTGAGE,5.0,EDUCATION,A,10000,8.49,0.11,N,13,0
2516,25,120000,MORTGAGE,2.0,HOMEIMPROVEMENT,A,12000,7.29,0.1,N,3,0
2517,29,47000,RENT,1.0,VENTURE,A,6000,9.32,0.13,N,6,0
2518,24,60000,RENT,8.0,MEDICAL,A,7000,7.51,0.12,N,4,0
2519,26,49600,RENT,7.0,MEDICAL,A,12500,6.54,0.25,N,2,0
2520,29,85000,RENT,2.0,VENTURE,C,10000,13.49,0.12,N,6,0
2521,25,75000,RENT,4.0,VENTURE,A,7000,6.92,0.09,N,2,0
2522,28,48000,MORTGAGE,4.0,VENTURE,A,3000,5.79,0.06,N,7,0
2523,41,114996,MORTGAGE,16.0,VENTURE,B,24000,11.36,0.21,N,11,0
2524,25,65000,MORTGAGE,6.0,HOMEIMPROVEMENT,A,3000,5.42,0.05,N,3,0
2525,39,30000,RENT,4.0,MEDICAL,B,6300,11.71,0.22,N,14,0
2526,24,42000,RENT,6.0,VENTURE,B,7000,10.37,0.17,N,2,0
2527,38,69996,OWN,14.0,EDUCATION,A,3000,7.49,0.04,N,11,0
2528,25,44000,RENT,2.0,DEBTCONSOLIDATION,A,6000,5.79,0.14,N,4,0
2529,23,75000,RENT,5.0,EDUCATION,A,12000,6.17,0.16,N,3,0
2530,31,58000,RENT,4.0,HOMEIMPROVEMENT,A,10000,6.54,0.17,N,10,0
2531,22,75000,RENT,6.0,DEBTCONSOLIDATION,A,12000,7.49,0.16,N,2,0
2532,24,130000,MORTGAGE,8.0,VENTURE,A,18000,7.88,0.14,N,4,0
2533,32,120000,MORTGAGE,16.0,HOMEIMPROVEMENT,D,25000,15.95,0.21,N,8,0
2534,24,65000,MORTGAGE,6.0,EDUCATION,A,17000,7.88,0.25,N,3,0
2535,27,45000,MORTGAGE,1.0,HOMEIMPROVEMENT,B,11000,11.86,0.24,N,9,0
2536,26,70000,RENT,3.0,HOMEIMPROVEMENT,A,4000,7.51,0.06,N,3,0
2537,21,34000,MORTGAGE,3.0,HOMEIMPROVEMENT,C,12000,13.79,0.36,N,2,1
2538,24,70000,MORTGAGE,4.0,VENTURE,A,7000,8.0,0.1,N,3,0
2539,35,31000,RENT,5.0,DEBTCONSOLIDATION,D,4750,14.42,0.15,Y,9,1
2540,23,63000,RENT,0.0,EDUCATION,B,5000,9.99,0.08,N,2,0
2541,22,66000,RENT,1.0,HOMEIMPROVEMENT,E,15000,14.82,0.23,N,4,1
2542,29,47133,RENT,5.0,DEBTCONSOLIDATION,B,4000,9.99,0.09,N,6,0
2543,23,36000,RENT,2.0,EDUCATION,A,8400,7.51,0.23,N,2,0
2544,33,89018,MORTGAGE,17.0,PERSONAL,B,5800,9.62,0.07,N,8,0
2545,23,35000,RENT,5.0,DEBTCONSOLIDATION,A,5000,7.29,0.14,N,4,0
2546,28,29000,RENT,12.0,MEDICAL,D,11000,16.29,0.38,N,5,1
2547,32,45000,RENT,2.0,DEBTCONSOLIDATION,A,4500,7.51,0.1,N,10,0
2548,24,112000,RENT,8.0,EDUCATION,B,5000,9.25,0.04,N,3,0
2549,22,31000,RENT,5.0,VENTURE,B,3600,10.83,0.12,N,3,1
2550,24,50000,MORTGAGE,8.0,DEBTCONSOLIDATION,A,12000,7.9,0.24,N,4,0
2551,22,60000,RENT,2.0,EDUCATION,B,7500,10.99,0.13,N,2,0
2552,24,100000,MORTGAGE,8.0,HOMEIMPROVEMENT,B,3000,11.71,0.03,N,3,0
2553,34,75000,RENT,4.0,MEDICAL,A,10000,7.51,0.13,N,8,0
2554,22,60000,RENT,7.0,MEDICAL,C,15000,13.35,0.25,Y,2,0
2555,24,18000,RENT,0.0,HOMEIMPROVEMENT,D,3575,17.49,0.21,N,3,1
2556,22,82500,RENT,4.0,EDUCATION,A,3500,8.49,0.04,N,2,0
2557,50,93450,RENT,0.0,HOMEIMPROVEMENT,B,15000,11.58,0.16,N,12,0
2558,30,54000,RENT,1.0,DEBTCONSOLIDATION,C,10000,13.79,0.19,N,7,0
2559,32,72000,MORTGAGE,7.0,PERSONAL,C,15000,15.96,0.21,Y,7,1
2560,27,50000,RENT,0.0,VENTURE,A,2000,6.54,0.04,N,8,0
2561,24,60000,RENT,9.0,DEBTCONSOLIDATION,C,8400,13.11,0.14,N,4,0
2562,30,125000,MORTGAGE,9.0,EDUCATION,A,6000,7.88,0.05,N,10,0
2563,30,38400,MORTGAGE,1.0,VENTURE,B,3000,9.59,0.08,N,6,0
2564,24,73000,MORTGAGE,7.0,DEBTCONSOLIDATION,C,16000,13.79,0.22,Y,3,1
2565,23,71400,MORTGAGE,7.0,MEDICAL,B,24250,11.83,0.3,N,3,1
2566,26,80000,MORTGAGE,5.0,HOMEIMPROVEMENT,B,4800,10.99,0.06,N,2,0
2567,22,48996,RENT,6.0,MEDICAL,A,12000,7.88,0.24,N,4,0
2568,25,24996,RENT,0.0,PERSONAL,A,5000,5.99,0.2,N,4,0
2569,32,30000,RENT,16.0,HOMEIMPROVEMENT,A,3000,7.29,0.1,N,9,0
2570,33,66000,MORTGAGE,14.0,PERSONAL,D,11225,15.33,0.17,Y,7,0
2571,24,85000,MORTGAGE,0.0,PERSONAL,A,8000,7.14,0.09,N,4,0
2572,24,100000,MORTGAGE,3.0,PERSONAL,A,20000,6.54,0.2,N,4,0
2573,43,40000,MORTGAGE,1.0,PERSONAL,A,5000,6.99,0.13,N,14,0
2574,24,119000,MORTGAGE,2.0,VENTURE,C,30000,15.23,0.25,N,2,0
2575,23,31200,RENT,5.0,VENTURE,A,2000,7.29,0.06,N,2,0
2576,25,60000,RENT,5.0,MEDICAL,B,20000,10.65,0.33,N,4,1
2577,22,44000,RENT,1.0,DEBTCONSOLIDATION,B,11000,10.37,0.25,N,3,0
2578,28,57000,MORTGAGE,0.0,HOMEIMPROVEMENT,D,15000,15.62,0.26,Y,5,0
2579,31,40000,RENT,7.0,DEBTCONSOLIDATION,B,3600,11.71,0.09,N,10,0
2580,26,71000,RENT,10.0,HOMEIMPROVEMENT,A,4200,7.29,0.06,N,3,0
2581,26,68000,MORTGAGE,10.0,PERSONAL,A,3000,7.88,0.04,N,3,0
2582,32,150000,RENT,0.0,MEDICAL,A,12000,7.88,0.08,N,6,0
2583,25,125000,MORTGAGE,3.0,EDUCATION,A,14000,7.9,0.11,N,2,0
2584,30,60000,MORTGAGE,4.0,HOMEIMPROVEMENT,A,6000,5.79,0.1,N,5,0
2585,25,90000,MORTGAGE,4.0,EDUCATION,C,5500,12.73,0.06,Y,4,0
2586,32,57996,RENT,2.0,HOMEIMPROVEMENT,C,8000,13.61,0.14,N,9,0
2587,27,140000,RENT,9.0,PERSONAL,A,8000,9.32,0.06,N,8,0
2588,23,60350,RENT,1.0,PERSONAL,A,10000,8.94,0.17,N,4,0
2589,33,15600,RENT,2.0,MEDICAL,A,2800,7.4,0.18,N,5,0
2590,43,60000,MORTGAGE,24.0,PERSONAL,A,10000,7.49,0.17,N,15,0
2591,37,65000,MORTGAGE,21.0,VENTURE,B,10000,10.65,0.15,N,11,0
2592,25,48000,RENT,1.0,VENTURE,C,3000,14.26,0.06,Y,4,0
2593,39,91800,MORTGAGE,5.0,MEDICAL,C,25000,13.43,0.27,N,16,1
2594,24,48000,RENT,6.0,MEDICAL,D,10000,14.11,0.21,Y,3,0
2595,24,60000,RENT,0.0,VENTURE,A,20000,8.9,0.33,N,4,1
2596,25,66300,RENT,6.0,MEDICAL,D,20000,13.99,0.26,Y,3,1
2597,24,45000,MORTGAGE,8.0,VENTURE,B,1450,11.49,0.03,N,2,0
2598,32,50000,RENT,8.0,MEDICAL,B,10000,9.88,0.2,N,6,0
2599,31,55000,MORTGAGE,6.0,VENTURE,D,10000,17.58,0.18,N,6,0
2600,38,75000,MORTGAGE,6.0,DEBTCONSOLIDATION,A,15000,7.51,0.2,N,14,0
2601,28,44000,RENT,4.0,PERSONAL,C,2000,15.62,0.05,N,6,0
2602,32,43000,MORTGAGE,4.0,EDUCATION,D,8000,16.0,0.19,Y,6,0
2603,25,57000,RENT,3.0,MEDICAL,A,7000,8.94,0.12,N,2,0
2604,23,45000,MORTGAGE,7.0,PERSONAL,C,2500,12.73,0.06,Y,3,0
2605,27,39000,RENT,4.0,MEDICAL,D,7000,18.07,0.18,N,9,1
2606,26,45000,MORTGAGE,10.0,HOMEIMPROVEMENT,B,10000,10.99,0.22,N,2,0
2607,27,54000,OWN,2.0,HOMEIMPROVEMENT,B,2500,11.14,0.05,N,7,0
2608,23,75000,MORTGAGE,4.0,MEDICAL,B,15000,11.14,0.2,N,4,0
2609,38,95000,MORTGAGE,5.0,MEDICAL,B,10000,10.65,0.11,N,14,0
2610,34,50000,MORTGAGE,0.0,HOMEIMPROVEMENT,B,2400,11.49,0.05,N,9,0
2611,24,80000,MORTGAGE,3.0,VENTURE,A,5000,7.51,0.06,N,4,0
2612,22,24000,RENT,4.0,MEDICAL,A,5600,5.42,0.23,N,4,0
2613,27,65000,MORTGAGE,0.0,HOMEIMPROVEMENT,A,10000,7.51,0.15,N,5,0
2614,28,59520,MORTGAGE,9.0,PERSONAL,B,6000,10.37,0.1,N,7,0
2615,25,55000,MORTGAGE,9.0,DEBTCONSOLIDATION,B,15000,10.38,0.27,N,4,0
2616,24,105000,MORTGAGE,3.0,HOMEIMPROVEMENT,A,26375,6.91,0.24,N,3,0
2617,35,78000,MORTGAGE,3.0,DEBTCONSOLIDATION,B,7500,10.99,0.09,N,6,0
2618,27,37676,OWN,4.0,PERSONAL,A,7500,7.51,0.2,N,8,0
2619,26,36000,OWN,6.0,PERSONAL,A,5500,6.99,0.15,N,3,0
2620,27,113000,RENT,4.0,MEDICAL,B,5000,10.37,0.04,N,6,0
2621,33,25000,RENT,14.0,EDUCATION,B,8000,11.49,0.32,N,10,1
2622,31,62000,RENT,0.0,EDUCATION,B,4000,10.99,0.06,N,9,0
2623,34,25000,RENT,0.0,MEDICAL,C,6400,13.49,0.27,Y,6,0
2624,23,200000,RENT,7.0,MEDICAL,B,9000,11.48,0.04,N,3,0
2625,24,71400,MORTGAGE,1.0,MEDICAL,D,14000,15.65,0.17,Y,2,1
2626,25,72000,MORTGAGE,9.0,VENTURE,A,6000,7.88,0.08,N,2,0
2627,22,27996,RENT,0.0,VENTURE,A,12250,7.51,0.44,N,4,1
2628,27,24000,RENT,2.0,MEDICAL,B,2500,11.49,0.1,N,6,0
2629,38,75000,OWN,7.0,VENTURE,A,18000,6.62,0.24,N,16,0
2630,26,200000,MORTGAGE,0.0,DEBTCONSOLIDATION,B,35000,11.48,0.17,N,3,0
2631,28,18000,RENT,6.0,EDUCATION,B,5000,9.96,0.28,N,9,0
2632,26,35000,RENT,1.0,PERSONAL,B,8000,10.99,0.23,N,4,0
2633,25,68848,RENT,5.0,DEBTCONSOLIDATION,A,8000,9.63,0.12,N,3,0
2634,25,58977,RENT,0.0,HOMEIMPROVEMENT,C,17400,13.49,0.31,N,2,1
2635,23,95000,RENT,1.0,VENTURE,B,17000,10.99,0.18,N,3,0
2636,22,99000,RENT,5.0,VENTURE,A,12000,6.17,0.12,N,4,0
2637,21,30000,RENT,2.0,DEBTCONSOLIDATION,B,6000,10.99,0.2,N,2,0
2638,28,65004,MORTGAGE,5.0,VENTURE,A,15000,8.94,0.23,N,6,0
2639,24,46000,RENT,1.0,DEBTCONSOLIDATION,D,12000,14.96,0.26,Y,2,1
2640,29,87600,MORTGAGE,15.0,MEDICAL,B,4000,11.49,0.04,N,6,1
2641,27,90000,MORTGAGE,6.0,VENTURE,A,6000,6.76,0.07,N,9,0
2642,24,38000,RENT,0.0,VENTURE,B,5000,11.58,0.13,N,3,0
2643,22,35004,RENT,0.0,EDUCATION,A,7200,7.29,0.21,N,2,0
2644,28,50000,MORTGAGE,3.0,PERSONAL,A,3400,7.9,0.07,N,7,0
2645,23,50000,RENT,7.0,PERSONAL,B,15000,10.25,0.3,N,2,0
2646,23,80000,RENT,0.0,VENTURE,C,6000,13.49,0.07,N,2,0
2647,26,95000,RENT,6.0,EDUCATION,A,7275,6.91,0.08,N,3,0
2648,26,120000,MORTGAGE,10.0,HOMEIMPROVEMENT,B,10000,11.71,0.08,N,2,0
2649,21,30000,RENT,5.0,MEDICAL,B,4000,9.99,0.13,N,3,0
2650,30,86000,RENT,6.0,EDUCATION,C,16000,13.49,0.19,Y,7,0
2651,38,90000,MORTGAGE,6.0,VENTURE,A,2000,8.0,0.02,N,16,0
2652,28,110000,MORTGAGE,12.0,VENTURE,A,10000,7.14,0.09,N,8,0
2653,32,50000,RENT,4.0,DEBTCONSOLIDATION,B,10000,10.65,0.2,N,9,0
2654,30,33000,RENT,1.0,DEBTCONSOLIDATION,D,6000,16.49,0.18,Y,6,1
2655,22,75000,MORTGAGE,3.0,VENTURE,A,5200,8.49,0.07,N,3,0
2656,23,25000,OWN,5.0,EDUCATION,A,10000,8.0,0.4,N,4,0
2657,39,66000,RENT,2.0,DEBTCONSOLIDATION,C,5000,14.79,0.08,N,16,0
2658,35,120000,MORTGAGE,11.0,DEBTCONSOLIDATION,A,8000,6.03,0.07,N,5,0
2659,28,80000,RENT,0.0,HOMEIMPROVEMENT,C,14625,13.72,0.18,N,10,0
2660,27,62000,MORTGAGE,3.0,HOMEIMPROVEMENT,A,4800,7.51,0.08,N,6,0
2661,29,35000,RENT,2.0,DEBTCONSOLIDATION,A,4000,7.88,0.11,N,8,0
2662,37,60000,RENT,0.0,EDUCATION,C,9600,13.23,0.16,Y,14,0
2663,25,80000,MORTGAGE,3.0,HOMEIMPROVEMENT,B,16000,10.38,0.2,N,4,0
2664,22,32000,RENT,4.0,EDUCATION,A,5000,6.03,0.16,N,4,0
2665,22,51996,MORTGAGE,6.0,EDUCATION,B,15000,10.59,0.29,N,4,0
2666,23,33195,RENT,5.0,MEDICAL,A,2500,7.29,0.07,N,3,0
2667,26,42000,RENT,3.0,EDUCATION,E,3000,17.99,0.07,Y,3,0
2668,26,35000,RENT,0.0,MEDICAL,A,12000,9.63,0.34,N,2,1
2669,23,80000,RENT,0.0,VENTURE,A,8000,9.63,0.1,N,2,0
2670,27,102000,RENT,2.0,PERSONAL,B,7000,11.46,0.07,N,5,0
2671,25,48000,RENT,1.0,MEDICAL,C,8000,12.61,0.17,Y,4,0
2672,25,62400,MORTGAGE,5.0,VENTURE,A,8000,6.62,0.13,N,2,0
2673,32,105000,RENT,15.0,EDUCATION,B,20000,10.62,0.19,N,5,0
2674,27,140000,MORTGAGE,12.0,MEDICAL,B,24100,11.83,0.17,N,7,0
2675,26,80000,MORTGAGE,10.0,HOMEIMPROVEMENT,B,5500,11.99,0.07,N,4,0
2676,23,30000,RENT,0.0,EDUCATION,A,2000,7.9,0.07,N,4,0
2677,23,83000,MORTGAGE,7.0,EDUCATION,A,2700,6.03,0.03,N,4,0
2678,37,99000,RENT,15.0,HOMEIMPROVEMENT,B,12000,11.14,0.12,N,12,0
2679,23,55000,RENT,3.0,EDUCATION,C,8400,13.99,0.15,N,3,0
2680,27,175000,RENT,1.0,VENTURE,B,15000,12.69,0.09,N,5,0
2681,31,100000,MORTGAGE,11.0,EDUCATION,B,17600,11.83,0.18,N,5,0
2682,26,25000,RENT,8.0,DEBTCONSOLIDATION,C,8500,13.11,0.34,N,4,0
2683,22,30000,RENT,1.0,DEBTCONSOLIDATION,C,9000,15.96,0.3,N,3,0
2684,25,49635,MORTGAGE,3.0,PERSONAL,A,12000,7.29,0.24,N,3,0
2685,24,45000,RENT,8.0,PERSONAL,B,11000,10.62,0.24,N,4,0
2686,28,50000,OWN,12.0,PERSONAL,C,4000,13.61,0.08,Y,7,0
2687,25,44000,MORTGAGE,5.0,PERSONAL,C,6000,13.98,0.14,N,2,1
2688,22,46000,RENT,3.0,DEBTCONSOLIDATION,A,5300,8.9,0.11,N,3,0
2689,22,80000,RENT,0.0,EDUCATION,A,4000,6.17,0.05,N,4,0
2690,23,30000,RENT,3.0,DEBTCONSOLIDATION,A,1200,7.51,0.04,N,4,0
2691,45,140000,MORTGAGE,9.0,EDUCATION,A,4000,7.88,0.03,N,17,0
2692,35,60000,MORTGAGE,19.0,PERSONAL,B,21000,12.42,0.35,N,9,0
2693,31,28800,OWN,0.0,VENTURE,C,6000,15.96,0.21,Y,8,0
2694,21,30000,RENT,0.0,EDUCATION,A,5500,5.79,0.18,N,4,0
2695,34,63000,MORTGAGE,3.0,DEBTCONSOLIDATION,A,8000,7.88,0.13,N,9,0
2696,26,30000,RENT,2.0,DEBTCONSOLIDATION,B,2000,10.95,0.07,N,3,0
2697,23,60000,RENT,2.0,EDUCATION,A,10000,6.03,0.17,N,2,0
2698,25,25000,RENT,0.0,EDUCATION,B,5000,11.49,0.2,N,3,0
2699,29,55000,MORTGAGE,3.0,HOMEIMPROVEMENT,B,12000,12.69,0.22,N,8,0
2700,30,49000,RENT,4.0,MEDICAL,A,2400,5.79,0.05,N,10,0
2701,23,30000,RENT,0.0,EDUCATION,A,3000,7.4,0.1,N,3,0
2702,33,50000,RENT,1.0,EDUCATION,A,3000,7.49,0.06,N,6,0
2703,22,54000,RENT,6.0,VENTURE,B,10000,10.62,0.19,N,3,0
2704,22,60000,MORTGAGE,6.0,VENTURE,B,12000,10.37,0.2,N,3,0
2705,22,52000,MORTGAGE,6.0,MEDICAL,A,12700,7.29,0.23,N,4,0
2706,30,44000,RENT,3.0,DEBTCONSOLIDATION,C,19000,12.99,0.4,Y,5,1
2707,28,90000,RENT,0.0,DEBTCONSOLIDATION,C,11000,13.49,0.12,N,7,0
2708,23,50000,MORTGAGE,7.0,MEDICAL,A,3000,6.99,0.06,N,3,0
2709,31,72000,MORTGAGE,12.0,DEBTCONSOLIDATION,A,5000,7.14,0.07,N,8,0
2710,28,90000,RENT,5.0,PERSONAL,B,4000,10.37,0.04,N,7,0
2711,47,65416,MORTGAGE,8.0,PERSONAL,B,13800,9.99,0.22,N,15,0
2712,30,47110,MORTGAGE,5.0,EDUCATION,B,8000,10.0,0.17,N,9,0
2713,23,42000,RENT,3.0,EDUCATION,A,2000,7.66,0.05,N,3,0
2714,24,60000,MORTGAGE,8.0,PERSONAL,B,1800,11.46,0.03,N,4,0
2715,36,52000,OWN,2.0,VENTURE,A,8000,7.51,0.15,N,12,0
2716,47,40000,MORTGAGE,12.0,EDUCATION,D,12800,16.77,0.32,N,15,0
2717,39,90000,RENT,0.0,MEDICAL,B,15000,12.69,0.17,N,13,0
2718,25,90000,MORTGAGE,9.0,VENTURE,B,18000,12.42,0.2,N,3,0
2719,26,33800,RENT,2.0,DEBTCONSOLIDATION,D,10000,15.95,0.3,N,3,1
2720,31,49000,RENT,2.0,EDUCATION,A,7500,6.62,0.16,N,5,0
2721,24,29004,MORTGAGE,3.0,MEDICAL,A,10000,7.51,0.34,N,4,1
2722,24,98400,MORTGAGE,8.0,MEDICAL,B,8000,10.99,0.08,N,2,0
2723,23,120000,MORTGAGE,7.0,EDUCATION,B,6000,11.49,0.05,N,4,0
2724,34,70000,MORTGAGE,13.0,EDUCATION,A,4000,6.54,0.06,N,6,0
2725,29,45000,RENT,1.0,HOMEIMPROVEMENT,A,10000,8.94,0.22,N,7,0
2726,27,64000,RENT,6.0,DEBTCONSOLIDATION,C,6000,12.99,0.09,N,10,0
2727,23,72000,MORTGAGE,7.0,PERSONAL,A,25000,7.51,0.35,N,4,0
2728,28,32000,RENT,1.0,MEDICAL,C,11700,13.06,0.36,Y,8,1
2729,22,55000,RENT,6.0,EDUCATION,B,6000,11.49,0.11,N,3,0
2730,23,40000,RENT,4.0,VENTURE,A,1000,5.99,0.03,N,2,0
2731,22,56004,MORTGAGE,6.0,MEDICAL,A,6000,7.88,0.11,N,2,0
2732,30,96000,MORTGAGE,4.0,HOMEIMPROVEMENT,A,3000,5.79,0.03,N,8,0
2733,25,55000,RENT,1.0,DEBTCONSOLIDATION,D,9600,12.17,0.17,N,4,0
2734,28,26004,RENT,2.0,DEBTCONSOLIDATION,B,5000,11.86,0.19,N,5,0
2735,31,120000,MORTGAGE,12.0,VENTURE,A,12000,5.79,0.1,N,9,0
2736,29,70254,MORTGAGE,12.0,DEBTCONSOLIDATION,A,3500,7.88,0.05,N,7,0
2737,28,48000,MORTGAGE,1.0,PERSONAL,B,8000,10.25,0.17,N,7,0
2738,22,51996,RENT,3.0,MEDICAL,A,4500,7.88,0.09,N,3,0
2739,27,90000,RENT,4.0,HOMEIMPROVEMENT,B,4500,12.42,0.05,N,6,0
2740,27,115000,OWN,11.0,EDUCATION,B,6000,11.11,0.05,N,5,0
2741,23,50000,RENT,7.0,PERSONAL,C,12000,13.49,0.24,N,2,0
2742,29,120000,MORTGAGE,3.0,PERSONAL,A,10000,6.92,0.08,N,8,0
2743,25,35000,RENT,5.0,EDUCATION,B,6000,9.62,0.17,N,4,0
2744,22,39000,RENT,6.0,VENTURE,B,1000,9.88,0.03,N,4,0
2745,30,70000,MORTGAGE,2.0,EDUCATION,C,15000,13.61,0.21,N,9,0
2746,22,50000,MORTGAGE,6.0,VENTURE,A,10000,8.94,0.2,N,2,0
2747,33,48000,MORTGAGE,2.0,MEDICAL,A,7750,7.49,0.16,N,10,0
2748,25,20000,RENT,0.0,MEDICAL,B,4400,11.89,0.22,N,2,0
2749,35,36000,RENT,3.0,PERSONAL,C,10000,13.48,0.28,N,6,0
2750,26,93000,MORTGAGE,5.0,DEBTCONSOLIDATION,C,2000,14.27,0.02,Y,3,0
2751,26,47000,MORTGAGE,1.0,EDUCATION,A,12000,6.92,0.26,N,4,0
2752,24,106800,RENT,8.0,PERSONAL,C,10000,12.53,0.09,Y,2,0
2753,35,60000,MORTGAGE,3.0,PERSONAL,A,12000,7.9,0.2,N,9,0
2754,22,34000,RENT,1.0,EDUCATION,C,5500,13.49,0.16,N,3,0
2755,24,75000,MORTGAGE,7.0,HOMEIMPROVEMENT,A,8000,5.79,0.11,N,2,0
2756,26,37500,RENT,6.0,DEBTCONSOLIDATION,B,12000,10.74,0.32,N,2,1
2757,26,75000,RENT,1.0,HOMEIMPROVEMENT,B,5000,12.69,0.07,N,4,0
2758,37,29000,RENT,4.0,MEDICAL,B,2000,11.99,0.07,N,12,0
2759,29,67000,OWN,0.0,EDUCATION,A,4200,8.0,0.06,N,9,0
2760,27,56045,RENT,1.0,MEDICAL,D,24250,14.96,0.37,N,10,1
2761,24,40000,RENT,8.0,HOMEIMPROVEMENT,C,7500,14.27,0.18,Y,4,0
2762,23,54000,RENT,7.0,VENTURE,C,2500,14.35,0.05,N,2,0
2763,32,30000,MORTGAGE,0.0,HOMEIMPROVEMENT,A,1500,7.51,0.05,N,6,0
2764,25,45000,MORTGAGE,9.0,EDUCATION,A,10000,7.9,0.22,N,3,0
2765,25,60000,MORTGAGE,9.0,PERSONAL,D,7000,15.99,0.12,Y,2,0
2766,26,50000,RENT,0.0,HOMEIMPROVEMENT,B,10000,10.74,0.2,N,3,0
2767,30,48000,RENT,0.0,VENTURE,E,15000,17.04,0.31,N,5,1
2768,23,87550,RENT,1.0,VENTURE,D,7000,15.37,0.08,N,2,1
2769,23,45000,RENT,5.0,VENTURE,C,1375,13.49,0.03,Y,4,0
2770,29,65000,MORTGAGE,13.0,HOMEIMPROVEMENT,A,12000,6.03,0.18,N,10,0
2771,24,40000,RENT,3.0,PERSONAL,A,5000,5.79,0.13,N,4,0
2772,27,120000,MORTGAGE,5.0,PERSONAL,A,6000,7.14,0.05,N,10,0
2773,32,72096,RENT,3.0,HOMEIMPROVEMENT,A,4200,7.29,0.06,N,8,0
2774,21,35000,RENT,0.0,DEBTCONSOLIDATION,B,1000,10.25,0.03,N,4,0
2775,23,65004,RENT,7.0,VENTURE,B,5000,11.49,0.08,N,3,0
2776,43,36000,RENT,0.0,EDUCATION,C,8000,13.49,0.22,Y,17,0
2777,25,39000,RENT,3.0,DEBTCONSOLIDATION,C,10000,13.61,0.26,Y,2,1
2778,28,20000,RENT,0.0,PERSONAL,E,5000,16.32,0.25,Y,7,1
2779,30,35004,RENT,5.0,PERSONAL,D,6000,14.59,0.17,Y,5,0
2780,24,40000,RENT,4.0,PERSONAL,C,6000,13.48,0.15,Y,4,0
2781,36,48000,RENT,4.0,VENTURE,B,5000,10.99,0.1,N,14,0
2782,27,24000,OWN,5.0,PERSONAL,A,7000,8.49,0.29,N,10,0
2783,31,134748,MORTGAGE,14.0,VENTURE,B,18000,10.74,0.13,N,10,0
2784,24,75000,OWN,4.0,EDUCATION,B,12000,12.18,0.16,N,4,0
2785,37,78000,RENT,0.0,DEBTCONSOLIDATION,A,4800,6.62,0.06,N,12,0
2786,23,150000,MORTGAGE,5.0,VENTURE,A,10000,8.49,0.07,N,2,0
2787,27,34000,RENT,4.0,MEDICAL,B,3000,9.25,0.09,N,8,1
2788,36,38400,MORTGAGE,14.0,VENTURE,A,4200,7.49,0.11,N,15,0
2789,23,46800,RENT,7.0,DEBTCONSOLIDATION,A,6500,5.42,0.14,N,2,0
2790,28,42000,RENT,1.0,DEBTCONSOLIDATION,B,9000,10.59,0.21,N,9,0
2791,22,68400,OWN,0.0,EDUCATION,D,10000,15.95,0.15,N,3,0
2792,24,62000,MORTGAGE,9.0,VENTURE,A,15150,6.99,0.24,N,2,0
2793,25,42000,RENT,2.0,EDUCATION,C,4800,13.49,0.11,N,3,0
2794,22,54000,MORTGAGE,6.0,DEBTCONSOLIDATION,B,11000,12.42,0.2,N,4,0
2795,27,30000,RENT,3.0,VENTURE,A,10000,8.49,0.33,N,10,0
2796,30,62400,RENT,7.0,DEBTCONSOLIDATION,B,20000,10.59,0.32,N,10,0
2797,31,88000,RENT,8.0,DEBTCONSOLIDATION,B,15000,9.88,0.17,N,5,0
2798,24,250000,MORTGAGE,7.0,DEBTCONSOLIDATION,B,28000,10.65,0.11,N,4,0
2799,31,32000,RENT,3.0,EDUCATION,B,6000,11.49,0.19,N,8,0
2800,30,54000,MORTGAGE,12.0,EDUCATION,B,15000,11.99,0.28,N,9,1
2801,22,64000,MORTGAGE,5.0,VENTURE,C,15000,14.35,0.23,Y,2,0
2802,22,62000,RENT,6.0,VENTURE,C,6000,13.23,0.1,Y,2,0
2803,24,60000,MORTGAGE,8.0,PERSONAL,B,9000,10.65,0.15,N,3,0
2804,24,70000,RENT,8.0,EDUCATION,B,11000,11.71,0.16,N,4,0
2805,23,33000,MORTGAGE,5.0,DEBTCONSOLIDATION,C,2500,13.49,0.07,Y,2,1
2806,23,75000,MORTGAGE,5.0,EDUCATION,A,10000,7.29,0.13,N,2,0
2807,22,55000,MORTGAGE,6.0,PERSONAL,C,6000,12.99,0.11,N,3,1
2808,24,80040,RENT,3.0,EDUCATION,C,10000,13.99,0.12,Y,3,1
2809,27,60000,OWN,1.0,HOMEIMPROVEMENT,D,5000,14.96,0.08,Y,9,0
2810,34,100000,RENT,0.0,MEDICAL,A,20000,7.88,0.2,N,5,0
2811,35,62000,MORTGAGE,9.0,HOMEIMPROVEMENT,B,8000,9.25,0.13,N,7,0
2812,24,60000,RENT,2.0,VENTURE,C,10000,14.22,0.17,Y,4,0
2813,22,48996,MORTGAGE,4.0,EDUCATION,A,10000,7.14,0.21,N,3,0
2814,30,40000,MORTGAGE,2.0,DEBTCONSOLIDATION,A,6000,7.51,0.15,N,10,0
2815,25,80000,MORTGAGE,0.0,VENTURE,B,15000,9.88,0.19,N,2,0
2816,34,135000,MORTGAGE,14.0,MEDICAL,B,25000,10.99,0.19,N,10,0
2817,23,65000,MORTGAGE,3.0,VENTURE,A,4000,7.49,0.06,N,2,0
2818,22,50000,RENT,0.0,DEBTCONSOLIDATION,D,3000,15.99,0.06,Y,2,1
2819,22,43200,RENT,1.0,DEBTCONSOLIDATION,C,5000,12.29,0.12,N,4,0
2820,23,33000,RENT,7.0,EDUCATION,A,5000,7.9,0.15,N,3,0
2821,25,123144,RENT,5.0,PERSONAL,B,12000,10.75,0.1,N,3,0
2822,23,45000,RENT,4.0,MEDICAL,A,12000,7.9,0.26,N,3,0
2823,29,65000,MORTGAGE,6.0,EDUCATION,A,12800,6.92,0.2,N,10,0
2824,22,30000,RENT,2.0,MEDICAL,A,7200,7.51,0.23,N,2,0
2825,29,45000,MORTGAGE,2.0,HOMEIMPROVEMENT,D,19600,12.8,0.44,Y,8,1
2826,42,72000,MORTGAGE,0.0,MEDICAL,B,7500,10.39,0.1,N,12,0
2827,23,34000,MORTGAGE,1.0,DEBTCONSOLIDATION,B,6000,10.59,0.18,N,3,0
2828,23,42000,RENT,4.0,EDUCATION,C,5000,13.22,0.12,N,2,0
2829,27,45000,RENT,4.0,VENTURE,B,3500,11.49,0.08,N,5,0
2830,29,85000,RENT,3.0,EDUCATION,B,10000,11.99,0.12,N,6,0
2831,22,40000,MORTGAGE,6.0,DEBTCONSOLIDATION,B,3600,10.99,0.09,N,4,0
2832,31,75000,RENT,0.0,HOMEIMPROVEMENT,A,16000,6.54,0.21,N,9,0
2833,23,72000,MORTGAGE,5.0,EDUCATION,B,20000,10.99,0.28,N,2,0
2834,35,45000,RENT,11.0,EDUCATION,B,15000,10.65,0.33,N,10,1
2835,30,60000,MORTGAGE,2.0,VENTURE,A,5000,7.9,0.08,N,7,0
2836,24,36000,RENT,8.0,DEBTCONSOLIDATION,B,2200,12.42,0.06,N,4,0
2837,26,45000,MORTGAGE,11.0,EDUCATION,B,9600,10.59,0.21,N,3,0
2838,37,29004,RENT,2.0,MEDICAL,B,4000,11.83,0.14,N,16,0
2839,37,20000,RENT,0.0,EDUCATION,B,7500,11.71,0.38,N,13,1
2840,30,65993,RENT,4.0,HOMEIMPROVEMENT,D,9000,14.96,0.14,N,10,0
2841,33,40000,MORTGAGE,3.0,MEDICAL,C,18000,11.78,0.45,N,9,1
2842,29,90000,RENT,1.0,EDUCATION,C,15000,13.49,0.17,N,7,0
2843,21,58000,OWN,5.0,EDUCATION,A,3000,9.63,0.05,N,2,0
2844,29,50000,RENT,9.0,MEDICAL,B,6000,10.96,0.12,N,8,0
2845,30,70000,RENT,4.0,HOMEIMPROVEMENT,C,5000,13.8,0.07,Y,7,0
2846,23,80000,RENT,5.0,EDUCATION,A,25000,7.9,0.31,N,3,1
2847,47,71000,MORTGAGE,1.0,MEDICAL,A,10000,8.94,0.14,N,15,0
2848,37,80000,RENT,3.0,EDUCATION,D,15000,14.46,0.19,N,13,0
2849,25,45000,RENT,2.0,MEDICAL,B,10000,10.38,0.22,N,4,0
2850,37,45000,RENT,1.0,DEBTCONSOLIDATION,C,8000,13.85,0.18,N,12,0
2851,25,50600,RENT,0.0,MEDICAL,C,12000,13.16,0.24,N,2,0
2852,22,60000,RENT,3.0,VENTURE,A,5000,5.79,0.08,N,2,0
2853,25,77000,RENT,6.0,MEDICAL,A,12000,7.29,0.16,N,2,0
2854,23,25920,RENT,2.0,PERSONAL,E,10000,17.93,0.39,N,2,1
2855,38,50000,RENT,3.0,EDUCATION,C,4000,12.61,0.08,Y,15,0
2856,23,100000,MORTGAGE,7.0,PERSONAL,C,15000,12.73,0.15,N,3,0
2857,32,70000,RENT,1.0,VENTURE,B,14400,11.11,0.21,N,6,0
2858,29,30000,RENT,6.0,DEBTCONSOLIDATION,C,6600,13.49,0.22,N,8,0
2859,23,25000,RENT,0.0,EDUCATION,A,3600,7.49,0.14,N,4,0
2860,22,46800,RENT,1.0,DEBTCONSOLIDATION,A,2800,7.49,0.06,N,3,0
2861,26,37600,MORTGAGE,10.0,MEDICAL,A,15000,6.99,0.4,N,3,0
2862,28,52809,RENT,4.0,VENTURE,B,13000,10.99,0.25,N,6,0
2863,22,54000,RENT,1.0,DEBTCONSOLIDATION,D,8000,15.58,0.15,N,3,1
2864,24,29000,RENT,0.0,MEDICAL,D,10000,14.61,0.34,N,2,1
2865,27,55000,RENT,3.0,MEDICAL,B,4500,10.74,0.08,N,6,0
2866,22,52000,MORTGAGE,0.0,PERSONAL,A,3000,7.05,0.06,N,4,0
2867,28,50000,RENT,1.0,HOMEIMPROVEMENT,C,10000,12.09,0.2,Y,8,0
2868,24,64000,RENT,0.0,EDUCATION,B,2300,10.99,0.04,N,2,1
2869,25,75000,MORTGAGE,9.0,EDUCATION,C,11000,13.49,0.15,N,2,0
2870,22,26592,OWN,6.0,VENTURE,B,3000,11.12,0.12,N,4,0
2871,29,100000,RENT,5.0,HOMEIMPROVEMENT,C,20000,13.23,0.2,Y,7,0
2872,21,45000,RENT,3.0,EDUCATION,B,5400,12.42,0.12,N,2,0
2873,41,44000,RENT,5.0,VENTURE,A,10000,6.62,0.23,N,14,0
2874,25,40000,RENT,0.0,EDUCATION,A,5000,5.79,0.13,N,4,0
2875,24,75000,MORTGAGE,5.0,VENTURE,A,12000,5.99,0.16,N,2,0
2876,30,105000,MORTGAGE,4.0,HOMEIMPROVEMENT,B,19000,11.99,0.18,N,7,0
2877,32,77625,OWN,8.0,PERSONAL,B,22000,9.91,0.32,N,7,0
2878,31,75000,MORTGAGE,1.0,PERSONAL,D,15000,14.74,0.2,Y,9,0
2879,22,75744,MORTGAGE,6.0,EDUCATION,C,6800,12.99,0.1,Y,2,0
2880,25,70872,RENT,9.0,DEBTCONSOLIDATION,B,15000,11.86,0.21,N,3,0
2881,23,50000,RENT,7.0,MEDICAL,C,8000,14.27,0.16,Y,4,0
2882,22,100000,MORTGAGE,0.0,MEDICAL,A,13000,7.88,0.13,N,4,0
2883,26,24000,RENT,2.0,MEDICAL,C,3000,13.85,0.13,Y,4,0
2884,29,52000,MORTGAGE,4.0,HOMEIMPROVEMENT,A,10000,6.91,0.19,N,10,0
2885,22,38004,RENT,6.0,EDUCATION,C,1500,12.73,0.04,Y,4,0
2886,27,39000,MORTGAGE,3.0,HOMEIMPROVEMENT,A,7000,6.91,0.18,N,5,0
2887,35,66300,RENT,0.0,MEDICAL,D,7500,15.7,0.1,N,6,1
2888,24,54000,OWN,7.0,MEDICAL,B,12750,11.12,0.24,N,4,0
2889,25,72972,MORTGAGE,9.0,PERSONAL,C,15000,12.99,0.21,N,3,0
2890,33,81000,MORTGAGE,4.0,DEBTCONSOLIDATION,D,18000,14.96,0.22,N,10,1
2891,39,72000,RENT,5.0,MEDICAL,B,20000,10.37,0.28,N,15,0
2892,29,58800,MORTGAGE,10.0,PERSONAL,D,19500,15.7,0.33,N,6,0
2893,37,32400,RENT,21.0,VENTURE,A,2500,7.88,0.08,N,16,0
2894,24,62000,RENT,2.0,PERSONAL,B,19200,10.74,0.29,N,4,0
2895,25,30600,RENT,6.0,MEDICAL,A,14500,6.54,0.48,N,2,1
2896,41,24000,RENT,0.0,PERSONAL,D,1500,16.0,0.06,N,17,1
2897,22,32000,OTHER,3.0,PERSONAL,C,7500,14.27,0.23,Y,2,0
2898,44,42000,RENT,4.0,MEDICAL,C,5000,13.99,0.12,N,12,0
2899,23,60000,RENT,7.0,DEBTCONSOLIDATION,B,8400,10.71,0.14,N,2,0
2900,32,70000,MORTGAGE,5.0,DEBTCONSOLIDATION,B,8000,11.49,0.11,N,6,0
2901,23,28800,RENT,6.0,EDUCATION,A,8000,7.49,0.28,N,4,0
2902,36,150000,RENT,6.0,HOMEIMPROVEMENT,C,20000,13.48,0.13,N,11,0
2903,40,60000,MORTGAGE,15.0,PERSONAL,C,12000,14.27,0.2,N,16,0
2904,31,85000,MORTGAGE,5.0,PERSONAL,B,12000,11.99,0.14,N,5,0
2905,29,109920,MORTGAGE,13.0,EDUCATION,D,20000,14.84,0.18,Y,8,0
2906,25,37200,RENT,0.0,DEBTCONSOLIDATION,A,7000,7.9,0.19,N,3,0
2907,21,42000,RENT,5.0,VENTURE,B,1200,11.12,0.03,N,3,0
2908,25,102000,MORTGAGE,4.0,HOMEIMPROVEMENT,D,12000,15.99,0.1,Y,3,0
2909,30,62500,RENT,1.0,HOMEIMPROVEMENT,B,4000,10.38,0.06,N,10,0
2910,28,100000,MORTGAGE,13.0,HOMEIMPROVEMENT,A,2000,5.42,0.02,N,8,0
2911,28,90000,MORTGAGE,9.0,VENTURE,C,25000,15.96,0.28,N,7,0
2912,27,48000,RENT,11.0,EDUCATION,B,7000,12.42,0.15,N,7,0
2913,22,60000,OWN,4.0,MEDICAL,A,5000,5.79,0.08,N,2,0
2914,27,60000,RENT,1.0,DEBTCONSOLIDATION,A,3000,7.51,0.05,N,7,0
2915,26,60000,MORTGAGE,10.0,PERSONAL,A,16500,7.88,0.28,N,4,0
2916,22,40000,MORTGAGE,2.0,EDUCATION,A,14000,7.51,0.35,N,2,0
2917,22,32000,RENT,2.0,PERSONAL,C,4500,15.96,0.14,N,3,1
2918,36,100000,MORTGAGE,12.0,MEDICAL,A,9000,5.42,0.09,N,11,0
2919,35,36000,RENT,3.0,EDUCATION,E,4000,18.79,0.11,Y,5,1
2920,30,30000,RENT,2.0,VENTURE,D,12000,14.61,0.4,N,10,1
2921,22,70000,RENT,3.0,PERSONAL,B,25000,11.86,0.36,N,2,1
2922,27,107900,MORTGAGE,11.0,MEDICAL,A,8000,5.42,0.07,N,9,0
2923,22,45000,RENT,1.0,EDUCATION,B,8000,12.69,0.18,N,3,0
2924,25,44000,RENT,9.0,EDUCATION,B,18500,12.18,0.37,N,3,1
2925,29,66000,RENT,1.0,VENTURE,D,12000,16.0,0.18,Y,10,1
2926,30,42000,RENT,0.0,DEBTCONSOLIDATION,B,15000,9.63,0.36,N,8,1
2927,25,30000,MORTGAGE,3.0,DEBTCONSOLIDATION,B,7000,10.0,0.23,N,4,0
2928,35,55000,MORTGAGE,13.0,DEBTCONSOLIDATION,B,3200,11.49,0.06,N,8,0
2929,32,24000,RENT,2.0,MEDICAL,B,3500,9.99,0.15,N,7,0
2930,23,30000,RENT,0.0,EDUCATION,A,4000,7.49,0.13,N,4,0
2931,21,54000,MORTGAGE,5.0,MEDICAL,C,6500,12.87,0.12,Y,3,0
2932,27,25000,RENT,4.0,VENTURE,B,8500,9.91,0.34,N,7,1
2933,23,99000,RENT,2.0,PERSONAL,A,6000,7.68,0.06,N,4,0
2934,30,90000,MORTGAGE,14.0,VENTURE,B,21000,12.42,0.23,N,6,0
2935,26,40000,RENT,1.0,PERSONAL,A,10000,8.94,0.25,N,4,0
2936,24,120000,MORTGAGE,8.0,PERSONAL,B,10000,12.69,0.08,N,3,0
2937,21,50000,OWN,5.0,DEBTCONSOLIDATION,D,5000,15.31,0.1,Y,4,0
2938,34,80000,MORTGAGE,2.0,VENTURE,A,5000,8.0,0.06,N,9,0
2939,26,80000,MORTGAGE,10.0,PERSONAL,D,15000,16.07,0.19,Y,4,0
2940,26,83300,RENT,2.0,MEDICAL,D,25000,15.65,0.26,N,2,1
2941,22,48000,RENT,3.0,EDUCATION,B,8000,12.69,0.17,N,3,0
2942,37,90000,MORTGAGE,5.0,VENTURE,B,20000,10.75,0.22,N,16,0
2943,25,48000,RENT,0.0,MEDICAL,A,5000,8.94,0.1,N,2,0
2944,24,30000,RENT,2.0,DEBTCONSOLIDATION,D,6000,14.61,0.2,N,3,1
2945,34,120000,MORTGAGE,4.0,HOMEIMPROVEMENT,B,7500,10.95,0.06,N,8,0
2946,23,92500,RENT,2.0,EDUCATION,C,12000,13.49,0.13,Y,2,0
2947,23,65000,MORTGAGE,1.0,PERSONAL,B,12000,11.14,0.18,N,4,0
2948,22,31000,RENT,6.0,DEBTCONSOLIDATION,D,12000,14.11,0.38,N,3,1
2949,23,30000,RENT,7.0,DEBTCONSOLIDATION,D,10000,13.24,0.33,Y,2,1
2950,65,53000,RENT,2.0,EDUCATION,B,7500,9.45,0.14,N,8,0
2951,24,50000,RENT,9.0,VENTURE,B,5000,9.62,0.1,N,4,0
2952,27,31200,RENT,2.0,DEBTCONSOLIDATION,A,4100,6.76,0.13,N,8,0
2953,31,122000,MORTGAGE,4.0,MEDICAL,C,25000,13.23,0.2,N,6,0
2954,39,36000,RENT,3.0,PERSONAL,A,9600,7.29,0.27,N,12,0
2955,27,80000,MORTGAGE,11.0,PERSONAL,B,18000,9.88,0.23,N,8,0
2956,23,70000,MORTGAGE,4.0,EDUCATION,A,8000,7.49,0.11,N,2,0
2957,31,90000,RENT,11.0,VENTURE,B,10000,10.99,0.11,N,6,0
2958,29,67000,RENT,1.0,DEBTCONSOLIDATION,A,10000,9.32,0.15,N,6,0
2959,23,88000,RENT,1.0,HOMEIMPROVEMENT,D,7000,14.91,0.08,N,2,1
2960,24,50000,RENT,3.0,HOMEIMPROVEMENT,B,2000,10.99,0.04,N,2,0
2961,29,45000,RENT,4.0,DEBTCONSOLIDATION,A,6000,6.17,0.13,N,5,0
2962,22,36000,RENT,0.0,VENTURE,G,13750,21.21,0.36,Y,4,1
2963,33,43200,MORTGAGE,13.0,EDUCATION,B,6650,10.36,0.15,N,8,0
2964,25,24000,MORTGAGE,3.0,VENTURE,A,7000,9.32,0.29,N,4,0
2965,42,69000,MORTGAGE,26.0,VENTURE,A,6000,7.14,0.09,N,11,0
2966,36,125000,RENT,2.0,HOMEIMPROVEMENT,B,10000,8.88,0.08,N,14,0
2967,32,140000,MORTGAGE,13.0,PERSONAL,B,5000,10.75,0.04,N,9,0
2968,31,66500,MORTGAGE,1.0,PERSONAL,B,9200,10.99,0.14,N,10,0
2969,26,57600,OWN,2.0,MEDICAL,A,4000,5.42,0.07,N,4,0
2970,32,46900,RENT,2.0,MEDICAL,C,12000,14.27,0.25,Y,10,1
2971,21,30000,RENT,3.0,PERSONAL,B,4000,10.99,0.13,N,3,0
2972,37,60000,OWN,4.0,HOMEIMPROVEMENT,B,10000,11.14,0.17,N,17,0
2973,24,40000,RENT,1.0,VENTURE,A,7000,8.94,0.17,N,4,0
2974,27,60000,OTHER,0.0,PERSONAL,B,4800,9.63,0.08,N,8,0
2975,27,100000,MORTGAGE,12.0,VENTURE,B,9600,11.99,0.1,N,6,0
2976,24,70000,MORTGAGE,2.0,MEDICAL,A,14000,7.88,0.2,N,2,0
2977,29,95000,RENT,8.0,DEBTCONSOLIDATION,B,6000,11.99,0.06,N,7,0
2978,29,29000,RENT,6.0,MEDICAL,D,5000,15.33,0.17,Y,6,1
2979,41,41004,RENT,4.0,MEDICAL,D,5000,15.28,0.12,N,11,0
2980,28,37500,RENT,0.0,DEBTCONSOLIDATION,D,8400,16.89,0.23,Y,6,1
2981,25,53000,MORTGAGE,2.0,DEBTCONSOLIDATION,D,12000,15.65,0.23,Y,2,1
2982,23,45600,MORTGAGE,7.0,MEDICAL,B,7000,10.36,0.15,N,2,0
2983,23,36000,MORTGAGE,5.0,VENTURE,B,8000,12.42,0.22,N,2,0
2984,23,88000,RENT,2.0,HOMEIMPROVEMENT,E,18000,17.93,0.22,Y,4,1
2985,25,51996,RENT,3.0,MEDICAL,C,10000,11.66,0.19,Y,2,0
2986,27,72000,RENT,11.0,PERSONAL,C,13000,13.11,0.17,Y,8,1
2987,26,60000,RENT,11.0,EDUCATION,D,25000,14.46,0.42,N,3,1
2988,25,60000,RENT,2.0,HOMEIMPROVEMENT,A,17000,6.91,0.28,N,2,0
2989,24,62000,RENT,3.0,EDUCATION,C,10000,13.49,0.16,Y,4,0
2990,28,124800,MORTGAGE,4.0,HOMEIMPROVEMENT,A,15000,6.62,0.12,N,6,0
2991,24,42000,RENT,2.0,PERSONAL,A,2100,5.42,0.05,N,3,0
2992,37,68400,RENT,5.0,HOMEIMPROVEMENT,B,4000,12.69,0.06,N,14,1
2993,21,37200,RENT,5.0,EDUCATION,A,6000,5.99,0.16,N,4,0
2994,24,120000,MORTGAGE,3.0,MEDICAL,B,12000,10.37,0.1,N,2,0
2995,21,24000,OWN,0.0,HOMEIMPROVEMENT,C,6100,13.35,0.26,Y,2,1
2996,23,125000,MORTGAGE,7.0,EDUCATION,A,8000,9.63,0.06,N,4,0
2997,30,200000,MORTGAGE,14.0,HOMEIMPROVEMENT,A,16000,6.17,0.08,N,7,0
2998,25,64800,MORTGAGE,4.0,PERSONAL,B,4500,10.65,0.07,N,4,0
2999,35,102000,MORTGAGE,8.0,PERSONAL,B,15000,11.48,0.15,N,8,0
3000,37,60000,MORTGAGE,9.0,PERSONAL,A,12500,7.9,0.21,N,17,0
3001,33,48000,RENT,1.0,DEBTCONSOLIDATION,C,1500,12.98,0.03,N,6,0
3002,27,110000,RENT,1.0,EDUCATION,C,10000,12.87,0.09,Y,10,0
3003,30,32004,RENT,4.0,PERSONAL,A,2500,5.42,0.08,N,7,0
3004,22,80400,RENT,6.0,MEDICAL,A,6000,5.42,0.07,N,4,0
3005,26,113000,RENT,0.0,EDUCATION,E,12000,16.0,0.11,Y,4,1
3006,23,62500,RENT,0.0,EDUCATION,C,16000,13.11,0.26,Y,3,0
3007,22,43000,RENT,3.0,EDUCATION,A,7000,9.32,0.16,N,3,0
3008,25,90000,MORTGAGE,3.0,PERSONAL,C,8000,12.61,0.09,Y,2,0
3009,36,36000,RENT,5.0,MEDICAL,A,3250,5.42,0.09,N,14,0
3010,24,120000,MORTGAGE,8.0,EDUCATION,B,15000,11.14,0.13,N,3,0
3011,23,46800,MORTGAGE,7.0,EDUCATION,A,6000,8.94,0.13,N,2,0
3012,27,70000,MORTGAGE,2.0,HOMEIMPROVEMENT,B,17000,12.53,0.24,N,6,0
3013,28,60000,RENT,2.0,EDUCATION,C,6000,13.49,0.1,Y,7,0
3014,29,30000,RENT,4.0,MEDICAL,B,5000,11.99,0.17,N,5,0
3015,28,65000,RENT,7.0,EDUCATION,B,8000,10.62,0.12,N,5,0
3016,26,90000,MORTGAGE,1.0,EDUCATION,B,20000,11.48,0.22,N,2,0
3017,31,180000,MORTGAGE,9.0,EDUCATION,A,12250,6.03,0.07,N,9,0
3018,23,60000,RENT,7.0,VENTURE,C,15000,13.49,0.25,N,2,0
3019,26,122000,MORTGAGE,10.0,DEBTCONSOLIDATION,A,6000,7.14,0.05,N,2,0
3020,24,143000,RENT,0.0,PERSONAL,D,24250,16.0,0.17,Y,3,1
3021,34,93500,MORTGAGE,11.0,PERSONAL,A,18000,6.99,0.2,N,10,0
3022,22,30000,MORTGAGE,0.0,EDUCATION,B,4500,11.36,0.15,N,2,0
3023,21,50000,MORTGAGE,5.0,PERSONAL,A,7800,7.51,0.16,N,4,0
3024,23,34000,MORTGAGE,6.0,PERSONAL,A,6000,7.9,0.18,N,4,0
3025,23,25000,RENT,2.0,VENTURE,B,1350,9.99,0.06,N,4,0
3026,24,81000,MORTGAGE,5.0,PERSONAL,A,12000,7.49,0.15,N,3,0
3027,46,60000,RENT,14.0,MEDICAL,A,20000,7.29,0.33,N,11,1
3028,27,79000,MORTGAGE,4.0,HOMEIMPROVEMENT,A,9000,8.59,0.11,N,8,0
3029,22,25440,MORTGAGE,6.0,EDUCATION,C,1200,12.98,0.05,N,2,0
3030,34,33996,RENT,2.0,MEDICAL,B,11400,11.11,0.33,N,10,1
3031,27,143000,MORTGAGE,11.0,VENTURE,B,6000,10.65,0.04,N,9,0
3032,27,190000,MORTGAGE,1.0,DEBTCONSOLIDATION,C,28000,12.99,0.15,Y,8,0
3033,31,36000,MORTGAGE,5.0,HOMEIMPROVEMENT,A,6000,5.42,0.17,N,7,0
3034,29,100000,MORTGAGE,9.0,HOMEIMPROVEMENT,B,6500,10.08,0.07,N,8,0
3035,33,92000,RENT,6.0,MEDICAL,B,16000,11.58,0.18,N,8,0
3036,21,52000,RENT,2.0,PERSONAL,F,18500,15.33,0.36,N,4,1
3037,28,84000,MORTGAGE,12.0,VENTURE,B,12000,9.91,0.14,N,7,0
3038,25,50000,MORTGAGE,9.0,MEDICAL,B,6000,10.36,0.12,N,4,0
3039,33,100000,MORTGAGE,4.0,DEBTCONSOLIDATION,A,6000,7.43,0.06,N,5,0
3040,27,38000,RENT,0.0,EDUCATION,A,7500,5.42,0.2,N,6,0
3041,23,60000,RENT,6.0,EDUCATION,C,14000,13.99,0.24,Y,3,0
3042,24,70000,RENT,3.0,EDUCATION,A,20000,8.49,0.29,N,4,0
3043,26,70000,RENT,5.0,VENTURE,B,10000,10.99,0.14,N,4,0
3044,25,141000,RENT,0.0,HOMEIMPROVEMENT,A,15000,6.99,0.11,N,4,0
3045,31,50000,RENT,4.0,DEBTCONSOLIDATION,C,8000,15.96,0.16,N,5,0
3046,24,50000,RENT,0.0,VENTURE,C,4800,13.35,0.1,Y,4,0
3047,30,37090,RENT,12.0,VENTURE,B,2400,10.0,0.08,N,7,0
3048,27,31500,RENT,11.0,EDUCATION,C,3000,13.92,0.09,Y,6,0
3049,26,40000,MORTGAGE,3.0,HOMEIMPROVEMENT,A,6000,9.32,0.15,N,3,0
3050,24,95000,MORTGAGE,6.0,EDUCATION,A,18000,7.9,0.19,N,4,0
3051,26,82710,RENT,4.0,HOMEIMPROVEMENT,B,7200,9.99,0.09,N,2,0
3052,39,60000,MORTGAGE,13.0,PERSONAL,A,8000,8.49,0.13,N,11,0
3053,23,56000,RENT,2.0,DEBTCONSOLIDATION,A,4500,5.79,0.08,N,4,0
3054,28,62000,RENT,7.0,EDUCATION,B,8000,11.99,0.13,N,5,0
3055,29,70000,RENT,3.0,PERSONAL,B,25000,11.86,0.36,N,8,1
3056,40,55000,RENT,2.0,EDUCATION,B,7500,10.65,0.14,N,14,0
3057,40,96000,MORTGAGE,18.0,HOMEIMPROVEMENT,C,18000,15.27,0.19,N,12,0
3058,33,40000,RENT,2.0,PERSONAL,C,7500,11.34,0.19,N,10,0
3059,26,49641,MORTGAGE,8.0,EDUCATION,C,5000,15.96,0.1,Y,2,0
3060,23,50000,RENT,4.0,PERSONAL,D,5000,15.62,0.1,Y,2,0
3061,23,75000,MORTGAGE,7.0,PERSONAL,C,6500,13.98,0.09,Y,3,0
3062,25,60000,RENT,2.0,EDUCATION,C,8000,13.49,0.13,Y,4,0
3063,27,108000,MORTGAGE,11.0,PERSONAL,D,25000,14.96,0.23,Y,8,1
3064,24,165000,RENT,3.0,DEBTCONSOLIDATION,B,10000,10.25,0.06,N,4,0
3065,23,53544,RENT,7.0,PERSONAL,C,1500,13.11,0.03,N,2,0
3066,23,86000,MORTGAGE,7.0,DEBTCONSOLIDATION,A,15000,6.03,0.17,N,2,0
3067,21,38004,RENT,5.0,EDUCATION,B,3000,10.75,0.08,N,2,1
3068,24,64000,MORTGAGE,8.0,DEBTCONSOLIDATION,B,8000,11.14,0.13,N,2,1
3069,31,53000,MORTGAGE,3.0,DEBTCONSOLIDATION,A,4500,7.88,0.08,N,8,0
3070,33,81000,MORTGAGE,8.0,MEDICAL,A,14000,8.9,0.17,N,7,0
3071,25,77004,MORTGAGE,5.0,VENTURE,C,13000,13.16,0.17,Y,3,0
3072,24,72000,RENT,12.0,HOMEIMPROVEMENT,B,14000,12.69,0.19,N,2,0
3073,25,100000,RENT,1.0,MEDICAL,A,23000,7.49,0.23,N,3,0
3074,25,85000,MORTGAGE,9.0,HOMEIMPROVEMENT,A,10000,7.66,0.12,N,2,0
3075,24,37157,RENT,4.0,MEDICAL,B,9500,10.99,0.26,N,4,0
3076,25,100000,MORTGAGE,3.0,VENTURE,C,7500,13.47,0.07,Y,2,0
3077,22,35000,RENT,2.0,VENTURE,B,2800,10.59,0.08,N,2,0
3078,24,29000,RENT,0.0,MEDICAL,B,1000,11.99,0.03,N,2,0
3079,22,45600,RENT,1.0,VENTURE,A,5000,6.91,0.11,N,4,0
3080,25,28000,RENT,0.0,DEBTCONSOLIDATION,A,6250,7.29,0.21,N,2,0
3081,23,36000,MORTGAGE,6.0,DEBTCONSOLIDATION,A,4000,6.39,0.11,N,2,0
3082,28,90000,RENT,6.0,VENTURE,D,12000,15.65,0.13,Y,10,0
3083,55,70000,RENT,2.0,PERSONAL,C,20000,12.53,0.29,Y,21,0
3084,35,60000,RENT,7.0,HOMEIMPROVEMENT,B,20000,9.99,0.33,N,9,1
3085,22,30000,RENT,3.0,EDUCATION,B,5000,12.69,0.17,N,3,1
3086,21,37000,MORTGAGE,5.0,VENTURE,B,7000,10.99,0.19,N,4,0
3087,28,40000,RENT,3.0,DEBTCONSOLIDATION,B,8000,12.42,0.2,N,8,0
3088,31,26010,MORTGAGE,2.0,MEDICAL,B,6000,10.99,0.23,N,7,0
3089,26,30000,MORTGAGE,4.0,HOMEIMPROVEMENT,B,9250,10.99,0.32,N,2,1
3090,26,80000,MORTGAGE,10.0,EDUCATION,A,4000,7.88,0.05,N,4,0
3091,22,36100,RENT,4.0,EDUCATION,A,14000,7.29,0.39,N,2,1
3092,24,80000,MORTGAGE,8.0,PERSONAL,B,13000,11.26,0.16,N,2,0
3093,22,70000,MORTGAGE,6.0,EDUCATION,A,5000,8.49,0.07,N,4,0
3094,34,180000,MORTGAGE,2.0,VENTURE,B,12900,11.11,0.07,N,9,0
3095,24,50000,MORTGAGE,2.0,PERSONAL,A,6000,5.79,0.12,N,2,0
3096,37,74000,RENT,14.0,PERSONAL,E,10000,20.3,0.14,Y,13,1
3097,22,54000,RENT,6.0,DEBTCONSOLIDATION,A,4500,6.62,0.08,N,2,1
3098,22,48000,MORTGAGE,4.0,EDUCATION,C,10000,13.48,0.21,N,2,0
3099,23,70000,RENT,0.0,MEDICAL,B,3000,11.11,0.04,N,2,0
3100,33,24000,OWN,0.0,HOMEIMPROVEMENT,B,4800,10.74,0.2,N,8,0
3101,23,25800,MORTGAGE,2.0,DEBTCONSOLIDATION,A,6000,7.49,0.23,N,2,0
3102,22,61200,MORTGAGE,4.0,DEBTCONSOLIDATION,A,5000,6.99,0.08,N,4,0
3103,23,52700,MORTGAGE,3.0,MEDICAL,D,15000,15.21,0.29,N,2,1
3104,39,50000,RENT,1.0,HOMEIMPROVEMENT,B,5000,10.74,0.1,N,16,0
3105,23,85000,MORTGAGE,7.0,PERSONAL,C,5000,13.35,0.06,Y,4,0
3106,38,45000,RENT,5.0,EDUCATION,C,10000,13.48,0.22,Y,14,0
3107,25,42000,MORTGAGE,0.0,MEDICAL,D,11800,12.17,0.26,N,4,1
3108,22,75000,RENT,3.0,EDUCATION,C,15000,13.49,0.2,Y,4,0
3109,34,62000,RENT,0.0,DEBTCONSOLIDATION,B,15000,11.71,0.24,N,6,0
3110,23,48000,RENT,2.0,VENTURE,B,16000,12.69,0.33,N,2,1
3111,23,20000,RENT,0.0,EDUCATION,C,2500,13.22,0.13,Y,4,0
3112,41,39000,RENT,2.0,DEBTCONSOLIDATION,D,5000,14.84,0.13,N,14,1
3113,24,55000,MORTGAGE,4.0,EDUCATION,C,8000,13.99,0.15,N,2,0
3114,44,38000,MORTGAGE,3.0,VENTURE,C,5000,12.23,0.13,N,11,0
3115,22,42000,RENT,6.0,PERSONAL,B,16750,10.62,0.4,N,4,1
3116,24,57700,RENT,3.0,HOMEIMPROVEMENT,A,13000,6.91,0.23,N,2,0
3117,33,120000,MORTGAGE,3.0,EDUCATION,A,7200,7.29,0.06,N,5,0
3118,28,60000,MORTGAGE,12.0,MEDICAL,A,13000,7.49,0.22,N,5,0
3119,24,70000,OWN,4.0,VENTURE,B,2000,10.74,0.03,N,4,0
3120,25,41000,RENT,5.0,MEDICAL,A,7300,8.9,0.18,N,2,0
3121,23,65000,RENT,7.0,MEDICAL,C,10000,13.47,0.15,Y,2,0
3122,21,63000,RENT,0.0,EDUCATION,C,5000,13.23,0.08,Y,4,0
3123,28,44000,MORTGAGE,6.0,EDUCATION,E,15000,16.35,0.34,N,8,0
3124,22,60000,MORTGAGE,6.0,VENTURE,B,6500,10.65,0.11,N,2,0
3125,29,60000,MORTGAGE,0.0,HOMEIMPROVEMENT,A,8000,5.79,0.13,N,6,0
3126,26,50000,RENT,10.0,DEBTCONSOLIDATION,B,10000,12.69,0.2,N,4,0
3127,23,51000,RENT,1.0,MEDICAL,A,9000,9.63,0.18,N,2,0
3128,30,43738,MORTGAGE,2.0,MEDICAL,C,7000,12.68,0.16,N,7,0
3129,21,37000,RENT,6.0,PERSONAL,B,9000,11.71,0.24,N,2,0
3130,32,50000,RENT,3.0,VENTURE,A,3000,7.88,0.06,N,6,0
3131,39,28800,RENT,6.0,PERSONAL,B,4500,10.59,0.16,N,14,0
3132,23,74000,RENT,0.0,PERSONAL,C,8000,13.11,0.11,Y,3,0
3133,33,121000,MORTGAGE,17.0,PERSONAL,A,4000,7.51,0.03,N,8,0
3134,24,48000,RENT,0.0,MEDICAL,B,5000,10.25,0.1,N,3,0
3135,33,36000,MORTGAGE,6.0,MEDICAL,E,6000,15.68,0.17,Y,9,0
3136,29,84000,MORTGAGE,13.0,VENTURE,A,20000,6.54,0.24,N,9,0
3137,23,78000,MORTGAGE,3.0,EDUCATION,B,14000,10.99,0.18,N,4,0
3138,37,48500,RENT,0.0,DEBTCONSOLIDATION,A,5000,8.49,0.1,N,12,0
3139,22,43200,RENT,0.0,EDUCATION,C,3000,13.48,0.07,Y,2,0
3140,26,60000,RENT,0.0,HOMEIMPROVEMENT,C,4200,14.26,0.07,Y,3,0
3141,39,37404,RENT,1.0,HOMEIMPROVEMENT,A,6000,5.42,0.16,N,14,1
3142,28,70000,RENT,2.0,MEDICAL,C,5000,13.49,0.07,Y,9,0
3143,21,40000,OWN,0.0,VENTURE,A,2500,7.14,0.06,N,3,0
3144,26,24000,RENT,0.0,EDUCATION,A,2000,7.37,0.08,N,4,0
3145,25,75000,MORTGAGE,9.0,HOMEIMPROVEMENT,B,7000,11.49,0.09,N,4,0
3146,35,38000,MORTGAGE,14.0,PERSONAL,A,5000,8.94,0.13,N,9,0
3147,32,48000,RENT,3.0,DEBTCONSOLIDATION,C,5000,13.49,0.1,Y,7,0
3148,23,55000,MORTGAGE,2.0,VENTURE,B,10000,10.36,0.18,N,3,0
3149,58,57600,MORTGAGE,4.0,PERSONAL,A,8500,7.14,0.15,N,18,0
3150,48,60000,MORTGAGE,18.0,DEBTCONSOLIDATION,A,2500,7.29,0.04,N,11,0
3151,40,75000,MORTGAGE,0.0,HOMEIMPROVEMENT,A,15000,8.94,0.2,N,17,0
3152,29,50000,RENT,7.0,DEBTCONSOLIDATION,A,4000,7.29,0.08,N,5,0
3153,25,100000,MORTGAGE,3.0,HOMEIMPROVEMENT,A,3000,7.9,0.03,N,3,0
3154,24,50000,MORTGAGE,8.0,VENTURE,B,8000,11.12,0.16,N,4,0
3155,22,73000,RENT,6.0,DEBTCONSOLIDATION,D,7000,16.29,0.1,Y,2,1
3156,22,33276,RENT,4.0,EDUCATION,A,6000,7.74,0.19,N,3,0
3157,28,60000,MORTGAGE,0.0,DEBTCONSOLIDATION,C,5100,13.72,0.09,N,5,0
3158,23,58000,MORTGAGE,1.0,DEBTCONSOLIDATION,B,4000,10.74,0.07,N,4,0
3159,36,35004,RENT,4.0,MEDICAL,C,11400,12.98,0.3,Y,13,0
3160,23,110000,MORTGAGE,7.0,EDUCATION,C,18000,14.65,0.16,Y,2,0
3161,29,40000,MORTGAGE,14.0,VENTURE,A,1500,9.63,0.04,N,8,0
3162,24,40000,RENT,3.0,EDUCATION,B,1000,10.59,0.03,N,2,0
3163,23,75000,MORTGAGE,2.0,DEBTCONSOLIDATION,A,5000,6.03,0.07,N,4,0
3164,28,70000,MORTGAGE,7.0,HOMEIMPROVEMENT,A,10500,6.62,0.15,N,5,0
3165,22,31200,RENT,0.0,PERSONAL,C,7500,13.47,0.24,Y,3,0
3166,26,70000,RENT,0.0,PERSONAL,A,6725,6.62,0.1,N,4,0
3167,23,79000,MORTGAGE,7.0,DEBTCONSOLIDATION,A,7000,6.76,0.09,N,4,0
3168,24,72000,MORTGAGE,8.0,DEBTCONSOLIDATION,B,5000,10.99,0.07,N,4,0
3169,39,29004,RENT,5.0,MEDICAL,E,10000,16.4,0.34,N,16,1
3170,26,40000,MORTGAGE,7.0,VENTURE,A,11200,7.88,0.28,N,3,0
3171,27,80000,RENT,0.0,PERSONAL,B,4000,11.83,0.05,N,5,0
3172,30,80000,OWN,3.0,EDUCATION,C,8000,13.92,0.1,N,6,0
3173,26,70000,MORTGAGE,9.0,EDUCATION,A,5000,7.51,0.07,N,2,0
3174,28,55000,RENT,4.0,MEDICAL,A,6400,9.32,0.12,N,6,0
3175,26,105000,MORTGAGE,10.0,HOMEIMPROVEMENT,A,10000,7.51,0.1,N,2,0
3176,25,75000,MORTGAGE,9.0,PERSONAL,A,4000,7.49,0.05,N,3,0
3177,26,63189,MORTGAGE,6.0,DEBTCONSOLIDATION,A,4000,5.42,0.06,N,2,0
3178,32,60000,MORTGAGE,4.0,PERSONAL,C,4000,13.99,0.07,Y,10,0
3179,36,47300,MORTGAGE,20.0,EDUCATION,E,4000,17.19,0.09,Y,14,0
3180,26,62000,MORTGAGE,0.0,MEDICAL,C,10000,12.22,0.16,Y,2,0
3181,33,132444,RENT,4.0,EDUCATION,C,2000,12.84,0.02,Y,8,0
3182,22,57000,MORTGAGE,6.0,EDUCATION,B,2500,12.69,0.04,N,3,0
3183,31,200000,MORTGAGE,3.0,HOMEIMPROVEMENT,C,16000,14.72,0.09,Y,10,0
3184,36,27350,MORTGAGE,6.0,PERSONAL,A,2000,6.17,0.07,N,11,0
3185,24,54996,RENT,8.0,PERSONAL,A,10000,9.32,0.18,N,2,0
3186,24,91000,RENT,0.0,DEBTCONSOLIDATION,B,2400,11.49,0.03,N,2,0
3187,38,48996,RENT,6.0,MEDICAL,C,5000,13.79,0.1,N,15,0
3188,30,33000,RENT,14.0,MEDICAL,C,7500,14.72,0.23,N,9,0
3189,21,42000,RENT,5.0,EDUCATION,A,10000,7.51,0.24,N,4,0
3190,27,38000,RENT,3.0,EDUCATION,A,6500,5.42,0.17,N,5,0
3191,29,55000,MORTGAGE,3.0,MEDICAL,A,6500,5.79,0.12,N,10,0
3192,22,86000,OWN,1.0,EDUCATION,B,19750,9.62,0.21,N,3,0
3193,36,38760,RENT,0.0,EDUCATION,A,8000,7.4,0.21,N,17,1
3194,23,36000,RENT,4.0,EDUCATION,B,7000,11.83,0.19,N,3,0
3195,26,30000,RENT,6.0,EDUCATION,B,6500,10.99,0.22,N,3,0
3196,40,210000,RENT,1.0,MEDICAL,B,24000,10.65,0.11,N,15,0
3197,26,57000,MORTGAGE,1.0,HOMEIMPROVEMENT,A,7500,7.49,0.13,N,4,0
3198,28,67000,RENT,4.0,EDUCATION,B,25000,10.99,0.37,N,9,1
3199,22,63000,RENT,3.0,MEDICAL,A,6400,8.94,0.1,N,4,0
3200,24,40000,MORTGAGE,1.0,MEDICAL,B,15000,11.14,0.38,N,3,0
3201,26,29000,RENT,2.0,MEDICAL,B,10000,12.69,0.34,N,2,1
3202,35,85000,RENT,4.0,EDUCATION,C,25000,13.11,0.29,Y,6,0
3203,22,48000,MORTGAGE,6.0,EDUCATION,A,5000,5.79,0.1,N,4,0
3204,22,30000,RENT,0.0,MEDICAL,B,5000,11.49,0.17,N,4,0
3205,24,66348,MORTGAGE,8.0,EDUCATION,C,7000,12.98,0.1,N,4,1
3206,23,60000,MORTGAGE,7.0,VENTURE,B,8000,12.18,0.13,N,3,0
3207,37,67145,MORTGAGE,8.0,DEBTCONSOLIDATION,A,10000,6.92,0.15,N,13,0
3208,26,45996,RENT,2.0,DEBTCONSOLIDATION,B,17600,12.53,0.4,N,4,1
3209,34,120000,MORTGAGE,3.0,HOMEIMPROVEMENT,B,15000,10.99,0.13,N,8,0
3210,23,62000,RENT,5.0,VENTURE,A,3000,7.14,0.05,N,3,0
3211,28,40800,MORTGAGE,5.0,PERSONAL,A,9500,6.76,0.23,N,9,0
3212,28,75000,RENT,12.0,MEDICAL,B,17000,11.26,0.24,N,9,0
3213,42,51319,MORTGAGE,4.0,DEBTCONSOLIDATION,B,20000,10.62,0.39,N,16,0
3214,23,36000,RENT,0.0,MEDICAL,A,5000,6.99,0.14,N,4,0
3215,25,59000,RENT,5.0,HOMEIMPROVEMENT,C,20000,14.17,0.34,Y,3,1
3216,37,54996,RENT,6.0,PERSONAL,B,5000,10.75,0.09,N,16,0
3217,27,55800,MORTGAGE,12.0,PERSONAL,A,6000,7.14,0.11,N,9,0
3218,29,30000,RENT,5.0,VENTURE,B,10000,10.65,0.33,N,9,1
3219,22,70000,MORTGAGE,6.0,DEBTCONSOLIDATION,A,3500,5.42,0.05,N,2,0
3220,31,60000,RENT,5.0,HOMEIMPROVEMENT,B,2000,10.36,0.03,N,5,0
3221,22,20000,RENT,6.0,EDUCATION,A,6000,7.49,0.3,N,4,0
3222,33,39000,OWN,5.0,EDUCATION,B,1000,11.11,0.03,N,9,0
3223,23,45000,RENT,0.0,VENTURE,B,12000,11.36,0.27,N,2,0
3224,25,70000,RENT,9.0,VENTURE,A,12000,7.9,0.17,N,2,0
3225,26,70000,MORTGAGE,7.0,MEDICAL,A,2100,6.39,0.03,N,2,0
3226,34,60000,MORTGAGE,12.0,PERSONAL,C,4500,13.55,0.07,N,6,0
3227,26,150000,MORTGAGE,10.0,DEBTCONSOLIDATION,B,25000,11.12,0.17,N,2,0
3228,32,78000,RENT,2.0,DEBTCONSOLIDATION,E,15000,15.95,0.19,Y,7,1
3229,25,78000,RENT,2.0,VENTURE,D,4000,17.49,0.05,Y,2,1
3230,28,75000,RENT,12.0,HOMEIMPROVEMENT,A,14000,7.49,0.19,N,9,0
3231,49,140000,RENT,4.0,EDUCATION,A,25000,8.49,0.18,N,17,0
3232,24,72000,MORTGAGE,2.0,HOMEIMPROVEMENT,A,5000,8.94,0.07,N,3,0
3233,25,32000,RENT,2.0,DEBTCONSOLIDATION,D,4500,15.05,0.14,N,4,1
3234,31,60000,RENT,0.0,MEDICAL,B,12000,10.99,0.2,N,8,0
3235,24,45000,RENT,4.0,HOMEIMPROVEMENT,D,5000,15.21,0.11,N,3,1
3236,28,40000,MORTGAGE,12.0,EDUCATION,A,7500,8.0,0.19,N,7,0
3237,23,48000,MORTGAGE,0.0,PERSONAL,B,10000,10.95,0.21,N,2,0
3238,27,96000,MORTGAGE,11.0,EDUCATION,A,15000,7.88,0.16,N,9,0
3239,24,56628,MORTGAGE,2.0,MEDICAL,A,12000,8.94,0.21,N,2,0
3240,30,90000,RENT,1.0,MEDICAL,B,6000,10.38,0.07,N,7,0
3241,22,34000,RENT,6.0,PERSONAL,B,10000,10.99,0.29,N,2,1
3242,27,65000,MORTGAGE,7.0,PERSONAL,B,9000,12.69,0.14,N,6,0
3243,26,40000,RENT,0.0,PERSONAL,B,18000,10.65,0.45,N,4,1
3244,23,78000,RENT,7.0,PERSONAL,B,25000,11.71,0.32,N,4,1
3245,28,43000,MORTGAGE,12.0,MEDICAL,C,10000,13.49,0.23,N,8,0
3246,26,92500,RENT,4.0,PERSONAL,A,19000,6.03,0.2,N,4,0
3247,34,60000,RENT,17.0,VENTURE,A,5000,7.9,0.08,N,9,0
3248,28,34800,RENT,0.0,MEDICAL,E,10000,19.03,0.28,Y,9,1
3249,46,69500,MORTGAGE,13.0,VENTURE,A,19400,8.49,0.28,N,14,0
3250,27,90000,MORTGAGE,0.0,HOMEIMPROVEMENT,D,10000,16.0,0.11,Y,8,0
3251,36,65000,MORTGAGE,9.0,PERSONAL,B,15000,10.65,0.23,N,17,0
3252,25,90000,MORTGAGE,5.0,HOMEIMPROVEMENT,A,14400,5.99,0.16,N,3,0
3253,25,130000,MORTGAGE,9.0,EDUCATION,A,10000,7.74,0.08,N,4,0
3254,21,24000,RENT,0.0,DEBTCONSOLIDATION,A,2100,7.88,0.09,N,3,0
3255,22,40000,OWN,6.0,VENTURE,D,4500,16.77,0.11,Y,2,0
3256,23,50000,RENT,4.0,VENTURE,A,7500,8.49,0.15,N,3,0
3257,24,85000,MORTGAGE,8.0,DEBTCONSOLIDATION,B,10500,11.49,0.12,N,4,0
3258,29,63996,MORTGAGE,11.0,EDUCATION,A,8000,8.0,0.12,N,8,0
3259,31,105000,MORTGAGE,11.0,EDUCATION,A,12000,7.88,0.11,N,8,0
3260,22,37200,RENT,5.0,DEBTCONSOLIDATION,A,7000,9.32,0.19,N,2,0
3261,27,75000,OWN,11.0,PERSONAL,A,12000,5.42,0.16,N,6,0
3262,24,50000,MORTGAGE,8.0,PERSONAL,B,10000,9.63,0.2,N,4,0
3263,40,32400,MORTGAGE,12.0,VENTURE,A,7125,7.51,0.23,N,11,0
3264,26,52000,RENT,9.0,HOMEIMPROVEMENT,A,20000,7.49,0.38,N,3,1
3265,29,55000,MORTGAGE,1.0,PERSONAL,B,9500,11.71,0.17,N,7,0
3266,30,170000,MORTGAGE,6.0,MEDICAL,B,20000,11.11,0.12,N,8,0
3267,23,42504,RENT,1.0,VENTURE,E,18250,16.4,0.43,N,2,1
3268,32,42000,RENT,7.0,MEDICAL,C,7600,12.84,0.18,N,6,0
3269,22,79650,RENT,6.0,HOMEIMPROVEMENT,D,17000,14.09,0.22,N,3,1
3270,45,112000,MORTGAGE,7.0,HOMEIMPROVEMENT,B,15000,10.25,0.13,N,17,0
3271,28,52800,RENT,8.0,VENTURE,A,2000,7.29,0.04,N,7,0
3272,29,70000,RENT,3.0,MEDICAL,C,4200,11.97,0.06,N,10,0
3273,23,67000,MORTGAGE,7.0,DEBTCONSOLIDATION,B,10000,10.25,0.15,N,4,0
3274,24,30000,RENT,3.0,DEBTCONSOLIDATION,C,6000,13.48,0.2,Y,4,0
3275,29,60000,RENT,5.0,HOMEIMPROVEMENT,B,13225,12.42,0.22,N,10,0
3276,22,48000,MORTGAGE,0.0,MEDICAL,A,13000,8.9,0.27,N,4,0
3277,25,60000,RENT,1.0,PERSONAL,C,12000,13.22,0.2,N,4,0
3278,23,29000,RENT,5.0,PERSONAL,C,1200,13.57,0.04,N,3,1
3279,38,84996,OWN,4.0,MEDICAL,B,12000,10.95,0.14,N,16,0
3280,24,65000,RENT,7.0,VENTURE,D,10000,15.99,0.15,N,3,0
3281,25,54000,MORTGAGE,2.0,HOMEIMPROVEMENT,C,7500,12.53,0.14,Y,4,1
3282,22,35000,RENT,4.0,MEDICAL,C,5000,13.23,0.14,N,3,0
3283,30,65450,MORTGAGE,12.0,HOMEIMPROVEMENT,A,12000,7.66,0.18,N,8,0
3284,30,96000,MORTGAGE,2.0,HOMEIMPROVEMENT,B,15000,10.99,0.16,N,9,0
3285,24,50000,MORTGAGE,2.0,EDUCATION,A,4000,7.66,0.08,N,2,0
3286,42,36000,RENT,22.0,MEDICAL,D,5400,17.49,0.15,Y,17,1
3287,29,80000,MORTGAGE,3.0,VENTURE,B,12000,12.42,0.15,N,10,0
3288,26,39000,RENT,0.0,VENTURE,B,5000,11.49,0.13,N,2,0
3289,27,39996,RENT,2.0,EDUCATION,D,4000,14.11,0.1,N,8,1
3290,21,50000,MORTGAGE,5.0,PERSONAL,C,5000,13.22,0.1,N,2,0
3291,27,24000,RENT,3.0,MEDICAL,C,1450,14.27,0.06,N,8,0
3292,25,95142,MORTGAGE,9.0,EDUCATION,A,5000,5.42,0.05,N,2,0
3293,26,24000,OWN,2.0,VENTURE,A,8400,8.0,0.35,N,2,0
3294,25,38400,RENT,3.0,MEDICAL,B,10000,10.38,0.26,N,3,0
3295,35,30000,RENT,2.0,DEBTCONSOLIDATION,B,10000,12.42,0.33,N,5,1
3296,22,50000,RENT,0.0,VENTURE,C,14475,12.68,0.29,Y,2,0
3297,37,26004,RENT,1.0,VENTURE,B,5000,9.99,0.19,N,15,0
3298,36,50000,MORTGAGE,8.0,VENTURE,A,8475,6.03,0.17,N,17,0
3299,22,33000,RENT,6.0,HOMEIMPROVEMENT,C,6000,12.68,0.18,N,2,1
3300,26,75000,RENT,10.0,EDUCATION,A,10000,7.9,0.13,N,4,0
3301,34,45000,MORTGAGE,5.0,VENTURE,B,3600,11.49,0.08,N,6,0
3302,25,38400,RENT,2.0,MEDICAL,B,10000,10.99,0.26,N,3,0
3303,24,65450,RENT,8.0,MEDICAL,A,9600,8.49,0.15,N,2,0
3304,23,42000,MORTGAGE,8.0,VENTURE,C,5000,12.87,0.12,N,3,0
3305,26,33000,RENT,2.0,EDUCATION,B,5000,11.86,0.15,N,3,0
3306,24,33000,RENT,5.0,VENTURE,B,5000,10.37,0.15,N,4,0
3307,23,65000,MORTGAGE,3.0,DEBTCONSOLIDATION,A,10000,6.62,0.15,N,4,0
3308,25,90000,MORTGAGE,3.0,PERSONAL,A,6000,8.94,0.07,N,2,0
3309,34,125000,RENT,0.0,HOMEIMPROVEMENT,C,7500,13.8,0.06,N,10,0
3310,33,90000,MORTGAGE,11.0,DEBTCONSOLIDATION,B,3000,10.0,0.03,N,5,0
3311,23,85000,MORTGAGE,4.0,EDUCATION,B,15000,10.0,0.18,N,3,0
3312,36,60000,MORTGAGE,7.0,EDUCATION,C,25000,13.85,0.37,N,11,0
3313,25,26000,RENT,2.0,EDUCATION,B,10000,9.64,0.38,N,4,1
3314,28,102000,MORTGAGE,3.0,MEDICAL,A,6000,6.92,0.06,N,9,0
3315,22,66000,RENT,2.0,EDUCATION,B,16000,10.62,0.25,N,2,1
3316,24,45000,MORTGAGE,8.0,DEBTCONSOLIDATION,B,12000,11.14,0.27,N,2,0
3317,26,45000,RENT,4.0,MEDICAL,B,10400,9.91,0.23,N,2,0
3318,27,53500,RENT,2.0,HOMEIMPROVEMENT,C,4000,13.61,0.07,Y,10,0
3319,27,49000,RENT,11.0,EDUCATION,A,4800,7.51,0.1,N,5,0
3320,22,40000,RENT,2.0,EDUCATION,B,5000,10.37,0.13,N,4,0
3321,23,60000,RENT,3.0,MEDICAL,B,5000,9.25,0.08,N,3,0
3322,23,49268,MORTGAGE,7.0,MEDICAL,A,12000,6.91,0.24,N,3,0
3323,28,48000,MORTGAGE,9.0,PERSONAL,A,15000,6.99,0.31,N,8,0
3324,22,50000,MORTGAGE,3.0,EDUCATION,A,2500,7.14,0.05,N,3,0
3325,23,73500,RENT,7.0,MEDICAL,C,9000,12.98,0.11,Y,3,1
3326,22,91000,MORTGAGE,6.0,MEDICAL,B,18000,12.69,0.19,N,2,0
3327,23,125000,MORTGAGE,7.0,EDUCATION,B,20000,11.11,0.16,N,4,0
3328,22,38000,RENT,4.0,MEDICAL,A,8600,5.79,0.22,N,2,0
3329,26,90000,RENT,0.0,DEBTCONSOLIDATION,A,10000,7.49,0.11,N,4,0
3330,23,97000,RENT,0.0,DEBTCONSOLIDATION,A,1350,8.94,0.01,N,2,0
3331,21,34000,MORTGAGE,5.0,HOMEIMPROVEMENT,B,6000,12.69,0.18,N,2,1
3332,25,49000,RENT,9.0,PERSONAL,E,21000,14.5,0.4,N,2,1
3333,34,67392,MORTGAGE,0.0,PERSONAL,C,10000,13.85,0.15,Y,6,1
3334,26,126000,MORTGAGE,2.0,VENTURE,B,6000,12.69,0.05,N,3,0
3335,24,90000,MORTGAGE,0.0,MEDICAL,C,9000,13.85,0.1,N,4,0
3336,39,70000,MORTGAGE,4.0,EDUCATION,D,4000,16.49,0.06,N,12,0
3337,30,110000,MORTGAGE,0.0,EDUCATION,B,20000,11.14,0.18,N,6,0
3338,36,95000,MORTGAGE,0.0,PERSONAL,C,12000,15.23,0.13,Y,15,0
3339,30,90000,MORTGAGE,8.0,VENTURE,A,12000,7.51,0.13,N,6,0
3340,27,56000,MORTGAGE,4.0,DEBTCONSOLIDATION,D,21000,15.65,0.39,N,9,1
3341,23,80000,MORTGAGE,6.0,MEDICAL,A,12000,5.42,0.15,N,4,0
3342,31,62500,RENT,4.0,PERSONAL,C,16000,13.22,0.26,N,5,0
3343,22,55000,RENT,4.0,MEDICAL,B,15000,10.37,0.27,N,4,0
3344,21,46800,OWN,5.0,PERSONAL,B,3600,10.36,0.08,N,4,0
3345,23,60000,RENT,3.0,DEBTCONSOLIDATION,A,15000,9.32,0.25,N,4,0
3346,23,70000,MORTGAGE,7.0,EDUCATION,A,5000,7.74,0.07,N,2,0
3347,29,95000,MORTGAGE,2.0,HOMEIMPROVEMENT,B,4000,10.99,0.04,N,9,0
3348,25,95000,RENT,3.0,HOMEIMPROVEMENT,B,8000,11.71,0.08,N,4,0
3349,32,44000,RENT,1.0,EDUCATION,E,10000,16.35,0.23,N,6,1
3350,39,138000,RENT,0.0,MEDICAL,B,6000,11.14,0.04,N,15,0
3351,24,50000,MORTGAGE,1.0,EDUCATION,C,9000,14.35,0.18,N,2,0
3352,22,25000,MORTGAGE,5.0,HOMEIMPROVEMENT,E,5000,16.35,0.02,Y,2,1
3353,25,72000,RENT,0.0,VENTURE,C,14000,14.17,0.19,Y,3,0
3354,29,75000,MORTGAGE,1.0,EDUCATION,A,22000,7.9,0.29,N,10,0
3355,30,75000,RENT,2.0,MEDICAL,B,8000,10.38,0.11,N,7,0
3356,23,60000,MORTGAGE,7.0,PERSONAL,A,8000,7.29,0.13,N,2,0
3357,27,120000,MORTGAGE,1.0,PERSONAL,B,9600,12.18,0.08,N,9,0
3358,22,45000,RENT,6.0,EDUCATION,B,10000,11.14,0.22,N,4,1
3359,26,30000,RENT,1.0,PERSONAL,A,5000,6.62,0.17,N,4,0
3360,27,130000,MORTGAGE,11.0,VENTURE,D,16500,12.61,0.13,N,7,0
3361,24,85000,MORTGAGE,8.0,EDUCATION,B,4800,11.99,0.05,N,3,0
3362,30,50000,MORTGAGE,14.0,VENTURE,B,11000,10.99,0.22,N,9,0
3363,22,65000,MORTGAGE,3.0,EDUCATION,B,6000,12.69,0.09,N,2,0
3364,22,30288,RENT,2.0,EDUCATION,C,7500,12.73,0.25,N,4,0
3365,27,55000,RENT,2.0,VENTURE,C,15000,13.48,0.27,N,5,0
3366,28,24000,RENT,0.0,EDUCATION,C,10000,13.49,0.42,Y,6,0
3367,37,90000,RENT,0.0,EDUCATION,B,12000,11.71,0.13,N,13,0
3368,22,75000,MORTGAGE,6.0,DEBTCONSOLIDATION,A,7000,6.76,0.09,N,4,0
3369,25,34000,MORTGAGE,3.0,HOMEIMPROVEMENT,C,6000,13.8,0.18,Y,2,0
3370,22,35000,RENT,5.0,EDUCATION,B,13000,10.0,0.38,N,2,1
3371,25,34000,RENT,0.0,VENTURE,D,6400,15.33,0.19,N,4,1
3372,34,91000,MORTGAGE,9.0,DEBTCONSOLIDATION,A,15000,7.88,0.16,N,9,0
3373,26,75000,MORTGAGE,2.0,EDUCATION,A,10000,7.74,0.13,N,4,0
3374,29,120000,MORTGAGE,11.0,MEDICAL,A,8000,5.99,0.07,N,7,0
3375,27,120000,MORTGAGE,11.0,EDUCATION,B,20000,10.0,0.17,N,5,0
3376,24,118400,MORTGAGE,8.0,EDUCATION,C,12000,13.49,0.1,Y,4,0
3377,26,32000,RENT,4.0,MEDICAL,B,10000,9.91,0.31,N,2,1
3378,22,24000,MORTGAGE,6.0,PERSONAL,A,3600,7.14,0.15,N,2,0
3379,34,90000,MORTGAGE,7.0,VENTURE,A,10000,7.51,0.11,N,10,0
3380,22,47000,RENT,6.0,EDUCATION,B,6000,12.42,0.13,N,2,0
3381,39,68400,RENT,1.0,DEBTCONSOLIDATION,C,8000,13.85,0.12,N,12,0
3382,22,42000,RENT,6.0,VENTURE,D,12000,16.49,0.29,Y,2,0
3383,28,72000,MORTGAGE,3.0,HOMEIMPROVEMENT,B,2400,11.14,0.03,N,5,0
3384,29,120000,RENT,2.0,DEBTCONSOLIDATION,B,5000,11.89,0.04,N,7,0
3385,22,30000,RENT,2.0,DEBTCONSOLIDATION,D,1200,15.21,0.04,Y,4,1
3386,31,65000,RENT,1.0,VENTURE,D,8600,14.96,0.13,Y,5,1
3387,38,36000,OWN,8.0,PERSONAL,C,12000,15.27,0.33,Y,14,0
3388,35,85000,RENT,0.0,HOMEIMPROVEMENT,A,5000,7.49,0.06,N,9,0
3389,25,60000,RENT,5.0,VENTURE,D,15000,14.42,0.25,Y,2,0
3390,22,60000,MORTGAGE,6.0,EDUCATION,B,6000,12.69,0.1,N,2,0
3391,25,47000,MORTGAGE,2.0,VENTURE,A,13000,9.63,0.28,N,2,0
3392,26,101000,RENT,10.0,HOMEIMPROVEMENT,B,24250,12.53,0.24,N,2,0
3393,23,95000,MORTGAGE,4.0,EDUCATION,A,19000,7.14,0.2,N,3,0
3394,24,65000,RENT,0.0,DEBTCONSOLIDATION,B,7000,10.71,0.11,N,3,0
3395,22,20000,OWN,3.0,EDUCATION,B,5000,11.83,0.25,N,4,0
3396,38,70800,MORTGAGE,6.0,EDUCATION,D,10000,15.21,0.14,Y,13,0
3397,23,120000,RENT,2.0,MEDICAL,C,10000,13.22,0.08,N,3,0
3398,30,65000,MORTGAGE,3.0,HOMEIMPROVEMENT,B,12000,10.99,0.18,N,8,0
3399,23,26000,RENT,5.0,MEDICAL,D,12000,15.37,0.44,Y,2,1
3400,23,57500,RENT,1.0,PERSONAL,A,9000,6.91,0.16,N,3,0
3401,25,48000,MORTGAGE,7.0,MEDICAL,B,5000,9.25,0.1,N,2,0
3402,25,50000,MORTGAGE,3.0,HOMEIMPROVEMENT,B,12000,11.71,0.24,N,2,0
3403,22,33000,MORTGAGE,6.0,VENTURE,B,8000,9.88,0.24,N,2,0
3404,27,70000,MORTGAGE,5.0,MEDICAL,A,10000,7.29,0.14,N,9,0
3405,25,43200,RENT,5.0,EDUCATION,A,10000,7.14,0.23,N,4,0
3406,30,100000,RENT,0.0,HOMEIMPROVEMENT,B,16000,10.74,0.16,N,6,0
3407,25,45000,RENT,2.0,PERSONAL,A,15000,7.88,0.33,N,4,1
3408,22,47211,MORTGAGE,7.0,EDUCATION,B,10000,11.83,0.21,N,2,0
3409,24,75000,MORTGAGE,0.0,HOMEIMPROVEMENT,B,12000,9.91,0.16,N,4,0
3410,35,40000,RENT,0.0,EDUCATION,C,5000,14.26,0.13,N,5,0
3411,29,35000,RENT,3.0,VENTURE,C,7500,12.99,0.21,N,5,0
3412,24,70000,RENT,2.0,DEBTCONSOLIDATION,C,9000,14.72,0.13,Y,2,0
3413,34,38500,RENT,0.0,EDUCATION,B,5000,10.59,0.13,N,9,0
3414,23,50000,RENT,4.0,EDUCATION,B,6000,10.37,0.12,N,2,0
3415,23,48000,RENT,0.0,MEDICAL,A,2800,8.49,0.06,N,3,0
3416,32,60000,MORTGAGE,1.0,HOMEIMPROVEMENT,D,20000,16.32,0.33,Y,10,0
3417,32,62000,MORTGAGE,3.0,PERSONAL,B,14500,11.49,0.23,N,7,0
3418,27,120000,MORTGAGE,0.0,DEBTCONSOLIDATION,A,5000,7.68,0.04,N,5,0
3419,26,75000,MORTGAGE,4.0,MEDICAL,A,4000,6.03,0.05,N,4,0
3420,22,65000,RENT,2.0,MEDICAL,B,7000,10.59,0.11,N,4,0
3421,23,80000,MORTGAGE,7.0,MEDICAL,C,15000,13.49,0.19,N,3,0
3422,28,79050,MORTGAGE,13.0,MEDICAL,D,12600,15.99,0.13,Y,10,1
3423,22,26400,RENT,0.0,VENTURE,C,4800,12.23,0.18,Y,4,0
3424,36,66000,MORTGAGE,4.0,DEBTCONSOLIDATION,B,7000,10.59,0.11,N,15,0
3425,23,75000,MORTGAGE,7.0,EDUCATION,A,8000,7.51,0.11,N,4,0
3426,21,70000,OWN,3.0,EDUCATION,C,8000,14.72,0.11,N,4,0
3427,32,48000,OWN,0.0,VENTURE,A,5000,7.74,0.1,N,7,0
3428,23,69528,RENT,7.0,EDUCATION,A,6000,8.94,0.09,N,2,0
3429,29,39000,MORTGAGE,13.0,MEDICAL,B,5000,10.99,0.13,N,9,0
3430,24,95610,MORTGAGE,8.0,VENTURE,B,10000,9.99,0.1,N,4,0
3431,22,87000,MORTGAGE,6.0,DEBTCONSOLIDATION,B,15000,11.26,0.17,N,4,0
3432,31,75000,MORTGAGE,3.0,PERSONAL,D,35000,15.62,0.45,Y,5,0
3433,24,80000,MORTGAGE,4.0,EDUCATION,B,3000,10.51,0.04,N,4,0
3434,28,50000,MORTGAGE,5.0,MEDICAL,C,21000,12.84,0.4,N,6,0
3435,27,42000,RENT,5.0,VENTURE,B,8000,10.99,0.19,N,5,0
3436,23,45000,RENT,0.0,EDUCATION,A,4000,7.49,0.09,N,2,0
3437,46,60000,MORTGAGE,13.0,VENTURE,B,5000,9.91,0.08,N,13,0
3438,32,75000,RENT,4.0,MEDICAL,B,10000,12.18,0.13,N,8,0
3439,23,62004,MORTGAGE,7.0,DEBTCONSOLIDATION,A,6000,7.66,0.1,N,4,0
3440,23,105000,MORTGAGE,4.0,MEDICAL,B,12000,12.21,0.11,N,2,0
3441,23,56000,RENT,7.0,PERSONAL,A,10000,7.9,0.18,N,2,0
3442,27,31200,MORTGAGE,0.0,MEDICAL,E,3700,18.39,0.11,N,10,1
3443,25,47000,MORTGAGE,9.0,PERSONAL,A,2400,8.9,0.05,N,2,0
3444,24,60000,RENT,8.0,HOMEIMPROVEMENT,B,7300,11.14,0.13,N,2,0
3445,29,65000,RENT,8.0,VENTURE,C,8000,14.72,0.12,N,5,0
3446,28,60000,MORTGAGE,3.0,PERSONAL,A,5000,8.49,0.08,N,9,0
3447,23,60000,OWN,7.0,VENTURE,A,7000,7.9,0.12,N,4,0
3448,23,54000,RENT,5.0,MEDICAL,A,4800,7.9,0.09,N,3,0
3449,22,43000,OWN,6.0,EDUCATION,A,6000,7.74,0.14,N,3,0
3450,25,45000,RENT,1.0,MEDICAL,C,7000,12.68,0.16,N,3,0
3451,27,60612,MORTGAGE,11.0,MEDICAL,A,4000,8.9,0.06,N,5,0
3452,36,86000,RENT,6.0,EDUCATION,A,12000,7.88,0.14,N,13,0
3453,25,125555,OWN,2.0,MEDICAL,A,9250,8.59,0.07,N,3,0
3454,24,95000,RENT,1.0,DEBTCONSOLIDATION,B,4800,10.99,0.05,N,3,0
3455,31,62903,RENT,2.0,EDUCATION,A,11700,8.59,0.18,N,7,0
3456,36,80000,MORTGAGE,0.0,VENTURE,A,5000,7.74,0.06,N,15,0
3457,21,35496,MORTGAGE,3.0,DEBTCONSOLIDATION,B,9600,11.99,0.27,N,4,0
3458,22,54000,RENT,1.0,DEBTCONSOLIDATION,D,15000,14.42,0.28,N,2,1
3459,24,80000,RENT,4.0,HOMEIMPROVEMENT,B,5000,11.71,0.06,N,2,0
3460,21,59000,RENT,5.0,HOMEIMPROVEMENT,B,6000,11.89,0.1,N,2,1
3461,23,70560,RENT,4.0,PERSONAL,B,9600,9.99,0.14,N,2,0
3462,26,80400,MORTGAGE,2.0,VENTURE,A,12500,7.88,0.16,N,2,0
3463,24,61000,MORTGAGE,8.0,EDUCATION,C,2000,13.48,0.03,Y,4,0
3464,23,170000,MORTGAGE,0.0,EDUCATION,B,20000,10.37,0.12,N,4,0
3465,23,55000,MORTGAGE,7.0,PERSONAL,A,15000,6.03,0.27,N,2,0
3466,27,75000,RENT,4.0,MEDICAL,B,12600,11.83,0.18,N,7,0
3467,25,60000,MORTGAGE,4.0,DEBTCONSOLIDATION,B,2000,10.65,0.03,N,4,0
3468,26,44000,MORTGAGE,0.0,HOMEIMPROVEMENT,D,10000,15.65,0.23,Y,4,1
3469,30,45000,RENT,3.0,DEBTCONSOLIDATION,B,4000,10.99,0.09,N,10,0
3470,28,69575,RENT,9.0,MEDICAL,A,4000,6.39,0.06,N,8,0
3471,28,65000,RENT,5.0,PERSONAL,B,7000,10.37,0.11,N,7,0
3472,28,60000,MORTGAGE,12.0,MEDICAL,A,9800,8.94,0.16,N,9,0
3473,36,46000,OWN,2.0,VENTURE,A,9000,9.63,0.2,N,14,0
3474,22,70000,RENT,3.0,PERSONAL,B,14400,11.71,0.21,N,3,0
3475,22,53000,MORTGAGE,6.0,EDUCATION,B,12000,11.71,0.23,N,4,0
3476,31,113000,MORTGAGE,0.0,DEBTCONSOLIDATION,A,12800,6.54,0.11,N,6,1
3477,25,55000,RENT,4.0,HOMEIMPROVEMENT,A,8000,7.51,0.15,N,4,0
3478,22,33000,MORTGAGE,6.0,PERSONAL,D,7500,15.05,0.22,Y,4,1
3479,25,45000,RENT,3.0,PERSONAL,C,3600,12.73,0.08,Y,2,0
3480,32,65000,MORTGAGE,2.0,HOMEIMPROVEMENT,A,4800,7.49,0.07,N,10,0
3481,47,40000,RENT,2.0,MEDICAL,B,4000,12.18,0.1,N,13,0
3482,26,75000,MORTGAGE,10.0,PERSONAL,B,9000,10.99,0.12,N,4,0
3483,30,65000,MORTGAGE,3.0,HOMEIMPROVEMENT,B,9600,10.99,0.15,N,10,0
3484,26,90000,MORTGAGE,5.0,PERSONAL,D,12000,14.59,0.13,N,4,0
3485,22,36000,RENT,2.0,MEDICAL,B,8400,10.99,0.23,N,4,0
3486,27,60000,RENT,11.0,VENTURE,D,10000,16.77,0.17,N,8,0
3487,27,60000,MORTGAGE,11.0,EDUCATION,A,10000,8.07,0.17,N,10,0
3488,27,90000,RENT,8.0,VENTURE,A,12000,7.49,0.13,N,9,0
3489,23,74000,MORTGAGE,7.0,PERSONAL,B,7500,10.59,0.1,N,3,1
3490,39,90000,MORTGAGE,9.0,PERSONAL,B,12000,12.53,0.13,N,13,0
3491,28,54400,MORTGAGE,4.0,HOMEIMPROVEMENT,A,15000,6.91,0.23,N,8,0
3492,22,96000,MORTGAGE,2.0,EDUCATION,A,20000,6.17,0.21,N,2,0
3493,28,60000,RENT,4.0,EDUCATION,B,12000,11.49,0.2,N,10,0
3494,22,28800,RENT,4.0,VENTURE,B,10000,9.91,0.36,N,2,0
3495,25,54600,MORTGAGE,6.0,EDUCATION,A,8000,7.88,0.15,N,3,0
3496,32,58800,MORTGAGE,4.0,MEDICAL,B,3000,10.75,0.05,N,7,1
3497,25,84000,MORTGAGE,9.0,DEBTCONSOLIDATION,A,10000,7.51,0.12,N,2,0
3498,27,120000,MORTGAGE,4.0,PERSONAL,B,8000,10.99,0.07,N,6,0
3499,25,78000,RENT,9.0,PERSONAL,D,4000,17.27,0.05,N,2,0
3500,22,70000,MORTGAGE,6.0,PERSONAL,B,8000,11.71,0.11,N,3,0
3501,31,45000,RENT,2.0,DEBTCONSOLIDATION,A,11000,8.49,0.25,N,10,0
3502,23,70000,RENT,0.0,VENTURE,C,2000,13.57,0.03,Y,2,0
3503,22,40000,RENT,2.0,MEDICAL,A,5000,6.54,0.13,N,2,0
3504,22,49500,OWN,6.0,PERSONAL,B,4800,11.36,0.1,N,4,0
3505,22,48756,RENT,1.0,EDUCATION,C,10000,14.35,0.2,N,4,0
3506,36,60000,MORTGAGE,13.0,PERSONAL,B,15000,11.36,0.25,N,11,0
3507,26,60000,RENT,4.0,VENTURE,C,10000,13.49,0.17,Y,3,0
3508,27,65000,MORTGAGE,7.0,EDUCATION,A,10000,7.49,0.15,N,8,0
3509,23,70000,MORTGAGE,7.0,VENTURE,A,10000,5.79,0.14,N,2,0
3510,22,85000,RENT,6.0,EDUCATION,C,10000,13.48,0.12,Y,4,0
3511,23,30000,OWN,0.0,MEDICAL,A,7000,5.79,0.23,N,3,0
3512,27,83886,MORTGAGE,11.0,VENTURE,A,15000,6.03,0.18,N,7,0
3513,23,30000,RENT,1.0,HOMEIMPROVEMENT,C,10625,13.16,0.35,N,3,1
3514,26,40000,RENT,5.0,MEDICAL,A,9000,5.99,0.23,N,2,0
3515,22,29000,RENT,0.0,HOMEIMPROVEMENT,C,4000,12.73,0.14,Y,4,1
3516,29,39000,RENT,0.0,MEDICAL,D,11000,15.05,0.29,Y,6,1
3517,26,76992,MORTGAGE,10.0,EDUCATION,A,1500,6.76,0.02,N,3,0
3518,29,45000,RENT,1.0,DEBTCONSOLIDATION,C,6000,12.73,0.13,N,10,0
3519,27,174708,RENT,3.0,HOMEIMPROVEMENT,A,4800,5.42,0.03,N,9,0
3520,24,72000,MORTGAGE,5.0,VENTURE,A,5000,6.03,0.07,N,2,0
3521,27,90000,MORTGAGE,6.0,VENTURE,B,10000,9.25,0.11,N,7,0
3522,29,100000,MORTGAGE,6.0,DEBTCONSOLIDATION,A,6000,6.76,0.06,N,9,0
3523,22,54000,MORTGAGE,6.0,EDUCATION,A,10000,7.14,0.19,N,3,0
3524,27,60000,MORTGAGE,3.0,MEDICAL,A,12000,6.92,0.2,N,10,0
3525,26,66000,MORTGAGE,10.0,PERSONAL,A,6000,7.66,0.09,N,2,0
3526,30,140000,MORTGAGE,2.0,HOMEIMPROVEMENT,A,5500,7.68,0.04,N,10,0
3527,24,90000,MORTGAGE,8.0,DEBTCONSOLIDATION,A,12000,6.92,0.13,N,2,0
3528,25,75000,OWN,3.0,HOMEIMPROVEMENT,B,12000,10.38,0.16,N,4,0
3529,32,120000,MORTGAGE,2.0,PERSONAL,B,15000,10.0,0.13,N,9,0
3530,28,120000,MORTGAGE,12.0,VENTURE,A,2500,5.42,0.02,N,8,0
3531,23,120000,MORTGAGE,2.0,PERSONAL,A,5000,6.03,0.04,N,3,0
3532,32,120000,RENT,4.0,DEBTCONSOLIDATION,A,10000,7.14,0.08,N,6,0
3533,31,81120,OWN,0.0,PERSONAL,B,24000,11.83,0.3,N,10,0
3534,27,50000,RENT,0.0,MEDICAL,B,12000,10.37,0.24,N,9,0
3535,23,95000,MORTGAGE,7.0,EDUCATION,A,5000,7.9,0.05,N,3,0
3536,29,26400,RENT,3.0,EDUCATION,A,3000,7.51,0.11,N,10,0
3537,24,34152,RENT,5.0,MEDICAL,C,6500,13.79,0.19,Y,4,0
3538,44,37000,RENT,3.0,EDUCATION,D,3600,16.77,0.1,Y,12,1
3539,29,82000,RENT,4.0,EDUCATION,B,8000,10.65,0.1,N,5,0
3540,28,42000,RENT,0.0,PERSONAL,C,14000,14.27,0.33,N,8,1
3541,24,43500,RENT,4.0,EDUCATION,C,9000,13.35,0.21,Y,2,0
3542,25,60000,MORTGAGE,9.0,DEBTCONSOLIDATION,B,5000,10.65,0.08,N,2,0
3543,43,65000,MORTGAGE,0.0,DEBTCONSOLIDATION,A,10000,5.79,0.15,N,16,0
3544,24,50000,MORTGAGE,8.0,VENTURE,A,8000,6.76,0.16,N,2,0
3545,27,120000,RENT,4.0,PERSONAL,B,15000,8.88,0.13,N,7,0
3546,22,52000,RENT,7.0,VENTURE,A,5000,7.75,0.1,N,3,0
3547,22,78000,MORTGAGE,6.0,PERSONAL,A,5000,7.51,0.07,N,2,0
3548,36,60000,MORTGAGE,7.0,PERSONAL,B,20000,10.37,0.33,N,17,0
3549,23,67983,MORTGAGE,8.0,MEDICAL,C,18000,12.73,0.24,N,2,1
3550,34,50000,RENT,4.0,PERSONAL,A,6000,7.51,0.12,N,6,0
3551,25,100000,MORTGAGE,9.0,HOMEIMPROVEMENT,A,5000,9.63,0.05,N,4,0
3552,23,75800,RENT,0.0,VENTURE,A,10000,9.32,0.13,N,2,0
3553,22,70000,OWN,6.0,VENTURE,A,3600,8.32,0.05,N,2,0
3554,37,60000,RENT,15.0,EDUCATION,A,10000,7.51,0.17,N,17,0
3555,26,30000,MORTGAGE,2.0,EDUCATION,B,4000,11.86,0.13,N,3,0
3556,24,52800,RENT,8.0,VENTURE,B,9000,9.99,0.17,N,4,0
3557,36,63000,MORTGAGE,2.0,MEDICAL,A,4200,5.42,0.07,N,13,0
3558,35,30000,RENT,8.0,VENTURE,B,7000,12.69,0.23,N,5,0
3559,24,106000,RENT,7.0,HOMEIMPROVEMENT,D,5000,14.96,0.05,Y,2,0
3560,24,73000,RENT,2.0,DEBTCONSOLIDATION,C,6500,13.22,0.09,Y,4,0
3561,23,40000,RENT,2.0,DEBTCONSOLIDATION,A,6000,7.49,0.15,N,3,0
3562,23,54996,RENT,3.0,DEBTCONSOLIDATION,A,11000,8.94,0.2,N,2,0
3563,39,70000,RENT,1.0,MEDICAL,B,16000,9.99,0.23,N,16,0
3564,34,85000,RENT,18.0,VENTURE,A,8000,5.42,0.09,N,6,0
3565,33,56461,MORTGAGE,2.0,EDUCATION,E,5500,15.68,0.1,N,8,0
3566,24,60000,OWN,5.0,VENTURE,D,7600,16.49,0.13,N,2,0
3567,42,78000,RENT,4.0,HOMEIMPROVEMENT,B,6000,11.58,0.08,N,11,0
3568,22,50000,MORTGAGE,2.0,EDUCATION,A,3600,6.03,0.07,N,3,0
3569,28,140000,MORTGAGE,11.0,EDUCATION,A,10000,5.79,0.07,N,8,0
3570,22,38000,RENT,0.0,EDUCATION,B,3000,11.11,0.08,N,2,0
3571,29,30000,RENT,2.0,DEBTCONSOLIDATION,A,3000,8.9,0.1,N,5,0
3572,22,52800,RENT,6.0,DEBTCONSOLIDATION,D,7500,16.29,0.15,N,4,1
3573,23,56000,OWN,4.0,MEDICAL,C,11050,13.35,0.2,N,2,0
3574,35,120000,MORTGAGE,3.0,PERSONAL,A,25000,6.62,0.21,N,6,0
3575,23,52700,MORTGAGE,4.0,MEDICAL,B,4000,11.86,0.07,N,2,0
3576,25,90000,MORTGAGE,5.0,HOMEIMPROVEMENT,A,7000,7.51,0.08,N,4,0
3577,21,42000,MORTGAGE,5.0,VENTURE,B,10800,10.99,0.26,N,4,0
3578,23,39000,RENT,1.0,VENTURE,D,9500,15.37,0.24,Y,3,1
3579,25,30000,RENT,2.0,MEDICAL,C,5000,13.72,0.17,N,3,0
3580,26,51996,RENT,2.0,EDUCATION,B,1500,9.62,0.03,N,4,0
3581,24,75000,RENT,5.0,VENTURE,B,6000,11.49,0.08,N,4,0
3582,23,69000,RENT,1.0,EDUCATION,B,10000,10.65,0.14,N,3,1
3583,27,91000,MORTGAGE,5.0,DEBTCONSOLIDATION,A,15000,7.88,0.16,N,6,0
3584,33,30000,RENT,0.0,PERSONAL,C,5000,13.49,0.17,N,7,0
3585,22,50000,RENT,6.0,VENTURE,B,15000,10.99,0.3,N,2,0
3586,34,52000,OWN,10.0,VENTURE,B,1500,11.86,0.03,N,7,0
3587,26,31200,RENT,2.0,PERSONAL,B,10000,11.86,0.32,N,2,1
3588,31,150000,RENT,15.0,HOMEIMPROVEMENT,D,5000,16.32,0.03,N,8,0
3589,23,65000,MORTGAGE,7.0,PERSONAL,B,12000,10.62,0.18,N,3,0
3590,23,55392,RENT,3.0,MEDICAL,D,6000,15.2,0.11,Y,3,1
3591,23,40308,MORTGAGE,1.0,EDUCATION,A,3000,7.68,0.08,N,4,0
3592,25,70000,RENT,6.0,EDUCATION,B,15000,11.71,0.21,N,4,0
3593,22,50000,MORTGAGE,1.0,EDUCATION,B,10000,9.88,0.2,N,4,0
3594,26,82000,RENT,2.0,DEBTCONSOLIDATION,C,20000,13.47,0.24,N,4,0
3595,23,70000,MORTGAGE,7.0,VENTURE,A,10000,5.79,0.14,N,4,0
3596,22,45000,RENT,3.0,EDUCATION,B,6000,10.0,0.13,N,4,0
3597,25,80000,MORTGAGE,2.0,PERSONAL,A,10000,7.51,0.13,N,4,0
3598,23,80000,MORTGAGE,7.0,EDUCATION,B,8000,11.49,0.1,N,3,0
3599,23,55000,MORTGAGE,7.0,PERSONAL,A,10000,8.94,0.18,N,4,0
3600,27,44000,RENT,2.0,MEDICAL,D,9000,14.96,0.2,Y,7,1
3601,25,90000,MORTGAGE,5.0,HOMEIMPROVEMENT,C,16000,13.48,0.18,N,3,0
3602,29,30000,OWN,5.0,HOMEIMPROVEMENT,C,4400,15.23,0.15,N,10,0
3603,24,67500,MORTGAGE,8.0,PERSONAL,A,3000,7.88,0.04,N,3,0
3604,31,35000,RENT,5.0,EDUCATION,B,5000,11.71,0.14,N,5,0
3605,26,60000,RENT,2.0,VENTURE,A,16000,6.91,0.27,N,3,0
3606,22,39000,RENT,7.0,DEBTCONSOLIDATION,C,7000,14.35,0.18,Y,2,0
3607,35,102000,RENT,5.0,EDUCATION,A,10000,6.92,0.1,N,10,0
3608,32,50000,MORTGAGE,16.0,VENTURE,A,2500,6.03,0.05,N,8,0
3609,24,60000,MORTGAGE,5.0,VENTURE,A,20000,7.88,0.33,N,4,0
3610,22,65000,MORTGAGE,0.0,EDUCATION,A,6000,7.74,0.09,N,3,0
3611,23,48000,RENT,3.0,PERSONAL,D,10000,15.62,0.21,Y,4,0
3612,29,48000,MORTGAGE,3.0,HOMEIMPROVEMENT,A,7000,6.62,0.15,N,6,0
3613,22,42000,MORTGAGE,3.0,EDUCATION,A,5400,7.14,0.13,N,3,0
3614,22,90000,MORTGAGE,4.0,EDUCATION,A,7200,7.88,0.08,N,2,0
3615,23,72000,MORTGAGE,3.0,EDUCATION,B,15000,11.86,0.21,N,4,0
3616,24,70000,RENT,6.0,PERSONAL,C,12000,13.49,0.17,N,3,0
3617,24,42000,MORTGAGE,4.0,PERSONAL,A,5000,5.42,0.12,N,2,0
3618,65,84000,MORTGAGE,3.0,EDUCATION,C,25000,13.8,0.3,N,29,0
3619,28,98000,RENT,4.0,PERSONAL,A,14000,7.51,0.14,N,5,0
3620,27,85000,RENT,0.0,MEDICAL,B,8000,12.42,0.09,N,9,0
3621,22,27000,RENT,3.0,MEDICAL,C,9000,13.79,0.33,Y,3,1
3622,37,42871,RENT,2.0,VENTURE,B,2000,11.49,0.05,N,13,0
3623,28,42000,RENT,6.0,EDUCATION,B,3000,11.49,0.07,N,5,0
3624,24,32000,RENT,0.0,EDUCATION,A,1200,8.0,0.04,N,2,0
3625,22,39996,RENT,4.0,DEBTCONSOLIDATION,B,5000,11.89,0.13,N,2,0
3626,28,84000,RENT,3.0,VENTURE,B,6000,11.49,0.07,N,7,0
3627,35,36000,MORTGAGE,6.0,PERSONAL,A,6000,7.51,0.17,N,5,0
3628,22,24000,RENT,2.0,EDUCATION,D,4000,15.65,0.17,Y,3,1
3629,29,90000,MORTGAGE,13.0,MEDICAL,A,12000,6.62,0.13,N,10,0
3630,60,98000,RENT,1.0,VENTURE,C,16000,14.79,0.16,Y,19,1
3631,21,47000,RENT,2.0,DEBTCONSOLIDATION,A,8000,5.99,0.17,N,2,0
3632,23,60000,MORTGAGE,4.0,DEBTCONSOLIDATION,A,10000,6.62,0.17,N,4,0
3633,36,260000,MORTGAGE,2.0,HOMEIMPROVEMENT,B,25000,10.36,0.1,N,14,0
3634,25,40000,OWN,6.0,MEDICAL,A,1000,6.76,0.03,N,2,0
3635,39,58000,OWN,13.0,VENTURE,A,6000,7.74,0.1,N,14,0
3636,45,50000,RENT,0.0,HOMEIMPROVEMENT,C,3500,13.49,0.07,Y,12,0
3637,27,52000,RENT,1.0,EDUCATION,B,3000,11.48,0.06,N,8,0
3638,32,93000,MORTGAGE,3.0,HOMEIMPROVEMENT,A,12000,6.62,0.13,N,10,0
3639,22,50000,RENT,6.0,EDUCATION,C,6000,12.87,0.12,Y,2,0
3640,34,150000,RENT,3.0,HOMEIMPROVEMENT,A,7500,7.51,0.05,N,6,0
3641,27,43200,RENT,4.0,VENTURE,C,5000,13.8,0.12,N,6,0
3642,25,30000,RENT,3.0,EDUCATION,B,6500,9.91,0.22,N,3,1
3643,25,62000,RENT,0.0,HOMEIMPROVEMENT,C,10000,14.65,0.16,N,4,0
3644,40,39000,RENT,3.0,HOMEIMPROVEMENT,D,20000,14.74,0.51,N,16,1
3645,30,60000,RENT,0.0,DEBTCONSOLIDATION,B,5000,10.37,0.08,N,6,0
3646,32,24000,RENT,0.0,VENTURE,B,5000,11.49,0.21,N,9,0
3647,38,60000,RENT,5.0,PERSONAL,A,12000,7.49,0.2,N,14,0
3648,28,25000,MORTGAGE,2.0,HOMEIMPROVEMENT,C,3000,11.78,0.12,Y,9,0
3649,23,72000,MORTGAGE,7.0,EDUCATION,C,15000,14.22,0.21,N,3,0
3650,29,110000,OWN,0.0,PERSONAL,B,16000,12.42,0.15,N,9,0
3651,26,140000,RENT,0.0,EDUCATION,A,8400,8.0,0.06,N,4,0
3652,27,68000,RENT,8.0,MEDICAL,B,6000,11.49,0.09,N,10,0
3653,28,74400,MORTGAGE,0.0,HOMEIMPROVEMENT,A,15000,9.63,0.2,N,6,0
3654,23,42000,RENT,3.0,PERSONAL,B,3000,11.11,0.07,N,3,0
3655,26,25000,RENT,4.0,PERSONAL,B,3000,11.86,0.12,N,3,0
3656,25,65000,RENT,0.0,DEBTCONSOLIDATION,C,18000,14.35,0.28,Y,4,0
3657,38,47000,MORTGAGE,8.0,VENTURE,A,3000,6.62,0.06,N,16,0
3658,52,33600,RENT,4.0,EDUCATION,A,5000,8.49,0.15,N,25,0
3659,25,45000,RENT,2.0,PERSONAL,C,12000,13.85,0.27,Y,3,0
3660,22,72000,RENT,3.0,MEDICAL,C,20000,13.85,0.28,N,3,0
3661,33,14000,RENT,0.0,MEDICAL,C,2500,13.22,0.18,Y,8,1
3662,27,62496,RENT,4.0,VENTURE,D,10000,14.11,0.16,Y,5,0
3663,24,73500,RENT,0.0,HOMEIMPROVEMENT,B,15000,11.71,0.2,N,2,0
3664,39,75000,MORTGAGE,10.0,MEDICAL,C,6000,13.61,0.08,Y,14,0
3665,27,90000,MORTGAGE,7.0,HOMEIMPROVEMENT,C,10000,13.98,0.11,Y,9,0
3666,23,60629,MORTGAGE,7.0,VENTURE,A,10000,7.49,0.16,N,4,0
3667,37,140000,RENT,3.0,VENTURE,A,20000,6.91,0.14,N,13,0
3668,35,48000,RENT,4.0,MEDICAL,A,10000,9.63,0.21,N,10,0
3669,24,75000,RENT,5.0,EDUCATION,A,12000,8.9,0.16,N,3,0
3670,22,65000,MORTGAGE,6.0,PERSONAL,A,10000,7.49,0.15,N,2,0
3671,22,59000,MORTGAGE,6.0,MEDICAL,B,20000,11.49,0.34,N,2,1
3672,38,81000,MORTGAGE,3.0,DEBTCONSOLIDATION,A,10000,7.88,0.12,N,16,0
3673,31,60000,RENT,4.0,VENTURE,C,5000,13.98,0.08,Y,6,0
3674,21,40000,RENT,5.0,VENTURE,B,4000,9.63,0.1,N,4,0
3675,31,122000,RENT,0.0,MEDICAL,C,4800,13.23,0.04,Y,8,0
3676,22,54263,RENT,0.0,DEBTCONSOLIDATION,A,3500,7.66,0.06,N,3,0
3677,32,65000,RENT,4.0,EDUCATION,B,12000,10.71,0.18,N,7,0
3678,24,30000,RENT,2.0,VENTURE,B,3000,10.59,0.1,N,4,0
3679,36,40000,MORTGAGE,3.0,HOMEIMPROVEMENT,A,10000,6.03,0.25,N,16,0
3680,27,80000,OWN,1.0,PERSONAL,B,25000,9.99,0.31,N,10,0
3681,22,42000,RENT,6.0,PERSONAL,A,10000,5.42,0.24,N,4,1
3682,24,44000,MORTGAGE,2.0,HOMEIMPROVEMENT,B,6000,11.14,0.14,N,4,1
3683,22,40000,RENT,4.0,EDUCATION,B,12000,10.59,0.3,N,2,0
3684,27,85000,RENT,0.0,VENTURE,A,10000,5.79,0.12,N,8,0
3685,25,48000,RENT,5.0,MEDICAL,D,5000,14.11,0.1,N,2,0
3686,24,55000,MORTGAGE,8.0,MEDICAL,A,8000,7.49,0.15,N,3,0
3687,23,70000,MORTGAGE,7.0,PERSONAL,A,10000,7.88,0.14,N,3,0
3688,22,90000,MORTGAGE,4.0,EDUCATION,A,10000,7.14,0.11,N,3,0
3689,25,39000,RENT,0.0,PERSONAL,D,6000,14.96,0.15,Y,3,1
3690,27,44000,MORTGAGE,0.0,VENTURE,B,10000,12.69,0.23,N,8,0
3691,27,70000,MORTGAGE,5.0,PERSONAL,B,8000,10.25,0.11,N,6,0
3692,25,80000,RENT,9.0,PERSONAL,C,10000,14.27,0.13,N,3,0
3693,26,120000,MORTGAGE,4.0,HOMEIMPROVEMENT,A,25000,7.49,0.21,N,4,0
3694,42,48000,MORTGAGE,6.0,PERSONAL,A,4400,6.62,0.09,N,13,0
3695,22,38004,OWN,0.0,PERSONAL,A,3900,7.51,0.1,N,4,0
3696,21,70553,RENT,5.0,VENTURE,C,10000,13.49,0.14,N,4,1
3697,22,40000,OWN,6.0,PERSONAL,A,6000,7.74,0.15,N,2,0
3698,24,38400,MORTGAGE,4.0,VENTURE,B,4000,11.99,0.11,N,4,0
3699,25,60000,OWN,4.0,HOMEIMPROVEMENT,C,13000,13.98,0.22,Y,4,0
3700,23,36000,OWN,7.0,VENTURE,B,11200,9.88,0.31,N,2,0
3701,24,45000,MORTGAGE,8.0,VENTURE,B,7800,9.88,0.17,N,3,0
3702,22,44000,RENT,6.0,EDUCATION,B,10000,12.69,0.23,N,3,0
3703,28,70000,MORTGAGE,2.0,PERSONAL,C,3500,15.23,0.05,Y,7,0
3704,21,75000,RENT,6.0,EDUCATION,A,10000,6.17,0.13,N,3,0
3705,34,59500,MORTGAGE,4.0,EDUCATION,B,6000,12.18,0.1,N,8,0
3706,23,60000,RENT,8.0,PERSONAL,B,4800,11.71,0.08,N,2,0
3707,21,30000,RENT,1.0,EDUCATION,C,12000,12.53,0.4,Y,4,1
3708,29,40000,MORTGAGE,5.0,PERSONAL,A,6000,7.88,0.15,N,9,0
3709,23,36000,RENT,0.0,VENTURE,B,10000,9.99,0.28,N,3,0
3710,26,85000,MORTGAGE,10.0,DEBTCONSOLIDATION,A,16000,8.9,0.19,N,3,0
3711,27,140000,MORTGAGE,11.0,VENTURE,A,6000,6.76,0.04,N,10,0
3712,32,51700,OWN,2.0,EDUCATION,B,13200,11.14,0.26,N,9,0
3713,23,55000,RENT,2.0,EDUCATION,A,7000,6.03,0.13,N,3,0
3714,22,60000,RENT,0.0,EDUCATION,B,12000,10.65,0.2,N,3,0
3715,23,42000,MORTGAGE,7.0,PERSONAL,B,5000,10.65,0.12,N,2,0
3716,37,80000,MORTGAGE,18.0,VENTURE,A,7000,6.62,0.09,N,12,0
3717,35,60000,OWN,5.0,MEDICAL,B,14000,9.88,0.23,N,9,0
3718,22,210000,MORTGAGE,6.0,VENTURE,A,18000,6.54,0.08,N,2,0
3719,33,52000,MORTGAGE,2.0,PERSONAL,A,2500,6.99,0.05,N,8,0
3720,37,80000,RENT,12.0,EDUCATION,A,10000,6.03,0.13,N,11,0
3721,27,51000,RENT,6.0,DEBTCONSOLIDATION,E,17500,16.4,0.33,Y,7,1
3722,23,95000,RENT,8.0,DEBTCONSOLIDATION,A,10000,9.32,0.1,N,2,0
3723,31,41000,MORTGAGE,15.0,HOMEIMPROVEMENT,C,17000,12.84,0.39,Y,8,0
3724,37,40000,RENT,1.0,MEDICAL,C,4000,13.23,0.1,N,13,0
3725,27,80000,MORTGAGE,3.0,PERSONAL,A,5000,6.17,0.06,N,9,0
3726,26,63000,RENT,7.0,MEDICAL,C,8400,13.92,0.13,N,2,0
3727,28,156000,MORTGAGE,0.0,DEBTCONSOLIDATION,C,15000,15.23,0.1,N,5,0
3728,24,115000,MORTGAGE,5.0,VENTURE,A,10000,6.54,0.09,N,3,0
3729,33,40000,RENT,0.0,DEBTCONSOLIDATION,B,1675,12.69,0.04,N,5,0
3730,24,72000,OWN,6.0,MEDICAL,A,16000,6.17,0.22,N,4,0
3731,28,52500,RENT,0.0,MEDICAL,B,17000,10.95,0.32,N,7,1
3732,25,120000,MORTGAGE,9.0,HOMEIMPROVEMENT,A,5600,8.07,0.05,N,4,0
3733,24,50000,MORTGAGE,1.0,DEBTCONSOLIDATION,C,8000,13.06,0.16,N,3,0
3734,25,55000,MORTGAGE,9.0,MEDICAL,B,10000,11.99,0.18,N,3,0
3735,27,30000,RENT,0.0,MEDICAL,B,10625,10.99,0.35,N,5,1
3736,37,75000,RENT,5.0,HOMEIMPROVEMENT,B,10000,11.12,0.13,N,14,0
3737,23,60000,MORTGAGE,5.0,PERSONAL,A,10000,7.88,0.17,N,2,0
3738,34,120000,RENT,2.0,HOMEIMPROVEMENT,B,12000,10.74,0.1,N,5,0
3739,25,102000,RENT,9.0,HOMEIMPROVEMENT,E,14000,17.19,0.14,Y,2,0
3740,42,42000,RENT,4.0,MEDICAL,A,8000,7.49,0.19,N,14,0
3741,26,80000,MORTGAGE,6.0,EDUCATION,A,9600,5.79,0.12,N,3,0
3742,23,65000,RENT,4.0,MEDICAL,B,6000,11.49,0.09,N,2,0
3743,22,63000,MORTGAGE,6.0,EDUCATION,A,4000,7.49,0.06,N,3,0
3744,23,48100,MORTGAGE,2.0,VENTURE,A,7000,7.74,0.14,N,4,0
3745,38,49000,RENT,2.0,EDUCATION,B,7000,11.86,0.14,N,12,1
3746,40,75000,RENT,2.0,HOMEIMPROVEMENT,B,1800,11.12,0.02,N,17,0
3747,23,89900,OWN,7.0,VENTURE,A,22000,7.88,0.27,N,3,0
3748,29,120000,MORTGAGE,11.0,EDUCATION,B,12000,11.71,0.1,N,9,0
3749,35,35000,RENT,8.0,PERSONAL,B,3000,9.99,0.09,N,10,0
3750,27,33000,RENT,1.0,PERSONAL,B,8875,10.65,0.27,N,8,0
3751,21,24689,RENT,2.0,DEBTCONSOLIDATION,A,5000,6.92,0.2,N,2,0
3752,30,70000,MORTGAGE,15.0,EDUCATION,B,6000,11.86,0.09,N,7,0
3753,39,28500,RENT,3.0,PERSONAL,A,4000,7.68,0.14,N,13,0
3754,32,40000,RENT,3.0,DEBTCONSOLIDATION,A,11200,7.9,0.28,N,10,0
3755,25,30000,RENT,5.0,MEDICAL,A,7200,7.29,0.24,N,2,0
3756,24,26400,RENT,1.0,MEDICAL,B,3000,10.59,0.11,N,2,0
3757,29,123500,OWN,0.0,EDUCATION,A,12000,7.49,0.09,N,5,0
3758,28,110000,RENT,1.0,HOMEIMPROVEMENT,E,5000,17.51,0.05,N,8,0
3759,23,75000,RENT,7.0,DEBTCONSOLIDATION,B,10000,11.14,0.13,N,3,0
3760,27,48000,MORTGAGE,5.0,PERSONAL,C,11500,14.26,0.24,N,10,0
3761,27,54996,RENT,2.0,VENTURE,B,10000,10.36,0.18,N,7,0
3762,28,35496,MORTGAGE,6.0,EDUCATION,C,5500,13.72,0.15,Y,10,0
3763,31,29000,RENT,4.0,VENTURE,B,12000,10.74,0.41,N,10,1
3764,28,70000,MORTGAGE,7.0,MEDICAL,B,3000,11.71,0.04,N,6,0
3765,23,50000,OWN,5.0,VENTURE,A,3500,6.76,0.07,N,3,0
3766,22,45000,MORTGAGE,6.0,EDUCATION,B,3000,10.62,0.07,N,2,0
3767,30,25000,RENT,1.0,VENTURE,A,7000,8.9,0.28,N,10,0
3768,22,130000,MORTGAGE,7.0,DEBTCONSOLIDATION,B,25000,10.38,0.19,N,2,0
3769,30,75000,MORTGAGE,2.0,DEBTCONSOLIDATION,B,25000,10.62,0.33,N,7,0
3770,23,90000,MORTGAGE,0.0,PERSONAL,A,3600,7.14,0.04,N,2,0
3771,25,93000,MORTGAGE,9.0,DEBTCONSOLIDATION,D,7500,16.07,0.08,Y,2,1
3772,23,80000,RENT,6.0,VENTURE,A,10000,7.29,0.13,N,2,0
3773,28,50000,MORTGAGE,0.0,VENTURE,C,9000,14.27,0.18,N,6,0
3774,23,40000,OWN,7.0,MEDICAL,B,4500,10.38,0.11,N,3,0
3775,31,76000,RENT,2.0,MEDICAL,A,4200,7.49,0.05,N,10,0
3776,23,48000,RENT,7.0,PERSONAL,A,9000,8.49,0.19,N,3,0
3777,25,180000,MORTGAGE,9.0,DEBTCONSOLIDATION,A,20000,7.88,0.11,N,2,0
3778,24,120000,MORTGAGE,7.0,HOMEIMPROVEMENT,B,18225,10.74,0.15,N,4,0
3779,23,75000,MORTGAGE,7.0,PERSONAL,A,14400,7.88,0.19,N,2,0
3780,25,65000,MORTGAGE,0.0,PERSONAL,B,6000,10.25,0.09,N,4,0
3781,22,27800,OWN,0.0,VENTURE,B,7000,10.99,0.25,N,2,0
3782,21,67000,RENT,5.0,MEDICAL,B,25000,10.25,0.37,N,2,1
3783,34,53000,OWN,4.0,VENTURE,C,16000,12.87,0.3,N,10,0
3784,23,49000,RENT,5.0,DEBTCONSOLIDATION,D,3000,14.11,0.06,N,4,1
3785,26,65000,MORTGAGE,0.0,MEDICAL,A,3800,7.29,0.06,N,3,0
3786,23,60000,MORTGAGE,4.0,EDUCATION,B,10000,9.76,0.17,N,4,0
3787,22,28800,RENT,3.0,PERSONAL,B,2000,11.49,0.07,N,2,0
3788,31,42000,RENT,2.0,VENTURE,A,2000,7.51,0.05,N,7,0
3789,23,110000,MORTGAGE,7.0,EDUCATION,B,10000,12.42,0.09,N,4,0
3790,28,170000,MORTGAGE,12.0,HOMEIMPROVEMENT,B,12000,9.99,0.07,N,7,0
3791,24,65000,RENT,5.0,MEDICAL,B,2000,11.99,0.03,N,3,0
3792,26,120000,MORTGAGE,7.0,PERSONAL,B,16000,10.74,0.13,N,3,0
3793,22,75500,MORTGAGE,6.0,EDUCATION,C,3500,13.48,0.05,Y,2,0
3794,27,95000,OWN,1.0,VENTURE,A,5000,6.03,0.05,N,10,0
3795,25,65004,RENT,8.0,HOMEIMPROVEMENT,A,6500,6.17,0.1,N,3,0
3796,30,32000,RENT,4.0,PERSONAL,A,4500,7.88,0.14,N,9,0
3797,21,34000,RENT,0.0,EDUCATION,A,3000,5.42,0.09,N,3,0
3798,24,50000,RENT,5.0,VENTURE,B,10000,10.36,0.2,N,3,0
3799,30,66560,RENT,0.0,PERSONAL,C,4000,13.47,0.06,Y,9,0
3800,24,86376,MORTGAGE,8.0,DEBTCONSOLIDATION,A,20000,6.54,0.23,N,2,0
3801,33,36000,RENT,3.0,EDUCATION,A,11200,5.42,0.31,N,6,1
3802,28,105000,RENT,4.0,PERSONAL,B,24000,11.49,0.23,N,8,0
3803,39,28800,RENT,3.0,DEBTCONSOLIDATION,D,6250,15.65,0.22,N,14,1
3804,32,70000,MORTGAGE,3.0,DEBTCONSOLIDATION,A,3600,7.29,0.05,N,5,0
3805,26,45000,RENT,2.0,DEBTCONSOLIDATION,B,8000,10.0,0.18,N,3,0
3806,23,81504,RENT,2.0,DEBTCONSOLIDATION,B,2400,10.59,0.03,N,4,0
3807,29,54000,RENT,3.0,HOMEIMPROVEMENT,D,10000,14.11,0.19,Y,10,1
3808,22,50000,MORTGAGE,6.0,VENTURE,A,11400,7.49,0.23,N,2,0
3809,27,31200,RENT,2.0,DEBTCONSOLIDATION,B,6000,9.99,0.19,N,7,0
3810,29,13200,RENT,2.0,VENTURE,B,2500,11.58,0.19,N,10,1
3811,23,42000,MORTGAGE,5.0,VENTURE,A,6000,8.49,0.14,N,3,0
3812,21,60000,RENT,5.0,EDUCATION,C,1500,12.87,0.03,N,2,0
3813,38,75996,RENT,4.0,PERSONAL,A,3000,7.51,0.04,N,17,0
3814,23,95000,RENT,0.0,VENTURE,A,6500,7.14,0.07,N,4,0
3815,27,144000,MORTGAGE,6.0,VENTURE,A,5000,8.9,0.03,N,7,0
3816,24,50000,MORTGAGE,8.0,EDUCATION,A,10000,5.79,0.2,N,3,0
3817,36,33000,RENT,0.0,MEDICAL,A,10000,7.51,0.3,N,12,0
3818,36,40000,MORTGAGE,8.0,MEDICAL,A,10000,5.79,0.25,N,13,0
3819,25,70000,RENT,0.0,MEDICAL,B,5000,9.88,0.07,N,4,0
3820,24,36000,RENT,5.0,PERSONAL,D,3000,14.11,0.08,Y,2,0
3821,21,30000,RENT,5.0,PERSONAL,C,5000,13.72,0.17,N,2,0
3822,25,54000,RENT,2.0,VENTURE,D,5500,15.99,0.1,N,3,1
3823,22,50000,RENT,5.0,MEDICAL,B,10000,10.36,0.2,N,2,0
3824,23,36000,RENT,2.0,EDUCATION,B,8000,10.59,0.22,N,3,0
3825,32,57000,RENT,0.0,HOMEIMPROVEMENT,C,3000,12.99,0.05,Y,5,0
3826,26,70550,RENT,5.0,MEDICAL,D,15000,14.46,0.21,N,3,1
3827,31,150000,MORTGAGE,0.0,MEDICAL,B,15000,11.83,0.1,N,10,0
3828,27,110000,MORTGAGE,11.0,VENTURE,A,7000,5.99,0.06,N,8,0
3829,32,53000,RENT,3.0,DEBTCONSOLIDATION,C,19200,12.84,0.35,N,5,1
3830,28,55000,MORTGAGE,12.0,HOMEIMPROVEMENT,A,9600,6.91,0.17,N,8,0
3831,24,85000,MORTGAGE,6.0,VENTURE,B,15000,11.11,0.18,N,4,0
3832,22,59363,RENT,6.0,MEDICAL,C,6000,13.22,0.1,Y,4,0
3833,28,30000,RENT,4.0,VENTURE,A,9000,7.9,0.3,N,6,0
3834,33,80000,MORTGAGE,2.0,VENTURE,A,6000,8.49,0.07,N,10,0
3835,26,38400,RENT,1.0,EDUCATION,B,13250,10.99,0.35,N,2,1
3836,22,47000,RENT,3.0,MEDICAL,A,7000,7.88,0.15,N,4,0
3837,28,42000,MORTGAGE,5.0,HOMEIMPROVEMENT,B,4800,11.86,0.11,N,8,0
3838,23,48000,MORTGAGE,7.0,VENTURE,A,3600,5.42,0.07,N,3,0
3839,28,42000,RENT,5.0,EDUCATION,A,9000,7.51,0.21,N,8,0
3840,30,85000,MORTGAGE,0.0,HOMEIMPROVEMENT,A,12000,6.62,0.14,N,7,0
3841,27,180000,RENT,2.0,PERSONAL,B,24000,12.42,0.13,N,7,0
3842,25,45000,RENT,0.0,MEDICAL,C,13000,13.11,0.29,N,4,0
3843,27,75000,MORTGAGE,5.0,MEDICAL,A,6000,6.99,0.08,N,8,0
3844,22,60000,RENT,5.0,EDUCATION,B,8000,10.0,0.13,N,3,0
3845,26,45000,OWN,10.0,VENTURE,A,4750,6.76,0.11,N,3,0
3846,24,80000,MORTGAGE,0.0,EDUCATION,A,14000,7.9,0.17,N,4,0
3847,32,45000,MORTGAGE,11.0,DEBTCONSOLIDATION,A,6000,7.9,0.13,N,7,0
3848,31,60000,MORTGAGE,5.0,EDUCATION,A,6000,7.88,0.1,N,5,0
3849,22,31200,RENT,3.0,EDUCATION,B,3000,10.59,0.1,N,2,0
3850,26,25596,RENT,10.0,PERSONAL,B,5000,9.25,0.2,N,2,0
3851,26,37000,RENT,2.0,MEDICAL,A,8000,8.94,0.22,N,4,0
3852,25,180000,OWN,9.0,EDUCATION,B,9600,11.83,0.05,N,4,0
3853,27,30000,RENT,4.0,MEDICAL,A,3000,7.9,0.1,N,8,0
3854,24,49920,MORTGAGE,9.0,DEBTCONSOLIDATION,A,3500,5.42,0.07,N,2,0
3855,31,78000,MORTGAGE,1.0,HOMEIMPROVEMENT,B,6000,12.69,0.08,N,5,1
3856,31,130000,MORTGAGE,15.0,VENTURE,A,18000,8.49,0.15,N,5,0
3857,23,33716,OWN,2.0,DEBTCONSOLIDATION,E,13750,19.91,0.41,Y,4,1
3858,37,48000,MORTGAGE,3.0,MEDICAL,A,9000,7.88,0.19,N,13,0
3859,29,64500,MORTGAGE,4.0,EDUCATION,C,1600,12.53,0.03,N,5,0
3860,34,62400,RENT,7.0,EDUCATION,D,8000,14.09,0.13,N,7,0
3861,22,38000,RENT,2.0,PERSONAL,B,10000,10.99,0.26,N,3,0
3862,24,55000,MORTGAGE,3.0,DEBTCONSOLIDATION,A,2000,7.51,0.04,N,4,0
3863,23,30000,RENT,2.0,MEDICAL,A,3000,6.03,0.1,N,2,0
3864,23,50000,RENT,1.0,DEBTCONSOLIDATION,A,7000,7.9,0.14,N,2,0
3865,28,38400,RENT,5.0,VENTURE,B,10000,11.99,0.26,N,8,0
3866,23,70000,RENT,6.0,DEBTCONSOLIDATION,C,8000,12.41,0.11,N,4,0
3867,29,69000,RENT,0.0,DEBTCONSOLIDATION,D,11000,17.27,0.16,N,5,1
3868,33,80000,RENT,1.0,DEBTCONSOLIDATION,B,15000,11.86,0.19,N,8,0
3869,28,60000,RENT,12.0,EDUCATION,A,8000,6.62,0.13,N,9,0
3870,28,56000,MORTGAGE,4.0,MEDICAL,A,8800,6.62,0.16,N,5,0
3871,22,30000,RENT,2.0,DEBTCONSOLIDATION,A,4800,8.94,0.16,N,4,0
3872,23,100000,MORTGAGE,7.0,VENTURE,A,10000,7.51,0.1,N,3,0
3873,23,50000,RENT,0.0,DEBTCONSOLIDATION,A,4500,5.79,0.09,N,2,0
3874,24,85000,MORTGAGE,8.0,HOMEIMPROVEMENT,B,10000,11.99,0.12,N,2,0
3875,22,38000,RENT,6.0,PERSONAL,B,5000,9.91,0.13,N,4,0
3876,25,25000,RENT,0.0,DEBTCONSOLIDATION,A,7200,8.9,0.29,N,3,0
3877,39,44004,RENT,1.0,DEBTCONSOLIDATION,E,12000,15.68,0.27,Y,17,1
3878,26,48000,RENT,3.0,MEDICAL,A,2000,7.9,0.04,N,3,0
3879,21,35000,RENT,1.0,EDUCATION,B,15000,11.83,0.43,N,2,1
3880,22,150000,MORTGAGE,6.0,PERSONAL,A,5000,7.43,0.03,N,2,0
3881,29,65000,RENT,7.0,DEBTCONSOLIDATION,B,7000,10.75,0.11,N,10,0
3882,27,42000,MORTGAGE,8.0,EDUCATION,C,5000,12.98,0.12,Y,8,1
3883,41,37000,RENT,5.0,DEBTCONSOLIDATION,B,5000,10.75,0.14,N,15,0
3884,29,29000,RENT,0.0,EDUCATION,B,6000,12.69,0.21,N,10,1
3885,26,36000,RENT,5.0,PERSONAL,B,14000,9.91,0.39,N,3,1
3886,24,72000,MORTGAGE,8.0,VENTURE,A,12000,7.14,0.17,N,4,0
3887,26,54000,MORTGAGE,5.0,HOMEIMPROVEMENT,A,3000,5.99,0.06,N,3,0
3888,27,93600,RENT,1.0,HOMEIMPROVEMENT,B,20000,10.37,0.21,N,6,0
3889,24,18000,RENT,3.0,EDUCATION,B,1500,10.65,0.08,N,2,0
3890,51,90000,RENT,9.0,PERSONAL,C,15000,13.11,0.15,Y,25,0
3891,30,125000,MORTGAGE,14.0,PERSONAL,A,15000,6.03,0.12,N,5,0
3892,27,92000,MORTGAGE,2.0,PERSONAL,A,12800,6.92,0.14,N,9,0
3893,26,56000,RENT,9.0,PERSONAL,D,10000,14.54,0.18,Y,3,0
3894,25,35412,RENT,0.0,DEBTCONSOLIDATION,C,10000,12.61,0.29,N,2,0
3895,24,48000,RENT,2.0,PERSONAL,A,14000,7.29,0.29,N,2,1
3896,50,38004,RENT,2.0,MEDICAL,C,1500,13.48,0.04,N,11,0
3897,29,45000,RENT,0.0,VENTURE,C,3000,12.99,0.07,Y,5,0
3898,23,80000,MORTGAGE,8.0,EDUCATION,A,3000,6.99,0.04,N,3,0
3899,24,75000,RENT,2.0,DEBTCONSOLIDATION,C,10000,12.73,0.13,N,4,0
3900,27,120000,MORTGAGE,4.0,DEBTCONSOLIDATION,C,35000,12.73,0.29,Y,6,0
3901,26,129996,MORTGAGE,4.0,EDUCATION,A,24000,7.37,0.18,N,2,0
3902,24,75000,RENT,6.0,EDUCATION,C,10000,12.68,0.13,N,2,1
3903,25,90000,MORTGAGE,9.0,PERSONAL,A,12000,7.88,0.13,N,4,0
3904,22,45000,RENT,3.0,EDUCATION,B,3000,10.99,0.07,N,2,0
3905,23,85000,MORTGAGE,0.0,EDUCATION,D,12800,14.74,0.15,N,3,0
3906,38,62691,RENT,17.0,VENTURE,D,18250,14.83,0.29,N,13,0
3907,23,60000,MORTGAGE,7.0,MEDICAL,C,10000,12.61,0.17,N,2,0
3908,24,60000,RENT,7.0,HOMEIMPROVEMENT,B,9800,10.36,0.16,N,3,0
3909,24,98600,MORTGAGE,8.0,MEDICAL,D,12750,16.29,0.13,N,3,1
3910,52,52000,RENT,4.0,DEBTCONSOLIDATION,D,10000,15.95,0.19,Y,19,1
3911,22,60000,RENT,3.0,DEBTCONSOLIDATION,A,8000,8.49,0.13,N,2,0
3912,28,65004,RENT,2.0,MEDICAL,C,2500,12.87,0.04,N,8,0
3913,30,52000,RENT,1.0,DEBTCONSOLIDATION,A,7000,6.99,0.13,N,9,0
3914,38,55000,MORTGAGE,16.0,MEDICAL,A,10000,6.03,0.18,N,15,0
3915,29,63000,MORTGAGE,13.0,DEBTCONSOLIDATION,A,4000,7.14,0.06,N,6,0
3916,22,50000,RENT,5.0,PERSONAL,B,9000,10.01,0.18,N,3,0
3917,25,150000,MORTGAGE,9.0,PERSONAL,C,5000,13.98,0.03,Y,4,0
3918,30,52000,MORTGAGE,5.0,EDUCATION,A,10000,6.03,0.19,N,5,0
3919,43,116000,MORTGAGE,5.0,DEBTCONSOLIDATION,D,4000,17.27,0.03,N,17,1
3920,25,90000,MORTGAGE,9.0,DEBTCONSOLIDATION,B,5500,11.99,0.06,N,2,0
3921,24,81600,MORTGAGE,3.0,EDUCATION,B,4200,11.36,0.06,N,4,0
3922,35,115000,MORTGAGE,3.0,MEDICAL,A,12000,5.79,0.1,N,10,0
3923,43,72000,MORTGAGE,13.0,PERSONAL,B,9600,10.99,0.13,N,14,0
3924,23,31000,RENT,0.0,MEDICAL,C,2500,13.15,0.08,Y,3,0
3925,35,38004,RENT,0.0,MEDICAL,A,10000,7.88,0.26,N,10,0
3926,21,62316,RENT,5.0,MEDICAL,A,10000,7.66,0.16,N,2,0
3927,23,38000,OWN,1.0,VENTURE,B,5000,9.99,0.13,N,3,0
3928,27,47844,RENT,0.0,MEDICAL,B,16000,9.76,0.33,N,7,1
3929,28,27000,RENT,4.0,VENTURE,A,9000,7.66,0.33,N,6,1
3930,24,27000,RENT,0.0,MEDICAL,B,3500,9.91,0.13,N,4,0
3931,24,42000,MORTGAGE,8.0,HOMEIMPROVEMENT,B,7600,12.53,0.18,N,4,0
3932,28,30000,RENT,0.0,VENTURE,C,12000,14.26,0.4,Y,8,1
3933,25,80000,MORTGAGE,5.0,HOMEIMPROVEMENT,A,11000,5.99,0.14,N,2,0
3934,29,55000,RENT,6.0,PERSONAL,A,4500,5.42,0.08,N,6,0
3935,32,77000,MORTGAGE,16.0,PERSONAL,A,12000,7.49,0.16,N,8,0
3936,22,74000,MORTGAGE,4.0,VENTURE,D,25000,14.38,0.34,Y,3,1
3937,27,36000,RENT,3.0,VENTURE,B,6000,11.11,0.17,N,8,0
3938,26,36000,RENT,2.0,DEBTCONSOLIDATION,C,4800,12.68,0.13,Y,4,0
3939,24,88494,RENT,8.0,EDUCATION,B,24000,10.99,0.27,N,2,0
3940,29,36000,RENT,7.0,MEDICAL,A,7000,7.14,0.19,N,5,0
3941,36,80000,RENT,0.0,PERSONAL,C,12000,13.48,0.15,Y,12,0
3942,24,110000,MORTGAGE,5.0,MEDICAL,A,12000,7.29,0.11,N,4,0
3943,25,60000,RENT,5.0,PERSONAL,C,15000,12.68,0.25,N,2,0
3944,35,110000,MORTGAGE,12.0,HOMEIMPROVEMENT,A,6000,7.51,0.05,N,9,0
3945,28,36000,RENT,4.0,DEBTCONSOLIDATION,C,4800,12.61,0.13,N,8,0
3946,36,100000,MORTGAGE,9.0,DEBTCONSOLIDATION,A,5000,7.29,0.05,N,13,0
3947,36,80000,MORTGAGE,8.0,DEBTCONSOLIDATION,B,15000,10.59,0.19,N,12,0
3948,25,60000,RENT,5.0,MEDICAL,B,7500,10.99,0.13,N,4,0
3949,33,115000,RENT,4.0,EDUCATION,C,8000,13.22,0.07,Y,6,0
3950,25,31000,RENT,5.0,MEDICAL,E,1600,16.32,0.05,Y,4,0
3951,28,86004,MORTGAGE,1.0,PERSONAL,A,12000,6.91,0.14,N,6,1
3952,23,50000,RENT,1.0,PERSONAL,C,20000,12.73,0.38,Y,4,1
3953,28,65000,MORTGAGE,12.0,MEDICAL,A,10000,6.03,0.15,N,9,0
3954,25,99996,RENT,6.0,MEDICAL,C,10000,13.61,0.1,Y,3,0
3955,43,150000,MORTGAGE,1.0,VENTURE,B,15000,11.14,0.1,N,17,0
3956,22,31200,RENT,0.0,MEDICAL,A,15000,9.32,0.48,N,2,1
3957,31,72000,MORTGAGE,6.0,MEDICAL,A,5000,7.9,0.07,N,7,0
3958,23,45000,RENT,0.0,PERSONAL,B,18250,11.83,0.43,N,4,1
3959,24,60000,MORTGAGE,8.0,HOMEIMPROVEMENT,C,1800,12.98,0.03,N,4,0
3960,22,50000,RENT,4.0,DEBTCONSOLIDATION,B,10000,11.36,0.2,N,3,0
3961,25,24000,RENT,0.0,DEBTCONSOLIDATION,C,2500,13.79,0.1,N,4,0
3962,27,80000,MORTGAGE,11.0,DEBTCONSOLIDATION,A,9600,7.51,0.12,N,8,0
3963,22,52700,RENT,4.0,EDUCATION,A,5000,7.49,0.09,N,3,0
3964,40,62496,RENT,0.0,EDUCATION,C,2400,12.53,0.04,Y,14,0
3965,32,95800,RENT,1.0,EDUCATION,B,22000,12.53,0.23,N,6,0
3966,26,50000,RENT,0.0,VENTURE,A,3000,7.05,0.06,N,2,0
3967,31,30000,MORTGAGE,2.0,MEDICAL,A,2200,7.49,0.07,N,8,0
3968,25,33000,RENT,8.0,MEDICAL,A,10000,9.32,0.3,N,3,1
3969,26,88296,MORTGAGE,10.0,HOMEIMPROVEMENT,B,15000,11.49,0.17,N,2,0
3970,25,143375,MORTGAGE,9.0,HOMEIMPROVEMENT,A,12000,6.03,0.09,N,3,0
3971,29,70000,OWN,1.0,VENTURE,B,17000,11.12,0.24,N,10,0
3972,27,48000,RENT,0.0,VENTURE,A,5000,8.49,0.1,N,5,0
3973,23,80000,MORTGAGE,1.0,VENTURE,A,12000,7.49,0.15,N,3,0
3974,40,28800,OWN,0.0,VENTURE,B,8000,10.38,0.28,N,17,0
3975,24,45000,MORTGAGE,4.0,PERSONAL,C,8000,13.72,0.18,N,2,0
3976,29,136000,MORTGAGE,3.0,DEBTCONSOLIDATION,C,21000,13.99,0.15,Y,10,0
3977,31,84000,MORTGAGE,1.0,VENTURE,A,18000,7.9,0.21,N,8,0
3978,24,62000,MORTGAGE,8.0,DEBTCONSOLIDATION,A,9500,5.42,0.16,N,3,0
3979,28,60000,MORTGAGE,3.0,VENTURE,A,5000,8.49,0.08,N,7,0
3980,23,33000,RENT,2.0,EDUCATION,C,1000,15.23,0.03,Y,2,0
3981,28,80000,MORTGAGE,2.0,HOMEIMPROVEMENT,A,5000,7.51,0.06,N,6,0
3982,41,57600,RENT,1.0,PERSONAL,B,6000,9.62,0.1,N,16,0
3983,27,100000,RENT,8.0,VENTURE,A,12000,6.91,0.12,N,5,0
3984,38,36000,RENT,6.0,DEBTCONSOLIDATION,E,6000,16.45,0.17,Y,12,1
3985,22,80000,RENT,0.0,EDUCATION,B,16000,11.89,0.2,N,4,0
3986,26,127500,MORTGAGE,1.0,VENTURE,A,20000,7.49,0.13,N,4,0
3987,60,70000,RENT,5.0,PERSONAL,A,15000,7.49,0.21,N,27,0
3988,22,40000,RENT,2.0,EDUCATION,B,12000,11.89,0.3,N,2,0
3989,25,60000,RENT,9.0,PERSONAL,D,15000,14.96,0.25,N,4,0
3990,33,120000,MORTGAGE,2.0,MEDICAL,A,9000,7.14,0.07,N,10,0
3991,23,150500,RENT,7.0,PERSONAL,D,6400,15.99,0.04,N,2,1
3992,27,80000,MORTGAGE,4.0,HOMEIMPROVEMENT,B,6000,11.49,0.07,N,7,0
3993,25,50000,RENT,0.0,EDUCATION,B,6000,9.91,0.12,N,4,0
3994,33,115000,RENT,4.0,MEDICAL,A,6500,7.29,0.06,N,9,0
3995,25,46800,OWN,2.0,VENTURE,C,6000,15.96,0.13,N,3,0
3996,43,55000,RENT,3.0,VENTURE,A,1800,8.49,0.03,N,11,0
3997,26,42000,RENT,4.0,EDUCATION,B,3500,12.18,0.08,N,4,0
3998,31,80000,MORTGAGE,5.0,DEBTCONSOLIDATION,B,16000,10.62,0.2,N,9,0
3999,24,57996,OWN,6.0,HOMEIMPROVEMENT,B,15000,11.11,0.26,N,2,0
4000,24,30000,MORTGAGE,7.0,DEBTCONSOLIDATION,A,8400,7.51,0.27,N,2,0
4001,24,70000,RENT,3.0,EDUCATION,C,10000,14.27,0.14,N,4,0
4002,27,77927,MORTGAGE,4.0,EDUCATION,C,1600,13.61,0.02,Y,5,0
4003,23,58000,MORTGAGE,7.0,PERSONAL,A,7500,7.51,0.13,N,2,0
4004,23,83000,MORTGAGE,7.0,VENTURE,C,20000,13.79,0.24,Y,2,1
4005,35,85000,MORTGAGE,3.0,MEDICAL,B,9000,11.12,0.11,N,6,0
4006,23,75000,RENT,5.0,PERSONAL,A,12000,6.17,0.16,N,3,0
4007,27,32000,OWN,1.0,HOMEIMPROVEMENT,E,11000,16.35,0.35,N,7,1
4008,27,120000,MORTGAGE,11.0,VENTURE,B,20000,10.62,0.17,N,9,0
4009,25,94500,RENT,2.0,HOMEIMPROVEMENT,A,20000,6.17,0.21,N,2,0
4010,23,70000,MORTGAGE,5.0,EDUCATION,A,3000,6.03,0.04,N,4,0
4011,23,32000,RENT,1.0,DEBTCONSOLIDATION,A,6000,9.32,0.19,N,3,0
4012,29,88000,RENT,2.0,VENTURE,D,10000,14.11,0.11,N,9,1
4013,25,64900,RENT,2.0,MEDICAL,A,10000,8.94,0.15,N,3,0
4014,32,54000,MORTGAGE,6.0,HOMEIMPROVEMENT,E,12000,16.35,0.22,N,9,0
4015,34,50000,MORTGAGE,9.0,MEDICAL,A,11400,9.63,0.23,N,6,0
4016,26,60000,MORTGAGE,10.0,VENTURE,B,8000,12.69,0.13,N,4,0
4017,29,80000,MORTGAGE,5.0,PERSONAL,A,19200,7.9,0.24,N,10,0
4018,28,27040,MORTGAGE,7.0,HOMEIMPROVEMENT,A,6000,8.59,0.22,N,7,0
4019,25,80000,RENT,0.0,MEDICAL,A,5000,7.74,0.06,N,3,0
4020,33,60000,RENT,4.0,MEDICAL,B,11000,11.71,0.19,N,10,0
4021,36,68000,MORTGAGE,3.0,MEDICAL,B,15700,10.99,0.23,N,13,0
4022,50,105000,OWN,8.0,VENTURE,A,10000,7.49,0.1,N,15,0
4023,26,43800,RENT,0.0,DEBTCONSOLIDATION,C,13000,13.48,0.3,Y,3,0
4024,27,50000,RENT,0.0,VENTURE,C,8400,13.49,0.17,N,5,0
4025,30,65004,MORTGAGE,10.0,VENTURE,A,5000,5.79,0.08,N,8,0
4026,26,60000,OWN,7.0,HOMEIMPROVEMENT,E,5000,16.35,0.08,Y,3,0
4027,21,35400,RENT,3.0,EDUCATION,D,13250,16.89,0.38,N,3,1
4028,32,60000,RENT,5.0,PERSONAL,C,6000,13.49,0.1,N,5,0
4029,37,65000,MORTGAGE,2.0,DEBTCONSOLIDATION,B,13750,9.62,0.21,N,17,0
4030,30,140000,MORTGAGE,11.0,EDUCATION,A,7500,8.0,0.05,N,5,0
4031,31,24000,RENT,0.0,MEDICAL,A,6000,7.9,0.25,N,5,0
4032,22,95000,RENT,6.0,EDUCATION,B,5000,11.48,0.05,N,2,0
4033,29,52000,RENT,2.0,DEBTCONSOLIDATION,C,6000,13.49,0.12,Y,6,0
4034,33,60000,RENT,4.0,VENTURE,B,7000,9.99,0.12,N,5,0
4035,27,45500,MORTGAGE,11.0,VENTURE,B,5000,10.99,0.11,N,5,0
4036,26,60000,RENT,1.0,MEDICAL,B,4000,11.86,0.07,N,4,0
4037,53,45600,RENT,3.0,VENTURE,A,4000,6.99,0.09,N,26,0
4038,29,60000,RENT,3.0,DEBTCONSOLIDATION,B,10900,9.99,0.18,N,9,0
4039,25,48000,RENT,2.0,MEDICAL,B,7500,11.86,0.16,N,3,0
4040,24,52800,RENT,8.0,DEBTCONSOLIDATION,A,8000,7.88,0.15,N,4,0
4041,34,120000,MORTGAGE,3.0,MEDICAL,B,4475,10.0,0.04,N,6,0
4042,31,48000,MORTGAGE,12.0,PERSONAL,A,15000,6.17,0.31,N,9,0
4043,33,59000,MORTGAGE,2.0,EDUCATION,C,10000,13.79,0.17,Y,8,0
4044,26,85757,RENT,1.0,EDUCATION,A,7800,7.74,0.09,N,4,0
4045,23,99996,MORTGAGE,7.0,EDUCATION,D,20000,16.32,0.2,Y,4,0
4046,30,49000,RENT,2.0,HOMEIMPROVEMENT,A,10000,7.66,0.2,N,5,1
4047,26,108000,RENT,2.0,VENTURE,D,20000,15.31,0.19,Y,4,1
4048,26,100000,RENT,2.0,EDUCATION,B,7000,11.71,0.07,N,4,0
4049,26,72000,RENT,2.0,MEDICAL,A,5000,7.14,0.07,N,3,0
4050,33,102000,RENT,15.0,MEDICAL,B,24000,10.46,0.24,N,8,0
4051,24,48000,RENT,6.0,MEDICAL,A,5600,7.29,0.12,N,2,0
4052,22,50000,RENT,6.0,EDUCATION,C,7200,13.49,0.14,Y,2,0
4053,25,150000,RENT,4.0,VENTURE,E,15000,16.0,0.1,N,2,0
4054,29,45000,OWN,2.0,VENTURE,C,7000,12.98,0.16,N,8,0
4055,25,54000,RENT,5.0,DEBTCONSOLIDATION,B,6000,10.25,0.11,N,3,0
4056,35,48000,MORTGAGE,5.0,VENTURE,A,5000,7.9,0.1,N,8,0
4057,25,42000,RENT,9.0,PERSONAL,B,3000,11.99,0.07,N,3,0
4058,25,48000,RENT,9.0,EDUCATION,A,4800,7.9,0.1,N,4,0
4059,27,60000,RENT,2.0,HOMEIMPROVEMENT,C,8500,12.53,0.14,Y,8,0
4060,21,33600,RENT,3.0,PERSONAL,B,6000,10.25,0.18,N,4,0
4061,40,65000,MORTGAGE,7.0,MEDICAL,A,12000,8.94,0.18,N,12,0
4062,37,58000,RENT,0.0,VENTURE,B,13750,10.75,0.24,N,16,0
4063,23,38000,RENT,2.0,MEDICAL,C,5000,13.22,0.13,Y,4,0
4064,27,28000,RENT,4.0,VENTURE,B,8000,11.49,0.29,N,8,0
4065,22,48000,RENT,1.0,PERSONAL,C,5000,14.26,0.1,N,4,0
4066,33,135000,MORTGAGE,8.0,PERSONAL,D,25000,16.07,0.19,N,9,0
4067,28,30000,RENT,3.0,VENTURE,B,10000,10.37,0.33,N,8,1
4068,23,50000,RENT,0.0,DEBTCONSOLIDATION,C,15000,13.22,0.3,Y,2,0
4069,28,115000,MORTGAGE,4.0,VENTURE,A,5000,7.51,0.04,N,6,0
4070,28,69600,RENT,1.0,HOMEIMPROVEMENT,B,18000,12.42,0.26,N,6,0
4071,46,40800,RENT,5.0,MEDICAL,B,6000,10.65,0.15,N,15,0
4072,22,60000,MORTGAGE,5.0,VENTURE,B,8000,10.25,0.13,N,2,0
4073,25,60000,RENT,2.0,PERSONAL,A,3000,9.63,0.05,N,4,0
4074,24,95000,MORTGAGE,3.0,PERSONAL,A,12000,7.88,0.13,N,3,0
4075,26,50000,RENT,3.0,MEDICAL,C,4000,13.49,0.08,Y,2,0
4076,30,85000,MORTGAGE,2.0,PERSONAL,A,6000,6.76,0.07,N,7,0
4077,23,43000,RENT,3.0,EDUCATION,A,6000,8.94,0.14,N,2,0
4078,23,48000,MORTGAGE,5.0,EDUCATION,D,16750,16.49,0.35,N,3,0
4079,31,50000,MORTGAGE,1.0,EDUCATION,B,18225,10.36,0.36,N,9,0
4080,23,185000,MORTGAGE,4.0,EDUCATION,A,10000,5.79,0.05,N,3,0
4081,29,200000,OWN,6.0,EDUCATION,B,24000,12.18,0.12,N,8,0
4082,22,40000,RENT,0.0,DEBTCONSOLIDATION,B,5600,12.69,0.14,N,4,0
4083,22,45000,MORTGAGE,6.0,EDUCATION,D,10000,15.62,0.22,N,3,0
4084,25,125800,RENT,3.0,MEDICAL,D,25000,15.31,0.2,N,2,1
4085,29,66000,MORTGAGE,13.0,HOMEIMPROVEMENT,A,8150,5.79,0.12,N,9,0
4086,23,75000,MORTGAGE,7.0,VENTURE,A,4000,7.88,0.05,N,2,0
4087,27,40000,OWN,1.0,PERSONAL,B,2400,11.36,0.06,N,5,0
4088,37,90000,RENT,4.0,HOMEIMPROVEMENT,B,15000,11.71,0.17,N,11,0
4089,28,32000,RENT,1.0,PERSONAL,B,1500,11.99,0.05,N,7,0
4090,27,80000,RENT,1.0,PERSONAL,B,20000,11.83,0.25,N,6,0
4091,28,70000,MORTGAGE,2.0,DEBTCONSOLIDATION,A,4400,7.88,0.06,N,9,0
4092,25,42000,MORTGAGE,5.0,DEBTCONSOLIDATION,A,4000,7.4,0.1,N,4,0
4093,30,60000,RENT,3.0,MEDICAL,B,4000,9.99,0.07,N,5,0
4094,27,35000,RENT,4.0,PERSONAL,A,6000,7.51,0.17,N,7,0
4095,26,80000,MORTGAGE,3.0,HOMEIMPROVEMENT,A,9500,6.76,0.12,N,4,0
4096,24,68000,RENT,2.0,DEBTCONSOLIDATION,A,7500,7.74,0.11,N,2,0
4097,31,75000,MORTGAGE,0.0,DEBTCONSOLIDATION,C,18225,15.23,0.25,N,9,0
4098,24,78000,RENT,5.0,VENTURE,B,20000,11.11,0.26,N,2,0
4099,29,60000,MORTGAGE,0.0,MEDICAL,A,6000,8.94,0.1,N,9,0
4100,22,62000,MORTGAGE,6.0,EDUCATION,B,6000,11.99,0.1,N,3,0
4101,23,79200,MORTGAGE,3.0,MEDICAL,A,10000,6.03,0.13,N,3,0
4102,25,50000,RENT,8.0,DEBTCONSOLIDATION,C,4000,13.47,0.08,N,3,0
4103,24,96000,MORTGAGE,8.0,VENTURE,A,8000,6.62,0.08,N,4,0
4104,29,50000,MORTGAGE,11.0,PERSONAL,B,7000,11.99,0.14,N,10,0
4105,31,40000,RENT,6.0,MEDICAL,D,5000,16.77,0.13,Y,7,0
4106,25,85000,MORTGAGE,10.0,EDUCATION,A,8000,7.14,0.09,N,4,0
4107,30,34000,RENT,1.0,PERSONAL,A,8000,6.92,0.24,N,8,1
4108,23,52000,RENT,7.0,EDUCATION,C,12500,15.23,0.24,Y,4,0
4109,25,72000,MORTGAGE,9.0,PERSONAL,B,14000,10.65,0.19,N,3,0
4110,28,50000,MORTGAGE,4.0,EDUCATION,A,15000,6.91,0.3,N,10,0
4111,31,50000,RENT,1.0,HOMEIMPROVEMENT,B,4800,11.89,0.1,N,10,0
4112,24,105000,MORTGAGE,5.0,MEDICAL,A,7200,7.9,0.07,N,3,0
4113,24,48000,RENT,7.0,MEDICAL,A,8000,8.49,0.17,N,3,0
4114,22,31200,RENT,2.0,DEBTCONSOLIDATION,B,4000,10.62,0.13,N,2,0
4115,22,58650,RENT,6.0,MEDICAL,D,15000,15.05,0.22,N,4,1
4116,23,42000,OWN,7.0,VENTURE,B,2000,11.49,0.05,N,4,0
4117,30,85000,RENT,14.0,MEDICAL,B,14000,11.58,0.16,N,6,0
4118,25,60000,RENT,9.0,HOMEIMPROVEMENT,B,15000,11.36,0.25,N,2,0
4119,22,25000,RENT,5.0,DEBTCONSOLIDATION,A,6500,8.9,0.26,N,4,0
4120,28,62000,MORTGAGE,7.0,HOMEIMPROVEMENT,A,15600,7.9,0.25,N,9,0
4121,28,99000,MORTGAGE,0.0,PERSONAL,C,8000,12.68,0.08,Y,6,0
4122,25,60000,MORTGAGE,3.0,DEBTCONSOLIDATION,A,7500,5.79,0.13,N,4,0
4123,28,120000,MORTGAGE,12.0,DEBTCONSOLIDATION,B,6000,10.99,0.05,N,7,0
4124,34,60000,RENT,2.0,HOMEIMPROVEMENT,A,15000,6.92,0.25,N,9,0
4125,25,83000,RENT,9.0,DEBTCONSOLIDATION,A,13000,9.32,0.16,N,3,0
4126,23,50000,RENT,5.0,VENTURE,D,3000,16.07,0.06,Y,2,0
4127,24,43000,RENT,8.0,DEBTCONSOLIDATION,B,6000,10.75,0.14,N,2,0
4128,26,28000,MORTGAGE,6.0,DEBTCONSOLIDATION,B,8000,9.62,0.29,N,4,0
4129,24,33000,RENT,4.0,VENTURE,A,6000,6.99,0.18,N,4,0
4130,29,80000,RENT,2.0,VENTURE,A,4800,5.99,0.06,N,10,0
4131,23,60000,MORTGAGE,5.0,MEDICAL,A,7000,7.14,0.12,N,4,0
4132,29,70000,MORTGAGE,9.0,VENTURE,B,5000,8.88,0.07,N,9,0
4133,24,70000,MORTGAGE,8.0,EDUCATION,A,12000,7.49,0.17,N,2,0
4134,26,42000,RENT,0.0,PERSONAL,C,2500,13.98,0.06,Y,3,0
4135,33,36276,MORTGAGE,3.0,VENTURE,B,11000,9.99,0.3,N,7,0
4136,23,70000,RENT,4.0,MEDICAL,A,10000,7.51,0.14,N,4,0
4137,26,102000,OWN,2.0,VENTURE,C,10000,12.84,0.1,Y,2,0
4138,24,60000,MORTGAGE,2.0,PERSONAL,A,16000,7.9,0.27,N,2,1
4139,42,41000,RENT,19.0,VENTURE,A,6000,7.9,0.15,N,14,0
4140,22,57000,RENT,1.0,EDUCATION,B,5500,11.49,0.1,N,3,0
4141,22,50000,MORTGAGE,0.0,PERSONAL,A,6000,8.59,0.12,N,4,0
4142,24,40000,RENT,0.0,DEBTCONSOLIDATION,C,3000,11.03,0.07,N,4,0
4143,29,24000,OWN,6.0,EDUCATION,A,7200,8.49,0.3,N,7,0
4144,26,105000,MORTGAGE,3.0,DEBTCONSOLIDATION,B,11000,11.11,0.1,N,2,0
4145,26,108000,MORTGAGE,2.0,PERSONAL,B,20000,11.89,0.19,N,4,0
4146,45,87000,RENT,1.0,HOMEIMPROVEMENT,A,25000,6.54,0.29,N,14,0
4147,22,38000,RENT,2.0,EDUCATION,A,5000,7.9,0.13,N,3,0
4148,23,35000,RENT,0.0,MEDICAL,A,7200,7.49,0.2,N,2,0
4149,26,85000,RENT,3.0,PERSONAL,B,8400,12.21,0.11,N,3,0
4150,23,81500,MORTGAGE,1.0,MEDICAL,A,15000,7.51,0.18,N,3,0
4151,33,50000,MORTGAGE,3.0,PERSONAL,A,6500,7.74,0.13,N,7,0
4152,34,72955,MORTGAGE,1.0,PERSONAL,C,3500,13.72,0.05,N,9,1
4153,22,36000,RENT,1.0,EDUCATION,F,6800,19.13,0.19,N,2,1
4154,21,34000,RENT,5.0,EDUCATION,B,10000,11.71,0.29,N,4,1
4155,27,44000,RENT,5.0,EDUCATION,D,6000,14.96,0.14,Y,6,1
4156,35,33000,RENT,4.0,DEBTCONSOLIDATION,B,15000,11.86,0.45,N,9,1
4157,27,60000,MORTGAGE,11.0,HOMEIMPROVEMENT,B,12000,10.65,0.2,N,5,0
4158,24,24000,RENT,3.0,EDUCATION,C,2000,13.11,0.08,Y,4,0
4159,23,60000,MORTGAGE,1.0,MEDICAL,B,6000,9.99,0.1,N,2,0
4160,30,34000,RENT,7.0,MEDICAL,D,6000,15.59,0.18,Y,9,1
4161,32,80100,RENT,16.0,PERSONAL,B,8000,10.37,0.1,N,5,0
4162,22,40000,RENT,1.0,PERSONAL,B,2500,10.74,0.06,N,2,0
4163,28,39996,RENT,2.0,VENTURE,C,12000,13.48,0.3,N,7,0
4164,29,92000,MORTGAGE,8.0,MEDICAL,B,22000,11.36,0.24,N,6,0
4165,23,80000,MORTGAGE,7.0,VENTURE,B,15000,11.99,0.19,N,2,0
4166,27,60000,RENT,6.0,HOMEIMPROVEMENT,B,15000,12.18,0.25,N,5,0
4167,36,60000,RENT,1.0,MEDICAL,B,6000,10.65,0.1,N,15,0
4168,26,183000,MORTGAGE,8.0,DEBTCONSOLIDATION,A,2000,7.37,0.01,N,2,0
4169,22,30000,RENT,0.0,MEDICAL,A,8000,6.54,0.27,N,4,0
4170,22,70000,MORTGAGE,6.0,EDUCATION,A,5000,7.74,0.07,N,3,0
4171,28,50750,MORTGAGE,2.0,HOMEIMPROVEMENT,C,10000,12.87,0.2,Y,7,0
4172,22,43000,RENT,2.0,DEBTCONSOLIDATION,C,2500,15.27,0.06,Y,3,0
4173,27,44000,RENT,4.0,PERSONAL,B,3500,11.99,0.08,N,10,0
4174,23,45000,MORTGAGE,7.0,MEDICAL,B,6000,11.49,0.13,N,3,0
4175,28,72000,MORTGAGE,4.0,VENTURE,D,12000,15.21,0.17,N,9,0
4176,22,60000,RENT,6.0,PERSONAL,A,2000,8.49,0.03,N,4,1
4177,31,60000,MORTGAGE,0.0,PERSONAL,A,15000,7.9,0.25,N,8,0
4178,25,125000,MORTGAGE,0.0,MEDICAL,A,8000,7.51,0.06,N,4,0
4179,21,45000,RENT,2.0,EDUCATION,C,15000,13.98,0.33,N,4,0
4180,30,62900,MORTGAGE,14.0,MEDICAL,D,10000,14.84,0.14,N,10,1
4181,22,23000,RENT,4.0,EDUCATION,B,3000,11.49,0.13,N,2,0
4182,32,101000,MORTGAGE,3.0,HOMEIMPROVEMENT,C,5000,13.23,0.05,N,10,0
4183,22,60000,OWN,6.0,EDUCATION,D,4000,15.7,0.07,N,2,0
4184,23,77500,RENT,7.0,DEBTCONSOLIDATION,C,8500,12.98,0.12,N,4,0
4185,24,80000,MORTGAGE,8.0,VENTURE,E,5000,14.93,0.06,N,2,0
4186,24,72000,RENT,8.0,HOMEIMPROVEMENT,D,14000,12.92,0.19,N,4,0
4187,35,72000,MORTGAGE,9.0,EDUCATION,A,12000,6.54,0.17,N,5,0
4188,28,52800,MORTGAGE,6.0,PERSONAL,A,4500,7.75,0.09,N,5,0
4189,23,60000,RENT,2.0,PERSONAL,B,17500,10.99,0.29,N,3,0
4190,22,72000,MORTGAGE,0.0,PERSONAL,B,5500,10.37,0.07,N,3,0
4191,24,37000,RENT,2.0,VENTURE,B,5500,9.91,0.15,N,4,0
4192,47,56700,OWN,3.0,HOMEIMPROVEMENT,A,11000,5.42,0.21,N,12,0
4193,27,30000,RENT,0.0,DEBTCONSOLIDATION,A,3000,7.14,0.1,N,7,0
4194,30,105000,MORTGAGE,4.0,DEBTCONSOLIDATION,A,5000,5.99,0.05,N,6,0
4195,34,32000,RENT,5.0,MEDICAL,B,3000,10.0,0.09,N,10,0
4196,35,30000,RENT,4.0,EDUCATION,A,4275,9.63,0.14,N,7,0
4197,22,70000,OWN,7.0,PERSONAL,A,2000,5.79,0.03,N,3,0
4198,26,44000,RENT,2.0,MEDICAL,D,12000,14.46,0.27,Y,3,1
4199,25,25000,RENT,2.0,MEDICAL,C,3000,12.68,0.12,Y,2,1
4200,35,100000,MORTGAGE,9.0,DEBTCONSOLIDATION,B,14400,9.25,0.14,N,7,0
4201,24,70000,MORTGAGE,1.0,MEDICAL,A,6000,9.63,0.09,N,4,0
4202,25,70000,MORTGAGE,9.0,DEBTCONSOLIDATION,A,8000,7.14,0.11,N,4,0
4203,23,36000,RENT,1.0,EDUCATION,C,8000,13.22,0.22,Y,4,0
4204,25,24996,RENT,2.0,EDUCATION,E,5000,15.95,0.2,Y,2,1
4205,29,72000,RENT,6.0,PERSONAL,B,21000,11.99,0.29,N,8,0
4206,25,70000,RENT,9.0,DEBTCONSOLIDATION,B,10000,10.65,0.14,N,3,0
4207,25,42000,MORTGAGE,5.0,VENTURE,B,12000,9.99,0.29,N,3,0
4208,23,120000,MORTGAGE,5.0,VENTURE,A,6000,6.92,0.05,N,2,0
4209,25,49000,OWN,10.0,VENTURE,A,4000,6.54,0.08,N,2,0
4210,35,85000,RENT,1.0,EDUCATION,E,5000,18.39,0.06,N,7,1
4211,29,110000,OWN,13.0,VENTURE,A,12000,7.51,0.11,N,10,0
4212,24,30000,RENT,0.0,MEDICAL,C,7500,13.72,0.25,Y,4,0
4213,22,62900,MORTGAGE,6.0,MEDICAL,D,10000,14.84,0.14,N,2,1
4214,32,120000,MORTGAGE,16.0,HOMEIMPROVEMENT,A,2500,7.74,0.02,N,7,0
4215,42,48000,MORTGAGE,0.0,DEBTCONSOLIDATION,A,6000,7.74,0.13,N,15,0
4216,28,70000,MORTGAGE,4.0,PERSONAL,E,10000,18.39,0.14,Y,10,0
4217,28,30000,RENT,0.0,MEDICAL,A,14500,9.63,0.47,N,7,1
4218,31,190000,MORTGAGE,5.0,PERSONAL,A,9000,6.03,0.05,N,7,0
4219,33,80000,MORTGAGE,4.0,VENTURE,A,3000,8.9,0.04,N,9,0
4220,35,47000,OWN,8.0,PERSONAL,C,13000,11.97,0.28,N,8,0
4221,41,59619,MORTGAGE,11.0,VENTURE,D,7750,14.84,0.13,Y,17,1
4222,34,170000,RENT,9.0,HOMEIMPROVEMENT,B,7200,11.71,0.04,N,10,0
4223,36,65000,MORTGAGE,3.0,PERSONAL,C,7000,13.11,0.11,Y,17,0
4224,29,121000,MORTGAGE,13.0,DEBTCONSOLIDATION,B,20000,11.83,0.17,N,5,0
4225,27,75000,MORTGAGE,11.0,HOMEIMPROVEMENT,A,5000,6.03,0.07,N,6,0
4226,41,42000,MORTGAGE,2.0,VENTURE,C,7000,12.99,0.17,N,17,0
4227,23,42000,RENT,2.0,DEBTCONSOLIDATION,A,6000,7.66,0.14,N,3,0
4228,25,60000,RENT,3.0,HOMEIMPROVEMENT,A,10000,5.79,0.17,N,3,0
4229,28,58239,MORTGAGE,4.0,VENTURE,A,10500,6.62,0.18,N,6,0
4230,28,75000,RENT,0.0,VENTURE,B,1075,11.11,0.14,N,5,0
4231,23,79618,MORTGAGE,5.0,EDUCATION,A,6000,8.9,0.08,N,4,0
4232,23,80000,MORTGAGE,7.0,MEDICAL,A,2000,7.74,0.03,N,3,0
4233,22,105600,MORTGAGE,6.0,DEBTCONSOLIDATION,A,25000,5.99,0.24,N,3,0
4234,25,32400,RENT,4.0,VENTURE,B,10000,12.18,0.32,N,3,1
4235,21,32000,RENT,1.0,MEDICAL,B,10000,12.53,0.31,N,2,0
4236,35,100000,MORTGAGE,8.0,EDUCATION,A,10000,8.59,0.1,N,9,0
4237,27,39000,RENT,1.0,VENTURE,B,2500,10.99,0.06,N,8,0
4238,25,60000,OWN,1.0,MEDICAL,A,6500,5.79,0.11,N,3,0
4239,29,35350,RENT,3.0,DEBTCONSOLIDATION,B,5000,9.99,0.14,N,8,0
4240,41,31200,RENT,3.0,DEBTCONSOLIDATION,A,12000,7.51,0.38,N,16,1
4241,28,60000,MORTGAGE,8.0,MEDICAL,A,13750,7.88,0.23,N,5,0
4242,28,70000,RENT,0.0,PERSONAL,B,4000,11.36,0.06,N,6,0
4243,25,50000,MORTGAGE,4.0,DEBTCONSOLIDATION,B,20000,10.62,0.4,N,3,0
4244,58,49000,OWN,4.0,HOMEIMPROVEMENT,D,9000,15.05,0.2,Y,19,0
4245,28,92700,RENT,1.0,HOMEIMPROVEMENT,B,6400,11.99,0.07,N,8,0
4246,24,50000,RENT,0.0,MEDICAL,B,12000,10.59,0.24,N,3,0
4247,38,120000,MORTGAGE,6.0,EDUCATION,A,12000,7.51,0.1,N,14,0
4248,24,56000,RENT,4.0,HOMEIMPROVEMENT,D,20000,15.65,0.36,N,4,1
4249,24,50000,RENT,5.0,EDUCATION,B,7200,10.99,0.14,N,4,0
4250,34,34000,MORTGAGE,19.0,VENTURE,D,5000,15.21,0.15,Y,7,1
4251,24,47000,MORTGAGE,6.0,HOMEIMPROVEMENT,B,3000,10.59,0.07,N,3,0
4252,27,115000,MORTGAGE,11.0,MEDICAL,A,28000,7.9,0.24,N,5,0
4253,36,84000,RENT,3.0,PERSONAL,D,25000,16.29,0.3,Y,16,0
4254,35,27600,OWN,3.0,VENTURE,C,7000,13.49,0.25,Y,10,0
4255,24,43680,RENT,2.0,MEDICAL,B,16000,11.12,0.37,N,2,1
4256,22,25200,RENT,0.0,MEDICAL,B,6000,9.25,0.24,N,3,0
4257,23,94800,MORTGAGE,7.0,EDUCATION,B,6000,10.99,0.06,N,3,0
4258,26,50000,RENT,7.0,PERSONAL,B,8000,10.99,0.16,N,4,0
4259,22,55000,RENT,2.0,PERSONAL,B,6000,10.37,0.11,N,2,0
4260,23,45000,RENT,2.0,DEBTCONSOLIDATION,A,6000,5.79,0.13,N,2,0
4261,28,28000,OWN,9.0,MEDICAL,A,7200,6.62,0.26,N,9,0
4262,22,40000,MORTGAGE,6.0,EDUCATION,B,6000,11.49,0.15,N,4,0
4263,23,36500,RENT,5.0,DEBTCONSOLIDATION,A,14400,8.9,0.39,N,3,1
4264,37,42000,RENT,4.0,DEBTCONSOLIDATION,B,3000,11.11,0.07,N,15,1
4265,24,35000,OWN,9.0,EDUCATION,A,10000,7.66,0.29,N,2,0
4266,22,58000,RENT,0.0,MEDICAL,A,8000,6.99,0.14,N,4,0
4267,23,70000,RENT,2.0,MEDICAL,B,14400,9.45,0.2,N,2,0
4268,48,42000,RENT,4.0,MEDICAL,C,3200,13.72,0.08,Y,12,0
4269,30,79000,MORTGAGE,3.0,VENTURE,C,16000,14.35,0.2,Y,5,0
4270,23,180000,MORTGAGE,7.0,MEDICAL,A,14000,5.42,0.08,N,2,0
4271,29,48000,RENT,4.0,VENTURE,A,5000,5.42,0.1,N,8,0
4272,21,120000,RENT,3.0,MEDICAL,A,14000,8.94,0.12,N,4,0
4273,22,59000,RENT,4.0,EDUCATION,C,19000,13.49,0.31,Y,2,1
4274,26,80000,MORTGAGE,7.0,DEBTCONSOLIDATION,A,8000,7.88,0.1,N,2,0
4275,31,53000,RENT,5.0,MEDICAL,C,8000,14.26,0.15,Y,6,0
4276,33,30000,RENT,1.0,EDUCATION,D,6500,14.96,0.22,Y,5,1
4277,27,54000,RENT,2.0,MEDICAL,C,4000,12.87,0.07,Y,6,0
4278,24,75000,MORTGAGE,3.0,HOMEIMPROVEMENT,B,7800,8.88,0.1,N,2,0
4279,26,50000,RENT,9.0,DEBTCONSOLIDATION,A,7500,5.79,0.15,N,2,0
4280,32,65000,MORTGAGE,1.0,DEBTCONSOLIDATION,A,3000,6.03,0.05,N,6,0
4281,27,90000,MORTGAGE,0.0,MEDICAL,B,10000,10.39,0.11,N,6,0
4282,24,90000,MORTGAGE,0.0,DEBTCONSOLIDATION,A,12000,5.79,0.13,N,3,0
4283,28,39000,MORTGAGE,12.0,HOMEIMPROVEMENT,D,10000,16.77,0.25,N,8,1
4284,29,60000,RENT,3.0,MEDICAL,B,8000,10.37,0.13,N,8,0
4285,24,40000,RENT,6.0,PERSONAL,D,11200,17.27,0.28,N,4,0
4286,32,52000,MORTGAGE,11.0,EDUCATION,A,1500,7.9,0.03,N,7,0
4287,25,105000,RENT,3.0,EDUCATION,B,20000,10.95,0.19,N,2,0
4288,23,145000,MORTGAGE,4.0,MEDICAL,B,12000,10.59,0.08,N,4,0
4289,30,38000,MORTGAGE,5.0,DEBTCONSOLIDATION,A,5400,7.9,0.14,N,8,0
4290,26,156000,MORTGAGE,5.0,DEBTCONSOLIDATION,A,15000,6.54,0.1,N,3,0
4291,26,60000,RENT,9.0,MEDICAL,G,25000,20.16,0.42,N,3,1
4292,23,50000,RENT,4.0,PERSONAL,B,15000,9.88,0.3,N,3,0
4293,24,90000,MORTGAGE,8.0,HOMEIMPROVEMENT,C,9000,13.72,0.1,N,2,0
4294,21,14400,RENT,3.0,DEBTCONSOLIDATION,C,1875,13.72,0.13,N,3,0
4295,27,67171,MORTGAGE,2.0,MEDICAL,C,1500,13.23,0.02,N,6,0
4296,23,64000,MORTGAGE,7.0,MEDICAL,B,15000,10.99,0.23,N,3,0
4297,29,39000,RENT,0.0,VENTURE,D,15000,14.42,0.38,Y,7,1
4298,30,60000,RENT,6.0,PERSONAL,B,10000,10.37,0.17,N,7,0
4299,21,60000,MORTGAGE,5.0,EDUCATION,A,4000,7.49,0.07,N,4,0
4300,22,42000,MORTGAGE,3.0,MEDICAL,A,18000,8.49,0.43,N,4,0
4301,35,522000,RENT,2.0,DEBTCONSOLIDATION,A,10000,7.49,0.02,N,9,0
4302,23,65000,RENT,5.0,VENTURE,A,5000,7.51,0.08,N,2,0
4303,29,70000,RENT,13.0,MEDICAL,B,13000,11.14,0.19,N,6,0
4304,24,78000,MORTGAGE,8.0,HOMEIMPROVEMENT,A,5000,5.42,0.06,N,2,0
4305,37,40000,RENT,1.0,PERSONAL,A,12000,9.32,0.3,N,15,0
4306,32,135996,MORTGAGE,4.0,HOMEIMPROVEMENT,A,12500,6.91,0.09,N,10,0
4307,24,160000,MORTGAGE,8.0,MEDICAL,C,25000,13.49,0.15,Y,2,0
4308,25,70000,OWN,5.0,VENTURE,D,10000,15.33,0.14,N,3,0
4309,36,150000,OWN,1.0,VENTURE,B,24000,10.37,0.16,N,14,0
4310,28,120000,MORTGAGE,3.0,PERSONAL,A,10000,7.49,0.08,N,7,0
4311,22,57600,RENT,2.0,EDUCATION,A,3000,7.9,0.05,N,4,0
4312,29,38400,RENT,14.0,DEBTCONSOLIDATION,A,15000,7.9,0.39,N,7,1
4313,29,40000,RENT,3.0,EDUCATION,B,1000,10.99,0.03,N,6,0
4314,27,96000,MORTGAGE,2.0,MEDICAL,B,20000,11.83,0.21,N,8,0
4315,21,28000,RENT,5.0,PERSONAL,B,4000,10.95,0.14,N,4,0
4316,28,160000,RENT,12.0,VENTURE,D,12000,16.77,0.07,N,6,0
4317,25,120000,MORTGAGE,3.0,EDUCATION,C,8000,13.49,0.07,Y,3,0
4318,24,40000,RENT,1.0,HOMEIMPROVEMENT,A,8000,7.74,0.2,N,4,1
4319,22,30000,RENT,2.0,DEBTCONSOLIDATION,B,10000,10.37,0.33,N,3,1
4320,27,56000,RENT,5.0,HOMEIMPROVEMENT,B,15000,10.25,0.23,N,8,0
4321,24,46000,MORTGAGE,8.0,HOMEIMPROVEMENT,A,9000,6.76,0.2,N,3,1
4322,25,70000,MORTGAGE,5.0,PERSONAL,B,6000,11.71,0.09,N,2,0
4323,22,62000,RENT,3.0,VENTURE,A,11200,7.88,0.19,N,2,0
4324,29,71400,MORTGAGE,2.0,MEDICAL,C,16000,13.85,0.19,N,6,1
4325,30,50000,MORTGAGE,2.0,HOMEIMPROVEMENT,B,12250,11.36,0.24,N,7,0
4326,29,53500,MORTGAGE,4.0,DEBTCONSOLIDATION,B,23475,11.36,0.43,N,10,0
4327,26,48000,RENT,3.0,DEBTCONSOLIDATION,A,3600,7.51,0.07,N,2,0
4328,25,70000,MORTGAGE,1.0,EDUCATION,A,5000,7.14,0.07,N,4,0
4329,34,30000,RENT,4.0,EDUCATION,C,1200,13.61,0.04,Y,9,0
4330,37,60000,MORTGAGE,2.0,EDUCATION,A,7000,8.49,0.12,N,13,0
4331,22,32000,RENT,1.0,DEBTCONSOLIDATION,C,2500,13.22,0.08,Y,4,1
4332,21,33000,MORTGAGE,5.0,EDUCATION,B,5000,10.62,0.15,N,2,0
4333,29,143000,MORTGAGE,11.0,PERSONAL,A,18000,5.79,0.13,N,9,0
4334,24,61000,MORTGAGE,1.0,HOMEIMPROVEMENT,B,10000,10.99,0.16,N,2,0
4335,52,89800,MORTGAGE,6.0,PERSONAL,B,20000,12.53,0.22,N,22,0
4336,28,40000,RENT,4.0,EDUCATION,A,10000,7.49,0.25,N,6,0
4337,23,80000,RENT,7.0,EDUCATION,A,10000,7.49,0.13,N,2,0
4338,31,18000,RENT,4.0,PERSONAL,C,2000,13.8,0.11,N,10,0
4339,24,65000,RENT,8.0,EDUCATION,B,8000,11.49,0.12,N,2,0
4340,25,100000,MORTGAGE,9.0,PERSONAL,A,15000,6.54,0.15,N,4,0
4341,30,80000,RENT,2.0,VENTURE,A,10000,8.49,0.13,N,5,0
4342,24,48500,MORTGAGE,3.0,EDUCATION,A,3600,7.49,0.07,N,3,0
4343,23,100000,MORTGAGE,4.0,EDUCATION,B,30000,10.25,0.3,N,2,0
4344,24,24000,RENT,4.0,MEDICAL,B,5000,10.74,0.21,N,3,0
4345,23,54000,RENT,7.0,MEDICAL,B,3600,10.37,0.07,N,2,0
4346,23,75000,RENT,1.0,VENTURE,C,20000,13.16,0.27,N,4,0
4347,34,30000,RENT,4.0,HOMEIMPROVEMENT,A,8500,7.51,0.26,N,6,0
4348,28,38000,MORTGAGE,13.0,DEBTCONSOLIDATION,C,8500,13.99,0.22,Y,5,0
4349,25,60000,RENT,0.0,MEDICAL,A,8000,8.0,0.13,N,4,0
4350,30,50000,MORTGAGE,14.0,DEBTCONSOLIDATION,A,10000,5.42,0.2,N,9,0
4351,26,83886,MORTGAGE,11.0,EDUCATION,A,12800,6.92,0.15,N,4,0
4352,23,28800,RENT,0.0,EDUCATION,C,5000,11.54,0.17,Y,3,0
4353,24,58000,RENT,8.0,EDUCATION,A,2000,7.51,0.03,N,2,0
4354,29,90000,RENT,2.0,DEBTCONSOLIDATION,C,3000,14.22,0.03,N,6,0
4355,24,54996,MORTGAGE,7.0,HOMEIMPROVEMENT,B,12000,11.26,0.22,N,3,0
4356,38,55000,OWN,2.0,HOMEIMPROVEMENT,A,7500,7.51,0.14,N,11,0
4357,28,38400,RENT,5.0,MEDICAL,B,2000,9.99,0.05,N,7,0
4358,24,64500,MORTGAGE,3.0,HOMEIMPROVEMENT,C,7000,13.48,0.11,Y,3,0
4359,23,61000,RENT,3.0,DEBTCONSOLIDATION,B,12000,10.38,0.2,N,3,1
4360,27,50000,RENT,7.0,DEBTCONSOLIDATION,B,10000,10.37,0.2,N,8,0
4361,23,40000,MORTGAGE,7.0,VENTURE,B,1500,11.71,0.04,N,3,0
4362,27,65000,RENT,2.0,HOMEIMPROVEMENT,A,3200,5.42,0.05,N,10,0
4363,29,42000,MORTGAGE,13.0,VENTURE,A,5000,7.88,0.12,N,5,0
4364,25,68000,MORTGAGE,0.0,PERSONAL,A,9250,7.51,0.14,N,2,0
4365,27,32568,RENT,3.0,EDUCATION,D,15000,14.84,0.46,N,7,0
4366,24,65000,RENT,8.0,EDUCATION,B,28000,10.99,0.43,N,3,1
4367,23,50000,RENT,5.0,EDUCATION,B,10000,10.99,0.2,N,2,0
4368,24,30000,MORTGAGE,8.0,HOMEIMPROVEMENT,C,4000,13.92,0.13,Y,2,0
4369,23,140000,RENT,4.0,VENTURE,D,24000,15.65,0.17,Y,3,0
4370,26,32000,RENT,0.0,DEBTCONSOLIDATION,C,12250,13.85,0.38,N,3,1
4371,24,63000,MORTGAGE,8.0,MEDICAL,E,18000,16.45,0.29,N,3,1
4372,23,28800,RENT,2.0,MEDICAL,C,10000,13.61,0.37,N,3,1
4373,25,48000,MORTGAGE,10.0,PERSONAL,A,4800,7.51,0.1,N,3,0
4374,22,43000,RENT,7.0,VENTURE,B,2500,10.65,0.06,N,4,0
4375,23,46000,RENT,5.0,EDUCATION,B,6000,11.49,0.13,N,4,0
4376,25,70000,MORTGAGE,2.0,VENTURE,B,12000,12.21,0.17,N,4,0
4377,24,40000,RENT,2.0,DEBTCONSOLIDATION,A,10000,6.62,0.25,N,3,0
4378,22,44000,MORTGAGE,6.0,EDUCATION,B,13000,10.25,0.3,N,2,0
4379,34,75000,RENT,4.0,MEDICAL,A,12000,7.88,0.16,N,7,0
4380,27,56500,MORTGAGE,4.0,MEDICAL,A,17600,7.9,0.3,N,10,0
4381,27,70000,MORTGAGE,4.0,VENTURE,C,20000,15.23,0.29,Y,7,0
4382,25,95000,MORTGAGE,4.0,DEBTCONSOLIDATION,B,18000,10.99,0.19,N,4,0
4383,29,50000,MORTGAGE,1.0,DEBTCONSOLIDATION,B,12000,10.38,0.25,N,7,0
4384,26,150000,MORTGAGE,0.0,VENTURE,C,10000,13.57,0.07,N,4,0
4385,27,150000,MORTGAGE,11.0,MEDICAL,B,15000,11.89,0.1,N,9,0
4386,35,42000,OWN,8.0,VENTURE,C,8000,12.84,0.19,N,10,0
4387,27,73000,RENT,3.0,PERSONAL,A,1000,8.59,0.01,N,8,0
4388,25,57000,MORTGAGE,9.0,DEBTCONSOLIDATION,B,9600,11.71,0.17,N,4,0
4389,37,45000,RENT,3.0,DEBTCONSOLIDATION,B,4000,11.71,0.09,N,11,0
4390,30,27996,RENT,2.0,PERSONAL,D,1500,14.09,0.05,Y,6,1
4391,24,77000,RENT,3.0,VENTURE,B,24000,11.86,0.32,N,2,1
4392,22,60000,RENT,6.0,DEBTCONSOLIDATION,A,11500,7.88,0.19,N,3,0
4393,23,65000,MORTGAGE,3.0,VENTURE,C,3000,14.79,0.05,Y,4,0
4394,38,37200,RENT,2.0,PERSONAL,D,6000,15.33,0.15,N,14,1
4395,25,50004,MORTGAGE,4.0,PERSONAL,A,10000,8.59,0.2,N,4,0
4396,27,30000,RENT,1.0,EDUCATION,E,5300,17.99,0.18,Y,10,1
4397,42,33000,RENT,1.0,VENTURE,D,5000,15.99,0.15,N,13,1
4398,24,45000,RENT,0.0,EDUCATION,B,2000,11.36,0.04,N,2,0
4399,30,110000,MORTGAGE,8.0,MEDICAL,A,12000,8.94,0.11,N,10,0
4400,24,48000,RENT,1.0,VENTURE,B,11200,11.48,0.23,N,4,0
4401,23,90000,MORTGAGE,0.0,DEBTCONSOLIDATION,C,15000,13.61,0.17,N,3,0
4402,28,24996,RENT,0.0,DEBTCONSOLIDATION,A,11000,8.63,0.48,N,9,1
4403,23,82008,MORTGAGE,3.0,DEBTCONSOLIDATION,A,7200,7.88,0.09,N,2,0
4404,24,24000,MORTGAGE,0.0,VENTURE,B,5600,10.99,0.23,N,4,0
4405,23,62900,RENT,7.0,MEDICAL,D,14000,15.28,0.19,N,2,1
4406,30,42000,RENT,5.0,EDUCATION,A,6000,8.9,0.14,N,6,0
4407,25,40000,RENT,3.0,DEBTCONSOLIDATION,B,2800,12.53,0.07,N,4,0
4408,27,70000,MORTGAGE,5.0,MEDICAL,A,5000,7.51,0.07,N,5,0
4409,29,50000,RENT,1.0,HOMEIMPROVEMENT,C,5000,13.49,0.1,Y,5,0
4410,27,57996,RENT,4.0,MEDICAL,A,2400,7.37,0.04,N,9,0
4411,31,85000,RENT,0.0,EDUCATION,C,15000,13.99,0.18,Y,10,0
4412,23,54000,MORTGAGE,7.0,MEDICAL,C,2500,14.35,0.05,Y,4,0
4413,22,80000,RENT,4.0,EDUCATION,A,9000,7.88,0.11,N,3,0
4414,26,50000,RENT,10.0,MEDICAL,A,10500,7.49,0.21,N,2,0
4415,24,31000,RENT,1.0,MEDICAL,D,6500,14.09,0.21,Y,2,1
4416,33,60000,RENT,3.0,DEBTCONSOLIDATION,C,16000,13.49,0.27,N,5,0
4417,21,90000,MORTGAGE,5.0,DEBTCONSOLIDATION,A,12000,5.79,0.13,N,4,0
4418,26,52800,RENT,4.0,PERSONAL,B,3000,9.62,0.06,N,3,0
4419,21,36000,RENT,2.0,EDUCATION,B,4000,11.49,0.11,N,2,0
4420,27,90000,MORTGAGE,11.0,HOMEIMPROVEMENT,B,10000,10.65,0.11,N,10,0
4421,30,140000,MORTGAGE,12.0,PERSONAL,A,10000,6.03,0.07,N,5,0
4422,32,120000,MORTGAGE,3.0,HOMEIMPROVEMENT,D,25000,15.65,0.21,Y,10,0
4423,23,49700,OWN,3.0,EDUCATION,B,12000,9.99,0.24,N,4,0
4424,25,53000,RENT,1.0,VENTURE,A,4000,7.66,0.08,N,4,0
4425,22,60000,MORTGAGE,6.0,VENTURE,B,5000,12.18,0.08,N,3,0
4426,21,55000,MORTGAGE,5.0,PERSONAL,C,6000,14.35,0.11,N,2,0
4427,26,140000,MORTGAGE,1.0,DEBTCONSOLIDATION,C,10000,12.87,0.07,Y,4,0
4428,24,45996,RENT,2.0,EDUCATION,C,11500,12.98,0.25,N,2,0
4429,25,34000,RENT,9.0,VENTURE,C,10000,12.99,0.29,N,3,1
4430,24,30000,RENT,2.0,MEDICAL,B,4800,12.69,0.16,N,2,0
4431,25,85100,MORTGAGE,9.0,PERSONAL,A,4500,5.42,0.05,N,3,0
4432,27,125000,MORTGAGE,2.0,DEBTCONSOLIDATION,A,8000,6.03,0.06,N,7,0
4433,27,24000,RENT,0.0,VENTURE,C,4000,13.79,0.17,Y,10,1
4434,23,54000,RENT,7.0,DEBTCONSOLIDATION,F,15000,15.76,0.29,Y,4,1
4435,29,100000,MORTGAGE,13.0,EDUCATION,D,6000,15.62,0.06,N,7,0
4436,39,103000,MORTGAGE,21.0,DEBTCONSOLIDATION,D,20000,14.09,0.19,N,13,1
4437,25,48000,RENT,9.0,EDUCATION,C,9000,13.57,0.19,Y,4,0
4438,28,110000,MORTGAGE,0.0,PERSONAL,B,16000,10.37,0.15,N,8,0
4439,23,45000,RENT,0.0,DEBTCONSOLIDATION,A,3000,7.49,0.07,N,2,0
4440,22,45000,RENT,5.0,VENTURE,C,5500,14.27,0.12,N,4,0
4441,50,116500,RENT,3.0,MEDICAL,A,23000,7.66,0.19,N,16,1
4442,23,110000,RENT,7.0,VENTURE,B,2000,10.74,0.02,N,3,0
4443,22,46000,MORTGAGE,3.0,PERSONAL,D,11000,15.62,0.24,N,2,1
4444,30,94000,MORTGAGE,14.0,VENTURE,A,4000,5.99,0.04,N,8,0
4445,43,109000,MORTGAGE,5.0,DEBTCONSOLIDATION,A,15000,7.29,0.14,N,16,0
4446,23,75000,RENT,0.0,PERSONAL,C,12000,13.48,0.16,Y,4,0
4447,25,70000,MORTGAGE,1.0,PERSONAL,B,6500,10.96,0.09,N,2,0
4448,24,68004,RENT,5.0,HOMEIMPROVEMENT,B,20000,11.36,0.29,N,4,0
4449,28,120000,MORTGAGE,12.0,HOMEIMPROVEMENT,A,8000,6.03,0.07,N,10,0
4450,22,50000,RENT,1.0,DEBTCONSOLIDATION,A,8000,7.29,0.16,N,2,0
4451,29,60000,RENT,5.0,MEDICAL,A,10000,7.88,0.17,N,9,0
4452,23,60000,MORTGAGE,6.0,VENTURE,B,5600,11.58,0.09,N,3,0
4453,23,33000,RENT,4.0,PERSONAL,B,6000,10.59,0.18,N,2,0
4454,42,62400,RENT,8.0,EDUCATION,D,4000,14.96,0.06,Y,13,0
4455,22,95004,MORTGAGE,0.0,PERSONAL,B,2225,10.95,0.26,N,4,0
4456,28,75000,MORTGAGE,12.0,MEDICAL,A,12225,8.49,0.16,N,9,0
4457,27,55000,MORTGAGE,8.0,EDUCATION,A,12000,6.17,0.22,N,8,0
4458,21,54000,RENT,5.0,VENTURE,D,5000,16.49,0.09,Y,4,0
4459,22,40000,MORTGAGE,6.0,PERSONAL,A,8000,8.59,0.2,N,3,0
4460,31,80000,MORTGAGE,5.0,PERSONAL,B,20000,12.42,0.25,N,7,0
4461,23,65000,RENT,6.0,PERSONAL,B,6000,11.71,0.09,N,2,0
4462,62,21000,RENT,2.0,MEDICAL,B,6250,9.91,0.28,N,24,0
4463,27,95000,MORTGAGE,0.0,DEBTCONSOLIDATION,A,12000,7.88,0.13,N,9,0
4464,28,50000,RENT,2.0,VENTURE,C,11000,12.53,0.22,N,8,0
4465,24,40000,RENT,0.0,MEDICAL,B,12000,10.99,0.3,N,2,0
4466,28,95000,MORTGAGE,4.0,HOMEIMPROVEMENT,B,25000,10.08,0.26,N,6,0
4467,23,85000,MORTGAGE,4.0,VENTURE,A,14000,7.88,0.16,N,2,0
4468,26,120000,MORTGAGE,10.0,VENTURE,A,16000,7.88,0.13,N,3,0
4469,26,70000,MORTGAGE,5.0,DEBTCONSOLIDATION,B,16000,10.0,0.23,N,3,0
4470,22,42000,RENT,0.0,DEBTCONSOLIDATION,E,14500,14.5,0.33,N,3,1
4471,24,41000,MORTGAGE,1.0,HOMEIMPROVEMENT,B,6000,10.59,0.14,N,3,0
4472,27,50000,RENT,0.0,VENTURE,B,4000,10.59,0.08,N,9,0
4473,43,35000,RENT,1.0,PERSONAL,A,4000,7.51,0.11,N,11,0
4474,38,77250,RENT,4.0,DEBTCONSOLIDATION,B,3000,10.71,0.04,N,16,0
4475,41,144000,MORTGAGE,3.0,PERSONAL,E,25000,16.7,0.17,Y,12,0
4476,27,98000,RENT,1.0,HOMEIMPROVEMENT,D,20000,14.96,0.2,Y,8,1
4477,22,38000,MORTGAGE,6.0,EDUCATION,C,13250,13.11,0.36,Y,2,0
4478,27,30000,RENT,0.0,VENTURE,C,9600,13.92,0.32,Y,9,1
4479,34,29004,RENT,0.0,PERSONAL,C,4000,13.16,0.14,N,10,1
4480,28,48000,MORTGAGE,9.0,MEDICAL,C,12500,12.61,0.27,Y,7,0
4481,23,45000,RENT,7.0,MEDICAL,B,5000,10.62,0.11,N,4,0
4482,27,60000,RENT,11.0,MEDICAL,B,2500,11.71,0.04,N,6,0
4483,21,18000,RENT,1.0,EDUCATION,B,3300,11.99,0.17,N,2,0
4484,25,56628,RENT,5.0,HOMEIMPROVEMENT,C,6300,12.09,0.11,Y,4,1
4485,25,61300,MORTGAGE,9.0,DEBTCONSOLIDATION,B,15000,9.63,0.23,N,2,0
4486,23,100000,MORTGAGE,1.0,MEDICAL,A,12000,5.99,0.12,N,4,0
4487,30,54000,MORTGAGE,3.0,HOMEIMPROVEMENT,B,10000,9.99,0.19,N,5,0
4488,25,80000,MORTGAGE,4.0,DEBTCONSOLIDATION,B,20000,9.51,0.25,N,3,0
4489,33,125000,MORTGAGE,8.0,EDUCATION,A,10000,5.99,0.08,N,10,0
4490,36,50000,RENT,5.0,DEBTCONSOLIDATION,C,6800,13.22,0.14,Y,17,0
4491,23,69000,MORTGAGE,5.0,HOMEIMPROVEMENT,C,1900,14.79,0.03,Y,3,1
4492,29,62000,MORTGAGE,11.0,DEBTCONSOLIDATION,A,10000,7.51,0.16,N,9,0
4493,25,25000,RENT,0.0,EDUCATION,D,11500,14.74,0.47,Y,2,1
4494,22,44000,RENT,6.0,EDUCATION,A,13200,6.62,0.3,N,4,0
4495,27,47000,MORTGAGE,3.0,MEDICAL,A,8000,7.51,0.17,N,10,0
4496,25,45000,RENT,0.0,DEBTCONSOLIDATION,E,10000,17.93,0.22,N,4,1
4497,23,60000,MORTGAGE,7.0,VENTURE,A,2000,7.4,0.03,N,4,0
4498,24,67200,MORTGAGE,2.0,HOMEIMPROVEMENT,B,6000,9.99,0.09,N,3,0
4499,23,60000,RENT,2.0,MEDICAL,B,6400,10.59,0.11,N,2,0
4500,53,78300,RENT,4.0,PERSONAL,A,7800,6.76,0.1,N,29,0
4501,39,48000,RENT,2.0,VENTURE,D,8500,16.29,0.18,Y,14,1
4502,27,110000,MORTGAGE,8.0,EDUCATION,A,8000,8.94,0.07,N,8,0
4503,22,45000,RENT,6.0,DEBTCONSOLIDATION,B,10000,11.71,0.22,N,4,0
4504,26,60000,RENT,4.0,PERSONAL,D,6400,16.89,0.11,Y,2,0
4505,27,80000,MORTGAGE,12.0,EDUCATION,A,12000,6.03,0.15,N,6,0
4506,27,70000,MORTGAGE,6.0,HOMEIMPROVEMENT,B,12000,9.99,0.17,N,6,0
4507,24,34000,RENT,6.0,DEBTCONSOLIDATION,A,11000,6.62,0.32,N,4,1
4508,22,40000,MORTGAGE,4.0,PERSONAL,A,4000,6.62,0.1,N,2,0
4509,30,42000,MORTGAGE,8.0,HOMEIMPROVEMENT,A,8000,7.29,0.19,N,5,0
4510,35,64000,MORTGAGE,6.0,EDUCATION,B,13000,10.99,0.2,N,9,0
4511,27,90000,RENT,4.0,MEDICAL,B,13500,9.67,0.14,N,9,0
4512,40,60000,MORTGAGE,12.0,DEBTCONSOLIDATION,A,10000,7.14,0.17,N,14,0
4513,25,62500,MORTGAGE,4.0,DEBTCONSOLIDATION,A,4000,5.99,0.06,N,4,0
4514,36,40000,RENT,2.0,PERSONAL,A,10000,5.79,0.25,N,12,0
4515,24,63000,MORTGAGE,8.0,HOMEIMPROVEMENT,B,15000,13.49,0.24,N,3,0
4516,29,76000,RENT,1.0,HOMEIMPROVEMENT,B,1000,11.71,0.01,N,5,0
4517,22,30000,RENT,1.0,MEDICAL,B,2000,12.69,0.07,N,2,0
4518,32,54000,RENT,2.0,DEBTCONSOLIDATION,B,10000,12.53,0.19,N,9,1
4519,26,27000,RENT,2.0,MEDICAL,C,3250,13.49,0.12,N,4,0
4520,22,82000,RENT,6.0,VENTURE,D,12000,15.21,0.15,N,4,0
4521,22,70000,RENT,2.0,EDUCATION,B,20000,12.18,0.29,N,3,0
4522,24,90000,MORTGAGE,8.0,DEBTCONSOLIDATION,C,15000,12.99,0.17,Y,3,0
4523,30,30000,RENT,3.0,MEDICAL,D,4000,15.62,0.13,Y,7,0
4524,24,108000,MORTGAGE,8.0,PERSONAL,D,10000,16.77,0.1,Y,2,1
4525,23,91500,MORTGAGE,3.0,MEDICAL,C,5000,11.34,0.05,Y,2,0
4526,23,63000,RENT,7.0,EDUCATION,E,11400,17.93,0.18,N,3,0
4527,27,60000,RENT,8.0,VENTURE,D,16000,16.49,0.27,N,5,0
4528,35,90000,RENT,5.0,MEDICAL,D,15000,14.46,0.17,N,5,1
4529,24,27000,OWN,3.0,VENTURE,B,7000,10.95,0.26,N,2,0
4530,23,90000,RENT,0.0,EDUCATION,C,15000,11.34,0.17,N,3,0
4531,25,80000,MORTGAGE,1.0,MEDICAL,B,10000,12.18,0.13,N,3,0
4532,22,84000,MORTGAGE,6.0,PERSONAL,B,15000,12.42,0.18,N,3,0
4533,28,90000,MORTGAGE,1.0,DEBTCONSOLIDATION,A,5500,8.49,0.06,N,9,0
4534,32,24000,MORTGAGE,4.0,MEDICAL,B,5000,10.99,0.21,N,8,0
4535,28,69000,MORTGAGE,3.0,PERSONAL,A,7500,7.49,0.11,N,6,0
4536,33,21000,RENT,0.0,DEBTCONSOLIDATION,B,5000,10.0,0.24,N,10,0
4537,25,69063,RENT,0.0,HOMEIMPROVEMENT,C,9000,13.23,0.14,N,3,1
4538,24,38000,OWN,0.0,MEDICAL,B,7200,11.71,0.19,N,3,0
4539,32,40000,RENT,7.0,PERSONAL,B,6000,11.12,0.15,N,8,0
4540,27,55000,RENT,2.0,MEDICAL,B,3000,9.91,0.05,N,9,0
4541,25,72000,MORTGAGE,9.0,MEDICAL,A,10250,6.62,0.14,N,3,0
4542,22,63000,MORTGAGE,6.0,EDUCATION,A,8400,7.88,0.13,N,2,0
4543,64,47380,MORTGAGE,5.0,PERSONAL,B,15000,11.36,0.32,N,24,0
4544,38,52000,OWN,3.0,PERSONAL,B,6000,11.71,0.12,N,14,0
4545,29,40000,MORTGAGE,13.0,HOMEIMPROVEMENT,A,9600,6.91,0.24,N,9,0
4546,22,60000,RENT,0.0,EDUCATION,B,4000,11.71,0.07,N,3,0
4547,38,78000,RENT,2.0,PERSONAL,D,12000,16.02,0.16,Y,11,1
4548,22,60000,RENT,6.0,VENTURE,A,10000,7.43,0.17,N,4,0
4549,32,59000,MORTGAGE,6.0,DEBTCONSOLIDATION,A,15000,5.99,0.25,N,8,1
4550,24,59600,MORTGAGE,8.0,EDUCATION,A,1000,7.88,0.02,N,3,0
4551,26,44000,MORTGAGE,10.0,MEDICAL,A,8500,7.88,0.19,N,4,0
4552,28,51630,RENT,0.0,HOMEIMPROVEMENT,C,3500,11.97,0.07,N,5,0
4553,24,42000,RENT,1.0,PERSONAL,C,2000,12.23,0.05,Y,2,0
4554,28,60000,RENT,3.0,DEBTCONSOLIDATION,C,5000,13.85,0.08,Y,8,0
4555,31,60000,MORTGAGE,3.0,HOMEIMPROVEMENT,B,15000,11.83,0.25,N,10,0
4556,26,70000,MORTGAGE,6.0,PERSONAL,A,12000,6.62,0.17,N,4,0
4557,26,480000,RENT,1.0,VENTURE,A,7500,7.88,0.01,N,3,0
4558,24,65000,RENT,5.0,PERSONAL,B,12000,12.18,0.18,N,4,0
4559,23,94000,MORTGAGE,4.0,EDUCATION,A,10000,7.88,0.11,N,3,0
4560,27,62400,MORTGAGE,6.0,PERSONAL,A,3500,6.76,0.06,N,6,0
4561,28,120000,MORTGAGE,12.0,HOMEIMPROVEMENT,A,12000,5.42,0.1,N,6,0
4562,26,48000,MORTGAGE,2.0,PERSONAL,B,4000,9.91,0.08,N,3,0
4563,25,70000,MORTGAGE,3.0,DEBTCONSOLIDATION,A,3000,6.03,0.04,N,3,0
4564,25,100800,RENT,0.0,VENTURE,B,19400,11.49,0.19,N,4,0
4565,22,30000,RENT,0.0,DEBTCONSOLIDATION,A,10000,6.62,0.33,N,3,1
4566,29,25000,RENT,0.0,PERSONAL,B,9000,10.28,0.35,N,7,1
4567,31,146000,MORTGAGE,5.0,DEBTCONSOLIDATION,B,10000,11.49,0.07,N,6,0
4568,31,100000,RENT,2.0,DEBTCONSOLIDATION,C,9000,13.57,0.09,Y,8,0
4569,34,70000,MORTGAGE,6.0,MEDICAL,B,15000,10.25,0.21,N,6,0
4570,27,29666,RENT,0.0,PERSONAL,C,3000,14.35,0.1,Y,6,0
4571,29,38400,MORTGAGE,2.0,VENTURE,B,4000,11.49,0.1,N,9,0
4572,30,60000,MORTGAGE,7.0,MEDICAL,C,5000,14.22,0.08,N,5,0
4573,25,40000,MORTGAGE,5.0,HOMEIMPROVEMENT,A,5000,7.88,0.13,N,2,0
4574,22,40000,RENT,0.0,DEBTCONSOLIDATION,B,4000,10.59,0.1,N,3,0
4575,23,43236,OWN,6.0,VENTURE,B,18225,12.87,0.42,N,4,0
4576,21,55000,RENT,2.0,EDUCATION,B,6000,11.36,0.11,N,2,0
4577,26,42000,RENT,10.0,PERSONAL,A,6750,7.29,0.16,N,3,0
4578,37,40000,RENT,5.0,EDUCATION,A,5000,6.03,0.13,N,15,0
4579,40,62000,MORTGAGE,3.0,HOMEIMPROVEMENT,D,8000,14.83,0.13,N,15,0
4580,25,42000,RENT,1.0,MEDICAL,D,6000,12.92,0.14,N,4,1
4581,32,75000,MORTGAGE,12.0,MEDICAL,B,25000,11.12,0.33,N,5,0
4582,25,12000,RENT,0.0,PERSONAL,D,2000,15.31,0.17,N,3,1
4583,26,80000,MORTGAGE,10.0,PERSONAL,B,8000,10.59,0.1,N,4,0
4584,26,34000,RENT,10.0,MEDICAL,C,8400,12.68,0.23,N,4,0
4585,22,65004,RENT,3.0,DEBTCONSOLIDATION,C,4000,12.61,0.06,Y,3,0
4586,36,86500,MORTGAGE,2.0,EDUCATION,A,17000,7.51,0.21,N,14,0
4587,24,36000,RENT,0.0,VENTURE,A,5000,6.92,0.14,N,4,0
4588,27,65000,MORTGAGE,11.0,DEBTCONSOLIDATION,C,10000,13.49,0.15,N,6,0
4589,22,70000,RENT,6.0,EDUCATION,B,3000,10.99,0.04,N,4,0
4590,32,54000,MORTGAGE,6.0,DEBTCONSOLIDATION,A,11000,6.62,0.2,N,10,0
4591,22,51000,MORTGAGE,5.0,EDUCATION,A,14000,7.88,0.27,N,3,0
4592,24,60000,MORTGAGE,7.0,HOMEIMPROVEMENT,A,4700,7.88,0.08,N,4,0
4593,35,132000,MORTGAGE,13.0,EDUCATION,B,12000,10.99,0.09,N,6,0
4594,27,68000,MORTGAGE,11.0,MEDICAL,A,7000,7.14,0.1,N,5,0
4595,37,55000,RENT,2.0,VENTURE,B,3600,10.99,0.07,N,16,0
4596,30,74400,MORTGAGE,14.0,VENTURE,B,5000,12.42,0.07,N,8,0
4597,40,75000,MORTGAGE,2.0,VENTURE,A,9000,5.79,0.12,N,14,0
4598,37,53000,MORTGAGE,11.0,PERSONAL,A,10000,7.51,0.19,N,13,0
4599,27,120000,MORTGAGE,3.0,HOMEIMPROVEMENT,D,25000,15.31,0.21,Y,6,0
4600,23,120000,MORTGAGE,0.0,VENTURE,B,10000,11.11,0.08,N,2,0
4601,21,35004,RENT,0.0,VENTURE,C,7000,12.98,0.2,N,4,0
4602,21,65004,MORTGAGE,5.0,EDUCATION,A,10000,6.03,0.15,N,2,0
4603,27,50000,RENT,0.0,HOMEIMPROVEMENT,C,10000,13.61,0.2,N,10,0
4604,38,60000,RENT,5.0,EDUCATION,B,7000,10.99,0.12,N,12,0
4605,36,70000,MORTGAGE,6.0,PERSONAL,B,5000,11.36,0.07,N,17,0
4606,31,120000,MORTGAGE,2.0,HOMEIMPROVEMENT,B,11000,10.99,0.09,N,6,0
4607,28,75000,RENT,7.0,DEBTCONSOLIDATION,A,10000,7.9,0.13,N,5,0
4608,29,24000,RENT,0.0,VENTURE,B,1500,11.49,0.06,N,7,0
4609,24,160000,MORTGAGE,8.0,PERSONAL,A,28000,7.9,0.19,N,2,0
4610,32,44000,RENT,3.0,PERSONAL,D,6000,17.27,0.14,Y,6,1
4611,48,75000,RENT,2.0,PERSONAL,D,20000,14.74,0.27,Y,11,1
4612,22,30000,RENT,1.0,MEDICAL,B,7200,9.91,0.25,N,4,0
4613,23,49000,MORTGAGE,5.0,EDUCATION,B,6000,10.0,0.12,N,3,0
4614,34,60000,MORTGAGE,2.0,EDUCATION,D,5000,15.65,0.08,Y,7,0
4615,32,85000,RENT,3.0,MEDICAL,C,10000,14.27,0.12,N,6,0
4616,21,30000,RENT,0.0,MEDICAL,D,1500,15.62,0.05,N,2,1
4617,27,52000,RENT,4.0,EDUCATION,C,4200,12.61,0.08,Y,9,0
4618,24,80400,MORTGAGE,0.0,EDUCATION,A,5000,8.0,0.06,N,4,0
4619,23,48000,RENT,4.0,MEDICAL,B,4300,10.75,0.09,N,2,0
4620,22,55000,RENT,6.0,EDUCATION,C,8000,12.53,0.15,Y,3,0
4621,29,95000,MORTGAGE,0.0,EDUCATION,A,15000,7.88,0.16,N,5,0
4622,22,120000,MORTGAGE,6.0,VENTURE,B,18000,10.74,0.15,N,3,0
4623,24,26400,RENT,0.0,PERSONAL,A,7125,5.79,0.27,N,4,0
4624,25,86800,RENT,5.0,VENTURE,B,2800,11.58,0.03,N,4,0
4625,38,95000,RENT,4.0,VENTURE,D,2500,15.65,0.03,Y,17,0
4626,44,72000,RENT,4.0,DEBTCONSOLIDATION,B,10600,10.37,0.15,N,11,0
4627,23,90000,MORTGAGE,1.0,EDUCATION,B,20000,10.99,0.22,N,4,0
4628,21,72500,RENT,2.0,MEDICAL,A,10000,7.49,0.14,N,3,0
4629,23,80000,MORTGAGE,3.0,DEBTCONSOLIDATION,A,5000,5.99,0.06,N,2,0
4630,32,40000,RENT,17.0,MEDICAL,B,3000,10.75,0.07,N,5,0
4631,24,25000,RENT,1.0,MEDICAL,B,2500,11.49,0.1,N,4,0
4632,30,60000,RENT,14.0,DEBTCONSOLIDATION,B,6000,10.75,0.1,N,9,0
4633,26,78000,MORTGAGE,5.0,DEBTCONSOLIDATION,A,12000,5.42,0.15,N,4,0
4634,25,85000,MORTGAGE,9.0,HOMEIMPROVEMENT,B,10000,10.38,0.12,N,4,0
4635,27,55000,MORTGAGE,7.0,PERSONAL,B,10000,10.59,0.18,N,5,0
4636,28,120000,MORTGAGE,4.0,PERSONAL,A,6000,5.42,0.05,N,8,0
4637,35,33000,RENT,2.0,EDUCATION,C,8600,13.35,0.27,N,6,1
4638,27,55680,MORTGAGE,4.0,PERSONAL,B,7875,10.75,0.14,N,10,0
4639,25,39000,RENT,2.0,VENTURE,D,4000,14.96,0.1,Y,2,1
4640,27,59000,MORTGAGE,4.0,EDUCATION,A,14000,7.88,0.24,N,5,1
4641,23,110000,RENT,0.0,EDUCATION,C,25000,13.57,0.23,Y,3,0
4642,29,60000,MORTGAGE,1.0,DEBTCONSOLIDATION,A,6000,8.0,0.1,N,9,0
4643,23,70000,MORTGAGE,7.0,DEBTCONSOLIDATION,A,5000,5.42,0.07,N,2,0
4644,26,57000,RENT,7.0,DEBTCONSOLIDATION,B,7500,11.89,0.13,N,2,0
4645,22,62000,RENT,0.0,EDUCATION,C,10000,15.96,0.16,N,3,0
4646,27,70000,RENT,2.0,DEBTCONSOLIDATION,B,20000,11.36,0.29,N,9,0
4647,22,66000,RENT,0.0,EDUCATION,C,15000,13.85,0.23,Y,3,0
4648,23,70000,RENT,4.0,EDUCATION,A,4000,7.42,0.06,N,2,0
4649,23,96300,OWN,2.0,EDUCATION,C,18000,13.67,0.19,N,4,0
4650,23,45000,RENT,1.0,EDUCATION,B,11000,12.69,0.24,N,2,0
4651,25,72000,RENT,0.0,DEBTCONSOLIDATION,B,10000,10.37,0.14,N,4,0
4652,27,57240,OWN,3.0,EDUCATION,B,2000,10.99,0.04,N,6,0
4653,23,91200,MORTGAGE,7.0,MEDICAL,A,9000,6.92,0.1,N,2,0
4654,32,50000,MORTGAGE,5.0,PERSONAL,B,10000,10.99,0.2,N,9,0
4655,26,110000,RENT,3.0,PERSONAL,A,8000,8.59,0.07,N,4,0
4656,25,80000,RENT,3.0,MEDICAL,D,25000,15.33,0.31,Y,2,1
4657,23,40000,RENT,0.0,MEDICAL,A,3700,8.0,0.09,N,4,0
4658,28,130000,OWN,10.0,MEDICAL,B,24000,11.83,0.18,N,10,0
4659,25,78000,MORTGAGE,9.0,HOMEIMPROVEMENT,A,5000,5.42,0.06,N,2,0
4660,23,48000,RENT,3.0,VENTURE,A,20000,6.54,0.42,N,4,1
4661,26,117000,MORTGAGE,10.0,EDUCATION,A,18000,6.03,0.15,N,4,0
4662,23,50000,RENT,7.0,EDUCATION,A,15000,7.88,0.3,N,4,0
4663,33,72000,OWN,5.0,MEDICAL,B,25000,11.83,0.35,N,10,0
4664,36,40000,MORTGAGE,12.0,VENTURE,A,5000,5.99,0.13,N,16,0
4665,25,84000,RENT,0.0,DEBTCONSOLIDATION,B,12000,10.0,0.14,N,4,0
4666,39,50000,RENT,5.0,PERSONAL,C,8000,12.53,0.16,Y,17,0
4667,29,75689,RENT,13.0,EDUCATION,A,10000,7.51,0.13,N,8,0
4668,23,130000,MORTGAGE,7.0,DEBTCONSOLIDATION,B,24250,11.12,0.19,N,4,0
4669,28,85000,MORTGAGE,11.0,MEDICAL,A,10000,9.38,0.12,N,5,0
4670,50,63554,MORTGAGE,9.0,VENTURE,B,5000,10.99,0.08,N,14,0
4671,40,65004,RENT,0.0,MEDICAL,C,4800,11.28,0.08,Y,11,0
4672,23,51000,RENT,1.0,VENTURE,B,7200,9.91,0.15,N,3,0
4673,29,35000,OWN,11.0,VENTURE,B,7000,12.42,0.2,N,9,0
4674,23,60000,MORTGAGE,8.0,DEBTCONSOLIDATION,C,10000,14.26,0.17,N,3,0
4675,29,52000,RENT,1.0,HOMEIMPROVEMENT,C,8000,13.79,0.15,N,9,0
4676,23,70000,RENT,2.0,PERSONAL,C,15000,13.61,0.21,Y,4,0
4677,24,40800,RENT,4.0,MEDICAL,A,10000,8.59,0.24,N,3,0
4678,23,40000,RENT,0.0,MEDICAL,A,4750,8.63,0.12,N,3,0
4679,22,30000,RENT,0.0,PERSONAL,D,8000,14.84,0.27,Y,3,1
4680,23,40000,RENT,1.0,EDUCATION,B,7000,10.65,0.17,N,4,0
4681,36,120000,MORTGAGE,0.0,PERSONAL,D,6000,16.29,0.05,N,15,0
4682,25,30000,RENT,3.0,MEDICAL,B,4000,10.74,0.13,N,2,0
4683,28,72000,RENT,12.0,PERSONAL,A,10000,7.29,0.14,N,7,0
4684,22,60000,RENT,2.0,PERSONAL,C,10000,13.49,0.17,N,2,0
4685,24,32000,RENT,2.0,EDUCATION,B,5000,11.71,0.16,N,3,0
4686,24,60000,MORTGAGE,8.0,HOMEIMPROVEMENT,A,7500,6.17,0.12,N,4,0
4687,24,70000,MORTGAGE,5.0,EDUCATION,D,3000,15.62,0.04,N,4,0
4688,22,30000,RENT,1.0,VENTURE,B,5000,11.48,0.17,N,2,0
4689,22,48000,RENT,6.0,EDUCATION,B,5000,11.89,0.1,N,2,0
4690,40,50000,MORTGAGE,2.0,EDUCATION,D,10000,15.28,0.2,Y,17,0
4691,22,57000,MORTGAGE,7.0,DEBTCONSOLIDATION,A,3000,5.42,0.05,N,3,0
4692,32,103000,RENT,2.0,HOMEIMPROVEMENT,B,12800,9.99,0.12,N,5,1
4693,36,72000,RENT,4.0,HOMEIMPROVEMENT,C,20000,13.92,0.28,N,14,0
4694,33,37440,RENT,0.0,PERSONAL,C,4400,13.04,0.12,N,9,0
4695,21,50000,RENT,0.0,EDUCATION,A,8700,7.66,0.17,N,3,0
4696,22,48000,RENT,6.0,VENTURE,B,10000,12.42,0.21,N,2,0
4697,22,57000,OWN,6.0,MEDICAL,B,6000,11.49,0.11,N,3,0
4698,37,40000,RENT,2.0,EDUCATION,E,11800,19.03,0.29,Y,13,1
4699,29,120000,MORTGAGE,13.0,VENTURE,B,15000,11.86,0.13,N,9,0
4700,23,50952,RENT,2.0,EDUCATION,B,4000,11.86,0.08,N,4,0
4701,27,36000,OWN,1.0,HOMEIMPROVEMENT,A,4000,7.68,0.11,N,5,0
4702,38,80000,MORTGAGE,5.0,DEBTCONSOLIDATION,B,12000,10.99,0.15,N,17,0
4703,29,70000,RENT,5.0,DEBTCONSOLIDATION,A,3000,5.99,0.04,N,7,0
4704,46,172000,MORTGAGE,0.0,VENTURE,B,20000,11.89,0.12,N,14,0
4705,39,120000,RENT,5.0,HOMEIMPROVEMENT,B,7500,10.99,0.06,N,11,0
4706,28,100000,MORTGAGE,8.0,PERSONAL,A,25000,7.9,0.25,N,6,0
4707,24,113028,MORTGAGE,3.0,VENTURE,C,10000,12.53,0.09,N,2,0
4708,26,93500,MORTGAGE,10.0,EDUCATION,A,18000,8.49,0.18,N,2,0
4709,22,71000,RENT,3.0,PERSONAL,B,18000,10.39,0.26,N,2,0
4710,40,30000,RENT,4.0,MEDICAL,A,2000,7.9,0.07,N,13,0
4711,32,54996,RENT,0.0,EDUCATION,A,5000,8.9,0.09,N,5,0
4712,30,31000,RENT,0.0,PERSONAL,D,5000,14.61,0.16,Y,10,1
4713,22,55000,MORTGAGE,2.0,PERSONAL,B,25000,10.74,0.45,N,4,0
4714,24,74800,RENT,4.0,VENTURE,A,14000,7.88,0.18,N,3,0
4715,24,48000,RENT,2.0,MEDICAL,B,1000,11.89,0.02,N,3,0
4716,22,72000,RENT,6.0,VENTURE,A,5000,7.9,0.07,N,2,0
4717,25,31200,RENT,4.0,MEDICAL,B,6000,12.21,0.19,N,4,0
4718,27,75000,MORTGAGE,9.0,HOMEIMPROVEMENT,B,10500,11.48,0.14,N,7,0
4719,23,80000,RENT,7.0,EDUCATION,A,16000,7.49,0.2,N,3,0
4720,22,39000,RENT,3.0,MEDICAL,E,10000,15.95,0.26,N,4,1
4721,23,85000,MORTGAGE,4.0,EDUCATION,A,8000,7.14,0.09,N,3,0
4722,24,36000,RENT,8.0,MEDICAL,B,6000,11.49,0.17,N,3,0
4723,24,90000,MORTGAGE,8.0,DEBTCONSOLIDATION,A,6000,6.03,0.07,N,3,0
4724,23,57000,MORTGAGE,0.0,EDUCATION,B,9250,10.59,0.16,N,3,0
4725,28,70000,MORTGAGE,4.0,HOMEIMPROVEMENT,A,8000,7.49,0.11,N,7,0
4726,23,70000,OWN,1.0,EDUCATION,A,22000,6.99,0.31,N,3,0
4727,23,25000,OWN,5.0,VENTURE,B,4000,9.91,0.16,N,4,0
4728,44,28800,RENT,3.0,MEDICAL,A,5000,8.94,0.17,N,11,1
4729,23,28800,RENT,2.0,MEDICAL,D,5000,14.61,0.18,N,3,1
4730,23,70000,RENT,0.0,EDUCATION,C,10000,13.49,0.14,Y,2,0
4731,24,52000,MORTGAGE,8.0,EDUCATION,A,3000,5.79,0.06,N,4,0
4732,34,80000,OWN,5.0,VENTURE,D,15000,15.99,0.19,Y,7,0
4733,28,40000,RENT,4.0,MEDICAL,B,12000,12.69,0.3,N,10,0
4734,25,32000,RENT,4.0,MEDICAL,D,10000,15.33,0.31,Y,4,1
4735,23,118320,RENT,5.0,DEBTCONSOLIDATION,A,14000,7.51,0.12,N,2,0
4736,27,65000,RENT,2.0,EDUCATION,A,3000,6.99,0.05,N,10,0
4737,23,20000,RENT,6.0,DEBTCONSOLIDATION,B,5500,10.99,0.28,N,3,0
4738,29,60000,MORTGAGE,4.0,VENTURE,A,14000,7.51,0.23,N,7,0
4739,32,30000,MORTGAGE,16.0,MEDICAL,A,8000,6.62,0.27,N,10,0
4740,22,60000,MORTGAGE,7.0,EDUCATION,C,3600,13.61,0.06,N,3,0
4741,24,42000,MORTGAGE,2.0,VENTURE,A,7000,8.59,0.17,N,3,0
4742,42,70000,RENT,0.0,EDUCATION,B,5800,10.25,0.08,N,17,0
4743,36,65000,RENT,2.0,EDUCATION,A,3600,7.49,0.06,N,15,0
4744,25,28800,RENT,1.0,MEDICAL,A,5500,9.63,0.19,N,3,0
4745,23,70000,RENT,0.0,MEDICAL,C,8000,13.99,0.11,N,3,0
4746,23,200000,MORTGAGE,0.0,VENTURE,C,8000,15.23,0.04,N,3,0
4747,23,42000,MORTGAGE,7.0,DEBTCONSOLIDATION,A,5000,6.03,0.12,N,2,0
4748,24,65000,RENT,5.0,VENTURE,A,14000,6.17,0.22,N,2,0
4749,23,35000,RENT,1.0,DEBTCONSOLIDATION,B,7000,11.86,0.2,N,2,0
4750,30,60000,RENT,4.0,VENTURE,B,15000,12.18,0.25,N,5,0
4751,22,53500,RENT,6.0,MEDICAL,A,7200,7.9,0.13,N,3,0
4752,23,104550,MORTGAGE,0.0,MEDICAL,D,25000,14.83,0.2,Y,4,1
4753,23,52000,MORTGAGE,7.0,DEBTCONSOLIDATION,A,10000,7.88,0.19,N,2,0
4754,23,54000,RENT,5.0,MEDICAL,B,2250,10.99,0.04,N,3,1
4755,29,75000,MORTGAGE,9.0,HOMEIMPROVEMENT,A,10000,7.29,0.13,N,5,0
4756,22,40000,RENT,6.0,PERSONAL,B,3200,11.99,0.08,N,2,0
4757,36,67000,MORTGAGE,1.0,HOMEIMPROVEMENT,B,10000,10.99,0.15,N,14,0
4758,37,38000,RENT,5.0,PERSONAL,B,8000,10.0,0.21,N,14,0
4759,33,44000,RENT,2.0,DEBTCONSOLIDATION,B,14000,11.49,0.32,N,8,1
4760,26,54566,MORTGAGE,9.0,DEBTCONSOLIDATION,A,6000,6.76,0.11,N,4,0
4761,27,73000,MORTGAGE,6.0,PERSONAL,A,10000,6.99,0.14,N,9,0
4762,25,40000,MORTGAGE,3.0,HOMEIMPROVEMENT,A,15000,7.9,0.38,N,4,0
4763,24,35004,OTHER,0.0,VENTURE,B,5000,11.58,0.14,N,4,0
4764,23,60000,MORTGAGE,7.0,DEBTCONSOLIDATION,A,12000,6.91,0.2,N,3,0
4765,32,45000,RENT,0.0,VENTURE,B,10000,10.99,0.22,N,10,0
4766,41,110000,RENT,7.0,VENTURE,B,30000,9.91,0.27,N,11,0
4767,23,45000,RENT,3.0,EDUCATION,C,15000,14.22,0.33,Y,4,1
4768,23,72000,RENT,3.0,EDUCATION,B,12000,10.39,0.17,N,3,0
4769,24,55000,MORTGAGE,5.0,VENTURE,B,12000,10.99,0.22,N,4,0
4770,44,44000,RENT,2.0,MEDICAL,D,7500,14.96,0.17,N,15,1
4771,22,45000,MORTGAGE,2.0,EDUCATION,A,9600,7.49,0.21,N,2,0
4772,24,64575,RENT,2.0,VENTURE,A,12000,7.29,0.19,N,4,0
4773,33,80000,MORTGAGE,13.0,VENTURE,A,12000,6.62,0.15,N,6,0
4774,22,36000,RENT,2.0,EDUCATION,D,8000,15.31,0.22,Y,3,1
4775,26,50000,MORTGAGE,3.0,PERSONAL,A,3000,6.62,0.06,N,4,0
4776,27,110000,RENT,6.0,VENTURE,B,25000,12.42,0.23,N,8,0
4777,24,51480,MORTGAGE,7.0,MEDICAL,C,15000,13.79,0.29,N,4,1
4778,25,100000,MORTGAGE,9.0,PERSONAL,B,1000,10.59,0.01,N,2,0
4779,23,55000,MORTGAGE,7.0,PERSONAL,A,20000,7.9,0.36,N,4,0
4780,23,40000,RENT,0.0,EDUCATION,A,8600,7.49,0.21,N,3,0
4781,24,43000,MORTGAGE,4.0,HOMEIMPROVEMENT,A,10000,8.94,0.23,N,3,0
4782,35,78000,RENT,3.0,PERSONAL,B,4800,10.99,0.06,N,5,1
4783,23,50000,RENT,6.0,PERSONAL,B,18000,10.99,0.36,N,3,1
4784,27,95000,MORTGAGE,11.0,VENTURE,A,4000,7.88,0.04,N,7,0
4785,23,40752,RENT,5.0,EDUCATION,B,5000,10.0,0.12,N,2,0
4786,25,45000,RENT,3.0,EDUCATION,C,8000,13.47,0.18,Y,2,0
4787,23,48000,MORTGAGE,7.0,VENTURE,A,15000,7.51,0.31,N,2,0
4788,34,64000,MORTGAGE,4.0,DEBTCONSOLIDATION,A,9000,5.42,0.15,N,6,0
4789,22,28000,RENT,2.0,DEBTCONSOLIDATION,C,3000,14.22,0.11,N,4,0
4790,28,75000,RENT,5.0,MEDICAL,A,10000,7.88,0.13,N,7,0
4791,25,132000,MORTGAGE,9.0,HOMEIMPROVEMENT,A,25000,8.59,0.21,N,4,0
4792,25,90000,RENT,9.0,PERSONAL,D,6000,15.33,0.07,Y,3,0
4793,36,75000,RENT,1.0,EDUCATION,C,15000,12.73,0.2,N,13,0
4794,22,59000,MORTGAGE,6.0,MEDICAL,D,7200,14.96,0.1,Y,2,1
4795,37,98700,MORTGAGE,6.0,DEBTCONSOLIDATION,A,6000,6.03,0.06,N,16,0
4796,25,55000,RENT,2.0,MEDICAL,A,6000,8.9,0.11,N,3,0
4797,34,66500,RENT,3.0,DEBTCONSOLIDATION,A,2000,7.9,0.03,N,7,0
4798,29,42000,RENT,3.0,DEBTCONSOLIDATION,C,1200,13.61,0.03,Y,7,0
4799,25,35000,RENT,2.0,MEDICAL,B,12000,11.71,0.34,N,3,0
4800,27,34000,RENT,0.0,EDUCATION,C,10000,12.87,0.29,Y,9,1
4801,24,47000,MORTGAGE,8.0,MEDICAL,A,7500,7.51,0.16,N,4,0
4802,27,40000,MORTGAGE,11.0,VENTURE,A,10000,9.63,0.25,N,7,0
4803,22,60000,RENT,0.0,EDUCATION,A,10000,6.62,0.17,N,3,0
4804,22,51996,MORTGAGE,6.0,PERSONAL,B,1500,9.7,0.03,N,2,0
4805,22,52800,MORTGAGE,6.0,PERSONAL,A,7000,7.74,0.13,N,3,0
4806,21,88000,RENT,3.0,HOMEIMPROVEMENT,E,17600,16.35,0.19,N,2,1
4807,26,58000,RENT,0.0,EDUCATION,C,3000,13.16,0.05,N,2,0
4808,22,24000,RENT,0.0,DEBTCONSOLIDATION,B,2450,9.76,0.1,N,4,0
4809,32,45996,MORTGAGE,0.0,EDUCATION,A,6000,7.51,0.13,N,7,1
4810,22,60000,MORTGAGE,3.0,VENTURE,A,8000,8.49,0.13,N,2,0
4811,36,60000,MORTGAGE,18.0,PERSONAL,A,2000,6.03,0.03,N,14,0
4812,23,50000,RENT,0.0,EDUCATION,B,5000,11.14,0.1,N,2,0
4813,35,62496,MORTGAGE,4.0,PERSONAL,D,8000,16.77,0.13,N,10,0
4814,25,41000,MORTGAGE,9.0,HOMEIMPROVEMENT,E,4000,18.64,0.1,Y,3,0
4815,22,59000,OWN,4.0,EDUCATION,B,10000,9.88,0.17,N,4,0
4816,30,84996,MORTGAGE,0.0,MEDICAL,A,6000,9.32,0.07,N,6,0
4817,25,70000,MORTGAGE,3.0,VENTURE,B,6000,9.99,0.09,N,4,0
4818,24,50000,RENT,0.0,VENTURE,C,6000,13.06,0.12,Y,3,0
4819,22,37000,RENT,2.0,EDUCATION,B,4800,11.83,0.13,N,4,1
4820,26,41604,MORTGAGE,10.0,DEBTCONSOLIDATION,E,15250,15.95,0.37,N,2,0
4821,31,100000,MORTGAGE,1.0,DEBTCONSOLIDATION,B,18000,10.0,0.18,N,6,0
4822,30,70000,MORTGAGE,3.0,MEDICAL,A,3000,6.76,0.04,N,8,0
4823,32,74500,MORTGAGE,12.0,MEDICAL,B,10500,9.99,0.14,N,8,0
4824,29,30000,RENT,9.0,PERSONAL,A,1000,5.42,0.03,N,10,0
4825,24,75000,MORTGAGE,6.0,PERSONAL,A,7000,6.54,0.09,N,2,0
4826,25,80000,MORTGAGE,0.0,PERSONAL,B,12000,10.25,0.15,N,4,0
4827,23,103241,RENT,0.0,EDUCATION,C,10000,13.49,0.1,Y,2,0
4828,35,83700,MORTGAGE,2.0,DEBTCONSOLIDATION,A,6000,7.49,0.07,N,6,0
4829,25,95000,MORTGAGE,9.0,DEBTCONSOLIDATION,B,4000,10.99,0.04,N,4,0
4830,23,45000,MORTGAGE,5.0,PERSONAL,B,5200,10.25,0.12,N,2,0
4831,24,70000,MORTGAGE,8.0,EDUCATION,A,7000,8.9,0.1,N,3,0
4832,37,65000,RENT,7.0,DEBTCONSOLIDATION,A,7000,7.9,0.11,N,12,0
4833,30,69600,MORTGAGE,11.0,DEBTCONSOLIDATION,A,1200,6.99,0.02,N,7,0
4834,39,55000,MORTGAGE,1.0,VENTURE,A,6000,7.88,0.11,N,13,0
4835,23,56000,MORTGAGE,1.0,PERSONAL,B,9000,12.69,0.16,N,3,0
4836,27,40000,RENT,3.0,VENTURE,B,1000,10.99,0.03,N,10,0
4837,29,85000,RENT,1.0,PERSONAL,A,35000,7.9,0.41,N,10,1
4838,23,60000,MORTGAGE,7.0,DEBTCONSOLIDATION,A,5000,9.63,0.08,N,3,0
4839,38,54000,RENT,1.0,HOMEIMPROVEMENT,B,16000,11.36,0.3,N,16,1
4840,40,149000,MORTGAGE,25.0,HOMEIMPROVEMENT,B,7000,10.59,0.05,N,14,0
4841,23,75600,MORTGAGE,7.0,PERSONAL,D,15000,16.32,0.2,Y,2,0
4842,25,25000,RENT,1.0,MEDICAL,C,10000,13.99,0.4,N,4,1
4843,45,48000,MORTGAGE,10.0,VENTURE,A,6000,7.88,0.13,N,12,0
4844,26,40000,RENT,4.0,DEBTCONSOLIDATION,B,5000,10.36,0.13,N,2,0
4845,30,48000,MORTGAGE,14.0,HOMEIMPROVEMENT,A,8500,7.51,0.17,N,10,0
4846,41,85000,RENT,0.0,VENTURE,A,7500,8.94,0.09,N,16,0
4847,27,43000,OWN,6.0,EDUCATION,D,13350,14.96,0.33,Y,7,0
4848,23,40000,RENT,1.0,MEDICAL,C,10000,13.22,0.25,N,2,0
4849,40,25000,RENT,2.0,PERSONAL,B,2500,11.71,0.1,N,13,0
4850,23,49000,MORTGAGE,4.0,DEBTCONSOLIDATION,A,4000,7.66,0.08,N,4,0
4851,29,38004,RENT,2.0,EDUCATION,A,10000,7.29,0.26,N,6,0
4852,27,109000,MORTGAGE,2.0,HOMEIMPROVEMENT,C,15000,12.68,0.14,Y,5,0
4853,22,25000,RENT,0.0,MEDICAL,A,10500,7.66,0.4,N,3,1
4854,28,44000,MORTGAGE,4.0,DEBTCONSOLIDATION,A,6000,7.49,0.14,N,10,0
4855,30,115000,MORTGAGE,5.0,HOMEIMPROVEMENT,A,10000,6.62,0.09,N,5,0
4856,24,71884,MORTGAGE,8.0,MEDICAL,B,9000,10.59,0.13,N,4,0
4857,22,25000,RENT,0.0,EDUCATION,B,3000,12.53,0.12,N,3,0
4858,27,18996,RENT,0.0,HOMEIMPROVEMENT,D,6000,15.95,0.32,Y,5,1
4859,29,102000,RENT,4.0,VENTURE,A,15000,8.94,0.15,N,9,0
4860,22,50000,MORTGAGE,6.0,DEBTCONSOLIDATION,B,10000,11.99,0.2,N,4,0
4861,29,41000,RENT,2.0,VENTURE,C,8000,14.26,0.2,Y,8,0
4862,31,59000,RENT,9.0,PERSONAL,D,15000,16.77,0.25,Y,6,1
4863,23,30000,RENT,4.0,PERSONAL,C,7750,14.26,0.26,N,2,0
4864,39,70000,RENT,0.0,HOMEIMPROVEMENT,C,15000,13.72,0.21,N,11,0
4865,22,75000,RENT,6.0,PERSONAL,A,12000,6.99,0.16,N,3,0
4866,26,79500,MORTGAGE,9.0,EDUCATION,A,6000,7.68,0.08,N,2,0
4867,35,29000,RENT,1.0,MEDICAL,B,5000,9.91,0.17,N,6,0
4868,25,62500,RENT,3.0,DEBTCONSOLIDATION,D,15000,16.77,0.24,Y,2,1
4869,36,54000,RENT,3.0,HOMEIMPROVEMENT,B,2000,11.49,0.04,N,16,0
4870,22,60000,MORTGAGE,7.0,VENTURE,B,2500,10.99,0.04,N,3,0
4871,23,24000,RENT,5.0,DEBTCONSOLIDATION,B,11500,11.48,0.48,N,4,1
4872,36,35000,MORTGAGE,15.0,VENTURE,B,4000,11.14,0.11,N,15,0
4873,23,39200,RENT,1.0,EDUCATION,B,2500,10.99,0.06,N,3,0
4874,22,30000,RENT,2.0,MEDICAL,B,6000,9.99,0.2,N,2,0
4875,31,100000,MORTGAGE,4.0,MEDICAL,C,4200,14.79,0.04,Y,9,0
4876,28,75000,OWN,12.0,PERSONAL,B,20000,10.95,0.27,N,9,0
4877,25,80000,RENT,4.0,DEBTCONSOLIDATION,B,20000,11.49,0.25,N,4,0
4878,22,36000,RENT,3.0,EDUCATION,B,5600,11.71,0.16,N,3,0
4879,28,95000,MORTGAGE,10.0,PERSONAL,A,8000,6.76,0.08,N,5,0
4880,27,24000,RENT,7.0,MEDICAL,B,6000,10.36,0.25,N,8,0
4881,22,36000,RENT,6.0,EDUCATION,A,12000,7.51,0.33,N,4,1
4882,26,45000,RENT,4.0,PERSONAL,B,4350,11.36,0.1,N,2,0
4883,25,24000,OWN,4.0,VENTURE,B,2000,10.38,0.08,N,4,0
4884,30,89000,OWN,0.0,VENTURE,A,6000,7.14,0.07,N,9,0
4885,23,51300,RENT,2.0,EDUCATION,C,8000,12.99,0.16,Y,3,0
4886,25,50000,RENT,2.0,MEDICAL,A,9000,7.14,0.18,N,4,0
4887,32,101000,RENT,11.0,MEDICAL,C,20000,13.22,0.2,Y,7,0
4888,30,48000,RENT,0.0,DEBTCONSOLIDATION,A,3500,7.49,0.07,N,8,1
4889,28,35000,RENT,4.0,DEBTCONSOLIDATION,C,11000,14.27,0.32,N,7,1
4890,23,52000,RENT,7.0,VENTURE,C,10200,13.92,0.2,Y,2,0
4891,37,50000,RENT,1.0,MEDICAL,B,13000,11.58,0.26,N,11,0
4892,30,100000,MORTGAGE,2.0,EDUCATION,A,7200,8.9,0.07,N,6,0
4893,25,60000,MORTGAGE,2.0,HOMEIMPROVEMENT,A,8000,7.88,0.13,N,2,0
4894,43,50000,MORTGAGE,3.0,HOMEIMPROVEMENT,A,5000,7.29,0.1,N,16,0
4895,34,50000,RENT,5.0,HOMEIMPROVEMENT,C,10000,13.49,0.2,N,9,0
4896,36,33204,RENT,13.0,EDUCATION,C,1000,14.72,0.03,N,16,0
4897,23,140000,MORTGAGE,7.0,EDUCATION,B,8800,10.59,0.06,N,3,0
4898,27,78000,RENT,5.0,HOMEIMPROVEMENT,B,25000,11.12,0.32,N,10,1
4899,22,55000,MORTGAGE,4.0,EDUCATION,A,6000,6.03,0.11,N,2,0
4900,23,125000,RENT,7.0,EDUCATION,A,10000,7.66,0.08,N,2,0
4901,29,50000,RENT,2.0,DEBTCONSOLIDATION,A,3200,9.63,0.06,N,5,0
4902,23,96000,RENT,8.0,EDUCATION,B,7300,8.88,0.08,N,3,0
4903,24,90000,RENT,1.0,HOMEIMPROVEMENT,A,15000,5.42,0.17,N,2,0
4904,27,78000,RENT,2.0,VENTURE,B,10000,9.63,0.13,N,9,0
4905,29,58000,RENT,1.0,HOMEIMPROVEMENT,B,9800,12.69,0.17,N,5,1
4906,26,60000,MORTGAGE,10.0,MEDICAL,A,4200,7.29,0.07,N,3,0
4907,43,68000,MORTGAGE,2.0,MEDICAL,B,10000,10.37,0.15,N,17,0
4908,27,36000,RENT,5.0,MEDICAL,B,7000,10.65,0.19,N,8,0
4909,28,77004,MORTGAGE,1.0,HOMEIMPROVEMENT,B,15000,10.65,0.19,N,10,0
4910,24,55000,RENT,8.0,EDUCATION,B,6000,10.37,0.11,N,4,0
4911,39,30000,RENT,0.0,EDUCATION,A,5000,8.59,0.17,N,12,0
4912,50,30000,RENT,1.0,VENTURE,B,5000,10.0,0.17,N,15,0
4913,39,60000,MORTGAGE,7.0,DEBTCONSOLIDATION,A,4500,7.49,0.07,N,16,0
4914,23,45600,RENT,8.0,VENTURE,B,12000,11.12,0.26,N,3,0
4915,28,55000,RENT,9.0,PERSONAL,C,6000,12.99,0.11,Y,10,0
4916,31,95000,MORTGAGE,5.0,VENTURE,A,15000,8.49,0.16,N,9,0
4917,23,38000,RENT,2.0,VENTURE,A,8000,7.49,0.21,N,3,0
4918,22,50000,OWN,6.0,VENTURE,B,12000,11.71,0.24,N,4,0
4919,46,60000,MORTGAGE,3.0,EDUCATION,B,6000,11.71,0.1,N,13,0
4920,26,48000,MORTGAGE,10.0,VENTURE,C,5000,13.61,0.1,N,4,0
4921,27,50000,RENT,1.0,EDUCATION,B,18225,12.18,0.36,N,5,1
4922,23,125004,MORTGAGE,3.0,PERSONAL,A,2000,7.88,0.02,N,4,0
4923,21,35000,MORTGAGE,5.0,VENTURE,A,12000,7.9,0.34,N,2,0
4924,28,140000,RENT,4.0,PERSONAL,D,8000,16.02,0.06,Y,10,0
4925,22,58000,RENT,6.0,EDUCATION,B,3000,9.63,0.05,N,3,0
4926,24,60000,RENT,4.0,PERSONAL,A,5000,6.54,0.08,N,3,0
4927,25,55200,MORTGAGE,7.0,VENTURE,B,3500,10.08,0.06,N,2,0
4928,26,33000,OWN,3.0,VENTURE,B,8000,11.71,0.24,N,2,0
4929,35,30000,OWN,1.0,VENTURE,B,5000,12.53,0.17,N,10,0
4930,27,37000,RENT,0.0,PERSONAL,F,15000,17.26,0.41,N,7,1
4931,23,54000,RENT,3.0,DEBTCONSOLIDATION,A,4000,5.42,0.07,N,2,0
4932,28,150000,MORTGAGE,12.0,MEDICAL,B,25000,11.49,0.17,N,8,0
4933,27,110000,MORTGAGE,0.0,VENTURE,B,12000,12.53,0.11,N,10,0
4934,25,56000,RENT,4.0,MEDICAL,B,13200,10.99,0.24,N,2,0
4935,29,35000,RENT,3.0,MEDICAL,B,6000,11.71,0.17,N,5,0
4936,24,72000,RENT,8.0,HOMEIMPROVEMENT,B,8000,10.74,0.11,N,4,0
4937,30,33996,RENT,0.0,PERSONAL,D,3000,14.59,0.09,Y,10,1
4938,28,62364,RENT,8.0,MEDICAL,B,20000,10.99,0.32,N,7,1
4939,22,49000,MORTGAGE,7.0,DEBTCONSOLIDATION,E,14000,16.32,0.29,Y,3,1
4940,23,65000,MORTGAGE,7.0,EDUCATION,B,15000,10.99,0.22,N,4,0
4941,34,50000,RENT,9.0,DEBTCONSOLIDATION,B,6000,10.59,0.12,N,8,0
4942,23,50000,RENT,5.0,VENTURE,B,10000,11.49,0.2,N,3,0
4943,21,30000,RENT,1.0,EDUCATION,B,3000,10.99,0.1,N,3,0
4944,22,60000,MORTGAGE,5.0,EDUCATION,B,4000,9.62,0.07,N,3,0
4945,23,85000,MORTGAGE,4.0,EDUCATION,B,7500,10.99,0.09,N,4,0
4946,36,95000,RENT,2.0,DEBTCONSOLIDATION,A,5000,7.14,0.05,N,15,0
4947,32,95000,MORTGAGE,2.0,PERSONAL,B,5000,9.63,0.05,N,8,0
4948,30,65000,MORTGAGE,3.0,VENTURE,A,12000,8.49,0.18,N,8,0
4949,25,57000,RENT,0.0,PERSONAL,C,3200,12.68,0.06,N,2,0
4950,22,28000,OWN,1.0,PERSONAL,B,8000,9.99,0.28,N,4,0
4951,24,33000,RENT,0.0,MEDICAL,A,3000,6.17,0.09,N,2,0
4952,35,110000,MORTGAGE,9.0,VENTURE,B,8000,10.74,0.07,N,6,0
4953,39,54000,MORTGAGE,13.0,MEDICAL,B,6000,10.99,0.11,N,11,0
4954,24,120000,RENT,8.0,PERSONAL,E,20000,17.56,0.17,Y,2,0
4955,23,60000,RENT,3.0,MEDICAL,C,10000,13.49,0.17,Y,3,0
4956,33,46680,RENT,2.0,EDUCATION,A,10000,8.59,0.21,N,8,0
4957,29,70000,MORTGAGE,3.0,VENTURE,A,10000,7.29,0.14,N,5,0
4958,29,60000,RENT,4.0,VENTURE,B,12000,12.42,0.2,N,6,0
4959,28,60000,MORTGAGE,12.0,EDUCATION,C,5000,13.49,0.08,Y,8,0
4960,25,60000,OWN,4.0,EDUCATION,A,5000,7.51,0.08,N,4,0
4961,36,65000,RENT,3.0,EDUCATION,A,7000,8.0,0.11,N,14,0
4962,84,108928,MORTGAGE,3.0,DEBTCONSOLIDATION,A,6000,7.51,0.06,N,25,0
4963,39,70000,RENT,14.0,PERSONAL,C,25000,12.73,0.36,Y,12,1
4964,27,60000,MORTGAGE,1.0,PERSONAL,A,6000,7.49,0.1,N,5,0
4965,25,42000,RENT,2.0,VENTURE,D,4000,14.59,0.1,Y,2,1
4966,27,44000,MORTGAGE,0.0,MEDICAL,A,3200,8.9,0.07,N,9,0
4967,28,53000,RENT,0.0,HOMEIMPROVEMENT,D,12000,15.05,0.23,N,6,1
4968,24,120000,RENT,2.0,DEBTCONSOLIDATION,C,6000,12.99,0.05,Y,3,0
4969,22,33000,MORTGAGE,6.0,EDUCATION,A,6000,6.54,0.18,N,2,0
4970,26,90000,RENT,0.0,DEBTCONSOLIDATION,B,12000,10.74,0.13,N,2,0
4971,26,57996,RENT,4.0,DEBTCONSOLIDATION,C,7400,13.61,0.13,Y,4,0
4972,30,44000,RENT,12.0,MEDICAL,E,16000,17.93,0.36,Y,5,1
4973,25,58000,MORTGAGE,3.0,PERSONAL,B,19000,11.48,0.32,N,3,0
4974,33,35000,RENT,3.0,DEBTCONSOLIDATION,B,7500,11.71,0.21,N,7,0
4975,27,58000,MORTGAGE,1.0,DEBTCONSOLIDATION,A,20000,6.54,0.34,N,6,0
4976,27,90000,RENT,4.0,DEBTCONSOLIDATION,A,10000,5.42,0.11,N,8,0
4977,30,90000,MORTGAGE,3.0,PERSONAL,C,2850,14.27,0.03,N,8,0
4978,23,50000,RENT,1.0,EDUCATION,C,12000,13.49,0.24,N,4,0
4979,26,58000,MORTGAGE,5.0,MEDICAL,A,6000,6.92,0.1,N,4,0
4980,23,59000,MORTGAGE,7.0,DEBTCONSOLIDATION,A,12000,7.9,0.2,N,2,1
4981,25,13000,RENT,0.0,DEBTCONSOLIDATION,B,5175,12.53,0.38,N,2,1
4982,22,42000,RENT,4.0,EDUCATION,A,6000,6.99,0.14,N,4,0
4983,24,150000,MORTGAGE,8.0,EDUCATION,A,7500,7.49,0.05,N,4,0
4984,26,75000,MORTGAGE,10.0,VENTURE,A,7500,7.51,0.1,N,2,0
4985,26,32000,RENT,5.0,PERSONAL,B,7200,12.42,0.23,N,4,0
4986,25,75000,MORTGAGE,5.0,EDUCATION,A,10000,8.59,0.13,N,4,0
4987,26,50725,RENT,1.0,VENTURE,C,5400,13.16,0.11,Y,2,0
4988,25,65000,MORTGAGE,9.0,PERSONAL,A,2500,6.39,0.04,N,2,0
4989,25,200000,MORTGAGE,9.0,DEBTCONSOLIDATION,A,6000,7.49,0.03,N,3,0
4990,30,37820,MORTGAGE,0.0,DEBTCONSOLIDATION,A,6300,5.79,0.16,N,9,0
4991,30,130000,MORTGAGE,14.0,VENTURE,B,7500,11.26,0.06,N,8,0
4992,35,20000,MORTGAGE,1.0,MEDICAL,B,5000,8.7,0.25,N,10,0
4993,23,50000,RENT,3.0,EDUCATION,C,20000,13.99,0.4,Y,3,1
4994,30,43000,RENT,1.0,MEDICAL,B,3000,10.99,0.07,N,7,0
4995,30,105000,MORTGAGE,2.0,HOMEIMPROVEMENT,A,7000,7.51,0.07,N,7,0
4996,22,34000,RENT,2.0,DEBTCONSOLIDATION,F,3000,21.74,0.09,Y,4,1
4997,35,120000,RENT,5.0,VENTURE,D,5000,14.91,0.04,Y,7,0
4998,24,38000,MORTGAGE,3.0,VENTURE,B,15000,10.99,0.39,N,3,0
4999,37,23748,MORTGAGE,15.0,MEDICAL,C,5500,11.03,0.24,N,12,0
5000,25,84000,RENT,2.0,VENTURE,B,20000,12.21,0.24,N,3,0
5001,39,54000,MORTGAGE,0.0,MEDICAL,C,14500,13.57,0.27,Y,13,0
5002,27,60000,RENT,3.0,DEBTCONSOLIDATION,B,12000,12.42,0.2,N,10,0
5003,26,68000,RENT,6.0,HOMEIMPROVEMENT,C,10000,12.87,0.15,Y,3,0
5004,25,75000,MORTGAGE,5.0,MEDICAL,A,5000,6.92,0.07,N,4,0
5005,27,33600,RENT,11.0,EDUCATION,A,12000,7.29,0.36,N,9,1
5006,24,56000,MORTGAGE,8.0,MEDICAL,C,16500,13.85,0.29,N,4,0
5007,29,56000,MORTGAGE,8.0,DEBTCONSOLIDATION,D,13000,16.29,0.23,Y,9,1
5008,33,70000,RENT,2.0,EDUCATION,C,2000,12.53,0.03,N,9,0
5009,40,170004,RENT,18.0,EDUCATION,C,7500,12.68,0.04,N,17,0
5010,26,24000,RENT,0.0,MEDICAL,B,4800,11.71,0.2,N,3,0
5011,29,75000,RENT,2.0,MEDICAL,B,8000,10.95,0.11,N,7,0
5012,22,38000,RENT,0.0,PERSONAL,B,10000,10.99,0.26,N,2,0
5013,25,26400,RENT,2.0,HOMEIMPROVEMENT,B,10000,10.99,0.38,N,2,1
5014,25,96000,MORTGAGE,1.0,DEBTCONSOLIDATION,B,4000,10.99,0.04,N,3,0
5015,24,110000,MORTGAGE,8.0,VENTURE,B,5000,11.49,0.05,N,2,0
5016,24,70000,RENT,0.0,EDUCATION,A,6000,7.9,0.09,N,4,0
5017,24,60000,RENT,3.0,EDUCATION,B,4000,11.71,0.07,N,4,0
5018,25,55000,RENT,3.0,MEDICAL,B,7500,10.59,0.14,N,2,0
5019,22,65000,OWN,0.0,VENTURE,B,8000,11.71,0.12,N,3,0
5020,26,42000,RENT,8.0,MEDICAL,C,5000,14.22,0.12,N,2,0
5021,27,40000,RENT,4.0,PERSONAL,C,12000,13.48,0.3,N,5,0
5022,28,42000,RENT,0.0,MEDICAL,B,4200,9.99,0.1,N,10,0
5023,24,52000,MORTGAGE,1.0,PERSONAL,C,8000,13.22,0.15,N,4,0
5024,26,118189,MORTGAGE,5.0,VENTURE,B,25000,11.49,0.21,N,4,0
5025,26,35000,RENT,1.0,PERSONAL,B,8000,11.71,0.23,N,4,0
5026,23,62900,MORTGAGE,3.0,MEDICAL,D,15000,15.99,0.21,Y,3,1
5027,22,110000,RENT,3.0,MEDICAL,B,9200,11.86,0.08,N,3,0
5028,30,66000,RENT,10.0,VENTURE,B,15000,11.99,0.23,N,10,0
5029,27,69000,MORTGAGE,11.0,EDUCATION,B,4000,11.49,0.06,N,9,1
5030,26,65000,RENT,1.0,HOMEIMPROVEMENT,A,12000,7.14,0.18,N,4,0
5031,23,54000,MORTGAGE,7.0,MEDICAL,B,1200,10.37,0.02,N,4,0
5032,23,72000,MORTGAGE,7.0,VENTURE,C,15250,11.34,0.22,Y,3,0
5033,26,32000,RENT,0.0,HOMEIMPROVEMENT,D,7000,14.96,0.22,Y,4,1
5034,31,24000,MORTGAGE,3.0,VENTURE,A,6000,7.9,0.25,N,7,0
5035,28,65000,MORTGAGE,3.0,PERSONAL,A,10000,7.49,0.15,N,9,0
5036,32,70000,RENT,2.0,MEDICAL,C,12000,12.68,0.17,N,6,0
5037,36,80000,MORTGAGE,20.0,VENTURE,A,3900,7.51,0.05,N,14,0
5038,25,61150,MORTGAGE,0.0,HOMEIMPROVEMENT,B,5100,11.49,0.08,N,3,0
5039,34,38400,RENT,0.0,MEDICAL,B,13000,10.99,0.34,N,8,1
5040,23,30000,RENT,2.0,EDUCATION,B,5000,10.83,0.17,N,4,0
5041,22,35000,RENT,6.0,EDUCATION,A,7500,8.0,0.21,N,2,0
5042,29,120000,RENT,4.0,HOMEIMPROVEMENT,D,35000,15.62,0.28,N,10,0
5043,22,48000,RENT,7.0,EDUCATION,C,4000,13.98,0.08,Y,2,0
5044,25,58000,RENT,4.0,MEDICAL,A,3000,7.49,0.05,N,3,0
5045,22,42000,RENT,6.0,EDUCATION,A,7000,7.49,0.17,N,2,0
5046,21,12000,OWN,0.0,MEDICAL,C,5000,13.06,0.41,Y,4,0
5047,23,45000,MORTGAGE,0.0,DEBTCONSOLIDATION,A,5000,6.62,0.11,N,2,0
5048,26,31200,RENT,1.0,DEBTCONSOLIDATION,B,8000,10.59,0.26,N,2,0
5049,22,44000,RENT,0.0,EDUCATION,A,8500,5.79,0.19,N,4,1
5050,23,39600,RENT,4.0,EDUCATION,D,6000,17.49,0.15,N,2,1
5051,29,40000,RENT,5.0,MEDICAL,B,4000,12.42,0.1,N,6,0
5052,28,70000,RENT,0.0,DEBTCONSOLIDATION,C,4000,13.11,0.06,Y,6,0
5053,25,96000,RENT,9.0,VENTURE,F,20000,18.78,0.19,Y,2,0
5054,24,69743,MORTGAGE,4.0,MEDICAL,D,1200,14.96,0.01,Y,3,1
5055,29,62000,MORTGAGE,3.0,DEBTCONSOLIDATION,A,10000,6.03,0.16,N,9,0
5056,26,150000,MORTGAGE,10.0,MEDICAL,B,6000,10.99,0.04,N,3,0
5057,24,55000,RENT,0.0,EDUCATION,B,8000,12.53,0.15,N,4,1
5058,28,55000,MORTGAGE,4.0,HOMEIMPROVEMENT,B,8000,11.71,0.15,N,10,0
5059,30,130000,RENT,13.0,HOMEIMPROVEMENT,B,2500,10.59,0.02,N,5,0
5060,33,30000,OWN,2.0,MEDICAL,B,7000,11.99,0.23,N,8,0
5061,30,95000,RENT,0.0,PERSONAL,A,17000,7.9,0.19,N,10,0
5062,27,60000,RENT,1.0,MEDICAL,B,6000,10.75,0.1,N,8,0
5063,30,98000,MORTGAGE,14.0,PERSONAL,A,8000,6.62,0.08,N,9,0
5064,35,70000,RENT,6.0,VENTURE,B,8000,12.42,0.11,N,7,0
5065,23,96000,OWN,0.0,VENTURE,A,5000,9.63,0.05,N,3,0
5066,22,60000,MORTGAGE,6.0,EDUCATION,C,10000,13.23,0.17,N,2,0
5067,24,77248,MORTGAGE,8.0,HOMEIMPROVEMENT,B,11200,10.36,0.15,N,2,0
5068,37,50000,OWN,6.0,VENTURE,B,10000,9.91,0.2,N,12,0
5069,23,48609,RENT,2.0,PERSONAL,A,12000,7.49,0.25,N,3,0
5070,29,60000,MORTGAGE,13.0,DEBTCONSOLIDATION,A,14000,7.88,0.23,N,9,0
5071,27,20000,RENT,1.0,EDUCATION,C,5000,13.8,0.25,Y,6,0
5072,33,71000,MORTGAGE,4.0,HOMEIMPROVEMENT,B,5300,11.49,0.07,N,7,0
5073,24,70000,RENT,2.0,DEBTCONSOLIDATION,A,14000,8.59,0.2,N,2,0
5074,33,135000,MORTGAGE,1.0,VENTURE,B,10000,11.26,0.07,N,5,0
5075,36,65000,RENT,2.0,EDUCATION,C,10000,14.27,0.15,Y,17,0
5076,22,38004,OWN,6.0,EDUCATION,B,5000,11.11,0.13,N,4,0
5077,27,31200,RENT,3.0,VENTURE,C,10000,13.57,0.32,N,8,1
5078,26,115000,MORTGAGE,5.0,EDUCATION,A,10000,7.14,0.09,N,3,0
5079,26,33600,MORTGAGE,2.0,VENTURE,C,8000,14.27,0.24,Y,2,0
5080,22,150000,MORTGAGE,6.0,VENTURE,A,11000,6.62,0.07,N,3,0
5081,25,30000,RENT,4.0,EDUCATION,A,3900,6.92,0.13,N,2,0
5082,24,45000,MORTGAGE,6.0,DEBTCONSOLIDATION,A,8000,6.62,0.18,N,2,0
5083,27,57000,RENT,1.0,DEBTCONSOLIDATION,A,10800,6.91,0.19,N,5,0
5084,30,40000,RENT,4.0,DEBTCONSOLIDATION,C,7000,13.61,0.17,N,9,0
5085,54,52780,OTHER,23.0,PERSONAL,A,5000,5.79,0.09,N,25,0
5086,30,80000,MORTGAGE,4.0,EDUCATION,A,5000,6.62,0.06,N,10,0
5087,22,69000,MORTGAGE,1.0,HOMEIMPROVEMENT,D,8400,15.99,0.12,N,3,1
5088,25,78504,RENT,5.0,HOMEIMPROVEMENT,B,15000,9.63,0.19,N,2,0
5089,43,50000,MORTGAGE,0.0,PERSONAL,A,12000,7.51,0.24,N,17,0
5090,34,60000,RENT,5.0,DEBTCONSOLIDATION,A,10000,7.51,0.17,N,5,0
5091,22,54996,RENT,6.0,EDUCATION,B,10000,10.99,0.18,N,4,0
5092,21,45808,RENT,5.0,PERSONAL,D,13000,14.54,0.28,Y,2,0
5093,22,42000,RENT,6.0,EDUCATION,A,1000,7.51,0.02,N,3,0
5094,23,60000,MORTGAGE,8.0,EDUCATION,A,1800,8.32,0.03,N,4,0
5095,28,60000,MORTGAGE,12.0,PERSONAL,A,10000,7.9,0.17,N,6,0
5096,24,30000,RENT,2.0,EDUCATION,B,3000,11.14,0.1,N,3,0
5097,27,85000,MORTGAGE,3.0,PERSONAL,A,10000,6.54,0.12,N,5,0
5098,36,150000,MORTGAGE,16.0,HOMEIMPROVEMENT,B,20000,11.48,0.13,N,14,0
5099,25,75000,RENT,0.0,PERSONAL,B,6000,11.49,0.08,N,4,0
5100,25,62500,MORTGAGE,8.0,DEBTCONSOLIDATION,B,12000,11.49,0.19,N,3,0
5101,25,78000,RENT,1.0,PERSONAL,A,14500,6.17,0.18,N,3,0
5102,24,37000,RENT,1.0,VENTURE,C,6000,12.53,0.16,Y,2,0
5103,50,30000,RENT,6.0,PERSONAL,C,8000,12.99,0.27,N,14,0
5104,28,85000,RENT,5.0,HOMEIMPROVEMENT,A,8000,8.49,0.09,N,5,0
5105,24,70000,MORTGAGE,3.0,EDUCATION,A,6000,7.14,0.09,N,2,0
5106,22,46500,RENT,6.0,EDUCATION,C,9600,15.23,0.2,Y,4,0
5107,52,80000,RENT,5.0,PERSONAL,A,8500,7.51,0.11,N,19,0
5108,23,45000,RENT,4.0,EDUCATION,B,15000,10.75,0.33,N,4,1
5109,24,52000,MORTGAGE,6.0,PERSONAL,C,12000,13.79,0.23,N,2,0
5110,26,27000,RENT,9.0,PERSONAL,A,3500,8.94,0.13,N,4,0
5111,23,80000,RENT,0.0,MEDICAL,B,15000,11.11,0.19,N,3,0
5112,24,85000,MORTGAGE,0.0,HOMEIMPROVEMENT,B,3000,12.53,0.04,N,3,0
5113,53,55000,RENT,2.0,EDUCATION,A,10000,8.9,0.18,N,20,0
5114,25,65000,MORTGAGE,9.0,EDUCATION,B,7000,12.42,0.11,N,4,0
5115,39,30000,MORTGAGE,14.0,MEDICAL,A,5000,8.49,0.17,N,11,0
5116,23,84000,RENT,2.0,VENTURE,A,4000,5.42,0.05,N,3,0
5117,25,60900,RENT,2.0,PERSONAL,A,10000,6.03,0.17,N,3,0
5118,27,40000,MORTGAGE,11.0,PERSONAL,A,6000,7.51,0.15,N,10,0
5119,23,45500,RENT,1.0,EDUCATION,C,9600,13.22,0.21,Y,4,0
5120,27,93000,RENT,11.0,MEDICAL,B,23000,10.62,0.25,N,5,0
5121,24,59600,MORTGAGE,8.0,PERSONAL,A,6000,5.99,0.1,N,4,0
5122,21,86000,MORTGAGE,5.0,DEBTCONSOLIDATION,B,16000,10.62,0.19,N,2,0
5123,25,137004,MORTGAGE,9.0,PERSONAL,A,5600,5.42,0.04,N,4,0
5124,26,36000,RENT,0.0,MEDICAL,B,4000,12.42,0.11,N,4,0
5125,26,36000,RENT,6.0,MEDICAL,C,2500,13.49,0.07,Y,2,0
5126,22,30000,RENT,0.0,EDUCATION,B,12000,11.48,0.4,N,3,1
5127,28,56000,RENT,11.0,DEBTCONSOLIDATION,D,19000,14.54,0.32,N,10,1
5128,23,38000,RENT,2.0,DEBTCONSOLIDATION,B,10000,10.08,0.26,N,3,0
5129,23,30000,RENT,1.0,MEDICAL,D,8000,12.92,0.27,Y,3,1
5130,23,72000,RENT,1.0,EDUCATION,A,20000,7.9,0.28,N,4,0
5131,31,30000,RENT,0.0,EDUCATION,C,5000,13.47,0.17,Y,8,0
5132,27,28500,RENT,1.0,DEBTCONSOLIDATION,B,7000,10.0,0.25,N,10,0
5133,24,52000,RENT,3.0,MEDICAL,B,4000,10.75,0.08,N,4,0
5134,30,75000,RENT,0.0,PERSONAL,B,10000,11.49,0.13,N,9,0
5135,23,42000,MORTGAGE,7.0,VENTURE,A,8400,7.29,0.2,N,2,0
5136,24,36000,RENT,2.0,PERSONAL,B,10000,9.91,0.28,N,4,0
5137,23,60000,RENT,2.0,PERSONAL,A,12000,5.42,0.2,N,2,0
5138,30,90000,RENT,5.0,VENTURE,D,24250,17.27,0.27,N,5,0
5139,25,108000,RENT,2.0,DEBTCONSOLIDATION,E,15000,16.32,0.14,Y,3,1
5140,21,42504,RENT,5.0,VENTURE,A,6300,6.99,0.15,N,3,0
5141,40,70000,MORTGAGE,2.0,EDUCATION,A,5000,7.88,0.07,N,16,0
5142,24,50000,MORTGAGE,0.0,HOMEIMPROVEMENT,A,12800,6.62,0.26,N,4,0
5143,28,70000,MORTGAGE,5.0,DEBTCONSOLIDATION,B,10000,10.36,0.14,N,8,0
5144,24,61100,RENT,4.0,DEBTCONSOLIDATION,D,25000,17.49,0.41,N,4,1
5145,22,48000,RENT,1.0,PERSONAL,C,15000,14.65,0.31,N,2,1
5146,22,45000,RENT,3.0,VENTURE,A,1000,5.42,0.02,N,2,0
5147,29,41000,RENT,1.0,DEBTCONSOLIDATION,B,10000,10.08,0.24,N,6,0
5148,23,36000,MORTGAGE,0.0,VENTURE,A,2600,7.49,0.07,N,3,0
5149,36,29760,OWN,20.0,VENTURE,A,8575,6.91,0.29,N,17,0
5150,30,60000,RENT,11.0,EDUCATION,C,6025,13.49,0.1,N,8,0
5151,24,71004,RENT,1.0,PERSONAL,C,15000,13.98,0.21,N,4,0
5152,23,32000,RENT,3.0,DEBTCONSOLIDATION,C,3200,12.99,0.1,N,4,0
5153,24,19200,RENT,2.0,EDUCATION,D,3500,15.65,0.18,N,2,1
5154,27,120000,MORTGAGE,2.0,HOMEIMPROVEMENT,B,12000,11.89,0.1,N,10,0
5155,23,36000,RENT,3.0,MEDICAL,B,10000,11.99,0.28,N,3,0
5156,22,43000,RENT,6.0,MEDICAL,C,7500,12.68,0.18,N,4,0
5157,37,90000,RENT,2.0,EDUCATION,D,25000,16.32,0.28,Y,15,1
5158,23,95000,MORTGAGE,0.0,VENTURE,C,12000,13.47,0.13,Y,4,0
5159,24,50000,RENT,8.0,DEBTCONSOLIDATION,B,6400,12.69,0.13,N,4,0
5160,27,35000,RENT,0.0,VENTURE,B,4000,9.99,0.11,N,8,0
5161,24,55596,RENT,6.0,DEBTCONSOLIDATION,B,10800,12.21,0.19,N,4,0
5162,23,68000,RENT,7.0,EDUCATION,B,11000,10.74,0.16,N,3,0
5163,22,50000,RENT,5.0,MEDICAL,B,3000,10.99,0.06,N,4,0
5164,32,45000,RENT,3.0,EDUCATION,B,14500,11.48,0.32,N,7,1
5165,24,80000,RENT,5.0,HOMEIMPROVEMENT,A,12000,5.42,0.15,N,4,0
5166,24,20000,MORTGAGE,9.0,MEDICAL,C,4000,15.96,0.2,Y,4,0
5167,26,65000,MORTGAGE,3.0,PERSONAL,A,10000,7.88,0.15,N,3,0
5168,45,75000,MORTGAGE,14.0,VENTURE,C,4000,13.49,0.05,N,11,0
5169,22,51000,OWN,6.0,VENTURE,C,16000,12.99,0.31,N,3,0
5170,22,43000,RENT,6.0,EDUCATION,B,10000,11.71,0.23,N,3,0
5171,23,95004,OWN,7.0,PERSONAL,B,10000,12.21,0.11,N,2,0
5172,29,62000,MORTGAGE,3.0,HOMEIMPROVEMENT,A,9600,7.66,0.15,N,7,0
5173,36,38500,RENT,2.0,VENTURE,C,3000,13.92,0.08,Y,15,0
5174,27,70000,RENT,3.0,MEDICAL,C,15000,13.49,0.21,Y,10,0
5175,24,105000,MORTGAGE,8.0,HOMEIMPROVEMENT,A,15000,7.88,0.14,N,4,0
5176,23,74500,RENT,1.0,DEBTCONSOLIDATION,D,7475,13.67,0.09,Y,3,1
5177,23,85000,MORTGAGE,5.0,VENTURE,D,10000,15.58,0.12,Y,3,0
5178,26,65488,RENT,5.0,VENTURE,C,10000,12.73,0.15,Y,4,0
5179,24,51312,OWN,0.0,VENTURE,C,18000,12.87,0.35,N,4,0
5180,31,65000,RENT,2.0,MEDICAL,B,13500,10.99,0.2,N,7,0
5181,24,54000,RENT,8.0,MEDICAL,E,20000,16.7,0.37,Y,4,1
5182,29,34995,RENT,5.0,EDUCATION,B,10000,9.63,0.29,N,9,0
5183,23,30000,RENT,7.0,DEBTCONSOLIDATION,C,7000,13.22,0.23,Y,4,0
5184,24,35000,RENT,0.0,MEDICAL,B,10000,9.88,0.29,N,2,0
5185,34,35000,RENT,0.0,MEDICAL,C,12000,13.35,0.33,N,5,1
5186,27,60000,RENT,5.0,DEBTCONSOLIDATION,B,5000,12.69,0.08,N,6,0
5187,24,28500,MORTGAGE,0.0,EDUCATION,A,4800,7.74,0.17,N,4,0
5188,27,110000,RENT,0.0,MEDICAL,B,15000,11.11,0.14,N,6,0
5189,25,82500,MORTGAGE,3.0,EDUCATION,C,28000,13.16,0.37,Y,3,0
5190,28,72000,MORTGAGE,5.0,PERSONAL,A,10000,6.17,0.14,N,5,0
5191,23,32400,RENT,3.0,MEDICAL,A,8400,6.62,0.26,N,3,0
5192,30,65000,MORTGAGE,2.0,EDUCATION,B,5000,10.99,0.08,N,7,0
5193,27,71004,MORTGAGE,11.0,EDUCATION,D,15000,14.11,0.21,Y,10,0
5194,22,40000,RENT,0.0,EDUCATION,C,1000,15.23,0.03,N,3,0
5195,37,88000,RENT,15.0,VENTURE,B,1000,11.14,0.01,N,11,0
5196,23,40000,MORTGAGE,7.0,PERSONAL,A,4000,7.49,0.1,N,4,0
5197,23,35000,RENT,8.0,EDUCATION,C,5000,12.68,0.14,N,4,0
5198,28,125000,MORTGAGE,10.0,DEBTCONSOLIDATION,A,12000,6.03,0.1,N,9,0
5199,31,45000,MORTGAGE,0.0,DEBTCONSOLIDATION,C,4000,13.72,0.09,N,7,0
5200,28,24000,MORTGAGE,2.0,MEDICAL,A,8500,6.54,0.35,N,7,0
5201,30,52800,MORTGAGE,3.0,EDUCATION,A,4000,6.76,0.08,N,5,0
5202,24,32000,RENT,3.0,HOMEIMPROVEMENT,C,8400,13.49,0.27,N,4,1
5203,35,37000,RENT,2.0,VENTURE,A,7000,7.9,0.19,N,7,0
5204,28,100000,OWN,0.0,EDUCATION,A,8000,8.59,0.08,N,10,0
5205,23,65000,MORTGAGE,4.0,PERSONAL,C,2000,13.16,0.03,Y,4,0
5206,28,50000,RENT,1.0,DEBTCONSOLIDATION,A,12000,9.63,0.24,N,10,0
5207,22,90000,RENT,4.0,PERSONAL,A,11000,7.49,0.12,N,2,0
5208,24,90000,MORTGAGE,8.0,EDUCATION,A,6000,6.17,0.07,N,3,0
5209,28,85000,RENT,4.0,PERSONAL,A,7000,5.42,0.08,N,9,0
5210,23,45000,RENT,1.0,VENTURE,B,10000,9.91,0.22,N,4,0
5211,22,69500,RENT,6.0,EDUCATION,B,6000,10.65,0.09,N,4,0
5212,43,40000,RENT,6.0,PERSONAL,A,7200,5.79,0.18,N,17,0
5213,27,37000,RENT,5.0,VENTURE,D,3000,15.62,0.08,N,7,0
5214,41,105000,MORTGAGE,2.0,MEDICAL,C,13500,10.91,0.13,Y,11,0
5215,24,40000,MORTGAGE,2.0,DEBTCONSOLIDATION,A,6000,7.14,0.15,N,3,0
5216,23,58650,RENT,7.0,MEDICAL,D,7000,15.37,0.1,Y,4,1
5217,28,48800,MORTGAGE,12.0,HOMEIMPROVEMENT,B,15000,10.99,0.31,N,9,0
5218,24,95004,RENT,6.0,PERSONAL,A,12000,9.63,0.13,N,3,0
5219,27,46800,RENT,8.0,PERSONAL,B,12800,10.38,0.27,N,7,1
5220,22,31000,RENT,5.0,DEBTCONSOLIDATION,B,6000,9.91,0.19,N,2,0
5221,28,165000,RENT,3.0,PERSONAL,B,35000,10.59,0.21,N,5,0
5222,23,85000,RENT,5.0,VENTURE,A,3200,6.99,0.04,N,3,0
5223,30,100580,MORTGAGE,4.0,DEBTCONSOLIDATION,D,25000,15.33,0.25,N,9,1
5224,27,44000,RENT,4.0,VENTURE,D,10000,15.65,0.23,Y,5,1
5225,28,55000,RENT,2.0,VENTURE,B,6000,10.99,0.11,N,10,0
5226,22,38000,RENT,7.0,PERSONAL,B,12000,10.36,0.32,N,2,1
5227,23,75000,RENT,4.0,DEBTCONSOLIDATION,C,12150,12.61,0.16,N,3,0
5228,24,69600,MORTGAGE,8.0,EDUCATION,B,15000,11.99,0.22,N,4,0
5229,27,135000,RENT,3.0,HOMEIMPROVEMENT,A,10000,7.51,0.07,N,6,0
5230,24,70000,MORTGAGE,8.0,MEDICAL,A,9000,7.49,0.13,N,2,0
5231,28,85000,MORTGAGE,3.0,VENTURE,A,12800,6.92,0.16,N,10,0
5232,23,44160,RENT,7.0,DEBTCONSOLIDATION,D,10000,13.24,0.23,N,3,1
5233,24,120000,MORTGAGE,2.0,VENTURE,C,10000,14.79,0.08,N,3,0
5234,35,72500,MORTGAGE,0.0,MEDICAL,B,4000,10.25,0.06,N,6,0
5235,28,70000,RENT,1.0,MEDICAL,A,10000,9.63,0.14,N,9,0
5236,27,49140,MORTGAGE,11.0,EDUCATION,C,4000,14.22,0.08,Y,5,0
5237,22,40000,RENT,4.0,EDUCATION,B,12000,12.69,0.3,N,4,0
5238,23,50000,RENT,0.0,DEBTCONSOLIDATION,C,5000,13.79,0.1,N,2,0
5239,24,41000,RENT,7.0,DEBTCONSOLIDATION,D,8000,14.54,0.2,Y,3,1
5240,24,60000,RENT,1.0,EDUCATION,B,6000,9.25,0.1,N,3,0
5241,41,40000,RENT,2.0,MEDICAL,B,6000,10.37,0.15,N,14,0
5242,23,38400,MORTGAGE,6.0,DEBTCONSOLIDATION,A,10000,7.29,0.26,N,4,0
5243,22,25000,RENT,6.0,MEDICAL,B,6000,9.67,0.24,N,3,0
5244,23,95000,OWN,7.0,PERSONAL,B,12000,9.91,0.13,N,2,0
5245,37,36000,RENT,3.0,MEDICAL,A,10000,7.88,0.28,N,11,0
5246,22,37000,RENT,6.0,EDUCATION,B,10000,11.71,0.27,N,3,0
5247,35,24000,RENT,2.0,PERSONAL,B,5600,10.37,0.23,N,9,0
5248,37,74600,RENT,2.0,DEBTCONSOLIDATION,C,3000,13.61,0.04,N,12,0
5249,29,52273,OWN,13.0,EDUCATION,B,5000,11.26,0.1,N,5,0
5250,27,60000,RENT,0.0,EDUCATION,C,12000,13.11,0.2,N,9,0
5251,25,68000,RENT,1.0,EDUCATION,C,8000,14.26,0.12,N,4,0
5252,27,70000,MORTGAGE,11.0,MEDICAL,B,7000,11.12,0.1,N,5,0
5253,25,95000,RENT,1.0,DEBTCONSOLIDATION,A,20000,6.92,0.21,N,3,0
5254,24,60000,MORTGAGE,0.0,MEDICAL,B,5000,11.83,0.08,N,4,0
5255,28,123000,MORTGAGE,8.0,DEBTCONSOLIDATION,A,15000,6.03,0.13,N,10,0
5256,23,70000,RENT,4.0,PERSONAL,A,5000,7.49,0.07,N,3,0
5257,23,30000,RENT,0.0,EDUCATION,C,12000,13.47,0.4,N,3,1
5258,25,40000,RENT,0.0,DEBTCONSOLIDATION,A,4000,7.14,0.1,N,3,0
5259,22,48000,MORTGAGE,0.0,DEBTCONSOLIDATION,A,12800,9.32,0.28,N,3,0
5260,39,48000,MORTGAGE,14.0,PERSONAL,A,15000,7.9,0.31,N,12,0
5261,35,28000,RENT,2.0,HOMEIMPROVEMENT,D,3250,16.77,0.12,N,6,1
5262,24,41000,RENT,0.0,MEDICAL,B,4200,10.37,0.1,N,2,0
5263,25,45000,MORTGAGE,4.0,PERSONAL,A,10000,6.62,0.22,N,2,0
5264,24,68000,OWN,0.0,MEDICAL,B,10000,10.74,0.15,N,2,0
5265,24,51996,RENT,8.0,PERSONAL,D,5000,12.17,0.1,N,4,0
5266,36,60000,MORTGAGE,7.0,MEDICAL,A,8000,6.99,0.13,N,13,0
5267,33,40000,MORTGAGE,5.0,DEBTCONSOLIDATION,A,15000,6.54,0.38,N,6,0
5268,32,36000,RENT,0.0,HOMEIMPROVEMENT,B,6000,11.14,0.17,N,9,1
5269,40,60000,RENT,5.0,EDUCATION,A,5000,7.9,0.08,N,13,0
5270,22,130000,MORTGAGE,0.0,EDUCATION,B,15000,11.89,0.12,N,2,0
5271,33,62000,MORTGAGE,15.0,VENTURE,A,6000,6.17,0.1,N,9,0
5272,23,53000,MORTGAGE,4.0,PERSONAL,A,6000,7.49,0.11,N,3,0
5273,34,48000,MORTGAGE,1.0,PERSONAL,A,5000,6.03,0.1,N,7,0
5274,44,110000,MORTGAGE,14.0,MEDICAL,C,15000,13.85,0.14,N,15,0
5275,22,26000,RENT,4.0,VENTURE,B,8500,8.88,0.34,N,4,1
5276,22,70000,MORTGAGE,6.0,PERSONAL,B,1000,11.36,0.01,N,3,0
5277,27,69996,RENT,0.0,DEBTCONSOLIDATION,B,2400,10.59,0.03,N,5,0
5278,22,60000,RENT,0.0,MEDICAL,C,12000,13.61,0.2,Y,2,0
5279,41,31500,RENT,3.0,PERSONAL,B,6000,11.11,0.19,N,17,0
5280,27,48000,MORTGAGE,4.0,VENTURE,A,6000,7.49,0.13,N,7,0
5281,31,125004,RENT,15.0,DEBTCONSOLIDATION,C,8400,13.57,0.07,Y,7,0
5282,30,94500,MORTGAGE,4.0,EDUCATION,C,20000,14.26,0.21,Y,7,0
5283,26,66000,MORTGAGE,3.0,PERSONAL,A,18000,8.49,0.27,N,3,0
5284,22,95000,MORTGAGE,1.0,EDUCATION,B,5500,11.49,0.06,N,3,0
5285,25,36000,RENT,0.0,MEDICAL,C,8000,13.22,0.22,N,3,0
5286,27,78000,MORTGAGE,4.0,DEBTCONSOLIDATION,D,12000,15.99,0.15,N,8,1
5287,29,80000,MORTGAGE,13.0,HOMEIMPROVEMENT,A,8000,8.0,0.1,N,10,0
5288,24,47000,RENT,8.0,VENTURE,B,7500,11.71,0.16,N,4,0
5289,27,87360,MORTGAGE,2.0,EDUCATION,C,7500,12.99,0.09,Y,6,0
5290,23,66500,RENT,3.0,VENTURE,D,7800,14.91,0.12,N,3,0
5291,25,70000,MORTGAGE,3.0,DEBTCONSOLIDATION,A,25000,8.9,0.36,N,2,0
5292,24,40000,RENT,0.0,EDUCATION,C,4000,13.11,0.1,N,4,0
5293,30,52000,RENT,0.0,DEBTCONSOLIDATION,B,15000,9.91,0.29,N,8,0
5294,31,60000,RENT,5.0,PERSONAL,B,15000,11.83,0.24,N,5,0
5295,22,38004,RENT,7.0,EDUCATION,B,13500,11.49,0.36,N,3,1
5296,23,66000,MORTGAGE,7.0,PERSONAL,A,10750,9.63,0.17,N,3,0
5297,22,60000,MORTGAGE,3.0,DEBTCONSOLIDATION,B,5500,10.38,0.09,N,4,0
5298,28,110000,MORTGAGE,0.0,EDUCATION,B,12000,11.26,0.11,N,6,0
5299,23,15600,RENT,0.0,EDUCATION,C,2000,14.27,0.13,N,4,0
5300,22,60000,MORTGAGE,6.0,MEDICAL,B,15000,11.99,0.25,N,3,0
5301,36,32000,RENT,6.0,HOMEIMPROVEMENT,B,10750,11.36,0.34,N,15,1
5302,28,96000,MORTGAGE,4.0,VENTURE,A,17000,7.88,0.18,N,9,0
5303,22,70000,RENT,2.0,VENTURE,B,10000,10.65,0.14,N,2,0
5304,42,25200,RENT,0.0,DEBTCONSOLIDATION,C,4400,12.23,0.18,N,15,1
5305,25,28800,RENT,1.0,PERSONAL,A,5000,7.9,0.17,N,4,0
5306,27,30000,RENT,0.0,EDUCATION,B,5000,11.48,0.17,N,5,0
5307,30,136000,RENT,3.0,DEBTCONSOLIDATION,C,4800,14.72,0.04,Y,10,0
5308,29,65000,MORTGAGE,0.0,VENTURE,D,4000,14.96,0.06,N,6,0
5309,34,73572,RENT,6.0,DEBTCONSOLIDATION,B,10000,10.37,0.14,N,10,0
5310,25,35000,RENT,5.0,MEDICAL,A,4000,5.42,0.11,N,3,0
5311,23,75000,MORTGAGE,1.0,EDUCATION,B,20000,10.99,0.27,N,3,0
5312,27,35000,RENT,0.0,MEDICAL,C,5000,11.54,0.14,N,10,0
5313,29,97000,MORTGAGE,9.0,VENTURE,B,25000,11.12,0.26,N,7,0
5314,33,75000,MORTGAGE,6.0,EDUCATION,B,12000,12.69,0.16,N,8,0
5315,40,34800,RENT,6.0,MEDICAL,B,2000,9.99,0.06,N,16,0
5316,24,38000,RENT,5.0,VENTURE,C,11000,15.27,0.29,Y,2,1
5317,37,85000,MORTGAGE,19.0,HOMEIMPROVEMENT,A,10000,6.91,0.12,N,11,0
5318,33,120000,MORTGAGE,17.0,MEDICAL,B,15000,10.75,0.13,N,9,0
5319,59,70000,RENT,6.0,PERSONAL,B,4000,11.49,0.06,N,29,0
5320,28,60000,MORTGAGE,12.0,MEDICAL,B,10000,11.99,0.17,N,10,0
5321,27,55250,RENT,1.0,DEBTCONSOLIDATION,D,7400,16.89,0.11,Y,6,1
5322,24,29000,RENT,3.0,EDUCATION,B,7750,11.48,0.27,N,2,1
5323,51,36000,MORTGAGE,3.0,PERSONAL,B,3000,10.37,0.08,N,23,0
5324,23,58000,OWN,3.0,MEDICAL,B,20000,10.25,0.34,N,4,0
5325,33,50000,MORTGAGE,4.0,DEBTCONSOLIDATION,E,9000,18.39,0.18,N,6,1
5326,24,90000,RENT,5.0,DEBTCONSOLIDATION,C,12000,13.49,0.13,N,4,0
5327,24,78000,MORTGAGE,8.0,VENTURE,D,20000,14.59,0.26,Y,3,1
5328,21,50700,RENT,5.0,PERSONAL,B,6300,10.99,0.12,N,4,0
5329,24,39000,RENT,0.0,HOMEIMPROVEMENT,E,16750,16.7,0.43,N,2,1
5330,27,42000,RENT,4.0,VENTURE,A,2000,7.49,0.05,N,9,0
5331,31,50000,RENT,0.0,HOMEIMPROVEMENT,B,8000,10.0,0.16,N,5,0
5332,33,54000,RENT,4.0,DEBTCONSOLIDATION,A,5500,6.03,0.1,N,6,1
5333,29,225000,MORTGAGE,13.0,VENTURE,B,25000,10.74,0.11,N,10,0
5334,37,36000,OWN,5.0,VENTURE,B,1000,10.37,0.03,N,11,0
5335,36,84996,RENT,2.0,MEDICAL,A,12000,7.29,0.14,N,11,0
5336,25,50000,MORTGAGE,0.0,HOMEIMPROVEMENT,B,6000,10.99,0.12,N,3,0
5337,30,60000,MORTGAGE,5.0,VENTURE,B,20000,10.25,0.33,N,10,0
5338,36,88000,RENT,10.0,MEDICAL,B,10000,12.69,0.11,N,16,0
5339,25,86000,MORTGAGE,9.0,DEBTCONSOLIDATION,B,20000,10.62,0.23,N,3,1
5340,25,30000,RENT,9.0,VENTURE,C,10000,13.85,0.33,Y,4,1
5341,44,100000,MORTGAGE,1.0,HOMEIMPROVEMENT,E,12000,17.19,0.12,N,15,0
5342,29,75000,MORTGAGE,3.0,PERSONAL,B,12000,10.62,0.16,N,7,0
5343,25,75000,MORTGAGE,6.0,HOMEIMPROVEMENT,A,10000,7.51,0.13,N,3,0
5344,39,70000,RENT,2.0,EDUCATION,A,5600,8.0,0.08,N,16,0
5345,28,40800,MORTGAGE,12.0,VENTURE,A,2000,5.42,0.05,N,5,0
5346,24,118000,RENT,8.0,HOMEIMPROVEMENT,A,24000,6.54,0.21,N,2,0
5347,31,48000,RENT,4.0,DEBTCONSOLIDATION,C,16000,13.22,0.33,N,6,1
5348,27,115000,RENT,2.0,HOMEIMPROVEMENT,A,10000,9.63,0.09,N,7,0
5349,31,105000,RENT,4.0,VENTURE,C,12000,12.23,0.11,N,7,0
5350,25,50000,MORTGAGE,0.0,VENTURE,D,15000,14.42,0.3,N,3,0
5351,23,40000,RENT,0.0,VENTURE,A,4000,6.62,0.1,N,4,0
5352,23,50000,OTHER,7.0,DEBTCONSOLIDATION,B,15200,12.21,0.3,N,2,0
5353,29,140000,RENT,2.0,HOMEIMPROVEMENT,G,6000,22.11,0.04,Y,10,0
5354,37,23000,RENT,0.0,EDUCATION,B,7000,11.11,0.3,N,14,0
5355,26,30000,RENT,5.0,MEDICAL,A,7500,7.9,0.25,N,4,0
5356,24,50000,OWN,8.0,HOMEIMPROVEMENT,A,5000,7.51,0.1,N,3,0
5357,26,48000,RENT,1.0,VENTURE,B,4500,10.96,0.09,N,4,0
5358,26,100000,MORTGAGE,0.0,MEDICAL,B,6000,11.99,0.06,N,4,0
5359,23,50000,OWN,0.0,MEDICAL,A,9000,8.94,0.18,N,4,0
5360,24,49000,RENT,2.0,DEBTCONSOLIDATION,D,5000,15.62,0.1,N,2,1
5361,33,95000,MORTGAGE,0.0,DEBTCONSOLIDATION,A,4000,7.14,0.04,N,9,0
5362,24,75000,MORTGAGE,8.0,DEBTCONSOLIDATION,C,7500,13.11,0.1,Y,2,0
5363,22,31800,RENT,6.0,DEBTCONSOLIDATION,A,12000,5.42,0.38,N,3,1
5364,22,58650,RENT,3.0,VENTURE,E,16800,16.77,0.29,Y,3,1
5365,29,36000,RENT,5.0,VENTURE,C,15000,13.85,0.42,N,6,1
5366,22,32004,OWN,0.0,EDUCATION,D,5000,14.46,0.16,Y,3,0
5367,29,131004,MORTGAGE,13.0,VENTURE,A,24000,8.49,0.18,N,7,0
5368,28,75500,MORTGAGE,12.0,MEDICAL,B,7500,11.71,0.1,N,9,0
5369,33,80000,MORTGAGE,6.0,PERSONAL,B,15000,12.42,0.19,N,9,0
5370,25,48000,RENT,2.0,PERSONAL,B,4000,10.99,0.08,N,3,0
5371,23,62000,RENT,7.0,MEDICAL,B,10000,10.65,0.16,N,3,0
5372,27,72000,MORTGAGE,4.0,DEBTCONSOLIDATION,C,8000,15.27,0.11,Y,7,1
5373,25,38004,RENT,2.0,DEBTCONSOLIDATION,B,7500,11.11,0.2,N,3,0
5374,25,42000,RENT,7.0,DEBTCONSOLIDATION,B,2000,10.37,0.05,N,3,0
5375,28,50000,MORTGAGE,4.0,PERSONAL,A,12000,7.49,0.24,N,5,0
5376,26,30000,RENT,2.0,VENTURE,C,4000,13.49,0.13,N,2,0
5377,25,60000,MORTGAGE,9.0,DEBTCONSOLIDATION,C,8000,13.49,0.13,N,4,0
5378,33,30000,RENT,2.0,EDUCATION,B,15000,10.99,0.5,N,7,1
5379,22,55000,MORTGAGE,7.0,EDUCATION,A,12000,7.88,0.22,N,4,0
5380,22,61500,RENT,2.0,MEDICAL,C,4000,13.23,0.07,Y,2,0
5381,34,105000,MORTGAGE,2.0,MEDICAL,A,10000,8.94,0.1,N,7,0
5382,23,40000,RENT,1.0,VENTURE,B,6000,10.62,0.15,N,3,0
5383,27,60000,RENT,3.0,EDUCATION,C,8000,13.61,0.13,Y,7,0
5384,22,65000,MORTGAGE,1.0,VENTURE,A,15000,7.9,0.23,N,4,0
5385,31,50000,MORTGAGE,15.0,HOMEIMPROVEMENT,A,8000,6.03,0.16,N,6,0
5386,27,50000,OWN,8.0,EDUCATION,C,1200,13.49,0.02,N,9,0
5387,28,80000,MORTGAGE,9.0,EDUCATION,A,14000,8.9,0.17,N,7,0
5388,33,27600,MORTGAGE,4.0,MEDICAL,A,1200,7.29,0.04,N,6,0
5389,24,80400,RENT,5.0,VENTURE,A,12000,7.29,0.15,N,3,0
5390,25,65000,MORTGAGE,9.0,DEBTCONSOLIDATION,B,3600,11.99,0.06,N,2,0
5391,27,69592,MORTGAGE,5.0,MEDICAL,B,6500,11.11,0.09,N,10,0
5392,25,42000,RENT,0.0,DEBTCONSOLIDATION,C,8000,12.87,0.19,Y,2,0
5393,35,36000,RENT,1.0,MEDICAL,A,2400,8.9,0.07,N,5,1
5394,23,40000,MORTGAGE,7.0,EDUCATION,A,4000,8.32,0.1,N,4,0
5395,23,20000,RENT,2.0,EDUCATION,B,3000,11.89,0.15,N,4,1
5396,40,35000,OWN,2.0,PERSONAL,D,8000,16.29,0.23,Y,13,0
5397,41,108000,RENT,16.0,EDUCATION,D,24000,17.58,0.22,Y,15,1
5398,26,40000,RENT,0.0,PERSONAL,C,1800,13.23,0.04,Y,2,1
5399,24,90000,MORTGAGE,8.0,EDUCATION,C,12000,13.48,0.13,N,3,0
5400,25,70000,MORTGAGE,9.0,EDUCATION,A,14000,9.63,0.2,N,4,0
5401,25,45000,RENT,3.0,MEDICAL,C,3000,12.61,0.07,Y,4,0
5402,29,60000,MORTGAGE,0.0,HOMEIMPROVEMENT,A,3500,5.99,0.06,N,9,0
5403,29,50000,MORTGAGE,11.0,DEBTCONSOLIDATION,B,15000,11.71,0.3,N,7,0
5404,36,90000,RENT,6.0,DEBTCONSOLIDATION,C,1925,14.22,0.02,N,11,0
5405,23,42000,RENT,1.0,DEBTCONSOLIDATION,A,12700,6.99,0.3,N,4,0
5406,40,120000,MORTGAGE,2.0,HOMEIMPROVEMENT,B,10000,10.37,0.08,N,12,0
5407,27,50000,MORTGAGE,3.0,HOMEIMPROVEMENT,B,7000,10.99,0.14,N,9,0
5408,22,54996,OWN,2.0,PERSONAL,A,5000,7.51,0.09,N,3,0
5409,27,60000,RENT,2.0,VENTURE,B,12000,9.91,0.2,N,6,0
5410,44,24000,RENT,0.0,EDUCATION,C,2000,13.92,0.08,N,12,1
5411,24,39000,RENT,2.0,MEDICAL,B,6000,11.36,0.15,N,2,1
5412,33,123000,MORTGAGE,15.0,MEDICAL,B,19000,9.25,0.15,N,9,0
5413,26,270000,MORTGAGE,4.0,EDUCATION,B,6000,11.46,0.02,N,3,0
5414,31,75000,RENT,2.0,MEDICAL,A,2000,7.9,0.03,N,5,0
5415,40,28800,RENT,2.0,PERSONAL,A,2800,7.88,0.1,N,14,0
5416,28,37200,RENT,5.0,PERSONAL,B,10000,12.42,0.27,N,7,0
5417,28,60000,MORTGAGE,6.0,HOMEIMPROVEMENT,D,6000,12.86,0.1,N,9,0
5418,22,85000,MORTGAGE,1.0,EDUCATION,A,10000,7.88,0.12,N,4,0
5419,23,40000,MORTGAGE,7.0,EDUCATION,A,4000,7.51,0.1,N,4,0
5420,21,72000,MORTGAGE,5.0,VENTURE,B,27000,10.36,0.36,N,2,0
5421,29,48000,MORTGAGE,6.0,HOMEIMPROVEMENT,B,16750,10.65,0.35,N,5,0
5422,30,95000,RENT,0.0,PERSONAL,C,6000,14.26,0.06,N,5,0
5423,26,130000,RENT,0.0,PERSONAL,C,2000,13.49,0.02,Y,4,0
5424,26,32000,RENT,1.0,PERSONAL,B,6000,9.99,0.19,N,4,0
5425,35,42000,RENT,0.0,DEBTCONSOLIDATION,B,4000,10.37,0.1,N,6,0
5426,26,75000,MORTGAGE,10.0,MEDICAL,C,20000,13.49,0.27,N,3,0
5427,22,36000,RENT,6.0,PERSONAL,B,7000,10.74,0.19,N,3,1
5428,24,72000,MORTGAGE,8.0,PERSONAL,A,5000,6.76,0.07,N,2,0
5429,33,44000,RENT,4.0,PERSONAL,A,12000,7.9,0.27,N,8,1
5430,31,50000,MORTGAGE,6.0,EDUCATION,A,3200,7.74,0.06,N,7,0
5431,23,54996,RENT,2.0,EDUCATION,A,15000,6.91,0.27,N,4,0
5432,23,30000,MORTGAGE,2.0,MEDICAL,A,12000,7.66,0.4,N,4,0
5433,26,69000,MORTGAGE,10.0,HOMEIMPROVEMENT,A,6000,7.14,0.09,N,2,0
5434,30,50000,RENT,2.0,PERSONAL,B,3000,10.59,0.06,N,5,0
5435,27,51600,RENT,12.0,EDUCATION,B,6000,10.75,0.12,N,8,0
5436,23,48000,MORTGAGE,8.0,EDUCATION,C,6000,12.22,0.13,Y,3,0
5437,32,70000,MORTGAGE,16.0,MEDICAL,A,7000,7.51,0.1,N,8,0
5438,24,51600,RENT,9.0,VENTURE,A,3000,8.94,0.06,N,3,0
5439,26,94500,RENT,2.0,HOMEIMPROVEMENT,B,24250,10.99,0.26,N,4,0
5440,25,72000,MORTGAGE,4.0,VENTURE,A,3800,7.49,0.05,N,3,0
5441,23,42000,MORTGAGE,7.0,EDUCATION,A,9000,7.66,0.21,N,2,0
5442,21,60000,RENT,5.0,EDUCATION,B,8000,10.25,0.13,N,2,0
5443,32,38300,RENT,16.0,HOMEIMPROVEMENT,A,2000,6.99,0.05,N,9,1
5444,27,95004,MORTGAGE,1.0,VENTURE,A,10000,5.42,0.11,N,7,0
5445,38,124000,MORTGAGE,9.0,PERSONAL,B,2000,10.99,0.02,N,13,0
5446,31,27000,RENT,1.0,MEDICAL,A,1000,9.63,0.04,N,8,0
5447,27,52000,RENT,6.0,HOMEIMPROVEMENT,D,3200,15.7,0.06,Y,5,1
5448,28,95004,RENT,2.0,HOMEIMPROVEMENT,C,12000,12.53,0.13,N,7,0
5449,37,92000,MORTGAGE,17.0,DEBTCONSOLIDATION,B,8000,10.38,0.08,N,17,0
5450,23,36000,RENT,2.0,PERSONAL,A,1500,5.99,0.04,N,3,0
5451,29,70000,RENT,8.0,MEDICAL,B,25000,11.99,0.36,N,6,1
5452,23,50000,RENT,1.0,PERSONAL,A,7000,6.99,0.14,N,4,0
5453,28,78000,MORTGAGE,12.0,HOMEIMPROVEMENT,D,20000,14.96,0.25,Y,6,0
5454,25,67200,MORTGAGE,9.0,VENTURE,C,8000,13.92,0.12,N,4,0
5455,25,90000,MORTGAGE,9.0,DEBTCONSOLIDATION,B,5000,9.91,0.06,N,2,0
5456,38,44000,MORTGAGE,0.0,PERSONAL,A,6000,7.51,0.14,N,13,0
5457,31,46000,RENT,5.0,MEDICAL,D,6500,15.33,0.14,Y,7,1
5458,25,120000,MORTGAGE,7.0,PERSONAL,B,35000,10.59,0.29,N,4,0
5459,38,40000,MORTGAGE,5.0,DEBTCONSOLIDATION,A,14000,9.32,0.35,N,11,0
5460,25,80000,MORTGAGE,10.0,PERSONAL,A,12000,6.99,0.15,N,2,0
5461,37,56400,RENT,16.0,DEBTCONSOLIDATION,D,25000,14.09,0.44,Y,12,1
5462,26,85000,RENT,2.0,VENTURE,A,16000,6.17,0.19,N,3,0
5463,24,50000,RENT,3.0,EDUCATION,C,4800,13.61,0.1,Y,2,0
5464,22,75000,RENT,3.0,DEBTCONSOLIDATION,C,12000,13.57,0.16,Y,4,0
5465,24,36000,RENT,0.0,MEDICAL,B,6000,12.69,0.17,N,2,0
5466,24,87000,MORTGAGE,9.0,PERSONAL,D,20000,16.32,0.23,N,4,0
5467,34,86400,MORTGAGE,11.0,HOMEIMPROVEMENT,E,2800,16.4,0.03,N,6,0
5468,27,45000,MORTGAGE,11.0,PERSONAL,A,5000,8.0,0.11,N,9,0
5469,49,150000,MORTGAGE,1.0,MEDICAL,B,25000,10.74,0.17,N,11,0
5470,26,72000,RENT,6.0,EDUCATION,B,12000,9.88,0.17,N,4,0
5471,24,36000,RENT,3.0,EDUCATION,C,4000,14.72,0.11,Y,2,0
5472,28,75000,RENT,0.0,EDUCATION,B,20000,11.11,0.27,N,10,0
5473,37,53000,MORTGAGE,1.0,PERSONAL,C,8000,13.23,0.15,Y,17,0
5474,27,53000,MORTGAGE,6.0,HOMEIMPROVEMENT,C,7000,11.66,0.13,Y,10,0
5475,34,63000,RENT,6.0,HOMEIMPROVEMENT,B,10000,11.49,0.16,N,10,0
5476,30,50000,RENT,14.0,PERSONAL,A,5000,8.94,0.1,N,7,0
5477,28,56100,MORTGAGE,2.0,VENTURE,D,6000,15.95,0.09,N,10,1
5478,23,75000,RENT,7.0,VENTURE,B,5000,10.59,0.07,N,3,0
5479,25,40000,MORTGAGE,3.0,PERSONAL,A,15000,5.99,0.38,N,2,0
5480,34,54000,MORTGAGE,4.0,DEBTCONSOLIDATION,B,5000,11.11,0.09,N,7,0
5481,25,38000,MORTGAGE,7.0,VENTURE,D,6000,16.49,0.16,Y,4,0
5482,22,40800,MORTGAGE,7.0,DEBTCONSOLIDATION,C,5500,12.29,0.13,Y,2,0
5483,27,140000,RENT,0.0,EDUCATION,B,12000,11.71,0.09,N,6,0
5484,22,65000,RENT,0.0,VENTURE,A,18000,8.9,0.28,N,3,0
5485,30,87000,MORTGAGE,4.0,DEBTCONSOLIDATION,C,20000,13.47,0.23,Y,8,0
5486,22,34000,MORTGAGE,6.0,MEDICAL,E,10750,16.45,0.32,Y,3,1
5487,28,68000,MORTGAGE,1.0,EDUCATION,C,5000,12.87,0.07,N,8,0
5488,35,31100,MORTGAGE,16.0,MEDICAL,D,3000,14.59,0.1,N,9,1
5489,25,48000,RENT,2.0,MEDICAL,C,10000,13.47,0.21,N,4,0
5490,22,130000,RENT,6.0,DEBTCONSOLIDATION,C,8000,14.79,0.06,Y,3,0
5491,24,16000,RENT,3.0,DEBTCONSOLIDATION,D,3000,15.21,0.19,N,2,1
5492,22,34000,RENT,1.0,PERSONAL,A,15000,7.9,0.44,N,4,1
5493,24,40000,RENT,0.0,MEDICAL,A,4000,5.79,0.1,N,4,0
5494,30,45000,RENT,2.0,MEDICAL,A,5000,8.94,0.11,N,7,0
5495,21,30000,RENT,3.0,PERSONAL,B,6000,12.42,0.2,N,2,1
5496,24,32956,OWN,4.0,EDUCATION,B,10000,10.37,0.3,N,3,0
5497,30,42000,MORTGAGE,3.0,HOMEIMPROVEMENT,C,4800,15.23,0.11,N,6,0
5498,23,132150,RENT,7.0,VENTURE,A,24000,7.9,0.18,N,3,0
5499,30,70000,RENT,0.0,DEBTCONSOLIDATION,C,3000,13.48,0.04,N,9,0
5500,27,108000,MORTGAGE,11.0,EDUCATION,D,35000,16.49,0.32,N,8,1
5501,31,60000,RENT,4.0,VENTURE,B,10000,12.42,0.17,N,9,0
5502,24,200000,MORTGAGE,8.0,VENTURE,C,8000,14.79,0.04,N,4,0
5503,24,45000,RENT,4.0,DEBTCONSOLIDATION,B,12000,11.71,0.27,N,4,0
5504,23,110000,OWN,5.0,EDUCATION,A,7800,7.51,0.07,N,3,0
5505,39,33000,RENT,2.0,VENTURE,A,6000,7.88,0.18,N,14,0
5506,23,60000,MORTGAGE,5.0,VENTURE,B,12000,9.88,0.2,N,2,0
5507,23,54000,RENT,0.0,EDUCATION,C,10000,13.79,0.19,Y,4,0
5508,22,18000,RENT,0.0,EDUCATION,C,3000,15.27,0.17,N,3,1
5509,26,37680,RENT,10.0,MEDICAL,B,2300,11.11,0.06,N,3,0
5510,27,54000,RENT,1.0,EDUCATION,C,9600,13.79,0.18,Y,7,1
5511,27,90000,MORTGAGE,6.0,DEBTCONSOLIDATION,B,35000,11.99,0.39,N,6,0
5512,24,15000,RENT,1.0,DEBTCONSOLIDATION,C,3000,12.84,0.2,Y,2,1
5513,27,36000,OWN,7.0,MEDICAL,B,5300,10.99,0.15,N,9,0
5514,24,29000,RENT,1.0,MEDICAL,A,7000,7.51,0.24,N,2,0
5515,22,130000,RENT,2.0,EDUCATION,A,25000,7.9,0.19,N,2,0
5516,24,75000,OWN,8.0,VENTURE,A,25000,7.9,0.33,N,3,0
5517,23,39000,RENT,3.0,MEDICAL,B,15000,10.25,0.38,N,3,1
5518,26,40000,RENT,2.0,MEDICAL,A,6000,7.88,0.15,N,4,0
5519,23,60000,RENT,2.0,EDUCATION,B,2000,12.53,0.03,N,4,0
5520,24,50000,RENT,0.0,DEBTCONSOLIDATION,B,5000,11.89,0.1,N,4,0
5521,21,35000,RENT,4.0,PERSONAL,C,8000,13.61,0.23,Y,3,0
5522,23,30000,RENT,5.0,EDUCATION,B,6000,11.49,0.2,N,4,0
5523,30,44760,RENT,2.0,MEDICAL,B,3300,11.71,0.07,N,6,0
5524,27,69000,RENT,0.0,HOMEIMPROVEMENT,D,4800,15.62,0.07,N,7,1
5525,29,92341,RENT,9.0,PERSONAL,A,12000,8.94,0.13,N,8,0
5526,21,58000,RENT,2.0,VENTURE,A,1500,7.14,0.03,N,2,0
5527,31,29000,RENT,3.0,MEDICAL,C,6000,13.49,0.21,N,6,0
5528,22,91500,RENT,3.0,VENTURE,A,8600,7.66,0.09,N,4,0
5529,32,80000,MORTGAGE,5.0,PERSONAL,B,25000,10.36,0.31,N,7,0
5530,22,45000,RENT,4.0,EDUCATION,C,9000,13.43,0.2,Y,2,0
5531,22,45000,RENT,3.0,VENTURE,A,13000,7.88,0.29,N,4,0
5532,29,63000,MORTGAGE,9.0,DEBTCONSOLIDATION,B,5000,11.36,0.08,N,10,0
5533,22,40000,RENT,3.0,EDUCATION,B,3000,10.99,0.07,N,4,0
5534,25,90000,RENT,5.0,HOMEIMPROVEMENT,B,15000,11.71,0.17,N,4,0
5535,36,60000,MORTGAGE,9.0,MEDICAL,B,7000,10.36,0.12,N,16,0
5536,27,56500,MORTGAGE,4.0,HOMEIMPROVEMENT,B,12000,10.37,0.21,N,6,0
5537,36,33800,RENT,2.0,PERSONAL,E,14400,16.0,0.43,Y,12,1
5538,26,45000,RENT,0.0,MEDICAL,C,6800,13.49,0.15,N,2,0
5539,35,61200,RENT,1.0,MEDICAL,B,4500,10.59,0.07,N,8,1
5540,21,42000,OWN,2.0,PERSONAL,A,10000,7.66,0.24,N,2,0
5541,22,100000,MORTGAGE,6.0,PERSONAL,A,10000,6.03,0.1,N,3,0
5542,22,86000,MORTGAGE,6.0,PERSONAL,A,10000,7.49,0.12,N,3,0
5543,29,90000,RENT,3.0,PERSONAL,B,12000,11.58,0.13,N,8,0
5544,37,85000,MORTGAGE,2.0,HOMEIMPROVEMENT,C,10000,13.99,0.12,Y,15,0
5545,24,55000,MORTGAGE,5.0,PERSONAL,B,9000,11.11,0.16,N,2,0
5546,23,44004,RENT,1.0,DEBTCONSOLIDATION,D,2000,15.65,0.05,Y,3,1
5547,37,61240,MORTGAGE,12.0,VENTURE,A,8000,7.51,0.13,N,11,0
5548,36,75000,RENT,4.0,HOMEIMPROVEMENT,B,10000,10.99,0.13,N,13,0
5549,31,50000,RENT,5.0,EDUCATION,D,3000,15.37,0.06,Y,8,0
5550,37,90000,MORTGAGE,0.0,PERSONAL,C,5000,12.84,0.06,N,11,0
5551,22,69000,OWN,2.0,MEDICAL,B,15000,11.83,0.22,N,3,0
5552,32,44000,MORTGAGE,2.0,VENTURE,A,9000,7.51,0.2,N,10,0
5553,23,85000,MORTGAGE,7.0,MEDICAL,B,5000,11.71,0.06,N,2,0
5554,26,60000,OWN,4.0,MEDICAL,B,6000,11.48,0.1,N,3,0
5555,27,56000,RENT,2.0,HOMEIMPROVEMENT,C,20000,13.11,0.36,Y,7,1
5556,31,30000,RENT,2.0,EDUCATION,A,1800,7.49,0.06,N,8,0
5557,27,48000,RENT,1.0,EDUCATION,C,3000,12.68,0.06,N,5,0
5558,23,65000,MORTGAGE,7.0,EDUCATION,A,8000,6.76,0.12,N,4,0
5559,28,75000,RENT,0.0,MEDICAL,C,9600,13.85,0.13,N,7,0
5560,27,150000,MORTGAGE,6.0,DEBTCONSOLIDATION,B,20000,12.21,0.13,N,5,0
5561,32,40000,RENT,16.0,EDUCATION,B,6000,12.42,0.15,N,6,0
5562,29,50000,RENT,0.0,PERSONAL,B,5000,9.25,0.1,N,5,0
5563,33,50000,RENT,2.0,EDUCATION,B,10800,9.99,0.22,N,5,0
5564,27,40000,RENT,4.0,HOMEIMPROVEMENT,B,10000,10.65,0.25,N,10,0
5565,27,130000,MORTGAGE,11.0,HOMEIMPROVEMENT,E,5500,17.56,0.04,Y,5,0
5566,29,60000,RENT,1.0,DEBTCONSOLIDATION,B,3600,10.37,0.06,N,10,0
5567,23,65200,MORTGAGE,1.0,MEDICAL,A,3000,5.79,0.05,N,3,0
5568,27,50000,RENT,10.0,EDUCATION,D,12000,14.96,0.24,N,7,0
5569,22,60000,MORTGAGE,6.0,PERSONAL,A,12000,5.42,0.2,N,3,0
5570,24,36000,OWN,4.0,VENTURE,B,12000,9.76,0.33,N,4,0
5571,44,52000,MORTGAGE,5.0,DEBTCONSOLIDATION,C,1500,13.85,0.03,N,13,0
5572,39,36780,RENT,0.0,PERSONAL,B,12000,10.37,0.33,N,14,1
5573,28,63000,MORTGAGE,3.0,EDUCATION,A,12000,6.91,0.19,N,9,0
5574,24,54000,MORTGAGE,8.0,EDUCATION,A,10000,7.9,0.19,N,4,0
5575,33,35000,OWN,1.0,VENTURE,D,4000,13.67,0.11,Y,7,0
5576,25,50000,RENT,0.0,MEDICAL,A,18000,7.51,0.36,N,4,0
5577,26,40000,RENT,0.0,VENTURE,C,15000,14.22,0.38,N,2,1
5578,37,36000,RENT,21.0,HOMEIMPROVEMENT,C,8000,13.06,0.22,N,13,1
5579,27,48000,RENT,3.0,MEDICAL,C,5000,13.48,0.1,Y,5,0
5580,25,30000,RENT,5.0,MEDICAL,C,4000,13.79,0.13,N,3,0
5581,44,70000,RENT,0.0,MEDICAL,C,15000,13.35,0.21,Y,15,0
5582,23,42000,OWN,6.0,EDUCATION,A,8000,6.03,0.19,N,3,0
5583,23,66000,MORTGAGE,0.0,VENTURE,A,2875,7.49,0.04,N,2,0
5584,29,95000,MORTGAGE,4.0,HOMEIMPROVEMENT,C,10000,13.23,0.11,Y,9,0
5585,36,65000,MORTGAGE,5.0,PERSONAL,C,10000,12.73,0.15,Y,16,0
5586,21,60000,RENT,5.0,DEBTCONSOLIDATION,C,10000,12.09,0.17,Y,4,0
5587,26,87800,MORTGAGE,5.0,PERSONAL,D,3500,16.77,0.04,N,4,0
5588,23,75000,RENT,0.0,EDUCATION,A,14400,8.94,0.19,N,4,0
5589,25,78301,MORTGAGE,9.0,DEBTCONSOLIDATION,C,25000,15.27,0.3,N,4,1
5590,32,75000,MORTGAGE,8.0,HOMEIMPROVEMENT,A,3200,6.76,0.04,N,10,0
5591,25,30000,RENT,0.0,VENTURE,B,10000,10.71,0.33,N,2,1
5592,22,28800,RENT,6.0,PERSONAL,A,8000,8.9,0.28,N,3,0
5593,28,150000,MORTGAGE,9.0,PERSONAL,C,25000,12.99,0.17,N,6,0
5594,21,120000,MORTGAGE,5.0,DEBTCONSOLIDATION,C,10000,13.48,0.08,N,4,0
5595,34,60000,RENT,2.0,EDUCATION,B,3500,9.91,0.06,N,10,0
5596,24,57000,RENT,5.0,EDUCATION,B,6000,10.0,0.11,N,3,0
5597,70,21600,RENT,0.0,MEDICAL,A,6000,6.99,0.28,N,24,0
5598,28,70000,OWN,3.0,HOMEIMPROVEMENT,D,6000,16.77,0.09,Y,10,0
5599,35,35000,RENT,5.0,VENTURE,B,8000,9.91,0.23,N,5,0
5600,30,36000,RENT,0.0,MEDICAL,A,8000,7.9,0.22,N,8,0
5601,22,39000,MORTGAGE,0.0,VENTURE,D,6500,14.61,0.16,Y,4,1
5602,25,115000,MORTGAGE,9.0,DEBTCONSOLIDATION,A,3000,6.03,0.03,N,3,0
5603,26,37000,RENT,5.0,DEBTCONSOLIDATION,A,7000,7.88,0.19,N,2,0
5604,22,27800,RENT,6.0,EDUCATION,A,14125,6.99,0.51,N,3,1
5605,29,75000,RENT,4.0,VENTURE,B,5000,10.74,0.07,N,9,0
5606,29,45000,RENT,0.0,HOMEIMPROVEMENT,A,10000,8.49,0.22,N,10,1
5607,24,39000,RENT,6.0,EDUCATION,C,13000,12.23,0.33,Y,2,1
5608,27,130000,MORTGAGE,2.0,MEDICAL,B,18000,10.74,0.14,N,6,0
5609,33,54000,MORTGAGE,5.0,DEBTCONSOLIDATION,A,3600,7.49,0.07,N,5,0
5610,25,52000,MORTGAGE,5.0,HOMEIMPROVEMENT,B,12000,11.99,0.23,N,2,0
5611,23,34000,RENT,4.0,VENTURE,E,11000,15.68,0.32,N,3,1
5612,25,60000,MORTGAGE,9.0,DEBTCONSOLIDATION,A,7000,7.14,0.12,N,2,0
5613,28,53500,RENT,4.0,MEDICAL,C,3200,13.98,0.06,N,9,0
5614,54,50000,MORTGAGE,6.0,PERSONAL,A,12000,7.9,0.24,N,20,0
5615,29,60000,MORTGAGE,8.0,HOMEIMPROVEMENT,D,12000,14.91,0.2,Y,8,0
5616,38,150000,MORTGAGE,9.0,PERSONAL,C,25000,12.99,0.17,Y,15,0
5617,21,90000,MORTGAGE,5.0,PERSONAL,A,16000,6.03,0.18,N,3,0
5618,26,41000,RENT,4.0,PERSONAL,A,7000,7.51,0.17,N,3,0
5619,31,30000,RENT,0.0,VENTURE,D,4000,14.84,0.13,N,7,1
5620,26,51600,RENT,10.0,HOMEIMPROVEMENT,B,8000,10.99,0.16,N,2,1
5621,29,54000,OWN,11.0,HOMEIMPROVEMENT,A,6000,5.42,0.11,N,10,0
5622,29,50000,RENT,6.0,HOMEIMPROVEMENT,D,10000,15.95,0.2,N,10,0
5623,23,100000,OWN,8.0,EDUCATION,C,5000,13.47,0.05,Y,3,0
5624,21,45000,RENT,5.0,PERSONAL,A,3200,7.14,0.07,N,3,0
5625,25,128000,MORTGAGE,3.0,DEBTCONSOLIDATION,D,35000,16.07,0.27,Y,3,1
5626,24,33000,RENT,2.0,MEDICAL,D,3000,15.65,0.09,Y,2,1
5627,21,42000,RENT,5.0,EDUCATION,C,7000,12.73,0.17,Y,4,0
5628,29,80000,MORTGAGE,13.0,HOMEIMPROVEMENT,A,8000,6.99,0.1,N,10,0
5629,23,80000,MORTGAGE,7.0,PERSONAL,A,20000,8.9,0.25,N,2,0
5630,22,54000,RENT,6.0,DEBTCONSOLIDATION,B,4800,11.71,0.09,N,3,1
5631,36,63599,MORTGAGE,2.0,HOMEIMPROVEMENT,C,14000,13.92,0.22,N,11,0
5632,22,29120,MORTGAGE,1.0,EDUCATION,A,6400,5.99,0.22,N,2,0
5633,23,95000,MORTGAGE,1.0,EDUCATION,A,5000,6.03,0.05,N,4,0
5634,28,50000,RENT,0.0,DEBTCONSOLIDATION,B,14000,11.48,0.28,N,8,0
5635,23,36000,RENT,2.0,DEBTCONSOLIDATION,A,10000,7.49,0.28,N,3,0
5636,21,50000,RENT,5.0,VENTURE,A,2500,8.49,0.05,N,4,0
5637,30,234000,MORTGAGE,14.0,MEDICAL,A,20000,7.88,0.09,N,10,0
5638,22,60000,MORTGAGE,6.0,DEBTCONSOLIDATION,A,7500,8.0,0.13,N,4,0
5639,24,49000,RENT,3.0,MEDICAL,A,4000,9.63,0.08,N,2,1
5640,22,49000,RENT,1.0,EDUCATION,B,8000,11.49,0.16,N,4,1
5641,26,45691,OWN,10.0,PERSONAL,B,5600,11.12,0.12,N,3,0
5642,30,25000,RENT,2.0,MEDICAL,A,5000,7.88,0.2,N,8,0
5643,23,99000,RENT,1.0,EDUCATION,C,20000,14.26,0.2,N,3,0
5644,25,135000,MORTGAGE,6.0,VENTURE,B,8000,9.91,0.06,N,4,0
5645,22,60000,RENT,6.0,VENTURE,B,8000,12.21,0.13,N,4,0
5646,46,100000,MORTGAGE,5.0,HOMEIMPROVEMENT,B,20000,11.36,0.2,N,13,0
5647,27,73000,MORTGAGE,11.0,HOMEIMPROVEMENT,A,6500,7.74,0.09,N,9,0
5648,30,95000,MORTGAGE,5.0,DEBTCONSOLIDATION,B,12800,10.65,0.13,N,8,0
5649,22,60000,RENT,0.0,EDUCATION,C,10000,13.61,0.17,Y,2,0
5650,23,53550,RENT,2.0,MEDICAL,A,1800,6.76,0.03,N,2,0
5651,31,55000,RENT,6.0,DEBTCONSOLIDATION,A,8000,8.9,0.15,N,8,0
5652,30,100000,MORTGAGE,4.0,PERSONAL,B,12000,11.99,0.12,N,8,0
5653,39,90000,MORTGAGE,5.0,EDUCATION,A,15000,5.79,0.17,N,11,0
5654,28,78000,RENT,4.0,HOMEIMPROVEMENT,B,15000,9.88,0.19,N,8,1
5655,22,45000,RENT,2.0,EDUCATION,C,10000,13.49,0.22,N,2,0
5656,51,79894,RENT,1.0,MEDICAL,B,20000,11.83,0.25,N,20,0
5657,25,50000,MORTGAGE,9.0,DEBTCONSOLIDATION,B,6000,10.99,0.12,N,4,0
5658,23,48000,MORTGAGE,7.0,EDUCATION,A,8000,7.14,0.17,N,4,0
5659,25,40000,RENT,0.0,DEBTCONSOLIDATION,B,4000,10.99,0.1,N,2,0
5660,30,110000,MORTGAGE,1.0,PERSONAL,B,23450,11.36,0.21,N,10,0
5661,24,93000,MORTGAGE,8.0,DEBTCONSOLIDATION,B,3000,11.12,0.03,N,3,1
5662,25,45000,OWN,1.0,EDUCATION,B,10000,11.71,0.22,N,3,0
5663,22,63000,MORTGAGE,6.0,EDUCATION,A,10000,8.49,0.16,N,2,0
5664,29,40000,MORTGAGE,13.0,MEDICAL,B,1000,10.99,0.03,N,9,0
5665,27,65000,MORTGAGE,7.0,MEDICAL,C,15000,13.16,0.23,N,8,0
5666,26,42000,RENT,4.0,HOMEIMPROVEMENT,D,13750,18.25,0.33,N,2,1
5667,22,50000,MORTGAGE,7.0,PERSONAL,A,2600,7.66,0.05,N,4,0
5668,23,24000,RENT,0.0,VENTURE,A,4000,6.62,0.17,N,4,0
5669,23,35000,RENT,5.0,EDUCATION,A,7200,8.9,0.21,N,3,0
5670,24,34000,MORTGAGE,1.0,EDUCATION,A,9925,9.63,0.29,N,4,0
5671,25,52800,MORTGAGE,9.0,DEBTCONSOLIDATION,B,5600,10.75,0.11,N,3,0
5672,24,45000,RENT,1.0,DEBTCONSOLIDATION,C,4000,13.85,0.09,N,4,0
5673,23,39000,RENT,3.0,EDUCATION,D,5000,14.09,0.13,N,3,1
5674,30,34000,OWN,5.0,VENTURE,C,16750,12.99,0.48,N,7,0
5675,24,40000,RENT,1.0,VENTURE,A,9000,5.79,0.23,N,2,0
5676,25,55400,RENT,8.0,HOMEIMPROVEMENT,D,13250,15.28,0.25,Y,2,1
5677,35,36000,MORTGAGE,2.0,MEDICAL,E,6000,16.45,0.17,Y,8,1
5678,23,44000,MORTGAGE,7.0,EDUCATION,A,7000,5.42,0.16,N,2,0
5679,29,60000,RENT,1.0,HOMEIMPROVEMENT,C,5000,13.61,0.08,Y,8,0
5680,25,72000,RENT,8.0,MEDICAL,C,16000,13.06,0.22,Y,4,0
5681,57,54000,MORTGAGE,6.0,DEBTCONSOLIDATION,A,8000,7.51,0.15,N,29,0
5682,25,16800,RENT,0.0,DEBTCONSOLIDATION,B,5000,11.36,0.3,N,3,0
5683,23,43000,OWN,5.0,VENTURE,B,4800,9.25,0.11,N,3,0
5684,29,84000,MORTGAGE,13.0,HOMEIMPROVEMENT,B,20000,10.25,0.24,N,8,0
5685,53,100000,MORTGAGE,1.0,PERSONAL,B,15000,10.37,0.15,N,29,0
5686,22,120000,MORTGAGE,7.0,EDUCATION,A,6000,5.42,0.05,N,4,0
5687,34,42000,RENT,0.0,DEBTCONSOLIDATION,B,14000,10.37,0.33,N,6,1
5688,25,75000,RENT,5.0,MEDICAL,B,6000,12.42,0.08,N,3,0
5689,21,40000,RENT,5.0,EDUCATION,C,12000,14.26,0.3,N,2,0
5690,23,95000,MORTGAGE,5.0,VENTURE,B,30000,10.65,0.32,N,2,0
5691,26,120000,MORTGAGE,10.0,VENTURE,B,9000,10.75,0.07,N,3,0
5692,28,70834,MORTGAGE,12.0,VENTURE,B,21000,12.18,0.28,N,10,0
5693,27,48000,OWN,11.0,VENTURE,A,5400,5.79,0.11,N,10,0
5694,29,36000,RENT,4.0,HOMEIMPROVEMENT,B,10750,9.99,0.3,N,6,1
5695,24,75000,MORTGAGE,1.0,EDUCATION,B,15000,12.21,0.2,N,3,0
5696,41,39000,RENT,4.0,MEDICAL,B,14000,10.71,0.36,N,16,0
5697,46,60000,MORTGAGE,8.0,VENTURE,A,10000,7.51,0.17,N,13,0
5698,33,250000,MORTGAGE,4.0,PERSONAL,A,10000,7.51,0.04,N,10,0
5699,27,55000,MORTGAGE,0.0,HOMEIMPROVEMENT,A,10000,8.94,0.18,N,6,0
5700,24,90000,MORTGAGE,0.0,VENTURE,A,14000,7.14,0.16,N,4,0
5701,23,30000,MORTGAGE,5.0,PERSONAL,D,3000,15.58,0.1,Y,4,0
5702,23,50952,RENT,6.0,EDUCATION,A,4000,5.42,0.08,N,4,0
5703,36,44004,MORTGAGE,2.0,VENTURE,C,2000,13.61,0.05,Y,13,1
5704,56,70000,RENT,3.0,DEBTCONSOLIDATION,B,20000,10.38,0.26,N,20,0
5705,23,42000,RENT,7.0,VENTURE,A,10000,7.49,0.24,N,4,0
5706,30,80000,RENT,0.0,EDUCATION,C,5000,13.98,0.06,Y,10,0
5707,25,57016,RENT,4.0,EDUCATION,A,6000,7.14,0.11,N,4,0
5708,40,60000,RENT,5.0,HOMEIMPROVEMENT,B,12000,11.71,0.2,N,14,0
5709,37,80000,OWN,8.0,VENTURE,A,14400,5.42,0.18,N,11,0
5710,39,68872,RENT,2.0,PERSONAL,D,25000,15.31,0.36,Y,12,1
5711,26,24000,RENT,10.0,MEDICAL,B,5000,11.71,0.21,N,4,0
5712,25,72000,MORTGAGE,9.0,MEDICAL,B,9600,10.0,0.13,N,4,0
5713,24,72000,RENT,5.0,PERSONAL,B,10000,10.38,0.14,N,3,0
5714,26,66000,RENT,2.0,DEBTCONSOLIDATION,D,18000,14.54,0.27,Y,2,1
5715,34,115000,MORTGAGE,8.0,EDUCATION,A,15000,8.94,0.13,N,10,0
5716,22,37000,RENT,3.0,MEDICAL,C,7200,14.65,0.19,Y,2,0
5717,23,62000,MORTGAGE,7.0,EDUCATION,A,5300,6.39,0.08,N,2,0
5718,23,60000,RENT,4.0,DEBTCONSOLIDATION,A,7000,6.03,0.12,N,4,0
5719,36,120000,OWN,16.0,VENTURE,C,16000,13.06,0.13,Y,12,0
5720,26,30000,RENT,0.0,DEBTCONSOLIDATION,A,3500,7.68,0.12,N,3,0
5721,23,55000,MORTGAGE,7.0,EDUCATION,B,9600,10.99,0.17,N,4,0
5722,29,65000,MORTGAGE,1.0,VENTURE,B,16000,10.59,0.25,N,10,0
5723,25,28800,RENT,1.0,MEDICAL,B,2000,10.0,0.07,N,2,0
5724,28,130000,MORTGAGE,2.0,VENTURE,B,5000,10.99,0.04,N,8,0
5725,36,69600,RENT,3.0,PERSONAL,A,6000,6.54,0.09,N,12,0
5726,37,65000,RENT,0.0,VENTURE,A,7000,6.92,0.11,N,17,0
5727,23,96000,MORTGAGE,7.0,EDUCATION,B,35000,10.65,0.36,N,3,0
5728,24,80000,RENT,4.0,VENTURE,A,10000,6.03,0.13,N,4,0
5729,29,72000,RENT,5.0,EDUCATION,D,6000,16.77,0.08,Y,8,0
5730,24,35100,RENT,4.0,VENTURE,D,2400,15.21,0.07,Y,2,0
5731,24,52000,RENT,2.0,PERSONAL,A,4500,7.43,0.09,N,2,0
5732,23,40000,OWN,5.0,VENTURE,A,3000,7.14,0.07,N,2,0
5733,25,48000,MORTGAGE,1.0,PERSONAL,C,5000,13.79,0.1,Y,2,0
5734,27,80000,MORTGAGE,3.0,PERSONAL,B,7500,12.69,0.09,N,8,0
5735,24,30000,RENT,8.0,PERSONAL,A,2800,7.49,0.09,N,4,0
5736,25,56004,MORTGAGE,0.0,DEBTCONSOLIDATION,B,8000,10.37,0.14,N,3,0
5737,38,44400,MORTGAGE,22.0,VENTURE,A,12350,6.62,0.29,N,14,0
5738,23,34000,MORTGAGE,1.0,DEBTCONSOLIDATION,A,8000,6.54,0.24,N,4,0
5739,24,80000,MORTGAGE,9.0,HOMEIMPROVEMENT,B,10000,12.42,0.13,N,3,0
5740,24,80000,MORTGAGE,6.0,PERSONAL,B,6400,11.58,0.08,N,3,0
5741,25,60000,MORTGAGE,9.0,HOMEIMPROVEMENT,C,10000,13.49,0.17,N,2,0
5742,26,60000,MORTGAGE,4.0,PERSONAL,A,5000,5.42,0.08,N,2,0
5743,23,90000,RENT,7.0,MEDICAL,B,11500,11.11,0.13,N,3,0
5744,22,47000,MORTGAGE,5.0,MEDICAL,B,7000,11.99,0.15,N,2,0
5745,37,36000,MORTGAGE,2.0,PERSONAL,B,5000,10.75,0.14,N,13,0
5746,24,50000,RENT,4.0,DEBTCONSOLIDATION,C,16000,13.49,0.32,Y,2,1
5747,27,110000,MORTGAGE,1.0,HOMEIMPROVEMENT,B,24000,11.36,0.22,N,10,0
5748,26,42000,RENT,6.0,EDUCATION,B,8000,12.69,0.19,N,4,0
5749,23,26000,MORTGAGE,4.0,EDUCATION,D,3250,15.99,0.12,N,4,0
5750,22,91800,RENT,0.0,MEDICAL,D,16000,14.54,0.16,Y,3,1
5751,23,48000,OWN,7.0,EDUCATION,B,9000,10.37,0.19,N,2,0
5752,26,40000,OWN,0.0,VENTURE,B,2400,10.59,0.06,N,4,0
5753,23,20000,RENT,2.0,EDUCATION,B,3000,10.65,0.15,N,2,0
5754,31,50000,RENT,5.0,HOMEIMPROVEMENT,D,5000,15.62,0.1,Y,9,1
5755,26,50000,RENT,4.0,PERSONAL,E,15000,16.7,0.3,Y,3,0
5756,25,122000,MORTGAGE,9.0,PERSONAL,A,8000,7.49,0.07,N,4,0
5757,23,128474,MORTGAGE,7.0,MEDICAL,A,30000,7.9,0.23,N,3,0
5758,27,42000,RENT,4.0,PERSONAL,C,3650,14.65,0.09,N,7,0
5759,24,50000,RENT,2.0,MEDICAL,C,7000,13.22,0.14,Y,4,0
5760,31,100000,RENT,0.0,VENTURE,B,10000,9.99,0.1,N,9,0
5761,26,30000,RENT,7.0,DEBTCONSOLIDATION,B,3600,11.49,0.12,N,2,0
5762,27,90000,MORTGAGE,4.0,PERSONAL,D,25000,14.96,0.28,Y,9,0
5763,37,60000,MORTGAGE,4.0,DEBTCONSOLIDATION,A,10000,6.03,0.17,N,12,0
5764,31,62000,RENT,4.0,MEDICAL,A,12000,6.62,0.19,N,10,0
5765,26,36000,RENT,10.0,DEBTCONSOLIDATION,C,10000,12.99,0.28,N,2,1
5766,37,65000,MORTGAGE,8.0,EDUCATION,C,5500,13.99,0.08,Y,11,0
5767,23,40000,RENT,1.0,EDUCATION,C,3600,13.11,0.09,Y,4,0
5768,23,29000,MORTGAGE,2.0,PERSONAL,D,6000,15.62,0.21,Y,4,1
5769,26,42000,RENT,3.0,EDUCATION,D,10000,14.12,0.24,Y,3,1
5770,26,34000,MORTGAGE,5.0,DEBTCONSOLIDATION,C,2500,14.65,0.07,Y,2,1
5771,24,75000,RENT,8.0,EDUCATION,B,5000,11.36,0.07,N,2,0
5772,29,54000,MORTGAGE,2.0,DEBTCONSOLIDATION,B,5000,11.48,0.09,N,10,1
5773,26,130000,MORTGAGE,4.0,EDUCATION,D,8000,14.96,0.06,N,4,0
5774,22,38000,RENT,6.0,EDUCATION,D,6000,16.49,0.16,N,4,0
5775,66,35000,RENT,2.0,EDUCATION,A,6000,8.9,0.17,N,29,0
5776,32,89000,MORTGAGE,13.0,PERSONAL,B,10000,10.36,0.11,N,7,0
5777,27,20000,RENT,1.0,MEDICAL,C,5500,13.11,0.28,N,5,0
5778,23,70000,RENT,7.0,EDUCATION,B,4000,11.11,0.06,N,3,0
5779,22,48000,RENT,6.0,VENTURE,A,10000,8.94,0.21,N,3,0
5780,27,34000,OWN,7.0,EDUCATION,C,7000,13.35,0.21,Y,6,0
5781,27,120000,MORTGAGE,3.0,PERSONAL,B,10000,10.99,0.08,N,8,0
5782,35,62000,RENT,4.0,EDUCATION,B,5000,10.38,0.08,N,7,0
5783,28,36000,RENT,3.0,VENTURE,A,10000,6.91,0.28,N,9,0
5784,24,95000,MORTGAGE,5.0,EDUCATION,B,20000,11.89,0.21,N,2,0
5785,26,45000,RENT,3.0,PERSONAL,A,13000,7.88,0.29,N,4,0
5786,23,108000,MORTGAGE,7.0,EDUCATION,B,12000,11.49,0.11,N,4,0
5787,29,36000,RENT,3.0,VENTURE,B,8000,9.88,0.22,N,10,0
5788,22,48000,RENT,6.0,DEBTCONSOLIDATION,B,15000,10.65,0.31,N,3,1
5789,33,24000,OWN,0.0,MEDICAL,C,1600,13.85,0.07,Y,6,0
5790,25,50000,MORTGAGE,9.0,VENTURE,A,12000,7.51,0.24,N,4,0
5791,23,75000,RENT,1.0,PERSONAL,A,10000,6.62,0.13,N,2,0
5792,25,70000,MORTGAGE,9.0,MEDICAL,A,10000,7.9,0.14,N,2,0
5793,22,30000,RENT,0.0,EDUCATION,B,1800,11.71,0.06,N,4,0
5794,21,20000,RENT,5.0,EDUCATION,B,4800,11.99,0.24,N,2,0
5795,25,102000,OWN,3.0,MEDICAL,C,18000,13.85,0.19,N,2,0
5796,24,42000,RENT,1.0,PERSONAL,D,12000,14.59,0.29,N,4,1
5797,26,54000,RENT,3.0,MEDICAL,D,6400,14.96,0.12,N,3,1
5798,25,55000,MORTGAGE,9.0,HOMEIMPROVEMENT,A,6000,7.88,0.11,N,2,0
5799,25,48000,RENT,0.0,DEBTCONSOLIDATION,C,6500,14.26,0.14,Y,2,0
5800,22,24000,RENT,2.0,DEBTCONSOLIDATION,B,5000,10.75,0.21,N,2,0
5801,29,40000,RENT,1.0,MEDICAL,C,6000,14.17,0.15,N,8,0
5802,25,55000,MORTGAGE,9.0,EDUCATION,B,7000,11.49,0.13,N,3,0
5803,22,46000,RENT,3.0,EDUCATION,C,5000,13.49,0.11,N,4,0
5804,25,120000,RENT,0.0,HOMEIMPROVEMENT,A,10000,7.29,0.08,N,2,0
5805,29,60000,RENT,13.0,PERSONAL,C,15000,13.85,0.25,N,10,0
5806,28,90000,MORTGAGE,1.0,VENTURE,B,5000,12.69,0.06,N,10,0
5807,23,35000,RENT,4.0,VENTURE,B,4200,11.49,0.12,N,3,0
5808,24,36000,RENT,6.0,VENTURE,B,12000,10.65,0.33,N,2,1
5809,23,72000,MORTGAGE,7.0,EDUCATION,A,4200,6.76,0.06,N,2,0
5810,26,84000,MORTGAGE,10.0,PERSONAL,C,12000,13.49,0.14,N,2,0
5811,25,45000,RENT,0.0,PERSONAL,A,3000,5.79,0.07,N,2,0
5812,24,100300,RENT,3.0,HOMEIMPROVEMENT,A,12000,7.88,0.1,N,2,0
5813,30,46000,RENT,2.0,DEBTCONSOLIDATION,B,12000,11.71,0.26,N,9,0
5814,22,48000,MORTGAGE,7.0,PERSONAL,A,16000,7.88,0.34,N,3,0
5815,36,42000,RENT,0.0,MEDICAL,A,2500,6.62,0.06,N,11,0
5816,22,31000,RENT,1.0,DEBTCONSOLIDATION,C,2500,13.61,0.08,N,4,1
5817,31,62496,RENT,14.0,MEDICAL,A,12000,6.91,0.19,N,8,0
5818,22,30000,MORTGAGE,6.0,VENTURE,C,4000,13.99,0.13,N,2,0
5819,26,55000,RENT,0.0,HOMEIMPROVEMENT,A,8000,5.42,0.15,N,4,0
5820,23,90000,MORTGAGE,3.0,VENTURE,A,10000,8.0,0.11,N,3,0
5821,24,54000,RENT,4.0,VENTURE,A,6000,7.51,0.11,N,4,0
5822,39,65000,RENT,3.0,PERSONAL,A,3625,6.03,0.06,N,15,0
5823,22,49000,RENT,4.0,EDUCATION,B,3600,11.12,0.07,N,3,0
5824,23,41000,RENT,5.0,DEBTCONSOLIDATION,A,6000,7.9,0.15,N,4,0
5825,32,65200,RENT,4.0,VENTURE,A,4000,8.0,0.06,N,5,0
5826,23,54000,MORTGAGE,7.0,PERSONAL,A,10000,7.29,0.19,N,4,0
5827,32,150000,MORTGAGE,16.0,VENTURE,A,10000,6.03,0.07,N,6,0
5828,24,65000,MORTGAGE,7.0,MEDICAL,A,15000,7.9,0.23,N,3,0
5829,24,51000,RENT,3.0,DEBTCONSOLIDATION,C,5000,15.96,0.1,N,4,1
5830,32,50000,RENT,1.0,EDUCATION,C,10000,13.49,0.2,Y,5,0
5831,39,60000,RENT,4.0,PERSONAL,A,5000,5.42,0.08,N,13,0
5832,34,65000,MORTGAGE,4.0,VENTURE,A,5000,5.42,0.08,N,9,0
5833,44,39552,MORTGAGE,4.0,VENTURE,B,13000,10.99,0.31,N,13,0
5834,26,60000,MORTGAGE,9.0,PERSONAL,A,7000,6.62,0.12,N,3,0
5835,26,48000,RENT,4.0,DEBTCONSOLIDATION,C,11200,14.26,0.23,Y,2,0
5836,37,69000,RENT,2.0,HOMEIMPROVEMENT,A,17000,7.88,0.25,N,13,0
5837,26,51400,RENT,1.0,HOMEIMPROVEMENT,A,8000,7.9,0.16,N,3,0
5838,30,51600,MORTGAGE,9.0,DEBTCONSOLIDATION,B,1800,10.59,0.04,N,7,0
5839,22,45000,MORTGAGE,5.0,PERSONAL,C,6000,13.23,0.13,Y,3,0
5840,24,48000,MORTGAGE,8.0,PERSONAL,B,3000,10.59,0.06,N,2,0
5841,43,70000,MORTGAGE,5.0,EDUCATION,A,25000,7.49,0.36,N,14,0
5842,28,66000,MORTGAGE,9.0,VENTURE,A,6000,8.9,0.09,N,9,0
5843,27,24000,RENT,0.0,MEDICAL,B,12000,10.74,0.5,N,5,0
5844,25,70000,MORTGAGE,9.0,DEBTCONSOLIDATION,B,4000,11.71,0.05,N,2,0
5845,38,39500,RENT,0.0,MEDICAL,C,5000,11.22,0.13,N,16,0
5846,29,60000,RENT,13.0,MEDICAL,B,15000,11.86,0.25,N,9,0
5847,23,51000,RENT,3.0,EDUCATION,A,20000,6.54,0.39,N,4,1
5848,26,105000,MORTGAGE,10.0,HOMEIMPROVEMENT,A,6000,7.49,0.06,N,3,0
5849,24,65000,MORTGAGE,3.0,DEBTCONSOLIDATION,A,6400,7.51,0.1,N,2,0
5850,26,54000,RENT,6.0,DEBTCONSOLIDATION,D,7000,15.65,0.13,Y,3,1
5851,33,45000,OWN,2.0,MEDICAL,C,8000,12.73,0.18,N,9,0
5852,24,74909,MORTGAGE,8.0,MEDICAL,C,14000,14.27,0.16,N,2,1
5853,25,60000,MORTGAGE,9.0,MEDICAL,A,7500,5.79,0.13,N,4,0
5854,38,100000,RENT,0.0,MEDICAL,C,9000,15.23,0.09,Y,14,0
5855,24,60000,RENT,3.0,MEDICAL,C,5000,13.61,0.08,N,3,0
5856,29,50000,MORTGAGE,9.0,DEBTCONSOLIDATION,A,7000,7.88,0.14,N,5,0
5857,21,32000,RENT,2.0,DEBTCONSOLIDATION,E,1000,16.45,0.03,N,4,1
5858,30,75000,RENT,0.0,VENTURE,B,6000,9.99,0.08,N,10,0
5859,27,48000,RENT,4.0,MEDICAL,B,15000,11.99,0.31,N,10,1
5860,23,48000,RENT,6.0,EDUCATION,A,5000,8.0,0.1,N,2,0
5861,28,51000,RENT,3.0,VENTURE,B,1000,11.83,0.02,N,9,0
5862,23,45000,MORTGAGE,7.0,EDUCATION,D,6000,14.11,0.13,N,3,0
5863,23,30000,RENT,0.0,EDUCATION,C,4800,13.49,0.16,N,2,0
5864,35,92000,MORTGAGE,3.0,MEDICAL,B,10000,11.26,0.11,N,5,0
5865,24,71004,RENT,1.0,VENTURE,B,1800,11.12,0.03,N,4,0
5866,26,55000,MORTGAGE,5.0,PERSONAL,B,4500,9.63,0.08,N,4,0
5867,27,35000,RENT,5.0,MEDICAL,B,7000,12.69,0.2,N,6,0
5868,24,59000,RENT,4.0,PERSONAL,A,6000,7.88,0.1,N,4,0
5869,23,80000,MORTGAGE,7.0,DEBTCONSOLIDATION,B,5000,11.36,0.06,N,2,0
5870,24,35000,RENT,2.0,MEDICAL,A,14850,6.62,0.45,N,4,1
5871,23,47000,MORTGAGE,7.0,VENTURE,A,6000,7.9,0.13,N,4,0
5872,27,50000,MORTGAGE,4.0,VENTURE,A,10000,8.59,0.2,N,8,0
5873,30,45000,RENT,14.0,MEDICAL,C,10400,14.27,0.23,N,9,0
5874,31,55000,MORTGAGE,5.0,HOMEIMPROVEMENT,B,12000,10.0,0.22,N,8,0
5875,40,30000,MORTGAGE,1.0,DEBTCONSOLIDATION,A,5000,7.14,0.17,N,13,0
5876,22,30000,RENT,6.0,EDUCATION,B,1200,10.99,0.04,N,4,0
5877,37,125000,OWN,6.0,VENTURE,C,10000,13.47,0.08,N,11,0
5878,37,74568,RENT,0.0,VENTURE,C,6000,14.26,0.08,N,13,0
5879,34,65000,MORTGAGE,3.0,EDUCATION,D,25000,16.89,0.38,Y,7,0
5880,29,60000,RENT,4.0,HOMEIMPROVEMENT,C,9000,13.57,0.15,Y,6,0
5881,24,36000,RENT,8.0,DEBTCONSOLIDATION,B,6500,10.25,0.18,N,4,0
5882,24,65000,RENT,7.0,VENTURE,B,8000,11.83,0.12,N,3,0
5883,23,55000,MORTGAGE,7.0,VENTURE,C,12000,13.99,0.22,N,2,0
5884,23,30000,RENT,0.0,EDUCATION,C,8000,14.65,0.27,N,4,0
5885,28,54000,MORTGAGE,0.0,EDUCATION,A,7200,8.0,0.13,N,9,0
5886,24,50000,RENT,0.0,MEDICAL,A,12000,7.66,0.24,N,4,0
5887,27,65004,MORTGAGE,0.0,VENTURE,A,13000,7.51,0.2,N,7,0
5888,23,24000,RENT,0.0,EDUCATION,B,1000,10.95,0.04,N,4,0
5889,23,100000,MORTGAGE,7.0,MEDICAL,B,6000,11.49,0.06,N,2,0
5890,37,52000,RENT,13.0,VENTURE,A,8000,7.51,0.15,N,11,0
5891,22,42000,RENT,6.0,PERSONAL,A,5000,6.62,0.12,N,3,0
5892,26,84000,MORTGAGE,1.0,PERSONAL,B,20000,11.83,0.24,N,4,0
5893,23,69000,RENT,2.0,PERSONAL,D,10000,17.58,0.14,N,3,1
5894,27,65000,RENT,7.0,PERSONAL,C,6000,13.99,0.09,N,10,0
5895,33,50000,RENT,4.0,PERSONAL,A,6000,8.9,0.12,N,5,0
5896,25,72500,RENT,1.0,HOMEIMPROVEMENT,B,12000,10.59,0.17,N,3,0
5897,27,42000,RENT,5.0,EDUCATION,C,2250,13.49,0.05,N,8,0
5898,27,69000,RENT,2.0,PERSONAL,A,4800,7.49,0.07,N,5,1
5899,21,42000,MORTGAGE,4.0,VENTURE,D,5200,17.27,0.12,Y,2,1
5900,28,60000,RENT,8.0,VENTURE,A,12000,6.17,0.2,N,6,0
5901,24,38400,RENT,8.0,MEDICAL,D,3500,13.24,0.09,Y,4,0
5902,28,75000,MORTGAGE,5.0,DEBTCONSOLIDATION,B,4500,11.71,0.06,N,10,0
5903,23,120000,MORTGAGE,7.0,EDUCATION,B,25000,10.25,0.21,N,2,0
5904,27,90000,MORTGAGE,2.0,MEDICAL,A,7000,7.14,0.08,N,10,0
5905,38,48000,RENT,1.0,EDUCATION,A,4000,7.88,0.08,N,11,0
5906,30,70000,MORTGAGE,14.0,VENTURE,A,6000,9.63,0.09,N,7,0
5907,34,50000,RENT,7.0,EDUCATION,B,8000,10.65,0.16,N,6,0
5908,22,53000,MORTGAGE,6.0,MEDICAL,A,3000,6.76,0.06,N,4,0
5909,29,55000,RENT,0.0,VENTURE,C,6000,13.22,0.11,Y,8,0
5910,27,74800,MORTGAGE,11.0,MEDICAL,E,20000,16.45,0.23,Y,7,1
5911,45,90000,MORTGAGE,13.0,VENTURE,B,5000,10.99,0.06,N,12,0
5912,22,83000,RENT,3.0,PERSONAL,D,16000,15.31,0.19,N,4,1
5913,23,43200,RENT,7.0,EDUCATION,B,18000,10.74,0.42,N,2,1
5914,21,36000,RENT,5.0,DEBTCONSOLIDATION,D,10400,14.84,0.3,Y,2,1
5915,22,65000,RENT,6.0,PERSONAL,A,12000,7.88,0.18,N,3,0
5916,23,45000,RENT,2.0,VENTURE,B,2000,10.36,0.04,N,2,0
5917,26,46000,RENT,2.0,DEBTCONSOLIDATION,D,10000,14.91,0.22,Y,4,1
5918,23,35000,OWN,4.0,EDUCATION,C,8000,13.43,0.23,N,4,0
5919,22,50000,MORTGAGE,7.0,EDUCATION,A,12800,7.88,0.26,N,2,0
5920,43,90000,MORTGAGE,0.0,MEDICAL,A,10000,5.42,0.11,N,16,0
5921,45,86400,RENT,14.0,MEDICAL,A,8000,6.03,0.09,N,13,0
5922,58,45600,MORTGAGE,20.0,PERSONAL,A,6000,6.76,0.13,N,26,0
5923,21,90000,RENT,5.0,EDUCATION,C,10000,12.99,0.11,Y,2,0
5924,25,39000,RENT,0.0,MEDICAL,E,15000,15.68,0.38,N,2,1
5925,22,30000,MORTGAGE,6.0,EDUCATION,C,4000,13.61,0.13,N,4,0
5926,26,35000,RENT,0.0,PERSONAL,C,9600,13.16,0.27,Y,3,0
5927,25,100000,MORTGAGE,9.0,EDUCATION,A,5000,6.62,0.05,N,4,0
5928,23,60000,MORTGAGE,7.0,VENTURE,A,10000,6.17,0.17,N,4,0
5929,27,120000,MORTGAGE,11.0,PERSONAL,A,6000,7.51,0.05,N,7,0
5930,25,37200,RENT,0.0,PERSONAL,C,6000,12.98,0.16,Y,2,0
5931,26,60000,OWN,10.0,EDUCATION,A,6000,7.74,0.1,N,4,0
5932,22,30000,RENT,3.0,VENTURE,A,10000,7.51,0.33,N,3,1
5933,22,45000,MORTGAGE,6.0,MEDICAL,A,5000,7.9,0.11,N,2,0
5934,23,30900,RENT,1.0,MEDICAL,B,6225,11.49,0.21,N,2,0
5935,27,43000,MORTGAGE,11.0,VENTURE,A,3500,7.68,0.08,N,7,0
5936,27,65000,RENT,1.0,DEBTCONSOLIDATION,C,3000,13.49,0.05,N,6,0
5937,25,150000,RENT,9.0,EDUCATION,B,15000,12.42,0.1,N,3,0
5938,22,40000,MORTGAGE,6.0,EDUCATION,D,12000,14.11,0.3,Y,4,0
5939,28,60000,MORTGAGE,6.0,EDUCATION,B,10000,12.42,0.17,N,10,0
5940,29,43200,RENT,1.0,MEDICAL,C,3000,11.97,0.07,Y,7,0
5941,37,120000,MORTGAGE,8.0,EDUCATION,A,9500,7.14,0.08,N,12,0
5942,30,135000,MORTGAGE,14.0,PERSONAL,D,25000,15.33,0.19,N,7,0
5943,22,55000,MORTGAGE,0.0,EDUCATION,A,1800,5.79,0.03,N,3,0
5944,34,88000,MORTGAGE,3.0,HOMEIMPROVEMENT,D,13000,17.58,0.15,N,5,0
5945,42,37200,RENT,1.0,EDUCATION,D,3000,16.29,0.08,Y,11,1
5946,44,121722,MORTGAGE,3.0,VENTURE,B,7200,10.36,0.06,N,17,0
5947,21,30000,RENT,1.0,EDUCATION,C,6000,13.16,0.2,N,4,0
5948,23,66000,RENT,1.0,EDUCATION,C,12000,13.99,0.18,Y,4,0
5949,32,80000,MORTGAGE,5.0,HOMEIMPROVEMENT,C,18000,13.85,0.23,N,7,0
5950,29,80000,MORTGAGE,5.0,DEBTCONSOLIDATION,B,24000,11.49,0.3,N,8,0
5951,24,25000,RENT,4.0,DEBTCONSOLIDATION,D,8000,16.77,0.32,N,4,1
5952,31,68000,MORTGAGE,0.0,HOMEIMPROVEMENT,A,18000,7.9,0.26,N,9,0
5953,33,77500,OWN,2.0,EDUCATION,B,7500,12.18,0.1,N,5,0
5954,28,40000,RENT,0.0,VENTURE,C,7500,12.84,0.19,N,10,0
5955,36,42000,RENT,2.0,EDUCATION,B,6000,10.39,0.14,N,13,0
5956,22,78000,RENT,4.0,EDUCATION,B,15000,10.0,0.19,N,2,0
5957,29,54000,MORTGAGE,5.0,EDUCATION,A,10000,5.99,0.19,N,7,0
5958,24,60000,MORTGAGE,6.0,PERSONAL,A,9000,7.49,0.15,N,4,0
5959,27,44000,RENT,2.0,PERSONAL,D,6000,15.21,0.14,N,6,1
5960,25,80000,MORTGAGE,9.0,EDUCATION,A,13000,7.88,0.16,N,2,0
5961,22,60000,MORTGAGE,2.0,DEBTCONSOLIDATION,B,4000,10.75,0.07,N,4,0
5962,28,110000,MORTGAGE,12.0,DEBTCONSOLIDATION,A,5000,7.14,0.05,N,7,0
5963,22,60000,RENT,6.0,VENTURE,B,12000,10.65,0.2,N,3,0
5964,25,55000,RENT,2.0,PERSONAL,D,2400,14.96,0.04,N,4,0
5965,31,28800,MORTGAGE,11.0,MEDICAL,A,6800,7.51,0.24,N,5,0
5966,28,75000,RENT,2.0,HOMEIMPROVEMENT,B,20000,11.48,0.27,N,5,0
5967,54,45000,RENT,1.0,PERSONAL,A,5000,6.99,0.11,N,20,0
5968,24,96000,MORTGAGE,8.0,VENTURE,B,9600,11.99,0.1,N,4,0
5969,29,60000,MORTGAGE,11.0,VENTURE,A,10000,7.51,0.17,N,10,0
5970,24,24000,RENT,2.0,VENTURE,C,2000,14.17,0.08,Y,4,0
5971,38,75000,MORTGAGE,5.0,PERSONAL,B,15000,10.25,0.2,N,17,0
5972,41,30000,RENT,0.0,MEDICAL,B,10000,10.71,0.33,N,11,1
5973,32,67000,RENT,3.0,HOMEIMPROVEMENT,B,17000,11.14,0.26,N,8,0
5974,23,40000,MORTGAGE,7.0,MEDICAL,A,2000,6.39,0.05,N,2,0
5975,27,165000,OWN,4.0,HOMEIMPROVEMENT,A,9600,8.94,0.06,N,6,0
5976,29,110000,RENT,2.0,HOMEIMPROVEMENT,C,12000,13.57,0.11,N,5,0
5977,23,80000,OWN,7.0,VENTURE,A,20000,6.54,0.25,N,4,0
5978,23,98850,MORTGAGE,7.0,PERSONAL,B,15000,9.01,0.16,N,2,0
5979,23,54000,MORTGAGE,0.0,HOMEIMPROVEMENT,D,10200,14.91,0.19,Y,2,1
5980,42,60000,MORTGAGE,5.0,MEDICAL,B,9000,11.83,0.15,N,15,0
5981,27,42504,MORTGAGE,2.0,PERSONAL,B,8000,10.59,0.19,N,9,0
5982,25,115000,MORTGAGE,9.0,DEBTCONSOLIDATION,B,7500,10.99,0.07,N,4,0
5983,22,33150,RENT,0.0,VENTURE,C,11500,12.98,0.35,Y,4,1
5984,38,90000,RENT,0.0,HOMEIMPROVEMENT,B,6000,11.11,0.07,N,14,0
5985,26,48000,OWN,10.0,VENTURE,A,10000,7.49,0.21,N,3,0
5986,26,36000,MORTGAGE,4.0,VENTURE,A,6000,6.99,0.17,N,4,0
5987,23,70000,MORTGAGE,2.0,EDUCATION,A,6000,8.94,0.09,N,3,0
5988,27,60000,OWN,0.0,HOMEIMPROVEMENT,B,9000,11.36,0.15,N,8,0
5989,23,60000,MORTGAGE,4.0,VENTURE,B,10000,10.99,0.17,N,4,0
5990,41,132000,MORTGAGE,15.0,DEBTCONSOLIDATION,A,8000,8.49,0.07,N,17,0
5991,32,56004,MORTGAGE,5.0,VENTURE,B,6000,10.74,0.11,N,7,0
5992,25,80000,MORTGAGE,9.0,EDUCATION,B,6000,12.69,0.07,N,4,0
5993,27,80000,RENT,3.0,EDUCATION,D,20000,14.96,0.25,Y,8,0
5994,28,32000,OWN,4.0,MEDICAL,B,12000,11.99,0.38,N,5,0
5995,32,84000,MORTGAGE,0.0,DEBTCONSOLIDATION,A,3000,5.42,0.04,N,7,0
5996,44,84000,MORTGAGE,3.0,VENTURE,A,2850,7.51,0.03,N,17,0
5997,36,144000,RENT,0.0,DEBTCONSOLIDATION,C,5800,14.72,0.04,Y,15,0
5998,27,44000,MORTGAGE,0.0,PERSONAL,A,10000,7.51,0.23,N,6,1
5999,35,70000,MORTGAGE,0.0,DEBTCONSOLIDATION,C,6000,13.11,0.09,Y,10,0
6000,39,102000,MORTGAGE,3.0,EDUCATION,C,8400,13.57,0.08,Y,12,0
6001,32,74004,MORTGAGE,0.0,DEBTCONSOLIDATION,A,12000,6.62,0.16,N,8,0
6002,26,70000,MORTGAGE,3.0,HOMEIMPROVEMENT,C,12000,14.65,0.17,N,2,0
6003,22,65000,RENT,1.0,DEBTCONSOLIDATION,A,10000,5.79,0.15,N,3,0
6004,27,38000,RENT,1.0,DEBTCONSOLIDATION,A,9600,9.32,0.25,N,7,0
6005,31,71400,MORTGAGE,15.0,PERSONAL,C,3000,15.27,0.04,Y,7,0
6006,38,85000,MORTGAGE,5.0,VENTURE,B,8000,11.99,0.09,N,17,0
6007,22,100000,MORTGAGE,6.0,VENTURE,B,3000,11.49,0.03,N,4,0
6008,25,26000,MORTGAGE,6.0,DEBTCONSOLIDATION,A,6000,7.29,0.23,N,2,0
6009,38,60000,RENT,0.0,MEDICAL,C,6000,13.49,0.1,Y,16,0
6010,23,54000,MORTGAGE,5.0,MEDICAL,D,8000,15.99,0.15,N,2,1
6011,22,65000,RENT,2.0,VENTURE,B,12800,9.45,0.2,N,4,0
6012,27,100000,MORTGAGE,11.0,VENTURE,C,10000,12.87,0.1,Y,5,0
6013,32,70000,MORTGAGE,2.0,VENTURE,B,5000,9.99,0.07,N,8,0
6014,23,65000,MORTGAGE,7.0,DEBTCONSOLIDATION,A,6000,7.51,0.09,N,3,0
6015,21,60000,MORTGAGE,0.0,VENTURE,C,12000,12.53,0.2,Y,4,0
6016,35,53500,RENT,1.0,MEDICAL,C,11000,12.53,0.21,N,6,0
6017,25,60000,MORTGAGE,6.0,PERSONAL,A,15000,5.42,0.25,N,4,0
6018,27,38400,RENT,3.0,MEDICAL,A,5000,7.29,0.13,N,10,0
6019,37,50000,MORTGAGE,4.0,PERSONAL,B,3500,12.21,0.07,N,12,0
6020,26,50000,MORTGAGE,10.0,VENTURE,A,15000,8.9,0.3,N,4,0
6021,24,24000,OWN,1.0,MEDICAL,D,2000,14.96,0.08,Y,3,0
6022,36,52000,RENT,5.0,DEBTCONSOLIDATION,A,7000,7.29,0.13,N,16,0
6023,37,39996,RENT,7.0,VENTURE,A,12000,8.94,0.3,N,14,0
6024,22,42000,RENT,3.0,EDUCATION,A,2000,7.9,0.05,N,4,0
6025,38,43900,RENT,19.0,MEDICAL,C,6000,13.49,0.13,N,17,0
6026,35,31000,RENT,4.0,EDUCATION,D,7200,14.96,0.24,Y,9,0
6027,35,66000,RENT,0.0,PERSONAL,B,2000,12.53,0.03,N,10,0
6028,22,32000,RENT,1.0,HOMEIMPROVEMENT,C,7000,15.27,0.22,Y,2,1
6029,23,51996,RENT,0.0,PERSONAL,C,10000,13.47,0.19,Y,2,0
6030,25,40000,RENT,9.0,EDUCATION,A,1000,6.39,0.03,N,4,0
6031,25,32000,MORTGAGE,7.0,PERSONAL,B,15000,12.42,0.47,N,2,0
6032,26,30000,RENT,2.0,DEBTCONSOLIDATION,C,5000,13.49,0.17,Y,4,0
6033,23,57600,RENT,7.0,PERSONAL,D,12000,18.25,0.2,Y,3,0
6034,29,75000,RENT,0.0,HOMEIMPROVEMENT,A,4400,5.99,0.06,N,8,0
6035,25,120000,MORTGAGE,9.0,HOMEIMPROVEMENT,B,8000,11.12,0.07,N,3,0
6036,23,48000,RENT,7.0,EDUCATION,B,10000,11.14,0.21,N,3,0
6037,32,40000,OWN,5.0,EDUCATION,C,7000,14.26,0.17,Y,10,0
6038,34,110000,MORTGAGE,0.0,EDUCATION,B,24000,10.99,0.22,N,7,0
6039,27,120000,MORTGAGE,6.0,DEBTCONSOLIDATION,A,10000,7.14,0.08,N,5,0
6040,27,49000,MORTGAGE,1.0,PERSONAL,D,2400,15.33,0.05,Y,10,1
6041,23,60000,RENT,5.0,EDUCATION,B,9500,11.71,0.16,N,3,0
6042,25,96000,MORTGAGE,8.0,DEBTCONSOLIDATION,B,16000,10.65,0.17,N,4,0
6043,24,130000,MORTGAGE,8.0,PERSONAL,B,15000,12.21,0.12,N,3,0
6044,24,93080,MORTGAGE,8.0,MEDICAL,A,13500,7.14,0.14,N,2,0
6045,29,60000,MORTGAGE,2.0,PERSONAL,A,5000,7.51,0.08,N,6,0
6046,40,90000,RENT,1.0,MEDICAL,B,10000,11.86,0.11,N,12,0
6047,33,130000,RENT,4.0,VENTURE,A,12000,7.66,0.09,N,9,0
6048,25,69996,RENT,3.0,HOMEIMPROVEMENT,B,10000,10.37,0.14,N,3,0
6049,25,28000,RENT,0.0,EDUCATION,B,1800,10.59,0.06,N,4,0
6050,24,53826,MORTGAGE,5.0,VENTURE,A,12300,7.88,0.22,N,2,0
6051,28,60000,MORTGAGE,12.0,VENTURE,A,5000,6.99,0.08,N,8,0
6052,24,65000,MORTGAGE,8.0,MEDICAL,A,10000,7.51,0.15,N,3,0
6053,23,65000,MORTGAGE,0.0,MEDICAL,A,3000,8.9,0.05,N,4,0
6054,31,38000,RENT,1.0,MEDICAL,B,2000,10.36,0.05,N,9,0
6055,25,75000,RENT,9.0,MEDICAL,A,10000,7.88,0.13,N,4,0
6056,23,54996,RENT,3.0,MEDICAL,B,5200,9.62,0.1,N,2,0
6057,27,53000,RENT,11.0,PERSONAL,A,7800,8.49,0.14,N,6,0
6058,32,24000,RENT,5.0,DEBTCONSOLIDATION,A,4750,6.62,0.2,N,9,0
6059,23,42000,RENT,5.0,EDUCATION,A,4000,7.51,0.1,N,3,0
6060,22,58000,RENT,1.0,PERSONAL,C,1500,12.53,0.03,Y,3,0
6061,30,60000,RENT,0.0,EDUCATION,C,9000,13.61,0.15,N,7,0
6062,28,56000,MORTGAGE,12.0,VENTURE,B,4800,11.99,0.09,N,7,0
6063,23,48000,RENT,7.0,PERSONAL,C,7500,14.65,0.16,N,2,0
6064,25,78000,RENT,6.0,MEDICAL,A,15000,9.63,0.19,N,3,0
6065,23,50426,RENT,2.0,DEBTCONSOLIDATION,A,4200,6.76,0.08,N,4,0
6066,23,113000,MORTGAGE,2.0,DEBTCONSOLIDATION,D,25000,14.91,0.22,Y,2,1
6067,22,120000,MORTGAGE,7.0,EDUCATION,A,5150,6.76,0.04,N,3,0
6068,23,60000,RENT,0.0,EDUCATION,B,7800,10.59,0.13,N,4,0
6069,28,44000,RENT,3.0,PERSONAL,B,9000,9.63,0.2,N,5,0
6070,33,72000,RENT,3.0,MEDICAL,C,6000,12.53,0.08,N,10,0
6071,27,35000,RENT,2.0,MEDICAL,B,5000,11.86,0.14,N,8,0
6072,32,70000,MORTGAGE,0.0,VENTURE,A,5000,7.43,0.07,N,5,0
6073,22,69000,MORTGAGE,6.0,DEBTCONSOLIDATION,D,4900,15.99,0.07,N,4,1
6074,31,31000,OWN,0.0,HOMEIMPROVEMENT,D,2850,15.21,0.09,Y,8,0
6075,22,50000,MORTGAGE,6.0,PERSONAL,A,10000,6.03,0.2,N,2,0
6076,23,73164,MORTGAGE,7.0,DEBTCONSOLIDATION,B,1000,10.36,0.01,N,2,0
6077,30,85000,MORTGAGE,2.0,VENTURE,C,12000,15.23,0.14,N,7,0
6078,27,32000,RENT,11.0,MEDICAL,A,2500,7.68,0.08,N,5,0
6079,26,134000,RENT,9.0,VENTURE,D,25000,16.02,0.19,Y,4,0
6080,23,50000,OWN,7.0,EDUCATION,A,7000,5.79,0.14,N,4,0
6081,30,50000,MORTGAGE,9.0,PERSONAL,B,3000,10.99,0.06,N,8,0
6082,24,70000,RENT,9.0,DEBTCONSOLIDATION,B,20000,10.62,0.29,N,2,0
6083,28,52000,MORTGAGE,12.0,PERSONAL,A,12000,7.88,0.23,N,6,0
6084,24,44000,MORTGAGE,8.0,DEBTCONSOLIDATION,A,8000,6.62,0.18,N,2,0
6085,29,70000,MORTGAGE,4.0,DEBTCONSOLIDATION,A,10000,5.99,0.14,N,6,0
6086,24,70000,MORTGAGE,8.0,PERSONAL,A,3000,5.99,0.04,N,4,0
6087,34,30000,RENT,0.0,VENTURE,B,6000,10.99,0.2,N,7,0
6088,34,50000,RENT,3.0,VENTURE,A,6000,5.79,0.12,N,8,0
6089,23,63000,RENT,2.0,DEBTCONSOLIDATION,A,5000,8.0,0.08,N,3,0
6090,33,64698,RENT,11.0,MEDICAL,D,9000,17.49,0.11,N,9,1
6091,23,45000,RENT,3.0,EDUCATION,C,10000,12.53,0.22,N,4,0
6092,22,42000,RENT,3.0,PERSONAL,B,4800,10.38,0.11,N,4,0
6093,28,110000,MORTGAGE,12.0,HOMEIMPROVEMENT,C,10000,15.23,0.09,N,10,0
6094,24,32000,RENT,3.0,EDUCATION,C,10000,13.11,0.31,Y,4,1
6095,22,75000,MORTGAGE,4.0,PERSONAL,B,5000,11.86,0.07,N,3,0
6096,23,75000,RENT,3.0,EDUCATION,A,10000,8.9,0.13,N,4,0
6097,28,43000,RENT,3.0,DEBTCONSOLIDATION,C,10000,13.16,0.23,Y,10,0
6098,24,50000,MORTGAGE,2.0,EDUCATION,B,10000,10.65,0.2,N,4,0
6099,22,168600,RENT,3.0,MEDICAL,B,20000,11.58,0.12,N,2,0
6100,22,30000,RENT,2.0,PERSONAL,B,2500,9.99,0.08,N,4,0
6101,56,70000,MORTGAGE,4.0,PERSONAL,A,10000,9.63,0.14,N,19,0
6102,32,48000,MORTGAGE,0.0,PERSONAL,C,5000,14.35,0.1,Y,10,0
6103,32,62000,RENT,6.0,PERSONAL,B,3000,10.0,0.05,N,10,0
6104,22,75000,MORTGAGE,6.0,EDUCATION,B,15000,11.11,0.2,N,2,0
6105,23,54000,RENT,5.0,VENTURE,E,9000,17.93,0.17,Y,3,0
6106,23,96000,RENT,7.0,EDUCATION,C,2400,13.92,0.02,N,3,0
6107,25,50000,RENT,1.0,DEBTCONSOLIDATION,A,4500,7.9,0.09,N,4,0
6108,25,48732,RENT,5.0,MEDICAL,B,2800,11.86,0.06,N,2,0
6109,26,35004,OWN,0.0,VENTURE,A,2500,8.0,0.07,N,2,0
6110,23,65000,RENT,3.0,VENTURE,A,6000,7.9,0.09,N,2,0
6111,27,72000,MORTGAGE,11.0,VENTURE,B,16000,12.42,0.22,N,5,0
6112,44,45000,MORTGAGE,5.0,HOMEIMPROVEMENT,B,7500,11.49,0.16,N,15,0
6113,22,45000,RENT,6.0,MEDICAL,A,12000,7.49,0.27,N,4,0
6114,25,42000,RENT,4.0,MEDICAL,C,8000,14.27,0.19,N,4,0
6115,35,20000,RENT,4.0,MEDICAL,C,2000,13.23,0.1,N,8,0
6116,30,45000,RENT,2.0,PERSONAL,B,13250,10.65,0.3,N,10,0
6117,22,78000,MORTGAGE,6.0,DEBTCONSOLIDATION,A,4000,7.29,0.05,N,3,0
6118,22,68000,MORTGAGE,2.0,DEBTCONSOLIDATION,A,10000,7.51,0.15,N,2,0
6119,31,79100,RENT,4.0,PERSONAL,A,3300,5.42,0.04,N,10,0
6120,23,80000,MORTGAGE,8.0,EDUCATION,B,15000,9.91,0.19,N,4,0
6121,23,24000,RENT,4.0,EDUCATION,A,6000,7.9,0.25,N,2,0
6122,25,49000,RENT,6.0,MEDICAL,E,6000,16.45,0.12,Y,3,1
6123,52,54833,MORTGAGE,14.0,HOMEIMPROVEMENT,A,20000,7.49,0.36,N,9,0
6124,25,175000,MORTGAGE,2.0,HOMEIMPROVEMENT,D,15000,17.27,0.09,Y,2,0
6125,29,49000,MORTGAGE,9.0,EDUCATION,B,3000,11.49,0.06,N,9,1
6126,23,39996,RENT,7.0,MEDICAL,B,2000,11.49,0.05,N,3,0
6127,25,73000,MORTGAGE,9.0,HOMEIMPROVEMENT,E,12000,16.45,0.16,N,3,0
6128,30,33000,RENT,1.0,PERSONAL,A,2525,8.9,0.07,N,10,0
6129,42,122000,MORTGAGE,1.0,DEBTCONSOLIDATION,C,15000,13.48,0.13,Y,15,0
6130,30,43500,RENT,0.0,MEDICAL,D,15000,15.65,0.35,N,10,1
6131,30,36000,RENT,0.0,MEDICAL,D,4000,14.46,0.11,Y,10,1
6132,25,120000,RENT,1.0,VENTURE,A,10000,7.51,0.08,N,3,0
6133,29,55000,MORTGAGE,9.0,PERSONAL,B,8000,10.99,0.15,N,5,0
6134,26,29364,RENT,4.0,HOMEIMPROVEMENT,C,10000,13.35,0.31,Y,8,1
6135,25,79416,MORTGAGE,3.0,HOMEIMPROVEMENT,B,5000,11.86,0.07,N,3,0
6136,26,40000,MORTGAGE,5.0,VENTURE,B,15000,11.48,0.38,N,3,0
6137,24,105000,MORTGAGE,8.0,HOMEIMPROVEMENT,C,12000,13.85,0.11,N,2,0
6138,26,75000,MORTGAGE,0.0,MEDICAL,A,10000,7.51,0.13,N,2,0
6139,24,22000,RENT,0.0,MEDICAL,C,4000,14.22,0.18,Y,2,0
6140,27,99996,MORTGAGE,11.0,HOMEIMPROVEMENT,A,5200,5.42,0.05,N,9,0
6141,25,40000,RENT,2.0,DEBTCONSOLIDATION,A,5000,5.42,0.13,N,2,0
6142,28,48000,RENT,2.0,VENTURE,B,5000,11.36,0.1,N,7,0
6143,38,44000,RENT,1.0,VENTURE,D,16000,12.92,0.37,Y,14,1
6144,22,78720,MORTGAGE,6.0,EDUCATION,A,10000,9.32,0.13,N,2,0
6145,28,80000,MORTGAGE,3.0,PERSONAL,A,6000,6.03,0.07,N,6,0
6146,24,23000,RENT,4.0,DEBTCONSOLIDATION,C,5000,13.49,0.22,Y,4,0
6147,37,60000,RENT,4.0,PERSONAL,D,10000,15.65,0.17,Y,14,0
6148,26,25000,RENT,10.0,VENTURE,A,5000,6.99,0.2,N,3,0
6149,23,42500,RENT,0.0,EDUCATION,A,3200,7.49,0.08,N,3,0
6150,29,76500,RENT,4.0,MEDICAL,B,11200,12.42,0.13,N,9,0
6151,22,38000,RENT,4.0,PERSONAL,A,2500,7.14,0.07,N,3,0
6152,28,45200,MORTGAGE,2.0,MEDICAL,B,5000,11.36,0.11,N,5,0
6153,24,69996,RENT,4.0,HOMEIMPROVEMENT,B,11700,11.71,0.18,N,2,0
6154,41,50000,RENT,0.0,EDUCATION,C,4000,14.27,0.08,N,17,0
6155,27,60000,OWN,7.0,MEDICAL,B,20000,12.18,0.33,N,10,0
6156,24,75000,OWN,8.0,MEDICAL,B,6000,11.14,0.08,N,2,0
6157,27,120000,RENT,4.0,PERSONAL,C,8000,13.61,0.07,Y,6,0
6158,27,54000,MORTGAGE,11.0,VENTURE,A,5000,7.9,0.09,N,5,0
6159,36,95004,MORTGAGE,2.0,DEBTCONSOLIDATION,A,4000,9.63,0.04,N,16,0
6160,33,100800,MORTGAGE,0.0,EDUCATION,C,22000,14.26,0.22,Y,6,0
6161,26,85000,RENT,1.0,VENTURE,C,12000,12.84,0.14,N,2,0
6162,31,60000,RENT,2.0,MEDICAL,A,6200,8.59,0.1,N,10,0
6163,24,72000,RENT,8.0,MEDICAL,A,16000,7.49,0.22,N,2,0
6164,28,40000,MORTGAGE,8.0,VENTURE,D,5000,12.92,0.13,Y,7,0
6165,24,54011,RENT,4.0,VENTURE,A,9500,8.07,0.18,N,2,0
6166,25,45000,MORTGAGE,9.0,VENTURE,A,8000,6.99,0.18,N,2,0
6167,26,30000,RENT,5.0,MEDICAL,A,8000,6.17,0.27,N,4,0
6168,22,25200,RENT,0.0,EDUCATION,B,8000,11.86,0.32,N,4,1
6169,27,30000,RENT,5.0,PERSONAL,C,12000,12.84,0.4,N,7,1
6170,23,75000,RENT,7.0,EDUCATION,A,7000,7.9,0.09,N,3,0
6171,39,73000,RENT,4.0,EDUCATION,A,8500,6.92,0.12,N,14,0
6172,22,60000,MORTGAGE,1.0,EDUCATION,A,3000,7.49,0.05,N,4,0
6173,23,75000,MORTGAGE,4.0,EDUCATION,C,17500,13.57,0.23,N,4,0
6174,25,60000,RENT,9.0,MEDICAL,D,3000,15.33,0.05,N,4,1
6175,32,60000,RENT,15.0,DEBTCONSOLIDATION,A,10000,6.17,0.17,N,9,0
6176,24,100896,OWN,4.0,HOMEIMPROVEMENT,E,15000,16.82,0.15,N,3,0
6177,23,200000,MORTGAGE,5.0,VENTURE,B,30000,11.99,0.16,N,2,0
6178,24,31200,RENT,4.0,MEDICAL,B,7200,11.89,0.24,N,3,0
6179,27,40000,RENT,0.0,PERSONAL,B,12800,8.88,0.32,N,5,1
6180,27,56253,MORTGAGE,11.0,VENTURE,B,10000,11.36,0.18,N,7,0
6181,31,250000,MORTGAGE,10.0,MEDICAL,B,9000,11.48,0.04,N,8,0
6182,26,83500,MORTGAGE,10.0,VENTURE,C,25000,13.48,0.3,Y,2,0
6183,38,36000,MORTGAGE,3.0,MEDICAL,C,10000,14.79,0.28,N,17,0
6184,23,53500,RENT,0.0,EDUCATION,C,5000,13.98,0.09,Y,2,0
6185,34,50000,RENT,7.0,DEBTCONSOLIDATION,A,2500,5.42,0.05,N,5,0
6186,26,24000,RENT,10.0,MEDICAL,B,6000,10.95,0.25,N,4,0
6187,32,50000,MORTGAGE,4.0,PERSONAL,B,8000,11.86,0.16,N,5,0
6188,22,75000,RENT,3.0,HOMEIMPROVEMENT,B,15000,11.71,0.2,N,3,1
6189,23,91000,MORTGAGE,7.0,MEDICAL,C,7500,11.97,0.08,N,2,0
6190,22,120000,RENT,1.0,DEBTCONSOLIDATION,A,14000,7.66,0.12,N,3,0
6191,37,45000,MORTGAGE,3.0,PERSONAL,A,4000,6.99,0.09,N,13,0
6192,27,36000,RENT,3.0,HOMEIMPROVEMENT,C,14000,13.49,0.39,N,8,1
6193,25,50000,RENT,2.0,EDUCATION,A,12000,6.03,0.24,N,2,0
6194,22,120000,MORTGAGE,6.0,PERSONAL,B,16000,9.88,0.13,N,3,0
6195,29,90000,MORTGAGE,8.0,HOMEIMPROVEMENT,A,14000,6.62,0.16,N,10,0
6196,32,30000,RENT,3.0,MEDICAL,B,5300,11.71,0.18,N,8,0
6197,26,38000,MORTGAGE,7.0,VENTURE,A,12000,6.62,0.32,N,3,0
6198,28,48879,RENT,4.0,PERSONAL,B,5000,12.42,0.1,N,9,0
6199,23,35000,RENT,1.0,EDUCATION,B,8000,9.45,0.23,N,2,0
6200,22,75000,RENT,5.0,EDUCATION,A,4200,7.49,0.06,N,2,0
6201,25,60000,MORTGAGE,9.0,HOMEIMPROVEMENT,B,3000,10.65,0.05,N,3,0
6202,29,92004,MORTGAGE,12.0,VENTURE,B,24250,11.12,0.26,N,9,0
6203,28,90000,MORTGAGE,3.0,DEBTCONSOLIDATION,C,20000,12.04,0.22,Y,6,0
6204,32,50000,RENT,4.0,EDUCATION,C,5000,13.35,0.1,Y,9,0
6205,28,30000,RENT,0.0,EDUCATION,C,10800,12.87,0.35,Y,6,1
6206,30,88000,MORTGAGE,2.0,MEDICAL,B,9600,10.39,0.11,N,5,0
6207,23,70000,RENT,0.0,MEDICAL,C,11300,13.47,0.16,Y,3,0
6208,22,42500,RENT,1.0,EDUCATION,C,15000,13.16,0.35,Y,2,1
6209,25,42000,MORTGAGE,8.0,HOMEIMPROVEMENT,B,3000,11.49,0.07,N,2,0
6210,28,60000,MORTGAGE,12.0,PERSONAL,B,10200,11.71,0.17,N,9,0
6211,28,48000,MORTGAGE,12.0,VENTURE,B,7000,11.99,0.15,N,9,0
6212,22,39000,RENT,6.0,EDUCATION,D,5000,15.21,0.13,Y,2,1
6213,28,90000,RENT,12.0,PERSONAL,B,12000,11.49,0.13,N,5,0
6214,34,75000,MORTGAGE,0.0,HOMEIMPROVEMENT,C,18000,13.57,0.24,Y,9,0
6215,23,24000,RENT,1.0,EDUCATION,C,1600,13.23,0.07,Y,2,0
6216,31,60000,RENT,7.0,MEDICAL,C,6000,13.61,0.1,N,5,0
6217,26,71000,MORTGAGE,10.0,DEBTCONSOLIDATION,A,6000,7.14,0.08,N,4,0
6218,28,60000,RENT,5.0,EDUCATION,B,4000,11.99,0.07,N,7,0
6219,23,80000,RENT,7.0,MEDICAL,B,4500,10.59,0.06,N,4,0
6220,23,30000,RENT,1.0,EDUCATION,B,5000,11.89,0.17,N,2,0
6221,29,96000,MORTGAGE,7.0,PERSONAL,A,15000,5.42,0.16,N,10,0
6222,29,55200,RENT,7.0,VENTURE,B,4000,11.71,0.07,N,6,0
6223,35,68000,MORTGAGE,14.0,PERSONAL,F,30000,18.62,0.44,Y,7,0
6224,23,65000,MORTGAGE,3.0,MEDICAL,B,10200,11.99,0.16,N,4,0
6225,26,92700,MORTGAGE,9.0,VENTURE,E,19600,17.14,0.2,N,3,0
6226,47,120000,OTHER,2.0,VENTURE,A,9000,9.63,0.07,N,13,0
6227,26,55000,MORTGAGE,5.0,EDUCATION,F,4200,18.3,0.07,Y,2,0
6228,23,32000,RENT,3.0,EDUCATION,C,7000,12.99,0.22,Y,4,0
6229,24,65000,MORTGAGE,2.0,DEBTCONSOLIDATION,A,12000,7.9,0.18,N,4,0
6230,40,125000,RENT,3.0,VENTURE,A,10200,8.49,0.08,N,17,0
6231,28,60000,MORTGAGE,5.0,HOMEIMPROVEMENT,D,22000,14.09,0.37,Y,6,0
6232,23,30000,RENT,2.0,DEBTCONSOLIDATION,A,3000,7.68,0.1,N,4,0
6233,25,40000,RENT,3.0,EDUCATION,A,7925,5.42,0.2,N,2,0
6234,23,35000,RENT,7.0,DEBTCONSOLIDATION,B,7000,9.91,0.2,N,4,0
6235,22,69600,RENT,6.0,DEBTCONSOLIDATION,D,1350,15.31,0.02,N,4,1
6236,23,40000,RENT,5.0,VENTURE,C,8000,13.49,0.2,Y,3,0
6237,28,40000,RENT,4.0,PERSONAL,C,12000,15.96,0.3,Y,6,1
6238,22,70000,MORTGAGE,4.0,MEDICAL,A,2000,5.42,0.03,N,4,0
6239,23,78000,RENT,4.0,VENTURE,C,14100,14.27,0.18,N,4,0
6240,28,150000,OWN,12.0,VENTURE,A,10000,6.03,0.07,N,7,0
6241,21,25200,RENT,0.0,PERSONAL,A,9600,8.94,0.39,N,4,1
6242,25,63000,MORTGAGE,9.0,DEBTCONSOLIDATION,A,6000,5.42,0.1,N,3,0
6243,28,85000,OWN,5.0,PERSONAL,B,12000,11.14,0.14,N,9,0
6244,24,32000,RENT,4.0,HOMEIMPROVEMENT,B,12000,10.99,0.38,N,3,1
6245,24,100000,MORTGAGE,2.0,MEDICAL,A,8000,5.42,0.08,N,2,0
6246,23,39996,RENT,3.0,DEBTCONSOLIDATION,C,4000,13.61,0.1,Y,2,0
6247,26,50000,MORTGAGE,10.0,VENTURE,B,5000,10.0,0.1,N,2,0
6248,24,55000,RENT,8.0,DEBTCONSOLIDATION,A,3000,7.49,0.05,N,2,0
6249,34,54600,RENT,2.0,EDUCATION,C,2500,13.23,0.05,Y,7,0
6250,39,72000,MORTGAGE,3.0,EDUCATION,B,10000,12.18,0.14,N,11,0
6251,27,60000,RENT,11.0,PERSONAL,B,8000,12.21,0.13,N,5,0
6252,24,35000,RENT,5.0,EDUCATION,A,7000,7.51,0.2,N,3,0
6253,25,70000,MORTGAGE,4.0,DEBTCONSOLIDATION,C,5000,14.72,0.07,N,4,0
6254,22,130000,MORTGAGE,6.0,PERSONAL,C,25000,13.57,0.18,N,3,0
6255,23,48000,MORTGAGE,5.0,PERSONAL,A,7000,5.99,0.15,N,4,0
6256,34,30000,RENT,4.0,MEDICAL,B,8000,10.99,0.27,N,6,0
6257,37,56500,RENT,1.0,VENTURE,B,12000,11.14,0.21,N,12,0
6258,23,42000,RENT,4.0,EDUCATION,D,8400,14.84,0.19,N,4,0
6259,28,48500,MORTGAGE,5.0,EDUCATION,B,7500,10.38,0.15,N,7,0
6260,22,98000,MORTGAGE,0.0,DEBTCONSOLIDATION,A,25000,6.62,0.26,N,2,0
6261,44,61000,RENT,7.0,VENTURE,D,15000,14.96,0.25,Y,11,0
6262,41,65000,MORTGAGE,3.0,PERSONAL,C,7000,13.35,0.11,Y,12,0
6263,23,105000,MORTGAGE,8.0,EDUCATION,A,16000,7.88,0.15,N,2,0
6264,27,84000,RENT,1.0,DEBTCONSOLIDATION,B,22000,9.25,0.27,N,10,1
6265,31,68324,MORTGAGE,2.0,MEDICAL,A,24000,7.9,0.37,N,10,0
6266,26,24000,RENT,0.0,EDUCATION,B,9600,11.89,0.4,N,3,1
6267,23,85000,OWN,8.0,EDUCATION,C,10000,13.23,0.12,N,3,0
6268,34,40000,RENT,4.0,MEDICAL,A,12000,5.79,0.3,N,9,0
6269,28,40000,RENT,1.0,DEBTCONSOLIDATION,A,6000,9.38,0.15,N,7,0
6270,24,100000,MORTGAGE,3.0,EDUCATION,B,15000,11.99,0.15,N,4,0
6271,25,48000,OWN,6.0,MEDICAL,A,9000,5.42,0.19,N,2,0
6272,23,100000,RENT,3.0,EDUCATION,A,12000,6.91,0.12,N,3,0
6273,23,60000,OWN,7.0,PERSONAL,B,15000,12.18,0.25,N,2,0
6274,22,52000,RENT,2.0,DEBTCONSOLIDATION,B,3000,11.49,0.06,N,3,0
6275,26,80000,MORTGAGE,10.0,VENTURE,A,10000,6.17,0.13,N,3,0
6276,26,90000,MORTGAGE,10.0,EDUCATION,D,7000,14.96,0.08,Y,2,0
6277,23,45000,MORTGAGE,6.0,VENTURE,A,2000,7.49,0.04,N,4,0
6278,23,70000,MORTGAGE,2.0,MEDICAL,A,22000,7.88,0.31,N,3,0
6279,30,58800,RENT,15.0,MEDICAL,B,23500,10.62,0.4,N,9,1
6280,43,48000,MORTGAGE,3.0,VENTURE,A,12000,7.88,0.25,N,17,0
6281,36,48000,RENT,0.0,MEDICAL,B,2400,10.36,0.05,N,14,0
6282,28,68000,MORTGAGE,12.0,EDUCATION,A,13600,7.88,0.2,N,8,0
6283,24,65000,RENT,4.0,DEBTCONSOLIDATION,A,8400,7.51,0.13,N,4,0
6284,46,60000,MORTGAGE,7.0,PERSONAL,A,6500,5.42,0.11,N,13,0
6285,22,48000,RENT,1.0,HOMEIMPROVEMENT,B,3000,10.62,0.06,N,2,1
6286,22,35004,OWN,2.0,PERSONAL,B,2400,11.12,0.07,N,2,0
6287,24,60000,RENT,2.0,DEBTCONSOLIDATION,C,8400,12.99,0.14,N,2,0
6288,22,130000,MORTGAGE,6.0,MEDICAL,B,24000,9.91,0.18,N,2,0
6289,34,35000,RENT,4.0,MEDICAL,B,8000,10.65,0.23,N,8,0
6290,23,75000,MORTGAGE,7.0,PERSONAL,B,15000,11.12,0.2,N,3,0
6291,32,60000,MORTGAGE,16.0,DEBTCONSOLIDATION,B,6000,11.49,0.1,N,9,0
6292,23,48996,RENT,2.0,EDUCATION,B,10000,8.88,0.2,N,3,0
6293,36,50000,RENT,0.0,PERSONAL,C,16000,14.72,0.32,Y,12,1
6294,27,40000,RENT,2.0,DEBTCONSOLIDATION,C,7200,14.72,0.18,N,8,0
6295,34,120000,RENT,17.0,EDUCATION,B,10000,10.59,0.08,N,7,0
6296,27,57175,RENT,2.0,HOMEIMPROVEMENT,D,16000,15.7,0.28,N,10,1
6297,23,65000,RENT,1.0,VENTURE,B,7200,11.12,0.11,N,3,0
6298,29,100000,RENT,0.0,HOMEIMPROVEMENT,A,6000,8.49,0.06,N,8,0
6299,22,40000,MORTGAGE,6.0,VENTURE,A,9000,6.03,0.23,N,3,0
6300,23,55000,RENT,7.0,EDUCATION,D,9000,15.65,0.16,N,4,0
6301,23,23000,OWN,3.0,EDUCATION,B,6400,11.14,0.28,N,2,0
6302,22,34000,OWN,4.0,VENTURE,B,3600,12.69,0.1,N,4,0
6303,26,57000,RENT,1.0,MEDICAL,B,12000,10.62,0.21,N,3,0
6304,31,43000,RENT,2.0,DEBTCONSOLIDATION,D,6800,14.96,0.15,N,5,1
6305,30,148000,MORTGAGE,14.0,HOMEIMPROVEMENT,B,25000,10.74,0.17,N,8,1
6306,25,110000,MORTGAGE,4.0,HOMEIMPROVEMENT,A,5000,7.43,0.05,N,3,0
6307,29,84000,RENT,1.0,MEDICAL,B,10000,11.83,0.12,N,5,0
6308,25,31200,RENT,3.0,PERSONAL,A,10000,8.49,0.32,N,3,1
6309,22,138000,MORTGAGE,6.0,EDUCATION,A,15000,7.88,0.11,N,4,0
6310,32,95000,MORTGAGE,9.0,DEBTCONSOLIDATION,D,15000,16.49,0.16,Y,9,1
6311,25,45000,MORTGAGE,0.0,DEBTCONSOLIDATION,A,6000,6.17,0.13,N,3,0
6312,23,60000,RENT,3.0,EDUCATION,C,12000,13.49,0.2,N,2,0
6313,22,50000,RENT,5.0,EDUCATION,A,5000,6.17,0.1,N,3,0
6314,25,80000,MORTGAGE,7.0,HOMEIMPROVEMENT,A,6000,7.14,0.07,N,3,0
6315,23,200000,MORTGAGE,0.0,EDUCATION,A,15000,7.43,0.07,N,4,0
6316,27,150000,MORTGAGE,2.0,MEDICAL,B,14000,11.12,0.09,N,5,0
6317,24,48600,RENT,5.0,MEDICAL,A,6000,5.79,0.12,N,2,0
6318,33,105000,RENT,2.0,EDUCATION,B,7500,10.74,0.07,N,9,0
6319,22,36852,MORTGAGE,6.0,DEBTCONSOLIDATION,B,6000,12.18,0.16,N,2,0
6320,25,105000,MORTGAGE,8.0,HOMEIMPROVEMENT,C,3000,13.43,0.03,N,4,0
6321,25,68000,RENT,9.0,VENTURE,D,14400,15.7,0.21,Y,4,0
6322,22,26000,MORTGAGE,2.0,PERSONAL,C,8000,14.65,0.31,N,3,1
6323,38,65000,OWN,2.0,HOMEIMPROVEMENT,C,20000,13.92,0.31,Y,15,0
6324,23,100000,MORTGAGE,8.0,VENTURE,A,5000,8.49,0.05,N,2,0
6325,29,105000,MORTGAGE,13.0,MEDICAL,A,9600,7.66,0.09,N,6,0
6326,25,66000,RENT,5.0,DEBTCONSOLIDATION,C,6000,14.65,0.09,Y,2,0
6327,22,30000,MORTGAGE,7.0,EDUCATION,A,6000,8.9,0.2,N,2,0
6328,26,50000,RENT,3.0,EDUCATION,B,6000,10.37,0.12,N,4,0
6329,26,48000,MORTGAGE,4.0,DEBTCONSOLIDATION,A,16500,7.88,0.33,N,2,0
6330,27,75000,RENT,3.0,MEDICAL,A,3000,7.9,0.04,N,8,0
6331,47,52000,RENT,1.0,PERSONAL,C,3000,14.35,0.06,Y,16,0
6332,28,107203,MORTGAGE,2.0,PERSONAL,A,6000,7.4,0.06,N,7,0
6333,23,65000,MORTGAGE,7.0,DEBTCONSOLIDATION,C,5000,13.11,0.08,Y,2,0
6334,26,90400,MORTGAGE,9.0,MEDICAL,A,9500,9.63,0.11,N,2,0
6335,23,34296,RENT,1.0,EDUCATION,C,7800,13.61,0.23,N,3,0
6336,24,65000,MORTGAGE,1.0,VENTURE,B,16000,10.36,0.25,N,3,0
6337,29,75000,RENT,3.0,VENTURE,C,15000,13.49,0.2,N,10,0
6338,24,125000,MORTGAGE,3.0,PERSONAL,B,10000,10.99,0.08,N,3,0
6339,24,70000,RENT,0.0,EDUCATION,B,12500,11.89,0.18,N,3,0
6340,28,38000,RENT,4.0,MEDICAL,C,5000,14.72,0.13,Y,7,0
6341,24,48000,OWN,8.0,MEDICAL,A,4200,8.9,0.09,N,4,0
6342,24,39000,RENT,0.0,PERSONAL,B,7000,11.83,0.18,N,3,1
6343,22,90000,MORTGAGE,6.0,VENTURE,B,15000,10.38,0.17,N,3,0
6344,24,52000,RENT,1.0,EDUCATION,C,5000,14.22,0.1,Y,2,0
6345,22,22500,RENT,0.0,EDUCATION,C,6000,13.22,0.27,Y,4,0
6346,22,52500,MORTGAGE,2.0,EDUCATION,A,7800,7.51,0.15,N,2,0
6347,28,60000,MORTGAGE,12.0,PERSONAL,C,2500,12.99,0.04,Y,6,0
6348,24,50000,RENT,9.0,DEBTCONSOLIDATION,C,8000,13.99,0.16,N,4,0
6349,25,60000,RENT,4.0,PERSONAL,D,10000,14.96,0.17,N,2,0
6350,23,52250,MORTGAGE,2.0,VENTURE,C,4750,13.35,0.09,N,4,0
6351,28,60000,RENT,3.0,VENTURE,B,4000,11.49,0.07,N,7,0
6352,21,39000,MORTGAGE,2.0,EDUCATION,B,2400,11.89,0.06,N,3,0
6353,26,30000,RENT,2.0,MEDICAL,B,7500,11.83,0.24,N,3,0
6354,24,34000,MORTGAGE,1.0,VENTURE,C,7500,15.23,0.22,Y,4,0
6355,49,36000,RENT,3.0,DEBTCONSOLIDATION,B,5500,10.62,0.15,N,16,0
6356,24,100000,RENT,6.0,DEBTCONSOLIDATION,A,6000,8.94,0.06,N,2,0
6357,39,70000,MORTGAGE,2.0,MEDICAL,B,20000,11.36,0.29,N,15,0
6358,23,48500,RENT,7.0,DEBTCONSOLIDATION,B,20500,9.91,0.42,N,2,1
6359,23,60000,RENT,7.0,VENTURE,B,18000,10.36,0.3,N,2,0
6360,37,69930,MORTGAGE,5.0,HOMEIMPROVEMENT,C,6300,14.27,0.09,N,14,0
6361,24,103000,MORTGAGE,8.0,DEBTCONSOLIDATION,A,24000,7.49,0.23,N,3,0
6362,29,50000,RENT,2.0,PERSONAL,C,10000,13.61,0.2,Y,8,0
6363,27,65000,RENT,5.0,EDUCATION,B,15000,11.49,0.23,N,7,0
6364,23,48000,RENT,7.0,EDUCATION,B,8000,11.48,0.17,N,4,0
6365,26,37200,MORTGAGE,6.0,HOMEIMPROVEMENT,A,14000,8.9,0.39,N,3,0
6366,36,95827,MORTGAGE,2.0,MEDICAL,A,12000,7.14,0.13,N,14,0
6367,23,30000,RENT,0.0,EDUCATION,A,6400,8.49,0.21,N,4,0
6368,25,55000,MORTGAGE,9.0,EDUCATION,D,12000,15.31,0.22,Y,2,0
6369,22,55000,RENT,0.0,DEBTCONSOLIDATION,A,6000,7.51,0.11,N,4,0
6370,33,30000,RENT,0.0,MEDICAL,D,10000,14.74,0.33,Y,9,1
6371,24,30000,RENT,8.0,HOMEIMPROVEMENT,C,13250,14.17,0.44,Y,2,1
6372,25,120000,MORTGAGE,9.0,PERSONAL,A,8000,6.03,0.07,N,4,0
6373,22,42000,RENT,2.0,VENTURE,B,5000,10.37,0.12,N,3,0
6374,23,45000,RENT,6.0,DEBTCONSOLIDATION,B,5000,10.75,0.11,N,3,0
6375,24,75000,RENT,3.0,HOMEIMPROVEMENT,C,8000,13.92,0.11,N,2,0
6376,28,54000,RENT,1.0,EDUCATION,B,20000,11.83,0.37,N,5,1
6377,23,94837,MORTGAGE,7.0,EDUCATION,B,9600,11.99,0.1,N,2,0
6378,23,70550,RENT,2.0,DEBTCONSOLIDATION,A,14000,8.49,0.16,N,4,1
6379,22,62300,RENT,6.0,DEBTCONSOLIDATION,A,10000,6.62,0.16,N,4,0
6380,22,18000,RENT,0.0,MEDICAL,C,3000,14.22,0.17,Y,2,1
6381,25,37000,MORTGAGE,9.0,VENTURE,C,8500,13.11,0.23,N,4,0
6382,22,70000,RENT,6.0,EDUCATION,C,6000,13.85,0.09,Y,4,0
6383,34,35000,RENT,1.0,MEDICAL,A,8000,7.9,0.23,N,6,0
6384,27,45000,RENT,3.0,DEBTCONSOLIDATION,C,15000,14.26,0.33,N,5,1
6385,24,89532,MORTGAGE,8.0,MEDICAL,B,11200,11.49,0.12,N,3,0
6386,31,83300,MORTGAGE,1.0,MEDICAL,D,20000,15.99,0.19,N,5,1
6387,26,171996,MORTGAGE,1.0,PERSONAL,A,15000,7.9,0.09,N,2,0
6388,27,93000,RENT,0.0,DEBTCONSOLIDATION,A,20000,7.51,0.22,N,7,0
6389,47,160000,MORTGAGE,2.0,MEDICAL,B,15000,11.58,0.09,N,15,0
6390,25,55000,MORTGAGE,2.0,HOMEIMPROVEMENT,A,10000,7.51,0.18,N,4,0
6391,21,40000,RENT,3.0,VENTURE,B,3000,9.99,0.07,N,4,0
6392,25,62500,MORTGAGE,9.0,DEBTCONSOLIDATION,A,4000,7.66,0.06,N,2,0
6393,25,35000,RENT,9.0,VENTURE,B,9600,11.99,0.27,N,3,0
6394,32,85000,RENT,2.0,EDUCATION,A,10000,7.9,0.12,N,8,0
6395,32,60000,RENT,3.0,EDUCATION,B,15000,12.18,0.25,N,10,0
6396,36,57000,MORTGAGE,4.0,EDUCATION,A,5500,5.79,0.1,N,16,0
6397,23,48000,RENT,3.0,EDUCATION,B,4000,11.99,0.08,N,4,0
6398,28,61200,RENT,12.0,MEDICAL,E,18000,16.45,0.26,N,7,1
6399,23,50000,MORTGAGE,7.0,VENTURE,A,9000,6.62,0.18,N,2,0
6400,28,68000,MORTGAGE,12.0,HOMEIMPROVEMENT,A,10000,9.32,0.15,N,5,0
6401,25,60000,RENT,9.0,PERSONAL,B,8000,9.91,0.13,N,3,0
6402,28,125000,MORTGAGE,13.0,HOMEIMPROVEMENT,D,12000,15.28,0.1,Y,10,0
6403,26,54996,MORTGAGE,3.0,HOMEIMPROVEMENT,A,12000,7.88,0.22,N,3,0
6404,26,150000,OWN,10.0,PERSONAL,B,17500,11.83,0.12,N,2,0
6405,22,50000,RENT,3.0,PERSONAL,B,8000,10.74,0.16,N,3,0
6406,22,186000,OWN,7.0,VENTURE,A,3000,7.4,0.02,N,2,0
6407,27,34000,RENT,2.0,PERSONAL,D,4600,14.11,0.14,N,10,1
6408,31,115000,MORTGAGE,12.0,DEBTCONSOLIDATION,B,24000,11.49,0.21,N,10,0
6409,24,60000,RENT,4.0,VENTURE,D,5000,14.61,0.08,Y,4,0
6410,43,54400,MORTGAGE,0.0,MEDICAL,D,11000,14.96,0.17,N,11,1
6411,21,150000,RENT,5.0,PERSONAL,B,15000,9.88,0.1,N,4,0
6412,29,90000,MORTGAGE,13.0,EDUCATION,A,17000,7.51,0.19,N,7,0
6413,33,52000,MORTGAGE,6.0,EDUCATION,D,8000,15.31,0.15,N,8,1
6414,27,85000,RENT,3.0,VENTURE,D,10000,13.24,0.12,N,10,0
6415,24,54000,MORTGAGE,8.0,PERSONAL,A,4000,7.9,0.07,N,3,0
6416,23,80000,MORTGAGE,7.0,PERSONAL,A,6000,6.99,0.07,N,4,0
6417,36,25000,RENT,0.0,PERSONAL,B,3500,11.11,0.14,N,15,0
6418,24,80000,RENT,0.0,VENTURE,E,20000,16.0,0.25,Y,2,1
6419,26,53000,MORTGAGE,10.0,PERSONAL,C,15000,14.26,0.28,N,2,1
6420,30,132750,MORTGAGE,3.0,EDUCATION,C,25000,13.06,0.19,Y,8,0
6421,34,30000,MORTGAGE,5.0,DEBTCONSOLIDATION,A,3000,6.39,0.1,N,9,0
6422,21,90000,MORTGAGE,5.0,PERSONAL,B,15000,11.48,0.17,N,4,0
6423,22,51996,MORTGAGE,6.0,PERSONAL,A,3200,7.14,0.06,N,2,0
6424,29,69000,RENT,13.0,VENTURE,D,9000,15.33,0.13,Y,5,0
6425,73,32004,MORTGAGE,3.0,PERSONAL,B,7500,10.65,0.24,N,23,0
6426,30,46680,MORTGAGE,14.0,HOMEIMPROVEMENT,A,9600,7.29,0.2,N,10,0
6427,23,38000,RENT,5.0,VENTURE,A,9000,7.14,0.24,N,4,0
6428,31,30000,RENT,1.0,MEDICAL,B,1200,11.12,0.04,N,6,0
6429,29,45288,RENT,7.0,DEBTCONSOLIDATION,B,12000,9.25,0.27,N,7,0
6430,36,75000,MORTGAGE,0.0,EDUCATION,A,12000,7.66,0.16,N,14,0
6431,35,39000,RENT,8.0,MEDICAL,A,10000,5.42,0.26,N,5,0
6432,25,84000,MORTGAGE,0.0,VENTURE,B,4000,10.99,0.05,N,3,0
6433,26,24000,RENT,9.0,PERSONAL,A,2000,7.66,0.08,N,2,0
6434,26,50000,RENT,5.0,EDUCATION,B,10000,9.63,0.2,N,4,0
6435,24,69000,RENT,2.0,HOMEIMPROVEMENT,C,14000,12.61,0.2,N,2,1
6436,25,153000,MORTGAGE,1.0,DEBTCONSOLIDATION,B,25000,12.53,0.16,N,3,0
6437,23,72000,MORTGAGE,7.0,VENTURE,E,12000,16.35,0.17,Y,4,0
6438,22,20000,OWN,1.0,EDUCATION,A,4500,8.59,0.23,N,4,0
6439,23,55000,MORTGAGE,4.0,DEBTCONSOLIDATION,A,8000,7.51,0.15,N,3,0
6440,22,57000,RENT,6.0,EDUCATION,B,15000,11.71,0.26,N,3,0
6441,23,75000,MORTGAGE,7.0,EDUCATION,A,13000,5.79,0.17,N,2,0
6442,28,80000,MORTGAGE,4.0,PERSONAL,A,9000,8.9,0.11,N,6,0
6443,22,70000,MORTGAGE,6.0,DEBTCONSOLIDATION,A,8000,7.88,0.11,N,2,0
6444,28,48000,RENT,1.0,MEDICAL,B,9000,10.65,0.18,N,7,0
6445,22,60000,MORTGAGE,6.0,EDUCATION,C,13500,12.23,0.23,N,3,0
6446,37,200000,MORTGAGE,4.0,VENTURE,D,5000,15.21,0.03,Y,17,0
6447,31,40000,RENT,0.0,MEDICAL,A,9000,8.9,0.23,N,9,0
6448,26,56000,RENT,7.0,VENTURE,B,10800,12.21,0.19,N,2,0
6449,23,48000,RENT,0.0,DEBTCONSOLIDATION,A,2500,7.29,0.05,N,4,0
6450,23,75000,MORTGAGE,7.0,VENTURE,C,5400,13.23,0.07,N,3,0
6451,38,200000,MORTGAGE,5.0,PERSONAL,B,20000,11.48,0.1,N,14,0
6452,39,80000,RENT,5.0,HOMEIMPROVEMENT,A,7000,7.51,0.09,N,12,0
6453,34,50000,RENT,3.0,HOMEIMPROVEMENT,B,9000,11.71,0.18,N,5,0
6454,22,30000,RENT,1.0,MEDICAL,A,8500,7.51,0.28,N,2,1
6455,25,130000,RENT,3.0,PERSONAL,C,7000,12.73,0.05,N,3,0
6456,33,60000,RENT,1.0,EDUCATION,B,6800,10.37,0.11,N,9,0
6457,22,30000,RENT,6.0,VENTURE,B,10000,11.49,0.33,N,4,1
6458,29,70000,MORTGAGE,13.0,DEBTCONSOLIDATION,A,7000,8.9,0.1,N,9,0
6459,25,74000,MORTGAGE,9.0,DEBTCONSOLIDATION,D,25000,15.31,0.34,Y,2,1
6460,23,67000,RENT,5.0,VENTURE,B,24000,11.83,0.36,N,2,1
6461,34,24000,RENT,7.0,DEBTCONSOLIDATION,A,4000,6.54,0.17,N,6,0
6462,30,50000,MORTGAGE,5.0,PERSONAL,B,8000,11.49,0.16,N,8,0
6463,29,54000,RENT,1.0,DEBTCONSOLIDATION,A,4000,7.88,0.07,N,8,0
6464,22,36000,RENT,2.0,PERSONAL,D,10000,16.07,0.28,N,3,1
6465,23,30000,RENT,7.0,DEBTCONSOLIDATION,A,10000,9.32,0.33,N,3,1
6466,28,54600,RENT,2.0,HOMEIMPROVEMENT,A,4800,7.51,0.09,N,8,0
6467,30,66000,MORTGAGE,4.0,DEBTCONSOLIDATION,D,8400,14.54,0.13,N,7,1
6468,24,32004,RENT,1.0,HOMEIMPROVEMENT,E,14400,19.29,0.45,Y,2,1
6469,32,114600,MORTGAGE,3.0,MEDICAL,A,5000,8.49,0.05,N,10,0
6470,23,62000,OWN,2.0,PERSONAL,C,9200,12.98,0.15,Y,2,0
6471,25,73164,MORTGAGE,9.0,VENTURE,A,1000,7.29,0.01,N,4,0
6472,22,70000,RENT,4.0,EDUCATION,B,14000,10.65,0.2,N,2,0
6473,27,90000,MORTGAGE,4.0,DEBTCONSOLIDATION,A,4600,8.07,0.05,N,5,0
6474,27,140000,MORTGAGE,2.0,DEBTCONSOLIDATION,A,18000,7.9,0.13,N,6,0
6475,44,60520,RENT,0.0,MEDICAL,D,8400,15.21,0.12,Y,11,1
6476,28,120000,MORTGAGE,1.0,HOMEIMPROVEMENT,C,10000,13.06,0.08,Y,7,0
6477,21,42000,RENT,0.0,EDUCATION,C,10000,12.99,0.23,Y,4,0
6478,25,86652,MORTGAGE,9.0,PERSONAL,B,20000,9.25,0.23,N,2,0
6479,23,60000,MORTGAGE,1.0,VENTURE,A,7200,7.74,0.12,N,3,0
6480,23,57500,RENT,1.0,MEDICAL,A,15000,6.54,0.26,N,2,0
6481,30,72000,MORTGAGE,3.0,MEDICAL,A,15000,8.94,0.21,N,6,0
6482,26,56004,MORTGAGE,10.0,HOMEIMPROVEMENT,A,9000,7.66,0.16,N,3,0
6483,22,30000,RENT,0.0,DEBTCONSOLIDATION,B,8000,12.69,0.27,N,4,0
6484,23,50000,MORTGAGE,7.0,MEDICAL,A,3000,5.42,0.06,N,3,0
6485,22,31200,RENT,1.0,VENTURE,A,4200,9.63,0.13,N,2,0
6486,25,60000,MORTGAGE,3.0,DEBTCONSOLIDATION,C,12000,12.73,0.2,N,3,0
6487,23,90000,MORTGAGE,8.0,DEBTCONSOLIDATION,A,5000,6.54,0.06,N,2,0
6488,31,30000,RENT,2.0,PERSONAL,D,10000,14.46,0.33,Y,8,1
6489,23,80000,MORTGAGE,7.0,EDUCATION,B,4000,10.65,0.05,N,2,0
6490,24,90000,MORTGAGE,8.0,EDUCATION,A,12000,7.88,0.13,N,2,0
6491,29,60000,RENT,4.0,DEBTCONSOLIDATION,B,12000,10.37,0.2,N,8,0
6492,22,60000,MORTGAGE,6.0,VENTURE,B,13500,11.49,0.23,N,3,0
6493,22,100000,RENT,3.0,PERSONAL,A,10000,7.51,0.1,N,4,0
6494,25,50000,MORTGAGE,7.0,EDUCATION,C,10000,12.53,0.2,Y,2,0
6495,23,64000,MORTGAGE,7.0,EDUCATION,B,5500,10.75,0.09,N,3,0
6496,24,50000,RENT,0.0,EDUCATION,C,10000,13.57,0.2,N,2,0
6497,30,60000,RENT,10.0,PERSONAL,B,15000,10.99,0.25,N,8,0
6498,28,65000,RENT,5.0,VENTURE,B,17000,10.38,0.25,N,7,0
6499,37,40000,RENT,6.0,MEDICAL,B,10000,10.25,0.25,N,14,0
6500,69,120000,MORTGAGE,3.0,MEDICAL,A,5000,6.62,0.04,N,27,0
6501,23,50000,MORTGAGE,5.0,EDUCATION,A,6000,6.03,0.12,N,3,0
6502,22,75000,MORTGAGE,6.0,DEBTCONSOLIDATION,B,4000,10.75,0.05,N,3,0
6503,29,75000,MORTGAGE,1.0,MEDICAL,C,15000,12.73,0.2,Y,9,0
6504,25,80000,MORTGAGE,3.0,VENTURE,B,3000,10.95,0.04,N,4,0
6505,22,53664,MORTGAGE,6.0,VENTURE,A,14500,7.9,0.27,N,2,0
6506,24,40000,RENT,3.0,EDUCATION,D,5000,14.84,0.13,N,4,0
6507,28,30000,RENT,2.0,PERSONAL,B,3000,12.42,0.1,N,9,0
6508,27,35000,RENT,1.0,MEDICAL,A,4000,7.74,0.11,N,6,0
6509,29,30000,RENT,5.0,DEBTCONSOLIDATION,B,10000,11.14,0.33,N,7,1
6510,28,140000,MORTGAGE,12.0,DEBTCONSOLIDATION,B,12250,11.36,0.09,N,7,0
6511,24,65000,MORTGAGE,8.0,DEBTCONSOLIDATION,B,7000,12.18,0.11,N,3,0
6512,23,125000,RENT,7.0,EDUCATION,A,8000,7.49,0.06,N,2,0
6513,31,40000,MORTGAGE,7.0,EDUCATION,A,9000,6.54,0.23,N,10,0
6514,29,108000,RENT,11.0,EDUCATION,D,5000,15.31,0.05,Y,9,1
6515,24,108000,RENT,4.0,DEBTCONSOLIDATION,B,4000,11.71,0.04,N,4,0
6516,34,65000,RENT,2.0,DEBTCONSOLIDATION,A,20000,8.9,0.31,N,10,1
6517,24,70000,RENT,2.0,MEDICAL,C,10000,13.49,0.14,Y,2,0
6518,23,95000,RENT,2.0,EDUCATION,A,15000,6.62,0.16,N,4,0
6519,22,64000,MORTGAGE,2.0,EDUCATION,D,16000,15.95,0.25,Y,3,1
6520,28,74900,MORTGAGE,12.0,DEBTCONSOLIDATION,A,3500,6.39,0.05,N,9,0
6521,24,65000,RENT,7.0,HOMEIMPROVEMENT,B,23800,10.25,0.37,N,4,1
6522,22,40000,MORTGAGE,7.0,VENTURE,C,5000,14.79,0.13,Y,4,0
6523,28,90000,MORTGAGE,2.0,DEBTCONSOLIDATION,B,21000,10.0,0.23,N,7,0
6524,22,60000,RENT,0.0,VENTURE,A,24000,7.9,0.4,N,3,1
6525,24,53000,MORTGAGE,1.0,DEBTCONSOLIDATION,D,6800,15.99,0.13,N,2,1
6526,24,85000,RENT,4.0,VENTURE,A,14000,7.51,0.16,N,3,0
6527,38,56524,MORTGAGE,16.0,HOMEIMPROVEMENT,B,24000,10.75,0.44,N,10,0
6528,21,99000,MORTGAGE,5.0,EDUCATION,D,20000,15.28,0.2,Y,2,0
6529,49,120000,MORTGAGE,1.0,MEDICAL,B,20000,11.83,0.17,N,16,0
6530,44,48000,RENT,1.0,VENTURE,D,4000,14.61,0.08,Y,11,1
6531,27,130000,MORTGAGE,3.0,VENTURE,A,7000,6.76,0.05,N,5,0
6532,27,45000,RENT,2.0,PERSONAL,C,6000,13.48,0.13,Y,9,0
6533,24,83004,MORTGAGE,7.0,VENTURE,A,5000,6.76,0.06,N,3,0
6534,28,58000,MORTGAGE,8.0,VENTURE,B,6000,9.99,0.1,N,9,0
6535,45,75000,MORTGAGE,16.0,DEBTCONSOLIDATION,A,11500,7.51,0.15,N,13,0
6536,23,130000,MORTGAGE,0.0,EDUCATION,B,20000,11.49,0.15,N,2,0
6537,22,63400,MORTGAGE,3.0,PERSONAL,B,10500,9.99,0.17,N,2,0
6538,23,24000,OWN,0.0,VENTURE,C,5000,15.27,0.21,N,3,0
6539,22,100000,MORTGAGE,6.0,EDUCATION,A,9000,7.88,0.09,N,3,0
6540,28,95000,MORTGAGE,3.0,PERSONAL,A,20000,8.59,0.21,N,8,0
6541,25,31500,RENT,9.0,VENTURE,B,7000,10.59,0.22,N,3,0
6542,25,33000,RENT,1.0,HOMEIMPROVEMENT,D,4000,14.54,0.12,N,3,1
6543,26,36000,RENT,10.0,MEDICAL,C,4000,13.92,0.11,Y,2,0
6544,24,49000,MORTGAGE,1.0,HOMEIMPROVEMENT,D,12000,14.61,0.24,Y,3,0
6545,34,98000,MORTGAGE,19.0,HOMEIMPROVEMENT,A,4000,6.39,0.04,N,5,0
6546,26,77976,RENT,9.0,PERSONAL,C,7500,13.48,0.09,Y,2,0
6547,26,60000,RENT,10.0,VENTURE,B,11000,10.71,0.19,N,4,0
6548,22,46000,MORTGAGE,6.0,DEBTCONSOLIDATION,B,10000,12.42,0.22,N,4,0
6549,40,69600,OWN,12.0,VENTURE,A,4800,7.29,0.07,N,16,0
6550,33,42000,RENT,5.0,PERSONAL,A,6475,7.49,0.15,N,8,0
6551,27,79995,MORTGAGE,6.0,PERSONAL,A,15000,7.88,0.19,N,7,0
6552,51,53000,RENT,2.0,EDUCATION,D,5000,13.67,0.09,Y,27,1
6553,23,75600,MORTGAGE,1.0,PERSONAL,B,2700,11.71,0.04,N,2,1
6554,25,180000,MORTGAGE,9.0,VENTURE,C,9000,13.8,0.05,N,3,0
6555,23,83000,RENT,6.0,EDUCATION,A,10000,8.0,0.12,N,3,0
6556,22,40000,RENT,3.0,DEBTCONSOLIDATION,B,12000,11.89,0.3,N,4,0
6557,28,90000,RENT,7.0,DEBTCONSOLIDATION,A,20000,6.54,0.22,N,9,0
6558,66,230004,RENT,3.0,MEDICAL,E,25000,16.32,0.1,Y,26,0
6559,29,56000,MORTGAGE,1.0,PERSONAL,G,6000,19.16,0.11,Y,9,1
6560,31,75000,MORTGAGE,7.0,HOMEIMPROVEMENT,A,5000,7.51,0.07,N,6,0
6561,28,26000,OWN,6.0,MEDICAL,A,6000,7.51,0.23,N,10,0
6562,22,40000,RENT,2.0,DEBTCONSOLIDATION,A,5500,7.88,0.14,N,2,0
6563,25,50000,RENT,5.0,DEBTCONSOLIDATION,A,10000,7.9,0.2,N,4,0
6564,23,24000,RENT,0.0,DEBTCONSOLIDATION,B,1500,11.86,0.06,N,3,1
6565,27,39516,RENT,0.0,MEDICAL,A,5000,7.74,0.13,N,5,0
6566,37,30000,RENT,0.0,MEDICAL,E,4000,18.79,0.13,N,12,1
6567,26,46800,MORTGAGE,5.0,PERSONAL,B,6000,9.99,0.13,N,3,0
6568,40,55000,MORTGAGE,2.0,VENTURE,C,8000,12.53,0.15,N,13,0
6569,38,40800,RENT,1.0,EDUCATION,A,5000,6.91,0.12,N,17,0
6570,23,40000,RENT,4.0,MEDICAL,D,8000,14.42,0.2,N,4,0
6571,22,70000,MORTGAGE,6.0,VENTURE,A,8000,8.49,0.11,N,3,0
6572,34,60000,MORTGAGE,8.0,DEBTCONSOLIDATION,A,11300,7.29,0.19,N,10,0
6573,26,57721,MORTGAGE,9.0,DEBTCONSOLIDATION,A,3000,8.49,0.05,N,3,0
6574,22,69500,MORTGAGE,6.0,PERSONAL,A,6000,7.51,0.09,N,3,0
6575,25,100000,MORTGAGE,3.0,DEBTCONSOLIDATION,B,8000,11.49,0.08,N,3,0
6576,40,177600,MORTGAGE,11.0,EDUCATION,B,7500,11.86,0.04,N,11,0
6577,31,54383,RENT,9.0,DEBTCONSOLIDATION,A,18000,6.54,0.32,N,6,1
6578,23,100000,OWN,2.0,VENTURE,D,10000,15.65,0.1,Y,2,0
6579,43,34000,RENT,3.0,MEDICAL,B,9600,10.99,0.28,N,14,0
6580,23,40000,RENT,6.0,DEBTCONSOLIDATION,C,5600,13.49,0.14,N,4,0
6581,23,65000,MORTGAGE,7.0,VENTURE,A,10000,6.62,0.15,N,4,0
6582,24,54000,MORTGAGE,5.0,VENTURE,C,10000,12.73,0.19,N,2,0
6583,24,90000,RENT,8.0,DEBTCONSOLIDATION,B,24000,11.49,0.27,N,2,0
6584,31,120000,OWN,0.0,EDUCATION,A,16000,8.94,0.13,N,5,0
6585,33,44000,RENT,0.0,PERSONAL,D,5000,14.54,0.11,N,5,1
6586,21,24000,RENT,5.0,EDUCATION,C,5000,13.22,0.21,N,3,0
6587,34,73000,MORTGAGE,4.0,DEBTCONSOLIDATION,B,17000,11.99,0.23,N,5,0
6588,24,73000,RENT,8.0,DEBTCONSOLIDATION,B,7000,10.01,0.09,N,4,0
6589,29,70000,MORTGAGE,13.0,PERSONAL,A,7000,7.51,0.1,N,6,0
6590,30,105000,RENT,14.0,DEBTCONSOLIDATION,B,20000,11.36,0.19,N,9,0
6591,25,50000,OWN,6.0,HOMEIMPROVEMENT,B,6000,11.12,0.12,N,3,0
6592,31,54000,MORTGAGE,7.0,VENTURE,E,15250,15.95,0.3,N,9,0
6593,23,50000,RENT,5.0,VENTURE,B,4800,10.99,0.1,N,3,0
6594,22,30000,RENT,4.0,EDUCATION,B,10000,10.37,0.33,N,2,1
6595,22,75000,MORTGAGE,5.0,MEDICAL,C,3000,13.49,0.04,N,4,0
6596,28,44000,MORTGAGE,0.0,PERSONAL,C,1500,13.22,0.03,Y,6,0
6597,23,75000,RENT,5.0,DEBTCONSOLIDATION,A,10000,6.54,0.13,N,2,0
6598,38,100000,MORTGAGE,12.0,PERSONAL,A,12000,8.94,0.12,N,14,0
6599,23,52000,RENT,1.0,MEDICAL,B,10000,10.99,0.19,N,3,0
6600,22,25000,RENT,4.0,MEDICAL,C,3000,12.68,0.12,Y,2,0
6601,25,30000,RENT,1.0,EDUCATION,C,6000,13.57,0.2,Y,3,1
6602,26,29004,MORTGAGE,2.0,VENTURE,A,4000,6.92,0.14,N,4,0
6603,22,47000,RENT,6.0,PERSONAL,A,7000,7.14,0.15,N,3,0
6604,29,90000,MORTGAGE,13.0,MEDICAL,A,10000,6.62,0.11,N,8,0
6605,31,30000,RENT,5.0,EDUCATION,E,7000,18.64,0.23,N,8,1
6606,30,63000,MORTGAGE,3.0,EDUCATION,A,9000,8.9,0.14,N,9,0
6607,24,60000,RENT,1.0,DEBTCONSOLIDATION,C,10000,13.47,0.17,N,2,0
6608,24,68000,RENT,9.0,MEDICAL,B,14000,9.99,0.2,N,4,0
6609,29,70000,MORTGAGE,9.0,PERSONAL,B,18000,11.48,0.26,N,9,1
6610,26,45000,MORTGAGE,5.0,DEBTCONSOLIDATION,A,5000,8.9,0.11,N,2,0
6611,23,25000,RENT,1.0,HOMEIMPROVEMENT,D,7000,14.74,0.28,Y,2,1
6612,23,57000,RENT,7.0,EDUCATION,A,5500,8.0,0.1,N,3,0
6613,29,68000,MORTGAGE,6.0,EDUCATION,A,7500,5.79,0.11,N,7,0
6614,22,32400,RENT,3.0,VENTURE,C,2000,13.47,0.06,Y,4,0
6615,30,33000,RENT,1.0,VENTURE,A,1000,8.59,0.03,N,7,0
6616,25,90000,MORTGAGE,9.0,DEBTCONSOLIDATION,C,15000,14.27,0.17,N,4,0
6617,22,48996,RENT,3.0,DEBTCONSOLIDATION,D,6000,14.11,0.12,N,4,1
6618,28,55000,MORTGAGE,0.0,PERSONAL,C,12800,14.27,0.22,N,7,0
6619,22,53000,OWN,6.0,PERSONAL,B,4800,11.12,0.09,N,4,0
6620,25,54000,MORTGAGE,9.0,HOMEIMPROVEMENT,A,13000,7.9,0.24,N,4,0
6621,26,90000,MORTGAGE,6.0,PERSONAL,A,12000,7.51,0.13,N,2,0
6622,35,33144,RENT,3.0,DEBTCONSOLIDATION,E,8000,16.45,0.24,N,10,1
6623,23,37000,RENT,3.0,EDUCATION,B,5000,11.71,0.14,N,3,0
6624,57,120000,MORTGAGE,11.0,MEDICAL,C,6000,12.73,0.05,N,26,0
6625,32,34000,RENT,7.0,EDUCATION,B,6000,12.42,0.18,N,8,0
6626,29,170000,MORTGAGE,5.0,MEDICAL,C,25000,12.73,0.15,N,5,0
6627,23,58000,RENT,8.0,EDUCATION,C,20000,13.72,0.34,N,3,1
6628,21,30000,RENT,0.0,EDUCATION,C,1500,12.84,0.05,Y,2,0
6629,22,38000,MORTGAGE,6.0,VENTURE,B,10000,10.99,0.26,N,4,0
6630,24,40000,RENT,4.0,DEBTCONSOLIDATION,B,16000,12.42,0.4,N,3,1
6631,28,146000,MORTGAGE,12.0,PERSONAL,B,2500,11.49,0.02,N,8,0
6632,25,220000,RENT,2.0,VENTURE,B,30000,10.37,0.14,N,3,0
6633,27,60000,RENT,11.0,DEBTCONSOLIDATION,B,12000,12.42,0.2,N,6,0
6634,23,80000,RENT,5.0,PERSONAL,B,20000,11.36,0.25,N,3,0
6635,53,75000,RENT,0.0,PERSONAL,A,3000,7.9,0.04,N,20,0
6636,25,90000,RENT,1.0,MEDICAL,B,6000,12.69,0.07,N,4,0
6637,22,48000,MORTGAGE,6.0,EDUCATION,A,4000,5.79,0.08,N,4,0
6638,23,140000,MORTGAGE,7.0,EDUCATION,A,10000,7.49,0.07,N,4,0
6639,22,80000,MORTGAGE,3.0,EDUCATION,D,14000,16.07,0.17,Y,4,0
6640,23,45000,RENT,1.0,EDUCATION,C,8000,14.72,0.18,N,3,0
6641,24,49000,MORTGAGE,8.0,PERSONAL,A,9000,5.79,0.18,N,4,0
6642,30,36000,MORTGAGE,0.0,MEDICAL,A,10000,5.42,0.28,N,10,0
6643,29,38400,RENT,9.0,DEBTCONSOLIDATION,B,3500,11.71,0.09,N,8,0
6644,33,60000,MORTGAGE,6.0,MEDICAL,A,3000,6.76,0.05,N,8,0
6645,22,38400,MORTGAGE,6.0,VENTURE,A,3600,8.49,0.09,N,3,0
6646,39,29894,OWN,23.0,HOMEIMPROVEMENT,B,6000,9.63,0.21,N,4,0
6647,28,100000,MORTGAGE,5.0,HOMEIMPROVEMENT,C,5000,13.43,0.05,N,5,0
6648,29,120000,MORTGAGE,8.0,VENTURE,B,8000,11.14,0.07,N,5,0
6649,31,34000,RENT,6.0,PERSONAL,B,10000,10.99,0.29,N,10,0
6650,23,120000,MORTGAGE,0.0,DEBTCONSOLIDATION,B,10000,10.95,0.08,N,2,0
6651,22,44000,RENT,6.0,VENTURE,D,20000,15.21,0.45,Y,4,1
6652,24,135996,MORTGAGE,8.0,HOMEIMPROVEMENT,C,12500,12.87,0.09,Y,2,0
6653,22,48000,MORTGAGE,6.0,EDUCATION,D,3500,15.65,0.07,N,2,0
6654,30,129996,RENT,1.0,PERSONAL,B,25000,11.11,0.19,N,5,0
6655,65,90000,MORTGAGE,3.0,PERSONAL,A,12000,5.99,0.13,N,21,0
6656,40,60000,RENT,0.0,DEBTCONSOLIDATION,B,6000,10.65,0.1,N,14,0
6657,33,28800,RENT,5.0,VENTURE,E,6000,16.7,0.21,Y,9,0
6658,27,65000,RENT,6.0,HOMEIMPROVEMENT,E,20000,15.95,0.31,Y,7,1
6659,29,48000,RENT,5.0,DEBTCONSOLIDATION,C,4800,13.49,0.1,N,6,0
6660,33,50000,MORTGAGE,5.0,DEBTCONSOLIDATION,B,8000,11.49,0.16,N,7,0
6661,24,75000,RENT,3.0,HOMEIMPROVEMENT,B,20400,11.36,0.27,N,4,0
6662,25,93000,MORTGAGE,9.0,DEBTCONSOLIDATION,C,20000,12.53,0.22,N,3,0
6663,33,52692,MORTGAGE,9.0,HOMEIMPROVEMENT,A,2700,7.4,0.05,N,9,0
6664,22,35000,RENT,2.0,EDUCATION,A,5000,5.42,0.14,N,3,0
6665,28,45000,RENT,4.0,HOMEIMPROVEMENT,A,10000,6.62,0.22,N,8,0
6666,36,32004,RENT,2.0,MEDICAL,A,1500,8.32,0.05,N,15,0
6667,26,45000,MORTGAGE,5.0,MEDICAL,C,8500,12.23,0.19,Y,3,0
6668,23,40000,RENT,0.0,EDUCATION,B,5000,10.0,0.13,N,4,0
6669,24,40000,RENT,8.0,DEBTCONSOLIDATION,A,4000,7.49,0.1,N,3,0
6670,22,27000,RENT,6.0,MEDICAL,B,7000,9.62,0.26,N,2,0
6671,23,44004,RENT,0.0,PERSONAL,C,7000,13.57,0.16,Y,3,1
6672,22,52704,MORTGAGE,4.0,VENTURE,B,4800,10.37,0.09,N,4,0
6673,23,47000,RENT,2.0,PERSONAL,B,5000,11.86,0.11,N,4,0
6674,24,40000,RENT,2.0,MEDICAL,A,10000,7.88,0.25,N,3,0
6675,23,50000,MORTGAGE,7.0,EDUCATION,C,10000,12.99,0.2,Y,3,0
6676,26,45243,RENT,4.0,VENTURE,B,4725,11.99,0.1,N,3,0
6677,27,48000,RENT,3.0,PERSONAL,A,3500,7.49,0.07,N,5,0
6678,33,70000,MORTGAGE,1.0,EDUCATION,E,8400,18.79,0.12,Y,5,0
6679,28,75000,RENT,2.0,EDUCATION,A,15000,6.03,0.2,N,5,0
6680,29,50000,MORTGAGE,8.0,DEBTCONSOLIDATION,A,10000,7.49,0.2,N,9,0
6681,22,80000,MORTGAGE,6.0,MEDICAL,A,6000,6.62,0.07,N,4,0
6682,28,44000,RENT,0.0,MEDICAL,A,7000,8.9,0.16,N,10,0
6683,36,60000,RENT,5.0,EDUCATION,B,9000,11.49,0.15,N,17,0
6684,26,100000,MORTGAGE,4.0,PERSONAL,A,10000,7.51,0.1,N,4,0
6685,27,45000,RENT,1.0,VENTURE,B,4200,11.99,0.1,N,6,0
6686,28,65000,RENT,3.0,PERSONAL,C,7000,14.65,0.11,Y,9,0
6687,26,55000,RENT,1.0,EDUCATION,A,4000,5.42,0.07,N,4,0
6688,25,104525,MORTGAGE,9.0,EDUCATION,A,6000,5.42,0.06,N,4,0
6689,25,75000,MORTGAGE,9.0,HOMEIMPROVEMENT,A,12000,5.42,0.16,N,2,0
6690,30,110000,RENT,4.0,MEDICAL,C,30000,14.27,0.27,N,5,0
6691,22,39000,MORTGAGE,3.0,DEBTCONSOLIDATION,D,11000,16.77,0.28,N,4,1
6692,46,37200,RENT,6.0,MEDICAL,A,7000,6.92,0.19,N,11,0
6693,36,38000,RENT,3.0,MEDICAL,C,3000,13.99,0.08,N,12,0
6694,22,55000,RENT,6.0,PERSONAL,B,8000,10.0,0.15,N,4,0
6695,22,75000,MORTGAGE,4.0,EDUCATION,B,10000,11.49,0.13,N,4,0
6696,23,50000,MORTGAGE,3.0,PERSONAL,A,4500,7.51,0.09,N,2,0
6697,26,55000,RENT,2.0,VENTURE,B,3000,10.75,0.05,N,4,0
6698,35,43200,RENT,4.0,MEDICAL,B,8000,9.88,0.19,N,8,0
6699,28,35000,RENT,6.0,PERSONAL,A,5000,7.29,0.14,N,6,0
6700,27,85000,RENT,0.0,VENTURE,A,5000,7.66,0.06,N,8,0
6701,24,85000,MORTGAGE,0.0,PERSONAL,A,28000,6.62,0.34,N,4,0
6702,27,32500,MORTGAGE,11.0,EDUCATION,A,12000,8.94,0.37,N,5,0
6703,31,30000,RENT,11.0,VENTURE,B,5000,10.37,0.17,N,7,0
6704,26,85000,MORTGAGE,10.0,VENTURE,B,9000,10.99,0.11,N,3,0
6705,22,40000,RENT,0.0,EDUCATION,C,3500,12.87,0.09,Y,2,0
6706,27,30000,OWN,1.0,VENTURE,B,4375,10.75,0.15,N,5,0
6707,22,42000,RENT,4.0,PERSONAL,B,4000,12.69,0.1,N,4,0
6708,23,30000,RENT,7.0,EDUCATION,B,1000,11.49,0.03,N,2,0
6709,35,54000,MORTGAGE,3.0,DEBTCONSOLIDATION,A,2000,7.51,0.04,N,10,0
6710,29,51000,RENT,13.0,HOMEIMPROVEMENT,A,15000,5.79,0.29,N,5,0
6711,23,50000,MORTGAGE,1.0,DEBTCONSOLIDATION,B,7000,11.99,0.14,N,3,0
6712,21,32400,MORTGAGE,3.0,PERSONAL,B,5000,10.59,0.15,N,2,0
6713,23,39000,RENT,2.0,VENTURE,C,20000,12.29,0.51,N,4,1
6714,39,75000,RENT,2.0,DEBTCONSOLIDATION,B,12000,9.99,0.16,N,16,0
6715,28,45000,MORTGAGE,2.0,DEBTCONSOLIDATION,A,4000,7.9,0.09,N,5,0
6716,26,28000,OWN,3.0,MEDICAL,B,4000,11.14,0.14,N,3,0
6717,39,107000,MORTGAGE,1.0,DEBTCONSOLIDATION,C,20000,13.98,0.19,N,15,0
6718,32,24000,RENT,2.0,MEDICAL,C,6000,12.61,0.25,Y,9,0
6719,46,60000,MORTGAGE,8.0,PERSONAL,A,5000,6.62,0.08,N,16,0
6720,32,94500,MORTGAGE,1.0,MEDICAL,A,2000,6.76,0.02,N,7,0
6721,23,65000,MORTGAGE,3.0,EDUCATION,A,4500,5.42,0.07,N,3,0
6722,23,91000,MORTGAGE,5.0,EDUCATION,A,12000,8.94,0.13,N,3,0
6723,25,70000,MORTGAGE,3.0,DEBTCONSOLIDATION,A,12000,5.79,0.17,N,2,0
6724,27,50000,RENT,2.0,DEBTCONSOLIDATION,A,12000,8.9,0.24,N,9,0
6725,24,110000,MORTGAGE,2.0,EDUCATION,A,8000,7.14,0.07,N,3,0
6726,29,60000,MORTGAGE,4.0,MEDICAL,A,6000,7.29,0.1,N,7,0
6727,29,40000,MORTGAGE,9.0,MEDICAL,C,1750,14.72,0.04,N,8,0
6728,31,25000,RENT,0.0,MEDICAL,B,4000,10.59,0.16,N,7,0
6729,24,33200,RENT,0.0,VENTURE,C,14400,13.57,0.42,Y,2,1
6730,31,70000,RENT,1.0,MEDICAL,C,15000,12.61,0.21,N,7,0
6731,29,130000,MORTGAGE,0.0,HOMEIMPROVEMENT,A,20000,5.79,0.15,N,7,0
6732,28,74004,MORTGAGE,12.0,VENTURE,C,25000,12.53,0.34,N,8,1
6733,23,36000,RENT,3.0,EDUCATION,B,7000,12.69,0.19,N,4,0
6734,34,100000,MORTGAGE,2.0,EDUCATION,B,10000,9.99,0.1,N,6,0
6735,23,65000,MORTGAGE,7.0,MEDICAL,A,9000,7.74,0.14,N,2,0
6736,27,105000,MORTGAGE,4.0,MEDICAL,A,12000,7.66,0.11,N,5,0
6737,21,60000,MORTGAGE,5.0,EDUCATION,A,7100,5.99,0.12,N,4,0
6738,28,36000,RENT,4.0,DEBTCONSOLIDATION,B,12000,9.91,0.33,N,10,1
6739,25,45000,MORTGAGE,6.0,EDUCATION,B,10000,9.63,0.22,N,2,0
6740,30,38400,RENT,1.0,VENTURE,B,1000,11.49,0.03,N,6,0
6741,26,35004,OWN,4.0,MEDICAL,C,15250,13.98,0.4,N,4,0
6742,21,24996,OWN,5.0,EDUCATION,B,8000,11.26,0.32,N,4,0
6743,23,45000,RENT,2.0,PERSONAL,C,3000,13.98,0.07,N,2,0
6744,27,75000,RENT,2.0,EDUCATION,A,5000,6.03,0.07,N,7,0
6745,26,84996,OTHER,4.0,HOMEIMPROVEMENT,D,8000,14.46,0.09,N,3,0
6746,29,100000,MORTGAGE,13.0,DEBTCONSOLIDATION,B,12000,10.65,0.12,N,10,0
6747,23,50000,MORTGAGE,4.0,EDUCATION,A,13650,7.49,0.27,N,4,0
6748,26,70000,MORTGAGE,11.0,PERSONAL,B,5000,11.86,0.07,N,2,0
6749,38,22000,RENT,0.0,MEDICAL,B,2500,10.59,0.11,N,12,0
6750,84,94800,MORTGAGE,2.0,PERSONAL,D,10000,14.09,0.11,N,22,0
6751,35,50000,OWN,2.0,EDUCATION,A,12000,7.29,0.24,N,8,0
6752,23,150000,MORTGAGE,7.0,DEBTCONSOLIDATION,C,20000,13.23,0.13,N,4,0
6753,27,35000,MORTGAGE,11.0,PERSONAL,D,1500,16.89,0.04,Y,5,0
6754,24,60000,RENT,8.0,VENTURE,B,2000,11.71,0.03,N,2,0
6755,25,64548,MORTGAGE,4.0,PERSONAL,A,1200,7.29,0.02,N,4,0
6756,22,50000,RENT,5.0,VENTURE,B,10000,11.36,0.2,N,3,0
6757,26,30000,MORTGAGE,2.0,PERSONAL,B,7000,11.99,0.23,N,3,1
6758,28,75000,OWN,1.0,HOMEIMPROVEMENT,D,25000,12.8,0.33,Y,7,0
6759,25,95000,RENT,0.0,HOMEIMPROVEMENT,C,20000,12.84,0.21,Y,2,1
6760,37,38400,MORTGAGE,14.0,PERSONAL,A,10000,7.66,0.26,N,15,0
6761,25,65000,MORTGAGE,9.0,DEBTCONSOLIDATION,B,15000,9.91,0.23,N,2,0
6762,23,58000,RENT,7.0,DEBTCONSOLIDATION,C,3200,14.35,0.06,Y,3,0
6763,44,69600,MORTGAGE,11.0,VENTURE,B,5000,10.37,0.07,N,15,0
6764,22,124000,MORTGAGE,6.0,EDUCATION,A,2000,8.49,0.02,N,4,0
6765,22,49304,RENT,3.0,DEBTCONSOLIDATION,B,12000,10.0,0.24,N,2,0
6766,28,73000,MORTGAGE,2.0,HOMEIMPROVEMENT,C,7500,14.27,0.1,Y,5,1
6767,25,70000,MORTGAGE,9.0,HOMEIMPROVEMENT,A,10500,7.49,0.15,N,2,0
6768,32,26400,RENT,4.0,EDUCATION,C,2500,14.35,0.09,Y,9,0
6769,23,60000,RENT,4.0,EDUCATION,C,8000,12.53,0.13,N,3,0
6770,26,50000,RENT,2.0,MEDICAL,B,15000,11.71,0.3,N,3,0
6771,25,120000,MORTGAGE,9.0,MEDICAL,D,35000,15.62,0.27,Y,3,0
6772,21,30000,RENT,0.0,EDUCATION,A,5000,8.63,0.17,N,4,0
6773,21,72100,RENT,1.0,EDUCATION,B,12000,10.95,0.17,N,2,0
6774,21,45000,MORTGAGE,2.0,VENTURE,D,4000,15.62,0.09,Y,3,0
6775,24,56000,MORTGAGE,2.0,DEBTCONSOLIDATION,B,3000,11.86,0.05,N,3,0
6776,43,72000,MORTGAGE,5.0,MEDICAL,B,25000,11.86,0.35,N,17,0
6777,25,108000,MORTGAGE,5.0,DEBTCONSOLIDATION,B,7000,12.42,0.07,N,3,0
6778,22,57000,MORTGAGE,0.0,DEBTCONSOLIDATION,B,9500,12.53,0.17,N,4,0
6779,46,60000,RENT,2.0,MEDICAL,C,4800,14.22,0.08,N,13,0
6780,21,35000,RENT,0.0,VENTURE,C,1500,13.49,0.04,N,4,0
6781,22,55000,RENT,2.0,MEDICAL,C,16000,13.49,0.29,N,2,0
6782,26,150000,MORTGAGE,11.0,PERSONAL,B,6000,10.59,0.04,N,2,0
6783,31,87500,MORTGAGE,5.0,VENTURE,A,4500,5.99,0.05,N,7,0
6784,24,75000,MORTGAGE,2.0,EDUCATION,A,7500,8.0,0.1,N,4,0
6785,22,43000,MORTGAGE,6.0,EDUCATION,B,21000,12.42,0.47,N,3,0
6786,24,54000,OTHER,0.0,HOMEIMPROVEMENT,D,8000,15.05,0.15,N,3,1
6787,23,32000,RENT,2.0,HOMEIMPROVEMENT,C,7000,13.79,0.22,N,3,1
6788,28,74400,MORTGAGE,7.0,HOMEIMPROVEMENT,B,6700,10.99,0.09,N,9,1
6789,24,45000,RENT,2.0,EDUCATION,B,4000,11.86,0.09,N,3,0
6790,28,50000,RENT,5.0,HOMEIMPROVEMENT,B,2000,10.99,0.04,N,9,0
6791,50,39204,RENT,4.0,MEDICAL,A,16000,9.32,0.42,N,14,1
6792,28,120000,MORTGAGE,1.0,HOMEIMPROVEMENT,D,6000,15.2,0.05,N,9,0
6793,22,35000,OWN,0.0,VENTURE,C,10000,15.27,0.29,N,2,0
6794,23,90000,MORTGAGE,7.0,PERSONAL,A,12000,7.49,0.13,N,2,0
6795,23,70000,RENT,4.0,EDUCATION,B,3600,10.59,0.05,N,4,0
6796,30,153000,MORTGAGE,1.0,PERSONAL,D,25000,15.99,0.16,N,10,1
6797,33,50000,RENT,5.0,PERSONAL,B,10000,9.88,0.2,N,6,0
6798,27,110000,MORTGAGE,11.0,VENTURE,C,10000,13.61,0.09,N,9,0
6799,26,48442,MORTGAGE,6.0,PERSONAL,D,9000,15.33,0.2,Y,4,0
6800,26,64000,MORTGAGE,2.0,DEBTCONSOLIDATION,A,8000,8.94,0.13,N,4,0
6801,22,50000,RENT,6.0,DEBTCONSOLIDATION,B,3000,12.53,0.06,N,4,0
6802,22,58000,RENT,6.0,EDUCATION,C,10000,13.92,0.17,N,3,0
6803,42,52000,RENT,2.0,EDUCATION,B,2400,12.69,0.05,N,14,0
6804,21,31200,RENT,0.0,EDUCATION,A,3200,7.4,0.1,N,3,0
6805,36,119004,MORTGAGE,8.0,VENTURE,B,5000,11.49,0.04,N,17,0
6806,23,110000,MORTGAGE,7.0,VENTURE,A,12000,6.03,0.11,N,2,0
6807,44,90000,RENT,3.0,MEDICAL,B,10000,12.53,0.11,N,16,0
6808,31,83500,RENT,5.0,HOMEIMPROVEMENT,C,15000,13.43,0.18,Y,10,0
6809,28,65000,RENT,3.0,DEBTCONSOLIDATION,A,3000,7.51,0.05,N,7,0
6810,28,35000,RENT,2.0,VENTURE,A,4200,8.59,0.12,N,5,0
6811,27,95000,RENT,5.0,HOMEIMPROVEMENT,C,15000,13.49,0.16,N,8,0
6812,23,55605,MORTGAGE,7.0,MEDICAL,A,6000,7.68,0.11,N,2,0
6813,22,40000,RENT,1.0,MEDICAL,B,6400,10.74,0.16,N,4,0
6814,23,44000,MORTGAGE,1.0,PERSONAL,D,14000,14.42,0.33,N,3,1
6815,25,60000,MORTGAGE,7.0,VENTURE,B,9000,10.65,0.15,N,2,0
6816,35,102000,MORTGAGE,1.0,PERSONAL,A,8000,7.51,0.08,N,6,0
6817,22,66000,RENT,3.0,DEBTCONSOLIDATION,B,10000,11.14,0.15,N,4,0
6818,25,90000,MORTGAGE,9.0,PERSONAL,E,21125,16.89,0.23,Y,4,0
6819,32,35000,MORTGAGE,10.0,EDUCATION,C,2400,14.27,0.07,N,7,0
6820,34,26004,RENT,16.0,MEDICAL,A,5000,6.54,0.19,N,9,0
6821,28,54000,RENT,3.0,MEDICAL,C,4000,14.65,0.07,N,8,0
6822,35,39000,RENT,5.0,DEBTCONSOLIDATION,D,6450,15.99,0.16,Y,5,1
6823,21,53760,MORTGAGE,4.0,PERSONAL,A,5000,7.14,0.09,N,2,0
6824,22,103000,MORTGAGE,0.0,DEBTCONSOLIDATION,C,8000,12.98,0.08,N,3,0
6825,29,75000,MORTGAGE,13.0,PERSONAL,A,5000,6.03,0.07,N,7,0
6826,22,60000,MORTGAGE,3.0,VENTURE,C,11300,13.49,0.19,N,2,0
6827,36,44000,RENT,1.0,MEDICAL,B,2000,10.38,0.05,N,16,0
6828,22,38400,RENT,5.0,EDUCATION,C,5000,13.49,0.13,N,2,0
6829,27,42000,OWN,11.0,VENTURE,C,1900,13.23,0.05,N,9,0
6830,27,70000,MORTGAGE,5.0,HOMEIMPROVEMENT,B,15000,12.53,0.21,N,5,0
6831,28,57000,OWN,1.0,MEDICAL,C,8000,12.87,0.14,N,8,0
6832,31,24000,RENT,5.0,MEDICAL,A,5000,7.29,0.21,N,8,0
6833,42,41000,RENT,4.0,EDUCATION,A,15000,8.49,0.37,N,14,1
6834,23,70000,RENT,4.0,PERSONAL,A,10000,7.29,0.14,N,4,0
6835,24,42000,RENT,7.0,DEBTCONSOLIDATION,A,6000,7.51,0.14,N,4,0
6836,38,91440,MORTGAGE,6.0,VENTURE,B,23000,11.83,0.25,N,15,0
6837,29,24000,RENT,0.0,MEDICAL,B,5000,9.76,0.21,N,6,0
6838,61,85000,RENT,3.0,PERSONAL,B,10000,10.37,0.12,N,20,0
6839,23,52500,MORTGAGE,7.0,EDUCATION,A,7000,7.88,0.13,N,3,0
6840,24,64000,RENT,8.0,PERSONAL,B,8000,9.91,0.13,N,3,0
6841,30,54000,RENT,11.0,EDUCATION,A,14000,6.62,0.26,N,10,1
6842,23,85000,RENT,0.0,EDUCATION,C,12000,12.68,0.14,Y,2,0
6843,25,70000,RENT,4.0,HOMEIMPROVEMENT,A,2000,5.42,0.03,N,4,0
6844,24,64000,RENT,4.0,DEBTCONSOLIDATION,D,7000,16.29,0.11,Y,3,1
6845,38,90000,MORTGAGE,9.0,EDUCATION,B,7000,9.62,0.08,N,12,0
6846,32,28000,RENT,0.0,PERSONAL,B,5000,11.12,0.18,N,7,0
6847,28,35000,RENT,3.0,MEDICAL,C,5000,15.96,0.14,Y,7,0
6848,29,60000,MORTGAGE,13.0,PERSONAL,B,10000,10.36,0.17,N,6,0
6849,28,24000,RENT,3.0,EDUCATION,C,5000,14.35,0.21,N,9,0
6850,23,48000,MORTGAGE,7.0,MEDICAL,B,25000,11.48,0.52,N,3,0
6851,27,84000,MORTGAGE,11.0,DEBTCONSOLIDATION,A,14700,7.49,0.18,N,7,0
6852,22,42000,RENT,4.0,MEDICAL,C,5000,12.23,0.12,Y,3,0
6853,23,50000,MORTGAGE,6.0,EDUCATION,E,5125,17.14,0.1,Y,4,0
6854,25,52000,RENT,9.0,HOMEIMPROVEMENT,C,11500,13.98,0.22,Y,3,0
6855,25,45000,MORTGAGE,0.0,DEBTCONSOLIDATION,A,10000,5.42,0.22,N,3,0
6856,22,43000,RENT,6.0,EDUCATION,C,15000,12.87,0.35,N,2,1
6857,36,100000,MORTGAGE,3.0,EDUCATION,A,12000,6.62,0.12,N,14,0
6858,45,60000,RENT,5.0,PERSONAL,A,7000,6.17,0.12,N,12,0
6859,24,36000,RENT,0.0,MEDICAL,B,7000,11.83,0.19,N,2,0
6860,23,72000,RENT,4.0,DEBTCONSOLIDATION,C,10000,13.85,0.14,N,4,0
6861,29,69000,MORTGAGE,2.0,DEBTCONSOLIDATION,D,8150,16.49,0.12,Y,6,1
6862,36,60000,RENT,0.0,HOMEIMPROVEMENT,B,15000,11.48,0.25,N,14,0
6863,31,47000,MORTGAGE,8.0,DEBTCONSOLIDATION,C,10000,12.73,0.21,Y,9,0
6864,27,28800,RENT,1.0,MEDICAL,A,5000,8.9,0.17,N,8,0
6865,21,49000,RENT,2.0,MEDICAL,D,6000,15.31,0.12,Y,4,1
6866,25,85000,MORTGAGE,9.0,EDUCATION,E,18000,17.19,0.21,Y,4,0
6867,37,25000,OWN,2.0,HOMEIMPROVEMENT,A,2575,7.29,0.1,N,17,0
6868,22,39996,RENT,3.0,DEBTCONSOLIDATION,A,12000,7.51,0.3,N,3,0
6869,28,35000,MORTGAGE,6.0,VENTURE,B,8000,11.11,0.23,N,6,0
6870,23,65000,MORTGAGE,3.0,EDUCATION,A,12000,7.66,0.18,N,2,0
6871,24,70000,RENT,8.0,EDUCATION,B,12000,10.75,0.17,N,3,0
6872,28,70800,MORTGAGE,10.0,HOMEIMPROVEMENT,A,9500,6.62,0.14,N,8,0
6873,23,55000,RENT,3.0,MEDICAL,C,4000,12.98,0.07,Y,3,0
6874,32,52692,OWN,2.0,EDUCATION,B,5000,10.08,0.1,N,9,0
6875,23,60000,MORTGAGE,4.0,VENTURE,A,4000,7.14,0.07,N,4,0
6876,23,80000,RENT,5.0,VENTURE,B,12000,9.62,0.15,N,3,0
6877,30,120000,MORTGAGE,14.0,MEDICAL,B,30000,9.91,0.25,N,6,0
6878,25,54000,RENT,7.0,MEDICAL,B,5000,10.99,0.09,N,3,0
6879,22,41000,RENT,6.0,PERSONAL,D,8000,15.62,0.2,N,3,1
6880,26,79500,MORTGAGE,10.0,MEDICAL,A,16000,6.54,0.2,N,2,0
6881,26,30000,RENT,0.0,DEBTCONSOLIDATION,D,4200,16.49,0.14,N,3,1
6882,23,57936,RENT,6.0,MEDICAL,D,15000,14.42,0.28,N,4,1
6883,25,38400,MORTGAGE,4.0,DEBTCONSOLIDATION,B,9800,11.48,0.26,N,3,0
6884,26,70000,RENT,3.0,VENTURE,C,5000,12.99,0.07,N,4,0
6885,25,35000,RENT,6.0,MEDICAL,B,5000,11.48,0.14,N,4,0
6886,29,62400,RENT,4.0,DEBTCONSOLIDATION,B,12000,12.42,0.19,N,9,1
6887,25,66000,MORTGAGE,9.0,VENTURE,A,6000,7.88,0.09,N,3,0
6888,27,59000,RENT,9.0,MEDICAL,C,5600,13.99,0.09,Y,5,0
6889,21,75000,OWN,5.0,EDUCATION,A,12000,7.66,0.16,N,4,0
6890,24,64500,OWN,4.0,VENTURE,B,6000,11.83,0.1,N,2,0
6891,22,40000,RENT,3.0,EDUCATION,C,2000,12.98,0.05,Y,4,0
6892,22,40000,RENT,1.0,DEBTCONSOLIDATION,B,15000,9.99,0.38,N,4,1
6893,22,30000,RENT,4.0,PERSONAL,A,15000,6.91,0.5,N,2,1
6894,35,25000,OWN,4.0,PERSONAL,A,1200,6.76,0.05,N,9,0
6895,27,19200,RENT,2.0,MEDICAL,B,2000,10.59,0.1,N,10,0
6896,25,60000,MORTGAGE,4.0,PERSONAL,A,12500,6.92,0.21,N,2,0
6897,28,78500,RENT,5.0,HOMEIMPROVEMENT,C,4500,14.27,0.06,N,6,0
6898,22,54000,MORTGAGE,5.0,MEDICAL,A,10000,7.49,0.19,N,2,0
6899,24,100000,RENT,6.0,PERSONAL,A,5000,7.51,0.05,N,3,0
6900,25,60000,RENT,1.0,HOMEIMPROVEMENT,A,7000,7.49,0.12,N,2,0
6901,25,87600,MORTGAGE,9.0,EDUCATION,A,3000,5.99,0.03,N,3,0
6902,26,74000,RENT,9.0,MEDICAL,B,11000,11.99,0.16,N,3,0
6903,41,30000,RENT,14.0,DEBTCONSOLIDATION,D,8000,15.62,0.27,N,16,1
6904,22,48000,RENT,5.0,PERSONAL,B,4500,10.62,0.09,N,4,0
6905,29,100000,MORTGAGE,4.0,MEDICAL,B,10000,9.45,0.1,N,8,0
6906,30,33996,RENT,2.0,PERSONAL,D,5000,14.96,0.15,N,8,1
6907,24,50000,RENT,5.0,PERSONAL,B,11000,12.42,0.21,N,2,0
6908,25,180000,RENT,9.0,HOMEIMPROVEMENT,A,10000,6.62,0.06,N,3,0
6909,24,60000,MORTGAGE,3.0,VENTURE,A,7000,7.14,0.12,N,4,0
6910,26,75000,MORTGAGE,5.0,EDUCATION,D,16000,14.09,0.21,N,4,0
6911,26,75181,MORTGAGE,9.0,MEDICAL,A,6000,7.51,0.08,N,2,0
6912,22,33500,RENT,4.0,MEDICAL,B,10000,10.37,0.3,N,3,0
6913,37,42000,RENT,0.0,PERSONAL,B,12000,10.37,0.29,N,14,0
6914,21,24000,RENT,5.0,VENTURE,A,1500,7.29,0.06,N,3,0
6915,24,140000,MORTGAGE,4.0,HOMEIMPROVEMENT,B,10000,11.71,0.07,N,2,0
6916,23,39000,RENT,0.0,HOMEIMPROVEMENT,D,15000,15.58,0.38,N,4,1
6917,24,25000,RENT,2.0,MEDICAL,C,3600,15.23,0.14,Y,4,1
6918,24,45000,RENT,4.0,DEBTCONSOLIDATION,B,8000,10.37,0.18,N,3,0
6919,40,60000,RENT,1.0,HOMEIMPROVEMENT,C,8000,13.57,0.13,N,12,0
6920,22,75000,MORTGAGE,6.0,VENTURE,B,21000,11.48,0.29,N,2,0
6921,25,75000,RENT,4.0,HOMEIMPROVEMENT,C,12000,14.27,0.16,N,4,0
6922,23,44000,RENT,7.0,PERSONAL,C,10000,10.59,0.23,N,4,1
6923,26,42000,RENT,6.0,MEDICAL,B,8000,11.71,0.19,N,3,0
6924,36,110000,MORTGAGE,5.0,HOMEIMPROVEMENT,B,10000,12.42,0.09,N,11,0
6925,27,30000,RENT,2.0,DEBTCONSOLIDATION,A,5000,6.03,0.17,N,8,0
6926,27,49000,RENT,4.0,MEDICAL,B,7500,10.65,0.15,N,7,0
6927,23,88000,RENT,0.0,HOMEIMPROVEMENT,D,10000,15.31,0.11,Y,3,1
6928,32,120000,RENT,7.0,DEBTCONSOLIDATION,B,18000,12.69,0.15,N,7,0
6929,22,42000,RENT,6.0,PERSONAL,C,4000,13.43,0.1,Y,3,0
6930,24,55000,RENT,2.0,EDUCATION,C,8400,13.11,0.15,Y,4,0
6931,24,68004,MORTGAGE,8.0,VENTURE,B,4000,10.74,0.06,N,3,0
6932,26,39000,RENT,3.0,EDUCATION,B,10000,10.38,0.26,N,3,0
6933,23,50000,RENT,7.0,VENTURE,B,3600,10.59,0.07,N,4,0
6934,44,24000,RENT,1.0,PERSONAL,B,7200,10.59,0.3,N,15,0
6935,27,75000,RENT,11.0,EDUCATION,B,3000,11.99,0.04,N,5,1
6936,25,40000,RENT,1.0,HOMEIMPROVEMENT,E,14000,16.45,0.35,N,2,1
6937,22,60000,MORTGAGE,6.0,PERSONAL,A,2000,6.54,0.03,N,4,0
6938,32,54000,MORTGAGE,0.0,DEBTCONSOLIDATION,A,7200,7.9,0.13,N,5,0
6939,24,41600,RENT,1.0,MEDICAL,A,2200,8.94,0.06,N,2,0
6940,29,60000,RENT,11.0,VENTURE,B,14000,11.71,0.23,N,8,0
6941,29,63000,MORTGAGE,3.0,VENTURE,A,10000,6.03,0.16,N,7,0
6942,23,35000,OWN,6.0,VENTURE,B,4000,10.59,0.11,N,3,0
6943,31,40000,RENT,12.0,VENTURE,A,12000,7.51,0.3,N,9,0
6944,25,34000,RENT,8.0,MEDICAL,A,4500,8.63,0.13,N,3,0
6945,26,38400,RENT,2.0,DEBTCONSOLIDATION,A,5000,9.63,0.13,N,3,0
6946,27,100000,MORTGAGE,11.0,PERSONAL,A,8000,7.14,0.08,N,9,0
6947,22,50000,RENT,0.0,EDUCATION,C,10000,14.35,0.2,N,4,0
6948,26,50000,OWN,10.0,PERSONAL,B,14400,9.91,0.29,N,3,0
6949,23,60000,RENT,3.0,MEDICAL,C,14000,11.03,0.23,Y,4,0
6950,32,40000,RENT,3.0,MEDICAL,C,6000,13.49,0.15,N,9,0
6951,24,33996,RENT,7.0,HOMEIMPROVEMENT,C,1500,13.48,0.04,Y,3,1
6952,34,35000,RENT,2.0,PERSONAL,C,10000,12.68,0.29,Y,5,0
6953,22,30000,RENT,1.0,VENTURE,A,12000,7.51,0.4,N,4,1
6954,27,47940,MORTGAGE,5.0,HOMEIMPROVEMENT,A,12000,8.49,0.25,N,5,0
6955,24,35000,MORTGAGE,7.0,PERSONAL,A,3000,6.62,0.09,N,4,0
6956,23,72250,RENT,7.0,MEDICAL,A,30000,8.9,0.35,N,3,1
6957,27,50400,MORTGAGE,9.0,PERSONAL,A,10400,7.51,0.2,N,9,0
6958,23,55000,MORTGAGE,5.0,MEDICAL,B,12000,11.86,0.22,N,3,0
6959,31,36000,RENT,6.0,HOMEIMPROVEMENT,C,15000,12.87,0.42,Y,9,1
6960,34,128000,MORTGAGE,14.0,HOMEIMPROVEMENT,B,30000,9.91,0.23,N,10,1
6961,27,65000,MORTGAGE,11.0,PERSONAL,B,10000,10.99,0.15,N,5,0
6962,28,95000,MORTGAGE,1.0,MEDICAL,B,8000,12.21,0.08,N,10,0
6963,21,24000,RENT,5.0,MEDICAL,C,1500,13.92,0.06,Y,4,0
6964,27,35000,OWN,2.0,EDUCATION,A,12000,6.54,0.34,N,5,0
6965,43,36000,MORTGAGE,3.0,VENTURE,B,11000,9.88,0.31,N,17,0
6966,31,36000,OWN,1.0,MEDICAL,B,4000,11.86,0.11,N,5,0
6967,23,35000,RENT,0.0,EDUCATION,C,5000,12.99,0.14,N,2,0
6968,21,24000,RENT,0.0,VENTURE,C,3500,14.35,0.15,Y,3,0
6969,27,48000,RENT,8.0,DEBTCONSOLIDATION,B,7500,11.49,0.16,N,6,0
6970,28,75000,MORTGAGE,6.0,MEDICAL,B,5125,10.65,0.07,N,10,0
6971,24,40000,RENT,1.0,EDUCATION,A,6000,6.03,0.15,N,2,0
6972,22,72000,MORTGAGE,6.0,EDUCATION,B,8000,12.21,0.11,N,4,0
6973,30,108800,MORTGAGE,3.0,MEDICAL,D,15000,15.31,0.12,N,9,1
6974,21,50725,RENT,0.0,EDUCATION,C,5800,13.61,0.11,Y,3,0
6975,28,30000,RENT,8.0,MEDICAL,B,7750,12.69,0.26,N,5,0
6976,27,50000,RENT,11.0,HOMEIMPROVEMENT,C,7500,12.23,0.15,Y,6,0
6977,23,70000,MORTGAGE,4.0,EDUCATION,D,25000,15.62,0.36,N,2,0
6978,24,80000,MORTGAGE,9.0,VENTURE,A,10000,7.49,0.13,N,3,0
6979,25,82560,RENT,6.0,EDUCATION,C,18000,13.92,0.22,N,3,0
6980,27,96000,RENT,3.0,VENTURE,A,2400,6.62,0.03,N,9,0
6981,22,55000,MORTGAGE,6.0,PERSONAL,B,15000,11.86,0.27,N,4,0
6982,26,115200,MORTGAGE,10.0,DEBTCONSOLIDATION,A,5000,7.75,0.04,N,3,0
6983,28,48000,RENT,3.0,PERSONAL,C,13000,13.49,0.27,N,7,0
6984,34,105500,RENT,3.0,PERSONAL,B,8000,11.49,0.08,N,9,0
6985,29,73000,RENT,4.0,PERSONAL,B,10000,11.99,0.14,N,10,0
6986,27,45000,RENT,2.0,PERSONAL,B,18200,11.99,0.4,N,9,1
6987,35,69000,RENT,1.0,DEBTCONSOLIDATION,D,3000,14.09,0.04,Y,6,1
6988,22,49000,RENT,3.0,DEBTCONSOLIDATION,B,4800,11.71,0.1,N,2,0
6989,24,28800,MORTGAGE,8.0,MEDICAL,A,8250,7.51,0.29,N,2,0
6990,51,99800,MORTGAGE,8.0,PERSONAL,B,8000,11.14,0.08,N,11,0
6991,35,24000,RENT,3.0,PERSONAL,A,3500,7.29,0.15,N,7,0
6992,33,80000,MORTGAGE,17.0,DEBTCONSOLIDATION,A,20000,6.54,0.25,N,10,0
6993,23,90000,MORTGAGE,7.0,PERSONAL,A,6000,5.42,0.07,N,3,0
6994,22,52000,OWN,5.0,EDUCATION,B,3600,10.99,0.07,N,2,0
6995,25,120000,RENT,3.0,VENTURE,A,12000,7.51,0.1,N,2,0
6996,21,33000,RENT,6.0,EDUCATION,C,8000,14.27,0.24,N,3,0
6997,23,25200,RENT,2.0,DEBTCONSOLIDATION,D,6000,15.95,0.23,N,2,1
6998,26,51996,RENT,9.0,PERSONAL,C,7500,12.53,0.14,N,3,0
6999,22,34000,RENT,1.0,MEDICAL,C,5000,13.79,0.15,Y,2,1
7000,33,129996,OWN,2.0,MEDICAL,A,12000,9.63,0.1,N,8,0
7001,25,50000,OWN,5.0,MEDICAL,A,18000,7.9,0.36,N,2,0
7002,32,75000,MORTGAGE,4.0,HOMEIMPROVEMENT,A,12000,6.03,0.16,N,10,0
7003,28,24996,OWN,0.0,EDUCATION,D,3000,14.09,0.12,Y,7,0
7004,28,81996,RENT,5.0,VENTURE,C,5000,14.26,0.06,N,5,0
7005,22,42000,OWN,7.0,VENTURE,B,8000,11.12,0.19,N,2,0
7006,27,50000,MORTGAGE,11.0,HOMEIMPROVEMENT,B,6000,9.99,0.12,N,5,0
7007,22,64000,RENT,7.0,VENTURE,E,20000,16.45,0.31,Y,4,1
7008,45,51480,MORTGAGE,8.0,PERSONAL,A,3600,5.79,0.07,N,12,0
7009,33,25000,RENT,3.0,MEDICAL,A,7100,7.88,0.28,N,8,0
7010,29,59828,MORTGAGE,13.0,VENTURE,A,5000,7.14,0.08,N,6,0
7011,27,130000,MORTGAGE,12.0,HOMEIMPROVEMENT,B,13000,10.59,0.1,N,6,0
7012,24,65000,RENT,5.0,DEBTCONSOLIDATION,B,20000,11.11,0.31,N,3,0
7013,24,75000,RENT,5.0,HOMEIMPROVEMENT,B,29800,10.99,0.4,N,4,1
7014,28,85000,MORTGAGE,12.0,EDUCATION,A,10000,7.14,0.12,N,5,0
7015,25,60000,MORTGAGE,9.0,EDUCATION,A,4000,7.14,0.07,N,2,0
7016,23,80000,MORTGAGE,7.0,EDUCATION,A,6000,8.9,0.07,N,2,0
7017,27,37000,RENT,0.0,EDUCATION,B,15000,10.37,0.41,N,8,1
7018,24,33000,OWN,8.0,EDUCATION,D,8125,15.99,0.25,Y,4,0
7019,36,175000,MORTGAGE,0.0,MEDICAL,C,30000,12.99,0.17,N,14,0
7020,25,48000,MORTGAGE,7.0,EDUCATION,A,10000,7.51,0.21,N,3,0
7021,27,65000,MORTGAGE,11.0,VENTURE,A,21200,7.49,0.33,N,8,0
7022,27,103000,MORTGAGE,3.0,HOMEIMPROVEMENT,A,12800,6.17,0.12,N,7,0
7023,23,69996,MORTGAGE,3.0,MEDICAL,B,25000,10.75,0.36,N,3,0
7024,22,70000,MORTGAGE,6.0,VENTURE,B,25000,11.48,0.36,N,2,0
7025,23,75000,MORTGAGE,7.0,DEBTCONSOLIDATION,A,9600,5.79,0.13,N,4,0
7026,30,70000,RENT,14.0,EDUCATION,C,16000,14.65,0.23,N,7,0
7027,28,36000,RENT,2.0,HOMEIMPROVEMENT,D,6000,15.62,0.17,Y,10,1
7028,29,75000,MORTGAGE,4.0,VENTURE,B,12000,10.37,0.16,N,9,0
7029,45,62000,RENT,14.0,DEBTCONSOLIDATION,C,4000,14.27,0.06,Y,17,0
7030,28,90000,MORTGAGE,12.0,EDUCATION,A,16800,5.99,0.18,N,8,0
7031,24,125000,MORTGAGE,0.0,MEDICAL,A,12800,8.49,0.1,N,2,0
7032,30,37000,OWN,1.0,HOMEIMPROVEMENT,B,8000,10.59,0.22,N,9,0
7033,29,39000,RENT,6.0,DEBTCONSOLIDATION,C,2600,14.72,0.06,N,6,0
7034,23,65000,MORTGAGE,3.0,DEBTCONSOLIDATION,A,7000,7.51,0.11,N,3,0
7035,29,52000,MORTGAGE,3.0,VENTURE,A,5000,5.99,0.1,N,5,0
7036,65,30000,RENT,1.0,PERSONAL,C,6000,13.16,0.2,Y,27,0
7037,26,168750,RENT,1.0,PERSONAL,B,24250,12.18,0.15,N,3,0
7038,24,40000,MORTGAGE,7.0,DEBTCONSOLIDATION,A,4000,7.49,0.1,N,3,0
7039,22,45000,RENT,1.0,EDUCATION,A,10000,7.51,0.22,N,4,0
7040,30,90000,RENT,2.0,HOMEIMPROVEMENT,C,7000,11.66,0.08,N,7,0
7041,26,125000,MORTGAGE,8.0,DEBTCONSOLIDATION,A,7500,8.59,0.06,N,2,0
7042,23,55000,MORTGAGE,7.0,VENTURE,A,6000,6.99,0.11,N,4,0
7043,30,70000,MORTGAGE,2.0,DEBTCONSOLIDATION,A,8000,5.99,0.11,N,6,0
7044,42,35000,RENT,2.0,MEDICAL,D,15000,14.59,0.43,N,17,1
7045,28,45000,RENT,6.0,MEDICAL,C,5000,13.92,0.11,Y,8,0
7046,23,75000,OWN,4.0,EDUCATION,D,5600,15.21,0.07,Y,2,0
7047,25,40000,MORTGAGE,1.0,MEDICAL,A,5000,5.79,0.13,N,4,0
7048,24,62004,OWN,1.0,EDUCATION,A,8000,7.9,0.13,N,3,0
7049,23,73000,MORTGAGE,7.0,EDUCATION,A,10000,7.51,0.14,N,2,0
7050,35,37000,MORTGAGE,2.0,HOMEIMPROVEMENT,A,2000,7.66,0.05,N,10,0
7051,25,30000,RENT,2.0,PERSONAL,A,5000,7.66,0.17,N,4,0
7052,32,80000,MORTGAGE,3.0,HOMEIMPROVEMENT,A,12000,6.62,0.15,N,10,0
7053,23,48000,RENT,3.0,MEDICAL,B,6600,10.25,0.14,N,4,0
7054,31,45000,RENT,15.0,DEBTCONSOLIDATION,B,14000,10.0,0.31,N,8,1
7055,25,60000,MORTGAGE,3.0,MEDICAL,A,7000,7.88,0.12,N,4,0
7056,42,70000,RENT,1.0,MEDICAL,D,25000,13.24,0.36,N,17,0
7057,25,55000,RENT,3.0,EDUCATION,D,5400,12.17,0.1,Y,4,0
7058,26,47300,MORTGAGE,5.0,MEDICAL,A,3600,7.66,0.07,N,3,0
7059,30,75000,MORTGAGE,5.0,HOMEIMPROVEMENT,B,7000,11.12,0.09,N,6,0
7060,23,65000,MORTGAGE,5.0,VENTURE,B,20000,11.99,0.31,N,3,0
7061,26,130000,MORTGAGE,10.0,HOMEIMPROVEMENT,A,8500,7.88,0.07,N,3,0
7062,22,50000,RENT,0.0,VENTURE,A,9600,7.51,0.19,N,2,0
7063,24,44000,MORTGAGE,4.0,VENTURE,A,4000,7.49,0.09,N,2,0
7064,28,100000,MORTGAGE,2.0,PERSONAL,A,5000,7.14,0.05,N,9,0
7065,43,29000,RENT,1.0,MEDICAL,C,1000,13.22,0.03,Y,14,0
7066,25,30000,RENT,6.0,PERSONAL,A,3000,7.51,0.1,N,2,0
7067,31,60000,MORTGAGE,15.0,PERSONAL,A,17000,6.03,0.28,N,8,0
7068,21,28000,RENT,5.0,EDUCATION,B,8300,9.99,0.3,N,2,0
7069,23,28500,RENT,0.0,EDUCATION,A,10000,9.63,0.35,N,2,1
7070,22,95000,RENT,6.0,VENTURE,A,12000,7.51,0.13,N,4,0
7071,26,30000,RENT,1.0,PERSONAL,A,5000,7.29,0.17,N,2,0
7072,41,66000,RENT,20.0,PERSONAL,D,12800,15.7,0.19,Y,13,0
7073,22,30000,RENT,6.0,VENTURE,C,12000,13.49,0.4,N,2,1
7074,38,25000,RENT,0.0,DEBTCONSOLIDATION,D,8000,14.74,0.33,Y,17,1
7075,32,60000,RENT,16.0,HOMEIMPROVEMENT,A,7000,7.14,0.12,N,7,0
7076,33,65000,MORTGAGE,2.0,VENTURE,A,6000,7.51,0.09,N,5,0
7077,23,56000,MORTGAGE,1.0,EDUCATION,C,15000,12.29,0.28,N,2,0
7078,47,39000,MORTGAGE,4.0,DEBTCONSOLIDATION,C,2800,14.65,0.07,N,13,1
7079,28,42000,RENT,4.0,PERSONAL,B,3000,10.36,0.07,N,5,0
7080,22,75000,RENT,6.0,EDUCATION,B,10000,10.0,0.13,N,2,0
7081,23,50000,RENT,3.0,EDUCATION,C,4000,13.22,0.08,N,3,0
7082,48,44000,RENT,4.0,MEDICAL,A,6400,7.29,0.15,N,12,0
7083,32,75000,MORTGAGE,14.0,PERSONAL,A,9000,7.14,0.13,N,10,0
7084,22,50000,RENT,3.0,EDUCATION,B,15000,10.25,0.3,N,2,0
7085,30,36000,RENT,9.0,PERSONAL,C,8000,13.06,0.22,N,5,1
7086,38,34000,MORTGAGE,6.0,VENTURE,B,5000,10.65,0.15,N,16,0
7087,24,70000,RENT,0.0,PERSONAL,B,15000,10.99,0.21,N,3,0
7088,22,78000,MORTGAGE,6.0,VENTURE,A,10200,8.94,0.13,N,3,0
7089,22,60000,RENT,6.0,VENTURE,C,18000,13.49,0.3,N,4,0
7090,30,60000,RENT,11.0,EDUCATION,B,25000,10.39,0.42,N,10,1
7091,24,40000,RENT,8.0,EDUCATION,A,8000,8.49,0.2,N,4,0
7092,37,35004,OWN,14.0,EDUCATION,A,10400,7.29,0.3,N,12,0
7093,22,110000,MORTGAGE,3.0,EDUCATION,A,10000,5.99,0.09,N,3,0
7094,24,50000,MORTGAGE,8.0,PERSONAL,A,3000,8.9,0.06,N,2,0
7095,22,49000,MORTGAGE,6.0,EDUCATION,A,6750,6.91,0.14,N,2,0
7096,25,30000,RENT,6.0,MEDICAL,D,6000,15.21,0.2,Y,3,1
7097,23,124000,MORTGAGE,0.0,PERSONAL,A,24250,8.9,0.2,N,2,0
7098,24,63996,MORTGAGE,8.0,DEBTCONSOLIDATION,B,12000,10.25,0.19,N,3,0
7099,23,68000,RENT,2.0,MEDICAL,A,20000,7.29,0.29,N,2,0
7100,40,40000,RENT,2.0,DEBTCONSOLIDATION,B,14750,12.18,0.35,N,16,1
7101,23,66000,MORTGAGE,7.0,DEBTCONSOLIDATION,A,3000,7.51,0.05,N,3,0
7102,24,18000,RENT,1.0,VENTURE,D,5000,18.25,0.27,N,3,1
7103,21,50000,RENT,5.0,DEBTCONSOLIDATION,B,6000,11.49,0.12,N,2,0
7104,21,29004,RENT,0.0,PERSONAL,D,5000,17.49,0.17,Y,3,1
7105,27,55000,RENT,3.0,VENTURE,B,3000,11.83,0.05,N,10,0
7106,23,42000,RENT,4.0,HOMEIMPROVEMENT,D,20000,14.09,0.48,Y,4,1
7107,21,24000,RENT,3.0,EDUCATION,A,6000,7.51,0.25,N,2,0
7108,22,38000,RENT,1.0,VENTURE,A,5000,6.99,0.13,N,2,0
7109,26,32000,RENT,5.0,DEBTCONSOLIDATION,D,12000,13.55,0.38,N,4,1
7110,21,24000,RENT,0.0,EDUCATION,C,1000,14.72,0.04,Y,2,1
7111,23,47004,RENT,1.0,MEDICAL,C,2500,14.35,0.05,N,2,0
7112,36,34000,RENT,3.0,MEDICAL,A,6000,9.63,0.18,N,14,0
7113,37,36000,MORTGAGE,0.0,PERSONAL,C,4500,15.96,0.12,N,13,0
7114,23,65000,MORTGAGE,7.0,PERSONAL,C,6000,15.23,0.09,N,3,0
7115,29,32000,RENT,2.0,PERSONAL,C,6000,12.98,0.19,N,10,0
7116,26,40000,RENT,1.0,VENTURE,B,12000,11.58,0.3,N,3,0
7117,41,32000,RENT,26.0,PERSONAL,D,2500,16.29,0.08,N,14,1
7118,25,29000,RENT,8.0,PERSONAL,B,2500,10.99,0.09,N,2,1
7119,23,40000,OWN,6.0,EDUCATION,D,8000,16.0,0.2,N,4,0
7120,26,66300,RENT,7.0,DEBTCONSOLIDATION,C,25000,11.03,0.32,Y,3,1
7121,25,42000,RENT,4.0,MEDICAL,A,6000,7.29,0.14,N,3,0
7122,45,16800,MORTGAGE,14.0,DEBTCONSOLIDATION,C,1000,14.27,0.06,N,12,1
7123,29,96500,MORTGAGE,1.0,DEBTCONSOLIDATION,B,10000,10.25,0.1,N,9,0
7124,24,70000,MORTGAGE,4.0,DEBTCONSOLIDATION,A,5000,7.74,0.07,N,3,0
7125,23,60000,MORTGAGE,1.0,EDUCATION,A,7000,7.88,0.12,N,4,0
7126,22,130000,RENT,2.0,DEBTCONSOLIDATION,B,8000,11.49,0.06,N,4,0
7127,28,34000,MORTGAGE,9.0,MEDICAL,C,4000,14.17,0.12,Y,8,1
7128,27,77000,MORTGAGE,0.0,HOMEIMPROVEMENT,C,21000,14.26,0.27,Y,9,0
7129,24,175000,RENT,1.0,DEBTCONSOLIDATION,C,6000,11.28,0.04,Y,4,0
7130,27,25000,RENT,4.0,VENTURE,B,4000,10.99,0.16,N,10,0
7131,27,50000,MORTGAGE,4.0,VENTURE,A,10000,7.29,0.2,N,9,0
7132,23,90000,MORTGAGE,7.0,PERSONAL,B,9000,10.65,0.1,N,4,0
7133,22,43200,RENT,5.0,VENTURE,C,6000,13.49,0.14,Y,4,0
7134,38,55000,MORTGAGE,3.0,DEBTCONSOLIDATION,A,15000,6.62,0.27,N,16,0
7135,28,25000,OWN,0.0,VENTURE,A,3000,8.49,0.12,N,6,0
7136,23,45000,RENT,7.0,MEDICAL,C,10000,14.27,0.22,N,3,0
7137,25,39996,OWN,9.0,EDUCATION,B,3500,9.99,0.08,N,4,0
7138,21,35000,OWN,3.0,VENTURE,A,10000,7.51,0.29,N,4,0
7139,29,63000,MORTGAGE,13.0,EDUCATION,B,5100,10.0,0.09,N,8,0
7140,21,34000,RENT,2.0,PERSONAL,D,7500,14.59,0.23,N,3,1
7141,32,35000,RENT,2.0,PERSONAL,A,4000,6.17,0.11,N,6,0
7142,24,45000,RENT,0.0,PERSONAL,D,3500,14.46,0.08,N,2,1
7143,26,120000,MORTGAGE,10.0,DEBTCONSOLIDATION,B,7000,11.99,0.06,N,4,0
7144,29,60000,MORTGAGE,13.0,PERSONAL,A,20000,7.49,0.33,N,9,0
7145,27,32000,RENT,4.0,VENTURE,A,6000,6.92,0.19,N,7,0
7146,28,75000,RENT,4.0,DEBTCONSOLIDATION,A,14000,7.9,0.19,N,9,0
7147,25,62500,MORTGAGE,3.0,VENTURE,D,15000,16.77,0.24,N,3,0
7148,25,33600,RENT,2.0,DEBTCONSOLIDATION,C,2400,13.49,0.07,Y,3,0
7149,28,28800,MORTGAGE,0.0,HOMEIMPROVEMENT,A,8000,8.59,0.28,N,8,0
7150,23,45000,MORTGAGE,7.0,VENTURE,A,5000,7.51,0.11,N,3,0
7151,29,48000,MORTGAGE,13.0,HOMEIMPROVEMENT,A,2400,5.42,0.05,N,5,0
7152,24,70000,RENT,4.0,PERSONAL,A,12000,7.29,0.17,N,4,0
7153,23,44004,MORTGAGE,7.0,DEBTCONSOLIDATION,D,2000,16.89,0.05,N,2,1
7154,25,65000,RENT,9.0,MEDICAL,A,11200,7.51,0.17,N,3,0
7155,22,39750,RENT,5.0,EDUCATION,A,7250,8.49,0.18,N,4,0
7156,23,56000,RENT,7.0,MEDICAL,D,15000,16.02,0.27,Y,2,1
7157,26,60000,RENT,1.0,DEBTCONSOLIDATION,C,9000,12.73,0.15,N,2,0
7158,22,50000,RENT,5.0,VENTURE,D,10000,16.29,0.2,Y,4,0
7159,23,40000,RENT,7.0,MEDICAL,B,5000,11.49,0.13,N,2,0
7160,25,36000,MORTGAGE,3.0,EDUCATION,A,5000,8.9,0.14,N,3,0
7161,22,27600,OWN,4.0,VENTURE,D,5000,15.7,0.18,N,2,0
7162,23,33000,RENT,1.0,PERSONAL,C,7500,11.03,0.23,Y,3,0
7163,27,65000,OWN,11.0,EDUCATION,B,10500,11.48,0.16,N,5,0
7164,29,42000,OWN,0.0,MEDICAL,A,12000,7.9,0.29,N,7,0
7165,34,62100,MORTGAGE,11.0,PERSONAL,B,8500,11.11,0.14,N,6,0
7166,37,75000,MORTGAGE,0.0,HOMEIMPROVEMENT,C,3000,13.16,0.04,N,11,0
7167,23,61200,MORTGAGE,2.0,MEDICAL,B,2500,11.71,0.04,N,2,0
7168,26,48000,RENT,4.0,EDUCATION,C,2500,14.65,0.05,Y,3,0
7169,38,105000,MORTGAGE,13.0,DEBTCONSOLIDATION,A,3000,6.03,0.03,N,12,0
7170,31,70000,RENT,4.0,EDUCATION,B,8000,10.0,0.11,N,10,0
7171,36,36000,RENT,3.0,PERSONAL,B,5000,10.37,0.14,N,14,0
7172,22,95000,MORTGAGE,2.0,EDUCATION,A,7500,7.51,0.08,N,4,0
7173,29,56000,MORTGAGE,13.0,PERSONAL,A,12000,6.62,0.21,N,9,0
7174,22,64000,MORTGAGE,6.0,VENTURE,A,6000,7.49,0.09,N,4,0
7175,22,85000,MORTGAGE,4.0,EDUCATION,A,12000,9.63,0.14,N,3,0
7176,31,50000,MORTGAGE,5.0,PERSONAL,B,10000,11.26,0.2,N,6,0
7177,31,95000,MORTGAGE,1.0,VENTURE,A,12000,5.79,0.13,N,5,0
7178,22,78000,MORTGAGE,7.0,EDUCATION,C,5000,13.92,0.06,N,3,0
7179,26,75000,MORTGAGE,4.0,HOMEIMPROVEMENT,A,12000,6.92,0.16,N,4,0
7180,31,36000,RENT,2.0,PERSONAL,D,15000,15.99,0.42,N,7,1
7181,27,26500,RENT,2.0,MEDICAL,C,6000,13.79,0.23,N,8,0
7182,24,60000,RENT,0.0,EDUCATION,A,8400,7.51,0.14,N,3,0
7183,31,30000,OWN,3.0,HOMEIMPROVEMENT,A,5000,8.59,0.17,N,8,0
7184,34,100000,MORTGAGE,1.0,DEBTCONSOLIDATION,D,17600,16.07,0.17,N,5,1
7185,21,50000,RENT,5.0,DEBTCONSOLIDATION,B,2000,10.37,0.04,N,3,0
7186,27,30000,RENT,1.0,HOMEIMPROVEMENT,C,3500,14.72,0.12,N,7,1
7187,30,48000,MORTGAGE,4.0,HOMEIMPROVEMENT,B,3000,11.99,0.06,N,5,0
7188,25,35000,RENT,1.0,MEDICAL,B,10000,10.65,0.29,N,4,0
7189,23,60000,MORTGAGE,0.0,PERSONAL,B,6500,9.25,0.11,N,2,0
7190,31,45600,MORTGAGE,5.0,PERSONAL,C,6000,14.26,0.13,N,8,0
7191,27,53595,RENT,11.0,DEBTCONSOLIDATION,A,9800,7.88,0.19,N,6,0
7192,23,30000,RENT,7.0,VENTURE,C,3600,14.27,0.12,N,2,0
7193,34,45000,RENT,1.0,DEBTCONSOLIDATION,A,12000,8.9,0.27,N,9,0
7194,26,26988,MORTGAGE,10.0,MEDICAL,B,5800,10.59,0.21,N,3,0
7195,24,100000,MORTGAGE,8.0,PERSONAL,A,25475,5.99,0.25,N,2,1
7196,30,52000,MORTGAGE,14.0,DEBTCONSOLIDATION,B,12000,10.65,0.23,N,7,0
7197,27,36000,RENT,4.0,PERSONAL,B,6000,11.49,0.17,N,7,0
7198,29,76000,RENT,3.0,HOMEIMPROVEMENT,A,7200,8.49,0.09,N,10,0
7199,21,40000,RENT,3.0,EDUCATION,A,12000,7.51,0.3,N,2,0
7200,39,55000,RENT,4.0,HOMEIMPROVEMENT,B,3600,10.99,0.07,N,13,0
7201,23,121000,RENT,1.0,EDUCATION,B,20000,9.45,0.17,N,2,0
7202,31,34000,RENT,3.0,EDUCATION,D,12000,14.54,0.35,Y,5,1
7203,28,36000,MORTGAGE,0.0,EDUCATION,C,12000,12.53,0.33,Y,6,0
7204,22,25200,RENT,7.0,EDUCATION,D,2000,14.96,0.08,N,2,0
7205,24,80000,MORTGAGE,8.0,EDUCATION,A,12000,7.49,0.15,N,2,0
7206,24,65000,RENT,0.0,DEBTCONSOLIDATION,A,6000,6.92,0.09,N,2,0
7207,24,80000,MORTGAGE,7.0,EDUCATION,B,9000,11.99,0.11,N,3,0
7208,28,113028,MORTGAGE,8.0,MEDICAL,B,12600,11.86,0.11,N,9,0
7209,29,99400,MORTGAGE,3.0,MEDICAL,A,5000,6.92,0.05,N,5,0
7210,27,51996,MORTGAGE,11.0,DEBTCONSOLIDATION,B,3200,11.49,0.06,N,8,0
7211,31,56000,RENT,3.0,DEBTCONSOLIDATION,E,10000,17.39,0.18,N,9,1
7212,33,32000,RENT,1.0,VENTURE,C,7000,13.16,0.22,N,5,1
7213,25,48000,RENT,0.0,VENTURE,A,4500,6.76,0.09,N,4,0
7214,26,50000,RENT,10.0,PERSONAL,B,8000,12.18,0.16,N,4,0
7215,24,124080,MORTGAGE,3.0,EDUCATION,C,24000,14.22,0.19,N,4,0
7216,21,42000,RENT,4.0,PERSONAL,C,4800,14.22,0.11,N,4,0
7217,23,45000,MORTGAGE,7.0,DEBTCONSOLIDATION,A,8000,7.29,0.18,N,2,0
7218,24,98000,OWN,5.0,MEDICAL,A,1000,7.37,0.01,N,3,0
7219,34,80000,OWN,12.0,VENTURE,C,12000,13.49,0.15,N,7,0
7220,22,48000,RENT,5.0,MEDICAL,B,4000,9.99,0.08,N,3,0
7221,29,80000,MORTGAGE,0.0,MEDICAL,A,5000,8.59,0.06,N,7,0
7222,28,44000,RENT,0.0,PERSONAL,C,5000,12.99,0.11,N,6,0
7223,29,50000,RENT,1.0,VENTURE,B,3500,10.75,0.07,N,5,0
7224,40,150000,MORTGAGE,9.0,DEBTCONSOLIDATION,B,25000,11.89,0.17,N,11,0
7225,23,45000,RENT,2.0,DEBTCONSOLIDATION,C,4000,13.48,0.09,Y,2,0
7226,24,54000,MORTGAGE,7.0,HOMEIMPROVEMENT,A,6000,5.42,0.11,N,2,0
7227,39,150000,RENT,3.0,HOMEIMPROVEMENT,B,25000,10.75,0.17,N,14,0
7228,29,130000,MORTGAGE,0.0,HOMEIMPROVEMENT,B,8000,12.21,0.06,N,8,0
7229,24,67600,OWN,7.0,VENTURE,B,17000,11.14,0.26,N,3,0
7230,22,50000,MORTGAGE,6.0,MEDICAL,A,10000,7.9,0.2,N,2,0
7231,23,24000,RENT,2.0,DEBTCONSOLIDATION,A,10000,6.62,0.42,N,4,1
7232,22,44000,MORTGAGE,6.0,PERSONAL,E,6200,16.69,0.14,N,3,0
7233,26,44000,MORTGAGE,5.0,VENTURE,B,7000,11.11,0.16,N,4,0
7234,22,40000,RENT,2.0,EDUCATION,A,7200,7.9,0.18,N,4,0
7235,40,120000,OWN,4.0,DEBTCONSOLIDATION,D,20000,15.95,0.17,N,15,0
7236,29,37000,RENT,1.0,HOMEIMPROVEMENT,E,13000,16.82,0.35,Y,6,1
7237,40,65000,RENT,6.0,MEDICAL,C,11500,12.87,0.18,Y,17,0
7238,29,28800,OWN,7.0,EDUCATION,A,6000,7.49,0.21,N,7,0
7239,43,60000,MORTGAGE,0.0,VENTURE,B,16000,9.99,0.27,N,17,0
7240,23,75000,RENT,4.0,VENTURE,B,6000,12.42,0.08,N,2,0
7241,25,115731,MORTGAGE,3.0,HOMEIMPROVEMENT,A,7200,6.62,0.06,N,2,0
7242,30,54000,OWN,14.0,VENTURE,A,1000,5.42,0.02,N,8,0
7243,23,65000,RENT,4.0,EDUCATION,C,8000,13.98,0.12,N,4,0
7244,29,75000,RENT,6.0,VENTURE,B,12000,9.91,0.16,N,5,0
7245,37,36000,RENT,0.0,EDUCATION,B,8000,11.86,0.22,N,13,0
7246,22,50000,RENT,0.0,PERSONAL,A,10000,6.17,0.2,N,4,0
7247,21,51996,RENT,5.0,DEBTCONSOLIDATION,A,2000,7.51,0.04,N,3,0
7248,27,75000,RENT,3.0,DEBTCONSOLIDATION,A,13000,6.91,0.17,N,7,0
7249,22,66420,MORTGAGE,6.0,EDUCATION,C,15000,14.26,0.21,Y,2,0
7250,23,74000,MORTGAGE,7.0,PERSONAL,B,25000,10.25,0.34,N,3,0
7251,24,85000,MORTGAGE,5.0,PERSONAL,C,15000,14.17,0.18,N,4,0
7252,24,24000,RENT,1.0,HOMEIMPROVEMENT,C,6400,13.49,0.27,Y,2,0
7253,24,55000,MORTGAGE,5.0,HOMEIMPROVEMENT,C,4000,12.99,0.07,Y,2,0
7254,26,180000,MORTGAGE,5.0,PERSONAL,A,7000,7.14,0.04,N,4,0
7255,26,90000,MORTGAGE,4.0,PERSONAL,C,21000,12.61,0.23,Y,3,0
7256,23,42000,OWN,3.0,VENTURE,B,3500,10.37,0.08,N,2,0
7257,26,85000,RENT,0.0,VENTURE,A,11000,7.51,0.13,N,4,0
7258,23,70000,MORTGAGE,1.0,VENTURE,B,7500,10.99,0.11,N,2,0
7259,31,170000,MORTGAGE,13.0,VENTURE,D,25000,15.21,0.15,Y,9,0
7260,22,60000,MORTGAGE,6.0,EDUCATION,A,8400,7.49,0.14,N,4,0
7261,30,110000,MORTGAGE,0.0,HOMEIMPROVEMENT,C,8400,12.23,0.08,N,5,0
7262,22,47480,RENT,6.0,MEDICAL,B,6500,11.49,0.15,N,2,0
7263,22,30000,RENT,0.0,MEDICAL,C,9000,11.97,0.3,Y,2,0
7264,28,121000,RENT,3.0,HOMEIMPROVEMENT,B,17600,10.75,0.15,N,6,0
7265,28,38000,RENT,4.0,MEDICAL,B,6500,9.76,0.17,N,6,0
7266,26,50400,MORTGAGE,10.0,PERSONAL,D,1500,14.42,0.03,Y,3,0
7267,25,29120,OWN,0.0,EDUCATION,B,6400,9.99,0.22,N,3,0
7268,22,44000,RENT,6.0,EDUCATION,D,12000,15.58,0.27,N,4,1
7269,24,60000,MORTGAGE,5.0,PERSONAL,B,16000,12.18,0.28,N,3,0
7270,21,30000,MORTGAGE,5.0,DEBTCONSOLIDATION,B,7500,10.39,0.25,N,2,0
7271,31,90000,MORTGAGE,12.0,VENTURE,D,25000,14.09,0.28,Y,7,0
7272,32,66560,MORTGAGE,12.0,EDUCATION,A,3600,8.0,0.06,N,6,0
7273,27,60000,RENT,11.0,DEBTCONSOLIDATION,B,9000,11.99,0.15,N,9,0
7274,22,54000,RENT,6.0,DEBTCONSOLIDATION,D,19400,15.7,0.35,Y,3,1
7275,22,48000,RENT,3.0,EDUCATION,B,1500,11.86,0.03,N,4,0
7276,28,40000,MORTGAGE,2.0,MEDICAL,A,13000,8.59,0.33,N,5,0
7277,22,45000,RENT,1.0,VENTURE,A,9000,7.43,0.2,N,4,0
7278,22,35000,MORTGAGE,6.0,DEBTCONSOLIDATION,A,7000,5.79,0.2,N,3,0
7279,24,44000,MORTGAGE,8.0,VENTURE,B,2000,11.49,0.05,N,4,0
7280,31,44004,RENT,2.0,MEDICAL,A,5000,8.9,0.11,N,6,0
7281,23,45000,RENT,2.0,EDUCATION,B,8000,10.59,0.18,N,2,0
7282,23,60000,RENT,3.0,PERSONAL,A,7000,6.62,0.12,N,2,0
7283,21,30000,RENT,0.0,VENTURE,A,7500,6.62,0.25,N,2,0
7284,21,51000,MORTGAGE,0.0,EDUCATION,A,2500,6.62,0.05,N,2,0
7285,29,37200,MORTGAGE,1.0,HOMEIMPROVEMENT,C,13500,11.34,0.35,N,7,0
7286,41,30000,RENT,4.0,PERSONAL,D,1500,16.49,0.05,Y,12,0
7287,24,48000,RENT,0.0,MEDICAL,B,11000,10.37,0.23,N,3,0
7288,30,90000,MORTGAGE,14.0,PERSONAL,A,10500,6.03,0.12,N,9,0
7289,32,24000,OWN,0.0,MEDICAL,B,2850,12.18,0.12,N,5,0
7290,26,78948,MORTGAGE,2.0,MEDICAL,B,16000,11.83,0.2,N,2,0
7291,24,50000,RENT,1.0,VENTURE,C,5000,13.99,0.1,N,4,0
7292,26,66000,MORTGAGE,10.0,DEBTCONSOLIDATION,D,8000,14.96,0.12,Y,3,1
7293,26,75000,OWN,7.0,HOMEIMPROVEMENT,A,5000,6.99,0.07,N,4,0
7294,23,59000,RENT,7.0,PERSONAL,D,15000,14.96,0.25,Y,2,1
7295,26,110000,RENT,4.0,PERSONAL,A,6625,6.03,0.06,N,2,0
7296,27,48996,RENT,3.0,VENTURE,D,5000,14.54,0.1,Y,5,0
7297,24,110000,RENT,5.0,EDUCATION,B,16000,10.62,0.15,N,2,0
7298,22,36000,RENT,1.0,EDUCATION,C,5000,13.47,0.14,N,3,0
7299,23,45000,RENT,2.0,VENTURE,A,7000,7.88,0.16,N,3,0
7300,26,38400,OWN,1.0,PERSONAL,A,12200,6.62,0.32,N,4,0
7301,28,35000,MORTGAGE,0.0,HOMEIMPROVEMENT,C,12000,14.26,0.34,Y,8,0
7302,35,125000,RENT,4.0,EDUCATION,A,9600,8.49,0.08,N,10,0
7303,28,85000,RENT,4.0,VENTURE,A,8700,7.88,0.1,N,5,0
7304,27,72400,MORTGAGE,4.0,HOMEIMPROVEMENT,E,25000,17.99,0.35,Y,8,0
7305,33,32000,RENT,15.0,MEDICAL,C,9000,14.65,0.28,Y,8,1
7306,22,40000,RENT,6.0,VENTURE,B,12000,11.36,0.3,N,3,0
7307,22,54000,RENT,6.0,PERSONAL,A,6000,7.51,0.11,N,3,0
7308,37,50000,RENT,1.0,VENTURE,A,6000,9.32,0.12,N,14,0
7309,28,90000,RENT,12.0,HOMEIMPROVEMENT,B,12000,12.18,0.13,N,8,0
7310,26,70000,RENT,1.0,DEBTCONSOLIDATION,C,9800,13.85,0.14,N,3,0
7311,25,120000,MORTGAGE,2.0,PERSONAL,A,12000,5.42,0.1,N,2,0
7312,22,35000,OWN,3.0,MEDICAL,C,5000,12.98,0.14,N,2,0
7313,22,72000,RENT,6.0,EDUCATION,A,12000,6.03,0.17,N,4,0
7314,22,75000,RENT,2.0,EDUCATION,B,25000,12.42,0.33,N,3,0
7315,24,30000,RENT,6.0,MEDICAL,B,4000,10.33,0.13,N,2,0
7316,22,80000,MORTGAGE,0.0,MEDICAL,B,12000,10.37,0.15,N,3,0
7317,37,45000,RENT,0.0,DEBTCONSOLIDATION,C,14400,12.87,0.32,Y,16,1
7318,26,50900,OWN,5.0,HOMEIMPROVEMENT,D,22000,14.59,0.43,Y,4,0
7319,24,36000,MORTGAGE,3.0,VENTURE,B,4500,10.99,0.13,N,2,0
7320,28,60000,MORTGAGE,6.0,EDUCATION,B,10000,11.26,0.17,N,6,0
7321,21,40000,RENT,0.0,EDUCATION,B,3500,12.18,0.09,N,2,0
7322,25,45000,MORTGAGE,4.0,VENTURE,A,5000,6.62,0.11,N,4,0
7323,25,59000,OWN,2.0,VENTURE,A,4000,8.0,0.07,N,2,0
7324,45,48000,RENT,8.0,MEDICAL,C,10000,13.49,0.21,N,12,0
7325,23,72000,RENT,7.0,EDUCATION,B,20000,10.0,0.28,N,3,1
7326,23,50000,RENT,4.0,DEBTCONSOLIDATION,B,2400,11.49,0.05,N,3,0
7327,26,72000,MORTGAGE,10.0,DEBTCONSOLIDATION,B,1900,11.99,0.03,N,3,0
7328,37,65000,RENT,2.0,MEDICAL,B,7000,10.65,0.11,N,12,0
7329,28,25000,MORTGAGE,12.0,MEDICAL,B,6000,11.12,0.24,N,7,0
7330,28,20000,RENT,2.0,DEBTCONSOLIDATION,D,4000,15.65,0.2,Y,10,1
7331,23,72000,MORTGAGE,7.0,EDUCATION,A,9000,7.49,0.13,N,2,0
7332,26,82000,MORTGAGE,7.0,PERSONAL,D,8500,15.05,0.1,Y,3,0
7333,22,50000,OWN,5.0,PERSONAL,B,3500,10.99,0.07,N,4,0
7334,31,65000,RENT,0.0,PERSONAL,B,6000,10.0,0.09,N,6,0
7335,23,61100,MORTGAGE,7.0,DEBTCONSOLIDATION,C,25000,13.43,0.41,N,3,1
7336,33,65000,MORTGAGE,2.0,MEDICAL,B,10000,11.99,0.15,N,9,0
7337,24,56000,RENT,7.0,EDUCATION,D,4800,16.49,0.09,Y,2,0
7338,23,45000,RENT,1.0,EDUCATION,C,10000,13.11,0.22,Y,2,0
7339,22,52000,MORTGAGE,6.0,VENTURE,B,10000,9.99,0.19,N,2,0
7340,22,62900,RENT,2.0,EDUCATION,D,15000,14.96,0.22,Y,2,1
7341,25,40000,RENT,3.0,MEDICAL,B,5600,10.59,0.14,N,2,0
7342,28,71500,MORTGAGE,4.0,HOMEIMPROVEMENT,B,15000,11.49,0.21,N,10,0
7343,27,56004,MORTGAGE,11.0,DEBTCONSOLIDATION,B,20000,8.88,0.36,N,10,1
7344,23,45000,MORTGAGE,3.0,EDUCATION,A,8000,7.66,0.18,N,3,0
7345,22,59000,RENT,2.0,EDUCATION,B,15000,11.83,0.25,N,4,1
7346,27,72000,OWN,0.0,MEDICAL,C,24000,13.92,0.33,Y,10,0
7347,32,28800,MORTGAGE,0.0,MEDICAL,A,4500,7.74,0.15,N,5,0
7348,22,32000,RENT,2.0,MEDICAL,A,6000,6.99,0.19,N,3,0
7349,22,66000,RENT,3.0,MEDICAL,A,8500,8.9,0.13,N,2,0
7350,23,53500,RENT,0.0,EDUCATION,A,5000,6.76,0.09,N,4,0
7351,25,38400,RENT,5.0,MEDICAL,B,5000,10.37,0.13,N,4,0
7352,29,55000,MORTGAGE,3.0,HOMEIMPROVEMENT,B,8000,10.74,0.15,N,7,0
7353,29,28800,RENT,2.0,VENTURE,C,5000,13.49,0.17,Y,7,0
7354,42,36000,RENT,2.0,DEBTCONSOLIDATION,B,2000,9.99,0.06,N,13,0
7355,22,80004,MORTGAGE,2.0,PERSONAL,B,12000,11.36,0.15,N,2,0
7356,23,58500,RENT,6.0,DEBTCONSOLIDATION,B,4000,9.88,0.07,N,2,0
7357,24,52800,RENT,1.0,HOMEIMPROVEMENT,D,15000,15.65,0.28,Y,2,1
7358,24,50000,MORTGAGE,3.0,MEDICAL,A,3000,6.03,0.06,N,4,0
7359,31,89004,MORTGAGE,6.0,EDUCATION,A,18000,7.9,0.2,N,10,0
7360,29,32000,RENT,12.0,PERSONAL,C,1800,14.22,0.05,Y,10,0
7361,23,46116,RENT,2.0,EDUCATION,B,10000,10.37,0.22,N,3,0
7362,58,78000,MORTGAGE,2.0,PERSONAL,A,7500,5.79,0.09,N,27,0
7363,22,30000,RENT,3.0,HOMEIMPROVEMENT,D,10000,13.24,0.33,Y,4,1
7364,22,50000,OWN,3.0,VENTURE,B,5000,11.86,0.1,N,4,0
7365,35,150000,MORTGAGE,9.0,DEBTCONSOLIDATION,A,15000,7.88,0.1,N,7,0
7366,30,56000,MORTGAGE,4.0,VENTURE,A,8000,5.42,0.14,N,10,0
7367,26,133119,MORTGAGE,10.0,DEBTCONSOLIDATION,B,25000,10.99,0.19,N,3,0
7368,28,34000,RENT,1.0,EDUCATION,B,12000,12.69,0.35,N,7,1
7369,36,142500,RENT,4.0,DEBTCONSOLIDATION,B,20000,10.99,0.14,N,16,0
7370,29,52000,MORTGAGE,13.0,PERSONAL,A,5000,5.99,0.1,N,8,0
7371,23,24000,MORTGAGE,4.0,MEDICAL,A,6000,8.59,0.25,N,4,0
7372,22,30000,RENT,4.0,PERSONAL,D,10000,14.42,0.33,N,2,1
7373,41,192000,MORTGAGE,11.0,PERSONAL,A,20000,7.9,0.1,N,12,0
7374,24,114400,RENT,5.0,DEBTCONSOLIDATION,C,20000,13.49,0.18,N,2,0
7375,25,30000,RENT,0.0,MEDICAL,D,10000,14.46,0.33,Y,2,1
7376,27,24000,RENT,0.0,PERSONAL,D,2800,15.21,0.12,Y,9,1
7377,28,29004,RENT,1.0,PERSONAL,B,2000,10.99,0.07,N,7,0
7378,30,68000,MORTGAGE,9.0,EDUCATION,A,3600,6.76,0.05,N,5,0
7379,37,25000,MORTGAGE,5.0,DEBTCONSOLIDATION,A,1600,9.32,0.06,N,12,0
7380,25,70000,OWN,9.0,PERSONAL,A,14400,7.14,0.21,N,3,0
7381,35,32000,RENT,0.0,MEDICAL,B,10000,9.99,0.31,N,7,1
7382,28,43000,RENT,3.0,VENTURE,B,15000,10.0,0.35,N,5,1
7383,22,29000,RENT,0.0,HOMEIMPROVEMENT,A,10000,6.54,0.34,N,2,1
7384,30,30000,MORTGAGE,8.0,DEBTCONSOLIDATION,A,7200,8.9,0.24,N,5,0
7385,22,42000,RENT,3.0,EDUCATION,B,3200,10.38,0.08,N,4,1
7386,26,59000,MORTGAGE,10.0,PERSONAL,D,2500,14.96,0.04,N,4,1
7387,31,54000,RENT,2.0,HOMEIMPROVEMENT,D,12000,15.99,0.23,Y,8,1
7388,48,44000,MORTGAGE,18.0,HOMEIMPROVEMENT,A,8000,7.29,0.18,N,15,0
7389,27,141000,MORTGAGE,4.0,VENTURE,C,10000,15.96,0.07,N,9,0
7390,29,54000,MORTGAGE,13.0,MEDICAL,A,6000,6.92,0.11,N,10,0
7391,24,60000,RENT,0.0,VENTURE,B,12000,9.99,0.2,N,3,0
7392,23,60000,RENT,3.0,DEBTCONSOLIDATION,A,9000,7.14,0.15,N,3,0
7393,24,25000,RENT,7.0,MEDICAL,B,3600,10.65,0.14,N,3,0
7394,34,30000,RENT,2.0,VENTURE,A,5000,7.51,0.17,N,10,0
7395,21,48000,MORTGAGE,5.0,PERSONAL,B,5000,11.86,0.1,N,4,0
7396,27,121500,MORTGAGE,11.0,VENTURE,A,6000,7.49,0.05,N,5,0
7397,22,96000,MORTGAGE,6.0,EDUCATION,B,6000,10.99,0.06,N,2,0
7398,24,97000,MORTGAGE,4.0,MEDICAL,A,5000,6.99,0.05,N,4,0
7399,25,50000,RENT,9.0,VENTURE,D,12000,14.46,0.24,N,3,1
7400,27,145992,MORTGAGE,1.0,EDUCATION,E,20000,16.35,0.14,Y,8,0
7401,23,65000,RENT,3.0,VENTURE,D,8000,14.96,0.12,Y,4,0
7402,37,45000,RENT,10.0,VENTURE,B,12000,10.38,0.27,N,12,0
7403,46,60000,MORTGAGE,7.0,HOMEIMPROVEMENT,B,15000,10.99,0.25,N,11,0
7404,24,42564,RENT,3.0,EDUCATION,C,15000,13.47,0.35,Y,3,1
7405,27,32000,RENT,0.0,MEDICAL,C,10000,13.79,0.31,Y,10,1
7406,27,64000,MORTGAGE,3.0,DEBTCONSOLIDATION,A,5000,7.29,0.08,N,8,0
7407,23,98000,MORTGAGE,7.0,MEDICAL,A,7000,7.74,0.07,N,3,0
7408,24,80000,MORTGAGE,1.0,DEBTCONSOLIDATION,A,16000,5.99,0.2,N,4,0
7409,22,70000,MORTGAGE,6.0,DEBTCONSOLIDATION,A,8000,5.42,0.11,N,3,0
7410,25,55000,MORTGAGE,5.0,EDUCATION,A,10200,7.49,0.19,N,4,0
7411,29,72000,MORTGAGE,3.0,EDUCATION,A,9000,5.79,0.13,N,10,0
7412,21,70000,RENT,5.0,EDUCATION,D,23000,14.54,0.34,Y,4,1
7413,45,99400,MORTGAGE,18.0,MEDICAL,A,6000,5.42,0.07,N,17,0
7414,28,36000,RENT,5.0,VENTURE,A,1000,8.49,0.03,N,7,0
7415,23,55000,MORTGAGE,7.0,EDUCATION,A,4000,6.03,0.07,N,2,0
7416,29,55000,RENT,3.0,DEBTCONSOLIDATION,B,6000,10.74,0.11,N,10,0
7417,32,90000,MORTGAGE,11.0,VENTURE,A,12000,7.9,0.13,N,6,0
7418,21,32000,RENT,6.0,DEBTCONSOLIDATION,A,15000,7.9,0.47,N,2,1
7419,22,60000,RENT,0.0,EDUCATION,A,5500,7.14,0.09,N,4,0
7420,23,81500,MORTGAGE,6.0,DEBTCONSOLIDATION,A,20000,6.54,0.25,N,2,0
7421,28,68004,MORTGAGE,5.0,MEDICAL,A,5000,5.42,0.07,N,5,0
7422,24,65000,MORTGAGE,8.0,MEDICAL,A,15000,7.51,0.23,N,3,0
7423,34,100000,RENT,5.0,MEDICAL,A,10000,7.51,0.1,N,7,0
7424,21,40000,RENT,5.0,EDUCATION,C,10000,14.27,0.25,N,4,0
7425,27,70000,MORTGAGE,2.0,PERSONAL,A,5000,7.43,0.07,N,9,0
7426,37,160000,MORTGAGE,9.0,DEBTCONSOLIDATION,A,18000,8.49,0.11,N,17,0
7427,23,40000,RENT,2.0,VENTURE,C,6000,13.23,0.15,Y,4,0
7428,26,28800,RENT,0.0,PERSONAL,B,7500,10.39,0.27,N,4,0
7429,36,86400,RENT,0.0,EDUCATION,C,8000,13.49,0.09,Y,15,0
7430,23,48000,RENT,3.0,VENTURE,C,20000,13.47,0.42,N,4,1
7431,24,126996,MORTGAGE,2.0,EDUCATION,C,11000,13.61,0.09,Y,3,0
7432,22,60000,RENT,4.0,EDUCATION,A,7000,5.79,0.12,N,2,0
7433,27,65000,MORTGAGE,8.0,PERSONAL,B,15000,10.51,0.23,N,6,0
7434,24,41000,MORTGAGE,4.0,HOMEIMPROVEMENT,A,10000,7.9,0.24,N,2,0
7435,24,51000,RENT,0.0,HOMEIMPROVEMENT,A,10000,6.17,0.2,N,4,0
7436,23,50000,RENT,0.0,EDUCATION,A,6000,7.88,0.12,N,2,0
7437,28,50000,RENT,0.0,EDUCATION,C,10500,13.49,0.21,N,9,0
7438,29,50000,MORTGAGE,9.0,HOMEIMPROVEMENT,B,15200,10.0,0.3,N,9,0
7439,27,27000,RENT,9.0,DEBTCONSOLIDATION,A,6000,7.51,0.22,N,5,0
7440,38,40000,RENT,5.0,DEBTCONSOLIDATION,B,3000,11.99,0.07,N,17,0
7441,24,40000,RENT,1.0,MEDICAL,A,3600,8.94,0.09,N,3,0
7442,22,35600,MORTGAGE,3.0,MEDICAL,B,7500,10.99,0.21,N,2,0
7443,22,125000,MORTGAGE,6.0,EDUCATION,A,7500,7.88,0.06,N,3,0
7444,25,80000,RENT,9.0,HOMEIMPROVEMENT,E,17000,16.82,0.21,Y,4,0
7445,26,90000,MORTGAGE,2.0,PERSONAL,B,10000,10.99,0.11,N,2,0
7446,23,70000,MORTGAGE,7.0,MEDICAL,A,6000,6.62,0.09,N,4,0
7447,24,36000,RENT,8.0,MEDICAL,A,13000,7.29,0.37,N,2,1
7448,25,30000,RENT,0.0,MEDICAL,D,8000,15.65,0.27,Y,2,1
7449,22,48956,RENT,3.0,MEDICAL,B,3000,10.0,0.06,N,4,0
7450,36,130000,MORTGAGE,5.0,DEBTCONSOLIDATION,A,6450,8.0,0.05,N,14,0
7451,25,60000,RENT,9.0,HOMEIMPROVEMENT,C,6000,12.73,0.1,Y,4,0
7452,22,78000,RENT,6.0,EDUCATION,A,6000,7.68,0.08,N,3,0
7453,29,12000,OWN,5.0,PERSONAL,C,4750,12.73,0.4,N,6,0
7454,37,34000,RENT,1.0,PERSONAL,B,12000,10.99,0.35,N,15,1
7455,51,67430,RENT,1.0,MEDICAL,B,17000,11.89,0.24,N,29,0
7456,38,60000,RENT,1.0,HOMEIMPROVEMENT,B,12000,11.26,0.2,N,17,0
7457,32,62000,RENT,2.0,HOMEIMPROVEMENT,B,9600,11.99,0.15,N,6,0
7458,23,67200,MORTGAGE,7.0,VENTURE,A,5000,8.59,0.07,N,4,0
7459,23,44000,RENT,2.0,DEBTCONSOLIDATION,D,18000,15.65,0.41,N,4,1
7460,29,70000,MORTGAGE,13.0,EDUCATION,A,6000,6.03,0.09,N,7,0
7461,21,26000,RENT,5.0,PERSONAL,B,6000,12.42,0.23,N,3,0
7462,27,130000,MORTGAGE,6.0,VENTURE,B,12000,10.99,0.09,N,7,0
7463,39,30000,RENT,0.0,VENTURE,B,1000,10.99,0.03,N,14,0
7464,23,36396,MORTGAGE,5.0,EDUCATION,C,10000,14.72,0.27,N,3,0
7465,25,39996,RENT,4.0,MEDICAL,B,12000,9.99,0.3,N,2,0
7466,23,32000,RENT,1.0,HOMEIMPROVEMENT,D,2500,14.61,0.08,Y,2,1
7467,27,39000,RENT,3.0,MEDICAL,D,8000,15.33,0.21,Y,6,1
7468,25,90000,RENT,2.0,VENTURE,D,20000,14.54,0.22,N,2,1
7469,23,50508,RENT,5.0,PERSONAL,B,6000,9.99,0.12,N,2,0
7470,22,70000,RENT,2.0,EDUCATION,B,20000,12.18,0.29,N,2,0
7471,27,47000,RENT,0.0,MEDICAL,B,5000,10.99,0.11,N,5,0
7472,53,300000,RENT,4.0,HOMEIMPROVEMENT,C,35000,13.99,0.12,N,20,0
7473,36,36000,RENT,0.0,MEDICAL,C,4000,14.35,0.11,N,14,0
7474,24,75000,RENT,1.0,DEBTCONSOLIDATION,B,1200,10.75,0.02,N,3,0
7475,23,40000,RENT,2.0,EDUCATION,C,3000,13.99,0.07,N,3,0
7476,28,54996,RENT,1.0,HOMEIMPROVEMENT,A,10000,7.66,0.18,N,8,1
7477,31,39000,RENT,1.0,DEBTCONSOLIDATION,B,14000,9.76,0.36,N,5,1
7478,23,59000,RENT,5.0,VENTURE,B,14400,12.69,0.25,N,2,0
7479,22,30000,RENT,2.0,PERSONAL,B,10000,11.71,0.33,N,2,1
7480,27,30000,RENT,11.0,EDUCATION,B,10000,9.91,0.33,N,5,1
7481,26,57600,RENT,10.0,PERSONAL,D,10000,15.58,0.17,N,4,0
7482,22,31500,RENT,6.0,EDUCATION,A,7200,8.9,0.23,N,4,0
7483,29,74400,MORTGAGE,8.0,EDUCATION,C,9500,14.65,0.12,N,10,1
7484,26,28800,RENT,0.0,PERSONAL,C,10750,13.47,0.36,N,4,1
7485,22,30000,MORTGAGE,0.0,VENTURE,B,2500,10.37,0.08,N,2,0
7486,32,64000,MORTGAGE,3.0,VENTURE,B,7500,10.08,0.12,N,9,0
7487,31,60000,MORTGAGE,15.0,DEBTCONSOLIDATION,A,12000,5.42,0.2,N,5,0
7488,23,30000,RENT,5.0,EDUCATION,B,12000,10.36,0.4,N,4,1
7489,29,96300,RENT,7.0,VENTURE,B,8000,10.99,0.08,N,10,0
7490,21,30000,RENT,0.0,EDUCATION,A,3000,9.63,0.1,N,3,0
7491,35,90000,MORTGAGE,5.0,MEDICAL,B,15000,10.25,0.17,N,5,0
7492,25,115000,MORTGAGE,3.0,PERSONAL,C,15000,13.16,0.13,N,4,0
7493,37,120000,MORTGAGE,10.0,HOMEIMPROVEMENT,A,8000,6.03,0.07,N,13,0
7494,23,73500,RENT,7.0,PERSONAL,D,5000,14.96,0.07,Y,2,0
7495,30,60000,RENT,1.0,DEBTCONSOLIDATION,A,4000,6.03,0.07,N,7,0
7496,27,49000,RENT,1.0,EDUCATION,A,3000,6.03,0.06,N,6,0
7497,24,95000,MORTGAGE,8.0,PERSONAL,A,7000,6.62,0.07,N,2,0
7498,26,72000,RENT,1.0,PERSONAL,A,12000,6.99,0.16,N,4,0
7499,31,95000,MORTGAGE,6.0,VENTURE,C,20000,13.16,0.21,Y,7,0
7500,23,75000,RENT,4.0,EDUCATION,A,4500,7.66,0.06,N,2,0
7501,24,39000,RENT,3.0,HOMEIMPROVEMENT,D,5000,14.74,0.13,Y,2,1
7502,24,40320,RENT,3.0,MEDICAL,C,12000,15.27,0.29,Y,4,0
7503,33,50000,MORTGAGE,0.0,MEDICAL,C,4000,14.35,0.08,N,7,0
7504,30,165000,MORTGAGE,3.0,VENTURE,A,10000,6.91,0.06,N,7,0
7505,28,61500,RENT,12.0,EDUCATION,C,15000,12.68,0.24,Y,7,0
7506,31,48000,MORTGAGE,7.0,VENTURE,A,6000,7.74,0.13,N,6,0
7507,23,54000,RENT,4.0,MEDICAL,C,9600,13.99,0.18,Y,3,1
7508,29,120000,RENT,3.0,EDUCATION,C,6000,14.22,0.05,N,9,0
7509,28,47000,RENT,2.0,DEBTCONSOLIDATION,D,4000,15.33,0.09,Y,7,1
7510,24,21600,RENT,1.0,MEDICAL,B,7000,10.99,0.33,N,4,1
7511,23,120000,RENT,0.0,VENTURE,C,22000,14.65,0.18,Y,2,0
7512,24,50000,RENT,4.0,EDUCATION,B,7000,11.86,0.14,N,4,0
7513,22,50400,MORTGAGE,6.0,MEDICAL,B,12000,10.99,0.24,N,3,0
7514,24,55000,MORTGAGE,8.0,PERSONAL,C,10000,12.98,0.18,Y,3,0
7515,24,45000,RENT,0.0,MEDICAL,A,10000,8.94,0.22,N,3,0
7516,24,50000,MORTGAGE,5.0,MEDICAL,A,10000,6.54,0.2,N,4,0
7517,40,52000,RENT,3.0,MEDICAL,C,18000,13.85,0.33,N,12,1
7518,23,90000,RENT,7.0,EDUCATION,A,10000,8.49,0.11,N,4,0
7519,25,80000,MORTGAGE,5.0,DEBTCONSOLIDATION,A,12000,7.66,0.15,N,4,0
7520,24,50000,RENT,2.0,PERSONAL,C,5000,13.79,0.1,N,2,0
7521,27,51600,MORTGAGE,11.0,HOMEIMPROVEMENT,B,16000,10.99,0.31,N,5,0
7522,22,80000,MORTGAGE,6.0,DEBTCONSOLIDATION,B,10000,9.88,0.13,N,3,0
7523,30,54000,MORTGAGE,5.0,VENTURE,B,12000,10.62,0.22,N,8,0
7524,23,65000,RENT,7.0,PERSONAL,B,9000,10.65,0.14,N,3,0
7525,28,36000,RENT,7.0,MEDICAL,A,10000,7.66,0.28,N,10,1
7526,27,70000,MORTGAGE,11.0,DEBTCONSOLIDATION,B,12250,11.26,0.17,N,8,0
7527,22,85000,MORTGAGE,6.0,EDUCATION,A,10000,8.59,0.12,N,3,0
7528,28,39000,RENT,2.0,PERSONAL,D,3000,14.91,0.08,Y,7,1
7529,22,70000,RENT,3.0,PERSONAL,B,3000,10.99,0.04,N,2,0
7530,31,69000,MORTGAGE,16.0,EDUCATION,C,7700,12.68,0.11,Y,5,0
7531,24,82000,RENT,7.0,PERSONAL,C,12000,12.84,0.15,Y,2,0
7532,32,90000,RENT,1.0,VENTURE,C,20000,14.27,0.22,N,8,0
7533,26,62400,RENT,0.0,PERSONAL,B,10600,11.99,0.16,N,4,0
7534,22,52000,MORTGAGE,6.0,EDUCATION,C,8000,12.73,0.15,Y,2,0
7535,34,80000,MORTGAGE,2.0,HOMEIMPROVEMENT,A,5000,5.42,0.06,N,8,0
7536,55,78000,MORTGAGE,3.0,PERSONAL,B,10000,9.01,0.13,N,23,1
7537,25,136092,MORTGAGE,8.0,VENTURE,C,8000,13.06,0.06,Y,3,0
7538,30,46250,RENT,2.0,VENTURE,B,5600,10.36,0.12,N,6,0
7539,24,48000,MORTGAGE,7.0,PERSONAL,B,8000,11.11,0.17,N,3,0
7540,23,40000,MORTGAGE,7.0,EDUCATION,A,10000,5.42,0.25,N,3,0
7541,23,90000,MORTGAGE,7.0,EDUCATION,B,20000,12.18,0.22,N,4,0
7542,24,31200,RENT,0.0,EDUCATION,A,3000,6.92,0.1,N,3,0
7543,30,70000,MORTGAGE,15.0,EDUCATION,A,8000,6.17,0.11,N,9,0
7544,32,143375,MORTGAGE,10.0,MEDICAL,A,3200,7.9,0.02,N,10,0
7545,25,42000,MORTGAGE,6.0,VENTURE,A,3500,6.03,0.08,N,3,0
7546,22,113000,MORTGAGE,6.0,EDUCATION,D,25000,15.95,0.22,Y,3,0
7547,29,70000,MORTGAGE,3.0,VENTURE,B,13000,11.86,0.19,N,9,0
7548,24,120000,MORTGAGE,2.0,MEDICAL,C,9600,11.97,0.08,Y,2,0
7549,32,105000,MORTGAGE,5.0,EDUCATION,B,6400,9.99,0.06,N,6,0
7550,24,35000,OWN,7.0,VENTURE,C,3000,13.92,0.09,N,3,0
7551,33,70000,RENT,0.0,EDUCATION,C,13000,14.26,0.19,N,10,0
7552,22,72000,OWN,6.0,VENTURE,A,12000,6.62,0.17,N,4,0
7553,22,110000,MORTGAGE,7.0,MEDICAL,C,9600,14.27,0.09,Y,3,0
7554,29,40000,RENT,2.0,VENTURE,A,2000,7.4,0.05,N,7,0
7555,22,36000,RENT,3.0,VENTURE,A,7250,6.62,0.22,N,3,0
7556,27,50000,RENT,0.0,HOMEIMPROVEMENT,C,9000,12.09,0.18,Y,6,0
7557,38,67500,RENT,2.0,PERSONAL,D,13200,13.24,0.19,N,16,1
7558,30,60000,MORTGAGE,14.0,PERSONAL,A,15000,5.42,0.25,N,5,0
7559,42,39000,RENT,1.0,EDUCATION,B,16000,10.62,0.41,N,14,1
7560,36,60000,MORTGAGE,8.0,EDUCATION,B,15000,11.71,0.25,N,14,0
7561,34,30000,RENT,0.0,VENTURE,D,6600,16.49,0.22,Y,6,1
7562,23,65000,RENT,0.0,EDUCATION,A,7000,6.99,0.11,N,4,0
7563,32,38000,RENT,3.0,DEBTCONSOLIDATION,A,10000,7.51,0.26,N,6,0
7564,23,20000,RENT,0.0,MEDICAL,B,6000,11.86,0.3,N,3,0
7565,23,90000,MORTGAGE,2.0,EDUCATION,A,10000,7.88,0.11,N,3,0
7566,23,54996,RENT,4.0,MEDICAL,B,2400,10.0,0.05,N,3,0
7567,24,52800,RENT,8.0,EDUCATION,C,15000,13.11,0.28,N,3,0
7568,36,50000,RENT,1.0,HOMEIMPROVEMENT,C,12000,13.48,0.24,N,15,0
7569,28,110000,RENT,12.0,VENTURE,B,16000,12.18,0.15,N,5,0
7570,25,45000,RENT,8.0,DEBTCONSOLIDATION,C,20000,11.22,0.44,Y,4,1
7571,26,180000,OWN,0.0,VENTURE,A,10000,8.49,0.06,N,3,0
7572,23,26000,RENT,7.0,DEBTCONSOLIDATION,B,8000,10.65,0.31,N,2,1
7573,28,99730,MORTGAGE,7.0,HOMEIMPROVEMENT,A,8000,7.14,0.08,N,6,0
7574,22,41600,MORTGAGE,6.0,VENTURE,B,7000,10.59,0.17,N,3,0
7575,22,30000,RENT,0.0,MEDICAL,B,3000,11.49,0.1,N,2,0
7576,28,85000,MORTGAGE,5.0,MEDICAL,A,12000,7.88,0.14,N,9,0
7577,35,90000,MORTGAGE,4.0,VENTURE,A,19200,6.99,0.21,N,5,0
7578,28,53004,MORTGAGE,6.0,EDUCATION,B,16000,10.0,0.3,N,7,0
7579,31,30000,RENT,2.0,DEBTCONSOLIDATION,A,5000,7.51,0.17,N,7,0
7580,27,33000,RENT,4.0,MEDICAL,A,5000,7.49,0.15,N,10,0
7581,27,74000,RENT,4.0,EDUCATION,B,7000,10.74,0.09,N,6,0
7582,28,45000,RENT,1.0,DEBTCONSOLIDATION,B,11000,12.69,0.25,N,10,0
7583,32,25000,RENT,0.0,PERSONAL,B,2800,10.08,0.11,N,7,0
7584,24,72000,MORTGAGE,5.0,VENTURE,A,6000,7.51,0.08,N,2,0
7585,26,60000,MORTGAGE,10.0,HOMEIMPROVEMENT,A,6000,5.42,0.1,N,2,0
7586,33,24000,RENT,13.0,DEBTCONSOLIDATION,B,8000,10.65,0.33,N,5,1
7587,36,54000,RENT,19.0,EDUCATION,E,9600,19.29,0.19,Y,14,1
7588,22,56000,MORTGAGE,0.0,DEBTCONSOLIDATION,A,12000,8.94,0.21,N,4,0
7589,30,50000,RENT,0.0,PERSONAL,B,7000,10.0,0.14,N,7,0
7590,23,90000,MORTGAGE,8.0,PERSONAL,A,5500,6.03,0.06,N,2,0
7591,30,45000,RENT,2.0,EDUCATION,B,20000,11.89,0.44,N,7,1
7592,25,50000,OWN,2.0,PERSONAL,B,5000,11.12,0.1,N,2,0
7593,22,35000,RENT,0.0,EDUCATION,A,10400,7.9,0.3,N,3,0
7594,26,110000,MORTGAGE,10.0,VENTURE,A,12000,6.54,0.11,N,3,0
7595,28,60000,OWN,5.0,HOMEIMPROVEMENT,D,7500,16.77,0.13,Y,6,0
7596,23,55000,MORTGAGE,7.0,DEBTCONSOLIDATION,D,6500,13.87,0.12,Y,3,1
7597,23,105000,MORTGAGE,0.0,EDUCATION,A,9600,8.94,0.09,N,4,0
7598,25,125000,RENT,3.0,HOMEIMPROVEMENT,A,3000,7.88,0.02,N,2,0
7599,31,60000,RENT,4.0,VENTURE,A,14000,7.9,0.23,N,7,0
7600,27,24000,MORTGAGE,11.0,PERSONAL,A,4500,5.99,0.19,N,5,0
7601,28,85900,MORTGAGE,13.0,EDUCATION,B,14000,10.25,0.16,N,6,0
7602,26,85000,RENT,10.0,HOMEIMPROVEMENT,B,24000,11.83,0.28,N,3,0
7603,22,66600,MORTGAGE,6.0,DEBTCONSOLIDATION,A,6200,7.14,0.09,N,3,0
7604,22,51000,RENT,6.0,EDUCATION,C,4350,12.98,0.09,N,3,0
7605,22,74400,RENT,2.0,MEDICAL,B,7500,10.36,0.1,N,2,0
7606,22,40000,RENT,4.0,EDUCATION,A,10000,7.66,0.25,N,2,0
7607,30,140000,MORTGAGE,0.0,PERSONAL,C,25000,13.49,0.18,Y,7,0
7608,24,40000,RENT,6.0,EDUCATION,B,5000,9.91,0.13,N,2,0
7609,23,47000,MORTGAGE,7.0,PERSONAL,A,10000,7.51,0.21,N,3,0
7610,43,32000,RENT,3.0,EDUCATION,B,5000,11.11,0.16,N,13,0
7611,28,90000,MORTGAGE,5.0,DEBTCONSOLIDATION,B,5000,11.49,0.06,N,10,0
7612,25,71599,MORTGAGE,0.0,PERSONAL,A,5000,9.63,0.07,N,3,0
7613,23,40000,RENT,1.0,VENTURE,A,1500,5.42,0.04,N,2,0
7614,23,85000,MORTGAGE,0.0,EDUCATION,B,10000,11.99,0.12,N,2,0
7615,27,60000,MORTGAGE,5.0,MEDICAL,A,3200,5.79,0.05,N,6,0
7616,26,28000,RENT,8.0,VENTURE,D,1500,15.7,0.05,N,4,0
7617,23,100000,RENT,7.0,PERSONAL,B,8000,11.48,0.08,N,4,0
7618,26,70000,RENT,3.0,EDUCATION,B,12000,10.25,0.17,N,3,0
7619,27,121000,MORTGAGE,4.0,MEDICAL,C,17600,14.27,0.15,Y,7,0
7620,22,50000,RENT,0.0,DEBTCONSOLIDATION,A,10000,8.59,0.2,N,4,0
7621,21,45000,RENT,3.0,MEDICAL,A,5000,7.51,0.11,N,4,0
7622,22,65000,MORTGAGE,1.0,EDUCATION,C,15000,13.47,0.23,N,2,0
7623,22,60000,RENT,3.0,EDUCATION,B,18000,10.25,0.3,N,3,0
7624,31,85000,RENT,7.0,DEBTCONSOLIDATION,D,25000,15.37,0.29,N,5,1
7625,25,50000,RENT,0.0,EDUCATION,C,10000,13.49,0.2,N,2,0
7626,25,85000,RENT,2.0,PERSONAL,A,5000,7.74,0.06,N,4,0
7627,22,56000,RENT,0.0,EDUCATION,C,8000,13.22,0.14,N,3,0
7628,26,95000,RENT,2.0,EDUCATION,A,12000,7.29,0.13,N,3,0
7629,23,29120,RENT,6.0,EDUCATION,A,6400,8.94,0.22,N,2,0
7630,22,50000,MORTGAGE,6.0,EDUCATION,B,5000,11.71,0.1,N,3,0
7631,38,48250,MORTGAGE,5.0,MEDICAL,B,12000,10.74,0.25,N,12,0
7632,34,30000,RENT,4.0,DEBTCONSOLIDATION,A,10000,6.62,0.33,N,10,1
7633,29,120000,OWN,13.0,EDUCATION,B,20000,12.18,0.17,N,5,0
7634,28,120000,MORTGAGE,11.0,MEDICAL,B,10000,10.37,0.08,N,10,0
7635,25,60000,OWN,1.0,VENTURE,A,7000,7.51,0.12,N,3,0
7636,39,39000,RENT,2.0,PERSONAL,B,9000,12.69,0.22,N,14,0
7637,35,138000,RENT,2.0,VENTURE,D,15000,14.96,0.11,Y,5,1
7638,36,58000,OWN,5.0,VENTURE,B,3200,12.69,0.06,N,16,0
7639,22,64000,MORTGAGE,6.0,EDUCATION,A,8000,5.79,0.13,N,4,0
7640,28,55000,RENT,4.0,PERSONAL,A,9600,7.88,0.17,N,10,0
7641,22,110000,RENT,3.0,MEDICAL,B,12000,11.71,0.11,N,4,0
7642,24,80000,MORTGAGE,5.0,EDUCATION,A,6000,7.14,0.07,N,4,0
7643,34,108000,RENT,5.0,EDUCATION,D,25000,13.99,0.23,N,9,0
7644,54,95950,MORTGAGE,1.0,PERSONAL,E,17850,17.99,0.18,N,26,1
7645,26,48500,RENT,0.0,EDUCATION,B,15000,12.18,0.31,N,3,1
7646,21,40000,RENT,4.0,EDUCATION,D,12000,15.62,0.3,N,4,0
7647,25,65000,RENT,9.0,EDUCATION,B,8000,9.91,0.12,N,4,0
7648,38,41033,MORTGAGE,2.0,DEBTCONSOLIDATION,C,5700,12.99,0.14,N,14,0
7649,21,26000,RENT,5.0,EDUCATION,C,5000,12.98,0.19,N,4,0
7650,21,36000,RENT,6.0,MEDICAL,A,12000,7.88,0.33,N,3,1
7651,22,50000,RENT,0.0,MEDICAL,A,15000,6.54,0.3,N,2,0
7652,25,80000,MORTGAGE,9.0,MEDICAL,A,6400,7.88,0.08,N,3,0
7653,26,85000,MORTGAGE,10.0,VENTURE,C,12000,14.22,0.14,Y,2,0
7654,44,38004,RENT,3.0,MEDICAL,B,10000,11.58,0.26,N,15,0
7655,23,120000,MORTGAGE,7.0,EDUCATION,C,6000,14.27,0.05,Y,3,0
7656,32,70000,RENT,9.0,VENTURE,A,13000,5.42,0.19,N,7,0
7657,27,45000,RENT,6.0,PERSONAL,C,2700,13.49,0.06,N,10,0
7658,23,60000,RENT,7.0,MEDICAL,A,12000,6.92,0.2,N,2,0
7659,26,36000,MORTGAGE,6.0,DEBTCONSOLIDATION,A,4000,6.76,0.11,N,4,0
7660,27,40000,RENT,11.0,PERSONAL,E,3325,17.93,0.07,Y,5,0
7661,24,52800,RENT,4.0,EDUCATION,C,6000,13.49,0.11,Y,4,0
7662,26,64000,MORTGAGE,0.0,EDUCATION,A,5000,6.03,0.08,N,3,1
7663,22,60000,RENT,3.0,EDUCATION,B,9600,10.65,0.16,N,4,0
7664,30,120000,RENT,1.0,VENTURE,C,16000,14.17,0.13,Y,10,0
7665,24,86000,MORTGAGE,8.0,EDUCATION,A,14000,6.62,0.16,N,4,0
7666,23,55000,RENT,0.0,EDUCATION,C,6000,14.26,0.11,N,4,0
7667,28,59000,RENT,0.0,HOMEIMPROVEMENT,D,15000,14.96,0.25,N,7,1
7668,29,75000,RENT,1.0,PERSONAL,B,14400,11.83,0.19,N,7,0
7669,37,39996,OWN,1.0,VENTURE,B,3200,9.7,0.08,N,17,0
7670,31,152000,MORTGAGE,14.0,VENTURE,A,10000,8.49,0.07,N,10,0
7671,29,90000,MORTGAGE,13.0,PERSONAL,B,10000,11.36,0.11,N,8,0
7672,23,75000,MORTGAGE,7.0,EDUCATION,C,10000,12.73,0.13,N,4,0
7673,22,40000,RENT,0.0,PERSONAL,B,8000,10.25,0.2,N,3,0
7674,29,100000,MORTGAGE,13.0,DEBTCONSOLIDATION,B,9000,12.42,0.09,N,9,0
7675,37,48000,RENT,5.0,MEDICAL,B,15000,10.75,0.31,N,15,1
7676,24,35000,RENT,4.0,MEDICAL,A,1500,5.42,0.04,N,2,0
7677,26,50000,MORTGAGE,10.0,DEBTCONSOLIDATION,C,8000,13.49,0.16,Y,2,0
7678,28,50000,RENT,1.0,HOMEIMPROVEMENT,C,7000,13.99,0.14,N,8,0
7679,22,72000,MORTGAGE,6.0,EDUCATION,B,8000,9.91,0.11,N,4,0
7680,22,49000,RENT,6.0,VENTURE,A,4400,5.79,0.09,N,3,0
7681,23,60000,MORTGAGE,7.0,VENTURE,A,8650,7.9,0.14,N,2,0
7682,29,35000,RENT,1.0,EDUCATION,E,7000,16.82,0.2,Y,10,1
7683,23,37000,RENT,1.0,PERSONAL,A,7000,7.49,0.19,N,3,0
7684,28,54417,MORTGAGE,12.0,MEDICAL,D,7600,18.25,0.11,Y,5,1
7685,37,60000,RENT,4.0,HOMEIMPROVEMENT,A,10000,6.03,0.17,N,15,0
7686,22,60000,RENT,6.0,VENTURE,A,24250,7.9,0.42,N,2,1
7687,43,45000,MORTGAGE,0.0,MEDICAL,A,8000,6.91,0.18,N,13,0
7688,25,93000,MORTGAGE,3.0,DEBTCONSOLIDATION,A,16000,5.79,0.17,N,4,0
7689,24,65000,RENT,4.0,PERSONAL,C,7700,13.79,0.12,N,3,0
7690,38,43000,MORTGAGE,3.0,PERSONAL,A,9000,7.14,0.2,N,17,0
7691,21,60000,RENT,5.0,EDUCATION,D,10000,15.58,0.17,N,3,0
7692,26,52000,MORTGAGE,5.0,EDUCATION,B,6000,10.75,0.12,N,3,0
7693,23,60000,MORTGAGE,4.0,DEBTCONSOLIDATION,A,7000,8.0,0.12,N,3,0
7694,28,43000,MORTGAGE,4.0,DEBTCONSOLIDATION,C,2600,15.27,0.06,N,9,0
7695,24,52000,MORTGAGE,5.0,VENTURE,B,10000,11.99,0.19,N,4,0
7696,22,40000,RENT,0.0,PERSONAL,A,6000,7.51,0.15,N,3,0
7697,26,30000,MORTGAGE,0.0,DEBTCONSOLIDATION,C,6000,14.72,0.2,N,2,1
7698,42,50000,MORTGAGE,9.0,VENTURE,A,6000,6.99,0.12,N,12,0
7699,25,48996,RENT,1.0,EDUCATION,D,7000,15.33,0.14,N,2,1
7700,32,32000,RENT,3.0,MEDICAL,D,2000,15.62,0.06,N,6,1
7701,26,109000,MORTGAGE,3.0,DEBTCONSOLIDATION,B,15000,10.25,0.14,N,2,0
7702,30,52800,MORTGAGE,3.0,VENTURE,A,2400,6.76,0.05,N,5,0
7703,22,48000,RENT,0.0,PERSONAL,C,11200,12.68,0.22,N,2,0
7704,35,45000,RENT,3.0,EDUCATION,B,8000,10.25,0.18,N,7,0
7705,28,52000,RENT,3.0,PERSONAL,C,11000,12.61,0.22,N,10,0
7706,24,34000,RENT,8.0,MEDICAL,C,3000,13.57,0.09,Y,3,1
7707,23,78000,RENT,0.0,EDUCATION,C,6000,12.87,0.08,Y,3,0
7708,24,50402,MORTGAGE,8.0,HOMEIMPROVEMENT,C,3000,11.28,0.06,N,3,0
7709,26,62200,MORTGAGE,2.0,PERSONAL,E,15000,16.63,0.24,Y,3,1
7710,22,27804,RENT,2.0,MEDICAL,C,8000,13.85,0.3,N,2,0
7711,27,90000,RENT,0.0,MEDICAL,C,20000,12.84,0.22,N,6,0
7712,47,36000,RENT,5.0,MEDICAL,A,6000,6.54,0.17,N,13,0
7713,22,60000,MORTGAGE,6.0,EDUCATION,A,14000,8.0,0.23,N,4,0
7714,28,65000,RENT,4.0,PERSONAL,B,20000,11.99,0.31,N,5,1
7715,31,34650,MORTGAGE,14.0,EDUCATION,B,6800,11.99,0.2,N,7,1
7716,22,72400,RENT,3.0,VENTURE,D,17000,16.49,0.24,Y,4,0
7717,27,42000,RENT,6.0,VENTURE,B,12500,11.49,0.28,N,9,0
7718,28,25000,RENT,5.0,VENTURE,B,10000,10.38,0.4,N,6,1
7719,24,90000,MORTGAGE,4.0,DEBTCONSOLIDATION,A,8000,7.14,0.09,N,2,0
7720,29,30000,RENT,1.0,HOMEIMPROVEMENT,A,5000,8.59,0.17,N,6,1
7721,24,75000,RENT,5.0,HOMEIMPROVEMENT,A,5000,6.92,0.07,N,2,0
7722,25,140004,MORTGAGE,9.0,PERSONAL,A,4000,7.68,0.03,N,3,0
7723,22,90000,MORTGAGE,6.0,EDUCATION,A,15000,7.88,0.17,N,4,0
7724,28,30000,RENT,4.0,DEBTCONSOLIDATION,B,10000,11.99,0.33,N,5,1
7725,26,23500,RENT,2.0,EDUCATION,C,3500,13.61,0.15,N,3,0
7726,26,60000,RENT,6.0,HOMEIMPROVEMENT,B,10000,12.21,0.17,N,2,0
7727,27,54000,MORTGAGE,9.0,EDUCATION,C,8000,15.23,0.15,Y,8,1
7728,30,63000,RENT,6.0,HOMEIMPROVEMENT,B,25000,11.12,0.4,N,8,1
7729,22,99600,MORTGAGE,6.0,PERSONAL,A,5000,7.14,0.05,N,4,0
7730,22,41000,RENT,6.0,VENTURE,A,8000,7.51,0.2,N,4,0
7731,23,72000,RENT,3.0,EDUCATION,A,3500,5.99,0.05,N,4,0
7732,30,80000,RENT,4.0,MEDICAL,B,21000,10.37,0.26,N,7,0
7733,34,92000,MORTGAGE,14.0,VENTURE,B,12000,11.11,0.13,N,6,0
7734,35,38400,OWN,0.0,HOMEIMPROVEMENT,A,12000,7.51,0.31,N,9,0
7735,25,32000,RENT,0.0,VENTURE,E,1200,16.4,0.04,Y,4,1
7736,34,62000,MORTGAGE,2.0,HOMEIMPROVEMENT,C,18000,12.98,0.29,N,6,0
7737,23,62500,RENT,1.0,VENTURE,C,8400,12.87,0.13,N,2,0
7738,29,59000,RENT,0.0,MEDICAL,A,4500,8.0,0.08,N,9,0
7739,22,84000,MORTGAGE,4.0,EDUCATION,B,20000,11.11,0.24,N,4,0
7740,31,110000,MORTGAGE,4.0,HOMEIMPROVEMENT,C,8000,12.98,0.07,N,5,0
7741,29,110000,MORTGAGE,6.0,EDUCATION,B,25000,9.91,0.23,N,9,0
7742,27,110000,RENT,0.0,PERSONAL,A,35000,7.29,0.29,N,6,0
7743,23,30000,RENT,0.0,DEBTCONSOLIDATION,A,6000,6.62,0.2,N,4,0
7744,26,75000,RENT,5.0,HOMEIMPROVEMENT,B,13000,12.18,0.18,N,3,0
7745,26,60000,RENT,4.0,DEBTCONSOLIDATION,A,7000,7.66,0.12,N,3,0
7746,23,70000,RENT,0.0,EDUCATION,B,15000,11.71,0.21,N,3,0
7747,23,50508,OWN,7.0,PERSONAL,A,6000,5.79,0.12,N,4,0
7748,24,40000,RENT,2.0,PERSONAL,A,4000,7.29,0.1,N,4,0
7749,26,45000,RENT,0.0,DEBTCONSOLIDATION,B,1800,10.99,0.04,N,3,0
7750,27,30000,MORTGAGE,7.0,MEDICAL,B,5600,10.65,0.19,N,8,0
7751,25,57000,RENT,4.0,PERSONAL,C,12000,13.48,0.21,N,2,0
7752,33,47000,RENT,17.0,PERSONAL,A,5000,7.14,0.11,N,7,0
7753,35,53000,RENT,1.0,EDUCATION,B,12000,12.42,0.23,N,5,0
7754,25,66125,MORTGAGE,4.0,EDUCATION,A,10000,8.38,0.15,N,4,0
7755,25,50000,MORTGAGE,0.0,DEBTCONSOLIDATION,B,12000,10.36,0.24,N,2,0
7756,28,90000,MORTGAGE,9.0,EDUCATION,A,6000,7.49,0.07,N,5,0
7757,27,27600,OWN,2.0,MEDICAL,A,4000,6.99,0.14,N,8,0
7758,29,45600,RENT,2.0,DEBTCONSOLIDATION,B,20000,11.58,0.44,N,9,1
7759,28,65000,MORTGAGE,1.0,VENTURE,A,9000,6.99,0.14,N,8,0
7760,22,72000,MORTGAGE,2.0,EDUCATION,B,9500,11.89,0.13,N,3,1
7761,33,65000,MORTGAGE,6.0,VENTURE,C,15000,13.49,0.23,Y,5,0
7762,33,48000,RENT,12.0,EDUCATION,B,16000,5.99,0.35,N,5,1
7763,22,39000,RENT,2.0,MEDICAL,B,15000,11.49,0.38,N,4,1
7764,22,75000,MORTGAGE,1.0,EDUCATION,B,10000,11.49,0.13,N,4,0
7765,25,33600,RENT,3.0,DEBTCONSOLIDATION,A,7000,5.42,0.21,N,3,0
7766,23,39000,MORTGAGE,7.0,HOMEIMPROVEMENT,A,3000,6.03,0.08,N,3,1
7767,30,42000,RENT,0.0,DEBTCONSOLIDATION,B,12000,10.99,0.29,N,9,0
7768,23,85000,MORTGAGE,3.0,EDUCATION,B,25000,10.65,0.29,N,3,0
7769,24,47000,RENT,1.0,EDUCATION,B,6000,9.99,0.13,N,2,0
7770,26,106000,MORTGAGE,10.0,PERSONAL,A,10000,7.14,0.09,N,3,0
7771,23,72000,MORTGAGE,7.0,MEDICAL,B,9800,10.36,0.14,N,2,0
7772,36,42000,OWN,14.0,HOMEIMPROVEMENT,A,2000,7.29,0.05,N,15,0
7773,28,95000,RENT,0.0,HOMEIMPROVEMENT,A,12000,7.29,0.13,N,8,0
7774,23,66725,RENT,5.0,MEDICAL,B,10000,11.26,0.13,N,3,1
7775,40,48000,MORTGAGE,0.0,DEBTCONSOLIDATION,A,1500,7.68,0.03,N,17,0
7776,22,38000,RENT,4.0,EDUCATION,A,5000,6.99,0.13,N,3,0
7777,22,37200,RENT,5.0,VENTURE,B,7000,10.36,0.19,N,4,0
7778,39,40000,MORTGAGE,5.0,VENTURE,A,1500,6.39,0.04,N,11,0
7779,36,40000,RENT,2.0,EDUCATION,A,9600,6.62,0.24,N,13,1
7780,25,42000,RENT,5.0,EDUCATION,D,7500,17.49,0.18,N,4,0
7781,27,48000,RENT,1.0,HOMEIMPROVEMENT,A,2500,6.62,0.05,N,5,0
7782,25,60000,RENT,5.0,MEDICAL,C,12000,13.06,0.2,Y,3,0
7783,23,36000,MORTGAGE,4.0,DEBTCONSOLIDATION,B,5200,9.76,0.14,N,2,0
7784,25,65000,RENT,0.0,MEDICAL,C,10000,14.27,0.15,N,4,0
7785,23,42000,RENT,3.0,PERSONAL,B,11100,10.59,0.27,N,2,0
7786,32,50000,OWN,4.0,VENTURE,B,7000,12.42,0.14,N,5,0
7787,27,45000,MORTGAGE,2.0,DEBTCONSOLIDATION,A,10000,7.88,0.22,N,7,0
7788,23,30000,RENT,0.0,VENTURE,A,6400,8.0,0.21,N,3,0
7789,27,56000,OWN,11.0,MEDICAL,A,15000,6.03,0.28,N,10,0
7790,26,130000,MORTGAGE,11.0,VENTURE,B,15600,12.69,0.12,N,4,0
7791,21,24996,RENT,0.0,DEBTCONSOLIDATION,B,5000,10.99,0.2,N,4,1
7792,29,48000,MORTGAGE,13.0,MEDICAL,B,12000,11.71,0.25,N,7,0
7793,23,50000,RENT,3.0,VENTURE,B,4800,10.99,0.1,N,4,0
7794,25,112000,MORTGAGE,6.0,MEDICAL,B,18000,11.83,0.15,N,2,0
7795,39,24000,RENT,1.0,MEDICAL,C,4200,12.99,0.17,Y,11,0
7796,24,74600,RENT,5.0,PERSONAL,B,22000,11.26,0.3,N,4,0
7797,23,55000,RENT,7.0,PERSONAL,B,5000,10.65,0.09,N,3,0
7798,26,110000,RENT,1.0,EDUCATION,A,7500,7.05,0.06,N,4,0
7799,31,28800,OWN,0.0,HOMEIMPROVEMENT,A,4800,6.62,0.16,N,10,0
7800,26,65000,MORTGAGE,0.0,MEDICAL,A,8000,5.42,0.12,N,3,0
7801,34,45204,RENT,12.0,EDUCATION,A,14125,7.29,0.31,N,8,0
7802,23,98000,MORTGAGE,7.0,EDUCATION,A,5000,9.32,0.05,N,2,0
7803,25,64800,MORTGAGE,5.0,HOMEIMPROVEMENT,A,7500,7.74,0.12,N,4,0
7804,24,65000,RENT,3.0,MEDICAL,A,10000,6.03,0.15,N,2,0
7805,26,25200,RENT,2.0,VENTURE,A,1500,6.76,0.06,N,2,0
7806,23,50000,RENT,5.0,VENTURE,D,2000,14.59,0.04,N,2,0
7807,39,60000,RENT,3.0,PERSONAL,C,7000,12.73,0.12,N,12,0
7808,27,75000,RENT,2.0,EDUCATION,B,3000,11.83,0.04,N,6,0
7809,26,50000,RENT,0.0,PERSONAL,A,10000,7.88,0.2,N,2,0
7810,27,85000,OWN,1.0,EDUCATION,D,5000,14.54,0.06,N,7,0
7811,36,60000,RENT,6.0,VENTURE,A,10000,7.49,0.17,N,12,0
7812,36,130000,RENT,1.0,VENTURE,E,25000,17.04,0.19,N,11,0
7813,51,24000,RENT,5.0,MEDICAL,A,2800,7.88,0.12,N,23,0
7814,24,121000,MORTGAGE,0.0,EDUCATION,A,3600,5.79,0.03,N,2,0
7815,27,130000,MORTGAGE,11.0,MEDICAL,D,5000,14.61,0.04,N,5,0
7816,30,180000,MORTGAGE,14.0,EDUCATION,B,20000,9.63,0.11,N,8,0
7817,32,38000,RENT,2.0,VENTURE,A,10000,7.51,0.26,N,7,0
7818,22,75000,RENT,6.0,PERSONAL,B,20000,11.11,0.27,N,3,0
7819,28,35000,RENT,6.0,PERSONAL,B,5000,11.71,0.14,N,10,0
7820,25,83400,MORTGAGE,3.0,HOMEIMPROVEMENT,A,24000,8.49,0.28,N,4,0
7821,22,60000,MORTGAGE,4.0,DEBTCONSOLIDATION,A,8000,7.88,0.13,N,2,0
7822,25,75000,OWN,5.0,VENTURE,B,12000,12.69,0.16,N,4,0
7823,27,40000,MORTGAGE,11.0,HOMEIMPROVEMENT,A,10000,6.62,0.25,N,7,0
7824,30,31000,MORTGAGE,4.0,PERSONAL,B,4000,12.53,0.13,N,7,1
7825,23,38000,RENT,3.0,PERSONAL,B,8000,10.99,0.21,N,2,0
7826,29,48000,MORTGAGE,1.0,MEDICAL,B,11200,10.99,0.24,N,5,0
7827,22,50000,RENT,1.0,MEDICAL,A,4000,7.88,0.08,N,4,0
7828,25,50000,RENT,6.0,EDUCATION,B,12000,10.37,0.24,N,2,0
7829,22,30000,RENT,1.0,MEDICAL,B,14400,11.71,0.48,N,2,1
7830,33,110000,MORTGAGE,5.0,HOMEIMPROVEMENT,A,10000,7.14,0.09,N,8,0
7831,35,60000,MORTGAGE,3.0,HOMEIMPROVEMENT,A,14500,7.9,0.24,N,6,0
7832,24,39000,RENT,3.0,HOMEIMPROVEMENT,B,20000,11.36,0.51,N,3,1
7833,29,49000,RENT,4.0,EDUCATION,C,7200,13.8,0.14,Y,7,0
7834,36,100000,MORTGAGE,2.0,MEDICAL,A,6000,7.51,0.06,N,12,0
7835,30,60000,RENT,2.0,VENTURE,A,2800,7.9,0.05,N,10,0
7836,33,60000,RENT,1.0,PERSONAL,A,9000,8.9,0.15,N,5,0
7837,26,65000,MORTGAGE,5.0,VENTURE,C,7000,13.98,0.11,N,2,0
7838,29,86000,MORTGAGE,3.0,PERSONAL,B,8000,10.0,0.09,N,6,0
7839,22,50000,MORTGAGE,7.0,DEBTCONSOLIDATION,B,6000,11.99,0.12,N,2,0
7840,30,120000,MORTGAGE,2.0,MEDICAL,B,10000,11.71,0.08,N,7,0
7841,23,36100,MORTGAGE,4.0,EDUCATION,B,10000,11.49,0.28,N,3,0
7842,25,70000,MORTGAGE,9.0,PERSONAL,A,11000,6.62,0.16,N,3,0
7843,21,29004,OWN,4.0,EDUCATION,B,11000,10.75,0.38,N,4,0
7844,22,48000,RENT,6.0,DEBTCONSOLIDATION,B,5000,11.36,0.1,N,2,0
7845,24,24000,RENT,1.0,MEDICAL,A,5000,7.9,0.21,N,2,0
7846,26,68000,RENT,5.0,VENTURE,B,8000,12.42,0.12,N,3,0
7847,24,115000,MORTGAGE,8.0,HOMEIMPROVEMENT,A,7000,8.94,0.06,N,2,0
7848,25,44000,MORTGAGE,9.0,VENTURE,B,8500,11.49,0.19,N,2,0
7849,25,40000,RENT,1.0,MEDICAL,B,6000,9.91,0.15,N,4,0
7850,34,80000,RENT,5.0,VENTURE,B,20000,10.99,0.25,N,5,0
7851,22,48000,RENT,6.0,MEDICAL,B,10000,9.91,0.21,N,4,0
7852,30,110000,MORTGAGE,9.0,EDUCATION,C,3000,14.22,0.03,Y,9,0
7853,27,30000,MORTGAGE,0.0,DEBTCONSOLIDATION,B,6600,10.37,0.22,N,6,0
7854,35,95000,MORTGAGE,0.0,DEBTCONSOLIDATION,B,17000,10.99,0.18,N,5,0
7855,31,40000,RENT,2.0,MEDICAL,C,11200,14.27,0.28,N,8,0
7856,26,88128,OWN,10.0,MEDICAL,A,1800,6.99,0.02,N,2,0
7857,24,60000,RENT,8.0,EDUCATION,D,15000,16.77,0.25,N,2,0
7858,22,48000,RENT,1.0,EDUCATION,B,5000,10.08,0.1,N,4,0
7859,36,27600,RENT,4.0,PERSONAL,C,2500,13.99,0.09,Y,11,0
7860,30,85000,MORTGAGE,15.0,DEBTCONSOLIDATION,A,25000,7.88,0.29,N,6,0
7861,25,45000,MORTGAGE,4.0,MEDICAL,C,7500,13.23,0.17,N,3,0
7862,23,60000,RENT,7.0,VENTURE,B,9600,11.71,0.16,N,2,0
7863,34,56000,RENT,1.0,EDUCATION,D,11000,18.25,0.2,Y,9,1
7864,23,33000,RENT,4.0,DEBTCONSOLIDATION,C,2000,13.61,0.06,Y,2,0
7865,44,54000,RENT,4.0,MEDICAL,B,5000,10.62,0.09,N,11,0
7866,25,48000,OWN,9.0,EDUCATION,C,1200,13.92,0.03,N,2,0
7867,42,108000,MORTGAGE,3.0,VENTURE,A,10000,6.62,0.09,N,17,0
7868,37,130000,MORTGAGE,11.0,MEDICAL,A,20000,6.54,0.15,N,16,0
7869,25,36276,RENT,0.0,EDUCATION,B,9000,9.99,0.25,N,3,0
7870,29,63500,RENT,5.0,PERSONAL,B,4000,12.42,0.06,N,6,0
7871,22,58560,MORTGAGE,6.0,EDUCATION,B,8000,11.99,0.15,N,4,0
7872,36,42000,RENT,0.0,VENTURE,C,10000,13.98,0.24,N,11,0
7873,23,14400,RENT,0.0,MEDICAL,A,1750,6.54,0.13,N,2,0
7874,25,66996,RENT,2.0,EDUCATION,B,9250,11.83,0.14,N,4,1
7875,22,168000,MORTGAGE,0.0,EDUCATION,B,25000,9.45,0.15,N,3,0
7876,22,46000,MORTGAGE,7.0,EDUCATION,A,9000,7.14,0.2,N,2,0
7877,26,65000,RENT,2.0,MEDICAL,B,4200,10.37,0.06,N,2,0
7878,30,70000,RENT,7.0,EDUCATION,B,5000,9.63,0.07,N,8,0
7879,25,32500,RENT,3.0,VENTURE,A,12000,8.49,0.37,N,4,1
7880,22,65000,RENT,2.0,DEBTCONSOLIDATION,C,7000,13.99,0.11,N,2,0
7881,37,55000,RENT,16.0,DEBTCONSOLIDATION,B,16000,10.59,0.29,N,14,0
7882,23,120000,MORTGAGE,7.0,PERSONAL,C,23000,15.96,0.19,N,2,0
7883,28,37000,RENT,0.0,DEBTCONSOLIDATION,B,12000,9.99,0.32,N,5,1
7884,28,45000,RENT,3.0,PERSONAL,D,10000,14.84,0.22,N,8,0
7885,23,120000,MORTGAGE,7.0,VENTURE,A,15000,8.49,0.13,N,3,0
7886,23,70000,MORTGAGE,3.0,EDUCATION,A,5000,6.99,0.07,N,2,0
7887,23,65000,RENT,1.0,VENTURE,B,7000,10.99,0.11,N,2,0
7888,24,52000,RENT,2.0,VENTURE,C,12000,13.16,0.23,N,3,0
7889,37,66352,RENT,12.0,MEDICAL,B,9600,11.49,0.14,N,17,0
7890,37,60000,MORTGAGE,15.0,DEBTCONSOLIDATION,A,5000,6.03,0.08,N,12,0
7891,28,350000,RENT,1.0,DEBTCONSOLIDATION,B,20000,11.49,0.06,N,9,0
7892,22,35000,RENT,7.0,EDUCATION,C,7500,10.28,0.21,Y,4,0
7893,23,35000,OWN,7.0,VENTURE,A,7200,7.9,0.21,N,2,0
7894,34,65000,RENT,5.0,HOMEIMPROVEMENT,C,10000,14.27,0.15,N,10,0
7895,23,66000,RENT,7.0,VENTURE,C,10000,14.65,0.15,Y,4,0
7896,30,33000,RENT,0.0,EDUCATION,A,5000,5.42,0.15,N,5,0
7897,38,60000,OWN,3.0,HOMEIMPROVEMENT,A,6000,5.99,0.1,N,11,0
7898,25,86004,RENT,0.0,PERSONAL,C,15000,12.53,0.17,N,3,0
7899,24,105000,MORTGAGE,8.0,DEBTCONSOLIDATION,B,5500,11.36,0.05,N,4,0
7900,31,75000,MORTGAGE,0.0,PERSONAL,A,12000,9.63,0.16,N,6,0
7901,30,30000,RENT,2.0,EDUCATION,D,7500,16.29,0.24,Y,6,1
7902,38,150000,MORTGAGE,0.0,VENTURE,C,10000,13.79,0.07,N,11,0
7903,26,54000,RENT,7.0,MEDICAL,B,3000,12.18,0.06,N,4,1
7904,24,92500,MORTGAGE,8.0,MEDICAL,B,17500,11.71,0.19,N,2,0
7905,25,36000,RENT,1.0,VENTURE,A,7200,7.9,0.21,N,2,0
7906,30,75000,MORTGAGE,3.0,DEBTCONSOLIDATION,A,13000,7.9,0.17,N,10,0
7907,24,100000,RENT,8.0,PERSONAL,D,17600,16.07,0.18,N,3,0
7908,29,78000,MORTGAGE,7.0,DEBTCONSOLIDATION,C,11500,12.87,0.15,Y,6,0
7909,29,100000,RENT,5.0,VENTURE,C,15000,13.49,0.15,N,5,0
7910,22,75000,RENT,3.0,MEDICAL,C,6000,14.35,0.08,Y,2,0
7911,31,56000,RENT,5.0,DEBTCONSOLIDATION,B,10000,10.37,0.18,N,5,0
7912,33,50000,RENT,6.0,EDUCATION,A,10000,8.49,0.2,N,8,0
7913,23,70000,RENT,5.0,PERSONAL,B,12000,10.37,0.17,N,3,0
7914,24,38400,RENT,5.0,DEBTCONSOLIDATION,A,10000,7.66,0.26,N,4,0
7915,25,109000,MORTGAGE,4.0,HOMEIMPROVEMENT,C,14000,14.35,0.13,N,4,0
7916,28,48000,RENT,1.0,MEDICAL,A,4800,6.76,0.1,N,8,0
7917,31,78996,RENT,0.0,PERSONAL,B,10000,12.53,0.13,N,8,1
7918,34,81996,RENT,1.0,MEDICAL,C,10000,13.61,0.12,N,5,0
7919,23,70000,RENT,1.0,EDUCATION,B,9800,10.36,0.14,N,4,0
7920,30,72000,MORTGAGE,13.0,HOMEIMPROVEMENT,A,10000,6.03,0.14,N,10,0
7921,28,45000,MORTGAGE,12.0,HOMEIMPROVEMENT,B,4000,9.63,0.09,N,5,0
7922,31,280000,RENT,0.0,MEDICAL,C,10000,14.26,0.04,N,6,0
7923,24,45000,MORTGAGE,4.0,VENTURE,A,6000,7.88,0.13,N,2,0
7924,21,52000,RENT,3.0,EDUCATION,B,5000,12.69,0.1,N,4,0
7925,37,40000,RENT,4.0,VENTURE,B,6000,11.49,0.15,N,17,0
7926,27,90000,RENT,1.0,VENTURE,C,16000,13.16,0.18,N,8,0
7927,25,40000,RENT,6.0,EDUCATION,B,5000,11.99,0.13,N,2,0
7928,22,52000,MORTGAGE,6.0,EDUCATION,A,6000,5.99,0.12,N,2,0
7929,22,54000,MORTGAGE,1.0,EDUCATION,A,5000,5.99,0.09,N,2,0
7930,28,140000,RENT,0.0,DEBTCONSOLIDATION,B,12000,11.71,0.09,N,8,0
7931,29,57312,RENT,3.0,DEBTCONSOLIDATION,B,5000,11.86,0.09,N,8,0
7932,22,36000,RENT,0.0,MEDICAL,C,1000,13.22,0.03,N,3,0
7933,24,77964,RENT,4.0,PERSONAL,D,9600,14.42,0.12,N,3,0
7934,30,100000,MORTGAGE,5.0,MEDICAL,A,6000,7.66,0.06,N,8,0
7935,27,70000,RENT,0.0,HOMEIMPROVEMENT,E,6800,15.13,0.09,N,8,1
7936,22,50000,MORTGAGE,6.0,EDUCATION,B,10000,12.42,0.2,N,3,0
7937,22,26400,OWN,6.0,MEDICAL,C,5000,13.47,0.19,N,2,0
7938,36,53000,MORTGAGE,7.0,PERSONAL,A,8000,5.42,0.14,N,14,0
7939,27,65000,MORTGAGE,11.0,EDUCATION,A,10000,7.74,0.15,N,6,0
7940,35,50000,MORTGAGE,5.0,MEDICAL,D,15000,15.37,0.3,Y,5,0
7941,25,75000,MORTGAGE,9.0,DEBTCONSOLIDATION,B,8000,10.0,0.11,N,4,0
7942,23,135000,MORTGAGE,8.0,VENTURE,B,7800,10.99,0.06,N,4,0
7943,24,62000,RENT,8.0,EDUCATION,B,2500,11.49,0.04,N,2,0
7944,25,56000,RENT,1.0,DEBTCONSOLIDATION,B,6000,10.62,0.11,N,2,0
7945,38,90000,RENT,5.0,EDUCATION,A,14400,7.88,0.16,N,17,0
7946,25,42000,RENT,0.0,DEBTCONSOLIDATION,B,5000,9.91,0.12,N,4,0
7947,28,60000,MORTGAGE,3.0,HOMEIMPROVEMENT,B,16000,12.21,0.27,N,7,0
7948,26,40000,RENT,5.0,PERSONAL,A,2875,6.54,0.07,N,3,0
7949,23,45000,RENT,5.0,DEBTCONSOLIDATION,B,4500,10.37,0.1,N,3,0
7950,41,60000,MORTGAGE,6.0,PERSONAL,A,14000,6.17,0.23,N,17,0
7951,37,60000,MORTGAGE,14.0,HOMEIMPROVEMENT,B,6000,11.49,0.1,N,14,0
7952,30,120000,MORTGAGE,12.0,EDUCATION,B,10000,9.99,0.08,N,9,0
7953,24,70000,MORTGAGE,8.0,DEBTCONSOLIDATION,A,4000,6.76,0.06,N,4,0
7954,28,84996,MORTGAGE,4.0,VENTURE,C,3500,14.27,0.04,Y,10,0
7955,23,57996,MORTGAGE,5.0,MEDICAL,B,7500,8.88,0.13,N,4,0
7956,36,45000,MORTGAGE,3.0,HOMEIMPROVEMENT,A,7500,7.51,0.17,N,17,0
7957,31,24000,RENT,0.0,PERSONAL,B,9600,11.71,0.4,N,7,1
7958,21,30000,RENT,0.0,EDUCATION,B,2000,11.14,0.07,N,3,0
7959,35,75000,RENT,2.0,MEDICAL,A,4000,6.92,0.05,N,6,0
7960,26,48000,RENT,3.0,MEDICAL,C,9600,13.16,0.2,Y,2,0
7961,29,52833,RENT,7.0,VENTURE,B,14000,12.69,0.27,N,6,0
7962,26,45000,MORTGAGE,4.0,VENTURE,B,11000,12.42,0.23,N,3,0
7963,35,34000,RENT,0.0,VENTURE,D,2000,15.62,0.06,N,7,1
7964,23,75000,RENT,4.0,VENTURE,A,16000,7.49,0.21,N,3,0
7965,37,21600,RENT,1.0,EDUCATION,E,20000,18.39,0.1,Y,13,1
7966,27,70000,MORTGAGE,0.0,PERSONAL,B,10000,10.99,0.14,N,6,0
7967,30,120000,MORTGAGE,11.0,DEBTCONSOLIDATION,A,12000,7.88,0.1,N,5,0
7968,28,54000,RENT,5.0,EDUCATION,B,5000,10.62,0.09,N,9,1
7969,22,48000,RENT,1.0,EDUCATION,C,6000,13.06,0.13,Y,2,0
7970,25,120000,MORTGAGE,9.0,EDUCATION,B,20000,11.99,0.17,N,4,0
7971,29,105000,RENT,1.0,HOMEIMPROVEMENT,B,7500,11.89,0.07,N,8,0
7972,28,125000,RENT,0.0,MEDICAL,A,10000,7.66,0.08,N,7,0
7973,38,57000,RENT,10.0,DEBTCONSOLIDATION,A,12000,7.51,0.21,N,16,0
7974,27,72000,RENT,6.0,DEBTCONSOLIDATION,B,6000,10.99,0.08,N,8,0
7975,21,60000,RENT,5.0,PERSONAL,A,4000,7.49,0.07,N,4,0
7976,24,70000,MORTGAGE,8.0,HOMEIMPROVEMENT,B,21000,11.36,0.3,N,2,0
7977,25,60000,MORTGAGE,9.0,DEBTCONSOLIDATION,B,7000,12.21,0.12,N,3,0
7978,23,70000,RENT,2.0,EDUCATION,C,14400,12.68,0.21,N,4,0
7979,28,40000,RENT,3.0,PERSONAL,D,12100,12.49,0.31,Y,5,1
7980,37,54000,MORTGAGE,2.0,VENTURE,C,10000,13.48,0.19,N,17,0
7981,23,50000,MORTGAGE,2.0,PERSONAL,A,8000,7.51,0.16,N,4,0
7982,34,110000,MORTGAGE,0.0,DEBTCONSOLIDATION,A,10000,5.79,0.09,N,6,0
7983,26,50000,RENT,0.0,DEBTCONSOLIDATION,B,3600,10.59,0.07,N,4,0
7984,31,58000,RENT,0.0,DEBTCONSOLIDATION,A,3500,6.54,0.06,N,6,0
7985,23,28000,RENT,7.0,DEBTCONSOLIDATION,F,8000,17.26,0.29,Y,4,1
7986,22,49000,RENT,4.0,MEDICAL,D,15000,14.61,0.31,Y,3,1
7987,25,60000,RENT,9.0,DEBTCONSOLIDATION,B,3000,10.25,0.05,N,4,0
7988,25,100000,OWN,2.0,MEDICAL,C,15000,11.34,0.15,Y,3,0
7989,24,54000,RENT,5.0,MEDICAL,B,6000,11.49,0.11,N,4,0
7990,22,55000,RENT,3.0,VENTURE,A,7500,8.0,0.14,N,2,0
7991,23,80000,MORTGAGE,6.0,EDUCATION,C,7500,15.23,0.09,Y,2,0
7992,37,52000,MORTGAGE,3.0,VENTURE,B,12000,10.37,0.23,N,13,0
7993,24,40000,MORTGAGE,1.0,DEBTCONSOLIDATION,C,2300,15.96,0.06,N,4,0
7994,27,24000,RENT,0.0,DEBTCONSOLIDATION,C,2400,14.27,0.1,Y,7,1
7995,29,60000,RENT,4.0,HOMEIMPROVEMENT,C,12000,13.57,0.2,Y,6,0
7996,28,48000,OWN,8.0,PERSONAL,B,6000,10.62,0.13,N,6,0
7997,22,60000,MORTGAGE,5.0,DEBTCONSOLIDATION,A,10000,7.66,0.17,N,2,0
7998,25,100000,MORTGAGE,5.0,EDUCATION,A,12000,7.51,0.12,N,2,0
7999,23,85000,MORTGAGE,3.0,VENTURE,A,10000,5.79,0.12,N,3,0
8000,26,97000,MORTGAGE,0.0,VENTURE,A,10000,7.66,0.1,N,2,0
8001,24,60000,MORTGAGE,8.0,PERSONAL,B,10000,10.36,0.17,N,4,0
8002,22,35004,RENT,4.0,MEDICAL,A,1500,7.9,0.04,N,2,0
8003,25,57000,MORTGAGE,9.0,MEDICAL,A,9000,7.14,0.16,N,3,0
8004,27,45000,OWN,0.0,HOMEIMPROVEMENT,B,6500,9.88,0.14,N,10,0
8005,25,30000,MORTGAGE,6.0,MEDICAL,A,5175,6.03,0.17,N,3,0
8006,30,147750,RENT,0.0,HOMEIMPROVEMENT,B,13800,9.99,0.09,N,6,0
8007,23,68000,MORTGAGE,7.0,EDUCATION,C,10000,13.72,0.15,Y,4,0
8008,39,24000,RENT,0.0,VENTURE,B,1500,11.86,0.06,N,11,0
8009,22,39996,MORTGAGE,3.0,MEDICAL,B,12000,10.36,0.3,N,4,0
8010,24,47000,RENT,7.0,VENTURE,B,15000,11.12,0.32,N,3,1
8011,36,60000,MORTGAGE,5.0,HOMEIMPROVEMENT,D,1500,15.62,0.03,Y,16,0
8012,28,30000,RENT,6.0,MEDICAL,A,3000,5.99,0.1,N,8,0
8013,24,43000,RENT,5.0,MEDICAL,D,15000,15.65,0.35,Y,2,1
8014,23,55000,MORTGAGE,1.0,DEBTCONSOLIDATION,C,12000,14.72,0.22,Y,4,0
8015,41,35000,RENT,0.0,MEDICAL,B,5600,11.11,0.16,N,15,0
8016,22,30000,RENT,0.0,EDUCATION,D,10000,14.84,0.33,Y,3,1
8017,23,67000,RENT,7.0,MEDICAL,B,7000,10.59,0.1,N,2,0
8018,22,65000,MORTGAGE,2.0,PERSONAL,A,15000,6.91,0.23,N,3,0
8019,22,70000,MORTGAGE,5.0,PERSONAL,A,5500,5.42,0.08,N,2,0
8020,25,40000,RENT,3.0,VENTURE,B,3500,10.0,0.09,N,3,0
8021,26,54000,RENT,4.0,VENTURE,B,20000,11.46,0.37,N,3,1
8022,36,75689,RENT,2.0,MEDICAL,A,25000,7.49,0.33,N,13,1
8023,24,30000,RENT,1.0,EDUCATION,C,10000,12.09,0.33,N,3,1
8024,25,44000,RENT,1.0,VENTURE,C,15000,13.11,0.34,N,2,1
8025,35,51996,OWN,8.0,VENTURE,B,15000,11.49,0.29,N,5,0
8026,24,42000,RENT,0.0,VENTURE,B,8400,12.42,0.2,N,4,0
8027,35,38400,RENT,1.0,DEBTCONSOLIDATION,B,10000,9.91,0.26,N,7,0
8028,27,85000,MORTGAGE,8.0,PERSONAL,B,4000,12.69,0.05,N,9,0
8029,27,50000,MORTGAGE,4.0,HOMEIMPROVEMENT,A,10000,5.79,0.2,N,5,0
8030,34,60000,MORTGAGE,2.0,MEDICAL,A,6000,6.92,0.1,N,5,0
8031,30,40000,RENT,0.0,HOMEIMPROVEMENT,B,7000,11.48,0.17,N,9,1
8032,24,34000,RENT,7.0,PERSONAL,B,7200,11.71,0.21,N,4,1
8033,21,35000,RENT,5.0,EDUCATION,A,7500,8.0,0.21,N,3,0
8034,22,62000,RENT,2.0,MEDICAL,A,10000,6.03,0.16,N,4,0
8035,26,48996,OWN,1.0,MEDICAL,C,5000,12.23,0.1,N,2,0
8036,41,50000,RENT,2.0,PERSONAL,D,4500,14.59,0.09,N,14,0
8037,27,140000,RENT,11.0,PERSONAL,A,10000,5.42,0.07,N,7,0
8038,36,100000,MORTGAGE,8.0,HOMEIMPROVEMENT,A,6000,7.14,0.06,N,17,0
8039,22,75000,RENT,2.0,VENTURE,B,20000,11.14,0.27,N,3,0
8040,24,58650,RENT,5.0,MEDICAL,D,17800,14.54,0.24,N,4,1
8041,24,33000,RENT,0.0,HOMEIMPROVEMENT,A,2000,8.59,0.06,N,3,0
8042,26,45000,RENT,2.0,MEDICAL,D,4000,14.96,0.09,N,4,1
8043,39,30000,RENT,1.0,HOMEIMPROVEMENT,D,5000,14.96,0.17,N,11,1
8044,43,83000,RENT,6.0,HOMEIMPROVEMENT,A,7500,7.88,0.09,N,13,0
8045,30,30000,RENT,3.0,MEDICAL,B,6500,9.88,0.22,N,9,0
8046,24,54000,MORTGAGE,3.0,MEDICAL,C,4000,13.35,0.07,Y,2,0
8047,22,30000,RENT,2.0,VENTURE,C,10000,10.28,0.33,Y,2,1
8048,22,30000,RENT,2.0,DEBTCONSOLIDATION,C,1600,13.98,0.05,Y,4,0
8049,37,45000,OWN,5.0,VENTURE,A,7000,6.03,0.16,N,11,0
8050,32,49000,MORTGAGE,4.0,EDUCATION,C,8500,13.49,0.17,N,6,1
8051,31,60000,RENT,5.0,DEBTCONSOLIDATION,A,7000,6.99,0.12,N,9,0
8052,22,45000,OWN,6.0,EDUCATION,A,10000,7.51,0.22,N,4,0
8053,22,50000,MORTGAGE,6.0,EDUCATION,A,9000,7.49,0.18,N,4,0
8054,27,95004,RENT,1.0,VENTURE,A,16000,7.51,0.18,N,9,0
8055,28,50000,MORTGAGE,2.0,PERSONAL,B,3500,10.99,0.07,N,9,0
8056,30,62050,MORTGAGE,3.0,MEDICAL,D,5400,15.21,0.08,Y,6,1
8057,22,40000,OWN,6.0,VENTURE,C,7000,13.49,0.17,Y,4,0
8058,21,24996,RENT,2.0,DEBTCONSOLIDATION,A,2000,7.29,0.08,N,3,0
8059,37,78000,RENT,1.0,DEBTCONSOLIDATION,A,6000,9.63,0.08,N,17,0
8060,24,200004,RENT,2.0,MEDICAL,B,10000,9.45,0.05,N,3,0
8061,26,12000,RENT,0.0,HOMEIMPROVEMENT,B,1750,12.53,0.15,N,2,1
8062,23,12000,RENT,0.0,EDUCATION,C,1000,12.68,0.08,Y,2,0
8063,29,68000,MORTGAGE,3.0,PERSONAL,A,8000,7.29,0.12,N,10,0
8064,23,27000,RENT,6.0,VENTURE,A,5000,6.76,0.19,N,2,0
8065,29,38000,RENT,1.0,MEDICAL,A,4200,5.42,0.11,N,9,0
8066,38,42000,MORTGAGE,2.0,HOMEIMPROVEMENT,A,7000,7.9,0.17,N,12,0
8067,32,30000,RENT,2.0,EDUCATION,B,6000,11.36,0.2,N,6,0
8068,39,70000,OWN,4.0,PERSONAL,C,15000,15.23,0.21,Y,12,0
8069,28,57000,RENT,5.0,MEDICAL,B,14400,11.71,0.25,N,8,0
8070,29,80000,OWN,13.0,MEDICAL,A,8000,6.62,0.1,N,10,0
8071,22,76000,MORTGAGE,6.0,EDUCATION,E,15000,16.32,0.2,N,2,0
8072,25,69996,RENT,2.0,DEBTCONSOLIDATION,B,10000,11.89,0.14,N,3,0
8073,21,31000,MORTGAGE,5.0,PERSONAL,A,6000,5.42,0.19,N,4,0
8074,31,40000,RENT,1.0,MEDICAL,B,4800,11.89,0.12,N,8,0
8075,22,62900,MORTGAGE,7.0,MEDICAL,D,20000,14.84,0.27,N,4,1
8076,43,33000,RENT,2.0,MEDICAL,B,10000,11.71,0.3,N,17,1
8077,21,24000,RENT,2.0,MEDICAL,B,3000,11.49,0.13,N,3,1
8078,23,45000,RENT,4.0,EDUCATION,A,5000,7.9,0.11,N,4,0
8079,22,50000,MORTGAGE,6.0,PERSONAL,B,10000,11.99,0.2,N,4,0
8080,23,64548,MORTGAGE,1.0,MEDICAL,C,15000,13.85,0.23,Y,3,0
8081,26,75000,RENT,10.0,VENTURE,D,12500,16.77,0.17,N,3,0
8082,27,52000,MORTGAGE,4.0,HOMEIMPROVEMENT,B,10000,9.91,0.19,N,6,0
8083,29,70000,MORTGAGE,2.0,HOMEIMPROVEMENT,B,12000,11.89,0.17,N,9,0
8084,23,95000,MORTGAGE,4.0,PERSONAL,A,20000,6.17,0.21,N,4,0
8085,28,50000,RENT,12.0,DEBTCONSOLIDATION,C,8000,13.23,0.16,Y,8,0
8086,36,38500,RENT,0.0,DEBTCONSOLIDATION,A,3000,8.94,0.08,N,11,1
8087,23,36000,RENT,3.0,EDUCATION,A,7000,7.9,0.19,N,2,0
8088,25,19200,RENT,1.0,DEBTCONSOLIDATION,B,6000,12.42,0.31,N,2,1
8089,23,36000,RENT,0.0,EDUCATION,A,1000,9.63,0.03,N,2,0
8090,22,31200,MORTGAGE,2.0,EDUCATION,B,6400,10.99,0.21,N,4,0
8091,22,35000,RENT,1.0,EDUCATION,B,15000,11.14,0.43,N,2,1
8092,23,91000,MORTGAGE,3.0,EDUCATION,B,12000,10.99,0.13,N,3,0
8093,26,33600,OWN,10.0,PERSONAL,A,12000,7.49,0.36,N,3,0
8094,27,44000,RENT,2.0,EDUCATION,C,6000,13.57,0.14,Y,5,0
8095,25,24000,RENT,4.0,PERSONAL,C,5000,12.99,0.21,N,2,0
8096,27,31200,MORTGAGE,5.0,VENTURE,C,7000,13.48,0.22,Y,7,0
8097,27,140000,MORTGAGE,11.0,VENTURE,B,5000,11.49,0.04,N,9,0
8098,24,56000,OWN,2.0,PERSONAL,B,10000,10.62,0.18,N,4,0
8099,27,60000,MORTGAGE,11.0,HOMEIMPROVEMENT,C,8000,14.72,0.13,Y,10,0
8100,42,49000,MORTGAGE,11.0,MEDICAL,B,8400,11.49,0.17,N,16,1
8101,29,70000,MORTGAGE,13.0,VENTURE,A,8000,7.14,0.11,N,5,0
8102,24,105000,MORTGAGE,8.0,MEDICAL,A,12000,6.92,0.11,N,3,0
8103,24,24996,RENT,0.0,EDUCATION,C,10750,13.8,0.43,Y,3,1
8104,23,49000,RENT,7.0,PERSONAL,A,10000,7.88,0.2,N,2,0
8105,26,92004,MORTGAGE,4.0,MEDICAL,B,8400,11.12,0.09,N,4,0
8106,27,102000,MORTGAGE,6.0,HOMEIMPROVEMENT,B,10000,11.14,0.1,N,9,0
8107,34,36000,OWN,2.0,MEDICAL,C,3000,12.84,0.08,N,5,0
8108,24,150000,OWN,8.0,MEDICAL,B,10000,10.99,0.07,N,3,0
8109,21,25200,RENT,0.0,EDUCATION,A,2550,6.76,0.1,N,3,0
8110,26,80000,MORTGAGE,10.0,DEBTCONSOLIDATION,A,9600,7.51,0.12,N,4,0
8111,31,53688,RENT,11.0,DEBTCONSOLIDATION,B,5000,10.75,0.09,N,9,1
8112,32,56000,RENT,0.0,EDUCATION,C,6000,12.99,0.11,Y,6,0
8113,26,30000,MORTGAGE,4.0,EDUCATION,A,4000,7.88,0.13,N,3,0
8114,24,75000,OWN,3.0,HOMEIMPROVEMENT,B,10000,10.25,0.13,N,4,0
8115,25,48000,RENT,9.0,PERSONAL,B,12000,11.71,0.25,N,4,0
8116,24,30000,RENT,1.0,MEDICAL,B,5000,11.83,0.17,N,4,0
8117,35,50000,RENT,5.0,HOMEIMPROVEMENT,A,10000,8.9,0.2,N,8,0
8118,27,70000,RENT,0.0,MEDICAL,B,4800,10.75,0.07,N,5,0
8119,22,39000,RENT,4.0,EDUCATION,B,12000,10.38,0.31,N,2,1
8120,37,60000,RENT,3.0,EDUCATION,E,4800,17.19,0.08,Y,12,0
8121,27,60000,MORTGAGE,9.0,DEBTCONSOLIDATION,B,3000,11.49,0.05,N,9,0
8122,22,60000,OWN,5.0,EDUCATION,C,3000,13.35,0.05,N,4,0
8123,36,45000,RENT,5.0,MEDICAL,A,2500,8.9,0.05,N,14,0
8124,29,98000,MORTGAGE,2.0,PERSONAL,C,12000,14.26,0.12,Y,10,1
8125,24,80000,RENT,8.0,VENTURE,A,12000,5.79,0.15,N,2,0
8126,25,32000,OWN,2.0,VENTURE,B,4500,10.75,0.14,N,3,0
8127,28,95000,MORTGAGE,12.0,VENTURE,A,5000,7.88,0.05,N,10,0
8128,21,65253,RENT,4.0,PERSONAL,D,25000,15.21,0.38,Y,4,0
8129,25,68400,OWN,9.0,VENTURE,C,8525,13.06,0.14,N,4,0
8130,25,43738,MORTGAGE,1.0,DEBTCONSOLIDATION,C,13350,12.68,0.32,Y,3,1
8131,33,30000,RENT,0.0,MEDICAL,C,6500,13.16,0.22,N,9,0
8132,24,77000,MORTGAGE,6.0,VENTURE,B,12000,11.71,0.16,N,2,0
8133,22,53000,RENT,2.0,VENTURE,C,10000,12.53,0.19,N,2,0
8134,35,107004,MORTGAGE,3.0,HOMEIMPROVEMENT,A,2500,5.42,0.02,N,5,0
8135,25,76000,MORTGAGE,9.0,DEBTCONSOLIDATION,B,12000,10.99,0.16,N,3,0
8136,29,40000,MORTGAGE,4.0,DEBTCONSOLIDATION,B,2400,11.99,0.06,N,5,0
8137,23,120000,OWN,7.0,PERSONAL,C,20000,13.98,0.17,N,4,0
8138,25,33990,MORTGAGE,5.0,DEBTCONSOLIDATION,A,1000,8.59,0.03,N,3,0
8139,21,45000,MORTGAGE,5.0,DEBTCONSOLIDATION,B,14550,11.83,0.32,N,3,0
8140,23,73500,RENT,7.0,HOMEIMPROVEMENT,F,5000,21.74,0.07,N,4,1
8141,23,50000,RENT,5.0,PERSONAL,A,2000,8.49,0.04,N,3,0
8142,29,25000,OWN,1.0,EDUCATION,B,2400,9.91,0.1,N,6,0
8143,29,81500,MORTGAGE,1.0,HOMEIMPROVEMENT,B,3200,9.99,0.04,N,6,0
8144,34,44000,RENT,3.0,DEBTCONSOLIDATION,A,4500,7.29,0.1,N,7,0
8145,29,60000,RENT,8.0,MEDICAL,A,10000,6.91,0.17,N,9,0
8146,29,53321,RENT,3.0,DEBTCONSOLIDATION,B,18500,9.91,0.37,N,6,1
8147,24,60000,RENT,9.0,DEBTCONSOLIDATION,B,7200,11.71,0.12,N,3,0
8148,27,73426,MORTGAGE,7.0,PERSONAL,C,15000,13.57,0.21,Y,7,0
8149,27,51000,MORTGAGE,8.0,HOMEIMPROVEMENT,A,4000,7.66,0.08,N,6,0
8150,34,80000,RENT,3.0,VENTURE,A,7000,8.9,0.09,N,7,0
8151,29,600000,MORTGAGE,14.0,DEBTCONSOLIDATION,A,7000,8.49,0.01,N,8,0
8152,22,60200,MORTGAGE,4.0,EDUCATION,A,8000,7.49,0.13,N,2,0
8153,29,60000,MORTGAGE,13.0,DEBTCONSOLIDATION,D,3000,15.62,0.05,N,7,1
8154,31,35000,RENT,2.0,MEDICAL,A,4500,7.88,0.13,N,6,0
8155,28,40000,OWN,2.0,VENTURE,B,3600,10.59,0.09,N,10,0
8156,27,115000,MORTGAGE,11.0,DEBTCONSOLIDATION,A,4000,7.51,0.03,N,8,0
8157,29,35000,RENT,1.0,VENTURE,B,7200,9.91,0.2,N,5,0
8158,25,28000,RENT,7.0,DEBTCONSOLIDATION,C,6000,13.72,0.21,Y,3,0
8159,26,70000,RENT,8.0,DEBTCONSOLIDATION,C,24000,15.96,0.34,N,3,1
8160,27,120000,MORTGAGE,2.0,VENTURE,A,10000,7.68,0.08,N,8,0
8161,29,65000,RENT,4.0,MEDICAL,B,15000,11.83,0.23,N,5,0
8162,27,120000,MORTGAGE,11.0,HOMEIMPROVEMENT,C,20000,13.61,0.17,N,6,0
8163,36,54000,RENT,20.0,HOMEIMPROVEMENT,A,2500,6.17,0.05,N,11,0
8164,25,25200,RENT,5.0,MEDICAL,A,2800,6.76,0.11,N,3,0
8165,25,25000,RENT,1.0,MEDICAL,A,7000,7.51,0.28,N,3,0
8166,22,80000,RENT,1.0,VENTURE,C,12000,13.85,0.15,N,3,0
8167,29,72000,RENT,1.0,MEDICAL,B,15000,10.99,0.21,N,8,0
8168,28,40000,OWN,2.0,EDUCATION,A,5000,5.79,0.13,N,9,0
8169,31,68000,RENT,1.0,EDUCATION,B,18000,10.65,0.26,N,5,0
8170,23,57700,MORTGAGE,7.0,MEDICAL,B,3500,10.99,0.06,N,3,0
8171,24,130000,MORTGAGE,3.0,EDUCATION,B,25000,10.59,0.18,N,4,0
8172,29,54000,MORTGAGE,0.0,MEDICAL,A,6000,6.03,0.11,N,5,0
8173,26,61000,RENT,4.0,VENTURE,B,10000,9.99,0.16,N,2,0
8174,32,70000,MORTGAGE,2.0,PERSONAL,A,6500,8.94,0.09,N,9,0
8175,30,90000,MORTGAGE,14.0,DEBTCONSOLIDATION,B,12000,11.36,0.13,N,6,0
8176,38,200000,RENT,5.0,DEBTCONSOLIDATION,A,5000,7.88,0.03,N,17,0
8177,30,50000,MORTGAGE,5.0,DEBTCONSOLIDATION,A,12000,6.03,0.24,N,6,0
8178,24,38000,MORTGAGE,6.0,PERSONAL,C,8500,13.11,0.22,N,4,0
8179,26,38000,RENT,1.0,MEDICAL,C,7000,13.49,0.18,Y,4,0
8180,24,145000,MORTGAGE,0.0,HOMEIMPROVEMENT,B,20000,11.36,0.14,N,3,0
8181,42,110000,MORTGAGE,12.0,DEBTCONSOLIDATION,A,8000,7.14,0.07,N,15,0
8182,28,115000,MORTGAGE,12.0,PERSONAL,B,7200,10.65,0.06,N,7,0
8183,23,60000,MORTGAGE,0.0,PERSONAL,B,6000,11.48,0.1,N,2,0
8184,24,75000,RENT,5.0,MEDICAL,B,20000,10.74,0.27,N,3,0
8185,21,25000,OWN,5.0,VENTURE,B,6000,11.14,0.23,N,3,0
8186,22,36000,MORTGAGE,6.0,DEBTCONSOLIDATION,A,3500,6.62,0.1,N,3,0
8187,26,55000,RENT,3.0,HOMEIMPROVEMENT,C,5500,13.79,0.1,N,4,0
8188,25,64000,MORTGAGE,7.0,DEBTCONSOLIDATION,C,3000,13.22,0.05,N,3,1
8189,30,80600,RENT,2.0,DEBTCONSOLIDATION,A,18000,7.9,0.22,N,9,0
8190,29,49536,RENT,13.0,EDUCATION,A,5200,6.17,0.1,N,8,0
8191,27,38000,RENT,4.0,MEDICAL,A,10000,7.51,0.26,N,6,0
8192,22,37000,OWN,6.0,VENTURE,A,4000,6.39,0.11,N,2,0
8193,23,50000,RENT,7.0,MEDICAL,A,15000,7.9,0.3,N,3,0
8194,37,36000,RENT,0.0,VENTURE,A,2800,8.0,0.08,N,16,0
8195,30,41000,MORTGAGE,2.0,DEBTCONSOLIDATION,A,8000,7.74,0.2,N,8,0
8196,26,30000,RENT,3.0,DEBTCONSOLIDATION,B,5000,9.99,0.17,N,3,0
8197,30,120000,MORTGAGE,4.0,DEBTCONSOLIDATION,B,20000,11.49,0.17,N,9,0
8198,26,75000,MORTGAGE,10.0,HOMEIMPROVEMENT,A,10500,7.51,0.14,N,4,0
8199,27,90000,MORTGAGE,11.0,DEBTCONSOLIDATION,B,6000,12.69,0.07,N,10,0
8200,24,34000,RENT,1.0,VENTURE,B,16000,12.21,0.49,N,4,1
8201,37,85000,MORTGAGE,21.0,VENTURE,B,25000,10.74,0.29,N,15,0
8202,40,60000,MORTGAGE,2.0,HOMEIMPROVEMENT,A,15000,8.94,0.25,N,13,0
8203,26,29136,RENT,0.0,PERSONAL,D,10100,13.55,0.34,N,2,1
8204,37,85000,RENT,5.0,EDUCATION,A,6000,6.99,0.07,N,13,0
8205,31,38000,RENT,5.0,DEBTCONSOLIDATION,C,3000,12.84,0.08,Y,9,0
8206,22,37000,RENT,3.0,EDUCATION,D,5000,18.25,0.13,N,2,0
8207,26,69996,RENT,10.0,MEDICAL,B,10800,10.2,0.15,N,3,0
8208,52,85000,RENT,6.0,DEBTCONSOLIDATION,C,1950,14.22,0.02,Y,25,0
8209,23,65000,MORTGAGE,0.0,VENTURE,C,7000,13.57,0.11,Y,3,0
8210,25,27000,RENT,2.0,VENTURE,D,4800,14.84,0.18,N,2,0
8211,21,20000,RENT,0.0,MEDICAL,B,1200,10.99,0.06,N,4,0
8212,25,21000,RENT,2.0,DEBTCONSOLIDATION,B,5000,9.99,0.24,N,3,0
8213,25,62000,MORTGAGE,7.0,EDUCATION,C,14000,12.84,0.22,N,4,0
8214,23,121000,MORTGAGE,4.0,PERSONAL,D,25000,14.96,0.21,Y,2,0
8215,33,42000,RENT,5.0,VENTURE,E,4400,16.32,0.1,Y,7,0
8216,22,63252,MORTGAGE,5.0,EDUCATION,B,10000,11.11,0.15,N,4,0
8217,23,64500,MORTGAGE,4.0,EDUCATION,B,2500,11.83,0.04,N,2,0
8218,25,35000,RENT,1.0,VENTURE,A,5000,7.9,0.14,N,2,0
8219,28,90000,RENT,0.0,PERSONAL,B,5000,11.71,0.06,N,8,0
8220,28,50000,RENT,5.0,DEBTCONSOLIDATION,A,6000,7.14,0.12,N,7,0
8221,23,70000,RENT,0.0,MEDICAL,B,5000,10.75,0.07,N,4,0
8222,26,64999,MORTGAGE,13.0,EDUCATION,B,12000,10.99,0.17,N,3,0
8223,34,60000,MORTGAGE,9.0,HOMEIMPROVEMENT,B,20000,12.21,0.33,N,10,0
8224,24,70000,RENT,7.0,PERSONAL,B,12000,12.42,0.17,N,3,0
8225,29,57000,MORTGAGE,0.0,MEDICAL,A,9000,5.99,0.16,N,8,0
8226,23,42000,RENT,4.0,PERSONAL,A,4000,8.9,0.1,N,2,0
8227,22,69500,MORTGAGE,6.0,VENTURE,A,6000,7.49,0.09,N,3,0
8228,27,33600,RENT,4.0,VENTURE,C,5000,13.49,0.15,N,6,0
8229,28,63000,MORTGAGE,13.0,VENTURE,A,5000,8.49,0.08,N,7,0
8230,22,110000,MORTGAGE,6.0,EDUCATION,B,30000,9.91,0.28,N,2,0
8231,23,80000,MORTGAGE,3.0,PERSONAL,A,6400,5.79,0.08,N,2,0
8232,33,65000,MORTGAGE,6.0,DEBTCONSOLIDATION,B,6000,11.99,0.09,N,8,0
8233,33,36000,RENT,1.0,HOMEIMPROVEMENT,D,4800,14.96,0.13,Y,7,1
8234,22,40000,RENT,2.0,PERSONAL,C,6000,12.73,0.15,N,3,0
8235,48,85000,RENT,0.0,HOMEIMPROVEMENT,E,15000,17.74,0.18,Y,13,1
8236,23,48000,RENT,6.0,MEDICAL,B,20000,10.62,0.43,N,3,1
8237,24,40000,RENT,0.0,MEDICAL,A,12000,6.91,0.3,N,2,0
8238,22,24947,RENT,1.0,VENTURE,D,6250,14.74,0.27,N,4,1
8239,26,99300,MORTGAGE,10.0,EDUCATION,C,5000,12.84,0.05,N,4,0
8240,49,71400,RENT,0.0,MEDICAL,D,25000,14.84,0.34,N,16,1
8241,43,54000,RENT,0.0,EDUCATION,C,5000,13.22,0.09,N,13,0
8242,40,54000,RENT,4.0,DEBTCONSOLIDATION,D,10000,15.33,0.19,N,13,1
8243,27,65000,MORTGAGE,3.0,PERSONAL,A,6000,6.17,0.09,N,5,0
8244,25,45000,MORTGAGE,4.0,PERSONAL,C,7500,12.73,0.17,N,2,0
8245,23,35000,RENT,0.0,VENTURE,B,12000,11.71,0.34,N,4,1
8246,24,65000,MORTGAGE,6.0,EDUCATION,A,10000,7.49,0.15,N,3,0
8247,30,75000,MORTGAGE,3.0,HOMEIMPROVEMENT,E,20000,14.82,0.27,Y,10,0
8248,26,110000,MORTGAGE,10.0,DEBTCONSOLIDATION,B,12000,10.74,0.11,N,2,0
8249,25,53000,MORTGAGE,3.0,EDUCATION,C,5000,13.23,0.09,Y,2,0
8250,23,64300,MORTGAGE,4.0,EDUCATION,B,12000,11.14,0.19,N,2,0
8251,30,72000,MORTGAGE,14.0,MEDICAL,C,7000,12.68,0.1,Y,8,0
8252,22,70000,RENT,1.0,PERSONAL,B,10000,9.45,0.14,N,2,0
8253,24,57996,RENT,2.0,DEBTCONSOLIDATION,C,6000,12.99,0.11,Y,2,0
8254,23,65000,MORTGAGE,7.0,VENTURE,A,12000,7.29,0.18,N,4,0
8255,29,44991,MORTGAGE,2.0,MEDICAL,B,7800,9.88,0.16,N,7,0
8256,32,61800,MORTGAGE,13.0,VENTURE,C,1500,13.99,0.02,Y,8,0
8257,22,132000,MORTGAGE,3.0,MEDICAL,A,10000,7.66,0.08,N,3,0
8258,47,100000,MORTGAGE,7.0,DEBTCONSOLIDATION,A,13000,6.03,0.13,N,16,0
8259,24,99000,OWN,5.0,VENTURE,B,9000,11.14,0.09,N,2,0
8260,25,60000,RENT,7.0,DEBTCONSOLIDATION,B,10000,9.76,0.17,N,3,0
8261,25,34000,RENT,4.0,PERSONAL,B,10000,12.42,0.29,N,3,0
8262,24,124800,RENT,1.0,PERSONAL,B,10000,12.53,0.07,N,2,0
8263,28,40000,RENT,0.0,EDUCATION,C,2500,13.49,0.06,N,5,0
8264,37,70000,RENT,9.0,PERSONAL,A,15000,6.99,0.22,N,12,0
8265,32,55000,RENT,5.0,PERSONAL,B,2000,10.62,0.04,N,10,0
8266,25,44000,RENT,2.0,DEBTCONSOLIDATION,A,14000,7.88,0.32,N,2,1
8267,22,60000,RENT,0.0,PERSONAL,D,8000,16.77,0.13,Y,3,1
8268,38,40000,MORTGAGE,20.0,VENTURE,A,6000,7.29,0.15,N,14,0
8269,41,70000,MORTGAGE,16.0,HOMEIMPROVEMENT,A,3000,7.51,0.04,N,17,0
8270,23,120000,MORTGAGE,7.0,DEBTCONSOLIDATION,C,24000,13.72,0.2,Y,4,0
8271,27,85000,MORTGAGE,12.0,PERSONAL,A,10000,9.32,0.12,N,7,0
8272,24,30000,RENT,4.0,MEDICAL,C,2800,12.87,0.09,N,3,0
8273,21,29000,RENT,6.0,MEDICAL,A,5000,6.62,0.17,N,3,1
8274,23,62000,MORTGAGE,5.0,EDUCATION,A,20000,6.91,0.32,N,3,0
8275,24,85000,RENT,0.0,HOMEIMPROVEMENT,A,6000,7.49,0.07,N,2,0
8276,25,70000,RENT,0.0,MEDICAL,B,6000,10.59,0.09,N,2,0
8277,22,34000,RENT,6.0,MEDICAL,B,5000,10.75,0.15,N,3,0
8278,29,70000,MORTGAGE,0.0,MEDICAL,A,5000,7.88,0.07,N,9,0
8279,39,60000,RENT,0.0,EDUCATION,C,15000,13.22,0.25,N,15,0
8280,24,36000,RENT,7.0,PERSONAL,B,2500,11.71,0.07,N,3,0
8281,30,85000,OWN,14.0,VENTURE,A,12000,7.29,0.14,N,7,0
8282,24,44000,RENT,5.0,MEDICAL,C,20000,13.22,0.45,Y,3,1
8283,25,39000,RENT,9.0,DEBTCONSOLIDATION,D,7200,14.11,0.18,N,3,1
8284,46,72194,RENT,18.0,VENTURE,C,18000,8.88,0.25,N,11,0
8285,33,70000,RENT,3.0,PERSONAL,B,15000,11.49,0.21,N,6,0
8286,23,90000,MORTGAGE,0.0,EDUCATION,B,16000,11.89,0.17,N,2,0
8287,37,78000,RENT,3.0,HOMEIMPROVEMENT,A,6000,9.63,0.08,N,16,0
8288,29,34000,RENT,1.0,VENTURE,B,5000,10.99,0.15,N,10,0
8289,45,45760,RENT,8.0,MEDICAL,B,13650,10.25,0.3,N,14,0
8290,21,26000,RENT,5.0,DEBTCONSOLIDATION,A,5375,8.49,0.21,N,2,0
8291,27,30000,RENT,3.0,EDUCATION,D,6000,14.54,0.2,Y,6,1
8292,27,155000,OWN,11.0,HOMEIMPROVEMENT,A,23000,6.17,0.15,N,8,0
8293,21,28800,RENT,5.0,EDUCATION,B,4900,9.99,0.17,N,3,0
8294,27,75000,RENT,1.0,MEDICAL,C,6000,12.99,0.08,Y,5,0
8295,28,80000,MORTGAGE,12.0,VENTURE,A,7000,5.42,0.09,N,10,0
8296,23,80000,RENT,5.0,EDUCATION,B,5000,11.49,0.06,N,2,0
8297,29,85000,MORTGAGE,10.0,MEDICAL,A,6400,6.62,0.07,N,7,0
8298,33,105000,MORTGAGE,0.0,MEDICAL,A,25000,7.51,0.24,N,7,0
8299,22,37000,RENT,2.0,EDUCATION,B,2500,9.62,0.07,N,2,0
8300,22,70000,MORTGAGE,6.0,EDUCATION,A,7000,7.9,0.1,N,4,0
8301,34,40000,RENT,5.0,VENTURE,B,15000,12.42,0.38,N,8,1
8302,28,86000,MORTGAGE,4.0,VENTURE,B,18000,10.99,0.21,N,5,0
8303,26,36000,MORTGAGE,5.0,DEBTCONSOLIDATION,C,3000,14.79,0.08,N,2,0
8304,42,14400,RENT,3.0,DEBTCONSOLIDATION,D,2750,16.02,0.17,Y,14,1
8305,22,35000,RENT,0.0,MEDICAL,A,5000,7.29,0.14,N,2,0
8306,31,30000,MORTGAGE,13.0,MEDICAL,C,8875,13.85,0.3,Y,5,0
8307,27,36000,RENT,3.0,VENTURE,C,6000,13.99,0.17,N,7,0
8308,26,60000,MORTGAGE,10.0,VENTURE,A,5000,7.49,0.08,N,3,0
8309,30,60000,RENT,8.0,VENTURE,D,25000,15.31,0.42,N,5,1
8310,27,75000,RENT,0.0,PERSONAL,D,5000,16.77,0.07,Y,9,0
8311,27,50000,RENT,11.0,DEBTCONSOLIDATION,B,5000,9.91,0.1,N,5,0
8312,22,40000,RENT,5.0,EDUCATION,B,2000,10.74,0.05,N,4,0
8313,26,40000,RENT,5.0,EDUCATION,B,5000,10.99,0.13,N,2,0
8314,35,102000,RENT,1.0,PERSONAL,C,20000,12.84,0.2,N,7,0
8315,27,60000,RENT,11.0,VENTURE,A,6000,8.49,0.1,N,9,0
8316,22,60000,RENT,6.0,VENTURE,C,15000,13.99,0.25,N,2,0
8317,26,90000,MORTGAGE,2.0,EDUCATION,B,12000,10.99,0.13,N,4,0
8318,21,35000,RENT,5.0,DEBTCONSOLIDATION,A,10000,6.03,0.29,N,2,0
8319,24,70000,RENT,3.0,EDUCATION,B,14000,10.75,0.2,N,4,0
8320,27,65000,MORTGAGE,11.0,VENTURE,A,7000,6.99,0.11,N,6,0
8321,30,51000,RENT,3.0,MEDICAL,B,17500,10.62,0.35,N,6,1
8322,32,46000,MORTGAGE,8.0,MEDICAL,A,6000,6.03,0.13,N,6,0
8323,33,80000,MORTGAGE,4.0,PERSONAL,A,5000,7.49,0.06,N,9,0
8324,43,93000,MORTGAGE,15.0,PERSONAL,D,25000,15.58,0.27,Y,13,0
8325,25,48000,RENT,2.0,DEBTCONSOLIDATION,A,8000,7.51,0.17,N,3,0
8326,27,75000,MORTGAGE,11.0,VENTURE,C,10000,13.99,0.13,Y,7,0
8327,25,65000,RENT,0.0,DEBTCONSOLIDATION,B,7500,11.86,0.12,N,3,0
8328,24,36000,RENT,7.0,MEDICAL,B,15000,11.36,0.42,N,3,1
8329,21,48000,RENT,0.0,VENTURE,B,12000,11.36,0.25,N,4,0
8330,29,100000,RENT,5.0,EDUCATION,B,6000,11.49,0.06,N,6,0
8331,24,72000,MORTGAGE,8.0,EDUCATION,A,14000,7.49,0.19,N,4,0
8332,27,35000,RENT,3.0,MEDICAL,B,9600,11.99,0.27,N,8,0
8333,24,33600,RENT,8.0,VENTURE,B,13000,11.58,0.36,N,2,1
8334,41,43000,RENT,3.0,PERSONAL,D,6500,16.49,0.15,N,12,0
8335,23,66000,RENT,2.0,EDUCATION,A,12000,5.79,0.18,N,4,0
8336,23,24000,RENT,5.0,DEBTCONSOLIDATION,C,4000,12.23,0.17,Y,3,0
8337,32,56004,RENT,2.0,DEBTCONSOLIDATION,C,10000,13.61,0.18,N,5,0
8338,29,140000,RENT,0.0,VENTURE,A,7400,6.62,0.05,N,6,0
8339,25,40000,MORTGAGE,3.0,EDUCATION,A,5000,8.0,0.13,N,3,0
8340,23,64000,MORTGAGE,7.0,PERSONAL,A,6400,7.49,0.11,N,2,1
8341,25,84000,RENT,4.0,HOMEIMPROVEMENT,D,8000,12.92,0.1,Y,4,0
8342,23,45000,RENT,3.0,PERSONAL,B,4000,11.86,0.09,N,2,0
8343,27,150000,RENT,5.0,MEDICAL,B,6000,12.18,0.04,N,10,0
8344,27,54000,MORTGAGE,12.0,DEBTCONSOLIDATION,A,10000,9.63,0.19,N,6,0
8345,35,39000,RENT,2.0,VENTURE,G,8000,20.16,0.2,Y,7,1
8346,22,50000,RENT,0.0,DEBTCONSOLIDATION,C,10000,12.99,0.2,N,4,0
8347,22,62000,MORTGAGE,6.0,PERSONAL,B,10000,9.91,0.16,N,2,0
8348,24,40000,RENT,5.0,MEDICAL,B,8000,10.74,0.2,N,3,0
8349,25,24000,OWN,1.0,EDUCATION,A,4000,7.88,0.17,N,2,0
8350,31,36000,OWN,0.0,PERSONAL,C,6000,14.18,0.17,Y,6,0
8351,24,105000,RENT,1.0,HOMEIMPROVEMENT,A,20000,6.91,0.19,N,3,0
8352,26,50400,RENT,10.0,DEBTCONSOLIDATION,B,5200,9.91,0.1,N,2,0
8353,29,18000,RENT,2.0,VENTURE,C,1600,13.49,0.08,Y,6,0
8354,33,65000,RENT,3.0,DEBTCONSOLIDATION,B,5000,11.49,0.08,N,5,0
8355,29,37200,RENT,2.0,HOMEIMPROVEMENT,A,12000,7.9,0.32,N,7,1
8356,24,19200,RENT,3.0,EDUCATION,C,2000,14.22,0.1,Y,4,0
8357,26,105000,RENT,1.0,HOMEIMPROVEMENT,A,12100,5.99,0.12,N,2,0
8358,39,54000,RENT,9.0,PERSONAL,B,10000,11.71,0.19,N,12,0
8359,34,95000,RENT,4.0,VENTURE,B,6000,10.99,0.06,N,10,0
8360,53,125000,RENT,3.0,PERSONAL,A,10000,7.51,0.08,N,28,0
8361,30,200000,RENT,2.0,VENTURE,C,24000,13.11,0.12,N,7,0
8362,26,30000,RENT,4.0,MEDICAL,B,7500,11.83,0.25,N,2,0
8363,25,65000,RENT,9.0,MEDICAL,B,5000,12.42,0.08,N,3,0
8364,23,97781,RENT,7.0,EDUCATION,A,5575,6.54,0.06,N,2,0
8365,27,68000,MORTGAGE,6.0,EDUCATION,A,3500,7.88,0.05,N,5,0
8366,28,44000,MORTGAGE,12.0,PERSONAL,A,8000,7.49,0.18,N,7,0
8367,24,55000,RENT,8.0,HOMEIMPROVEMENT,C,8400,13.48,0.15,N,3,0
8368,27,75000,MORTGAGE,6.0,VENTURE,A,10000,6.54,0.13,N,7,0
8369,22,24000,MORTGAGE,3.0,EDUCATION,A,2000,5.42,0.08,N,3,0
8370,26,48000,MORTGAGE,10.0,PERSONAL,A,7000,7.49,0.15,N,2,0
8371,25,67200,MORTGAGE,9.0,EDUCATION,B,8400,12.69,0.12,N,4,0
8372,37,27600,RENT,0.0,DEBTCONSOLIDATION,A,3600,7.51,0.13,N,14,0
8373,29,55000,MORTGAGE,13.0,MEDICAL,A,17000,7.88,0.31,N,5,0
8374,25,98450,RENT,3.0,EDUCATION,C,2700,14.27,0.03,Y,2,0
8375,24,61000,MORTGAGE,8.0,HOMEIMPROVEMENT,B,15200,10.25,0.24,N,4,0
8376,23,40000,RENT,5.0,VENTURE,C,6900,13.22,0.17,Y,3,0
8377,45,53000,MORTGAGE,5.0,EDUCATION,C,10000,13.48,0.19,Y,11,0
8378,47,138000,MORTGAGE,5.0,DEBTCONSOLIDATION,A,9600,8.49,0.07,N,14,0
8379,25,36996,MORTGAGE,3.0,VENTURE,E,16000,15.68,0.43,Y,4,0
8380,21,45000,RENT,1.0,DEBTCONSOLIDATION,C,8000,12.87,0.18,Y,2,0
8381,24,70000,RENT,8.0,PERSONAL,C,20000,13.98,0.29,Y,2,0
8382,23,28000,MORTGAGE,5.0,MEDICAL,A,5000,6.92,0.18,N,4,0
8383,24,60000,MORTGAGE,8.0,PERSONAL,A,20000,7.49,0.33,N,3,0
8384,32,78000,MORTGAGE,0.0,VENTURE,B,11000,9.91,0.14,N,6,0
8385,25,85850,MORTGAGE,9.0,MEDICAL,D,12000,15.99,0.12,N,2,1
8386,25,32000,MORTGAGE,2.0,VENTURE,A,14000,8.38,0.44,N,2,0
8387,27,36000,RENT,3.0,MEDICAL,D,6000,15.21,0.17,Y,7,0
8388,22,57800,MORTGAGE,0.0,MEDICAL,E,16000,16.45,0.24,N,2,1
8389,31,45000,RENT,0.0,HOMEIMPROVEMENT,B,14000,8.88,0.32,N,5,1
8390,23,45000,RENT,3.0,VENTURE,C,12000,13.16,0.27,Y,2,0
8391,22,61000,RENT,4.0,EDUCATION,A,10000,7.49,0.16,N,3,0
8392,34,80000,MORTGAGE,12.0,EDUCATION,A,18000,6.99,0.23,N,8,0
8393,26,45000,OWN,8.0,VENTURE,B,7000,11.86,0.15,N,4,0
8394,25,70000,MORTGAGE,9.0,DEBTCONSOLIDATION,D,4000,16.77,0.06,N,3,1
8395,22,24000,RENT,1.0,VENTURE,A,10000,7.51,0.42,N,4,1
8396,38,60000,MORTGAGE,12.0,MEDICAL,A,14000,7.88,0.23,N,12,0
8397,23,100580,MORTGAGE,1.0,VENTURE,D,15000,16.29,0.15,N,3,0
8398,36,65000,MORTGAGE,12.0,VENTURE,A,2200,9.38,0.03,N,13,0
8399,22,25000,RENT,1.0,EDUCATION,A,4000,6.76,0.16,N,2,0
8400,29,83000,RENT,3.0,DEBTCONSOLIDATION,B,20000,11.12,0.24,N,8,0
8401,28,90000,MORTGAGE,12.0,HOMEIMPROVEMENT,D,20000,16.7,0.22,Y,9,0
8402,41,78000,RENT,2.0,EDUCATION,B,14000,10.99,0.18,N,17,0
8403,24,25000,RENT,3.0,MEDICAL,C,8500,13.16,0.34,N,4,1
8404,23,69996,OTHER,7.0,VENTURE,B,8400,11.58,0.13,N,3,0
8405,24,86400,MORTGAGE,0.0,EDUCATION,B,15000,11.36,0.17,N,2,0
8406,23,44172,RENT,7.0,VENTURE,B,15000,11.12,0.34,N,4,1
8407,32,108000,MORTGAGE,11.0,EDUCATION,B,3000,11.36,0.03,N,6,0
8408,30,45000,MORTGAGE,11.0,DEBTCONSOLIDATION,A,6000,6.91,0.13,N,6,0
8409,22,59000,RENT,6.0,DEBTCONSOLIDATION,C,8000,14.27,0.14,Y,3,1
8410,25,36000,RENT,0.0,HOMEIMPROVEMENT,B,5000,10.99,0.14,N,4,1
8411,23,58800,MORTGAGE,7.0,EDUCATION,E,6000,16.35,0.1,N,3,0
8412,24,65000,MORTGAGE,1.0,EDUCATION,A,16000,7.51,0.25,N,2,0
8413,21,64600,MORTGAGE,3.0,MEDICAL,B,4000,11.99,0.07,N,2,0
8414,27,90000,RENT,0.0,VENTURE,B,5600,11.99,0.06,N,5,0
8415,44,62400,MORTGAGE,3.0,MEDICAL,D,14000,15.05,0.23,N,11,1
8416,25,44000,RENT,9.0,PERSONAL,B,1500,11.49,0.03,N,3,1
8417,24,33000,RENT,4.0,EDUCATION,C,3000,12.68,0.09,N,4,0
8418,34,100000,RENT,4.0,EDUCATION,B,6000,10.99,0.06,N,10,0
8419,25,138000,MORTGAGE,1.0,EDUCATION,D,5000,14.91,0.04,N,2,0
8420,35,33996,RENT,19.0,PERSONAL,D,14000,14.96,0.44,N,7,1
8421,24,69996,RENT,5.0,VENTURE,B,10000,11.14,0.14,N,2,0
8422,27,120000,MORTGAGE,2.0,VENTURE,B,9800,12.21,0.08,N,8,0
8423,26,67983,MORTGAGE,2.0,MEDICAL,D,15000,16.49,0.19,Y,2,1
8424,23,35000,RENT,1.0,MEDICAL,B,5000,10.65,0.14,N,4,0
8425,24,72000,MORTGAGE,6.0,EDUCATION,A,7000,7.74,0.1,N,3,0
8426,30,45000,MORTGAGE,0.0,MEDICAL,B,5000,9.88,0.11,N,6,0
8427,23,44000,MORTGAGE,8.0,EDUCATION,A,15350,7.14,0.34,N,2,0
8428,31,54000,RENT,15.0,PERSONAL,B,10000,11.71,0.19,N,8,1
8429,29,55560,RENT,6.0,HOMEIMPROVEMENT,C,6000,13.61,0.11,Y,6,0
8430,22,30000,RENT,3.0,EDUCATION,A,11000,5.79,0.37,N,4,1
8431,23,44000,RENT,2.0,EDUCATION,C,13000,13.47,0.3,Y,4,1
8432,24,97908,RENT,0.0,EDUCATION,B,20000,12.53,0.21,N,3,1
8433,25,37000,RENT,0.0,EDUCATION,C,4400,10.28,0.12,Y,4,0
8434,29,55000,RENT,0.0,VENTURE,B,20000,11.48,0.36,N,6,0
8435,21,24996,RENT,6.0,PERSONAL,C,6000,14.26,0.24,Y,2,0
8436,26,40000,RENT,2.0,DEBTCONSOLIDATION,C,5500,14.35,0.14,N,3,0
8437,23,64800,RENT,8.0,DEBTCONSOLIDATION,A,15000,8.94,0.23,N,4,0
8438,28,60000,MORTGAGE,12.0,MEDICAL,B,2500,11.89,0.04,N,7,0
8439,22,45000,RENT,6.0,EDUCATION,C,5000,13.48,0.11,N,3,0
8440,24,50000,MORTGAGE,8.0,PERSONAL,C,5000,13.99,0.1,Y,3,0
8441,24,51996,MORTGAGE,2.0,MEDICAL,A,14000,8.49,0.27,N,3,0
8442,22,30900,RENT,1.0,HOMEIMPROVEMENT,C,6000,12.61,0.19,Y,4,1
8443,25,50000,MORTGAGE,7.0,DEBTCONSOLIDATION,B,15000,10.25,0.31,N,2,0
8444,37,85000,MORTGAGE,0.0,VENTURE,B,12000,11.14,0.14,N,11,0
8445,26,80000,MORTGAGE,11.0,PERSONAL,A,3000,7.49,0.04,N,2,0
8446,38,90000,MORTGAGE,1.0,HOMEIMPROVEMENT,B,20000,11.89,0.22,N,15,0
8447,57,60000,RENT,0.0,PERSONAL,A,12000,8.9,0.2,N,30,0
8448,24,30000,RENT,4.0,PERSONAL,B,6000,11.86,0.2,N,4,0
8449,36,86004,RENT,1.0,PERSONAL,A,15000,6.91,0.17,N,14,1
8450,27,90000,MORTGAGE,2.0,PERSONAL,B,10000,11.99,0.11,N,5,0
8451,25,59000,MORTGAGE,2.0,VENTURE,B,20000,11.89,0.34,N,3,0
8452,23,50000,OWN,7.0,EDUCATION,A,7000,5.99,0.14,N,4,0
8453,55,60000,MORTGAGE,3.0,PERSONAL,A,5000,7.14,0.08,N,27,0
8454,48,45600,MORTGAGE,0.0,PERSONAL,A,5375,9.63,0.12,N,12,0
8455,26,78000,MORTGAGE,10.0,DEBTCONSOLIDATION,A,14000,7.66,0.19,N,3,0
8456,23,75000,RENT,7.0,DEBTCONSOLIDATION,B,20000,11.83,0.27,N,2,0
8457,27,49000,RENT,2.0,PERSONAL,A,3200,8.59,0.07,N,8,0
8458,37,48000,RENT,3.0,EDUCATION,A,14000,7.88,0.29,N,11,0
8459,25,34000,RENT,3.0,MEDICAL,B,6000,11.99,0.18,N,4,1
8460,26,80000,MORTGAGE,3.0,HOMEIMPROVEMENT,B,20000,11.12,0.25,N,3,0
8461,25,60000,RENT,5.0,DEBTCONSOLIDATION,B,12000,9.99,0.2,N,2,0
8462,28,84000,RENT,2.0,EDUCATION,A,14000,7.88,0.17,N,10,0
8463,26,50000,MORTGAGE,2.0,MEDICAL,B,8000,10.59,0.16,N,4,0
8464,22,36000,MORTGAGE,6.0,EDUCATION,B,10000,9.91,0.28,N,2,0
8465,24,36000,OWN,5.0,VENTURE,A,4800,7.88,0.13,N,4,0
8466,24,66300,MORTGAGE,8.0,MEDICAL,D,7000,14.96,0.09,N,4,1
8467,26,60000,MORTGAGE,10.0,EDUCATION,A,14400,7.88,0.25,N,4,0
8468,33,60000,OWN,2.0,EDUCATION,B,3000,12.18,0.05,N,10,0
8469,37,33996,RENT,2.0,DEBTCONSOLIDATION,D,5000,14.59,0.15,N,15,1
8470,22,36000,MORTGAGE,6.0,DEBTCONSOLIDATION,A,8000,7.14,0.22,N,4,0
8471,33,58800,RENT,1.0,MEDICAL,A,3000,7.88,0.05,N,5,0
8472,36,54000,RENT,4.0,HOMEIMPROVEMENT,C,2000,13.49,0.04,Y,15,1
8473,27,36000,RENT,1.0,HOMEIMPROVEMENT,B,5000,10.99,0.14,N,9,1
8474,31,24000,RENT,0.0,MEDICAL,A,5000,6.91,0.21,N,7,0
8475,31,66500,MORTGAGE,4.0,DEBTCONSOLIDATION,B,10000,10.95,0.15,N,10,0
8476,27,38500,RENT,2.0,MEDICAL,A,6350,7.51,0.17,N,7,0
8477,25,70000,RENT,9.0,VENTURE,A,12000,5.79,0.17,N,3,0
8478,24,80000,RENT,4.0,DEBTCONSOLIDATION,B,2000,11.49,0.03,N,2,0
8479,33,75000,MORTGAGE,6.0,MEDICAL,B,5800,11.99,0.08,N,8,0
8480,29,101000,MORTGAGE,3.0,DEBTCONSOLIDATION,A,5000,7.51,0.05,N,5,0
8481,30,90000,MORTGAGE,2.0,MEDICAL,A,6000,5.99,0.07,N,6,0
8482,24,60000,RENT,4.0,DEBTCONSOLIDATION,B,8000,11.48,0.13,N,3,0
8483,32,65000,RENT,5.0,DEBTCONSOLIDATION,B,8000,11.99,0.12,N,10,0
8484,30,80000,MORTGAGE,14.0,DEBTCONSOLIDATION,A,9000,6.03,0.11,N,6,0
8485,30,90000,RENT,2.0,DEBTCONSOLIDATION,B,12000,11.36,0.13,N,5,0
8486,22,51000,MORTGAGE,6.0,MEDICAL,A,16000,6.91,0.31,N,3,0
8487,33,45000,RENT,4.0,PERSONAL,B,5000,12.69,0.11,N,7,0
8488,37,30000,RENT,1.0,VENTURE,B,6000,10.99,0.2,N,12,0
8489,27,34000,RENT,3.0,MEDICAL,A,11500,7.88,0.34,N,6,1
8490,22,50000,RENT,4.0,VENTURE,A,6000,6.62,0.12,N,2,0
8491,29,54996,MORTGAGE,1.0,EDUCATION,B,7200,9.62,0.13,N,7,0
8492,25,56000,MORTGAGE,5.0,PERSONAL,B,10000,9.91,0.18,N,3,0
8493,23,120000,RENT,8.0,MEDICAL,A,18000,8.9,0.15,N,3,0
8494,25,31000,MORTGAGE,9.0,EDUCATION,A,7000,8.9,0.23,N,3,0
8495,26,77000,MORTGAGE,6.0,VENTURE,D,15000,16.02,0.19,Y,4,0
8496,28,63000,MORTGAGE,12.0,MEDICAL,C,18000,13.99,0.29,N,5,0
8497,25,120000,MORTGAGE,9.0,PERSONAL,C,4750,14.65,0.04,Y,4,0
8498,28,75000,OWN,12.0,EDUCATION,B,9000,11.83,0.12,N,9,0
8499,27,59000,MORTGAGE,11.0,HOMEIMPROVEMENT,B,18000,9.99,0.31,N,8,0
8500,28,53000,OWN,11.0,MEDICAL,A,15000,7.9,0.28,N,5,0
8501,30,227500,RENT,3.0,PERSONAL,C,25000,12.53,0.11,N,6,0
8502,22,69000,MORTGAGE,1.0,VENTURE,A,1000,7.4,0.01,N,4,0
8503,41,107280,RENT,4.0,EDUCATION,E,25000,16.45,0.23,Y,11,0
8504,26,35000,MORTGAGE,6.0,MEDICAL,B,12400,11.99,0.34,N,2,0
8505,24,52000,RENT,1.0,MEDICAL,B,4000,12.42,0.08,N,2,0
8506,32,156600,MORTGAGE,8.0,PERSONAL,C,3500,13.06,0.02,Y,6,0
8507,23,50000,RENT,0.0,DEBTCONSOLIDATION,B,12000,12.53,0.24,N,2,0
8508,27,37000,RENT,0.0,DEBTCONSOLIDATION,F,15000,19.79,0.41,Y,10,1
8509,39,83886,RENT,5.0,PERSONAL,C,8400,13.04,0.1,N,16,0
8510,37,87000,MORTGAGE,8.0,VENTURE,B,8000,11.49,0.09,N,11,0
8511,29,140000,OWN,13.0,MEDICAL,B,24100,11.83,0.17,N,6,0
8512,25,49700,RENT,2.0,EDUCATION,C,12000,12.53,0.24,N,4,1
8513,23,100000,MORTGAGE,7.0,MEDICAL,A,6000,6.76,0.06,N,2,0
8514,23,85000,RENT,1.0,EDUCATION,A,10000,7.29,0.12,N,2,0
8515,29,140000,MORTGAGE,0.0,DEBTCONSOLIDATION,A,7400,6.03,0.05,N,10,0
8516,22,48000,RENT,3.0,EDUCATION,B,16000,11.89,0.31,N,3,1
8517,26,71046,MORTGAGE,6.0,EDUCATION,C,17000,12.73,0.24,Y,2,0
8518,23,52000,MORTGAGE,1.0,PERSONAL,A,5000,8.59,0.1,N,3,0
8519,23,56004,RENT,4.0,HOMEIMPROVEMENT,D,8000,12.92,0.15,N,2,1
8520,24,75000,MORTGAGE,2.0,EDUCATION,A,8400,7.05,0.11,N,2,0
8521,31,28800,RENT,0.0,HOMEIMPROVEMENT,B,14800,9.88,0.49,N,8,1
8522,29,75000,RENT,0.0,PERSONAL,B,1000,9.45,0.01,N,6,0
8523,23,65000,RENT,7.0,DEBTCONSOLIDATION,B,16000,10.99,0.25,N,2,0
8524,26,124896,MORTGAGE,10.0,MEDICAL,A,1000,5.42,0.01,N,3,0
8525,22,36000,RENT,2.0,EDUCATION,A,7000,7.9,0.19,N,4,0
8526,23,54000,MORTGAGE,0.0,PERSONAL,C,10000,12.99,0.19,Y,3,0
8527,46,40000,RENT,2.0,VENTURE,C,6000,13.23,0.15,Y,15,0
8528,47,24000,OWN,15.0,EDUCATION,A,6000,5.42,0.25,N,17,0
8529,24,47000,RENT,6.0,VENTURE,A,6800,5.42,0.15,N,3,0
8530,23,60000,MORTGAGE,4.0,EDUCATION,B,5000,10.37,0.08,N,4,0
8531,30,80000,MORTGAGE,2.0,HOMEIMPROVEMENT,B,16000,11.12,0.19,N,8,0
8532,30,56000,RENT,14.0,DEBTCONSOLIDATION,A,9000,7.14,0.17,N,6,0
8533,29,60000,RENT,1.0,DEBTCONSOLIDATION,B,7800,10.65,0.13,N,5,0
8534,23,128000,MORTGAGE,5.0,VENTURE,A,35000,7.9,0.27,N,3,0
8535,21,50000,MORTGAGE,5.0,VENTURE,A,7000,6.92,0.13,N,3,0
8536,27,45000,RENT,1.0,EDUCATION,C,4000,13.49,0.09,N,10,0
8537,23,28000,RENT,5.0,EDUCATION,C,12000,14.27,0.43,Y,4,1
8538,22,52000,MORTGAGE,0.0,EDUCATION,B,18000,12.18,0.35,N,3,0
8539,26,33600,RENT,0.0,PERSONAL,A,4400,7.9,0.13,N,2,0
8540,25,40000,RENT,4.0,DEBTCONSOLIDATION,C,10000,14.27,0.25,Y,4,0
8541,28,180000,RENT,8.0,EDUCATION,C,7200,13.85,0.04,Y,8,0
8542,25,64000,MORTGAGE,1.0,DEBTCONSOLIDATION,D,8000,16.49,0.13,Y,2,1
8543,58,67000,MORTGAGE,13.0,MEDICAL,A,8150,7.49,0.12,N,28,0
8544,30,35000,RENT,4.0,PERSONAL,A,5000,7.49,0.14,N,7,0
8545,23,110000,MORTGAGE,7.0,VENTURE,B,20000,12.69,0.18,N,4,0
8546,25,44000,RENT,5.0,MEDICAL,C,10200,13.48,0.23,N,4,0
8547,26,140000,RENT,3.0,PERSONAL,B,10000,9.91,0.07,N,3,0
8548,32,38000,RENT,16.0,MEDICAL,B,5000,10.65,0.13,N,8,0
8549,23,38000,RENT,1.0,VENTURE,B,4000,11.36,0.1,N,4,0
8550,23,60000,RENT,0.0,DEBTCONSOLIDATION,B,15000,11.89,0.25,N,3,0
8551,30,55000,MORTGAGE,4.0,PERSONAL,C,20000,13.23,0.36,N,6,0
8552,45,57000,RENT,7.0,MEDICAL,A,5000,7.9,0.09,N,12,0
8553,22,33996,RENT,6.0,MEDICAL,D,10000,15.95,0.29,N,4,1
8554,22,49000,RENT,6.0,HOMEIMPROVEMENT,B,3500,12.69,0.07,N,3,1
8555,25,30720,RENT,5.0,PERSONAL,B,7500,10.95,0.25,N,4,1
8556,22,70000,RENT,2.0,DEBTCONSOLIDATION,B,6000,12.42,0.09,N,4,0
8557,34,175000,MORTGAGE,2.0,PERSONAL,A,20000,8.9,0.12,N,7,0
8558,24,60000,MORTGAGE,1.0,HOMEIMPROVEMENT,A,5000,7.66,0.08,N,2,0
8559,23,38400,RENT,7.0,PERSONAL,B,10000,10.38,0.26,N,4,0
8560,23,60000,OWN,8.0,MEDICAL,A,1200,7.66,0.02,N,4,0
8561,24,24000,RENT,0.0,VENTURE,C,8000,12.53,0.33,Y,4,1
8562,27,70000,OWN,0.0,VENTURE,A,12000,7.49,0.17,N,5,0
8563,29,34000,MORTGAGE,12.0,VENTURE,D,10000,16.77,0.29,Y,8,1
8564,25,65000,RENT,9.0,MEDICAL,B,20000,10.65,0.31,N,3,1
8565,27,35000,RENT,0.0,EDUCATION,B,7200,9.99,0.21,N,6,0
8566,27,40000,RENT,4.0,MEDICAL,B,4000,10.65,0.1,N,7,0
8567,22,60000,RENT,6.0,EDUCATION,A,7000,6.92,0.12,N,4,0
8568,27,68000,MORTGAGE,10.0,PERSONAL,A,16000,6.54,0.24,N,7,0
8569,22,70000,MORTGAGE,4.0,PERSONAL,B,14000,12.21,0.2,N,2,0
8570,25,45000,RENT,9.0,MEDICAL,C,5000,13.98,0.11,Y,4,0
8571,29,60000,RENT,2.0,MEDICAL,A,6000,8.94,0.1,N,10,0
8572,28,75000,RENT,3.0,EDUCATION,B,4000,10.74,0.05,N,7,0
8573,32,87000,MORTGAGE,14.0,HOMEIMPROVEMENT,C,1500,13.23,0.02,N,6,0
8574,22,30000,RENT,4.0,MEDICAL,C,5000,11.41,0.17,N,4,1
8575,22,55000,MORTGAGE,1.0,MEDICAL,B,15000,11.26,0.27,N,2,0
8576,35,54000,RENT,1.0,EDUCATION,A,6000,7.51,0.11,N,9,1
8577,25,59000,RENT,5.0,EDUCATION,A,11000,8.9,0.19,N,3,0
8578,24,40000,RENT,8.0,MEDICAL,A,5000,7.49,0.13,N,4,0
8579,23,38000,RENT,7.0,DEBTCONSOLIDATION,C,5600,13.23,0.15,Y,2,0
8580,25,60000,MORTGAGE,6.0,MEDICAL,C,10000,13.49,0.17,N,4,0
8581,28,37440,RENT,12.0,EDUCATION,A,8000,8.94,0.21,N,5,0
8582,22,65000,RENT,3.0,EDUCATION,B,7000,12.69,0.11,N,2,0
8583,21,30000,RENT,0.0,EDUCATION,B,1200,11.49,0.04,N,3,0
8584,28,62400,MORTGAGE,3.0,VENTURE,B,3500,12.53,0.06,N,9,0
8585,37,70000,MORTGAGE,8.0,PERSONAL,A,13000,7.88,0.19,N,16,0
8586,23,70000,RENT,6.0,DEBTCONSOLIDATION,A,4000,7.74,0.06,N,2,0
8587,27,40000,RENT,3.0,VENTURE,C,10000,14.65,0.25,Y,7,1
8588,23,45000,RENT,4.0,EDUCATION,B,10000,10.36,0.22,N,3,0
8589,25,42000,RENT,2.0,VENTURE,B,3000,11.86,0.07,N,3,0
8590,28,68500,MORTGAGE,5.0,MEDICAL,C,16000,12.87,0.24,N,6,0
8591,21,30000,RENT,2.0,PERSONAL,B,2400,10.99,0.08,N,3,0
8592,22,72000,RENT,5.0,MEDICAL,B,12000,10.99,0.17,N,2,0
8593,29,90000,MORTGAGE,4.0,PERSONAL,B,12000,11.12,0.13,N,7,0
8594,22,30000,RENT,1.0,DEBTCONSOLIDATION,A,2500,7.68,0.08,N,4,0
8595,33,38000,RENT,5.0,PERSONAL,B,8000,10.37,0.21,N,6,0
8596,29,50000,RENT,4.0,PERSONAL,C,7000,15.23,0.14,Y,7,0
8597,23,60000,MORTGAGE,3.0,MEDICAL,A,10000,7.49,0.17,N,4,0
8598,25,60000,RENT,5.0,HOMEIMPROVEMENT,C,10000,13.49,0.17,Y,4,0
8599,41,40000,MORTGAGE,8.0,DEBTCONSOLIDATION,B,7750,11.99,0.19,N,14,0
8600,26,55000,MORTGAGE,1.0,PERSONAL,A,3000,6.76,0.05,N,2,0
8601,24,48000,MORTGAGE,5.0,EDUCATION,B,15000,10.25,0.31,N,3,0
8602,25,56000,MORTGAGE,4.0,PERSONAL,B,3000,10.99,0.05,N,2,0
8603,25,69000,RENT,0.0,EDUCATION,E,12000,17.51,0.17,Y,2,1
8604,37,37000,RENT,2.0,MEDICAL,C,6500,13.11,0.17,N,14,0
8605,28,60000,RENT,0.0,PERSONAL,C,8000,13.22,0.13,N,10,0
8606,39,100000,MORTGAGE,5.0,DEBTCONSOLIDATION,A,4800,5.42,0.05,N,12,0
8607,24,60000,MORTGAGE,8.0,HOMEIMPROVEMENT,A,3000,7.51,0.05,N,4,0
8608,23,50532,RENT,7.0,DEBTCONSOLIDATION,C,5000,12.98,0.1,Y,2,0
8609,25,31200,RENT,9.0,EDUCATION,A,6000,7.51,0.19,N,2,0
8610,24,50000,RENT,0.0,MEDICAL,B,9600,12.42,0.19,N,2,0
8611,25,48000,RENT,5.0,MEDICAL,C,3000,13.49,0.07,Y,2,0
8612,22,50000,RENT,4.0,PERSONAL,A,6000,7.51,0.12,N,4,0
8613,29,40000,MORTGAGE,6.0,DEBTCONSOLIDATION,A,12000,7.51,0.3,N,9,0
8614,28,75000,RENT,4.0,MEDICAL,C,12000,13.85,0.16,Y,6,0
8615,23,42000,RENT,0.0,VENTURE,A,4000,7.9,0.1,N,3,0
8616,30,17000,RENT,0.0,EDUCATION,C,1450,12.87,0.09,N,8,0
8617,30,70000,MORTGAGE,15.0,EDUCATION,A,5000,7.14,0.07,N,5,0
8618,36,60000,RENT,1.0,MEDICAL,B,10000,10.59,0.17,N,15,0
8619,24,24000,RENT,5.0,HOMEIMPROVEMENT,A,5000,7.9,0.21,N,4,1
8620,23,65000,MORTGAGE,7.0,MEDICAL,B,12000,10.65,0.18,N,2,0
8621,23,66000,MORTGAGE,0.0,DEBTCONSOLIDATION,B,4800,12.69,0.07,N,4,1
8622,22,60000,MORTGAGE,6.0,VENTURE,B,5600,10.99,0.09,N,4,0
8623,23,70000,RENT,7.0,EDUCATION,C,20000,14.27,0.29,N,3,0
8624,37,70000,MORTGAGE,12.0,VENTURE,A,5000,5.42,0.07,N,15,0
8625,21,45000,RENT,1.0,DEBTCONSOLIDATION,B,15000,9.25,0.33,N,2,1
8626,27,50000,RENT,1.0,EDUCATION,A,18000,8.94,0.36,N,10,1
8627,24,72000,MORTGAGE,8.0,PERSONAL,A,8000,7.14,0.11,N,4,0
8628,24,45000,RENT,3.0,DEBTCONSOLIDATION,C,6000,13.49,0.13,Y,4,0
8629,24,42000,MORTGAGE,7.0,VENTURE,A,2500,6.91,0.06,N,2,0
8630,23,46000,MORTGAGE,0.0,DEBTCONSOLIDATION,E,9000,19.42,0.2,Y,4,1
8631,36,26000,RENT,0.0,VENTURE,A,5000,7.9,0.19,N,17,0
8632,26,62000,RENT,7.0,EDUCATION,C,14000,14.27,0.23,N,2,0
8633,35,72600,MORTGAGE,3.0,EDUCATION,B,6500,9.91,0.09,N,9,0
8634,28,40000,RENT,0.0,EDUCATION,B,10000,11.11,0.25,N,5,0
8635,23,85000,RENT,3.0,DEBTCONSOLIDATION,A,8000,7.14,0.09,N,4,0
8636,23,120000,MORTGAGE,0.0,PERSONAL,A,12000,9.63,0.1,N,2,0
8637,22,48000,RENT,7.0,MEDICAL,A,1800,7.14,0.04,N,2,0
8638,29,29000,RENT,1.0,EDUCATION,B,11000,9.91,0.38,N,8,1
8639,24,45000,RENT,8.0,VENTURE,A,3000,6.62,0.07,N,4,0
8640,24,95000,MORTGAGE,9.0,HOMEIMPROVEMENT,B,5000,10.99,0.05,N,3,0
8641,25,90000,MORTGAGE,3.0,VENTURE,C,7000,13.11,0.08,N,2,0
8642,25,39600,RENT,9.0,EDUCATION,B,2400,9.91,0.06,N,4,1
8643,27,80000,MORTGAGE,1.0,PERSONAL,A,12000,8.94,0.15,N,9,0
8644,25,31000,RENT,0.0,DEBTCONSOLIDATION,D,6000,16.02,0.19,Y,3,1
8645,28,50000,RENT,4.0,PERSONAL,A,10000,7.51,0.2,N,6,0
8646,29,48000,MORTGAGE,4.0,VENTURE,A,3000,5.42,0.06,N,7,0
8647,34,33000,MORTGAGE,6.0,HOMEIMPROVEMENT,C,8800,13.92,0.27,Y,8,0
8648,26,52000,RENT,0.0,MEDICAL,C,12000,14.35,0.23,Y,4,0
8649,28,85000,RENT,12.0,DEBTCONSOLIDATION,A,2575,7.49,0.03,N,6,0
8650,22,42000,RENT,6.0,EDUCATION,B,10000,9.63,0.24,N,2,0
8651,26,98004,RENT,8.0,EDUCATION,B,10000,10.99,0.1,N,4,0
8652,31,78000,MORTGAGE,6.0,HOMEIMPROVEMENT,A,7875,6.62,0.1,N,8,0
8653,27,58000,MORTGAGE,5.0,VENTURE,A,3000,5.42,0.05,N,8,0
8654,33,75000,RENT,1.0,MEDICAL,A,4500,9.32,0.06,N,9,0
8655,22,30000,RENT,3.0,VENTURE,C,10000,13.49,0.33,N,2,1
8656,30,72000,RENT,6.0,VENTURE,B,10000,10.59,0.14,N,6,0
8657,22,81996,RENT,6.0,DEBTCONSOLIDATION,A,5000,7.51,0.06,N,4,0
8658,23,50000,MORTGAGE,7.0,DEBTCONSOLIDATION,A,10000,6.03,0.2,N,3,0
8659,27,45000,RENT,6.0,EDUCATION,D,5800,14.61,0.13,Y,8,0
8660,31,24000,RENT,0.0,EDUCATION,A,6500,8.49,0.27,N,10,0
8661,33,35000,MORTGAGE,5.0,DEBTCONSOLIDATION,A,6000,6.03,0.17,N,5,0
8662,24,70000,MORTGAGE,6.0,DEBTCONSOLIDATION,B,5000,10.65,0.07,N,4,0
8663,24,67600,MORTGAGE,4.0,DEBTCONSOLIDATION,D,9600,16.02,0.14,Y,2,1
8664,25,60000,RENT,9.0,MEDICAL,B,12000,12.42,0.2,N,3,0
8665,22,9600,RENT,2.0,VENTURE,E,1750,17.43,0.18,N,2,1
8666,23,55596,MORTGAGE,5.0,DEBTCONSOLIDATION,B,2000,9.91,0.04,N,2,0
8667,23,42000,RENT,6.0,VENTURE,B,12000,10.37,0.29,N,4,1
8668,25,38400,RENT,6.0,PERSONAL,B,2000,11.49,0.05,N,4,0
8669,27,130000,MORTGAGE,5.0,DEBTCONSOLIDATION,A,7000,8.59,0.05,N,5,0
8670,22,66000,MORTGAGE,6.0,EDUCATION,C,18000,13.47,0.28,N,2,0
8671,25,54000,RENT,4.0,EDUCATION,A,3000,6.76,0.06,N,4,0
8672,52,170000,MORTGAGE,4.0,PERSONAL,D,20000,15.58,0.12,N,30,1
8673,28,180000,RENT,5.0,MEDICAL,B,12800,12.42,0.07,N,6,0
8674,22,56839,MORTGAGE,6.0,PERSONAL,A,8000,8.94,0.14,N,2,0
8675,22,65000,MORTGAGE,6.0,EDUCATION,A,12000,6.91,0.18,N,2,0
8676,23,42000,RENT,0.0,MEDICAL,B,2500,11.48,0.06,N,4,0
8677,28,50000,MORTGAGE,7.0,PERSONAL,A,10000,6.03,0.2,N,10,0
8678,24,70000,RENT,0.0,DEBTCONSOLIDATION,A,9000,7.14,0.13,N,3,0
8679,22,43000,RENT,2.0,EDUCATION,C,10000,13.16,0.23,Y,2,0
8680,31,95000,MORTGAGE,5.0,EDUCATION,A,12000,6.03,0.13,N,10,0
8681,32,42000,RENT,0.0,EDUCATION,C,2400,12.68,0.06,N,8,0
8682,22,48000,RENT,2.0,MEDICAL,B,10000,11.12,0.21,N,2,0
8683,35,150000,MORTGAGE,7.0,EDUCATION,A,8000,7.49,0.05,N,5,0
8684,22,60000,MORTGAGE,2.0,EDUCATION,B,13600,11.71,0.23,N,2,0
8685,29,44100,RENT,7.0,VENTURE,B,13000,10.25,0.29,N,5,0
8686,24,50000,OWN,8.0,PERSONAL,A,4800,5.99,0.1,N,4,0
8687,25,56004,RENT,9.0,MEDICAL,A,5000,7.49,0.09,N,4,0
8688,28,150000,MORTGAGE,12.0,DEBTCONSOLIDATION,B,25000,11.36,0.17,N,8,0
8689,27,86000,RENT,5.0,PERSONAL,B,15000,11.48,0.17,N,9,0
8690,23,36000,MORTGAGE,7.0,VENTURE,B,11300,12.69,0.31,N,3,0
8691,25,52160,MORTGAGE,0.0,VENTURE,A,1500,6.76,0.03,N,2,0
8692,27,40000,RENT,2.0,MEDICAL,B,8000,11.86,0.2,N,7,0
8693,32,48000,RENT,2.0,MEDICAL,B,15000,12.69,0.31,N,8,1
8694,26,71000,MORTGAGE,10.0,MEDICAL,B,5000,10.0,0.07,N,4,0
8695,24,84000,MORTGAGE,7.0,DEBTCONSOLIDATION,B,15350,11.71,0.18,N,2,0
8696,22,70000,RENT,5.0,PERSONAL,C,2000,14.79,0.03,Y,4,0
8697,58,61776,MORTGAGE,1.0,PERSONAL,B,11500,12.21,0.18,N,30,0
8698,23,75000,RENT,4.0,PERSONAL,B,18000,12.18,0.24,N,2,0
8699,22,80000,MORTGAGE,6.0,VENTURE,D,16000,16.49,0.2,Y,3,0
8700,38,55000,RENT,7.0,HOMEIMPROVEMENT,C,7000,11.03,0.13,N,16,0
8701,27,48000,OWN,7.0,VENTURE,C,1000,14.65,0.02,N,7,0
8702,34,75000,MORTGAGE,2.0,DEBTCONSOLIDATION,D,12000,16.49,0.16,Y,8,1
8703,22,80000,MORTGAGE,6.0,PERSONAL,A,6300,5.79,0.08,N,4,0
8704,23,37500,MORTGAGE,0.0,MEDICAL,A,10000,9.32,0.27,N,3,1
8705,33,28800,MORTGAGE,7.0,PERSONAL,C,12000,12.99,0.43,Y,6,1
8706,24,62000,MORTGAGE,1.0,EDUCATION,B,7500,10.39,0.12,N,3,0
8707,23,37273,OWN,7.0,VENTURE,B,8500,11.49,0.23,N,2,0
8708,26,63300,RENT,3.0,EDUCATION,A,10000,7.14,0.15,N,3,0
8709,27,155004,MORTGAGE,11.0,MEDICAL,A,10200,5.42,0.07,N,6,0
8710,22,62100,RENT,6.0,MEDICAL,B,7000,11.49,0.11,N,2,0
8711,21,70000,RENT,5.0,DEBTCONSOLIDATION,B,14000,9.99,0.21,N,4,0
8712,29,62472,RENT,5.0,EDUCATION,C,12800,14.72,0.21,Y,5,1
8713,22,78000,MORTGAGE,7.0,EDUCATION,B,15000,10.74,0.19,N,3,0
8714,27,31200,RENT,3.0,PERSONAL,A,6000,7.88,0.19,N,8,0
8715,27,60000,OWN,11.0,HOMEIMPROVEMENT,A,5000,6.03,0.08,N,7,0
8716,29,92200,RENT,8.0,VENTURE,D,25000,14.96,0.27,Y,6,0
8717,26,45928,RENT,2.0,DEBTCONSOLIDATION,A,6000,7.88,0.13,N,3,0
8718,28,39996,RENT,2.0,EDUCATION,B,6000,10.25,0.15,N,10,0
8719,29,200000,MORTGAGE,13.0,EDUCATION,C,6000,14.79,0.03,Y,6,0
8720,28,54996,OWN,12.0,EDUCATION,E,20000,16.35,0.37,N,7,0
8721,24,40000,RENT,0.0,MEDICAL,B,6000,10.59,0.15,N,2,0
8722,51,16800,RENT,1.0,MEDICAL,A,4500,7.88,0.28,N,30,1
8723,22,60000,MORTGAGE,6.0,DEBTCONSOLIDATION,A,6000,7.29,0.1,N,4,0
8724,23,39996,RENT,6.0,MEDICAL,B,9000,10.39,0.23,N,3,0
8725,21,50000,MORTGAGE,5.0,DEBTCONSOLIDATION,A,7500,5.79,0.15,N,4,0
8726,49,44000,RENT,13.0,DEBTCONSOLIDATION,B,2000,10.59,0.05,N,14,0
8727,37,34900,RENT,2.0,DEBTCONSOLIDATION,C,5600,15.96,0.16,Y,12,0
8728,22,42000,RENT,1.0,EDUCATION,B,3000,10.25,0.07,N,3,0
8729,29,141000,MORTGAGE,1.0,HOMEIMPROVEMENT,B,10000,12.53,0.07,N,8,0
8730,22,60000,OWN,0.0,EDUCATION,B,5000,12.53,0.08,N,2,0
8731,30,37440,RENT,4.0,DEBTCONSOLIDATION,B,10000,10.99,0.27,N,7,0
8732,23,41600,RENT,7.0,PERSONAL,B,7200,10.59,0.17,N,3,0
8733,46,24000,OWN,5.0,VENTURE,B,10000,9.88,0.42,N,12,0
8734,22,91800,MORTGAGE,2.0,DEBTCONSOLIDATION,D,8400,14.84,0.09,Y,3,1
8735,38,75000,MORTGAGE,5.0,PERSONAL,A,12000,6.62,0.16,N,12,0
8736,22,45000,RENT,2.0,VENTURE,C,5000,13.48,0.11,Y,2,0
8737,23,30000,RENT,2.0,VENTURE,A,13000,6.99,0.43,N,2,0
8738,38,60000,MORTGAGE,8.0,EDUCATION,A,6000,7.9,0.1,N,13,0
8739,25,45000,MORTGAGE,9.0,MEDICAL,B,3000,10.59,0.07,N,4,0
8740,27,59000,MORTGAGE,11.0,EDUCATION,A,5000,5.42,0.08,N,10,0
8741,28,54000,RENT,12.0,PERSONAL,A,12000,8.49,0.22,N,7,0
8742,30,60000,RENT,2.0,PERSONAL,B,2500,12.18,0.04,N,6,0
8743,34,50000,RENT,4.0,VENTURE,B,15000,8.88,0.3,N,10,0
8744,28,103000,RENT,5.0,HOMEIMPROVEMENT,A,10000,7.51,0.1,N,7,0
8745,32,42000,RENT,17.0,MEDICAL,B,3000,12.69,0.07,N,9,0
8746,40,48000,MORTGAGE,10.0,VENTURE,A,6700,5.99,0.14,N,11,0
8747,21,51000,MORTGAGE,5.0,VENTURE,A,20000,6.17,0.39,N,3,0
8748,28,48000,RENT,1.0,MEDICAL,C,10000,13.61,0.21,N,10,0
8749,29,53000,RENT,0.0,DEBTCONSOLIDATION,B,9600,10.37,0.18,N,5,0
8750,24,100000,MORTGAGE,7.0,PERSONAL,D,30000,16.77,0.3,Y,2,0
8751,37,39996,RENT,8.0,MEDICAL,C,2400,12.73,0.06,Y,17,0
8752,34,46000,RENT,2.0,PERSONAL,D,12000,15.31,0.26,N,10,1
8753,21,75000,MORTGAGE,5.0,MEDICAL,B,12000,10.37,0.16,N,2,0
8754,26,153660,MORTGAGE,3.0,HOMEIMPROVEMENT,B,15000,11.14,0.1,N,3,0
8755,33,38500,RENT,2.0,MEDICAL,C,4000,13.48,0.1,N,6,0
8756,39,44531,OWN,6.0,DEBTCONSOLIDATION,D,15000,16.29,0.34,N,8,0
8757,25,50000,MORTGAGE,5.0,EDUCATION,C,3850,13.49,0.08,N,3,0
8758,30,120000,MORTGAGE,15.0,MEDICAL,B,10000,10.75,0.08,N,8,0
8759,23,75000,RENT,1.0,VENTURE,B,12000,10.74,0.16,N,3,0
8760,23,69000,MORTGAGE,5.0,VENTURE,A,10500,7.51,0.15,N,2,0
8761,24,50000,OWN,3.0,PERSONAL,A,5000,5.42,0.1,N,3,0
8762,23,78000,RENT,4.0,EDUCATION,D,3000,16.89,0.04,N,4,1
8763,30,72000,RENT,3.0,MEDICAL,B,15000,11.89,0.21,N,9,0
8764,23,42000,RENT,8.0,VENTURE,A,8000,7.66,0.19,N,4,0
8765,22,35000,MORTGAGE,2.0,EDUCATION,A,3500,7.14,0.1,N,3,0
8766,25,66300,RENT,5.0,MEDICAL,D,20000,14.59,0.27,N,3,1
8767,24,85000,MORTGAGE,4.0,DEBTCONSOLIDATION,A,7750,7.51,0.09,N,2,0
8768,24,60000,RENT,3.0,EDUCATION,D,12800,15.2,0.21,Y,3,0
8769,23,60000,RENT,1.0,MEDICAL,B,4000,10.99,0.07,N,2,0
8770,28,50000,OWN,0.0,EDUCATION,C,4000,13.49,0.08,N,8,0
8771,27,44000,MORTGAGE,4.0,EDUCATION,A,10000,6.17,0.23,N,9,0
8772,26,51996,RENT,10.0,PERSONAL,C,13000,13.22,0.25,N,3,0
8773,39,45000,RENT,1.0,MEDICAL,B,12000,11.86,0.27,N,11,0
8774,24,40000,RENT,1.0,PERSONAL,B,7200,9.88,0.18,N,3,0
8775,29,60000,OWN,13.0,PERSONAL,A,10000,8.0,0.17,N,6,0
8776,25,95000,MORTGAGE,9.0,PERSONAL,B,15000,11.12,0.16,N,4,0
8777,21,50000,RENT,6.0,EDUCATION,C,6400,13.98,0.13,N,3,0
8778,29,60000,MORTGAGE,5.0,EDUCATION,B,10000,10.99,0.17,N,7,0
8779,27,22000,RENT,2.0,MEDICAL,C,4000,12.99,0.18,Y,9,0
8780,25,40000,RENT,9.0,VENTURE,B,12000,12.42,0.3,N,2,0
8781,45,80000,MORTGAGE,4.0,PERSONAL,B,4000,11.99,0.05,N,13,0
8782,24,70000,RENT,0.0,EDUCATION,A,5600,7.9,0.08,N,4,0
8783,30,42000,MORTGAGE,7.0,VENTURE,D,6000,16.29,0.14,Y,7,0
8784,29,32000,RENT,4.0,DEBTCONSOLIDATION,A,5000,7.9,0.16,N,5,0
8785,29,28800,RENT,6.0,MEDICAL,B,5000,10.65,0.17,N,5,0
8786,37,135000,RENT,0.0,MEDICAL,C,12000,11.97,0.09,Y,12,0
8787,29,78000,RENT,0.0,VENTURE,A,4800,6.03,0.06,N,6,0
8788,24,33640,RENT,4.0,DEBTCONSOLIDATION,B,10000,11.26,0.3,N,3,1
8789,23,83000,MORTGAGE,5.0,PERSONAL,B,15000,10.65,0.18,N,4,1
8790,25,50000,MORTGAGE,7.0,DEBTCONSOLIDATION,A,15000,7.88,0.3,N,2,0
8791,28,132000,MORTGAGE,5.0,HOMEIMPROVEMENT,B,25000,11.12,0.19,N,8,0
8792,26,43000,RENT,3.0,EDUCATION,A,12000,7.88,0.28,N,4,0
8793,23,90000,RENT,0.0,DEBTCONSOLIDATION,C,10000,13.61,0.11,N,2,0
8794,41,33000,RENT,5.0,MEDICAL,D,12000,15.62,0.36,N,16,1
8795,24,120000,MORTGAGE,6.0,EDUCATION,A,10000,5.42,0.08,N,4,0
8796,25,35000,RENT,0.0,DEBTCONSOLIDATION,A,4800,6.76,0.14,N,2,0
8797,23,100000,MORTGAGE,4.0,PERSONAL,B,5000,12.42,0.05,N,4,0
8798,23,39696,MORTGAGE,3.0,DEBTCONSOLIDATION,D,13750,17.58,0.36,N,4,1
8799,24,25000,RENT,4.0,EDUCATION,D,8000,15.58,0.32,Y,4,1
8800,22,55000,RENT,3.0,EDUCATION,A,6000,6.92,0.11,N,4,0
8801,29,55000,RENT,0.0,EDUCATION,B,3200,9.91,0.06,N,9,0
8802,23,45000,MORTGAGE,7.0,EDUCATION,B,5000,9.76,0.11,N,2,0
8803,22,40800,OWN,7.0,EDUCATION,A,2400,6.76,0.06,N,3,0
8804,24,31000,MORTGAGE,2.0,HOMEIMPROVEMENT,A,3000,6.76,0.1,N,4,0
8805,22,70000,RENT,3.0,EDUCATION,C,10000,13.61,0.14,Y,4,0
8806,30,90000,MORTGAGE,0.0,VENTURE,A,4000,7.88,0.04,N,7,0
8807,27,59000,RENT,4.0,PERSONAL,A,6000,7.49,0.1,N,10,0
8808,28,25000,RENT,0.0,MEDICAL,B,7000,10.59,0.28,N,5,0
8809,23,110000,MORTGAGE,7.0,EDUCATION,B,10000,10.99,0.09,N,4,0
8810,31,27600,MORTGAGE,15.0,MEDICAL,A,5000,6.03,0.18,N,10,0
8811,25,75000,MORTGAGE,9.0,DEBTCONSOLIDATION,A,3000,5.99,0.04,N,3,0
8812,23,65200,MORTGAGE,5.0,DEBTCONSOLIDATION,A,3000,7.49,0.05,N,2,0
8813,25,90000,MORTGAGE,8.0,HOMEIMPROVEMENT,D,25000,16.77,0.28,Y,2,0
8814,30,95000,MORTGAGE,14.0,HOMEIMPROVEMENT,B,20000,10.75,0.21,N,7,0
8815,25,48500,RENT,1.0,VENTURE,C,20000,12.99,0.41,N,3,0
8816,25,70000,MORTGAGE,1.0,EDUCATION,B,10000,11.89,0.14,N,2,0
8817,23,140000,MORTGAGE,4.0,DEBTCONSOLIDATION,A,6000,8.49,0.04,N,2,0
8818,36,130000,RENT,0.0,HOMEIMPROVEMENT,C,12000,13.61,0.09,Y,11,0
8819,22,95004,MORTGAGE,1.0,PERSONAL,A,7200,9.63,0.08,N,2,0
8820,23,61200,RENT,0.0,MEDICAL,C,15000,13.79,0.23,Y,3,0
8821,32,80000,MORTGAGE,15.0,PERSONAL,C,15000,13.49,0.19,Y,6,0
8822,37,80000,RENT,2.0,HOMEIMPROVEMENT,B,14400,11.49,0.18,N,15,0
8823,55,59000,RENT,1.0,MEDICAL,C,17000,13.48,0.3,N,22,1
8824,21,33996,RENT,1.0,DEBTCONSOLIDATION,C,3600,12.98,0.11,Y,4,0
8825,31,75000,RENT,4.0,EDUCATION,B,5000,11.49,0.07,N,7,0
8826,24,36000,MORTGAGE,2.0,DEBTCONSOLIDATION,B,2500,11.49,0.07,N,2,0
8827,24,45000,RENT,9.0,VENTURE,C,3000,14.35,0.07,N,3,0
8828,22,44000,RENT,1.0,VENTURE,C,4500,15.27,0.1,N,2,1
8829,23,30000,MORTGAGE,2.0,PERSONAL,B,6000,10.99,0.2,N,3,0
8830,27,40000,RENT,3.0,MEDICAL,B,10000,9.88,0.25,N,6,0
8831,23,19200,RENT,1.0,EDUCATION,B,2000,10.59,0.1,N,3,0
8832,22,78000,MORTGAGE,7.0,EDUCATION,A,8500,8.63,0.1,N,4,0
8833,25,71500,MORTGAGE,9.0,MEDICAL,A,7500,6.62,0.1,N,4,0
8834,23,45600,RENT,1.0,PERSONAL,C,10000,12.53,0.22,N,4,0
8835,23,44400,RENT,8.0,VENTURE,A,5000,6.91,0.11,N,3,0
8836,24,100000,MORTGAGE,8.0,PERSONAL,B,20000,11.48,0.2,N,4,0
8837,43,94000,RENT,3.0,VENTURE,C,10000,14.72,0.11,Y,12,0
8838,25,60000,MORTGAGE,3.0,DEBTCONSOLIDATION,A,5000,5.42,0.08,N,2,0
8839,23,130000,MORTGAGE,7.0,EDUCATION,A,10000,7.49,0.08,N,2,0
8840,22,31200,MORTGAGE,6.0,EDUCATION,A,5000,7.74,0.16,N,3,0
8841,23,85000,MORTGAGE,3.0,VENTURE,A,15000,6.17,0.18,N,4,0
8842,22,60000,MORTGAGE,2.0,VENTURE,A,2000,7.4,0.03,N,3,0
8843,23,30000,RENT,2.0,PERSONAL,E,5000,16.0,0.17,N,4,1
8844,26,60000,MORTGAGE,10.0,VENTURE,B,15000,11.71,0.25,N,4,0
8845,28,25000,RENT,8.0,DEBTCONSOLIDATION,D,8800,16.77,0.33,Y,8,1
8846,33,61000,MORTGAGE,3.0,VENTURE,A,10000,7.29,0.16,N,8,0
8847,26,27000,RENT,10.0,EDUCATION,A,5000,7.9,0.19,N,2,0
8848,22,72000,MORTGAGE,2.0,MEDICAL,D,4000,15.05,0.06,Y,4,0
8849,23,33000,RENT,5.0,EDUCATION,B,4800,10.65,0.15,N,4,0
8850,28,83768,MORTGAGE,12.0,PERSONAL,B,12000,11.86,0.14,N,5,0
8851,28,80000,MORTGAGE,10.0,DEBTCONSOLIDATION,C,12000,13.49,0.15,Y,8,0
8852,28,40000,MORTGAGE,6.0,MEDICAL,C,10000,12.99,0.25,Y,8,0
8853,32,54000,RENT,2.0,PERSONAL,C,9600,12.23,0.17,Y,5,0
8854,25,150000,MORTGAGE,6.0,PERSONAL,B,20000,12.42,0.13,N,3,0
8855,26,76250,RENT,6.0,VENTURE,B,10000,10.71,0.13,N,2,0
8856,22,42500,RENT,4.0,MEDICAL,B,3500,11.99,0.08,N,3,0
8857,24,100000,MORTGAGE,6.0,EDUCATION,C,1000,12.99,0.01,N,4,0
8858,28,49600,RENT,0.0,PERSONAL,E,2500,15.68,0.05,N,5,1
8859,24,85596,MORTGAGE,5.0,HOMEIMPROVEMENT,B,10000,10.0,0.12,N,3,0
8860,23,60000,RENT,4.0,EDUCATION,B,15000,11.48,0.25,N,4,0
8861,30,74000,RENT,2.0,HOMEIMPROVEMENT,D,8000,14.54,0.11,Y,5,1
8862,25,55000,RENT,3.0,VENTURE,B,6000,10.62,0.11,N,2,0
8863,29,50000,MORTGAGE,8.0,HOMEIMPROVEMENT,A,9000,6.99,0.18,N,9,0
8864,23,50000,RENT,1.0,MEDICAL,A,7000,5.79,0.14,N,4,0
8865,32,72000,RENT,6.0,MEDICAL,B,5000,10.0,0.07,N,5,0
8866,25,50600,OWN,0.0,MEDICAL,C,12000,13.98,0.24,N,3,0
8867,58,60000,MORTGAGE,0.0,PERSONAL,C,3500,13.92,0.06,Y,30,0
8868,24,65000,MORTGAGE,2.0,DEBTCONSOLIDATION,A,10000,7.66,0.15,N,3,0
8869,38,50000,MORTGAGE,2.0,VENTURE,B,3000,11.49,0.06,N,16,0
8870,34,56400,RENT,1.0,EDUCATION,C,9500,12.53,0.17,Y,9,0
8871,23,56000,MORTGAGE,7.0,MEDICAL,B,7000,9.91,0.13,N,4,0
8872,22,34100,RENT,2.0,PERSONAL,D,2000,16.77,0.06,Y,3,1
8873,24,48000,RENT,6.0,MEDICAL,C,10000,13.49,0.21,N,4,0
8874,25,69000,MORTGAGE,9.0,DEBTCONSOLIDATION,D,15000,15.95,0.22,N,3,1
8875,25,65000,RENT,3.0,VENTURE,A,3000,5.99,0.05,N,4,0
8876,23,41500,RENT,3.0,MEDICAL,B,2400,10.62,0.06,N,3,0
8877,22,60000,MORTGAGE,0.0,DEBTCONSOLIDATION,A,24000,7.29,0.4,N,4,0
8878,24,30000,RENT,4.0,EDUCATION,B,10000,10.51,0.33,N,4,1
8879,56,71884,OWN,11.0,PERSONAL,B,7425,9.99,0.1,N,11,0
8880,39,48000,MORTGAGE,17.0,VENTURE,D,10000,16.89,0.21,N,16,0
8881,25,115900,MORTGAGE,9.0,PERSONAL,A,12000,5.42,0.1,N,3,0
8882,21,37200,MORTGAGE,4.0,DEBTCONSOLIDATION,C,4500,13.98,0.12,Y,2,0
8883,25,40000,RENT,9.0,PERSONAL,B,10000,9.91,0.25,N,3,0
8884,27,40800,RENT,3.0,PERSONAL,B,3500,11.86,0.09,N,8,1
8885,23,65000,MORTGAGE,7.0,VENTURE,C,5000,12.99,0.08,Y,4,0
8886,22,30000,RENT,2.0,PERSONAL,C,4000,12.84,0.13,Y,4,0
8887,29,94773,MORTGAGE,1.0,VENTURE,C,18000,13.06,0.19,N,8,0
8888,31,65000,MORTGAGE,2.0,MEDICAL,B,10000,11.36,0.15,N,9,0
8889,25,30000,RENT,9.0,DEBTCONSOLIDATION,B,10000,10.65,0.33,N,2,1
8890,26,65000,MORTGAGE,4.0,EDUCATION,B,15000,11.49,0.23,N,4,0
8891,25,35000,MORTGAGE,0.0,VENTURE,B,4000,10.95,0.11,N,3,0
8892,22,45000,RENT,1.0,VENTURE,B,4000,12.53,0.09,N,2,0
8893,31,50000,RENT,2.0,HOMEIMPROVEMENT,B,8000,10.25,0.16,N,6,0
8894,23,50000,RENT,1.0,DEBTCONSOLIDATION,A,10000,8.94,0.2,N,4,0
8895,23,57600,MORTGAGE,7.0,MEDICAL,B,6000,10.75,0.1,N,2,0
8896,24,36000,RENT,0.0,MEDICAL,B,7000,11.49,0.19,N,2,0
8897,33,52000,MORTGAGE,2.0,DEBTCONSOLIDATION,A,6400,5.42,0.12,N,7,0
8898,28,20000,RENT,1.0,VENTURE,D,3200,17.27,0.16,N,7,1
8899,28,75000,MORTGAGE,12.0,PERSONAL,A,3000,8.49,0.04,N,6,0
8900,23,75000,MORTGAGE,7.0,PERSONAL,B,12000,12.69,0.16,N,4,0
8901,29,38004,MORTGAGE,2.0,HOMEIMPROVEMENT,C,10000,12.53,0.26,N,7,0
8902,26,65000,MORTGAGE,4.0,EDUCATION,D,15000,16.89,0.23,Y,2,0
8903,23,61041,RENT,6.0,DEBTCONSOLIDATION,B,9000,11.36,0.15,N,3,0
8904,27,90000,RENT,2.0,HOMEIMPROVEMENT,B,6000,11.36,0.07,N,10,0
8905,29,57000,MORTGAGE,6.0,HOMEIMPROVEMENT,B,5500,11.49,0.1,N,8,0
8906,23,62000,RENT,0.0,EDUCATION,A,8000,5.42,0.13,N,4,0
8907,30,52800,MORTGAGE,0.0,EDUCATION,A,12200,8.94,0.23,N,7,0
8908,38,46000,MORTGAGE,5.0,DEBTCONSOLIDATION,C,6000,12.68,0.13,N,16,0
8909,40,54096,RENT,3.0,VENTURE,B,4900,10.96,0.09,N,14,0
8910,21,75000,MORTGAGE,5.0,PERSONAL,A,8000,8.9,0.11,N,4,0
8911,25,56000,MORTGAGE,4.0,VENTURE,A,5000,8.59,0.08,N,3,0
8912,32,80000,RENT,1.0,VENTURE,B,10000,11.99,0.13,N,6,0
8913,31,36000,MORTGAGE,5.0,HOMEIMPROVEMENT,A,5000,6.03,0.14,N,5,0
8914,25,86000,RENT,8.0,EDUCATION,C,8000,13.57,0.09,N,3,0
8915,27,80000,RENT,1.0,DEBTCONSOLIDATION,B,10000,10.74,0.13,N,10,0
8916,21,60000,MORTGAGE,5.0,MEDICAL,C,15000,14.22,0.25,Y,2,0
8917,24,104000,MORTGAGE,5.0,DEBTCONSOLIDATION,B,6000,10.99,0.05,N,3,0
8918,23,127000,MORTGAGE,1.0,VENTURE,D,21000,14.74,0.17,Y,3,0
8919,22,50000,MORTGAGE,6.0,PERSONAL,A,8000,7.51,0.16,N,3,0
8920,25,38000,OWN,0.0,MEDICAL,B,7200,10.37,0.19,N,2,0
8921,24,40000,MORTGAGE,8.0,DEBTCONSOLIDATION,A,5000,7.14,0.13,N,3,0
8922,23,75000,MORTGAGE,6.0,EDUCATION,B,6000,11.11,0.08,N,2,0
8923,31,80000,MORTGAGE,5.0,PERSONAL,B,12000,9.91,0.15,N,9,0
8924,27,150000,MORTGAGE,4.0,DEBTCONSOLIDATION,B,20000,10.75,0.13,N,5,0
8925,20,38400,MORTGAGE,5.0,EDUCATION,A,15000,8.9,0.4,N,2,0
8926,24,83000,RENT,8.0,EDUCATION,E,25000,16.82,0.3,N,4,1
8927,26,36000,MORTGAGE,10.0,PERSONAL,B,8000,12.69,0.22,N,2,1
8928,22,29000,RENT,6.0,EDUCATION,B,6000,10.99,0.21,N,4,0
8929,24,90000,RENT,3.0,PERSONAL,A,8500,6.92,0.09,N,2,0
8930,28,38272,RENT,6.0,MEDICAL,B,4800,9.99,0.13,N,5,0
8931,26,130000,MORTGAGE,3.0,PERSONAL,B,15000,12.18,0.12,N,2,0
8932,24,32000,RENT,5.0,MEDICAL,B,6000,11.12,0.19,N,3,0
8933,38,62000,MORTGAGE,11.0,HOMEIMPROVEMENT,A,10000,5.99,0.16,N,14,0
8934,23,60000,RENT,0.0,DEBTCONSOLIDATION,A,3000,6.99,0.05,N,4,0
8935,24,50000,MORTGAGE,3.0,PERSONAL,A,8500,7.51,0.17,N,3,0
8936,30,48500,RENT,0.0,PERSONAL,C,15000,12.99,0.31,Y,6,1
8937,27,65000,MORTGAGE,3.0,MEDICAL,A,6000,8.49,0.09,N,5,0
8938,36,80000,RENT,3.0,HOMEIMPROVEMENT,A,3000,7.9,0.04,N,11,0
8939,35,50000,MORTGAGE,7.0,DEBTCONSOLIDATION,A,2800,5.99,0.06,N,5,0
8940,24,107364,MORTGAGE,1.0,DEBTCONSOLIDATION,A,8000,6.76,0.07,N,3,0
8941,22,52000,RENT,0.0,EDUCATION,B,4800,10.59,0.09,N,3,0
8942,47,31200,RENT,1.0,DEBTCONSOLIDATION,C,6000,12.99,0.19,N,14,0
8943,25,39000,RENT,3.0,MEDICAL,B,7000,10.71,0.18,N,3,0
8944,28,56004,MORTGAGE,11.0,VENTURE,B,10000,11.36,0.18,N,6,0
8945,36,91800,MORTGAGE,0.0,EDUCATION,B,13000,11.89,0.12,N,15,1
8946,26,39996,RENT,2.0,MEDICAL,D,16000,14.96,0.4,N,2,1
8947,26,39000,MORTGAGE,10.0,MEDICAL,A,7200,8.49,0.18,N,3,0
8948,24,68000,MORTGAGE,4.0,EDUCATION,C,10000,13.48,0.15,N,2,0
8949,25,80000,RENT,5.0,PERSONAL,B,22000,11.48,0.28,N,3,0
8950,23,60000,RENT,7.0,PERSONAL,B,10000,12.53,0.17,N,2,0
8951,23,50000,MORTGAGE,5.0,DEBTCONSOLIDATION,B,5000,9.25,0.1,N,4,0
8952,24,37000,RENT,2.0,MEDICAL,B,13250,11.71,0.35,N,2,1
8953,31,36000,RENT,0.0,DEBTCONSOLIDATION,B,4000,10.25,0.11,N,10,0
8954,24,145000,MORTGAGE,2.0,MEDICAL,B,10000,10.99,0.03,N,2,0
8955,23,125000,MORTGAGE,0.0,DEBTCONSOLIDATION,B,12000,10.38,0.1,N,4,0
8956,26,90000,MORTGAGE,10.0,MEDICAL,A,8000,7.49,0.09,N,3,0
8957,33,56000,RENT,7.0,DEBTCONSOLIDATION,D,20000,14.84,0.35,Y,9,0
8958,24,36572,RENT,3.0,EDUCATION,B,20000,10.99,0.51,N,4,1
8959,24,25000,OWN,7.0,HOMEIMPROVEMENT,C,8000,12.09,0.32,Y,4,0
8960,30,33000,RENT,2.0,DEBTCONSOLIDATION,C,3600,14.65,0.11,Y,10,1
8961,37,39600,MORTGAGE,4.0,HOMEIMPROVEMENT,C,2500,13.61,0.06,Y,11,0
8962,25,60000,RENT,4.0,PERSONAL,A,7000,7.49,0.12,N,3,0
8963,21,50000,MORTGAGE,5.0,PERSONAL,A,10000,7.49,0.2,N,4,0
8964,38,116004,MORTGAGE,13.0,VENTURE,D,16000,15.28,0.15,N,17,0
8965,28,45000,RENT,4.0,EDUCATION,B,11000,11.26,0.24,N,9,1
8966,29,60000,RENT,6.0,MEDICAL,B,10000,10.65,0.17,N,8,0
8967,28,90000,RENT,6.0,MEDICAL,C,8000,15.96,0.09,Y,8,0
8968,38,53913,MORTGAGE,7.0,VENTURE,A,6300,5.99,0.11,N,15,0
8969,30,36000,RENT,5.0,PERSONAL,C,13000,13.49,0.37,Y,9,1
8970,26,25000,RENT,5.0,MEDICAL,A,7000,7.88,0.28,N,2,0
8971,46,29004,RENT,3.0,VENTURE,A,5500,7.88,0.18,N,11,0
8972,26,30000,RENT,4.0,PERSONAL,B,9500,11.99,0.32,N,4,1
8973,22,40000,RENT,2.0,MEDICAL,C,8000,13.11,0.2,N,2,0
8974,30,120000,MORTGAGE,5.0,VENTURE,C,6000,13.06,0.05,Y,8,0
8975,29,26400,RENT,3.0,EDUCATION,D,5300,14.42,0.2,Y,6,0
8976,23,47844,RENT,7.0,DEBTCONSOLIDATION,B,6800,12.42,0.14,N,2,0
8977,25,39000,RENT,2.0,HOMEIMPROVEMENT,D,4000,14.84,0.1,Y,4,1
8978,23,80000,RENT,1.0,EDUCATION,C,8000,13.61,0.1,Y,4,0
8979,23,56000,MORTGAGE,7.0,PERSONAL,B,20000,11.48,0.36,N,2,0
8980,24,58000,RENT,8.0,MEDICAL,A,5000,7.14,0.09,N,3,0
8981,34,55000,RENT,3.0,EDUCATION,C,6000,13.49,0.11,N,6,0
8982,30,50000,RENT,14.0,HOMEIMPROVEMENT,D,8400,15.62,0.17,N,5,0
8983,32,65000,MORTGAGE,13.0,DEBTCONSOLIDATION,A,8500,5.79,0.13,N,5,0
8984,29,50000,RENT,0.0,EDUCATION,D,4000,14.61,0.08,Y,9,1
8985,38,80000,MORTGAGE,22.0,MEDICAL,B,35000,9.99,0.44,N,17,0
8986,22,48000,OWN,6.0,VENTURE,B,1500,11.12,0.03,N,3,0
8987,25,54000,MORTGAGE,4.0,PERSONAL,A,7500,7.14,0.14,N,3,0
8988,22,60000,MORTGAGE,6.0,PERSONAL,A,6000,9.63,0.1,N,2,0
8989,30,79200,MORTGAGE,13.0,EDUCATION,A,4800,5.42,0.06,N,5,0
8990,28,93000,RENT,11.0,HOMEIMPROVEMENT,A,16000,6.03,0.18,N,8,0
8991,22,55000,RENT,6.0,VENTURE,B,3000,10.59,0.05,N,4,0
8992,23,80000,RENT,7.0,EDUCATION,A,8000,7.51,0.1,N,4,0
8993,22,42000,RENT,0.0,VENTURE,A,3500,7.66,0.08,N,2,0
8994,22,46000,RENT,4.0,EDUCATION,A,7000,8.9,0.15,N,4,0
8995,25,65004,MORTGAGE,5.0,PERSONAL,D,25000,16.02,0.38,Y,3,0
8996,27,65004,MORTGAGE,11.0,MEDICAL,C,8000,12.99,0.12,N,5,0
8997,27,63500,MORTGAGE,4.0,HOMEIMPROVEMENT,C,1600,13.85,0.03,N,10,0
8998,24,38400,RENT,2.0,MEDICAL,B,6000,10.38,0.16,N,4,0
8999,41,80000,RENT,3.0,MEDICAL,B,13000,11.48,0.16,N,17,0
9000,24,24000,RENT,0.0,VENTURE,C,11200,12.04,0.46,N,3,1
9001,33,44000,MORTGAGE,3.0,EDUCATION,A,4000,7.14,0.09,N,5,0
9002,23,60000,MORTGAGE,0.0,PERSONAL,B,17000,10.25,0.28,N,3,0
9003,22,40000,MORTGAGE,6.0,EDUCATION,B,12000,12.69,0.3,N,3,0
9004,28,78000,RENT,1.0,HOMEIMPROVEMENT,D,8000,15.99,0.1,Y,7,1
9005,26,90000,MORTGAGE,3.0,VENTURE,A,21000,7.9,0.23,N,4,0
9006,25,110000,MORTGAGE,9.0,VENTURE,A,8000,7.9,0.07,N,3,0
9007,24,40000,RENT,7.0,EDUCATION,D,4200,16.49,0.1,Y,3,0
9008,28,100000,MORTGAGE,1.0,PERSONAL,B,7500,12.69,0.07,N,5,0
9009,22,54000,RENT,6.0,EDUCATION,C,6000,14.27,0.11,Y,3,0
9010,27,65000,RENT,11.0,MEDICAL,A,7000,7.88,0.11,N,10,0
9011,27,47000,RENT,2.0,MEDICAL,B,5000,10.62,0.11,N,5,0
9012,26,100000,MORTGAGE,11.0,MEDICAL,A,20000,7.88,0.2,N,3,0
9013,24,42000,RENT,5.0,PERSONAL,A,3250,7.29,0.08,N,3,0
9014,34,70000,MORTGAGE,18.0,VENTURE,B,10000,11.99,0.14,N,10,0
9015,31,32000,RENT,1.0,MEDICAL,C,5800,13.06,0.18,Y,6,0
9016,22,60000,RENT,2.0,PERSONAL,C,6000,14.22,0.1,Y,2,0
9017,27,78000,OWN,5.0,VENTURE,A,6000,7.74,0.08,N,5,0
9018,30,74400,OWN,14.0,PERSONAL,B,5000,9.63,0.06,N,5,0
9019,27,53004,MORTGAGE,10.0,HOMEIMPROVEMENT,A,15000,5.79,0.28,N,7,0
9020,25,35000,RENT,3.0,HOMEIMPROVEMENT,D,3500,14.54,0.1,Y,4,1
9021,26,45000,RENT,0.0,EDUCATION,A,10000,6.54,0.22,N,2,0
9022,25,41000,RENT,1.0,DEBTCONSOLIDATION,C,9000,12.53,0.22,N,2,0
9023,32,59000,MORTGAGE,6.0,HOMEIMPROVEMENT,A,10000,7.51,0.17,N,5,0
9024,43,75000,MORTGAGE,2.0,HOMEIMPROVEMENT,D,15000,15.33,0.2,N,16,0
9025,28,36500,RENT,5.0,MEDICAL,A,10000,6.91,0.27,N,8,0
9026,23,95000,RENT,3.0,EDUCATION,A,12000,6.03,0.13,N,3,0
9027,24,65000,RENT,0.0,MEDICAL,A,7000,7.51,0.11,N,4,0
9028,26,48000,RENT,1.0,MEDICAL,A,3500,7.14,0.07,N,3,0
9029,27,75000,MORTGAGE,11.0,PERSONAL,B,5000,11.99,0.07,N,6,0
9030,43,35000,RENT,4.0,PERSONAL,B,11000,11.99,0.32,N,17,1
9031,26,100000,MORTGAGE,6.0,MEDICAL,C,15000,13.85,0.15,N,3,0
9032,27,36000,RENT,3.0,EDUCATION,B,11500,11.58,0.32,N,6,1
9033,25,35000,MORTGAGE,9.0,HOMEIMPROVEMENT,B,5000,12.69,0.14,N,4,0
9034,31,142000,RENT,15.0,PERSONAL,B,10000,11.49,0.07,N,6,0
9035,23,48000,OWN,7.0,PERSONAL,A,5000,7.14,0.1,N,2,0
9036,39,60000,MORTGAGE,13.0,VENTURE,A,4500,7.14,0.07,N,12,0
9037,24,78000,RENT,0.0,EDUCATION,B,15000,10.99,0.19,N,4,0
9038,22,36000,OWN,1.0,VENTURE,A,16000,5.42,0.44,N,2,0
9039,30,100000,MORTGAGE,7.0,HOMEIMPROVEMENT,A,1500,6.76,0.01,N,10,0
9040,22,78000,RENT,0.0,HOMEIMPROVEMENT,D,5000,14.96,0.06,Y,3,1
9041,25,30000,RENT,2.0,EDUCATION,B,7000,12.53,0.23,N,4,0
9042,28,50000,MORTGAGE,5.0,VENTURE,B,4350,10.99,0.09,N,8,0
9043,26,40704,OWN,10.0,PERSONAL,B,6000,9.45,0.15,N,2,0
9044,22,36000,RENT,0.0,PERSONAL,D,10000,15.99,0.28,N,3,1
9045,24,36000,RENT,3.0,VENTURE,B,5000,10.0,0.14,N,3,0
9046,32,60000,RENT,4.0,PERSONAL,C,6000,13.79,0.1,N,8,0
9047,23,42500,RENT,3.0,DEBTCONSOLIDATION,A,10000,6.92,0.24,N,4,0
9048,22,15996,RENT,3.0,MEDICAL,D,5000,15.31,0.3,Y,3,1
9049,22,66000,MORTGAGE,6.0,EDUCATION,B,12000,12.53,0.18,N,2,0
9050,35,85000,RENT,3.0,MEDICAL,B,12000,10.99,0.14,N,10,0
9051,23,65000,MORTGAGE,0.0,VENTURE,A,8000,6.62,0.12,N,3,0
9052,23,60000,RENT,4.0,DEBTCONSOLIDATION,A,5000,7.29,0.08,N,3,0
9053,24,35000,MORTGAGE,8.0,PERSONAL,A,6000,7.49,0.17,N,4,0
9054,24,68004,RENT,1.0,VENTURE,C,16000,12.87,0.24,Y,3,0
9055,28,40000,RENT,3.0,PERSONAL,C,5000,12.73,0.13,Y,9,0
9056,25,50000,MORTGAGE,1.0,EDUCATION,C,15000,14.26,0.3,N,3,0
9057,30,99780,MORTGAGE,0.0,HOMEIMPROVEMENT,A,5000,7.51,0.05,N,5,0
9058,40,35640,MORTGAGE,2.0,MEDICAL,A,10000,7.88,0.28,N,11,0
9059,37,56000,MORTGAGE,3.0,MEDICAL,A,12000,6.54,0.21,N,16,0
9060,28,52000,MORTGAGE,12.0,PERSONAL,A,4000,7.74,0.08,N,8,0
9061,27,72000,RENT,11.0,HOMEIMPROVEMENT,A,5000,7.88,0.07,N,5,0
9062,28,79500,RENT,0.0,HOMEIMPROVEMENT,D,15000,14.42,0.18,Y,6,0
9063,22,36000,RENT,2.0,DEBTCONSOLIDATION,D,5000,12.61,0.14,N,2,1
9064,27,50000,RENT,5.0,PERSONAL,C,4000,14.27,0.08,Y,5,0
9065,52,45000,RENT,2.0,DEBTCONSOLIDATION,A,7000,6.62,0.16,N,18,0
9066,24,51480,RENT,1.0,PERSONAL,B,3000,11.83,0.06,N,3,0
9067,27,50000,RENT,0.0,MEDICAL,A,2500,6.39,0.05,N,8,0
9068,30,80000,RENT,2.0,DEBTCONSOLIDATION,B,10000,9.91,0.13,N,10,0
9069,26,44000,RENT,5.0,VENTURE,D,6000,15.62,0.14,Y,3,0
9070,24,121000,MORTGAGE,3.0,EDUCATION,C,15000,12.73,0.13,Y,4,0
9071,29,48000,RENT,5.0,MEDICAL,B,9000,12.69,0.19,N,5,0
9072,22,32400,RENT,4.0,PERSONAL,A,4000,7.49,0.12,N,3,0
9073,29,38000,RENT,6.0,MEDICAL,C,6500,12.87,0.17,N,6,0
9074,23,66500,RENT,0.0,PERSONAL,B,8000,10.25,0.12,N,3,0
9075,30,76000,MORTGAGE,14.0,PERSONAL,A,3600,5.79,0.05,N,5,0
9076,27,58000,RENT,1.0,HOMEIMPROVEMENT,B,20000,10.37,0.34,N,10,1
9077,25,30000,MORTGAGE,7.0,MEDICAL,C,2950,13.49,0.09,N,2,0
9078,23,150000,RENT,2.0,EDUCATION,B,20000,10.37,0.13,N,3,0
9079,26,35000,RENT,0.0,VENTURE,A,5400,7.9,0.15,N,3,0
9080,39,80000,RENT,4.0,VENTURE,C,20000,14.72,0.25,N,15,0
9081,24,81600,MORTGAGE,7.0,EDUCATION,A,16000,6.92,0.2,N,4,0
9082,37,80000,MORTGAGE,3.0,HOMEIMPROVEMENT,D,25000,15.21,0.31,N,16,0
9083,25,55000,RENT,4.0,PERSONAL,A,4500,6.03,0.08,N,4,0
9084,22,40000,RENT,4.0,MEDICAL,C,4750,12.73,0.12,N,2,0
9085,26,76000,MORTGAGE,10.0,EDUCATION,A,20000,6.54,0.26,N,3,0
9086,29,60000,RENT,2.0,DEBTCONSOLIDATION,B,3000,10.75,0.05,N,5,0
9087,36,42000,RENT,2.0,MEDICAL,B,4800,9.99,0.11,N,11,0
9088,26,58000,RENT,10.0,EDUCATION,E,17500,17.19,0.29,Y,3,1
9089,22,91234,MORTGAGE,6.0,PERSONAL,A,12000,11.83,0.13,N,2,0
9090,23,58000,RENT,4.0,PERSONAL,D,20000,15.31,0.34,N,2,1
9091,31,60000,RENT,5.0,MEDICAL,A,7200,6.91,0.12,N,9,0
9092,24,45000,MORTGAGE,1.0,DEBTCONSOLIDATION,B,10000,12.69,0.22,N,2,0
9093,34,65000,MORTGAGE,18.0,PERSONAL,A,4200,5.42,0.06,N,10,0
9094,22,78000,MORTGAGE,4.0,EDUCATION,B,5000,11.11,0.06,N,4,0
9095,22,50000,MORTGAGE,6.0,EDUCATION,A,12000,8.9,0.24,N,3,0
9096,33,40000,MORTGAGE,2.0,PERSONAL,A,6500,5.79,0.16,N,8,0
9097,32,63844,MORTGAGE,1.0,HOMEIMPROVEMENT,B,11200,10.65,0.17,N,6,0
9098,32,45000,OWN,4.0,DEBTCONSOLIDATION,D,1800,14.96,0.04,Y,7,0
9099,26,75000,OWN,10.0,MEDICAL,B,8800,11.83,0.12,N,4,0
9100,22,60000,MORTGAGE,2.0,PERSONAL,B,6000,10.08,0.1,N,3,0
9101,24,80000,RENT,5.0,PERSONAL,B,18000,11.99,0.23,N,3,0
9102,29,80000,MORTGAGE,13.0,EDUCATION,C,14000,13.8,0.17,Y,8,0
9103,29,60000,MORTGAGE,13.0,HOMEIMPROVEMENT,B,9000,10.65,0.15,N,10,0
9104,22,64600,MORTGAGE,6.0,EDUCATION,C,2000,14.26,0.03,Y,4,1
9105,25,80000,MORTGAGE,9.0,EDUCATION,C,4000,13.92,0.05,Y,4,0
9106,24,40000,RENT,3.0,MEDICAL,C,4000,12.73,0.1,N,3,0
9107,28,126000,RENT,12.0,VENTURE,B,2400,10.99,0.02,N,6,0
9108,25,54000,MORTGAGE,7.0,HOMEIMPROVEMENT,A,9600,6.03,0.18,N,3,0
9109,26,60000,RENT,4.0,DEBTCONSOLIDATION,A,12000,7.9,0.2,N,2,0
9110,41,37000,RENT,3.0,MEDICAL,C,4650,13.49,0.13,N,16,1
9111,27,60000,RENT,11.0,PERSONAL,B,5000,10.74,0.08,N,9,0
9112,27,150000,MORTGAGE,11.0,PERSONAL,A,18000,7.49,0.12,N,9,0
9113,23,90000,MORTGAGE,7.0,VENTURE,B,4000,12.69,0.04,N,2,0
9114,47,14400,RENT,4.0,EDUCATION,D,3000,15.62,0.21,Y,16,1
9115,39,70000,RENT,7.0,DEBTCONSOLIDATION,C,23000,12.68,0.32,Y,14,1
9116,29,195000,MORTGAGE,13.0,MEDICAL,A,4000,6.39,0.02,N,6,0
9117,23,96000,MORTGAGE,7.0,MEDICAL,A,7000,7.51,0.07,N,2,0
9118,31,45000,RENT,1.0,HOMEIMPROVEMENT,C,10000,13.85,0.22,Y,6,1
9119,22,60000,MORTGAGE,6.0,EDUCATION,B,5000,10.37,0.08,N,4,0
9120,25,98000,MORTGAGE,9.0,HOMEIMPROVEMENT,B,6000,11.99,0.06,N,3,0
9121,23,70000,MORTGAGE,7.0,EDUCATION,D,16000,14.42,0.23,Y,4,0
9122,31,65000,RENT,15.0,VENTURE,A,5000,8.38,0.08,N,6,0
9123,27,62000,OWN,3.0,EDUCATION,B,7500,10.25,0.12,N,9,0
9124,26,67500,RENT,2.0,PERSONAL,B,3000,9.91,0.04,N,4,0
9125,25,60000,RENT,8.0,VENTURE,B,3000,10.65,0.05,N,4,0
9126,22,48000,RENT,1.0,EDUCATION,C,7200,12.68,0.15,Y,3,0
9127,27,35000,RENT,3.0,PERSONAL,D,5000,15.37,0.14,Y,7,0
9128,22,235000,RENT,3.0,EDUCATION,B,15600,11.83,0.07,N,4,0
9129,25,85000,RENT,4.0,HOMEIMPROVEMENT,A,24000,7.9,0.28,N,3,0
9130,24,73500,RENT,1.0,HOMEIMPROVEMENT,B,10000,12.21,0.14,N,4,0
9131,53,54000,MORTGAGE,1.0,MEDICAL,B,8000,11.36,0.15,N,26,1
9132,33,120000,MORTGAGE,9.0,PERSONAL,D,8000,17.49,0.07,Y,10,0
9133,23,70000,MORTGAGE,5.0,PERSONAL,B,10000,11.99,0.14,N,3,0
9134,26,65000,MORTGAGE,3.0,EDUCATION,A,5500,5.79,0.08,N,2,0
9135,22,49000,RENT,2.0,DEBTCONSOLIDATION,D,12000,16.02,0.24,Y,3,1
9136,36,110000,MORTGAGE,7.0,PERSONAL,A,12000,7.88,0.11,N,16,0
9137,26,50000,MORTGAGE,10.0,DEBTCONSOLIDATION,B,8400,11.86,0.17,N,4,0
9138,27,69000,MORTGAGE,11.0,EDUCATION,D,15000,14.59,0.22,N,6,0
9139,27,34000,RENT,4.0,PERSONAL,B,10000,10.25,0.29,N,7,0
9140,22,100000,MORTGAGE,6.0,PERSONAL,A,8000,7.14,0.08,N,3,0
9141,23,44000,RENT,3.0,EDUCATION,D,6200,15.62,0.14,Y,4,1
9142,23,57996,MORTGAGE,7.0,VENTURE,B,8000,10.25,0.14,N,3,0
9143,28,53796,RENT,2.0,PERSONAL,A,8800,8.49,0.16,N,7,0
9144,23,62100,RENT,3.0,MEDICAL,A,10000,6.54,0.16,N,4,0
9145,24,80569,MORTGAGE,8.0,EDUCATION,B,5000,10.33,0.06,N,2,0
9146,24,66000,RENT,5.0,HOMEIMPROVEMENT,C,20000,13.49,0.3,N,3,1
9147,30,150000,RENT,2.0,HOMEIMPROVEMENT,C,10000,14.65,0.07,N,9,0
9148,30,40000,MORTGAGE,4.0,MEDICAL,A,4750,7.74,0.12,N,8,0
9149,23,48000,MORTGAGE,7.0,VENTURE,A,3000,6.03,0.06,N,2,0
9150,22,30000,RENT,0.0,MEDICAL,A,7000,6.03,0.23,N,3,0
9151,25,61147,MORTGAGE,9.0,DEBTCONSOLIDATION,A,17000,6.03,0.28,N,2,0
9152,37,41000,RENT,2.0,MEDICAL,D,8000,15.65,0.2,N,17,1
9153,25,105000,RENT,10.0,DEBTCONSOLIDATION,C,4800,12.23,0.05,Y,3,0
9154,31,100000,OWN,1.0,EDUCATION,B,20000,11.83,0.2,N,9,0
9155,22,48840,MORTGAGE,2.0,MEDICAL,B,15000,9.88,0.31,N,3,0
9156,27,55000,RENT,3.0,VENTURE,D,4500,14.09,0.08,Y,9,0
9157,30,121680,MORTGAGE,3.0,PERSONAL,C,15000,12.87,0.12,Y,5,0
9158,27,35004,RENT,1.0,EDUCATION,A,4200,7.49,0.12,N,6,0
9159,22,55000,MORTGAGE,0.0,EDUCATION,B,3000,11.49,0.05,N,3,0
9160,29,120000,RENT,2.0,DEBTCONSOLIDATION,A,10000,7.14,0.08,N,9,0
9161,24,75000,RENT,8.0,PERSONAL,C,17500,13.47,0.24,N,2,0
9162,23,52000,RENT,4.0,EDUCATION,B,5400,10.74,0.11,N,3,0
9163,34,108000,OWN,4.0,EDUCATION,A,10000,7.14,0.09,N,8,0
9164,22,33000,RENT,6.0,PERSONAL,A,4000,7.88,0.12,N,2,0
9165,23,74476,MORTGAGE,7.0,VENTURE,A,7000,6.62,0.1,N,3,0
9166,23,54000,RENT,5.0,DEBTCONSOLIDATION,A,7000,7.49,0.13,N,2,0
9167,24,38000,RENT,0.0,DEBTCONSOLIDATION,B,3000,11.36,0.08,N,2,0
9168,36,60000,MORTGAGE,0.0,MEDICAL,C,15000,14.65,0.25,Y,13,0
9169,24,75000,RENT,0.0,PERSONAL,D,14000,16.29,0.19,Y,4,0
9170,24,26400,OWN,0.0,VENTURE,A,3600,6.62,0.13,N,3,0
9171,26,80000,RENT,5.0,PERSONAL,C,12000,12.73,0.15,N,3,0
9172,23,60000,MORTGAGE,7.0,VENTURE,B,15000,11.99,0.25,N,4,0
9173,50,50000,RENT,1.0,HOMEIMPROVEMENT,C,6000,13.49,0.12,N,15,0
9174,37,40000,RENT,0.0,EDUCATION,C,8000,13.49,0.2,N,16,0
9175,24,40000,RENT,1.0,PERSONAL,B,8000,12.53,0.2,N,3,0
9176,22,78000,MORTGAGE,0.0,DEBTCONSOLIDATION,A,9250,5.79,0.12,N,2,0
9177,22,30000,RENT,2.0,MEDICAL,B,12000,10.39,0.4,N,4,1
9178,28,50000,RENT,1.0,VENTURE,C,8000,13.49,0.16,Y,9,0
9179,29,164000,RENT,11.0,VENTURE,B,5000,11.11,0.03,N,6,0
9180,21,14400,RENT,0.0,DEBTCONSOLIDATION,B,2500,10.37,0.18,N,3,0
9181,26,54000,RENT,0.0,EDUCATION,A,5000,5.42,0.09,N,4,0
9182,25,50000,MORTGAGE,9.0,DEBTCONSOLIDATION,C,3000,13.49,0.06,N,2,0
9183,23,65000,RENT,7.0,EDUCATION,C,18000,13.72,0.28,N,3,0
9184,24,24000,OWN,0.0,MEDICAL,C,3500,14.72,0.15,Y,2,0
9185,23,60000,MORTGAGE,4.0,EDUCATION,A,13500,6.92,0.23,N,4,0
9186,25,50000,RENT,0.0,PERSONAL,C,14500,13.85,0.29,N,4,0
9187,24,56000,MORTGAGE,8.0,HOMEIMPROVEMENT,C,12000,13.48,0.21,Y,2,0
9188,24,60000,RENT,6.0,DEBTCONSOLIDATION,B,12000,10.65,0.2,N,3,0
9189,35,51996,RENT,3.0,HOMEIMPROVEMENT,C,10000,13.06,0.19,N,6,0
9190,23,37200,OWN,3.0,VENTURE,C,13000,13.11,0.35,N,3,0
9191,34,70000,MORTGAGE,7.0,PERSONAL,A,10000,6.99,0.14,N,5,0
9192,29,80000,RENT,0.0,HOMEIMPROVEMENT,A,6000,5.99,0.07,N,5,0
9193,27,45000,RENT,5.0,MEDICAL,B,2400,10.36,0.06,N,8,0
9194,46,40000,MORTGAGE,3.0,EDUCATION,A,10000,6.92,0.25,N,16,0
9195,22,30000,RENT,4.0,PERSONAL,A,5000,6.99,0.17,N,2,0
9196,22,44000,RENT,1.0,VENTURE,D,17000,15.58,0.38,Y,4,1
9197,22,54996,MORTGAGE,0.0,DEBTCONSOLIDATION,A,10000,8.59,0.18,N,3,0
9198,29,70000,RENT,7.0,DEBTCONSOLIDATION,B,1000,10.25,0.01,N,10,0
9199,36,75000,RENT,3.0,HOMEIMPROVEMENT,A,19600,7.88,0.25,N,12,0
9200,24,150000,RENT,8.0,HOMEIMPROVEMENT,C,5000,13.43,0.03,N,3,0
9201,33,22800,RENT,1.0,VENTURE,C,5000,13.57,0.22,Y,5,0
9202,25,30000,RENT,1.0,PERSONAL,D,15000,12.17,0.5,Y,3,1
9203,27,46000,RENT,3.0,VENTURE,B,11000,11.71,0.24,N,8,0
9204,26,31200,RENT,8.0,PERSONAL,B,5000,11.49,0.16,N,2,0
9205,27,90000,RENT,5.0,MEDICAL,B,6000,12.53,0.07,N,6,0
9206,22,93600,MORTGAGE,1.0,MEDICAL,C,3000,10.28,0.03,N,3,0
9207,22,60000,RENT,7.0,EDUCATION,C,15000,13.49,0.25,Y,2,0
9208,37,32000,RENT,5.0,MEDICAL,A,12000,7.51,0.38,N,16,1
9209,30,60000,RENT,8.0,EDUCATION,A,4000,7.12,0.07,N,7,0
9210,38,45996,MORTGAGE,2.0,EDUCATION,B,17000,9.76,0.39,N,12,0
9211,36,110000,MORTGAGE,14.0,VENTURE,A,18000,7.51,0.16,N,12,0
9212,25,48000,MORTGAGE,9.0,VENTURE,A,6000,5.42,0.13,N,2,0
9213,23,65000,RENT,1.0,EDUCATION,B,18000,11.89,0.28,N,2,0
9214,32,32004,RENT,3.0,MEDICAL,C,5000,13.47,0.16,Y,9,0
9215,35,65000,MORTGAGE,3.0,PERSONAL,B,8000,12.69,0.12,N,7,0
9216,27,50000,MORTGAGE,4.0,HOMEIMPROVEMENT,A,8000,7.49,0.16,N,6,0
9217,38,78000,RENT,3.0,HOMEIMPROVEMENT,B,25000,10.37,0.32,N,11,1
9218,22,50000,RENT,1.0,PERSONAL,B,15000,10.0,0.3,N,4,0
9219,29,16000,RENT,2.0,VENTURE,C,3000,14.27,0.2,Y,10,1
9220,31,66300,MORTGAGE,4.0,MEDICAL,D,5200,14.11,0.08,N,7,1
9221,26,66420,MORTGAGE,10.0,MEDICAL,C,4000,12.98,0.06,Y,3,0
9222,24,30000,RENT,2.0,MEDICAL,D,4000,14.96,0.13,Y,3,1
9223,23,58000,RENT,7.0,EDUCATION,A,4500,7.88,0.08,N,3,0
9224,37,45000,RENT,0.0,MEDICAL,B,10000,9.91,0.22,N,11,0
9225,30,85000,RENT,3.0,DEBTCONSOLIDATION,C,7500,14.27,0.09,N,10,0
9226,25,50000,MORTGAGE,9.0,PERSONAL,B,7500,11.89,0.15,N,2,0
9227,28,90000,RENT,0.0,DEBTCONSOLIDATION,C,6600,13.99,0.08,N,6,0
9228,21,52000,RENT,5.0,EDUCATION,C,6000,12.61,0.12,Y,4,0
9229,69,51000,RENT,3.0,MEDICAL,D,13000,14.59,0.25,Y,23,0
9230,34,87360,MORTGAGE,11.0,HOMEIMPROVEMENT,B,12000,11.14,0.14,N,6,0
9231,21,50000,MORTGAGE,5.0,EDUCATION,A,7000,6.62,0.14,N,2,0
9232,22,30000,OWN,0.0,EDUCATION,A,10000,9.32,0.33,N,3,0
9233,30,90000,MORTGAGE,14.0,EDUCATION,D,21000,16.49,0.23,N,6,0
9234,60,31500,RENT,2.0,PERSONAL,B,7200,10.59,0.23,N,18,1
9235,36,35000,OWN,16.0,PERSONAL,A,1800,6.17,0.05,N,15,0
9236,32,48500,RENT,3.0,MEDICAL,C,15000,13.22,0.31,N,9,1
9237,28,98760,RENT,8.0,VENTURE,D,5000,14.84,0.05,N,6,0
9238,27,45000,RENT,1.0,MEDICAL,C,12000,12.99,0.27,Y,9,0
9239,25,18000,RENT,1.0,HOMEIMPROVEMENT,E,1000,16.82,0.06,Y,2,1
9240,34,63550,RENT,3.0,HOMEIMPROVEMENT,D,7500,17.27,0.11,N,5,0
9241,28,56004,RENT,7.0,PERSONAL,B,9000,11.86,0.16,N,5,0
9242,25,62500,RENT,3.0,DEBTCONSOLIDATION,C,12000,12.73,0.19,N,4,0
9243,36,50000,OWN,5.0,VENTURE,D,6000,15.62,0.12,Y,11,0
9244,21,47000,OWN,5.0,VENTURE,B,5000,11.12,0.11,N,3,0
9245,25,60000,MORTGAGE,9.0,EDUCATION,A,10000,6.54,0.17,N,3,0
9246,24,50000,RENT,6.0,VENTURE,C,10500,13.06,0.21,Y,4,0
9247,30,66000,MORTGAGE,13.0,VENTURE,A,7000,5.79,0.11,N,9,0
9248,32,49000,MORTGAGE,15.0,MEDICAL,E,12000,18.39,0.24,Y,6,1
9249,25,105000,MORTGAGE,5.0,HOMEIMPROVEMENT,B,24000,9.99,0.23,N,3,0
9250,31,46000,MORTGAGE,6.0,VENTURE,A,4000,7.14,0.09,N,9,0
9251,28,105000,MORTGAGE,6.0,DEBTCONSOLIDATION,A,3000,6.99,0.03,N,5,0
9252,37,95000,MORTGAGE,15.0,HOMEIMPROVEMENT,C,6825,11.66,0.07,Y,13,0
9253,33,85000,MORTGAGE,3.0,EDUCATION,D,28000,14.09,0.33,Y,6,0
9254,29,75000,MORTGAGE,4.0,MEDICAL,A,9600,7.49,0.13,N,7,0
9255,34,30000,RENT,0.0,HOMEIMPROVEMENT,B,5000,8.88,0.17,N,7,1
9256,23,30000,RENT,0.0,EDUCATION,C,10000,12.53,0.33,N,2,1
9257,30,60000,MORTGAGE,3.0,EDUCATION,D,3000,14.59,0.05,N,5,0
9258,23,55000,RENT,2.0,DEBTCONSOLIDATION,D,15000,15.95,0.27,N,4,1
9259,29,60000,RENT,13.0,PERSONAL,B,1000,12.42,0.02,N,6,0
9260,23,54000,MORTGAGE,3.0,DEBTCONSOLIDATION,C,7500,11.03,0.14,N,2,1
9261,30,70000,MORTGAGE,3.0,DEBTCONSOLIDATION,A,3500,5.99,0.05,N,6,0
9262,28,45000,RENT,1.0,MEDICAL,B,7500,11.99,0.17,N,6,0
9263,27,100000,MORTGAGE,2.0,DEBTCONSOLIDATION,A,10000,6.54,0.1,N,10,0
9264,24,21600,RENT,0.0,DEBTCONSOLIDATION,A,3500,9.32,0.16,N,4,0
9265,21,65000,MORTGAGE,5.0,DEBTCONSOLIDATION,A,8000,6.99,0.12,N,2,0
9266,25,55344,RENT,9.0,VENTURE,C,18000,14.17,0.33,Y,2,1
9267,28,48000,MORTGAGE,0.0,EDUCATION,A,5000,8.59,0.1,N,9,0
9268,24,104000,OWN,8.0,VENTURE,D,15000,16.77,0.14,Y,2,0
9269,22,61200,MORTGAGE,6.0,EDUCATION,B,14000,10.62,0.22,N,3,0
9270,23,75000,RENT,6.0,EDUCATION,A,19200,6.03,0.25,N,3,0
9271,22,60000,OWN,6.0,MEDICAL,A,14000,6.03,0.23,N,3,0
9272,23,48000,MORTGAGE,7.0,EDUCATION,B,15000,10.65,0.31,N,2,0
9273,22,40000,RENT,2.0,DEBTCONSOLIDATION,C,14000,14.27,0.35,N,2,1
9274,39,55000,MORTGAGE,6.0,DEBTCONSOLIDATION,B,6000,10.65,0.11,N,14,0
9275,43,71400,MORTGAGE,5.0,EDUCATION,B,16000,11.99,0.22,N,15,0
9276,24,48000,MORTGAGE,7.0,EDUCATION,A,14000,7.88,0.28,N,2,0
9277,24,30000,RENT,5.0,VENTURE,A,12000,9.63,0.4,N,4,1
9278,23,42000,RENT,3.0,PERSONAL,A,6400,8.9,0.15,N,3,0
9279,30,72000,RENT,2.0,MEDICAL,A,7000,5.42,0.1,N,10,0
9280,29,43000,RENT,2.0,VENTURE,B,14400,11.71,0.33,N,7,1
9281,23,80000,RENT,4.0,VENTURE,D,5000,15.62,0.06,Y,4,0
9282,30,95000,MORTGAGE,3.0,PERSONAL,A,8000,7.14,0.08,N,7,0
9283,23,100000,MORTGAGE,0.0,MEDICAL,A,1000,7.51,0.01,N,4,1
9284,21,49000,MORTGAGE,5.0,VENTURE,D,7500,14.96,0.15,Y,4,1
9285,30,69000,MORTGAGE,2.0,PERSONAL,E,15000,16.32,0.22,N,5,0
9286,56,80000,MORTGAGE,8.0,PERSONAL,A,9000,6.76,0.11,N,19,0
9287,28,75000,RENT,4.0,EDUCATION,A,18400,8.9,0.24,N,5,0
9288,24,37000,RENT,3.0,EDUCATION,C,8000,12.98,0.22,N,3,0
9289,32,45000,RENT,4.0,HOMEIMPROVEMENT,D,5000,15.62,0.11,N,5,0
9290,34,80000,RENT,6.0,MEDICAL,A,7800,7.14,0.09,N,9,0
9291,27,30000,RENT,0.0,DEBTCONSOLIDATION,A,10000,7.49,0.33,N,7,1
9292,22,26400,RENT,0.0,DEBTCONSOLIDATION,D,12000,18.25,0.45,N,3,1
9293,24,56000,MORTGAGE,8.0,PERSONAL,A,5000,7.14,0.09,N,4,0
9294,28,50000,RENT,4.0,PERSONAL,B,3600,11.86,0.07,N,7,0
9295,23,70000,RENT,3.0,VENTURE,B,11000,10.38,0.16,N,2,0
9296,22,64800,MORTGAGE,6.0,EDUCATION,A,6500,7.51,0.1,N,2,0
9297,21,25000,RENT,5.0,MEDICAL,A,5000,7.49,0.2,N,2,0
9298,28,80000,RENT,4.0,EDUCATION,B,1000,10.36,0.01,N,7,0
9299,22,14400,RENT,0.0,VENTURE,C,4000,14.17,0.28,N,2,1
9300,23,85000,MORTGAGE,1.0,VENTURE,B,7000,12.69,0.08,N,4,0
9301,31,24000,RENT,3.0,DEBTCONSOLIDATION,C,2000,13.61,0.08,N,7,0
9302,47,60000,MORTGAGE,3.0,PERSONAL,B,10000,10.99,0.17,N,13,0
9303,25,75000,MORTGAGE,2.0,MEDICAL,A,4000,8.49,0.05,N,4,0
9304,28,60000,MORTGAGE,12.0,PERSONAL,C,5000,14.65,0.08,Y,9,0
9305,22,75000,MORTGAGE,6.0,EDUCATION,A,3000,7.51,0.04,N,3,0
9306,32,70000,OWN,2.0,HOMEIMPROVEMENT,A,9000,6.62,0.13,N,7,0
9307,31,30000,RENT,3.0,PERSONAL,B,5000,10.99,0.17,N,9,0
9308,26,90000,MORTGAGE,10.0,HOMEIMPROVEMENT,A,5000,7.14,0.06,N,3,0
9309,25,80000,MORTGAGE,8.0,DEBTCONSOLIDATION,A,6000,6.76,0.07,N,2,0
9310,23,70000,MORTGAGE,7.0,MEDICAL,B,15000,11.14,0.21,N,2,0
9311,27,50000,MORTGAGE,0.0,PERSONAL,A,5000,9.63,0.1,N,7,0
9312,25,108996,RENT,5.0,VENTURE,D,22000,14.96,0.2,N,3,0
9313,35,130000,MORTGAGE,3.0,EDUCATION,B,5000,10.99,0.04,N,8,0
9314,28,40000,RENT,1.0,DEBTCONSOLIDATION,A,3500,9.32,0.09,N,8,0
9315,33,60000,MORTGAGE,1.0,HOMEIMPROVEMENT,B,12800,10.59,0.21,N,7,0
9316,25,105000,MORTGAGE,3.0,MEDICAL,A,12000,7.88,0.11,N,2,0
9317,24,50000,MORTGAGE,0.0,PERSONAL,B,6000,10.59,0.12,N,2,0
9318,24,35000,RENT,1.0,PERSONAL,A,8000,7.9,0.23,N,4,0
9319,27,100000,MORTGAGE,11.0,MEDICAL,B,14400,10.25,0.14,N,5,0
9320,22,60000,MORTGAGE,2.0,MEDICAL,B,21000,9.76,0.35,N,2,0
9321,26,44000,MORTGAGE,0.0,EDUCATION,D,10000,14.83,0.23,N,3,1
9322,28,54000,MORTGAGE,6.0,MEDICAL,A,10500,7.66,0.2,N,10,0
9323,27,75555,MORTGAGE,4.0,MEDICAL,B,10000,11.49,0.13,N,8,0
9324,23,78000,RENT,7.0,EDUCATION,B,20000,10.99,0.26,N,4,0
9325,22,28000,RENT,6.0,DEBTCONSOLIDATION,B,4000,11.14,0.14,N,3,0
9326,24,50000,RENT,5.0,DEBTCONSOLIDATION,A,10000,7.88,0.2,N,3,0
9327,26,85000,RENT,9.0,EDUCATION,B,13600,11.14,0.16,N,4,0
9328,23,24000,RENT,0.0,PERSONAL,B,4600,11.11,0.19,N,3,0
9329,41,54000,RENT,9.0,EDUCATION,B,25000,10.59,0.46,N,16,1
9330,29,54000,RENT,7.0,HOMEIMPROVEMENT,C,7500,12.84,0.14,Y,10,1
9331,30,48000,MORTGAGE,3.0,MEDICAL,B,10000,10.62,0.21,N,5,0
9332,23,42000,RENT,5.0,PERSONAL,B,9000,10.59,0.21,N,2,0
9333,22,47000,OWN,0.0,PERSONAL,A,5000,7.75,0.11,N,3,0
9334,22,50000,MORTGAGE,2.0,VENTURE,A,10000,7.49,0.2,N,3,0
9335,24,48000,MORTGAGE,1.0,EDUCATION,B,8000,11.99,0.17,N,2,0
9336,27,72000,MORTGAGE,6.0,EDUCATION,B,12000,10.38,0.17,N,5,0
9337,24,50000,RENT,6.0,MEDICAL,C,7200,13.49,0.14,N,3,0
9338,28,80000,MORTGAGE,12.0,MEDICAL,B,15000,11.49,0.19,N,9,0
9339,21,44000,RENT,2.0,EDUCATION,B,6000,11.99,0.14,N,2,0
9340,25,60000,RENT,7.0,VENTURE,B,4500,9.63,0.07,N,2,0
9341,28,52273,RENT,11.0,EDUCATION,B,5000,10.99,0.1,N,8,0
9342,24,60000,MORTGAGE,4.0,EDUCATION,A,4000,7.66,0.07,N,3,0
9343,27,28800,MORTGAGE,9.0,EDUCATION,B,2000,10.59,0.07,N,10,0
9344,27,60000,RENT,0.0,DEBTCONSOLIDATION,B,6000,10.65,0.1,N,7,0
9345,25,73000,RENT,9.0,HOMEIMPROVEMENT,C,17000,13.22,0.23,N,2,0
9346,29,74004,MORTGAGE,13.0,DEBTCONSOLIDATION,A,10000,5.42,0.14,N,7,0
9347,29,45996,RENT,0.0,VENTURE,C,12000,13.57,0.26,Y,7,0
9348,22,24000,RENT,0.0,EDUCATION,B,2750,10.99,0.11,N,4,1
9349,27,68000,MORTGAGE,3.0,DEBTCONSOLIDATION,A,15700,7.9,0.23,N,7,0
9350,29,58868,MORTGAGE,12.0,MEDICAL,B,2425,10.0,0.04,N,7,0
9351,29,62000,MORTGAGE,3.0,DEBTCONSOLIDATION,D,12000,15.31,0.19,Y,6,1
9352,23,45000,MORTGAGE,5.0,MEDICAL,B,5400,11.89,0.12,N,4,0
9353,41,80000,RENT,2.0,MEDICAL,C,10000,12.99,0.13,Y,14,0
9354,27,84000,MORTGAGE,6.0,MEDICAL,A,20000,6.99,0.24,N,5,0
9355,36,30000,RENT,0.0,EDUCATION,A,3000,5.42,0.1,N,13,0
9356,45,62000,MORTGAGE,4.0,MEDICAL,A,10000,7.88,0.16,N,15,0
9357,23,62500,MORTGAGE,7.0,EDUCATION,B,4000,11.49,0.06,N,2,0
9358,30,65000,RENT,0.0,EDUCATION,B,16000,10.99,0.25,N,8,0
9359,23,65000,MORTGAGE,7.0,VENTURE,A,4000,6.76,0.06,N,4,0
9360,22,52800,RENT,2.0,EDUCATION,A,5000,6.91,0.1,N,3,0
9361,38,50000,RENT,5.0,MEDICAL,B,6000,11.49,0.12,N,17,0
9362,24,60000,MORTGAGE,8.0,MEDICAL,A,4000,6.99,0.07,N,4,0
9363,25,60000,MORTGAGE,6.0,VENTURE,B,2500,10.99,0.04,N,4,0
9364,25,95000,MORTGAGE,9.0,DEBTCONSOLIDATION,A,5000,7.51,0.05,N,3,0
9365,24,26000,RENT,3.0,PERSONAL,B,9450,10.62,0.36,N,2,1
9366,31,150000,MORTGAGE,2.0,MEDICAL,B,9600,10.95,0.06,N,8,0
9367,22,74000,MORTGAGE,6.0,DEBTCONSOLIDATION,A,17000,6.03,0.22,N,2,0
9368,33,39000,RENT,8.0,HOMEIMPROVEMENT,B,9600,11.99,0.25,N,6,0
9369,23,42000,RENT,7.0,EDUCATION,C,15000,13.49,0.36,N,3,1
9370,38,70000,OWN,1.0,PERSONAL,D,4800,15.99,0.07,N,13,0
9371,27,75000,RENT,11.0,PERSONAL,A,9000,8.49,0.12,N,8,0
9372,37,42000,RENT,3.0,MEDICAL,B,5000,11.36,0.12,N,16,0
9373,26,53808,MORTGAGE,9.0,VENTURE,A,10000,6.62,0.19,N,4,0
9374,26,30000,MORTGAGE,3.0,MEDICAL,C,4500,13.92,0.15,N,4,1
9375,22,37000,RENT,1.0,EDUCATION,A,4750,9.63,0.13,N,3,0
9376,45,43800,OWN,7.0,VENTURE,C,5500,14.65,0.12,N,14,0
9377,27,72000,RENT,5.0,DEBTCONSOLIDATION,B,20000,11.11,0.28,N,6,0
9378,24,60000,RENT,5.0,VENTURE,B,12000,10.99,0.2,N,4,0
9379,24,30000,RENT,0.0,VENTURE,E,8500,19.29,0.29,Y,4,1
9380,24,50740,RENT,0.0,EDUCATION,A,6000,9.63,0.12,N,3,0
9381,23,58000,RENT,3.0,VENTURE,B,4000,9.99,0.07,N,4,0
9382,23,120000,MORTGAGE,0.0,EDUCATION,A,10000,7.29,0.08,N,3,0
9383,23,75000,RENT,5.0,DEBTCONSOLIDATION,C,20000,13.16,0.27,N,3,0
9384,24,135000,MORTGAGE,1.0,HOMEIMPROVEMENT,C,10500,11.97,0.08,Y,2,0
9385,31,60000,MORTGAGE,2.0,HOMEIMPROVEMENT,A,7000,7.14,0.12,N,5,0
9386,26,40000,RENT,5.0,DEBTCONSOLIDATION,A,3000,7.66,0.07,N,2,0
9387,32,80000,MORTGAGE,0.0,MEDICAL,B,10000,11.99,0.13,N,5,0
9388,28,55000,MORTGAGE,5.0,PERSONAL,A,10000,7.88,0.18,N,5,0
9389,23,36000,RENT,5.0,VENTURE,B,5000,10.0,0.14,N,2,0
9390,25,100000,MORTGAGE,9.0,DEBTCONSOLIDATION,C,15000,12.73,0.15,Y,2,0
9391,30,60000,MORTGAGE,11.0,MEDICAL,B,5000,10.99,0.08,N,9,0
9392,27,65000,RENT,4.0,HOMEIMPROVEMENT,C,8000,13.49,0.12,Y,10,0
9393,27,62201,RENT,3.0,DEBTCONSOLIDATION,B,9000,12.53,0.14,N,5,0
9394,23,59000,MORTGAGE,5.0,MEDICAL,A,4000,7.14,0.07,N,4,1
9395,27,45727,RENT,5.0,EDUCATION,A,1000,7.51,0.02,N,5,0
9396,23,81000,MORTGAGE,1.0,EDUCATION,B,10000,10.25,0.12,N,4,0
9397,23,90000,MORTGAGE,7.0,MEDICAL,B,5000,11.49,0.06,N,4,0
9398,26,100000,MORTGAGE,10.0,PERSONAL,A,10000,7.14,0.1,N,2,0
9399,29,50000,RENT,9.0,EDUCATION,B,10000,10.37,0.2,N,10,0
9400,28,55000,MORTGAGE,2.0,PERSONAL,A,3200,7.88,0.06,N,7,0
9401,37,67000,RENT,0.0,VENTURE,A,2875,7.9,0.04,N,12,0
9402,24,48000,OWN,8.0,VENTURE,B,5000,10.99,0.1,N,3,0
9403,46,65000,MORTGAGE,2.0,MEDICAL,C,10000,13.49,0.15,Y,13,0
9404,28,55000,RENT,0.0,MEDICAL,C,6500,12.73,0.12,Y,6,0
9405,26,50000,RENT,4.0,VENTURE,A,10000,7.49,0.2,N,2,0
9406,28,33600,OWN,0.0,MEDICAL,C,5000,12.61,0.15,Y,6,0
9407,22,45600,MORTGAGE,6.0,EDUCATION,B,6400,10.0,0.14,N,2,0
9408,29,60000,MORTGAGE,2.0,HOMEIMPROVEMENT,C,12000,13.72,0.2,N,7,1
9409,21,62000,MORTGAGE,6.0,VENTURE,A,5000,7.14,0.08,N,3,0
9410,23,87550,RENT,0.0,EDUCATION,A,9000,7.51,0.09,N,2,1
9411,22,38400,MORTGAGE,6.0,PERSONAL,B,10000,10.25,0.26,N,3,0
9412,22,125000,MORTGAGE,6.0,EDUCATION,B,5000,11.12,0.04,N,2,0
9413,33,38400,RENT,2.0,MEDICAL,B,1500,10.99,0.04,N,5,0
9414,30,110000,RENT,2.0,DEBTCONSOLIDATION,B,9000,11.11,0.08,N,5,0
9415,25,100000,MORTGAGE,3.0,VENTURE,A,13500,6.54,0.13,N,2,0
9416,26,70000,MORTGAGE,0.0,PERSONAL,A,3000,7.51,0.04,N,4,0
9417,41,83000,MORTGAGE,18.0,EDUCATION,A,25000,7.9,0.3,N,11,1
9418,24,75000,RENT,3.0,EDUCATION,C,10000,13.85,0.13,Y,4,0
9419,23,50000,MORTGAGE,5.0,PERSONAL,C,10000,13.22,0.2,N,2,0
9420,29,45000,MORTGAGE,13.0,MEDICAL,A,9250,7.51,0.21,N,7,0
9421,23,60000,RENT,3.0,EDUCATION,B,12000,11.71,0.2,N,4,0
9422,36,80000,MORTGAGE,3.0,DEBTCONSOLIDATION,A,6000,7.51,0.07,N,12,0
9423,28,70000,MORTGAGE,11.0,EDUCATION,A,7000,6.92,0.1,N,5,0
9424,30,102000,MORTGAGE,5.0,DEBTCONSOLIDATION,A,10000,6.03,0.1,N,5,0
9425,23,100000,RENT,0.0,EDUCATION,C,12000,13.57,0.12,N,2,0
9426,29,49000,RENT,13.0,MEDICAL,C,6000,15.27,0.12,Y,10,1
9427,36,54000,MORTGAGE,9.0,VENTURE,B,5000,9.63,0.09,N,14,0
9428,27,60000,RENT,3.0,HOMEIMPROVEMENT,C,10000,14.79,0.17,N,5,0
9429,23,42000,RENT,3.0,VENTURE,B,5000,10.0,0.12,N,4,0
9430,22,50000,MORTGAGE,2.0,EDUCATION,B,5000,12.18,0.1,N,3,0
9431,51,33000,RENT,0.0,PERSONAL,B,1000,11.49,0.03,N,30,0
9432,28,68000,MORTGAGE,5.0,PERSONAL,D,14150,15.62,0.21,Y,7,0
9433,22,45000,RENT,1.0,PERSONAL,A,9200,8.94,0.2,N,4,0
9434,27,26400,RENT,2.0,VENTURE,B,4000,9.99,0.15,N,5,0
9435,22,62900,RENT,2.0,MEDICAL,D,16000,14.96,0.22,N,3,1
9436,26,70000,MORTGAGE,10.0,HOMEIMPROVEMENT,A,12000,6.91,0.17,N,2,0
9437,22,97000,MORTGAGE,0.0,EDUCATION,C,21000,14.26,0.22,N,4,0
9438,26,31000,RENT,10.0,VENTURE,D,12000,16.29,0.39,N,2,1
9439,23,68000,RENT,3.0,VENTURE,B,5000,10.65,0.07,N,4,0
9440,28,105000,RENT,1.0,HOMEIMPROVEMENT,B,20000,11.83,0.19,N,8,0
9441,23,60000,RENT,3.0,EDUCATION,C,12000,13.49,0.2,N,4,0
9442,24,30000,RENT,2.0,EDUCATION,A,6000,6.62,0.2,N,4,0
9443,24,40000,RENT,5.0,EDUCATION,C,4000,13.48,0.1,N,4,0
9444,25,48996,RENT,2.0,PERSONAL,D,7000,15.58,0.14,Y,2,1
9445,36,64000,MORTGAGE,17.0,DEBTCONSOLIDATION,D,3200,16.49,0.05,N,16,1
9446,36,24000,MORTGAGE,5.0,MEDICAL,C,4800,14.27,0.2,Y,13,0
9447,29,58000,OWN,13.0,EDUCATION,A,12800,5.79,0.22,N,9,0
9448,31,65000,RENT,3.0,DEBTCONSOLIDATION,B,8000,10.0,0.12,N,10,0
9449,27,75000,MORTGAGE,0.0,HOMEIMPROVEMENT,A,12000,6.92,0.16,N,5,0
9450,23,36000,MORTGAGE,0.0,EDUCATION,C,8000,14.65,0.22,N,4,1
9451,22,54000,RENT,6.0,PERSONAL,C,9000,13.22,0.17,Y,2,0
9452,33,60000,RENT,9.0,EDUCATION,A,10000,8.9,0.17,N,7,0
9453,24,72858,RENT,7.0,VENTURE,D,10000,15.7,0.14,N,3,1
9454,23,55000,MORTGAGE,7.0,VENTURE,A,8500,6.03,0.15,N,4,0
9455,27,60000,MORTGAGE,7.0,PERSONAL,A,12000,6.62,0.2,N,10,0
9456,23,100000,MORTGAGE,7.0,EDUCATION,A,7000,7.66,0.07,N,3,0
9457,24,39516,RENT,0.0,MEDICAL,B,5000,10.37,0.13,N,2,0
9458,23,75000,MORTGAGE,2.0,VENTURE,D,12000,14.09,0.16,Y,2,0
9459,29,26400,RENT,3.0,PERSONAL,A,6000,6.92,0.23,N,9,0
9460,22,42000,RENT,0.0,PERSONAL,B,3600,11.83,0.09,N,3,0
9461,22,31200,RENT,3.0,VENTURE,B,10000,10.37,0.32,N,4,1
9462,34,60000,RENT,6.0,VENTURE,B,10000,10.0,0.17,N,10,0
9463,38,80000,MORTGAGE,0.0,DEBTCONSOLIDATION,C,16000,14.26,0.2,Y,14,0
9464,22,35000,RENT,2.0,EDUCATION,B,18000,10.25,0.49,N,2,1
9465,31,43000,RENT,5.0,MEDICAL,A,9600,5.42,0.22,N,7,0
9466,39,36000,RENT,9.0,PERSONAL,A,8000,7.49,0.22,N,17,0
9467,29,60000,MORTGAGE,13.0,PERSONAL,A,15000,7.88,0.25,N,9,0
9468,22,82500,RENT,6.0,VENTURE,A,15000,8.49,0.19,N,2,0
9469,31,52000,RENT,11.0,DEBTCONSOLIDATION,B,10000,10.65,0.19,N,5,0
9470,30,68004,RENT,2.0,DEBTCONSOLIDATION,A,3600,5.99,0.06,N,8,0
9471,28,62004,MORTGAGE,12.0,DEBTCONSOLIDATION,A,10000,7.14,0.16,N,7,0
9472,28,50000,RENT,8.0,MEDICAL,C,12000,13.99,0.24,Y,9,0
9473,22,62500,RENT,6.0,VENTURE,A,14000,7.88,0.22,N,4,0
9474,24,38000,RENT,2.0,MEDICAL,A,2000,7.88,0.05,N,3,0
9475,24,110000,RENT,3.0,DEBTCONSOLIDATION,C,12000,14.72,0.11,N,3,0
9476,29,45000,MORTGAGE,5.0,PERSONAL,A,10000,7.49,0.22,N,9,0
9477,40,54000,RENT,0.0,MEDICAL,B,12800,11.83,0.23,N,12,1
9478,25,83004,RENT,1.0,PERSONAL,B,6000,12.21,0.07,N,2,0
9479,37,40000,MORTGAGE,0.0,DEBTCONSOLIDATION,B,15000,8.88,0.38,N,16,0
9480,29,79768,MORTGAGE,10.0,PERSONAL,C,5000,13.61,0.06,N,10,0
9481,23,120000,MORTGAGE,7.0,DEBTCONSOLIDATION,A,10000,8.59,0.08,N,3,0
9482,23,68000,MORTGAGE,3.0,MEDICAL,C,15000,12.73,0.22,Y,2,0
9483,35,88296,MORTGAGE,8.0,HOMEIMPROVEMENT,B,15000,9.88,0.17,N,5,0
9484,27,45000,MORTGAGE,11.0,VENTURE,B,9000,11.49,0.2,N,8,0
9485,28,132000,MORTGAGE,0.0,VENTURE,A,6800,7.14,0.05,N,5,0
9486,24,51000,MORTGAGE,8.0,PERSONAL,A,6000,7.68,0.12,N,2,0
9487,29,65000,RENT,1.0,VENTURE,B,7500,11.83,0.12,N,6,0
9488,38,120000,MORTGAGE,9.0,PERSONAL,A,1000,7.68,0.08,N,17,0
9489,22,42000,RENT,0.0,MEDICAL,D,6000,15.62,0.14,Y,3,1
9490,24,24000,RENT,0.0,EDUCATION,D,1500,16.29,0.06,Y,4,1
9491,24,54000,MORTGAGE,7.0,MEDICAL,E,16000,16.63,0.3,Y,3,1
9492,24,36000,RENT,3.0,PERSONAL,B,2400,9.91,0.07,N,3,0
9493,28,55000,MORTGAGE,10.0,VENTURE,A,10000,7.51,0.18,N,9,0
9494,26,115000,RENT,2.0,DEBTCONSOLIDATION,A,5000,6.99,0.04,N,2,0
9495,32,30000,RENT,6.0,MEDICAL,B,6000,10.75,0.2,N,5,0
9496,27,106000,MORTGAGE,12.0,PERSONAL,A,18000,8.49,0.17,N,7,0
9497,33,80000,MORTGAGE,1.0,DEBTCONSOLIDATION,A,22000,6.91,0.27,N,8,0
9498,27,31200,RENT,3.0,VENTURE,A,3200,7.88,0.1,N,8,0
9499,29,96713,MORTGAGE,2.0,MEDICAL,A,4000,7.74,0.04,N,7,0
9500,27,116300,MORTGAGE,7.0,MEDICAL,B,6000,11.49,0.05,N,5,0
9501,26,55000,RENT,0.0,HOMEIMPROVEMENT,A,10000,5.99,0.18,N,4,0
9502,23,48000,RENT,4.0,EDUCATION,B,8000,10.37,0.17,N,4,0
9503,26,49000,MORTGAGE,10.0,EDUCATION,A,4000,5.42,0.08,N,2,1
9504,30,95000,MORTGAGE,4.0,DEBTCONSOLIDATION,B,20000,10.99,0.21,N,9,0
9505,22,30000,RENT,0.0,MEDICAL,B,3500,11.86,0.12,N,4,0
9506,36,74000,MORTGAGE,4.0,HOMEIMPROVEMENT,B,5000,11.14,0.07,N,15,1
9507,27,50000,MORTGAGE,2.0,VENTURE,A,4000,6.92,0.08,N,5,0
9508,26,33600,RENT,5.0,MEDICAL,D,9000,17.27,0.27,Y,2,1
9509,33,81400,RENT,17.0,EDUCATION,F,20000,17.03,0.25,Y,9,1
9510,27,78000,MORTGAGE,5.0,PERSONAL,A,8100,7.49,0.1,N,8,0
9511,23,70000,MORTGAGE,3.0,VENTURE,A,10000,6.03,0.14,N,4,0
9512,26,107364,MORTGAGE,10.0,PERSONAL,A,6400,6.76,0.06,N,3,0
9513,25,78000,RENT,1.0,DEBTCONSOLIDATION,B,15000,11.36,0.19,N,3,0
9514,23,72000,MORTGAGE,7.0,DEBTCONSOLIDATION,A,5000,8.9,0.07,N,4,0
9515,39,44000,RENT,6.0,PERSONAL,B,6000,10.74,0.14,N,16,0
9516,26,52800,RENT,2.0,EDUCATION,C,14000,14.27,0.27,Y,4,0
9517,30,28000,RENT,3.0,PERSONAL,D,5500,15.33,0.19,N,8,1
9518,27,160000,OTHER,6.0,PERSONAL,A,6000,8.0,0.04,N,10,0
9519,27,30000,RENT,3.0,VENTURE,C,7000,13.99,0.23,Y,5,0
9520,39,29654,RENT,0.0,DEBTCONSOLIDATION,D,1600,18.25,0.05,N,16,1
9521,24,45888,MORTGAGE,5.0,PERSONAL,C,11500,13.98,0.26,N,4,0
9522,22,28800,RENT,6.0,EDUCATION,B,3500,9.99,0.12,N,2,0
9523,30,140000,MORTGAGE,14.0,EDUCATION,A,16800,7.88,0.12,N,9,0
9524,30,120000,MORTGAGE,12.0,MEDICAL,B,10000,10.99,0.08,N,7,0
9525,22,33000,RENT,2.0,PERSONAL,C,8000,12.73,0.24,N,3,0
9526,33,54000,RENT,17.0,DEBTCONSOLIDATION,A,20000,8.9,0.37,N,8,1
9527,21,70000,MORTGAGE,5.0,PERSONAL,C,5000,13.48,0.07,Y,4,0
9528,37,80000,MORTGAGE,14.0,HOMEIMPROVEMENT,B,21000,9.91,0.26,N,13,0
9529,25,55000,RENT,8.0,PERSONAL,B,4000,10.99,0.07,N,4,0
9530,25,45000,MORTGAGE,2.0,PERSONAL,A,3000,8.32,0.07,N,2,0
9531,22,40000,RENT,1.0,EDUCATION,B,3600,10.99,0.09,N,4,0
9532,21,38000,RENT,5.0,EDUCATION,B,10000,11.71,0.26,N,3,0
9533,23,25000,OWN,5.0,VENTURE,B,2500,9.62,0.1,N,3,0
9534,29,101000,OWN,5.0,HOMEIMPROVEMENT,B,12000,10.0,0.12,N,8,0
9535,22,36000,RENT,1.0,EDUCATION,C,8000,12.84,0.22,N,2,0
9536,34,136625,MORTGAGE,3.0,VENTURE,A,15000,7.88,0.11,N,9,0
9537,21,78000,RENT,5.0,DEBTCONSOLIDATION,B,25000,12.53,0.32,N,3,1
9538,25,30900,RENT,5.0,MEDICAL,D,4000,16.32,0.13,N,2,1
9539,24,50000,RENT,0.0,VENTURE,A,3600,6.03,0.07,N,2,0
9540,34,75000,RENT,2.0,HOMEIMPROVEMENT,A,10000,8.59,0.13,N,7,0
9541,22,57000,RENT,6.0,EDUCATION,A,13500,7.49,0.23,N,4,0
9542,42,62900,RENT,9.0,MEDICAL,B,24250,12.18,0.33,N,11,1
9543,22,45360,RENT,3.0,PERSONAL,A,10000,7.29,0.22,N,3,0
9544,35,30000,RENT,2.0,MEDICAL,A,3425,6.17,0.11,N,5,0
9545,38,60000,MORTGAGE,6.0,PERSONAL,A,5000,8.9,0.08,N,15,0
9546,22,34160,RENT,4.0,EDUCATION,C,9000,13.16,0.26,Y,3,0
9547,30,65000,MORTGAGE,2.0,DEBTCONSOLIDATION,A,4000,6.62,0.06,N,10,0
9548,29,32000,RENT,0.0,EDUCATION,D,5000,16.77,0.16,Y,9,1
9549,33,140000,MORTGAGE,9.0,PERSONAL,B,7000,11.49,0.05,N,6,0
9550,24,38400,RENT,2.0,EDUCATION,C,8000,14.72,0.21,N,3,0
9551,22,75000,RENT,6.0,MEDICAL,A,7500,8.9,0.1,N,3,0
9552,22,42000,MORTGAGE,6.0,EDUCATION,A,12000,6.54,0.29,N,3,0
9553,24,102000,MORTGAGE,6.0,HOMEIMPROVEMENT,A,7500,8.07,0.08,N,3,0
9554,37,32000,OWN,2.0,PERSONAL,A,12000,7.49,0.38,N,13,0
9555,52,54833,RENT,14.0,HOMEIMPROVEMENT,A,20000,7.49,0.36,N,5,1
9556,34,150000,MORTGAGE,18.0,MEDICAL,A,2800,7.51,0.02,N,5,0
9557,30,50000,RENT,0.0,MEDICAL,C,7000,14.79,0.14,N,5,0
9558,26,180000,MORTGAGE,0.0,VENTURE,A,7000,5.42,0.04,N,2,0
9559,27,54000,RENT,1.0,VENTURE,A,3600,7.9,0.07,N,6,0
9560,26,80000,MORTGAGE,5.0,DEBTCONSOLIDATION,B,20000,11.36,0.25,N,4,0
9561,44,34800,RENT,22.0,EDUCATION,D,2000,14.84,0.06,N,16,0
9562,22,31200,MORTGAGE,6.0,VENTURE,A,6000,7.14,0.19,N,2,0
9563,23,30000,RENT,2.0,MEDICAL,B,7000,11.89,0.23,N,2,0
9564,29,72000,RENT,4.0,MEDICAL,B,20000,10.38,0.28,N,7,0
9565,29,59000,RENT,4.0,DEBTCONSOLIDATION,B,24000,9.99,0.42,N,8,1
9566,22,37200,RENT,5.0,EDUCATION,B,7000,10.99,0.19,N,4,0
9567,24,81000,MORTGAGE,8.0,PERSONAL,A,5500,7.9,0.07,N,4,0
9568,23,84000,RENT,1.0,MEDICAL,A,15000,8.49,0.18,N,4,0
9569,29,60000,MORTGAGE,2.0,PERSONAL,B,10000,11.26,0.17,N,5,0
9570,35,51000,OWN,0.0,VENTURE,B,13000,11.83,0.26,N,10,0
9571,37,65000,RENT,5.0,MEDICAL,E,15000,18.79,0.23,Y,17,0
9572,22,35000,MORTGAGE,6.0,EDUCATION,B,5000,10.99,0.14,N,2,0
9573,24,68000,MORTGAGE,8.0,VENTURE,A,15500,6.62,0.23,N,4,0
9574,23,50000,MORTGAGE,0.0,VENTURE,A,12000,6.62,0.24,N,4,0
9575,25,39000,RENT,7.0,HOMEIMPROVEMENT,C,16800,13.92,0.44,Y,4,1
9576,27,50000,RENT,1.0,HOMEIMPROVEMENT,C,5000,13.49,0.1,Y,6,0
9577,38,37000,RENT,2.0,EDUCATION,B,8400,11.26,0.23,N,14,0
9578,23,70000,RENT,1.0,VENTURE,B,3600,9.63,0.05,N,3,0
9579,22,72000,RENT,6.0,DEBTCONSOLIDATION,C,15000,15.27,0.21,N,3,0
9580,27,58000,MORTGAGE,5.0,PERSONAL,A,11000,6.03,0.19,N,9,0
9581,22,40000,RENT,3.0,EDUCATION,A,6000,7.88,0.15,N,3,0
9582,22,75000,MORTGAGE,6.0,VENTURE,A,20000,7.29,0.27,N,2,0
9583,29,110000,MORTGAGE,5.0,PERSONAL,B,12000,12.42,0.11,N,5,0
9584,25,25200,RENT,0.0,MEDICAL,B,5500,11.89,0.23,N,4,0
9585,22,33000,RENT,5.0,DEBTCONSOLIDATION,B,3600,11.11,0.11,N,4,0
9586,23,20000,RENT,3.0,MEDICAL,B,5000,11.86,0.25,N,4,0
9587,31,35000,RENT,0.0,MEDICAL,A,5000,8.9,0.14,N,5,0
9588,27,120000,MORTGAGE,11.0,MEDICAL,B,10000,11.49,0.08,N,9,0
9589,25,65004,MORTGAGE,5.0,HOMEIMPROVEMENT,B,20000,9.99,0.31,N,3,0
9590,25,25000,RENT,4.0,VENTURE,D,6000,14.59,0.24,N,2,0
9591,24,82500,MORTGAGE,8.0,MEDICAL,B,17500,10.59,0.2,N,3,0
9592,26,33600,RENT,5.0,VENTURE,B,4000,11.49,0.12,N,3,0
9593,22,60000,RENT,5.0,MEDICAL,B,10000,10.99,0.17,N,4,0
9594,37,101004,RENT,11.0,HOMEIMPROVEMENT,A,12000,7.88,0.12,N,16,0
9595,22,60000,MORTGAGE,5.0,MEDICAL,B,7000,10.99,0.12,N,4,0
9596,25,25000,RENT,0.0,EDUCATION,B,5000,10.99,0.2,N,2,0
9597,26,120000,MORTGAGE,1.0,PERSONAL,B,6000,12.69,0.05,N,3,0
9598,27,120000,RENT,2.0,EDUCATION,B,12000,10.37,0.1,N,9,0
9599,29,35000,MORTGAGE,5.0,PERSONAL,B,3600,11.99,0.1,N,7,0
9600,24,39000,RENT,1.0,VENTURE,C,9600,13.79,0.25,N,4,1
9601,24,75000,MORTGAGE,0.0,HOMEIMPROVEMENT,C,9600,13.49,0.13,Y,2,0
9602,26,75000,RENT,0.0,HOMEIMPROVEMENT,D,10000,15.99,0.13,Y,3,0
9603,27,90000,MORTGAGE,7.0,MEDICAL,B,6000,10.99,0.07,N,10,0
9604,24,32000,RENT,3.0,MEDICAL,B,5000,10.59,0.16,N,3,0
9605,36,62500,RENT,0.0,EDUCATION,B,24250,11.36,0.39,N,13,1
9606,22,45000,RENT,5.0,PERSONAL,C,8000,13.49,0.18,Y,2,0
9607,23,30000,RENT,7.0,DEBTCONSOLIDATION,C,9000,13.16,0.3,N,3,1
9608,28,51996,MORTGAGE,0.0,MEDICAL,C,3000,13.23,0.06,N,7,0
9609,24,45000,RENT,0.0,MEDICAL,C,8500,12.84,0.19,N,4,0
9610,32,45000,RENT,1.0,MEDICAL,A,8000,8.0,0.18,N,10,0
9611,27,65000,MORTGAGE,9.0,PERSONAL,B,18000,9.99,0.28,N,5,0
9612,28,40000,RENT,3.0,PERSONAL,B,2400,11.49,0.06,N,8,0
9613,38,52260,RENT,6.0,EDUCATION,D,12000,16.89,0.23,Y,15,0
9614,24,45000,RENT,1.0,PERSONAL,C,7000,13.98,0.16,N,4,0
9615,24,38100,RENT,0.0,PERSONAL,C,3600,14.26,0.1,Y,3,0
9616,25,27000,RENT,3.0,PERSONAL,B,7500,9.99,0.28,N,3,0
9617,24,55000,MORTGAGE,8.0,EDUCATION,A,4200,5.99,0.08,N,2,0
9618,24,135000,MORTGAGE,6.0,PERSONAL,C,16000,12.41,0.11,Y,2,0
9619,39,62000,RENT,5.0,EDUCATION,B,10000,9.91,0.16,N,16,0
9620,30,66000,RENT,1.0,DEBTCONSOLIDATION,D,13000,15.31,0.19,N,5,1
9621,22,40000,RENT,2.0,DEBTCONSOLIDATION,B,3000,11.71,0.07,N,4,0
9622,22,38004,RENT,3.0,PERSONAL,E,10000,17.56,0.26,Y,4,0
9623,21,30000,RENT,3.0,EDUCATION,B,7500,9.25,0.25,N,3,0
9624,27,135000,MORTGAGE,1.0,PERSONAL,D,25000,16.49,0.19,N,7,0
9625,28,55000,MORTGAGE,12.0,PERSONAL,B,6000,11.49,0.11,N,8,0
9626,23,140000,MORTGAGE,3.0,VENTURE,C,16000,12.99,0.12,N,4,0
9627,25,120000,MORTGAGE,9.0,DEBTCONSOLIDATION,B,10000,10.65,0.08,N,3,0
9628,26,50000,RENT,4.0,MEDICAL,D,8000,16.0,0.16,N,4,1
9629,21,24000,OWN,5.0,VENTURE,A,8000,7.29,0.33,N,5,0
9630,23,60000,RENT,3.0,EDUCATION,A,30000,6.62,0.5,N,3,0
9631,23,80000,MORTGAGE,2.0,EDUCATION,A,5000,7.51,0.06,N,3,0
9632,32,85000,RENT,5.0,VENTURE,B,20000,10.75,0.24,N,8,0
9633,21,22992,RENT,3.0,EDUCATION,C,5000,13.57,0.22,N,2,1
9634,34,49000,MORTGAGE,17.0,PERSONAL,B,3500,11.86,0.07,N,7,0
9635,21,30000,RENT,0.0,DEBTCONSOLIDATION,C,2000,14.72,0.07,N,2,0
9636,29,115000,RENT,10.0,DEBTCONSOLIDATION,B,10000,10.37,0.09,N,6,0
9637,31,40000,RENT,5.0,VENTURE,B,2500,9.99,0.06,N,7,0
9638,24,37000,MORTGAGE,8.0,VENTURE,B,4650,10.99,0.13,N,2,0
9639,24,60000,RENT,0.0,HOMEIMPROVEMENT,B,6600,10.99,0.11,N,4,0
9640,27,38400,RENT,11.0,DEBTCONSOLIDATION,A,5000,7.88,0.13,N,7,0
9641,24,60000,MORTGAGE,8.0,PERSONAL,A,20000,7.9,0.33,N,2,0
9642,31,59000,RENT,1.0,EDUCATION,E,12000,16.45,0.2,N,9,1
9643,25,70000,MORTGAGE,9.0,EDUCATION,A,8000,5.42,0.11,N,3,0
9644,25,35000,MORTGAGE,9.0,MEDICAL,D,7200,14.61,0.21,Y,3,1
9645,22,36000,MORTGAGE,5.0,EDUCATION,B,12000,10.37,0.33,N,3,0
9646,26,40000,RENT,2.0,PERSONAL,B,8000,10.95,0.2,N,3,0
9647,27,48000,MORTGAGE,3.0,VENTURE,C,3500,12.99,0.07,Y,5,0
9648,24,120000,MORTGAGE,8.0,PERSONAL,A,10000,7.51,0.08,N,2,0
9649,26,109500,MORTGAGE,10.0,VENTURE,B,3500,10.95,0.03,N,3,0
9650,34,39000,RENT,4.0,DEBTCONSOLIDATION,B,1200,10.99,0.03,N,8,1
9651,28,75000,MORTGAGE,6.0,HOMEIMPROVEMENT,A,12000,7.49,0.16,N,9,0
9652,22,40000,RENT,4.0,DEBTCONSOLIDATION,A,10000,7.88,0.25,N,2,0
9653,25,72000,MORTGAGE,2.0,PERSONAL,A,9600,6.62,0.14,N,3,0
9654,26,23484,RENT,3.0,PERSONAL,A,5000,6.99,0.21,N,2,0
9655,32,45000,MORTGAGE,12.0,EDUCATION,A,5000,7.66,0.11,N,5,0
9656,26,30000,RENT,2.0,DEBTCONSOLIDATION,B,8000,12.18,0.27,N,2,0
9657,42,52000,RENT,5.0,EDUCATION,B,12000,12.42,0.23,N,11,0
9658,22,75000,RENT,4.0,PERSONAL,A,10000,6.62,0.13,N,2,0
9659,28,50000,MORTGAGE,4.0,DEBTCONSOLIDATION,A,7200,6.62,0.15,N,10,0
9660,23,59000,RENT,7.0,MEDICAL,D,7500,14.74,0.12,N,2,1
9661,22,26400,OWN,7.0,VENTURE,C,5000,12.73,0.19,N,3,0
9662,23,51000,RENT,3.0,DEBTCONSOLIDATION,F,20000,18.25,0.41,Y,2,1
9663,24,80000,RENT,2.0,VENTURE,A,12000,7.88,0.15,N,2,0
9664,40,80000,MORTGAGE,3.0,VENTURE,A,5000,5.42,0.06,N,14,0
9665,23,65000,MORTGAGE,4.0,MEDICAL,A,6000,7.49,0.09,N,2,0
9666,36,70000,MORTGAGE,12.0,HOMEIMPROVEMENT,A,3000,7.51,0.04,N,14,0
9667,27,60000,MORTGAGE,5.0,EDUCATION,B,6000,11.36,0.1,N,5,0
9668,26,64000,RENT,0.0,EDUCATION,B,10000,10.71,0.16,N,3,0
9669,29,60000,RENT,0.0,HOMEIMPROVEMENT,B,12500,11.83,0.21,N,7,0
9670,27,35000,RENT,0.0,MEDICAL,C,8000,13.92,0.23,Y,8,1
9671,23,60000,OWN,1.0,VENTURE,B,14000,9.99,0.23,N,3,0
9672,27,130000,MORTGAGE,3.0,PERSONAL,A,6000,7.88,0.05,N,6,0
9673,22,40000,RENT,5.0,VENTURE,B,8000,11.99,0.2,N,3,0
9674,24,41916,RENT,2.0,MEDICAL,B,7000,10.36,0.17,N,3,0
9675,26,84000,MORTGAGE,10.0,EDUCATION,B,20000,12.53,0.24,N,2,0
9676,26,38000,RENT,0.0,EDUCATION,A,10000,5.79,0.26,N,3,0
9677,23,50000,RENT,1.0,VENTURE,A,4000,8.59,0.08,N,2,0
9678,29,24000,RENT,5.0,EDUCATION,A,4500,7.49,0.19,N,9,0
9679,38,200000,RENT,0.0,VENTURE,A,10000,7.51,0.05,N,17,0
9680,24,50000,MORTGAGE,3.0,VENTURE,C,8000,13.06,0.16,N,4,0
9681,26,30000,RENT,3.0,EDUCATION,A,3000,7.51,0.1,N,2,0
9682,26,40000,RENT,1.0,MEDICAL,B,12000,10.99,0.3,N,3,0
9683,22,72000,MORTGAGE,3.0,VENTURE,A,12000,7.88,0.17,N,4,0
9684,23,72000,MORTGAGE,7.0,MEDICAL,A,6000,6.03,0.08,N,3,0
9685,23,55000,OWN,0.0,VENTURE,B,2800,10.59,0.05,N,2,0
9686,24,72000,RENT,3.0,HOMEIMPROVEMENT,A,12000,6.92,0.17,N,4,0
9687,30,180000,RENT,4.0,EDUCATION,C,28000,14.27,0.16,Y,10,0
9688,20,127000,MORTGAGE,2.0,DEBTCONSOLIDATION,D,24250,15.31,0.19,N,4,1
9689,28,76000,MORTGAGE,13.0,HOMEIMPROVEMENT,A,10000,5.99,0.13,N,7,0
9690,23,83000,MORTGAGE,7.0,PERSONAL,C,12000,11.97,0.14,Y,2,1
9691,24,70000,MORTGAGE,2.0,DEBTCONSOLIDATION,B,15000,10.25,0.21,N,2,0
9692,28,120000,RENT,1.0,HOMEIMPROVEMENT,B,10000,11.14,0.08,N,7,0
9693,28,55000,MORTGAGE,0.0,HOMEIMPROVEMENT,D,10000,15.33,0.18,N,9,0
9694,27,30000,RENT,2.0,DEBTCONSOLIDATION,A,6500,8.49,0.22,N,7,0
9695,23,90000,MORTGAGE,7.0,EDUCATION,A,12000,7.51,0.13,N,4,0
9696,32,33600,RENT,5.0,VENTURE,A,5000,6.91,0.15,N,10,0
9697,39,75000,RENT,0.0,PERSONAL,C,6000,13.61,0.08,N,16,0
9698,28,30000,RENT,1.0,HOMEIMPROVEMENT,C,6000,13.49,0.2,Y,6,1
9699,35,92000,RENT,0.0,MEDICAL,C,4700,13.98,0.05,Y,7,0
9700,23,30000,RENT,1.0,MEDICAL,B,4000,10.74,0.13,N,2,0
9701,26,29000,RENT,2.0,DEBTCONSOLIDATION,A,12500,8.9,0.43,N,2,1
9702,28,72000,MORTGAGE,10.0,DEBTCONSOLIDATION,C,10000,14.27,0.14,N,6,0
9703,25,45000,RENT,2.0,MEDICAL,B,12000,10.25,0.27,N,3,0
9704,23,130000,MORTGAGE,5.0,EDUCATION,B,20000,12.53,0.15,N,3,0
9705,28,90000,RENT,5.0,VENTURE,A,10000,7.88,0.11,N,7,0
9706,29,26400,OWN,1.0,MEDICAL,B,9200,10.38,0.34,N,5,0
9707,21,45000,RENT,3.0,MEDICAL,A,4000,6.62,0.09,N,2,0
9708,22,30000,RENT,0.0,VENTURE,A,3350,5.42,0.11,N,2,0
9709,22,38000,RENT,7.0,DEBTCONSOLIDATION,E,12000,17.56,0.32,N,3,1
9710,29,68400,OWN,0.0,EDUCATION,B,7000,11.11,0.1,N,9,0
9711,36,45000,MORTGAGE,3.0,EDUCATION,A,11000,5.99,0.24,N,15,0
9712,26,60000,MORTGAGE,0.0,EDUCATION,B,5000,10.08,0.08,N,4,0
9713,23,54996,RENT,7.0,EDUCATION,B,10000,10.59,0.18,N,3,0
9714,37,19200,RENT,2.0,PERSONAL,D,2000,15.2,0.1,Y,17,1
9715,25,42000,MORTGAGE,5.0,PERSONAL,A,12000,7.29,0.29,N,4,0
9716,27,63000,MORTGAGE,11.0,EDUCATION,D,20000,14.96,0.32,N,10,0
9717,24,65004,MORTGAGE,5.0,MEDICAL,A,4500,6.17,0.07,N,3,0
9718,23,69996,RENT,7.0,VENTURE,C,15000,13.11,0.21,Y,4,0
9719,31,56888,MORTGAGE,10.0,EDUCATION,C,14000,13.11,0.24,N,6,0
9720,25,80000,OWN,5.0,EDUCATION,B,4200,11.99,0.05,N,2,0
9721,23,36000,RENT,2.0,PERSONAL,B,6000,10.59,0.17,N,3,1
9722,45,115000,MORTGAGE,7.0,PERSONAL,B,6000,12.69,0.05,N,17,0
9723,25,36000,RENT,9.0,MEDICAL,A,5000,7.9,0.14,N,2,0
9724,27,42000,RENT,4.0,MEDICAL,A,6000,7.49,0.14,N,8,0
9725,29,28800,RENT,2.0,EDUCATION,A,7000,8.0,0.24,N,7,0
9726,25,25200,RENT,0.0,EDUCATION,A,10000,7.66,0.4,N,3,1
9727,45,72000,MORTGAGE,15.0,EDUCATION,B,16000,10.99,0.22,N,12,0
9728,24,28800,RENT,5.0,EDUCATION,C,5000,14.35,0.17,Y,3,0
9729,25,110000,MORTGAGE,9.0,MEDICAL,A,6000,6.03,0.05,N,3,0
9730,22,24000,MORTGAGE,1.0,VENTURE,A,5000,9.32,0.21,N,2,0
9731,29,120000,MORTGAGE,9.0,PERSONAL,B,5600,11.49,0.05,N,5,0
9732,23,30000,RENT,6.0,MEDICAL,C,10000,13.49,0.33,Y,4,1
9733,47,65000,RENT,5.0,PERSONAL,C,8000,14.35,0.12,N,16,0
9734,29,60000,MORTGAGE,4.0,VENTURE,B,20000,11.71,0.33,N,7,0
9735,27,54000,RENT,11.0,MEDICAL,D,16750,14.96,0.31,Y,6,1
9736,23,60000,RENT,7.0,PERSONAL,A,20000,7.88,0.33,N,2,1
9737,27,110000,MORTGAGE,2.0,MEDICAL,B,12000,10.74,0.11,N,10,0
9738,28,24000,RENT,0.0,VENTURE,D,9250,15.62,0.4,N,7,1
9739,27,40000,RENT,3.0,EDUCATION,A,5300,8.38,0.14,N,6,0
9740,23,43000,RENT,7.0,MEDICAL,A,7000,7.51,0.16,N,2,0
9741,23,120000,MORTGAGE,7.0,EDUCATION,B,11000,11.99,0.09,N,3,0
9742,24,56000,OWN,8.0,VENTURE,A,2000,7.4,0.04,N,3,0
9743,34,34000,MORTGAGE,15.0,EDUCATION,B,5000,11.71,0.15,N,5,1
9744,24,38000,RENT,5.0,MEDICAL,B,8000,12.69,0.21,N,3,0
9745,26,30000,RENT,0.0,PERSONAL,B,4000,10.39,0.13,N,2,1
9746,31,80000,RENT,5.0,VENTURE,B,15000,10.62,0.19,N,6,0
9747,23,78000,MORTGAGE,7.0,EDUCATION,A,6000,7.51,0.08,N,4,0
9748,40,54400,RENT,2.0,PERSONAL,D,9500,14.42,0.16,N,16,1
9749,25,57600,MORTGAGE,8.0,PERSONAL,B,1000,11.49,0.02,N,4,0
9750,31,57500,MORTGAGE,2.0,VENTURE,A,9000,6.91,0.16,N,6,0
9751,28,170000,RENT,4.0,HOMEIMPROVEMENT,D,10000,14.96,0.06,Y,5,0
9752,22,51621,MORTGAGE,6.0,MEDICAL,B,3600,11.49,0.07,N,2,0
9753,23,36000,RENT,3.0,VENTURE,C,9500,13.48,0.27,Y,2,0
9754,23,74880,RENT,3.0,MEDICAL,A,5000,5.42,0.07,N,2,0
9755,21,40000,RENT,3.0,DEBTCONSOLIDATION,C,2400,13.61,0.06,Y,2,0
9756,27,105000,MORTGAGE,0.0,EDUCATION,B,24000,11.48,0.23,N,6,0
9757,44,60000,MORTGAGE,4.0,HOMEIMPROVEMENT,A,5000,7.88,0.08,N,11,0
9758,22,18000,RENT,1.0,HOMEIMPROVEMENT,C,6000,13.49,0.33,Y,3,1
9759,29,75000,MORTGAGE,10.0,VENTURE,B,5600,11.86,0.07,N,7,0
9760,22,56000,RENT,6.0,VENTURE,B,5000,12.18,0.09,N,2,0
9761,25,74600,RENT,5.0,MEDICAL,C,8000,13.35,0.11,N,4,1
9762,22,50000,MORTGAGE,6.0,DEBTCONSOLIDATION,A,7000,6.03,0.14,N,2,0
9763,33,35000,RENT,7.0,MEDICAL,B,4200,11.99,0.12,N,8,0
9764,30,39500,RENT,2.0,VENTURE,B,10000,11.36,0.25,N,7,0
9765,53,130000,RENT,4.0,VENTURE,C,20000,13.48,0.15,N,23,0
9766,23,40000,RENT,1.0,EDUCATION,C,7500,13.49,0.19,N,4,0
9767,37,105000,MORTGAGE,14.0,PERSONAL,A,5000,7.75,0.05,N,15,0
9768,31,60000,MORTGAGE,3.0,MEDICAL,A,3000,6.76,0.05,N,8,0
9769,28,36000,RENT,1.0,DEBTCONSOLIDATION,A,5000,7.51,0.14,N,10,0
9770,23,25000,RENT,5.0,EDUCATION,D,6000,14.59,0.24,N,3,0
9771,26,85000,MORTGAGE,10.0,PERSONAL,B,20000,9.88,0.24,N,4,0
9772,26,48000,RENT,2.0,PERSONAL,A,6000,5.99,0.13,N,2,0
9773,41,120000,MORTGAGE,0.0,PERSONAL,A,15000,6.17,0.13,N,14,0
9774,30,50000,MORTGAGE,8.0,PERSONAL,A,6000,7.88,0.12,N,8,0
9775,35,35000,RENT,2.0,EDUCATION,B,10000,10.37,0.29,N,5,0
9776,37,65000,RENT,9.0,MEDICAL,B,25000,9.25,0.38,N,16,1
9777,24,90000,MORTGAGE,8.0,MEDICAL,A,3600,7.51,0.04,N,4,0
9778,24,30000,MORTGAGE,6.0,HOMEIMPROVEMENT,A,4000,5.99,0.13,N,3,0
9779,27,81600,MORTGAGE,7.0,EDUCATION,A,10000,7.49,0.11,N,7,0
9780,31,50000,RENT,6.0,VENTURE,A,7000,7.49,0.14,N,6,0
9781,33,35000,RENT,1.0,VENTURE,D,8000,15.05,0.23,N,6,1
9782,26,30000,RENT,10.0,PERSONAL,A,2000,8.49,0.07,N,2,0
9783,32,45000,RENT,2.0,DEBTCONSOLIDATION,B,2400,12.21,0.05,N,7,0
9784,27,150000,MORTGAGE,0.0,PERSONAL,D,20000,16.0,0.13,N,5,0
9785,26,108717,MORTGAGE,6.0,HOMEIMPROVEMENT,A,13600,6.91,0.13,N,4,0
9786,39,53200,MORTGAGE,0.0,PERSONAL,B,5000,9.32,0.09,N,12,0
9787,22,90000,MORTGAGE,6.0,DEBTCONSOLIDATION,A,5000,5.42,0.05,N,2,0
9788,28,112000,OWN,3.0,HOMEIMPROVEMENT,B,12000,11.71,0.11,N,8,0
9789,23,44000,RENT,0.0,EDUCATION,A,5500,7.88,0.13,N,4,0
9790,24,55992,RENT,6.0,VENTURE,B,14000,10.75,0.25,N,3,0
9791,27,65000,RENT,11.0,DEBTCONSOLIDATION,B,10000,12.69,0.15,N,7,0
9792,38,60000,MORTGAGE,6.0,MEDICAL,C,6000,12.99,0.1,N,11,0
9793,24,52000,MORTGAGE,5.0,PERSONAL,A,5000,7.14,0.1,N,4,0
9794,21,24000,RENT,4.0,PERSONAL,C,9600,14.27,0.4,N,4,1
9795,28,108000,MORTGAGE,13.0,HOMEIMPROVEMENT,A,8000,6.03,0.07,N,9,0
9796,34,55000,RENT,6.0,VENTURE,B,5000,9.99,0.09,N,7,0
9797,23,27852,OWN,7.0,PERSONAL,A,9000,7.51,0.33,N,4,0
9798,21,35004,MORTGAGE,3.0,EDUCATION,B,5600,11.49,0.16,N,2,0
9799,30,120000,RENT,3.0,EDUCATION,C,5000,13.61,0.04,Y,7,0
9800,23,53000,MORTGAGE,7.0,MEDICAL,A,3000,5.42,0.06,N,2,0
9801,28,90000,RENT,4.0,DEBTCONSOLIDATION,B,7000,11.71,0.08,N,10,0
9802,24,25000,RENT,0.0,VENTURE,A,5000,8.94,0.21,N,2,0
9803,23,90000,RENT,0.0,DEBTCONSOLIDATION,B,16000,12.18,0.18,N,3,0
9804,25,33000,RENT,1.0,MEDICAL,C,8000,13.99,0.24,Y,3,1
9805,29,31200,RENT,5.0,DEBTCONSOLIDATION,A,3200,7.88,0.1,N,10,0
9806,22,29244,RENT,1.0,VENTURE,D,12000,13.3,0.41,Y,2,1
9807,22,36000,RENT,1.0,EDUCATION,C,3600,13.61,0.1,Y,4,0
9808,23,36000,MORTGAGE,5.0,VENTURE,D,4000,16.32,0.11,Y,4,0
9809,28,30000,RENT,0.0,VENTURE,B,6600,12.42,0.22,N,9,0
9810,26,138000,MORTGAGE,3.0,EDUCATION,B,4000,11.86,0.03,N,4,0
9811,24,90000,RENT,8.0,EDUCATION,A,12000,6.99,0.13,N,4,0
9812,26,88900,MORTGAGE,9.0,MEDICAL,B,20000,11.83,0.22,N,3,0
9813,29,40000,RENT,2.0,EDUCATION,C,3600,13.11,0.09,Y,6,0
9814,45,42000,MORTGAGE,1.0,VENTURE,B,6000,12.21,0.14,N,16,0
9815,25,50000,MORTGAGE,5.0,DEBTCONSOLIDATION,C,4500,13.98,0.09,Y,2,0
9816,23,65000,MORTGAGE,1.0,EDUCATION,B,20000,11.36,0.31,N,4,0
9817,33,68400,MORTGAGE,15.0,PERSONAL,C,7000,13.98,0.1,Y,6,1
9818,24,100000,MORTGAGE,5.0,PERSONAL,A,15000,7.49,0.15,N,4,0
9819,31,60000,MORTGAGE,3.0,PERSONAL,C,6000,12.99,0.1,Y,10,0
9820,22,53000,RENT,5.0,MEDICAL,D,5000,14.96,0.09,Y,3,0
9821,23,32000,RENT,0.0,EDUCATION,C,3000,12.87,0.09,Y,4,1
9822,27,145000,MORTGAGE,1.0,EDUCATION,B,25000,11.36,0.17,N,9,0
9823,30,90000,MORTGAGE,2.0,HOMEIMPROVEMENT,A,7500,7.49,0.08,N,8,0
9824,38,90000,MORTGAGE,7.0,HOMEIMPROVEMENT,A,4500,7.14,0.05,N,17,0
9825,32,90000,RENT,8.0,HOMEIMPROVEMENT,B,8000,11.71,0.09,N,5,0
9826,27,60000,MORTGAGE,1.0,VENTURE,B,4500,12.21,0.07,N,5,0
9827,28,44094,RENT,1.0,VENTURE,A,3600,7.37,0.08,N,9,0
9828,21,47000,RENT,3.0,PERSONAL,A,5000,9.63,0.11,N,4,0
9829,22,42000,RENT,3.0,VENTURE,D,8000,16.29,0.19,N,2,0
9830,23,36000,RENT,1.0,EDUCATION,B,8000,12.69,0.22,N,4,0
9831,23,78000,MORTGAGE,7.0,DEBTCONSOLIDATION,A,5000,8.0,0.06,N,3,1
9832,25,49200,RENT,1.0,EDUCATION,B,23500,11.36,0.49,N,2,1
9833,22,50000,MORTGAGE,6.0,VENTURE,B,6500,10.99,0.14,N,3,0
9834,34,93000,RENT,0.0,EDUCATION,A,7500,7.88,0.08,N,9,0
9835,27,60000,OWN,4.0,MEDICAL,A,10000,7.51,0.17,N,9,0
9836,24,55000,RENT,4.0,MEDICAL,A,12000,6.54,0.22,N,2,0
9837,22,60000,MORTGAGE,2.0,PERSONAL,B,10000,11.71,0.17,N,2,0
9838,31,30000,OWN,2.0,MEDICAL,A,10000,7.29,0.33,N,9,0
9839,25,60000,RENT,9.0,MEDICAL,C,20000,13.79,0.33,N,3,1
9840,22,70000,MORTGAGE,1.0,DEBTCONSOLIDATION,B,7800,11.14,0.11,N,3,0
9841,30,52000,MORTGAGE,14.0,DEBTCONSOLIDATION,A,5000,6.03,0.1,N,9,0
9842,26,57504,RENT,2.0,MEDICAL,A,3000,5.42,0.05,N,4,0
9843,21,33000,RENT,2.0,MEDICAL,B,1800,9.88,0.05,N,2,0
9844,22,50000,OWN,6.0,VENTURE,A,10800,6.62,0.21,N,3,0
9845,25,50000,RENT,9.0,EDUCATION,A,16000,7.9,0.32,N,2,1
9846,24,65004,RENT,3.0,DEBTCONSOLIDATION,C,2500,13.49,0.04,N,4,0
9847,28,68804,RENT,4.0,HOMEIMPROVEMENT,A,13600,8.59,0.19,N,9,0
9848,37,69996,MORTGAGE,7.0,VENTURE,B,2500,10.65,0.03,N,14,0
9849,23,72000,RENT,4.0,VENTURE,A,10000,5.79,0.14,N,3,0
9850,24,50000,RENT,8.0,HOMEIMPROVEMENT,D,9000,16.89,0.19,N,2,0
9851,21,36120,RENT,5.0,VENTURE,B,9000,9.99,0.25,N,3,0
9852,23,50000,RENT,1.0,EDUCATION,C,10000,12.73,0.2,N,3,0
9853,25,26400,RENT,0.0,MEDICAL,C,10000,14.26,0.38,Y,3,1
9854,25,35000,RENT,9.0,PERSONAL,B,9000,10.99,0.26,N,3,0
9855,24,30000,RENT,2.0,PERSONAL,D,6000,14.96,0.2,Y,3,1
9856,33,43200,OWN,6.0,MEDICAL,B,5000,9.99,0.12,N,6,0
9857,30,34000,RENT,3.0,VENTURE,B,5400,11.49,0.15,N,9,0
9858,22,41000,RENT,3.0,VENTURE,B,8000,10.99,0.2,N,2,0
9859,28,29000,RENT,5.0,MEDICAL,B,6000,10.59,0.21,N,6,0
9860,22,70000,MORTGAGE,6.0,PERSONAL,B,4000,11.83,0.06,N,2,0
9861,24,60000,MORTGAGE,2.0,PERSONAL,D,3600,16.77,0.06,N,4,0
9862,23,62004,RENT,7.0,MEDICAL,B,8400,12.21,0.14,N,2,0
9863,32,56000,MORTGAGE,6.0,HOMEIMPROVEMENT,A,8000,7.51,0.14,N,6,0
9864,23,66996,MORTGAGE,3.0,PERSONAL,B,9000,11.58,0.13,N,3,0
9865,29,70000,RENT,4.0,VENTURE,E,19000,16.82,0.28,Y,6,0
9866,26,75000,MORTGAGE,8.0,VENTURE,C,5000,14.35,0.07,Y,3,0
9867,31,50000,RENT,4.0,PERSONAL,A,16000,8.9,0.32,N,6,1
9868,25,48000,RENT,7.0,MEDICAL,B,20000,11.71,0.42,N,2,1
9869,22,104736,MORTGAGE,6.0,DEBTCONSOLIDATION,C,25000,14.27,0.24,Y,3,0
9870,33,82404,OWN,8.0,EDUCATION,B,12000,10.36,0.15,N,7,0
9871,29,72500,MORTGAGE,2.0,HOMEIMPROVEMENT,A,4000,5.42,0.06,N,7,0
9872,22,77000,RENT,0.0,PERSONAL,A,18000,7.88,0.24,N,3,0
9873,23,72000,RENT,7.0,EDUCATION,B,10000,11.12,0.14,N,4,0
9874,29,55000,MORTGAGE,8.0,PERSONAL,A,1500,7.51,0.03,N,10,0
9875,23,52000,MORTGAGE,7.0,EDUCATION,B,15000,10.0,0.29,N,4,0
9876,26,98850,RENT,10.0,EDUCATION,B,12000,10.99,0.13,N,4,0
9877,48,34000,RENT,2.0,DEBTCONSOLIDATION,D,5000,16.02,0.15,N,11,1
9878,28,60000,MORTGAGE,8.0,DEBTCONSOLIDATION,A,12000,7.88,0.2,N,9,0
9879,34,60000,MORTGAGE,5.0,EDUCATION,A,4000,7.88,0.07,N,8,0
9880,30,60000,MORTGAGE,3.0,EDUCATION,B,2000,11.49,0.03,N,10,0
9881,28,39000,RENT,3.0,MEDICAL,A,4000,7.88,0.1,N,7,0
9882,22,40000,MORTGAGE,0.0,MEDICAL,A,14000,7.49,0.35,N,4,0
9883,21,25000,RENT,5.0,MEDICAL,B,4000,10.99,0.16,N,3,0
9884,29,25200,RENT,14.0,HOMEIMPROVEMENT,A,5500,6.54,0.22,N,5,0
9885,23,80000,MORTGAGE,7.0,VENTURE,B,6000,11.71,0.07,N,2,0
9886,27,60000,RENT,3.0,VENTURE,A,7000,8.9,0.12,N,10,0
9887,37,34560,RENT,6.0,VENTURE,B,5500,10.99,0.16,N,11,0
9888,28,120000,MORTGAGE,0.0,EDUCATION,A,15000,9.63,0.13,N,10,0
9889,32,50000,MORTGAGE,6.0,EDUCATION,B,6000,10.59,0.12,N,10,0
9890,24,145986,MORTGAGE,2.0,VENTURE,A,6000,5.42,0.04,N,4,0
9891,22,94050,RENT,1.0,DEBTCONSOLIDATION,C,19200,11.97,0.21,Y,2,0
9892,57,60000,MORTGAGE,1.0,PERSONAL,C,5000,12.61,0.08,Y,20,1
9893,39,40000,RENT,0.0,PERSONAL,B,5800,10.25,0.15,N,14,0
9894,23,78000,MORTGAGE,7.0,PERSONAL,C,20000,15.96,0.26,Y,2,0
9895,22,75000,RENT,6.0,VENTURE,C,14100,13.49,0.19,Y,3,0
9896,22,100000,RENT,6.0,PERSONAL,B,10000,10.37,0.1,N,2,0
9897,21,50000,RENT,5.0,MEDICAL,A,4800,7.51,0.1,N,2,0
9898,36,75000,MORTGAGE,13.0,HOMEIMPROVEMENT,B,9000,10.59,0.12,N,15,0
9899,28,60000,MORTGAGE,5.0,MEDICAL,B,12000,10.99,0.2,N,8,0
9900,27,38000,RENT,3.0,MEDICAL,B,5700,10.59,0.15,N,8,0
9901,22,25000,RENT,3.0,EDUCATION,B,2000,9.91,0.08,N,4,0
9902,23,80000,MORTGAGE,7.0,PERSONAL,B,7500,11.71,0.09,N,2,0
9903,28,41604,MORTGAGE,0.0,EDUCATION,A,10400,8.9,0.25,N,7,0
9904,27,34000,RENT,11.0,VENTURE,B,5000,10.65,0.15,N,10,0
9905,23,33600,OWN,7.0,EDUCATION,B,10000,9.99,0.3,N,2,0
9906,25,39000,RENT,9.0,EDUCATION,B,15000,10.99,0.38,N,2,1
9907,22,40000,RENT,6.0,EDUCATION,D,4750,15.62,0.12,Y,4,0
9908,38,140000,RENT,1.0,DEBTCONSOLIDATION,D,5000,16.89,0.04,N,16,1
9909,22,42000,MORTGAGE,2.0,EDUCATION,A,3500,7.49,0.08,N,4,0
9910,28,40000,RENT,1.0,DEBTCONSOLIDATION,A,3500,7.9,0.09,N,8,0
9911,26,36000,RENT,4.0,VENTURE,D,9500,15.33,0.27,Y,4,1
9912,27,44004,RENT,2.0,VENTURE,E,15000,17.19,0.34,N,5,1
9913,28,100000,MORTGAGE,0.0,EDUCATION,B,16000,11.83,0.16,N,5,0
9914,29,36000,OWN,14.0,EDUCATION,D,7500,15.58,0.21,Y,9,0
9915,26,54000,MORTGAGE,10.0,HOMEIMPROVEMENT,A,8000,8.94,0.15,N,3,0
9916,23,38000,RENT,7.0,VENTURE,B,9000,10.99,0.24,N,4,0
9917,39,85000,MORTGAGE,1.0,MEDICAL,C,12000,12.99,0.14,N,13,0
9918,50,120000,RENT,1.0,HOMEIMPROVEMENT,B,10000,11.49,0.08,N,17,0
9919,22,60000,RENT,6.0,DEBTCONSOLIDATION,D,8000,15.21,0.13,N,2,1
9920,25,70000,MORTGAGE,5.0,VENTURE,A,12000,6.99,0.17,N,4,0
9921,21,74000,MORTGAGE,0.0,DEBTCONSOLIDATION,B,15000,11.26,0.2,N,2,0
9922,33,31416,OWN,0.0,VENTURE,B,8000,11.12,0.25,N,6,0
9923,23,65000,MORTGAGE,1.0,DEBTCONSOLIDATION,B,4800,9.99,0.07,N,4,0
9924,22,52660,RENT,4.0,PERSONAL,A,4800,7.14,0.09,N,4,0
9925,36,70000,RENT,6.0,EDUCATION,C,6000,13.49,0.09,N,13,0
9926,37,100000,MORTGAGE,0.0,VENTURE,B,15000,10.99,0.15,N,14,0
9927,55,30000,RENT,4.0,PERSONAL,C,3600,13.49,0.12,N,26,1
9928,29,55000,RENT,3.0,EDUCATION,B,4000,10.74,0.07,N,6,0
9929,29,85000,OWN,3.0,PERSONAL,C,20000,12.41,0.24,Y,10,0
9930,25,70000,MORTGAGE,3.0,VENTURE,A,4000,5.99,0.06,N,4,0
9931,22,48000,MORTGAGE,7.0,MEDICAL,B,15000,11.36,0.31,N,2,0
9932,22,34000,RENT,2.0,PERSONAL,C,6000,13.57,0.18,Y,3,0
9933,28,75000,MORTGAGE,2.0,HOMEIMPROVEMENT,C,15000,14.65,0.2,Y,9,0
9934,31,351699,RENT,7.0,HOMEIMPROVEMENT,C,10500,15.96,0.03,N,9,0
9935,30,58000,MORTGAGE,1.0,PERSONAL,C,10400,13.06,0.18,Y,9,0
9936,22,33600,RENT,1.0,EDUCATION,A,10000,8.49,0.3,N,2,0
9937,23,60000,MORTGAGE,2.0,DEBTCONSOLIDATION,A,15000,7.51,0.25,N,4,0
9938,27,67746,RENT,7.0,HOMEIMPROVEMENT,D,21500,14.96,0.31,Y,5,1
9939,25,55000,RENT,3.0,HOMEIMPROVEMENT,C,15000,14.27,0.27,N,4,0
9940,25,111262,MORTGAGE,2.0,PERSONAL,B,20000,12.53,0.18,N,4,0
9941,26,45000,RENT,2.0,MEDICAL,C,8000,13.11,0.18,N,3,0
9942,22,25568,RENT,6.0,VENTURE,D,12000,16.49,0.47,N,4,1
9943,23,91000,MORTGAGE,2.0,DEBTCONSOLIDATION,B,1800,10.75,0.02,N,2,0
9944,35,60000,MORTGAGE,3.0,VENTURE,B,13000,10.99,0.22,N,8,0
9945,22,30000,RENT,2.0,EDUCATION,C,3600,15.27,0.12,Y,2,0
9946,37,45000,MORTGAGE,2.0,EDUCATION,A,8000,8.59,0.18,N,15,0
9947,28,50000,RENT,4.0,DEBTCONSOLIDATION,C,8500,14.79,0.17,Y,5,0
9948,23,50000,RENT,4.0,VENTURE,C,7200,13.48,0.14,Y,4,0
9949,24,107000,MORTGAGE,1.0,DEBTCONSOLIDATION,B,3000,11.71,0.03,N,4,0
9950,34,54000,MORTGAGE,5.0,MEDICAL,B,4000,11.71,0.07,N,8,0
9951,38,62000,RENT,4.0,HOMEIMPROVEMENT,B,8000,11.49,0.13,N,11,0
9952,24,45000,RENT,0.0,MEDICAL,C,7000,13.79,0.16,Y,2,0
9953,49,38400,RENT,4.0,MEDICAL,B,3000,9.91,0.08,N,17,0
9954,38,52000,MORTGAGE,3.0,VENTURE,B,12250,11.36,0.23,N,13,0
9955,28,46000,RENT,0.0,HOMEIMPROVEMENT,D,10000,16.29,0.22,Y,10,1
9956,26,54000,MORTGAGE,5.0,EDUCATION,C,10000,15.23,0.19,N,3,1
9957,27,98000,MORTGAGE,2.0,HOMEIMPROVEMENT,B,5000,10.59,0.05,N,6,0
9958,26,33600,RENT,0.0,MEDICAL,B,6000,11.48,0.18,N,2,0
9959,27,60000,RENT,7.0,DEBTCONSOLIDATION,B,12000,11.71,0.2,N,10,0
9960,24,36000,RENT,0.0,DEBTCONSOLIDATION,B,4000,11.11,0.11,N,2,0
9961,34,60000,MORTGAGE,18.0,DEBTCONSOLIDATION,B,2000,10.62,0.03,N,7,0
9962,29,60000,MORTGAGE,9.0,MEDICAL,A,12800,5.79,0.21,N,6,0
9963,26,60000,MORTGAGE,2.0,MEDICAL,A,7000,7.88,0.12,N,4,0
9964,27,120000,MORTGAGE,1.0,HOMEIMPROVEMENT,A,14000,8.94,0.12,N,9,0
9965,31,78000,MORTGAGE,5.0,VENTURE,B,25000,11.71,0.32,N,6,0
9966,23,38000,RENT,1.0,PERSONAL,B,8000,10.99,0.21,N,4,0
9967,23,44000,RENT,2.0,MEDICAL,B,6000,9.99,0.14,N,2,0
9968,23,78700,MORTGAGE,7.0,PERSONAL,C,10000,13.48,0.13,Y,3,0
9969,23,40000,RENT,4.0,EDUCATION,A,6000,6.17,0.15,N,3,0
9970,23,83004,RENT,7.0,DEBTCONSOLIDATION,A,2000,7.9,0.02,N,3,0
9971,22,100000,RENT,6.0,EDUCATION,C,20000,13.49,0.2,Y,2,0
9972,23,34482,RENT,3.0,EDUCATION,A,7000,7.51,0.21,N,3,0
9973,23,25000,RENT,0.0,DEBTCONSOLIDATION,A,10000,6.54,0.4,N,3,1
9974,22,36120,OWN,3.0,EDUCATION,B,9000,10.38,0.25,N,4,0
9975,23,75000,RENT,3.0,PERSONAL,B,20000,11.11,0.27,N,2,0
9976,22,55000,RENT,2.0,VENTURE,C,6000,12.61,0.11,N,4,0
9977,25,30000,RENT,2.0,VENTURE,B,3000,10.95,0.1,N,2,0
9978,26,62000,OWN,3.0,EDUCATION,B,10000,11.48,0.16,N,3,0
9979,22,78000,RENT,6.0,EDUCATION,C,8000,13.16,0.1,Y,4,0
9980,29,48000,RENT,0.0,MEDICAL,A,3000,7.49,0.06,N,8,0
9981,42,40000,RENT,0.0,EDUCATION,A,4500,7.66,0.11,N,12,0
9982,29,34000,RENT,1.0,HOMEIMPROVEMENT,D,7500,14.91,0.23,N,9,1
9983,25,75000,MORTGAGE,9.0,VENTURE,B,15000,11.49,0.2,N,3,0
9984,21,56000,RENT,5.0,EDUCATION,B,9000,11.49,0.16,N,4,0
9985,22,70000,MORTGAGE,1.0,EDUCATION,B,12250,12.53,0.17,N,4,0
9986,27,54996,OWN,7.0,EDUCATION,B,18000,10.38,0.33,N,10,0
9987,28,24000,RENT,0.0,HOMEIMPROVEMENT,B,6000,10.59,0.25,N,8,1
9988,31,80000,MORTGAGE,4.0,VENTURE,B,14000,11.86,0.17,N,7,0
9989,26,91200,OWN,10.0,HOMEIMPROVEMENT,C,12000,13.61,0.13,Y,2,0
9990,25,75000,RENT,9.0,DEBTCONSOLIDATION,A,10000,5.42,0.13,N,3,0
9991,29,60000,RENT,4.0,MEDICAL,A,2500,7.29,0.04,N,10,0
9992,39,70000,RENT,3.0,EDUCATION,C,8400,14.72,0.12,Y,17,0
9993,23,40000,RENT,4.0,PERSONAL,B,10000,12.42,0.25,N,3,0
9994,26,48000,MORTGAGE,8.0,EDUCATION,A,5000,5.42,0.1,N,2,0
9995,33,38000,MORTGAGE,3.0,PERSONAL,A,5000,7.51,0.13,N,5,0
9996,25,75000,MORTGAGE,9.0,PERSONAL,B,4000,12.69,0.05,N,4,0
9997,58,48000,RENT,41.0,PERSONAL,D,7500,13.55,0.17,Y,24,0
9998,29,52000,MORTGAGE,13.0,MEDICAL,A,12000,6.62,0.23,N,7,0
9999,28,60000,OWN,12.0,MEDICAL,C,20000,13.99,0.33,Y,7,0
10000,22,35000,RENT,0.0,MEDICAL,C,1800,13.49,0.05,Y,4,0
10001,26,100000,RENT,10.0,DEBTCONSOLIDATION,B,5000,12.42,0.05,N,2,0
10002,21,65000,RENT,3.0,VENTURE,B,15000,10.75,0.23,N,2,0
10003,27,115000,RENT,0.0,PERSONAL,B,35000,11.36,0.29,N,9,0
10004,52,100000,MORTGAGE,1.0,PERSONAL,B,12000,12.69,0.12,N,24,0
10005,30,66000,RENT,14.0,EDUCATION,C,10000,13.8,0.15,N,7,0
10006,22,29000,RENT,6.0,EDUCATION,A,7000,7.9,0.24,N,3,0
10007,25,36000,RENT,2.0,MEDICAL,D,15000,14.59,0.42,N,2,1
10008,21,30000,RENT,5.0,EDUCATION,A,7500,5.79,0.25,N,2,0
10009,27,72000,RENT,11.0,PERSONAL,B,9000,11.71,0.13,N,5,0
10010,32,90000,RENT,2.0,MEDICAL,C,10000,13.57,0.11,N,8,0
10011,21,30000,MORTGAGE,2.0,PERSONAL,A,9875,7.51,0.33,N,3,0
10012,30,80000,OWN,8.0,VENTURE,C,6400,15.23,0.08,N,8,0
10013,23,75000,RENT,7.0,PERSONAL,B,18000,10.74,0.24,N,2,0
10014,44,110000,RENT,5.0,PERSONAL,A,4900,6.76,0.04,N,12,0
10015,36,33000,RENT,2.0,VENTURE,C,7500,13.92,0.22,Y,14,0
10016,23,35482,MORTGAGE,7.0,VENTURE,A,9000,7.66,0.26,N,2,0
10017,24,95000,MORTGAGE,8.0,DEBTCONSOLIDATION,B,21000,11.49,0.22,N,2,0
10018,26,46000,RENT,10.0,EDUCATION,B,8000,9.91,0.17,N,4,0
10019,24,85000,MORTGAGE,1.0,EDUCATION,A,10000,8.49,0.12,N,4,0
10020,26,30000,RENT,4.0,PERSONAL,B,10000,11.99,0.33,N,2,1
10021,30,64000,MORTGAGE,14.0,PERSONAL,C,1050,11.91,0.02,Y,5,0
10022,28,50000,MORTGAGE,12.0,VENTURE,A,3000,6.62,0.06,N,7,0
10023,26,28800,OWN,0.0,VENTURE,A,12250,7.51,0.43,N,4,0
10024,21,27600,RENT,4.0,DEBTCONSOLIDATION,C,7500,13.06,0.27,Y,3,1
10025,22,36000,RENT,1.0,DEBTCONSOLIDATION,B,2500,10.36,0.07,N,2,0
10026,29,65000,MORTGAGE,1.0,VENTURE,A,6000,6.99,0.09,N,9,0
10027,24,48000,RENT,8.0,PERSONAL,A,10000,7.51,0.21,N,3,0
10028,27,40000,MORTGAGE,3.0,PERSONAL,B,5000,10.25,0.13,N,7,0
10029,30,68500,RENT,7.0,EDUCATION,A,10000,7.51,0.15,N,6,0
10030,22,70000,MORTGAGE,6.0,VENTURE,B,15000,11.71,0.21,N,4,0
10031,24,65000,RENT,3.0,MEDICAL,C,6000,13.49,0.09,N,4,0
10032,23,50000,RENT,7.0,MEDICAL,D,12000,14.96,0.24,Y,3,0
10033,21,47133,OWN,2.0,VENTURE,B,10000,10.0,0.21,N,4,0
10034,27,30000,RENT,11.0,HOMEIMPROVEMENT,B,10000,11.86,0.33,N,6,1
10035,24,80500,RENT,5.0,VENTURE,B,7200,9.63,0.09,N,3,0
10036,35,120000,MORTGAGE,0.0,DEBTCONSOLIDATION,A,4500,7.14,0.04,N,9,0
10037,27,55000,RENT,11.0,DEBTCONSOLIDATION,C,3000,14.27,0.05,Y,10,0
10038,24,110000,MORTGAGE,8.0,PERSONAL,C,8000,12.98,0.07,N,4,0
10039,23,60000,RENT,0.0,PERSONAL,A,7000,6.54,0.12,N,2,0
10040,21,71711,MORTGAGE,5.0,EDUCATION,B,10000,10.65,0.14,N,4,1
10041,25,33600,RENT,0.0,DEBTCONSOLIDATION,A,6000,5.79,0.18,N,2,0
10042,22,50000,OWN,3.0,EDUCATION,A,8000,9.32,0.16,N,3,0
10043,25,39996,RENT,3.0,DEBTCONSOLIDATION,B,5000,11.89,0.13,N,2,0
10044,29,58800,RENT,2.0,PERSONAL,B,2000,10.75,0.03,N,5,0
10045,21,33000,OWN,5.0,EDUCATION,A,8000,7.51,0.24,N,4,0
10046,26,40000,RENT,5.0,MEDICAL,A,6500,7.29,0.16,N,3,0
10047,33,75000,RENT,0.0,VENTURE,B,7200,9.88,0.1,N,9,0
10048,23,57700,MORTGAGE,7.0,VENTURE,A,3500,6.99,0.06,N,4,0
10049,32,45000,RENT,5.0,MEDICAL,C,7000,13.47,0.16,N,8,0
10050,27,28000,OWN,3.0,EDUCATION,B,7600,9.91,0.27,N,7,0
10051,51,36000,RENT,5.0,MEDICAL,A,7300,7.88,0.21,N,22,0
10052,25,100000,MORTGAGE,0.0,MEDICAL,C,20000,13.22,0.2,N,4,0
10053,30,45000,RENT,3.0,MEDICAL,B,7000,10.0,0.16,N,8,0
10054,25,100000,MORTGAGE,9.0,HOMEIMPROVEMENT,B,15000,9.88,0.15,N,4,0
10055,33,99996,MORTGAGE,16.0,EDUCATION,A,7000,7.14,0.07,N,7,0
10056,27,44500,RENT,8.0,MEDICAL,A,6400,7.88,0.14,N,10,0
10057,23,60000,RENT,7.0,DEBTCONSOLIDATION,A,12000,7.49,0.2,N,3,0
10058,23,33000,RENT,3.0,EDUCATION,A,5000,6.62,0.15,N,3,0
10059,37,60000,RENT,2.0,MEDICAL,B,6000,10.59,0.1,N,11,0
10060,24,100000,MORTGAGE,6.0,DEBTCONSOLIDATION,D,15000,16.77,0.15,N,2,1
10061,32,71004,RENT,2.0,PERSONAL,E,20000,16.7,0.28,Y,8,1
10062,21,65000,RENT,4.0,VENTURE,A,5000,6.62,0.08,N,4,0
10063,28,90000,MORTGAGE,7.0,MEDICAL,A,4000,5.79,0.04,N,7,0
10064,27,45000,MORTGAGE,0.0,MEDICAL,B,5000,9.25,0.11,N,10,0
10065,26,98000,RENT,10.0,VENTURE,B,4000,12.42,0.04,N,4,0
10066,26,65000,MORTGAGE,10.0,DEBTCONSOLIDATION,A,7500,6.99,0.12,N,3,0
10067,22,45000,RENT,0.0,DEBTCONSOLIDATION,C,1500,12.73,0.03,Y,2,0
10068,24,85000,RENT,0.0,HOMEIMPROVEMENT,B,20000,10.38,0.24,N,2,0
10069,41,62000,RENT,4.0,HOMEIMPROVEMENT,D,10000,14.91,0.16,N,13,0
10070,31,29000,RENT,0.0,DEBTCONSOLIDATION,D,10000,15.62,0.34,N,8,1
10071,24,120000,MORTGAGE,8.0,HOMEIMPROVEMENT,C,10000,12.99,0.08,Y,3,0
10072,25,50000,RENT,0.0,VENTURE,B,10000,10.65,0.2,N,3,0
10073,26,57240,OWN,2.0,EDUCATION,A,10000,7.51,0.17,N,4,0
10074,25,60000,MORTGAGE,8.0,HOMEIMPROVEMENT,A,21000,7.9,0.35,N,4,0
10075,34,150000,MORTGAGE,18.0,VENTURE,A,6000,7.66,0.04,N,9,0
10076,25,67200,MORTGAGE,9.0,MEDICAL,A,5000,7.51,0.07,N,2,0
10077,25,115000,MORTGAGE,3.0,MEDICAL,A,4500,7.49,0.04,N,3,0
10078,23,50000,RENT,4.0,PERSONAL,B,18225,11.11,0.36,N,2,1
10079,27,49000,MORTGAGE,4.0,DEBTCONSOLIDATION,B,15000,10.71,0.31,N,9,0
10080,28,40000,RENT,1.0,VENTURE,B,3000,11.89,0.07,N,8,0
10081,27,55000,MORTGAGE,11.0,VENTURE,A,8000,7.49,0.15,N,6,0
10082,23,50400,RENT,2.0,EDUCATION,B,5000,10.38,0.1,N,2,0
10083,23,49000,RENT,3.0,MEDICAL,D,2400,14.3,0.05,N,3,0
10084,45,45000,MORTGAGE,4.0,PERSONAL,D,15250,16.02,0.35,N,17,0
10085,28,60000,RENT,4.0,EDUCATION,A,4800,7.9,0.08,N,10,0
10086,37,120000,MORTGAGE,0.0,DEBTCONSOLIDATION,B,24000,10.75,0.2,N,14,0
10087,24,81996,RENT,4.0,VENTURE,C,3000,13.61,0.04,Y,2,0
10088,24,36000,MORTGAGE,6.0,HOMEIMPROVEMENT,A,2500,7.49,0.07,N,2,0
10089,25,140000,MORTGAGE,3.0,VENTURE,A,18000,5.79,0.13,N,4,0
10090,22,80000,RENT,1.0,MEDICAL,C,12000,13.61,0.15,N,3,0
10091,22,75000,MORTGAGE,6.0,EDUCATION,B,10000,9.88,0.13,N,2,0
10092,26,85000,MORTGAGE,7.0,DEBTCONSOLIDATION,B,19000,11.14,0.22,N,2,0
10093,27,90000,MORTGAGE,11.0,VENTURE,E,25000,17.93,0.28,N,8,0
10094,27,176000,MORTGAGE,4.0,VENTURE,B,1000,11.36,0.01,N,5,0
10095,22,24000,RENT,0.0,DEBTCONSOLIDATION,B,12000,9.64,0.5,N,2,1
10096,27,96000,RENT,2.0,HOMEIMPROVEMENT,C,6000,13.22,0.06,Y,9,0
10097,28,68004,RENT,5.0,HOMEIMPROVEMENT,B,5000,10.0,0.07,N,5,0
10098,24,40000,RENT,1.0,EDUCATION,A,4000,8.49,0.1,N,4,0
10099,38,25000,RENT,3.0,HOMEIMPROVEMENT,D,6000,14.09,0.24,Y,13,1
10100,46,60000,MORTGAGE,7.0,PERSONAL,A,12250,6.62,0.2,N,16,0
10101,22,51000,MORTGAGE,6.0,DEBTCONSOLIDATION,A,6000,5.42,0.12,N,4,0
10102,25,80000,MORTGAGE,9.0,EDUCATION,A,12000,7.49,0.15,N,4,0
10103,25,30000,RENT,9.0,MEDICAL,D,5000,14.42,0.17,N,3,1
10104,22,52000,RENT,6.0,MEDICAL,C,7000,13.85,0.13,N,4,1
10105,29,50000,RENT,0.0,HOMEIMPROVEMENT,B,12000,12.42,0.24,N,9,0
10106,32,90996,MORTGAGE,5.0,MEDICAL,A,6000,6.92,0.07,N,8,0
10107,52,34000,RENT,1.0,DEBTCONSOLIDATION,B,5000,10.99,0.15,N,18,1
10108,31,80000,MORTGAGE,9.0,VENTURE,C,6000,12.99,0.07,Y,9,0
10109,36,44208,MORTGAGE,1.0,MEDICAL,A,5500,7.74,0.13,N,12,0
10110,29,127000,MORTGAGE,12.0,HOMEIMPROVEMENT,B,21000,10.75,0.18,N,5,0
10111,25,60000,MORTGAGE,4.0,VENTURE,A,1200,7.9,0.02,N,2,0
10112,24,60000,RENT,3.0,PERSONAL,C,12000,13.47,0.2,Y,2,0
10113,27,40000,RENT,3.0,PERSONAL,B,6000,10.37,0.15,N,7,0
10114,26,60000,MORTGAGE,3.0,HOMEIMPROVEMENT,A,15000,6.03,0.25,N,3,0
10115,28,50000,MORTGAGE,1.0,HOMEIMPROVEMENT,B,10000,12.69,0.2,N,9,0
10116,28,90000,MORTGAGE,12.0,VENTURE,B,1800,11.83,0.02,N,6,0
10117,32,38196,OWN,6.0,PERSONAL,B,10800,11.83,0.27,N,6,0
10118,25,55000,OWN,9.0,MEDICAL,B,15000,12.69,0.27,N,3,0
10119,26,60000,RENT,5.0,MEDICAL,B,14000,8.88,0.23,N,4,0
10120,34,35760,RENT,4.0,DEBTCONSOLIDATION,D,15000,14.59,0.43,Y,7,1
10121,25,100000,MORTGAGE,5.0,HOMEIMPROVEMENT,A,9000,7.66,0.09,N,2,0
10122,25,52000,MORTGAGE,4.0,EDUCATION,A,3000,7.9,0.06,N,4,0
10123,23,30000,RENT,0.0,MEDICAL,B,4200,11.36,0.14,N,4,0
10124,22,55000,RENT,6.0,EDUCATION,B,6000,11.99,0.11,N,3,0
10125,27,72000,RENT,3.0,PERSONAL,B,12000,10.59,0.17,N,9,0
10126,25,98000,MORTGAGE,9.0,MEDICAL,A,6000,6.91,0.06,N,2,0
10127,23,54000,MORTGAGE,3.0,PERSONAL,A,5000,6.03,0.09,N,4,0
10128,23,40000,OWN,0.0,EDUCATION,A,12000,9.32,0.3,N,2,0
10129,25,24996,RENT,1.0,DEBTCONSOLIDATION,C,4000,12.53,0.16,N,4,0
10130,22,50000,MORTGAGE,7.0,MEDICAL,B,5000,10.36,0.1,N,4,0
10131,29,60000,RENT,2.0,EDUCATION,C,6000,13.72,0.1,Y,7,0
10132,23,30000,RENT,7.0,EDUCATION,C,8000,13.99,0.27,Y,4,0
10133,22,120000,MORTGAGE,6.0,EDUCATION,A,6000,6.03,0.05,N,2,0
10134,30,108000,RENT,0.0,PERSONAL,D,12000,14.96,0.11,Y,10,1
10135,36,80000,MORTGAGE,5.0,HOMEIMPROVEMENT,C,12000,13.61,0.15,N,14,0
10136,27,64000,OWN,11.0,PERSONAL,E,5000,16.0,0.08,Y,6,1
10137,25,60000,RENT,2.0,MEDICAL,B,10800,10.59,0.18,N,2,0
10138,30,120000,MORTGAGE,2.0,MEDICAL,B,25000,10.36,0.21,N,5,0
10139,28,36000,RENT,0.0,EDUCATION,B,3500,12.21,0.1,N,9,1
10140,43,75000,MORTGAGE,7.0,EDUCATION,B,12000,11.49,0.16,N,14,0
10141,22,33000,RENT,6.0,EDUCATION,A,5000,8.9,0.15,N,4,0
10142,24,125000,MORTGAGE,8.0,MEDICAL,A,4800,6.76,0.04,N,2,0
10143,32,40000,RENT,1.0,DEBTCONSOLIDATION,B,4000,10.74,0.1,N,9,0
10144,37,30000,MORTGAGE,3.0,DEBTCONSOLIDATION,D,6000,14.96,0.2,Y,15,1
10145,23,30000,RENT,7.0,DEBTCONSOLIDATION,B,2000,10.36,0.07,N,3,0
10146,22,88824,MORTGAGE,6.0,DEBTCONSOLIDATION,A,12600,6.62,0.14,N,2,0
10147,28,46000,RENT,0.0,DEBTCONSOLIDATION,C,4700,15.96,0.1,N,8,0
10148,48,95000,MORTGAGE,18.0,DEBTCONSOLIDATION,A,5000,5.79,0.05,N,17,0
10149,25,20640,RENT,0.0,MEDICAL,C,3500,12.99,0.17,Y,2,0
10150,23,72000,MORTGAGE,1.0,PERSONAL,A,9000,5.99,0.13,N,4,0
10151,22,27804,RENT,1.0,DEBTCONSOLIDATION,A,5000,7.9,0.17,N,3,0
10152,37,60000,MORTGAGE,2.0,DEBTCONSOLIDATION,A,4000,8.0,0.07,N,13,0
10153,26,50000,MORTGAGE,3.0,VENTURE,B,6000,10.99,0.12,N,3,0
10154,22,30000,RENT,6.0,PERSONAL,A,10000,6.17,0.33,N,4,1
10155,24,66000,RENT,8.0,HOMEIMPROVEMENT,A,12000,7.51,0.18,N,2,0
10156,26,45000,RENT,3.0,PERSONAL,A,12000,7.51,0.27,N,2,0
10157,26,60000,RENT,10.0,VENTURE,C,7000,13.11,0.12,Y,4,0
10158,22,30000,RENT,3.0,DEBTCONSOLIDATION,A,4300,7.9,0.14,N,3,0
10159,27,49800,OTHER,3.0,PERSONAL,B,12000,11.83,0.25,N,10,1
10160,33,100000,RENT,2.0,HOMEIMPROVEMENT,A,9000,8.49,0.09,N,8,0
10161,30,120000,MORTGAGE,11.0,DEBTCONSOLIDATION,C,10000,13.61,0.08,Y,6,0
10162,34,73000,MORTGAGE,7.0,VENTURE,B,3300,10.99,0.04,N,7,0
10163,29,28000,RENT,8.0,MEDICAL,C,7200,14.65,0.27,N,10,0
10164,26,50000,RENT,3.0,HOMEIMPROVEMENT,C,6500,13.49,0.13,N,4,0
10165,23,50000,RENT,2.0,EDUCATION,C,4000,13.47,0.08,N,4,0
10166,46,95000,RENT,0.0,PERSONAL,A,12000,8.94,0.13,N,17,0
10167,36,80000,RENT,7.0,PERSONAL,C,10000,13.49,0.13,N,11,0
10168,28,54000,MORTGAGE,12.0,VENTURE,B,4200,11.49,0.08,N,6,0
10169,24,50000,RENT,3.0,DEBTCONSOLIDATION,B,1450,10.37,0.03,N,4,0
10170,43,60000,RENT,1.0,HOMEIMPROVEMENT,B,10000,9.91,0.17,N,16,0
10171,24,25536,RENT,3.0,MEDICAL,A,12000,8.49,0.47,N,4,1
10172,21,70000,RENT,5.0,PERSONAL,B,5000,11.12,0.07,N,2,0
10173,30,40000,RENT,5.0,MEDICAL,B,1000,10.99,0.03,N,10,0
10174,36,48000,RENT,0.0,DEBTCONSOLIDATION,C,10000,12.61,0.21,N,14,0
10175,33,60000,RENT,0.0,MEDICAL,C,15000,13.06,0.25,N,9,0
10176,30,47000,RENT,4.0,MEDICAL,B,6000,12.42,0.13,N,6,0
10177,23,33000,RENT,2.0,DEBTCONSOLIDATION,B,2000,9.91,0.06,N,3,0
10178,31,70000,MORTGAGE,2.0,MEDICAL,A,8000,7.51,0.11,N,10,0
10179,31,125000,MORTGAGE,15.0,HOMEIMPROVEMENT,B,12000,10.37,0.1,N,8,0
10180,24,40000,MORTGAGE,3.0,VENTURE,A,8000,6.99,0.2,N,3,0
10181,36,90000,RENT,3.0,EDUCATION,E,8000,15.25,0.09,Y,12,0
10182,25,45000,RENT,2.0,DEBTCONSOLIDATION,B,1800,11.71,0.04,N,2,0
10183,30,200000,MORTGAGE,1.0,MEDICAL,A,3000,7.68,0.01,N,8,0
10184,22,43000,MORTGAGE,6.0,DEBTCONSOLIDATION,A,3800,8.9,0.09,N,2,0
10185,29,94000,RENT,13.0,MEDICAL,A,10000,8.9,0.11,N,8,0
10186,40,45600,MORTGAGE,6.0,EDUCATION,A,6250,9.32,0.14,N,16,0
10187,22,60000,MORTGAGE,0.0,PERSONAL,A,6000,5.99,0.1,N,3,0
10188,33,110000,RENT,1.0,HOMEIMPROVEMENT,B,15000,11.14,0.14,N,10,0
10189,31,39996,OWN,0.0,VENTURE,D,6000,14.96,0.15,Y,7,0
10190,23,60000,MORTGAGE,7.0,VENTURE,B,3600,10.25,0.06,N,3,0
10191,29,108000,RENT,2.0,HOMEIMPROVEMENT,A,5000,7.66,0.05,N,10,0
10192,22,68000,RENT,0.0,EDUCATION,C,7000,12.61,0.1,N,2,0
10193,26,73000,MORTGAGE,7.0,PERSONAL,A,16875,7.9,0.24,N,4,0
10194,29,40000,MORTGAGE,13.0,HOMEIMPROVEMENT,A,4000,5.42,0.1,N,9,0
10195,25,100000,MORTGAGE,9.0,DEBTCONSOLIDATION,B,10000,11.49,0.1,N,3,0
10196,32,100000,MORTGAGE,16.0,HOMEIMPROVEMENT,A,10000,7.51,0.1,N,6,0
10197,39,50000,RENT,1.0,PERSONAL,A,10000,5.42,0.2,N,16,0
10198,27,54000,MORTGAGE,0.0,VENTURE,A,10000,8.59,0.19,N,8,0
10199,25,80000,RENT,2.0,DEBTCONSOLIDATION,B,20000,12.18,0.25,N,3,0
10200,28,60000,MORTGAGE,2.0,PERSONAL,C,5000,13.49,0.08,N,6,0
10201,23,110000,MORTGAGE,7.0,PERSONAL,A,10000,8.94,0.09,N,3,0
10202,25,58000,RENT,3.0,HOMEIMPROVEMENT,C,4000,12.87,0.07,Y,3,0
10203,25,60000,RENT,1.0,DEBTCONSOLIDATION,B,7000,12.53,0.12,N,3,0
10204,27,38400,RENT,7.0,MEDICAL,B,3500,11.71,0.09,N,5,0
10205,30,44760,RENT,1.0,MEDICAL,B,7500,10.71,0.17,N,7,0
10206,22,30000,RENT,0.0,DEBTCONSOLIDATION,D,5000,16.77,0.17,N,4,1
10207,32,35000,RENT,0.0,MEDICAL,A,12000,6.91,0.34,N,9,1
10208,21,75000,MORTGAGE,5.0,EDUCATION,A,10000,6.03,0.13,N,4,0
10209,23,46000,RENT,7.0,DEBTCONSOLIDATION,B,16000,10.99,0.36,N,3,1
10210,22,43200,MORTGAGE,2.0,EDUCATION,A,10000,6.17,0.23,N,2,0
10211,26,130000,MORTGAGE,8.0,EDUCATION,B,6000,10.99,0.05,N,3,0
10212,33,100000,RENT,0.0,PERSONAL,B,12000,9.99,0.12,N,6,0
10213,25,60000,RENT,0.0,DEBTCONSOLIDATION,A,5000,8.63,0.08,N,4,0
10214,24,108000,MORTGAGE,8.0,PERSONAL,D,12000,14.61,0.11,Y,4,0
10215,28,34000,RENT,5.0,HOMEIMPROVEMENT,A,10500,7.66,0.3,N,9,1
10216,31,34000,RENT,1.0,MEDICAL,C,6000,12.84,0.18,N,9,0
10217,26,80000,MORTGAGE,1.0,EDUCATION,A,15000,6.54,0.19,N,3,0
10218,29,94000,MORTGAGE,13.0,DEBTCONSOLIDATION,A,15000,7.88,0.16,N,10,0
10219,21,30000,MORTGAGE,5.0,DEBTCONSOLIDATION,A,12000,5.79,0.4,N,3,0
10220,37,58000,RENT,6.0,MEDICAL,B,10000,12.53,0.17,N,14,0
10221,49,75000,RENT,0.0,DEBTCONSOLIDATION,B,25000,10.38,0.33,N,12,1
10222,25,65004,RENT,1.0,DEBTCONSOLIDATION,C,6000,12.87,0.09,N,4,0
10223,23,71000,RENT,6.0,VENTURE,A,14000,7.49,0.19,N,2,0
10224,22,64197,MORTGAGE,7.0,EDUCATION,A,7500,7.14,0.12,N,2,0
10225,33,51000,RENT,5.0,MEDICAL,E,10000,16.32,0.2,Y,9,1
10226,42,60000,RENT,0.0,MEDICAL,A,12000,8.49,0.2,N,11,0
10227,23,50000,RENT,0.0,PERSONAL,B,6400,9.91,0.13,N,3,0
10228,26,45000,RENT,1.0,EDUCATION,B,12000,10.74,0.26,N,3,0
10229,40,18700,RENT,2.0,MEDICAL,C,1500,12.87,0.08,Y,15,0
10230,23,55784,RENT,8.0,EDUCATION,B,2400,12.53,0.04,N,3,1
10231,28,68004,RENT,1.0,HOMEIMPROVEMENT,C,15000,13.16,0.22,Y,7,0
10232,27,40000,RENT,0.0,DEBTCONSOLIDATION,A,2400,8.9,0.06,N,9,0
10233,25,100000,MORTGAGE,9.0,VENTURE,B,8000,11.11,0.08,N,2,0
10234,30,37500,MORTGAGE,4.0,HOMEIMPROVEMENT,C,5000,13.48,0.13,N,6,0
10235,31,27000,RENT,3.0,VENTURE,C,4000,12.73,0.14,Y,9,0
10236,23,38400,RENT,7.0,DEBTCONSOLIDATION,B,12000,12.69,0.32,N,4,1
10237,34,30000,MORTGAGE,6.0,PERSONAL,E,9250,15.68,0.3,N,8,0
10238,28,78000,MORTGAGE,5.0,HOMEIMPROVEMENT,A,10000,7.29,0.13,N,10,0
10239,24,28590,RENT,7.0,EDUCATION,D,8000,15.65,0.28,Y,5,1
10240,26,65000,MORTGAGE,3.0,PERSONAL,B,6000,11.36,0.09,N,4,0
10241,23,56000,MORTGAGE,7.0,VENTURE,A,6000,7.51,0.11,N,3,0
10242,39,80600,RENT,1.0,VENTURE,A,5000,7.68,0.06,N,15,0
10243,22,46704,RENT,6.0,EDUCATION,C,4600,13.11,0.1,Y,2,0
10244,24,56400,MORTGAGE,2.0,DEBTCONSOLIDATION,A,8000,8.49,0.15,N,4,0
10245,24,37000,OWN,5.0,EDUCATION,B,6000,9.99,0.16,N,4,0
10246,27,40000,RENT,5.0,PERSONAL,B,3500,11.49,0.09,N,5,0
10247,22,36996,RENT,4.0,DEBTCONSOLIDATION,A,5300,7.51,0.15,N,4,0
10248,22,75000,RENT,6.0,DEBTCONSOLIDATION,A,6000,7.14,0.08,N,2,0
10249,24,75000,RENT,0.0,EDUCATION,B,10000,9.91,0.13,N,4,0
10250,22,30000,RENT,4.0,EDUCATION,C,10000,13.22,0.33,N,3,1
10251,25,36000,RENT,2.0,VENTURE,C,3600,13.49,0.1,Y,2,0
10252,25,48000,MORTGAGE,9.0,EDUCATION,B,7000,10.25,0.15,N,3,0
10253,24,72000,MORTGAGE,8.0,DEBTCONSOLIDATION,B,6000,10.59,0.08,N,3,0
10254,29,50750,RENT,9.0,EDUCATION,B,7000,11.49,0.14,N,9,0
10255,26,66384,MORTGAGE,3.0,VENTURE,A,6000,7.88,0.09,N,4,0
10256,27,69984,OWN,11.0,VENTURE,A,3600,7.49,0.05,N,8,0
10257,22,41745,RENT,2.0,PERSONAL,A,3200,9.63,0.08,N,3,0
10258,22,30000,RENT,0.0,DEBTCONSOLIDATION,A,3000,8.59,0.1,N,4,0
10259,33,65000,OWN,2.0,HOMEIMPROVEMENT,B,21000,11.36,0.32,N,6,0
10260,36,42000,RENT,3.0,MEDICAL,A,3200,8.9,0.07,N,11,0
10261,27,120000,MORTGAGE,2.0,PERSONAL,A,7000,7.14,0.06,N,10,0
10262,36,50000,MORTGAGE,14.0,HOMEIMPROVEMENT,C,8000,13.98,0.16,Y,17,0
10263,22,190000,MORTGAGE,6.0,EDUCATION,A,5000,6.92,0.03,N,3,0
10264,23,50000,RENT,1.0,MEDICAL,C,9600,13.23,0.19,Y,3,0
10265,34,28704,RENT,0.0,DEBTCONSOLIDATION,A,7000,9.32,0.24,N,5,0
10266,24,45000,RENT,0.0,MEDICAL,A,12000,6.62,0.27,N,4,0
10267,30,49000,MORTGAGE,13.0,DEBTCONSOLIDATION,E,6400,17.93,0.13,Y,7,1
10268,33,35000,RENT,2.0,DEBTCONSOLIDATION,B,7500,10.99,0.21,N,9,0
10269,22,34000,MORTGAGE,5.0,EDUCATION,B,13500,10.62,0.4,N,4,0
10270,24,40000,RENT,0.0,MEDICAL,A,5000,6.17,0.13,N,2,0
10271,22,32400,RENT,2.0,VENTURE,C,10000,13.11,0.31,N,2,1
10272,25,80000,RENT,5.0,MEDICAL,B,20000,11.48,0.25,N,3,0
10273,22,85000,MORTGAGE,6.0,DEBTCONSOLIDATION,A,9800,8.59,0.11,N,3,0
10274,27,24000,RENT,0.0,PERSONAL,B,5000,9.76,0.21,N,8,0
10275,22,108000,MORTGAGE,0.0,DEBTCONSOLIDATION,D,14000,14.42,0.13,N,3,1
10276,22,48000,RENT,1.0,EDUCATION,B,13000,10.99,0.27,N,3,0
10277,24,15996,RENT,1.0,HOMEIMPROVEMENT,D,4000,14.84,0.25,N,3,1
10278,28,32000,RENT,0.0,MEDICAL,B,4800,10.59,0.15,N,5,0
10279,23,30000,RENT,1.0,PERSONAL,B,3000,11.48,0.1,N,2,0
10280,23,45000,RENT,5.0,EDUCATION,B,6000,9.99,0.13,N,2,0
10281,23,45000,RENT,0.0,EDUCATION,C,5000,13.61,0.11,N,4,0
10282,23,31200,MORTGAGE,2.0,EDUCATION,A,3200,5.79,0.1,N,4,0
10283,21,50460,RENT,2.0,PERSONAL,A,6000,7.49,0.12,N,2,0
10284,25,50000,MORTGAGE,5.0,MEDICAL,C,7000,13.85,0.14,N,4,0
10285,25,37000,RENT,2.0,EDUCATION,A,9600,6.62,0.26,N,3,0
10286,24,28800,RENT,6.0,MEDICAL,A,5000,6.54,0.17,N,2,0
10287,32,49000,RENT,16.0,VENTURE,A,6000,6.99,0.12,N,10,0
10288,30,45000,MORTGAGE,5.0,DEBTCONSOLIDATION,A,4000,6.62,0.09,N,7,0
10289,27,60000,OWN,5.0,EDUCATION,D,5000,15.57,0.08,Y,9,0
10290,22,75000,RENT,2.0,DEBTCONSOLIDATION,C,4000,13.49,0.05,N,4,0
10291,35,47125,MORTGAGE,12.0,VENTURE,B,3200,10.99,0.07,N,8,0
10292,24,30000,RENT,1.0,MEDICAL,C,4000,13.98,0.13,N,4,1
10293,29,75000,RENT,3.0,HOMEIMPROVEMENT,B,8000,11.49,0.11,N,9,0
10294,24,120000,RENT,1.0,EDUCATION,B,12000,11.71,0.1,N,2,0
10295,24,83000,RENT,7.0,VENTURE,D,20000,15.33,0.24,Y,2,0
10296,29,60000,MORTGAGE,9.0,VENTURE,A,9000,7.49,0.15,N,5,0
10297,35,110000,MORTGAGE,8.0,DEBTCONSOLIDATION,A,5000,7.29,0.05,N,10,0
10298,26,30000,RENT,2.0,VENTURE,D,10000,14.91,0.34,Y,4,1
10299,26,95000,RENT,0.0,PERSONAL,D,20000,15.28,0.21,Y,2,1
10300,33,52000,MORTGAGE,17.0,HOMEIMPROVEMENT,A,3000,7.49,0.06,N,9,0
10301,38,38000,RENT,5.0,MEDICAL,B,13500,9.63,0.36,N,16,1
10302,24,54996,RENT,0.0,DEBTCONSOLIDATION,D,8700,15.99,0.16,N,2,1
10303,23,100000,RENT,2.0,DEBTCONSOLIDATION,B,11000,10.74,0.11,N,2,0
10304,37,46000,RENT,2.0,DEBTCONSOLIDATION,C,13000,13.48,0.28,Y,15,0
10305,22,60000,MORTGAGE,6.0,EDUCATION,B,10000,9.88,0.17,N,4,0
10306,23,60000,OWN,6.0,EDUCATION,A,8000,5.79,0.13,N,3,0
10307,32,59600,RENT,1.0,HOMEIMPROVEMENT,B,10000,9.25,0.17,N,9,0
10308,38,115000,MORTGAGE,3.0,VENTURE,B,20000,12.21,0.17,N,14,0
10309,23,50000,OWN,3.0,VENTURE,C,2000,12.53,0.04,N,4,0
10310,24,28800,MORTGAGE,0.0,VENTURE,B,5000,11.99,0.17,N,2,0
10311,31,89100,RENT,3.0,HOMEIMPROVEMENT,C,2000,13.48,0.02,N,6,0
10312,22,60000,OWN,6.0,MEDICAL,C,1000,12.68,0.02,N,3,0
10313,27,30000,RENT,2.0,MEDICAL,B,7000,10.37,0.23,N,10,0
10314,30,30996,RENT,1.0,DEBTCONSOLIDATION,C,10000,13.16,0.33,N,7,1
10315,26,110000,MORTGAGE,1.0,HOMEIMPROVEMENT,B,15000,9.76,0.14,N,2,0
10316,24,45000,OWN,0.0,EDUCATION,C,6000,14.26,0.13,Y,3,0
10317,41,90000,RENT,3.0,VENTURE,B,12000,11.71,0.13,N,15,0
10318,33,37200,RENT,3.0,PERSONAL,C,10000,14.65,0.27,N,9,0
10319,33,50000,MORTGAGE,7.0,VENTURE,A,2000,8.9,0.04,N,5,0
10320,29,70000,RENT,3.0,HOMEIMPROVEMENT,A,24000,6.62,0.34,N,8,1
10321,28,150000,RENT,12.0,PERSONAL,B,7500,10.01,0.05,N,7,0
10322,25,48000,RENT,9.0,DEBTCONSOLIDATION,D,12000,16.0,0.24,Y,4,1
10323,27,35500,MORTGAGE,5.0,HOMEIMPROVEMENT,B,11500,9.76,0.31,N,7,0
10324,29,60000,RENT,6.0,VENTURE,A,8000,7.29,0.13,N,9,0
10325,28,124000,MORTGAGE,11.0,HOMEIMPROVEMENT,A,16000,7.49,0.14,N,5,0
10326,23,65000,MORTGAGE,2.0,EDUCATION,A,15000,6.91,0.23,N,4,0
10327,28,80000,MORTGAGE,12.0,HOMEIMPROVEMENT,A,9800,7.88,0.12,N,10,0
10328,30,72000,MORTGAGE,0.0,VENTURE,A,9000,6.99,0.13,N,8,0
10329,22,52000,RENT,5.0,VENTURE,B,18000,9.45,0.35,N,2,1
10330,27,126000,MORTGAGE,0.0,MEDICAL,B,12400,9.99,0.1,N,6,0
10331,21,43000,RENT,2.0,MEDICAL,A,12000,6.03,0.28,N,3,0
10332,34,32004,RENT,0.0,EDUCATION,E,8000,16.45,0.26,Y,6,1
10333,24,45000,MORTGAGE,5.0,EDUCATION,B,5000,10.99,0.11,N,4,0
10334,29,60000,RENT,3.0,VENTURE,C,10000,13.49,0.17,Y,10,0
10335,23,30000,RENT,1.0,EDUCATION,A,6475,5.99,0.21,N,2,0
10336,27,27996,RENT,5.0,PERSONAL,B,1500,12.69,0.05,N,6,0
10337,22,100000,MORTGAGE,6.0,MEDICAL,B,12000,12.21,0.1,N,2,0
10338,27,56000,MORTGAGE,11.0,PERSONAL,B,4000,10.99,0.07,N,10,0
10339,29,53000,MORTGAGE,1.0,EDUCATION,B,6000,10.99,0.11,N,6,0
10340,29,120000,MORTGAGE,13.0,PERSONAL,A,12000,8.94,0.1,N,6,0
10341,26,33996,RENT,4.0,PERSONAL,B,10000,10.95,0.29,N,4,0
10342,22,36628,MORTGAGE,4.0,MEDICAL,D,5000,15.62,0.14,N,4,1
10343,25,71000,RENT,5.0,HOMEIMPROVEMENT,B,6000,11.49,0.08,N,2,0
10344,26,68736,MORTGAGE,6.0,PERSONAL,D,1000,14.84,0.01,Y,2,0
10345,23,42000,RENT,2.0,DEBTCONSOLIDATION,B,10000,10.95,0.24,N,3,0
10346,23,40000,MORTGAGE,5.0,EDUCATION,B,18000,11.99,0.45,N,3,0
10347,30,90000,RENT,2.0,PERSONAL,C,8000,13.98,0.09,N,5,0
10348,24,55000,RENT,0.0,DEBTCONSOLIDATION,D,10000,16.49,0.18,Y,3,1
10349,31,95680,MORTGAGE,1.0,EDUCATION,A,7125,7.9,0.08,N,10,0
10350,31,62400,RENT,3.0,PERSONAL,B,12000,10.99,0.19,N,9,0
10351,22,50000,RENT,3.0,EDUCATION,C,2400,12.23,0.05,N,3,0
10352,23,40000,RENT,1.0,EDUCATION,C,15000,12.87,0.38,N,4,1
10353,25,54000,RENT,1.0,PERSONAL,B,20000,12.42,0.38,N,4,1
10354,29,40000,RENT,1.0,VENTURE,B,3500,11.49,0.08,N,10,0
10355,26,70000,RENT,0.0,MEDICAL,B,12500,9.76,0.18,N,2,0
10356,34,42000,RENT,4.0,MEDICAL,C,5000,15.96,0.12,N,6,0
10357,25,130000,RENT,3.0,DEBTCONSOLIDATION,B,3000,10.74,0.02,N,2,0
10358,29,72000,MORTGAGE,13.0,MEDICAL,A,24000,7.66,0.33,N,6,0
10359,25,42000,RENT,4.0,PERSONAL,C,3200,13.43,0.08,Y,4,0
10360,38,30000,RENT,0.0,VENTURE,B,10000,11.14,0.33,N,14,1
10361,36,70000,RENT,5.0,HOMEIMPROVEMENT,A,7000,6.62,0.1,N,15,0
10362,24,45996,OWN,8.0,EDUCATION,A,6000,7.88,0.13,N,4,0
10363,32,54996,MORTGAGE,5.0,DEBTCONSOLIDATION,A,12000,7.88,0.22,N,8,0
10364,34,55000,MORTGAGE,2.0,VENTURE,C,6000,13.16,0.11,N,9,0
10365,23,120000,MORTGAGE,7.0,VENTURE,B,12000,11.71,0.1,N,3,0
10366,32,28672,OWN,5.0,PERSONAL,C,4650,13.22,0.16,Y,6,0
10367,22,45900,RENT,5.0,EDUCATION,C,15000,13.55,0.34,Y,2,1
10368,32,115000,MORTGAGE,11.0,DEBTCONSOLIDATION,A,4000,7.88,0.03,N,6,0
10369,35,60000,RENT,1.0,DEBTCONSOLIDATION,B,10000,10.25,0.17,N,8,0
10370,27,24000,RENT,0.0,DEBTCONSOLIDATION,C,10000,13.23,0.42,N,5,1
10371,23,140000,RENT,7.0,PERSONAL,B,22000,12.69,0.16,N,2,0
10372,28,81120,MORTGAGE,1.0,DEBTCONSOLIDATION,B,24000,9.25,0.3,N,9,0
10373,30,65000,MORTGAGE,11.0,VENTURE,B,9600,11.99,0.15,N,9,0
10374,26,32000,RENT,1.0,EDUCATION,D,12000,16.0,0.38,N,2,1
10375,37,60000,MORTGAGE,1.0,EDUCATION,B,6000,10.99,0.1,N,13,0
10376,26,39000,RENT,8.0,DEBTCONSOLIDATION,B,2000,11.49,0.05,N,3,0
10377,22,37200,RENT,4.0,PERSONAL,A,10000,7.49,0.27,N,4,1
10378,26,30000,RENT,2.0,VENTURE,C,3000,12.73,0.1,Y,3,1
10379,25,40000,RENT,1.0,VENTURE,A,7500,6.62,0.19,N,4,0
10380,24,49000,RENT,2.0,MEDICAL,D,4800,14.96,0.1,N,4,1
10381,22,48000,RENT,6.0,VENTURE,C,10000,14.27,0.21,Y,2,0
10382,31,30000,RENT,6.0,PERSONAL,B,10000,10.74,0.33,N,5,1
10383,36,80000,MORTGAGE,3.0,EDUCATION,A,9000,8.94,0.11,N,15,0
10384,30,45000,MORTGAGE,14.0,VENTURE,A,2800,6.03,0.06,N,6,0
10385,34,117000,MORTGAGE,5.0,PERSONAL,B,15000,10.75,0.13,N,6,0
10386,26,35000,RENT,2.0,MEDICAL,B,6000,10.65,0.17,N,4,0
10387,28,34000,RENT,2.0,PERSONAL,B,6000,10.99,0.18,N,8,0
10388,23,70000,RENT,7.0,PERSONAL,C,3600,14.22,0.05,Y,4,0
10389,22,35325,RENT,3.0,VENTURE,D,10000,15.95,0.28,N,4,0
10390,22,40000,RENT,2.0,EDUCATION,B,3000,10.99,0.07,N,2,0
10391,26,62690,MORTGAGE,3.0,DEBTCONSOLIDATION,B,4900,10.74,0.08,N,3,0
10392,23,40000,RENT,0.0,PERSONAL,A,6000,7.51,0.15,N,4,0
10393,24,60000,MORTGAGE,8.0,MEDICAL,A,8000,5.79,0.13,N,4,0
10394,22,45000,MORTGAGE,6.0,PERSONAL,A,3000,6.39,0.07,N,2,0
10395,23,44000,RENT,0.0,MEDICAL,D,16000,16.32,0.37,Y,3,1
10396,26,55000,MORTGAGE,10.0,PERSONAL,B,4000,11.12,0.07,N,4,0
10397,42,13200,RENT,0.0,PERSONAL,D,4000,16.89,0.3,N,14,1
10398,26,35000,OWN,1.0,VENTURE,A,6000,6.03,0.17,N,4,0
10399,21,70000,MORTGAGE,5.0,DEBTCONSOLIDATION,B,10000,10.99,0.14,N,3,0
10400,22,43000,MORTGAGE,6.0,DEBTCONSOLIDATION,A,12000,5.79,0.28,N,4,0
10401,43,55000,MORTGAGE,4.0,PERSONAL,B,14000,10.38,0.25,N,12,0
10402,29,37000,RENT,3.0,VENTURE,C,9000,12.84,0.24,N,9,0
10403,28,143000,MORTGAGE,4.0,HOMEIMPROVEMENT,B,7500,9.91,0.05,N,7,0
10404,22,37850,MORTGAGE,1.0,PERSONAL,B,6400,11.49,0.17,N,2,0
10405,31,30000,MORTGAGE,3.0,HOMEIMPROVEMENT,E,15000,16.4,0.5,Y,6,0
10406,29,30000,RENT,1.0,DEBTCONSOLIDATION,A,10000,7.51,0.33,N,6,1
10407,25,44000,RENT,0.0,VENTURE,D,8000,14.96,0.18,N,4,1
10408,27,150000,OWN,11.0,VENTURE,C,21000,13.85,0.14,Y,5,0
10409,53,120000,MORTGAGE,11.0,DEBTCONSOLIDATION,B,12000,9.91,0.1,N,28,0
10410,34,50000,RENT,5.0,PERSONAL,B,6000,10.99,0.12,N,9,0
10411,29,27840,RENT,0.0,PERSONAL,E,8575,19.42,0.31,N,9,1
10412,31,56000,RENT,2.0,DEBTCONSOLIDATION,A,1000,7.29,0.02,N,6,0
10413,26,95000,RENT,1.0,MEDICAL,A,7750,6.62,0.08,N,3,0
10414,34,28800,MORTGAGE,7.0,DEBTCONSOLIDATION,B,7500,11.99,0.27,N,7,0
10415,36,70000,RENT,21.0,VENTURE,A,2000,7.4,0.03,N,17,0
10416,26,95000,MORTGAGE,10.0,MEDICAL,C,35000,13.43,0.37,Y,2,0
10417,22,36000,MORTGAGE,6.0,DEBTCONSOLIDATION,A,4000,6.76,0.11,N,3,0
10418,34,40000,RENT,0.0,MEDICAL,B,7000,9.91,0.17,N,8,0
10419,24,108000,RENT,4.0,DEBTCONSOLIDATION,E,16000,17.14,0.15,Y,4,1
10420,27,100970,MORTGAGE,5.0,DEBTCONSOLIDATION,B,12000,11.99,0.12,N,6,0
10421,24,63000,RENT,4.0,HOMEIMPROVEMENT,A,10000,7.51,0.16,N,4,0
10422,24,40000,RENT,9.0,PERSONAL,B,5000,11.71,0.13,N,2,0
10423,28,45000,RENT,1.0,VENTURE,B,7200,11.86,0.16,N,6,0
10424,22,50000,RENT,6.0,EDUCATION,A,10000,8.94,0.2,N,2,0
10425,24,85000,RENT,0.0,PERSONAL,B,8000,12.18,0.09,N,3,0
10426,26,49000,MORTGAGE,0.0,EDUCATION,B,4000,12.18,0.08,N,2,0
10427,24,100000,MORTGAGE,8.0,MEDICAL,A,6000,7.14,0.06,N,4,0
10428,26,48000,MORTGAGE,5.0,VENTURE,A,10000,7.14,0.21,N,2,0
10429,27,43000,MORTGAGE,6.0,DEBTCONSOLIDATION,A,3000,7.14,0.07,N,9,0
10430,27,37000,RENT,11.0,HOMEIMPROVEMENT,A,14500,6.99,0.41,N,8,1
10431,26,150000,MORTGAGE,10.0,PERSONAL,B,5000,11.49,0.03,N,2,0
10432,27,51600,OWN,4.0,PERSONAL,A,15000,8.94,0.29,N,5,0
10433,29,74476,MORTGAGE,7.0,HOMEIMPROVEMENT,A,10500,8.49,0.15,N,5,0
10434,29,60000,MORTGAGE,7.0,HOMEIMPROVEMENT,B,10000,10.59,0.17,N,10,0
10435,21,9600,RENT,1.0,PERSONAL,C,1000,12.68,0.1,N,2,0
10436,30,97000,MORTGAGE,5.0,PERSONAL,D,25000,16.32,0.26,N,10,0
10437,37,50000,OWN,4.0,HOMEIMPROVEMENT,A,8000,7.74,0.16,N,15,0
10438,23,200000,MORTGAGE,7.0,EDUCATION,B,6000,10.65,0.03,N,3,0
10439,37,24000,RENT,1.0,EDUCATION,B,6000,9.99,0.25,N,12,0
10440,22,54500,MORTGAGE,2.0,MEDICAL,C,9500,14.35,0.18,Y,2,0
10441,25,36000,RENT,4.0,VENTURE,A,8000,5.99,0.22,N,2,0
10442,31,120000,MORTGAGE,15.0,DEBTCONSOLIDATION,B,10000,12.69,0.08,N,5,0
10443,25,50004,MORTGAGE,5.0,PERSONAL,B,5300,9.63,0.11,N,4,0
10444,29,40000,RENT,4.0,EDUCATION,B,12000,11.11,0.3,N,10,0
10445,25,52000,RENT,4.0,PERSONAL,B,4800,12.21,0.09,N,2,0
10446,38,43000,RENT,3.0,DEBTCONSOLIDATION,C,3000,13.92,0.07,Y,11,0
10447,37,33996,RENT,0.0,VENTURE,B,5000,11.89,0.15,N,11,0
10448,35,38400,RENT,4.0,MEDICAL,C,11200,12.61,0.29,Y,8,0
10449,22,80000,RENT,6.0,DEBTCONSOLIDATION,C,10000,13.57,0.13,Y,3,0
10450,24,33600,MORTGAGE,2.0,DEBTCONSOLIDATION,A,6400,7.14,0.19,N,4,0
10451,24,48000,MORTGAGE,8.0,DEBTCONSOLIDATION,A,10000,7.49,0.21,N,2,0
10452,21,19000,RENT,3.0,MEDICAL,C,5000,12.87,0.26,Y,4,1
10453,29,60000,MORTGAGE,6.0,EDUCATION,A,8000,6.91,0.13,N,8,0
10454,32,120000,MORTGAGE,16.0,EDUCATION,C,18400,13.06,0.14,Y,9,0
10455,29,50000,RENT,13.0,HOMEIMPROVEMENT,A,12000,7.51,0.24,N,8,0
10456,25,45000,MORTGAGE,4.0,PERSONAL,A,5500,6.99,0.12,N,4,0
10457,21,45000,MORTGAGE,0.0,DEBTCONSOLIDATION,A,12000,5.79,0.27,N,3,0
10458,25,70000,MORTGAGE,5.0,EDUCATION,B,14000,10.75,0.2,N,4,0
10459,22,39000,MORTGAGE,3.0,DEBTCONSOLIDATION,D,5600,17.49,0.14,N,4,1
10460,22,52000,RENT,2.0,DEBTCONSOLIDATION,A,2500,7.88,0.05,N,4,0
10461,29,75000,MORTGAGE,3.0,VENTURE,B,10000,11.99,0.13,N,7,0
10462,33,40000,OWN,1.0,VENTURE,A,6500,7.29,0.16,N,7,0
10463,30,150000,MORTGAGE,14.0,HOMEIMPROVEMENT,B,10000,10.65,0.07,N,8,0
10464,39,50000,RENT,5.0,PERSONAL,B,10000,9.88,0.2,N,15,0
10465,25,120000,MORTGAGE,9.0,HOMEIMPROVEMENT,A,7275,6.03,0.06,N,2,0
10466,22,59000,RENT,3.0,HOMEIMPROVEMENT,D,2500,14.74,0.04,N,4,1
10467,22,115000,MORTGAGE,3.0,MEDICAL,A,4800,7.49,0.04,N,2,0
10468,27,57500,MORTGAGE,7.0,MEDICAL,A,9000,6.76,0.16,N,10,0
10469,29,110000,MORTGAGE,13.0,PERSONAL,A,12000,6.03,0.11,N,8,0
10470,23,55365,MORTGAGE,4.0,PERSONAL,B,8500,10.62,0.15,N,4,0
10471,33,86000,MORTGAGE,7.0,DEBTCONSOLIDATION,C,20000,13.43,0.23,Y,6,0
10472,24,60000,OWN,1.0,PERSONAL,D,15000,15.37,0.25,Y,3,0
10473,25,68000,MORTGAGE,4.0,MEDICAL,B,5000,12.18,0.07,N,2,0
10474,22,60000,MORTGAGE,6.0,DEBTCONSOLIDATION,A,4000,5.99,0.07,N,3,0
10475,57,75000,RENT,3.0,PERSONAL,C,6000,12.73,0.08,N,24,0
10476,26,36000,RENT,8.0,PERSONAL,D,6000,14.51,0.17,Y,2,0
10477,33,70000,RENT,5.0,MEDICAL,B,15000,11.12,0.21,N,5,0
10478,24,25000,RENT,2.0,MEDICAL,B,3000,10.99,0.12,N,4,0
10479,23,40000,RENT,7.0,PERSONAL,B,10000,12.53,0.25,N,3,0
10480,35,81000,MORTGAGE,14.0,HOMEIMPROVEMENT,B,16000,11.49,0.2,N,10,0
10481,26,30000,RENT,5.0,DEBTCONSOLIDATION,C,5000,13.79,0.17,N,2,0
10482,32,105400,RENT,5.0,PERSONAL,D,24000,15.2,0.2,N,9,0
10483,69,200000,MORTGAGE,12.0,MEDICAL,A,24000,6.62,0.12,N,21,0
10484,26,27600,RENT,0.0,DEBTCONSOLIDATION,A,3000,7.88,0.11,N,2,0
10485,23,88000,MORTGAGE,7.0,MEDICAL,C,6000,13.8,0.07,Y,2,0
10486,27,75000,OWN,11.0,HOMEIMPROVEMENT,B,12000,12.42,0.16,N,10,0
10487,26,30000,RENT,2.0,PERSONAL,A,5000,8.9,0.17,N,2,0
10488,26,50000,RENT,0.0,EDUCATION,C,4000,13.49,0.08,N,3,0
10489,29,46272,MORTGAGE,1.0,DEBTCONSOLIDATION,B,16750,10.38,0.37,N,5,0
10490,28,105000,MORTGAGE,1.0,HOMEIMPROVEMENT,A,12000,7.66,0.11,N,6,0
10491,33,86000,MORTGAGE,5.0,EDUCATION,A,20000,6.91,0.23,N,5,1
10492,24,100000,RENT,5.0,VENTURE,C,12000,14.27,0.12,Y,3,0
10493,21,88000,RENT,4.0,EDUCATION,A,3500,6.76,0.04,N,4,0
10494,24,50000,RENT,0.0,MEDICAL,A,4000,7.14,0.08,N,2,0
10495,24,75000,RENT,3.0,EDUCATION,C,15000,13.92,0.2,Y,4,0
10496,28,30000,RENT,4.0,MEDICAL,B,6000,11.12,0.2,N,8,1
10497,23,45000,RENT,0.0,EDUCATION,A,15000,7.51,0.33,N,2,1
10498,42,100000,RENT,7.0,MEDICAL,A,11650,6.62,0.12,N,12,0
10499,22,100000,MORTGAGE,6.0,EDUCATION,B,12000,10.0,0.12,N,3,0
10500,23,36000,RENT,2.0,PERSONAL,B,8000,11.11,0.22,N,2,0
10501,41,67656,MORTGAGE,20.0,VENTURE,B,14000,11.11,0.22,N,11,0
10502,36,25000,MORTGAGE,1.0,HOMEIMPROVEMENT,C,5500,13.57,0.22,N,12,0
10503,22,90000,MORTGAGE,6.0,EDUCATION,A,10000,7.9,0.11,N,4,0
10504,25,108000,MORTGAGE,3.0,VENTURE,A,10000,6.62,0.09,N,4,0
10505,25,78000,MORTGAGE,7.0,DEBTCONSOLIDATION,A,12000,6.62,0.15,N,4,1
10506,23,46000,RENT,0.0,VENTURE,D,18000,15.95,0.4,N,4,1
10507,22,40000,MORTGAGE,2.0,VENTURE,B,4000,12.21,0.1,N,3,0
10508,27,120000,RENT,2.0,MEDICAL,C,8000,13.72,0.07,N,8,0
10509,23,45000,RENT,3.0,PERSONAL,A,7800,7.51,0.17,N,4,0
10510,35,41000,RENT,2.0,MEDICAL,A,6000,9.32,0.15,N,7,0
10511,23,48000,RENT,1.0,DEBTCONSOLIDATION,C,5000,13.11,0.1,Y,3,0
10512,38,136000,MORTGAGE,4.0,DEBTCONSOLIDATION,C,8000,13.85,0.06,N,11,0
10513,23,60000,MORTGAGE,2.0,VENTURE,C,13200,13.49,0.22,N,3,0
10514,27,30000,RENT,2.0,MEDICAL,B,2500,10.37,0.08,N,10,0
10515,24,50000,RENT,1.0,DEBTCONSOLIDATION,B,3000,12.42,0.06,N,2,0
10516,25,36000,RENT,2.0,MEDICAL,D,4800,15.99,0.14,Y,3,1
10517,30,50000,MORTGAGE,5.0,DEBTCONSOLIDATION,A,5000,7.88,0.1,N,9,0
10518,34,65000,RENT,7.0,PERSONAL,D,4500,15.99,0.07,Y,10,0
10519,23,90000,MORTGAGE,4.0,PERSONAL,A,5000,5.42,0.05,N,3,0
10520,43,38000,RENT,2.0,MEDICAL,B,8500,10.62,0.23,N,17,0
10521,27,150000,RENT,1.0,HOMEIMPROVEMENT,A,12500,7.74,0.08,N,7,0
10522,22,60000,MORTGAGE,4.0,EDUCATION,B,10000,10.37,0.17,N,4,0
10523,22,55000,MORTGAGE,6.0,EDUCATION,D,6000,15.33,0.11,Y,4,0
10524,23,80000,RENT,2.0,VENTURE,B,12500,11.49,0.16,N,4,0
10525,20,120000,MORTGAGE,4.0,MEDICAL,B,2500,9.99,0.02,N,4,0
10526,24,60000,MORTGAGE,8.0,HOMEIMPROVEMENT,B,12000,10.75,0.2,N,3,0
10527,29,38400,RENT,7.0,MEDICAL,B,5000,11.49,0.13,N,6,0
10528,29,50000,MORTGAGE,13.0,VENTURE,C,2000,13.06,0.04,Y,10,0
10529,36,65000,RENT,18.0,PERSONAL,A,6000,9.63,0.09,N,13,0
10530,31,120000,RENT,2.0,MEDICAL,B,15000,10.99,0.12,N,9,0
10531,24,34000,RENT,2.0,DEBTCONSOLIDATION,D,8000,14.91,0.24,N,4,1
10532,25,122000,RENT,5.0,HOMEIMPROVEMENT,C,15000,13.57,0.12,Y,4,0
10533,23,50000,RENT,7.0,EDUCATION,B,4000,11.49,0.08,N,3,0
10534,26,85000,RENT,3.0,HOMEIMPROVEMENT,B,7000,10.99,0.08,N,2,0
10535,29,70000,MORTGAGE,4.0,EDUCATION,C,10000,14.22,0.14,Y,10,0
10536,23,65000,MORTGAGE,8.0,VENTURE,D,15000,16.32,0.23,Y,3,0
10537,29,30000,RENT,4.0,DEBTCONSOLIDATION,B,1500,10.62,0.05,N,8,0
10538,27,42000,OWN,0.0,VENTURE,C,9600,13.98,0.22,N,8,0
10539,24,60000,RENT,4.0,HOMEIMPROVEMENT,A,7000,7.49,0.12,N,3,0
10540,25,86400,MORTGAGE,0.0,VENTURE,B,4000,12.69,0.05,N,3,0
10541,23,60000,RENT,4.0,VENTURE,C,10000,14.27,0.17,N,2,0
10542,29,72000,OWN,13.0,EDUCATION,A,7500,6.76,0.01,N,9,0
10543,32,100896,RENT,16.0,MEDICAL,D,15000,14.96,0.15,N,7,0
10544,30,54000,RENT,14.0,EDUCATION,B,19000,10.99,0.35,N,7,1
10545,23,50000,MORTGAGE,7.0,MEDICAL,B,2500,11.49,0.05,N,3,0
10546,29,96000,MORTGAGE,4.0,DEBTCONSOLIDATION,B,20000,8.88,0.21,N,7,0
10547,31,42000,RENT,2.0,EDUCATION,B,2000,10.99,0.05,N,7,0
10548,30,49000,RENT,1.0,HOMEIMPROVEMENT,D,16750,15.28,0.33,N,6,1
10549,23,51852,RENT,0.0,VENTURE,A,10000,8.59,0.19,N,2,0
10550,28,90000,MORTGAGE,12.0,EDUCATION,A,13000,7.9,0.14,N,5,0
10551,21,60400,OWN,5.0,VENTURE,C,15000,14.26,0.25,Y,4,0
10552,26,62900,RENT,5.0,MEDICAL,C,20000,13.85,0.27,N,2,1
10553,34,30000,RENT,0.0,VENTURE,B,4000,9.25,0.13,N,6,0
10554,28,45000,MORTGAGE,13.0,VENTURE,B,8500,12.21,0.19,N,8,0
10555,23,70000,MORTGAGE,7.0,VENTURE,A,10000,7.51,0.14,N,3,0
10556,24,40000,RENT,1.0,MEDICAL,B,4000,12.53,0.1,N,2,0
10557,21,45000,RENT,5.0,DEBTCONSOLIDATION,C,5000,13.49,0.11,N,4,0
10558,29,160000,MORTGAGE,2.0,PERSONAL,C,6000,13.98,0.04,Y,8,0
10559,23,60000,MORTGAGE,8.0,VENTURE,A,3600,5.99,0.06,N,4,0
10560,28,78000,MORTGAGE,12.0,VENTURE,D,10000,15.33,0.13,Y,7,0
10561,32,125000,MORTGAGE,16.0,HOMEIMPROVEMENT,A,12000,7.51,0.1,N,9,0
10562,28,48000,MORTGAGE,4.0,HOMEIMPROVEMENT,D,10000,16.32,0.21,Y,6,0
10563,24,37000,MORTGAGE,8.0,PERSONAL,A,7800,7.88,0.19,N,2,0
10564,38,38000,RENT,0.0,DEBTCONSOLIDATION,B,5000,12.42,0.13,N,17,0
10565,22,65000,RENT,0.0,MEDICAL,A,4800,7.29,0.07,N,4,0
10566,22,55000,RENT,0.0,DEBTCONSOLIDATION,B,3600,10.59,0.07,N,2,0
10567,25,40000,RENT,2.0,EDUCATION,B,4800,10.99,0.12,N,2,0
10568,36,78000,RENT,4.0,HOMEIMPROVEMENT,B,25000,10.62,0.32,N,12,1
10569,33,130000,OWN,10.0,EDUCATION,A,16000,6.03,0.12,N,7,0
10570,25,76066,OWN,9.0,MEDICAL,D,24250,15.65,0.32,N,4,0
10571,23,38004,RENT,2.0,EDUCATION,A,4500,7.9,0.12,N,4,0
10572,36,88824,MORTGAGE,16.0,DEBTCONSOLIDATION,A,12000,6.62,0.14,N,14,0
10573,32,130000,MORTGAGE,12.0,DEBTCONSOLIDATION,A,12000,7.88,0.09,N,8,0
10574,24,52000,RENT,4.0,HOMEIMPROVEMENT,B,10000,10.59,0.19,N,2,0
10575,37,55000,OWN,19.0,VENTURE,A,3500,8.49,0.06,N,17,0
10576,27,42000,MORTGAGE,11.0,VENTURE,A,1500,5.79,0.04,N,5,0
10577,44,46000,MORTGAGE,22.0,VENTURE,B,8000,9.33,0.17,N,13,1
10578,27,42000,RENT,2.0,MEDICAL,A,3000,7.49,0.07,N,8,0
10579,27,90000,RENT,11.0,VENTURE,D,20000,14.91,0.2,Y,8,0
10580,22,45000,RENT,2.0,EDUCATION,B,6000,10.75,0.13,N,4,0
10581,33,92500,RENT,2.0,MEDICAL,A,12000,6.03,0.12,N,9,0
10582,27,61000,RENT,11.0,EDUCATION,B,13000,11.49,0.21,N,7,0
10583,21,54000,RENT,2.0,EDUCATION,D,5000,13.17,0.09,N,4,1
10584,27,66000,MORTGAGE,6.0,DEBTCONSOLIDATION,B,2500,11.71,0.04,N,9,0
10585,27,45000,RENT,3.0,DEBTCONSOLIDATION,D,5000,16.29,0.11,N,5,1
10586,23,36000,MORTGAGE,4.0,EDUCATION,B,7000,10.65,0.19,N,2,0
10587,21,34000,RENT,2.0,VENTURE,C,12250,14.72,0.36,Y,3,1
10588,22,50000,RENT,2.0,EDUCATION,C,9000,13.47,0.18,N,4,0
10589,23,54000,RENT,4.0,EDUCATION,D,12000,14.59,0.22,N,4,0
10590,31,50000,RENT,3.0,EDUCATION,C,6400,12.99,0.13,N,8,0
10591,21,21600,OWN,0.0,DEBTCONSOLIDATION,D,5400,14.54,0.25,Y,4,0
10592,34,50000,RENT,12.0,HOMEIMPROVEMENT,A,6000,7.14,0.12,N,9,0
10593,28,62400,RENT,2.0,VENTURE,C,12000,13.06,0.19,N,7,0
10594,21,50000,RENT,5.0,MEDICAL,A,15000,6.03,0.3,N,3,0
10595,22,39000,RENT,3.0,DEBTCONSOLIDATION,C,9500,14.26,0.26,Y,2,0
10596,36,60000,RENT,4.0,HOMEIMPROVEMENT,C,4200,14.22,0.07,Y,16,0
10597,36,44000,MORTGAGE,7.0,VENTURE,A,5000,5.42,0.11,N,14,0
10598,24,28800,RENT,4.0,MEDICAL,C,6000,13.11,0.21,Y,2,0
10599,21,35000,OWN,5.0,VENTURE,A,10000,6.92,0.29,N,3,0
10600,26,69912,MORTGAGE,10.0,PERSONAL,A,6000,5.42,0.09,N,2,0
10601,41,61000,RENT,3.0,DEBTCONSOLIDATION,C,15000,13.49,0.25,N,12,0
10602,24,38000,MORTGAGE,0.0,HOMEIMPROVEMENT,B,7000,10.96,0.19,N,3,0
10603,26,120000,MORTGAGE,10.0,MEDICAL,B,15000,11.99,0.13,N,4,0
10604,38,33600,RENT,5.0,PERSONAL,A,5000,6.92,0.15,N,17,0
10605,22,37200,RENT,5.0,DEBTCONSOLIDATION,C,10000,14.72,0.27,N,4,0
10606,23,38000,MORTGAGE,7.0,EDUCATION,A,13225,5.99,0.36,N,3,1
10607,22,75000,MORTGAGE,6.0,EDUCATION,B,6500,10.95,0.09,N,4,0
10608,39,70000,MORTGAGE,18.0,EDUCATION,A,3000,7.51,0.04,N,17,0
10609,30,54000,MORTGAGE,0.0,DEBTCONSOLIDATION,A,6000,8.0,0.11,N,10,0
10610,34,48000,RENT,0.0,EDUCATION,A,3000,7.29,0.06,N,10,0
10611,23,34999,RENT,2.0,EDUCATION,D,10000,12.92,0.29,Y,2,1
10612,27,38000,MORTGAGE,3.0,DEBTCONSOLIDATION,A,6350,7.88,0.17,N,8,0
10613,21,35000,RENT,3.0,VENTURE,B,10000,10.62,0.29,N,4,0
10614,22,42000,OWN,0.0,EDUCATION,B,4000,11.14,0.1,N,2,0
10615,22,40000,RENT,2.0,PERSONAL,A,4000,7.51,0.1,N,4,0
10616,35,100000,RENT,0.0,HOMEIMPROVEMENT,C,15000,13.79,0.15,N,9,0
10617,38,60000,MORTGAGE,6.0,MEDICAL,A,4000,7.49,0.07,N,15,0
10618,22,36000,RENT,6.0,DEBTCONSOLIDATION,B,4000,11.83,0.11,N,4,0
10619,30,42000,RENT,2.0,EDUCATION,B,5000,12.18,0.12,N,7,0
10620,28,50000,MORTGAGE,4.0,VENTURE,A,10000,6.91,0.2,N,8,0
10621,31,73000,MORTGAGE,14.0,PERSONAL,B,5600,11.89,0.08,N,9,0
10622,37,45000,MORTGAGE,3.0,PERSONAL,C,4800,12.73,0.11,N,14,0
10623,26,72000,MORTGAGE,10.0,PERSONAL,A,15000,7.49,0.21,N,3,0
10624,24,30000,RENT,2.0,DEBTCONSOLIDATION,C,7000,13.49,0.23,Y,2,1
10625,23,57996,RENT,4.0,EDUCATION,C,13000,13.92,0.22,Y,3,0
10626,25,88000,RENT,1.0,PERSONAL,B,7000,9.99,0.08,N,3,1
10627,30,72000,RENT,14.0,EDUCATION,A,9000,9.32,0.13,N,8,0
10628,22,68000,MORTGAGE,6.0,EDUCATION,A,13000,7.88,0.19,N,2,0
10629,23,60000,RENT,0.0,VENTURE,B,13000,10.65,0.22,N,2,0
10630,26,100000,MORTGAGE,10.0,HOMEIMPROVEMENT,C,10000,13.99,0.1,Y,2,0
10631,21,31200,RENT,2.0,PERSONAL,B,1000,11.14,0.03,N,4,0
10632,43,60000,OWN,1.0,VENTURE,B,5000,10.99,0.08,N,11,0
10633,61,50000,MORTGAGE,5.0,MEDICAL,C,8000,13.8,0.16,Y,25,0
10634,35,43000,RENT,0.0,EDUCATION,C,18500,12.87,0.42,Y,8,1
10635,31,33990,MORTGAGE,3.0,HOMEIMPROVEMENT,B,7000,10.38,0.19,N,10,0
10636,28,65000,MORTGAGE,12.0,EDUCATION,A,24000,7.9,0.37,N,10,0
10637,25,78000,RENT,0.0,DEBTCONSOLIDATION,C,12000,13.49,0.15,N,3,0
10638,22,32004,RENT,3.0,PERSONAL,B,10000,10.83,0.31,N,2,1
10639,24,75000,RENT,7.0,PERSONAL,A,12000,7.29,0.16,N,4,0
10640,34,75000,MORTGAGE,1.0,MEDICAL,B,6700,11.83,0.09,N,6,0
10641,39,24000,RENT,2.0,EDUCATION,B,4800,10.59,0.2,N,14,0
10642,42,41000,RENT,6.0,PERSONAL,B,5000,10.99,0.12,N,12,0
10643,22,78000,RENT,3.0,VENTURE,A,10000,7.29,0.13,N,2,0
10644,22,60000,RENT,6.0,DEBTCONSOLIDATION,E,17000,17.19,0.28,N,4,1
10645,27,88500,MORTGAGE,11.0,VENTURE,C,2800,13.04,0.03,Y,9,0
10646,27,69790,RENT,6.0,VENTURE,B,18000,10.75,0.26,N,2,0
10647,22,50000,RENT,6.0,DEBTCONSOLIDATION,C,3600,13.8,0.07,N,3,0
10648,33,60000,MORTGAGE,5.0,DEBTCONSOLIDATION,C,6000,13.49,0.1,N,7,0
10649,30,72444,MORTGAGE,14.0,MEDICAL,B,25000,10.99,0.35,N,10,0
10650,22,46900,RENT,1.0,EDUCATION,A,14000,7.88,0.3,N,4,0
10651,25,216000,MORTGAGE,6.0,EDUCATION,B,15000,11.71,0.07,N,3,0
10652,28,36000,MORTGAGE,12.0,MEDICAL,B,6000,11.36,0.17,N,5,0
10653,24,45000,RENT,3.0,EDUCATION,C,9000,13.49,0.2,N,3,0
10654,29,45000,RENT,9.0,EDUCATION,B,7000,10.59,0.16,N,7,1
10655,26,48000,OWN,10.0,PERSONAL,B,7500,10.08,0.16,N,3,0
10656,39,70000,OWN,2.0,EDUCATION,B,14000,11.14,0.2,N,14,0
10657,23,52000,RENT,0.0,VENTURE,A,12500,7.29,0.24,N,2,0
10658,29,42000,RENT,5.0,EDUCATION,B,3500,12.69,0.08,N,8,0
10659,23,30000,MORTGAGE,7.0,MEDICAL,C,13000,13.16,0.4,Y,4,0
10660,28,110000,MORTGAGE,12.0,DEBTCONSOLIDATION,A,6000,6.03,0.05,N,7,0
10661,26,30000,RENT,7.0,HOMEIMPROVEMENT,B,9250,10.36,0.3,N,2,1
10662,40,32000,RENT,2.0,MEDICAL,A,6500,8.07,0.2,N,14,1
10663,21,55000,RENT,0.0,EDUCATION,C,6000,13.49,0.11,Y,4,0
10664,26,200000,MORTGAGE,10.0,EDUCATION,B,16000,11.99,0.08,N,4,0
10665,23,24996,RENT,7.0,EDUCATION,A,2000,6.92,0.08,N,2,0
10666,24,30000,RENT,0.0,VENTURE,D,4000,14.59,0.13,N,4,1
10667,25,51000,RENT,6.0,EDUCATION,B,9000,10.65,0.17,N,4,0
10668,22,46000,RENT,2.0,DEBTCONSOLIDATION,A,10000,7.66,0.22,N,2,0
10669,21,28452,RENT,2.0,EDUCATION,A,2500,7.49,0.09,N,3,0
10670,25,36396,RENT,3.0,EDUCATION,C,10000,13.48,0.27,N,3,0
10671,23,60000,RENT,1.0,MEDICAL,B,10000,10.75,0.17,N,4,0
10672,24,42000,RENT,6.0,VENTURE,A,10000,5.42,0.24,N,3,0
10673,43,60000,MORTGAGE,1.0,PERSONAL,D,5000,14.84,0.08,Y,14,0
10674,26,65000,RENT,2.0,VENTURE,B,4000,10.99,0.06,N,3,0
10675,29,40000,RENT,3.0,MEDICAL,B,3000,10.37,0.07,N,7,0
10676,23,96000,MORTGAGE,7.0,EDUCATION,B,4000,11.49,0.04,N,4,0
10677,24,30000,RENT,8.0,PERSONAL,B,7000,10.62,0.23,N,2,0
10678,34,78300,RENT,1.0,VENTURE,B,7000,11.71,0.09,N,7,0
10679,33,120000,MORTGAGE,2.0,MEDICAL,A,17000,6.54,0.15,N,9,0
10680,28,60000,MORTGAGE,12.0,HOMEIMPROVEMENT,A,15000,7.9,0.25,N,5,0
10681,27,54000,MORTGAGE,4.0,EDUCATION,B,4000,12.69,0.07,N,10,0
10682,23,50000,RENT,1.0,PERSONAL,A,6000,9.63,0.12,N,4,0
10683,25,65000,RENT,3.0,PERSONAL,D,7500,16.29,0.12,Y,2,0
10684,23,59000,RENT,2.0,EDUCATION,B,20000,12.18,0.34,N,4,1
10685,37,86400,RENT,0.0,EDUCATION,A,8000,7.14,0.09,N,13,0
10686,33,113800,RENT,3.0,MEDICAL,A,5000,7.9,0.04,N,10,0
10687,36,70000,RENT,6.0,PERSONAL,A,8000,7.29,0.11,N,17,0
10688,26,81996,RENT,5.0,PERSONAL,D,10000,14.46,0.12,Y,4,0
10689,22,72000,RENT,0.0,EDUCATION,A,8000,7.88,0.11,N,2,0
10690,23,75000,MORTGAGE,4.0,PERSONAL,B,12000,11.11,0.16,N,4,0
10691,28,50000,MORTGAGE,12.0,DEBTCONSOLIDATION,A,9000,6.03,0.18,N,10,0
10692,22,31200,RENT,2.0,MEDICAL,C,3200,11.66,0.1,Y,2,0
10693,24,60000,RENT,8.0,PERSONAL,A,11200,7.88,0.18,N,4,0
10694,24,78000,MORTGAGE,8.0,DEBTCONSOLIDATION,A,4000,5.79,0.05,N,3,0
10695,28,74004,RENT,5.0,DEBTCONSOLIDATION,D,25000,15.33,0.34,N,9,1
10696,24,115154,RENT,7.0,HOMEIMPROVEMENT,D,3000,17.58,0.03,N,4,0
10697,30,50000,RENT,6.0,HOMEIMPROVEMENT,B,6000,10.36,0.12,N,7,0
10698,22,51996,MORTGAGE,5.0,DEBTCONSOLIDATION,A,6800,8.63,0.13,N,2,0
10699,27,67200,MORTGAGE,0.0,MEDICAL,A,10000,6.91,0.15,N,9,0
10700,23,75000,RENT,2.0,EDUCATION,A,8000,8.9,0.11,N,4,0
10701,22,60000,MORTGAGE,7.0,PERSONAL,A,8000,5.99,0.13,N,4,0
10702,24,50000,RENT,6.0,MEDICAL,C,12000,13.49,0.24,Y,4,0
10703,22,37440,RENT,5.0,PERSONAL,C,2875,13.04,0.07,Y,2,0
10704,28,60000,RENT,0.0,PERSONAL,B,15000,10.37,0.25,N,5,0
10705,24,43000,RENT,2.0,MEDICAL,B,3000,10.99,0.07,N,4,0
10706,25,42000,RENT,9.0,DEBTCONSOLIDATION,B,8000,11.49,0.19,N,2,0
10707,24,55152,MORTGAGE,8.0,VENTURE,A,16000,7.49,0.29,N,4,0
10708,35,50000,MORTGAGE,5.0,VENTURE,B,2600,12.69,0.05,N,7,0
10709,24,58000,MORTGAGE,8.0,VENTURE,B,12800,10.59,0.22,N,4,0
10710,22,70000,MORTGAGE,3.0,VENTURE,B,4000,10.37,0.06,N,4,0
10711,32,40000,RENT,2.0,MEDICAL,A,4000,7.88,0.1,N,6,0
10712,23,30000,RENT,2.0,DEBTCONSOLIDATION,A,10000,6.99,0.33,N,3,1
10713,25,80000,RENT,3.0,HOMEIMPROVEMENT,A,7500,7.88,0.09,N,2,0
10714,27,51000,RENT,2.0,PERSONAL,C,7000,15.96,0.14,Y,6,0
10715,31,87000,MORTGAGE,4.0,MEDICAL,C,15000,11.34,0.17,Y,5,0
10716,36,40000,RENT,0.0,PERSONAL,C,3000,13.49,0.07,Y,16,0
10717,23,30000,RENT,5.0,HOMEIMPROVEMENT,D,6300,17.58,0.22,Y,3,1
10718,33,60000,MORTGAGE,0.0,EDUCATION,A,12000,6.54,0.2,N,5,0
10719,28,29000,RENT,1.0,HOMEIMPROVEMENT,B,3600,12.53,0.12,N,10,1
10720,28,144000,MORTGAGE,12.0,HOMEIMPROVEMENT,B,21000,10.59,0.15,N,5,0
10721,27,54996,MORTGAGE,6.0,DEBTCONSOLIDATION,A,12000,8.94,0.22,N,8,0
10722,29,24000,RENT,6.0,EDUCATION,B,5000,10.36,0.21,N,7,0
10723,29,67642,MORTGAGE,8.0,PERSONAL,B,17000,10.25,0.25,N,7,0
10724,24,20400,RENT,1.0,DEBTCONSOLIDATION,C,4000,15.23,0.2,Y,2,0
10725,37,39000,RENT,6.0,DEBTCONSOLIDATION,D,4000,14.84,0.1,Y,15,1
10726,22,70000,RENT,6.0,EDUCATION,A,5000,7.88,0.07,N,4,0
10727,36,68000,MORTGAGE,4.0,EDUCATION,B,6000,11.36,0.09,N,17,0
10728,23,60000,MORTGAGE,0.0,VENTURE,A,8000,6.17,0.13,N,3,0
10729,21,14400,RENT,2.0,PERSONAL,B,4000,10.99,0.26,N,4,1
10730,33,55000,MORTGAGE,6.0,DEBTCONSOLIDATION,A,5000,7.88,0.09,N,5,0
10731,23,41196,RENT,3.0,PERSONAL,A,6800,8.49,0.17,N,3,0
10732,23,56000,MORTGAGE,7.0,DEBTCONSOLIDATION,C,3000,11.28,0.05,N,2,1
10733,25,100000,MORTGAGE,0.0,HOMEIMPROVEMENT,C,25000,12.87,0.25,Y,4,0
10734,39,60000,MORTGAGE,8.0,PERSONAL,B,6000,10.62,0.1,N,16,0
10735,29,59527,RENT,11.0,PERSONAL,A,6500,8.59,0.1,N,10,0
10736,23,46000,MORTGAGE,5.0,EDUCATION,B,8000,10.99,0.17,N,3,0
10737,28,42000,RENT,12.0,MEDICAL,D,13650,15.2,0.33,Y,10,1
10738,26,45000,RENT,10.0,MEDICAL,A,14125,6.99,0.31,N,4,1
10739,25,40000,OWN,2.0,PERSONAL,A,3200,7.51,0.08,N,3,0
10740,22,48000,RENT,1.0,EDUCATION,C,9600,13.16,0.2,N,4,0
10741,29,54000,RENT,12.0,HOMEIMPROVEMENT,A,10000,8.49,0.19,N,9,1
10742,46,65000,MORTGAGE,5.0,PERSONAL,A,12000,6.62,0.18,N,17,0
10743,40,48000,MORTGAGE,3.0,HOMEIMPROVEMENT,C,5000,14.27,0.1,Y,15,0
10744,23,33600,RENT,5.0,EDUCATION,B,6000,10.59,0.18,N,3,0
10745,23,38000,RENT,4.0,PERSONAL,B,3000,10.99,0.08,N,4,0
10746,21,35000,RENT,5.0,EDUCATION,B,12000,11.71,0.34,N,2,1
10747,26,50000,RENT,4.0,HOMEIMPROVEMENT,A,9000,9.32,0.18,N,2,0
10748,46,60000,MORTGAGE,7.0,VENTURE,A,10000,6.54,0.17,N,16,0
10749,27,62000,MORTGAGE,4.0,DEBTCONSOLIDATION,A,12000,7.29,0.19,N,5,0
10750,23,51372,RENT,7.0,DEBTCONSOLIDATION,B,4500,9.99,0.09,N,2,0
10751,27,62000,RENT,3.0,MEDICAL,C,8000,13.11,0.13,N,5,0
10752,31,30000,RENT,5.0,PERSONAL,B,8500,10.75,0.28,N,10,0
10753,24,72000,RENT,8.0,PERSONAL,A,7000,7.9,0.1,N,4,0
10754,28,120000,RENT,12.0,EDUCATION,A,9600,8.49,0.08,N,9,0
10755,64,200000,MORTGAGE,2.0,PERSONAL,A,18000,7.51,0.09,N,27,0
10756,22,45000,RENT,0.0,DEBTCONSOLIDATION,C,10000,13.22,0.22,N,2,0
10757,31,200000,MORTGAGE,2.0,MEDICAL,C,20000,13.92,0.1,N,5,0
10758,27,100000,RENT,2.0,MEDICAL,B,12000,12.53,0.12,N,9,0
10759,38,90000,RENT,2.0,MEDICAL,B,14200,11.48,0.16,N,15,0
10760,23,65004,MORTGAGE,7.0,PERSONAL,A,5000,7.88,0.08,N,3,0
10761,29,52000,RENT,1.0,HOMEIMPROVEMENT,A,12000,9.63,0.23,N,6,0
10762,24,91234,MORTGAGE,5.0,VENTURE,A,12000,7.51,0.13,N,2,0
10763,25,44000,RENT,9.0,HOMEIMPROVEMENT,B,5000,10.59,0.11,N,4,1
10764,40,34000,RENT,5.0,PERSONAL,B,10000,11.99,0.29,N,16,1
10765,34,50000,MORTGAGE,1.0,HOMEIMPROVEMENT,A,10000,7.74,0.2,N,10,0
10766,36,125000,MORTGAGE,8.0,MEDICAL,A,30000,7.51,0.24,N,15,0
10767,26,46200,RENT,10.0,VENTURE,A,6000,5.79,0.13,N,2,0
10768,23,85000,RENT,1.0,VENTURE,A,12000,5.99,0.14,N,4,0
10769,24,31000,MORTGAGE,8.0,DEBTCONSOLIDATION,C,8000,13.11,0.26,Y,4,1
10770,23,70000,RENT,6.0,EDUCATION,A,10000,7.29,0.14,N,3,0
10771,28,75000,MORTGAGE,0.0,DEBTCONSOLIDATION,C,16800,12.61,0.22,Y,10,0
10772,41,50000,MORTGAGE,18.0,VENTURE,E,2500,18.64,0.05,Y,14,0
10773,24,24000,RENT,0.0,MEDICAL,B,10000,12.21,0.42,N,3,1
10774,26,150000,MORTGAGE,9.0,DEBTCONSOLIDATION,B,20000,10.0,0.13,N,3,0
10775,29,34000,RENT,1.0,EDUCATION,A,9600,6.99,0.27,N,10,0
10776,22,35000,RENT,6.0,EDUCATION,B,8000,10.65,0.23,N,3,0
10777,27,120000,MORTGAGE,0.0,DEBTCONSOLIDATION,A,7200,7.74,0.06,N,6,0
10778,29,130000,MORTGAGE,13.0,HOMEIMPROVEMENT,B,20000,10.62,0.15,N,8,0
10779,30,60000,MORTGAGE,5.0,HOMEIMPROVEMENT,A,10000,7.88,0.17,N,10,0
10780,24,74400,MORTGAGE,1.0,VENTURE,D,25000,16.0,0.34,Y,2,1
10781,22,30000,RENT,0.0,VENTURE,D,13250,15.65,0.44,N,2,1
10782,27,60000,OWN,0.0,PERSONAL,C,6000,13.48,0.1,Y,5,0
10783,36,33481,RENT,4.0,EDUCATION,D,13475,15.7,0.4,Y,12,1
10784,22,70000,RENT,6.0,HOMEIMPROVEMENT,D,23000,14.96,0.32,N,3,1
10785,29,71000,OWN,1.0,EDUCATION,D,5400,15.21,0.07,N,9,0
10786,26,60000,MORTGAGE,10.0,HOMEIMPROVEMENT,B,14000,12.69,0.23,N,4,0
10787,21,25000,OWN,5.0,VENTURE,A,8400,7.29,0.34,N,4,0
10788,27,66000,MORTGAGE,7.0,VENTURE,A,10000,6.99,0.15,N,9,0
10789,25,80000,RENT,5.0,PERSONAL,B,10000,12.69,0.13,N,2,0
10790,38,145000,MORTGAGE,0.0,PERSONAL,G,25000,21.64,0.17,N,16,0
10791,23,60000,RENT,5.0,EDUCATION,D,5000,17.49,0.08,Y,2,0
10792,26,50000,OWN,3.0,VENTURE,C,12000,13.98,0.24,N,4,0
10793,25,55200,RENT,5.0,HOMEIMPROVEMENT,B,20000,11.86,0.36,N,2,1
10794,30,105000,MORTGAGE,8.0,PERSONAL,A,8000,7.14,0.07,N,9,0
10795,24,46113,RENT,4.0,EDUCATION,D,10000,14.11,0.22,N,4,0
10796,32,54000,MORTGAGE,2.0,MEDICAL,C,7000,13.49,0.13,Y,5,0
10797,23,70000,RENT,1.0,EDUCATION,C,15000,13.11,0.21,Y,3,0
10798,36,62000,RENT,3.0,VENTURE,D,15600,15.99,0.25,Y,11,0
10799,37,44000,RENT,0.0,EDUCATION,B,3000,9.91,0.07,N,14,1
10800,28,40000,RENT,12.0,DEBTCONSOLIDATION,D,9000,17.58,0.23,N,9,1
10801,23,55000,MORTGAGE,7.0,EDUCATION,A,4000,5.99,0.07,N,4,0
10802,29,60000,MORTGAGE,3.0,VENTURE,A,12000,7.88,0.2,N,5,0
10803,24,70000,MORTGAGE,8.0,HOMEIMPROVEMENT,A,5000,6.99,0.07,N,4,0
10804,27,49200,RENT,11.0,MEDICAL,C,4800,12.87,0.1,Y,9,0
10805,25,30000,RENT,4.0,MEDICAL,C,3000,13.48,0.1,Y,2,0
10806,27,36000,RENT,1.0,VENTURE,C,10000,14.27,0.28,Y,5,0
10807,35,100000,RENT,0.0,DEBTCONSOLIDATION,A,12000,6.99,0.12,N,7,0
10808,22,42000,MORTGAGE,6.0,MEDICAL,A,2000,5.42,0.05,N,2,0
10809,37,75000,RENT,4.0,DEBTCONSOLIDATION,A,5000,6.03,0.07,N,16,0
10810,24,24000,MORTGAGE,2.0,HOMEIMPROVEMENT,A,4750,7.51,0.2,N,2,1
10811,25,61500,RENT,4.0,EDUCATION,C,4200,13.23,0.06,N,3,0
10812,51,25000,RENT,0.0,DEBTCONSOLIDATION,D,6000,14.59,0.24,Y,30,1
10813,35,116004,RENT,3.0,VENTURE,C,7200,12.53,0.06,N,8,0
10814,35,65000,MORTGAGE,2.0,EDUCATION,B,23200,10.0,0.36,N,8,0
10815,25,49200,MORTGAGE,8.0,EDUCATION,A,5000,6.17,0.1,N,2,0
10816,36,30000,RENT,1.0,PERSONAL,B,5000,11.49,0.17,N,16,0
10817,30,85000,RENT,4.0,DEBTCONSOLIDATION,C,12000,13.16,0.14,N,8,0
10818,33,44000,RENT,14.0,MEDICAL,D,7000,16.29,0.16,N,9,1
10819,27,156000,MORTGAGE,11.0,VENTURE,A,20000,7.49,0.13,N,9,0
10820,29,140000,MORTGAGE,2.0,HOMEIMPROVEMENT,A,5000,6.76,0.03,N,9,0
10821,28,185000,MORTGAGE,4.0,HOMEIMPROVEMENT,B,28000,9.91,0.14,N,8,0
10822,24,32000,RENT,0.0,PERSONAL,C,8500,13.16,0.27,N,4,1
10823,22,65000,MORTGAGE,6.0,DEBTCONSOLIDATION,B,5000,9.99,0.08,N,2,0
10824,27,48996,RENT,11.0,DEBTCONSOLIDATION,A,5000,8.94,0.1,N,5,0
10825,23,125000,MORTGAGE,3.0,MEDICAL,B,8000,11.49,0.06,N,3,0
10826,25,36000,RENT,7.0,VENTURE,A,9000,8.94,0.25,N,2,0
10827,28,66480,RENT,12.0,MEDICAL,A,4000,7.74,0.06,N,8,0
10828,23,70000,MORTGAGE,7.0,MEDICAL,B,15000,11.49,0.21,N,4,0
10829,30,78792,MORTGAGE,4.0,EDUCATION,A,5500,6.62,0.07,N,8,0
10830,23,55000,MORTGAGE,8.0,MEDICAL,B,15000,12.21,0.27,N,3,0
10831,21,42000,MORTGAGE,5.0,PERSONAL,D,3000,15.57,0.07,Y,3,1
10832,24,77000,MORTGAGE,8.0,EDUCATION,B,25000,10.75,0.32,N,4,1
10833,22,38000,RENT,0.0,MEDICAL,A,8500,5.42,0.22,N,4,0
10834,23,59000,RENT,0.0,PERSONAL,B,20000,11.11,0.34,N,2,1
10835,33,43200,OWN,0.0,VENTURE,A,4600,5.79,0.11,N,5,0
10836,31,45000,MORTGAGE,4.0,MEDICAL,B,5000,9.63,0.11,N,8,0
10837,23,60000,MORTGAGE,3.0,DEBTCONSOLIDATION,A,2500,7.29,0.04,N,3,0
10838,29,44000,MORTGAGE,2.0,DEBTCONSOLIDATION,C,12000,14.72,0.27,Y,6,1
10839,32,50000,MORTGAGE,6.0,DEBTCONSOLIDATION,A,6000,7.51,0.12,N,10,0
10840,22,60000,RENT,2.0,EDUCATION,B,14000,12.69,0.23,N,4,0
10841,27,84906,MORTGAGE,11.0,DEBTCONSOLIDATION,A,6000,7.49,0.07,N,6,0
10842,36,95000,MORTGAGE,16.0,EDUCATION,A,4000,7.49,0.04,N,15,0
10843,60,36000,OWN,2.0,PERSONAL,C,5000,14.79,0.14,Y,30,0
10844,24,140000,MORTGAGE,8.0,DEBTCONSOLIDATION,A,12000,6.91,0.09,N,3,0
10845,24,40000,MORTGAGE,3.0,VENTURE,C,6500,13.48,0.16,N,4,0
10846,33,80000,OWN,17.0,VENTURE,C,13000,12.53,0.16,Y,7,0
10847,24,36000,RENT,1.0,PERSONAL,A,8500,5.79,0.25,N,2,0
10848,47,200000,MORTGAGE,1.0,HOMEIMPROVEMENT,C,20000,12.87,0.1,Y,11,0
10849,22,30000,RENT,0.0,DEBTCONSOLIDATION,B,5000,10.59,0.17,N,2,0
10850,28,30000,RENT,3.0,EDUCATION,A,4800,8.0,0.16,N,7,0
10851,26,50000,RENT,0.0,DEBTCONSOLIDATION,C,5000,13.49,0.1,N,3,0
10852,23,28800,OWN,7.0,PERSONAL,A,2500,7.49,0.09,N,3,0
10853,24,30000,RENT,5.0,PERSONAL,A,10000,6.99,0.33,N,4,1
10854,22,39996,RENT,3.0,EDUCATION,C,1000,14.79,0.03,Y,4,0
10855,26,75000,RENT,10.0,MEDICAL,C,10000,15.27,0.13,Y,2,0
10856,31,55000,RENT,15.0,VENTURE,B,1000,9.99,0.02,N,6,0
10857,30,75000,MORTGAGE,14.0,VENTURE,A,10000,6.99,0.13,N,8,0
10858,26,30000,RENT,2.0,DEBTCONSOLIDATION,B,6000,11.89,0.2,N,2,0
10859,28,75000,RENT,12.0,VENTURE,B,5000,10.99,0.07,N,6,0
10860,30,200000,RENT,8.0,PERSONAL,B,12000,11.71,0.06,N,7,0
10861,24,80000,RENT,0.0,PERSONAL,A,15000,9.63,0.19,N,3,0
10862,23,70000,RENT,4.0,EDUCATION,B,20000,11.48,0.29,N,2,0
10863,29,78000,RENT,0.0,HOMEIMPROVEMENT,D,15000,14.96,0.19,N,8,1
10864,26,45000,RENT,0.0,DEBTCONSOLIDATION,A,7800,9.63,0.17,N,4,0
10865,33,90000,MORTGAGE,4.0,DEBTCONSOLIDATION,A,14000,6.03,0.16,N,7,0
10866,24,259000,MORTGAGE,0.0,MEDICAL,C,20000,13.57,0.08,Y,4,0
10867,36,30000,RENT,7.0,MEDICAL,D,10000,15.99,0.33,N,16,1
10868,36,61000,MORTGAGE,2.0,PERSONAL,C,8200,14.79,0.14,N,12,0
10869,26,40000,RENT,1.0,VENTURE,B,12000,10.99,0.3,N,3,0
10870,22,30000,RENT,3.0,PERSONAL,B,2400,11.49,0.08,N,2,0
10871,24,104550,MORTGAGE,2.0,MEDICAL,D,25000,15.21,0.2,Y,2,1
10872,22,40000,RENT,0.0,VENTURE,C,10000,11.54,0.25,N,3,0
10873,30,97000,MORTGAGE,13.0,VENTURE,C,10000,14.65,0.1,N,8,0
10874,32,36000,MORTGAGE,3.0,MEDICAL,B,6500,11.99,0.18,N,7,0
10875,27,120000,MORTGAGE,2.0,VENTURE,B,7200,9.99,0.06,N,9,0
10876,31,41000,MORTGAGE,7.0,EDUCATION,F,10000,18.21,0.24,Y,7,1
10877,26,45000,RENT,6.0,PERSONAL,B,6000,10.99,0.13,N,3,0
10878,22,48000,RENT,6.0,MEDICAL,B,10000,11.89,0.21,N,2,0
10879,27,50000,MORTGAGE,11.0,PERSONAL,A,6400,6.99,0.13,N,9,0
10880,26,25000,RENT,1.0,MEDICAL,B,8500,11.71,0.34,N,2,1
10881,25,100000,MORTGAGE,9.0,DEBTCONSOLIDATION,C,7000,14.35,0.07,Y,4,0
10882,30,50000,RENT,4.0,HOMEIMPROVEMENT,C,3000,13.99,0.06,N,10,0
10883,30,30000,OWN,1.0,VENTURE,B,7200,9.88,0.24,N,6,0
10884,24,50000,RENT,4.0,VENTURE,D,8000,15.95,0.16,Y,3,0
10885,28,70000,MORTGAGE,12.0,HOMEIMPROVEMENT,A,3500,5.42,0.05,N,8,0
10886,34,50000,RENT,0.0,PERSONAL,A,4500,5.79,0.09,N,6,0
10887,23,90000,MORTGAGE,7.0,DEBTCONSOLIDATION,A,16000,6.03,0.18,N,2,0
10888,26,50000,MORTGAGE,8.0,MEDICAL,A,12000,7.88,0.24,N,2,0
10889,25,24996,MORTGAGE,5.0,MEDICAL,A,7500,7.88,0.3,N,4,0
10890,22,50000,RENT,7.0,PERSONAL,D,8000,16.02,0.16,N,3,0
10891,22,72000,RENT,2.0,VENTURE,C,6300,13.22,0.09,N,2,0
10892,25,100000,RENT,2.0,DEBTCONSOLIDATION,C,10000,13.48,0.1,Y,3,0
10893,27,54000,RENT,2.0,PERSONAL,B,12000,10.59,0.22,N,8,0
10894,24,25000,RENT,3.0,EDUCATION,B,5000,12.42,0.2,N,2,1
10895,43,96000,MORTGAGE,4.0,PERSONAL,B,12000,10.99,0.13,N,17,0
10896,32,54000,MORTGAGE,5.0,EDUCATION,A,5000,5.42,0.09,N,10,0
10897,26,60000,OWN,10.0,MEDICAL,B,15000,11.83,0.25,N,2,0
10898,23,80000,MORTGAGE,0.0,DEBTCONSOLIDATION,B,6475,9.99,0.08,N,4,0
10899,23,60400,RENT,4.0,VENTURE,A,7000,7.14,0.12,N,4,0
10900,35,103000,MORTGAGE,13.0,VENTURE,F,17000,15.76,0.17,N,10,0
10901,27,93000,RENT,11.0,MEDICAL,B,1500,8.88,0.02,N,5,0
10902,32,75000,MORTGAGE,6.0,VENTURE,A,5600,9.32,0.07,N,10,0
10903,23,112445,MORTGAGE,4.0,PERSONAL,A,6000,7.51,0.05,N,2,0
10904,23,60000,MORTGAGE,6.0,EDUCATION,C,6000,13.49,0.1,N,3,0
10905,22,45996,RENT,0.0,DEBTCONSOLIDATION,E,20000,16.0,0.43,Y,3,1
10906,24,49000,MORTGAGE,8.0,VENTURE,B,2500,8.88,0.05,N,2,0
10907,23,62000,RENT,3.0,VENTURE,E,10000,16.63,0.16,N,2,0
10908,27,60000,RENT,2.0,VENTURE,C,9000,13.92,0.15,Y,7,0
10909,21,40000,RENT,2.0,MEDICAL,B,4000,10.74,0.1,N,2,0
10910,25,45000,RENT,9.0,DEBTCONSOLIDATION,A,5500,9.63,0.12,N,2,0
10911,24,54000,RENT,1.0,MEDICAL,C,10000,11.97,0.19,N,4,1
10912,33,78000,RENT,2.0,PERSONAL,C,15000,13.85,0.19,Y,9,0
10913,22,57000,RENT,0.0,EDUCATION,C,14000,13.85,0.25,Y,3,0
10914,25,60000,MORTGAGE,9.0,DEBTCONSOLIDATION,B,7000,10.59,0.12,N,3,0
10915,22,80000,MORTGAGE,6.0,EDUCATION,D,10000,15.62,0.13,N,2,0
10916,22,85000,MORTGAGE,6.0,VENTURE,C,12000,12.61,0.14,Y,2,0
10917,22,54000,MORTGAGE,6.0,MEDICAL,A,12000,6.62,0.22,N,4,0
10918,24,55000,RENT,6.0,VENTURE,A,7500,7.49,0.14,N,4,0
10919,22,42000,RENT,1.0,EDUCATION,C,6400,13.61,0.15,Y,3,0
10920,25,75000,MORTGAGE,9.0,EDUCATION,D,7500,12.61,0.1,N,3,0
10921,30,60000,RENT,0.0,HOMEIMPROVEMENT,B,12000,10.99,0.2,N,7,0
10922,24,27000,RENT,0.0,MEDICAL,A,10500,8.94,0.4,N,2,1
10923,23,120000,RENT,4.0,EDUCATION,D,20000,15.65,0.17,N,4,0
10924,35,56400,MORTGAGE,2.0,VENTURE,B,8500,8.88,0.15,N,6,0
10925,22,50000,RENT,0.0,VENTURE,B,14400,11.89,0.29,N,4,0
10926,22,70000,MORTGAGE,6.0,EDUCATION,A,11000,6.99,0.16,N,3,0
10927,21,42000,OTHER,0.0,EDUCATION,B,5000,11.26,0.12,N,3,0
10928,38,26400,RENT,1.0,MEDICAL,C,4800,13.23,0.19,Y,16,0
10929,38,35000,RENT,1.0,DEBTCONSOLIDATION,A,3600,7.49,0.1,N,16,0
10930,36,25000,RENT,0.0,EDUCATION,C,6000,13.61,0.24,N,11,0
10931,27,146000,MORTGAGE,11.0,VENTURE,B,3000,10.37,0.02,N,6,0
10932,23,80000,RENT,5.0,VENTURE,B,5000,11.99,0.06,N,3,0
10933,24,78000,RENT,2.0,HOMEIMPROVEMENT,B,3000,11.71,0.04,N,4,1
10934,52,60000,RENT,0.0,PERSONAL,B,10000,10.25,0.17,N,25,0
10935,23,90000,MORTGAGE,7.0,PERSONAL,B,12000,11.99,0.13,N,4,0
10936,24,110000,MORTGAGE,8.0,EDUCATION,D,4800,16.49,0.04,N,2,0
10937,27,70000,MORTGAGE,1.0,VENTURE,B,12000,11.11,0.17,N,8,0
10938,25,43000,MORTGAGE,9.0,EDUCATION,A,10000,8.94,0.23,N,4,0
10939,29,120000,MORTGAGE,7.0,HOMEIMPROVEMENT,A,10000,7.29,0.08,N,8,0
10940,27,80000,MORTGAGE,4.0,PERSONAL,A,12000,8.9,0.15,N,5,0
10941,25,42000,RENT,2.0,DEBTCONSOLIDATION,B,6000,10.36,0.14,N,3,0
10942,23,50000,RENT,0.0,EDUCATION,B,4000,10.65,0.08,N,2,0
10943,23,42500,RENT,0.0,PERSONAL,A,5000,5.42,0.12,N,4,0
10944,25,38400,RENT,2.0,DEBTCONSOLIDATION,B,4000,12.53,0.1,N,3,0
10945,36,74400,RENT,6.0,EDUCATION,A,10000,8.94,0.13,N,14,1
10946,25,40000,OWN,9.0,VENTURE,A,5000,7.9,0.13,N,3,0
10947,27,51000,MORTGAGE,12.0,DEBTCONSOLIDATION,A,7500,7.29,0.15,N,9,1
10948,31,100000,RENT,3.0,VENTURE,B,12000,10.0,0.12,N,7,0
10949,27,50000,MORTGAGE,4.0,MEDICAL,A,12000,7.51,0.24,N,10,0
10950,25,90000,RENT,9.0,PERSONAL,B,8000,9.91,0.09,N,4,0
10951,36,30000,RENT,2.0,PERSONAL,B,10000,10.99,0.33,N,14,1
10952,26,172000,MORTGAGE,9.0,HOMEIMPROVEMENT,A,20000,7.88,0.12,N,3,0
10953,35,80000,MORTGAGE,6.0,VENTURE,A,16000,7.88,0.2,N,8,0
10954,22,80000,RENT,5.0,DEBTCONSOLIDATION,C,7500,13.98,0.09,N,3,0
10955,23,60000,MORTGAGE,7.0,VENTURE,B,12000,10.37,0.2,N,4,0
10956,25,64600,RENT,2.0,EDUCATION,B,10500,11.89,0.16,N,4,0
10957,32,24996,RENT,0.0,PERSONAL,C,3500,12.98,0.14,Y,6,0
10958,36,93000,MORTGAGE,6.0,VENTURE,B,18000,9.63,0.19,N,14,0
10959,27,29000,RENT,10.0,HOMEIMPROVEMENT,A,6000,7.49,0.21,N,7,1
10960,40,140000,MORTGAGE,2.0,MEDICAL,B,24500,11.83,0.17,N,14,0
10961,25,92400,MORTGAGE,8.0,EDUCATION,A,14500,7.88,0.16,N,4,0
10962,22,42000,MORTGAGE,6.0,MEDICAL,A,6300,5.79,0.15,N,2,0
10963,38,47000,RENT,5.0,MEDICAL,B,3000,11.71,0.06,N,12,0
10964,31,45000,RENT,0.0,PERSONAL,C,8000,12.87,0.18,Y,9,0
10965,27,90000,MORTGAGE,11.0,HOMEIMPROVEMENT,A,10000,7.9,0.11,N,6,0
10966,29,33600,RENT,3.0,PERSONAL,A,8000,7.88,0.24,N,9,0
10967,38,25000,RENT,9.0,DEBTCONSOLIDATION,A,2500,6.99,0.1,N,11,0
10968,22,51996,MORTGAGE,4.0,VENTURE,B,1500,10.37,0.03,N,2,0
10969,25,90000,MORTGAGE,9.0,VENTURE,A,10000,7.49,0.11,N,2,0
10970,24,54000,RENT,2.0,DEBTCONSOLIDATION,D,6000,15.7,0.11,N,2,1
10971,24,34000,MORTGAGE,9.0,DEBTCONSOLIDATION,E,10000,17.14,0.29,N,4,1
10972,29,30000,MORTGAGE,5.0,EDUCATION,A,2000,5.42,0.07,N,8,0
10973,27,31200,RENT,4.0,DEBTCONSOLIDATION,B,8000,11.49,0.26,N,9,1
10974,30,87000,RENT,4.0,MEDICAL,B,20000,12.53,0.23,N,7,0
10975,23,37200,MORTGAGE,2.0,MEDICAL,B,14000,11.14,0.37,N,3,0
10976,31,30000,RENT,1.0,PERSONAL,B,3000,10.08,0.1,N,6,1
10977,22,35280,RENT,3.0,MEDICAL,D,4000,15.62,0.11,Y,3,1
10978,22,40800,RENT,7.0,DEBTCONSOLIDATION,C,4800,12.61,0.12,Y,2,0
10979,26,100000,RENT,10.0,VENTURE,B,14000,10.59,0.14,N,2,0
10980,27,29004,RENT,1.0,PERSONAL,B,3000,10.59,0.11,N,5,0
10981,41,100000,RENT,3.0,PERSONAL,A,10000,7.49,0.1,N,12,0
10982,25,120000,RENT,4.0,HOMEIMPROVEMENT,D,20000,14.84,0.17,Y,3,0
10983,26,82650,RENT,6.0,HOMEIMPROVEMENT,B,10200,9.99,0.12,N,4,0
10984,27,45000,MORTGAGE,6.0,MEDICAL,A,9000,5.42,0.2,N,8,0
10985,31,85000,RENT,2.0,EDUCATION,E,24000,16.45,0.29,Y,9,1
10986,36,30000,RENT,1.0,MEDICAL,D,5000,16.29,0.17,Y,13,1
10987,26,48000,RENT,0.0,MEDICAL,B,1500,10.99,0.03,N,4,0
10988,24,60000,MORTGAGE,8.0,DEBTCONSOLIDATION,A,4800,8.9,0.08,N,2,0
10989,28,69996,MORTGAGE,12.0,MEDICAL,B,8000,12.69,0.11,N,5,0
10990,30,49000,MORTGAGE,14.0,PERSONAL,A,7000,6.62,0.14,N,9,0
10991,22,43000,MORTGAGE,6.0,VENTURE,D,8000,16.29,0.19,N,3,0
10992,22,60000,RENT,0.0,VENTURE,A,9000,5.79,0.15,N,3,0
10993,25,60000,MORTGAGE,9.0,DEBTCONSOLIDATION,A,12500,7.88,0.21,N,4,0
10994,24,75840,MORTGAGE,7.0,MEDICAL,C,15000,15.27,0.19,N,4,1
10995,27,70000,MORTGAGE,8.0,MEDICAL,C,1600,14.27,0.02,Y,8,0
10996,23,48000,OWN,5.0,VENTURE,B,10000,10.62,0.21,N,4,0
10997,40,60000,MORTGAGE,13.0,HOMEIMPROVEMENT,D,20000,14.54,0.33,N,14,0
10998,24,30000,RENT,0.0,PERSONAL,A,8000,5.42,0.27,N,3,0
10999,36,90000,RENT,6.0,EDUCATION,B,13000,10.59,0.14,N,13,0
11000,30,150000,RENT,2.0,HOMEIMPROVEMENT,B,20000,10.08,0.13,N,7,0
11001,22,65000,RENT,4.0,EDUCATION,A,14000,9.63,0.22,N,4,0
11002,22,54000,MORTGAGE,0.0,DEBTCONSOLIDATION,A,10000,6.91,0.19,N,4,0
11003,24,45000,RENT,5.0,MEDICAL,E,7000,15.38,0.16,Y,3,0
11004,27,53004,RENT,3.0,VENTURE,C,14900,13.47,0.27,Y,7,0
11005,23,130000,MORTGAGE,7.0,PERSONAL,D,20000,15.62,0.15,N,3,0
11006,22,40000,MORTGAGE,0.0,EDUCATION,C,5000,12.68,0.13,N,2,0
11007,23,72000,RENT,6.0,DEBTCONSOLIDATION,C,21000,13.23,0.29,N,4,0
11008,21,30000,RENT,3.0,DEBTCONSOLIDATION,A,7200,5.79,0.24,N,4,0
11009,24,42000,RENT,2.0,VENTURE,B,7800,11.49,0.18,N,2,0
11010,52,200000,MORTGAGE,1.0,PERSONAL,A,16000,7.9,0.08,N,20,0
11011,26,125000,OWN,10.0,VENTURE,B,10000,10.99,0.08,N,2,0
11012,24,90000,OWN,8.0,PERSONAL,C,12000,12.73,0.13,Y,3,0
11013,30,34000,MORTGAGE,1.0,HOMEIMPROVEMENT,B,10000,12.21,0.29,N,6,1
11014,22,90000,RENT,6.0,EDUCATION,B,3000,11.49,0.03,N,3,0
11015,23,52000,RENT,0.0,EDUCATION,D,17000,18.25,0.33,N,3,1
11016,26,29000,RENT,1.0,EDUCATION,B,2500,11.49,0.09,N,4,1
11017,33,72000,MORTGAGE,3.0,MEDICAL,A,10000,7.88,0.14,N,5,0
11018,22,55000,RENT,3.0,DEBTCONSOLIDATION,A,7000,8.0,0.13,N,3,0
11019,27,33000,RENT,3.0,MEDICAL,C,3000,13.49,0.09,N,8,0
11020,29,49500,RENT,0.0,MEDICAL,B,10000,10.36,0.2,N,5,0
11021,24,75000,RENT,0.0,EDUCATION,A,12500,6.54,0.17,N,4,0
11022,23,60000,RENT,5.0,PERSONAL,C,12000,12.61,0.2,N,2,0
11023,23,88000,RENT,1.0,VENTURE,D,8000,14.59,0.09,N,2,1
11024,23,88000,MORTGAGE,8.0,VENTURE,A,10000,8.94,0.11,N,3,0
11025,27,51395,RENT,11.0,VENTURE,A,12500,7.88,0.25,N,8,0
11026,29,60000,RENT,0.0,VENTURE,B,14000,9.99,0.23,N,10,0
11027,27,50663,RENT,5.0,VENTURE,C,9150,12.73,0.18,N,9,0
11028,21,25000,OWN,2.0,MEDICAL,B,5000,10.38,0.2,N,3,0
11029,29,130000,MORTGAGE,4.0,MEDICAL,A,9000,6.76,0.07,N,8,0
11030,24,60000,RENT,8.0,MEDICAL,C,10000,13.49,0.17,N,2,0
11031,23,35000,MORTGAGE,6.0,VENTURE,A,12000,5.99,0.34,N,4,0
11032,25,60000,MORTGAGE,9.0,PERSONAL,A,3600,5.79,0.06,N,2,0
11033,26,35496,MORTGAGE,7.0,DEBTCONSOLIDATION,C,5500,12.68,0.15,N,4,0
11034,21,90000,MORTGAGE,5.0,EDUCATION,C,15000,12.53,0.17,N,4,0
11035,28,120000,MORTGAGE,5.0,EDUCATION,A,8000,7.14,0.07,N,5,0
11036,26,30000,RENT,3.0,EDUCATION,A,6000,7.88,0.2,N,4,0
11037,44,36000,RENT,0.0,DEBTCONSOLIDATION,B,9000,11.48,0.25,N,15,0
11038,31,57800,RENT,2.0,PERSONAL,B,5000,10.37,0.09,N,10,0
11039,21,50000,MORTGAGE,5.0,PERSONAL,B,5000,11.83,0.1,N,3,0
11040,30,78000,MORTGAGE,1.0,HOMEIMPROVEMENT,B,6000,10.59,0.08,N,7,0
11041,22,42200,RENT,5.0,MEDICAL,A,8000,9.32,0.19,N,4,0
11042,28,140000,MORTGAGE,12.0,PERSONAL,A,7400,6.03,0.05,N,7,0
11043,25,75000,MORTGAGE,4.0,HOMEIMPROVEMENT,B,15000,9.99,0.2,N,2,0
11044,38,67200,RENT,2.0,DEBTCONSOLIDATION,B,5500,12.69,0.08,N,12,0
11045,45,49000,RENT,11.0,MEDICAL,A,19000,5.79,0.4,N,12,1
11046,22,60000,MORTGAGE,6.0,DEBTCONSOLIDATION,B,10000,9.99,0.17,N,4,0
11047,31,95000,RENT,4.0,DEBTCONSOLIDATION,A,5000,9.63,0.05,N,5,0
11048,30,25000,RENT,0.0,MEDICAL,C,5000,11.66,0.2,N,7,0
11049,23,75000,RENT,5.0,EDUCATION,A,7200,8.9,0.1,N,4,0
11050,23,100000,RENT,7.0,MEDICAL,B,9000,12.21,0.09,N,3,0
11051,28,48840,RENT,5.0,PERSONAL,D,15000,15.7,0.31,Y,8,1
11052,29,30000,RENT,4.0,DEBTCONSOLIDATION,C,12000,13.72,0.4,N,8,1
11053,26,46000,RENT,5.0,PERSONAL,B,7200,11.49,0.16,N,2,0
11054,22,46000,MORTGAGE,6.0,EDUCATION,A,7000,7.88,0.15,N,4,0
11055,23,60000,RENT,4.0,MEDICAL,B,10000,12.18,0.17,N,4,0
11056,25,75996,MORTGAGE,8.0,EDUCATION,B,10000,9.63,0.13,N,3,0
11057,45,60000,MORTGAGE,6.0,PERSONAL,B,5000,11.49,0.08,N,12,0
11058,27,53664,RENT,11.0,MEDICAL,A,17000,5.79,0.33,N,8,1
11059,23,100000,MORTGAGE,0.0,PERSONAL,C,15000,12.84,0.15,Y,4,0
11060,27,75000,RENT,2.0,PERSONAL,B,6400,9.63,0.09,N,7,0
11061,25,49000,MORTGAGE,8.0,DEBTCONSOLIDATION,D,5000,14.74,0.1,Y,4,1
11062,26,50000,RENT,7.0,VENTURE,B,18000,12.69,0.36,N,2,1
11063,23,28000,RENT,0.0,MEDICAL,A,1000,7.74,0.04,N,3,0
11064,29,67000,MORTGAGE,7.0,PERSONAL,D,13000,14.11,0.19,Y,9,0
11065,24,90000,RENT,7.0,HOMEIMPROVEMENT,B,15000,9.91,0.17,N,2,0
11066,31,94350,MORTGAGE,5.0,HOMEIMPROVEMENT,D,15000,14.09,0.14,N,9,0
11067,28,84000,MORTGAGE,12.0,DEBTCONSOLIDATION,C,12000,14.65,0.14,N,6,1
11068,22,27000,RENT,6.0,EDUCATION,B,11000,10.65,0.41,N,4,1
11069,22,50000,RENT,4.0,EDUCATION,B,3000,10.0,0.06,N,2,0
11070,23,60000,RENT,3.0,DEBTCONSOLIDATION,B,6000,10.59,0.1,N,4,0
11071,24,70000,RENT,1.0,VENTURE,B,10000,11.71,0.14,N,3,0
11072,36,32000,RENT,6.0,VENTURE,B,8500,8.7,0.27,N,15,0
11073,28,100000,MORTGAGE,13.0,DEBTCONSOLIDATION,A,10000,5.42,0.1,N,5,0
11074,31,33600,OWN,10.0,VENTURE,A,5575,7.66,0.18,N,6,0
11075,22,60000,MORTGAGE,5.0,DEBTCONSOLIDATION,A,5000,5.99,0.08,N,4,0
11076,22,115000,MORTGAGE,4.0,EDUCATION,B,19000,10.37,0.17,N,3,0
11077,24,40000,RENT,3.0,PERSONAL,A,2000,6.17,0.05,N,4,0
11078,26,82000,MORTGAGE,6.0,HOMEIMPROVEMENT,E,10750,15.68,0.13,Y,4,0
11079,28,70000,MORTGAGE,4.0,VENTURE,B,5000,9.99,0.07,N,5,0
11080,25,65000,RENT,9.0,EDUCATION,C,17600,13.16,0.27,Y,4,0
11081,28,130000,RENT,12.0,EDUCATION,B,6000,11.71,0.05,N,6,0
11082,25,29004,RENT,0.0,PERSONAL,B,5000,9.88,0.17,N,3,1
11083,31,92700,MORTGAGE,15.0,MEDICAL,B,1500,9.63,0.02,N,6,0
11084,27,182004,MORTGAGE,1.0,HOMEIMPROVEMENT,B,7500,9.96,0.04,N,5,0
11085,22,30000,RENT,1.0,EDUCATION,C,10000,13.22,0.33,Y,4,1
11086,24,60000,MORTGAGE,0.0,EDUCATION,A,10000,5.79,0.17,N,2,0
11087,28,60000,MORTGAGE,3.0,PERSONAL,B,6000,11.48,0.1,N,10,0
11088,35,120000,MORTGAGE,9.0,VENTURE,A,12000,7.51,0.1,N,9,0
11089,27,75000,MORTGAGE,6.0,MEDICAL,A,9000,7.29,0.12,N,7,0
11090,32,47000,RENT,2.0,DEBTCONSOLIDATION,C,12000,11.66,0.26,N,7,0
11091,32,27000,OWN,1.0,HOMEIMPROVEMENT,C,8000,12.73,0.3,Y,8,0
11092,27,45000,RENT,0.0,PERSONAL,D,10000,14.96,0.22,Y,7,0
11093,30,39600,MORTGAGE,3.0,PERSONAL,C,6000,14.17,0.15,N,5,0
11094,28,60000,RENT,5.0,EDUCATION,A,3000,8.9,0.05,N,9,0
11095,23,86004,RENT,1.0,EDUCATION,B,1800,10.25,0.02,N,4,0
11096,29,62000,MORTGAGE,2.0,PERSONAL,A,12500,7.88,0.21,N,10,0
11097,27,95000,MORTGAGE,0.0,VENTURE,A,15000,6.54,0.16,N,10,0
11098,23,28800,RENT,2.0,EDUCATION,B,5300,11.49,0.18,N,2,0
11099,23,48000,RENT,7.0,MEDICAL,B,15000,10.65,0.31,N,3,1
11100,34,39996,RENT,3.0,MEDICAL,C,12800,15.23,0.32,N,6,1
11101,32,95000,MORTGAGE,7.0,MEDICAL,A,14000,7.29,0.15,N,5,0
11102,31,75000,RENT,3.0,MEDICAL,B,6000,10.99,0.08,N,10,0
11103,23,26004,MORTGAGE,7.0,VENTURE,A,7000,5.42,0.27,N,4,0
11104,24,42000,RENT,1.0,MEDICAL,C,2000,11.97,0.05,Y,2,0
11105,22,45000,RENT,6.0,VENTURE,B,7000,11.71,0.16,N,3,0
11106,23,70000,RENT,0.0,EDUCATION,A,10000,6.92,0.14,N,3,0
11107,25,72000,RENT,1.0,MEDICAL,B,15000,10.37,0.21,N,2,0
11108,26,87000,MORTGAGE,7.0,EDUCATION,B,10000,11.36,0.11,N,3,0
11109,23,85000,MORTGAGE,7.0,DEBTCONSOLIDATION,B,5000,10.38,0.06,N,4,0
11110,23,36000,RENT,2.0,VENTURE,D,6000,14.96,0.17,N,4,0
11111,29,90000,MORTGAGE,13.0,MEDICAL,A,10000,7.51,0.11,N,8,0
11112,23,57000,MORTGAGE,7.0,DEBTCONSOLIDATION,B,4200,10.74,0.07,N,2,0
11113,25,30000,RENT,1.0,EDUCATION,A,6000,7.51,0.2,N,3,0
11114,26,69600,OWN,11.0,VENTURE,A,6000,7.9,0.09,N,2,0
11115,35,24000,RENT,2.0,VENTURE,D,3600,15.28,0.15,Y,6,1
11116,25,30000,MORTGAGE,0.0,MEDICAL,A,3350,7.74,0.11,N,3,0
11117,23,24000,RENT,3.0,EDUCATION,B,5000,10.39,0.21,N,4,0
11118,24,75000,OWN,7.0,HOMEIMPROVEMENT,B,13000,10.99,0.17,N,2,0
11119,23,92000,MORTGAGE,7.0,EDUCATION,B,24000,11.49,0.26,N,3,0
11120,23,60000,RENT,0.0,EDUCATION,D,16000,18.25,0.27,N,2,0
11121,24,51400,RENT,2.0,DEBTCONSOLIDATION,C,9000,12.61,0.18,Y,2,0
11122,29,42000,RENT,1.0,DEBTCONSOLIDATION,B,12000,9.99,0.29,N,10,1
11123,31,170000,MORTGAGE,3.0,MEDICAL,A,20000,6.54,0.12,N,5,0
11124,24,85000,RENT,3.0,PERSONAL,B,7200,10.99,0.08,N,4,0
11125,23,55000,RENT,3.0,EDUCATION,A,7000,8.0,0.13,N,3,0
11126,21,40000,RENT,5.0,PERSONAL,B,3000,11.71,0.07,N,3,0
11127,27,30000,RENT,0.0,VENTURE,A,12000,8.94,0.4,N,6,1
11128,28,76597,RENT,2.0,EDUCATION,B,19600,11.48,0.26,N,10,0
11129,24,108000,MORTGAGE,6.0,DEBTCONSOLIDATION,D,25000,13.36,0.23,Y,2,1
11130,23,32000,RENT,0.0,EDUCATION,D,4000,14.96,0.12,N,2,1
11131,27,110000,RENT,2.0,HOMEIMPROVEMENT,B,10000,10.65,0.09,N,8,0
11132,22,47004,RENT,1.0,EDUCATION,B,15000,11.58,0.32,N,3,1
11133,27,60000,RENT,2.0,PERSONAL,B,6000,9.91,0.1,N,10,0
11134,29,80400,MORTGAGE,8.0,PERSONAL,A,8000,7.49,0.1,N,9,0
11135,22,27600,RENT,2.0,PERSONAL,B,7500,11.49,0.27,N,4,0
11136,29,140000,MORTGAGE,0.0,PERSONAL,A,15000,6.54,0.11,N,7,0
11137,22,45000,RENT,3.0,VENTURE,A,5000,7.51,0.11,N,3,0
11138,36,50000,MORTGAGE,15.0,HOMEIMPROVEMENT,A,6000,7.14,0.12,N,13,0
11139,24,61200,MORTGAGE,5.0,HOMEIMPROVEMENT,A,5100,7.12,0.08,N,4,0
11140,40,56472,RENT,4.0,EDUCATION,D,15775,14.42,0.28,N,15,0
11141,24,45000,MORTGAGE,8.0,MEDICAL,A,7000,7.51,0.16,N,4,0
11142,24,60000,RENT,5.0,VENTURE,B,15000,12.53,0.25,N,4,0
11143,25,69000,MORTGAGE,9.0,EDUCATION,B,6500,10.99,0.09,N,3,0
11144,29,44000,RENT,1.0,PERSONAL,C,6000,12.99,0.14,N,6,1
11145,23,65000,MORTGAGE,7.0,MEDICAL,C,6000,12.99,0.09,N,2,0
11146,23,64200,RENT,0.0,PERSONAL,A,3000,7.14,0.05,N,3,0
11147,23,44000,MORTGAGE,7.0,DEBTCONSOLIDATION,B,4500,10.59,0.1,N,2,1
11148,31,43000,RENT,3.0,DEBTCONSOLIDATION,B,4000,10.65,0.09,N,7,0
11149,22,70000,MORTGAGE,3.0,DEBTCONSOLIDATION,A,4000,7.9,0.06,N,2,0
11150,38,140000,MORTGAGE,5.0,HOMEIMPROVEMENT,A,12000,6.91,0.09,N,13,0
11151,25,120000,MORTGAGE,3.0,DEBTCONSOLIDATION,A,10000,5.42,0.08,N,2,0
11152,36,85000,RENT,2.0,PERSONAL,B,15000,12.42,0.18,N,15,0
11153,36,60000,MORTGAGE,6.0,VENTURE,B,8000,11.49,0.13,N,13,0
11154,27,37440,RENT,2.0,PERSONAL,B,15000,9.88,0.4,N,9,1
11155,24,69996,MORTGAGE,2.0,PERSONAL,B,4000,10.75,0.06,N,3,0
11156,29,36000,RENT,1.0,PERSONAL,A,6000,9.63,0.17,N,6,0
11157,41,190000,MORTGAGE,18.0,EDUCATION,B,24000,10.99,0.13,N,12,0
11158,29,65000,MORTGAGE,8.0,VENTURE,A,7000,7.29,0.11,N,7,0
11159,31,100000,MORTGAGE,4.0,MEDICAL,A,12000,8.94,0.12,N,6,0
11160,32,25000,RENT,14.0,PERSONAL,D,7800,14.84,0.32,N,9,1
11161,42,75000,MORTGAGE,5.0,EDUCATION,B,10000,9.63,0.13,N,12,0
11162,23,40000,RENT,7.0,PERSONAL,A,10625,6.62,0.27,N,2,0
11163,44,56100,RENT,3.0,EDUCATION,C,16000,14.22,0.24,N,14,1
11164,27,110000,MORTGAGE,3.0,HOMEIMPROVEMENT,C,7000,13.43,0.06,Y,5,0
11165,36,65000,RENT,3.0,DEBTCONSOLIDATION,B,10000,10.37,0.15,N,16,0
11166,21,24000,RENT,5.0,MEDICAL,C,1500,14.27,0.06,Y,4,0
11167,33,40000,RENT,2.0,MEDICAL,A,3000,7.88,0.07,N,9,0
11168,26,39000,RENT,1.0,EDUCATION,E,10000,16.4,0.26,N,2,1
11169,26,67000,RENT,10.0,PERSONAL,B,10000,12.21,0.15,N,2,0
11170,30,78111,MORTGAGE,5.0,PERSONAL,A,25000,7.51,0.32,N,8,0
11171,27,103000,RENT,1.0,DEBTCONSOLIDATION,A,16800,6.91,0.16,N,10,0
11172,24,130000,MORTGAGE,2.0,EDUCATION,C,7500,15.27,0.06,Y,3,0
11173,21,12000,RENT,0.0,VENTURE,B,3000,10.39,0.25,N,2,0
11174,22,50000,MORTGAGE,3.0,MEDICAL,B,8000,9.63,0.16,N,4,0
11175,22,37200,RENT,4.0,PERSONAL,A,13000,7.49,0.34,N,2,1
11176,23,98000,MORTGAGE,7.0,MEDICAL,B,25000,10.99,0.26,N,4,0
11177,47,50000,RENT,4.0,HOMEIMPROVEMENT,E,4000,16.7,0.08,N,13,0
11178,22,26500,OWN,0.0,MEDICAL,C,6000,13.23,0.23,N,2,0
11179,22,70000,MORTGAGE,6.0,EDUCATION,B,8000,10.59,0.11,N,2,0
11180,25,50000,MORTGAGE,4.0,MEDICAL,C,8500,11.78,0.18,N,4,0
11181,22,120000,MORTGAGE,6.0,VENTURE,A,7000,6.76,0.06,N,4,0
11182,27,72000,MORTGAGE,11.0,VENTURE,C,10000,13.57,0.14,Y,5,0
11183,26,170000,MORTGAGE,10.0,EDUCATION,D,5000,12.86,0.03,Y,4,0
11184,23,60000,MORTGAGE,0.0,EDUCATION,D,20000,16.77,0.33,N,3,0
11185,24,83000,RENT,8.0,VENTURE,B,22000,11.71,0.25,N,2,0
11186,26,53004,MORTGAGE,5.0,VENTURE,A,10000,9.32,0.19,N,3,0
11187,22,24449,RENT,2.0,VENTURE,B,1800,11.89,0.07,N,4,0
11188,28,60000,MORTGAGE,12.0,MEDICAL,A,4000,7.14,0.07,N,9,0
11189,32,34000,RENT,0.0,PERSONAL,C,4000,15.96,0.12,Y,5,0
11190,26,45000,RENT,5.0,MEDICAL,A,2500,9.32,0.06,N,4,0
11191,24,48000,MORTGAGE,4.0,VENTURE,D,8000,16.49,0.17,Y,2,0
11192,22,26000,RENT,0.0,MEDICAL,B,7200,12.42,0.29,N,4,0
11193,40,50000,MORTGAGE,0.0,HOMEIMPROVEMENT,A,3000,6.03,0.06,N,17,0
11194,31,120000,MORTGAGE,2.0,VENTURE,B,7000,10.71,0.06,N,5,0
11195,27,30000,RENT,11.0,EDUCATION,C,1500,13.92,0.05,N,5,0
11196,29,138000,MORTGAGE,13.0,EDUCATION,C,2300,13.06,0.02,Y,8,0
11197,22,45000,OWN,6.0,MEDICAL,C,20000,13.48,0.44,Y,4,0
11198,25,18000,RENT,0.0,HOMEIMPROVEMENT,D,4000,15.99,0.22,Y,4,1
11199,30,42000,MORTGAGE,2.0,DEBTCONSOLIDATION,A,11000,7.51,0.27,N,5,0
11200,33,132000,MORTGAGE,4.0,VENTURE,A,14000,8.49,0.1,N,8,0
11201,29,40000,RENT,2.0,DEBTCONSOLIDATION,C,14000,14.27,0.35,Y,5,1
11202,24,29328,MORTGAGE,7.0,MEDICAL,B,7000,9.99,0.24,N,3,0
11203,21,53000,RENT,5.0,MEDICAL,A,10000,6.99,0.19,N,4,0
11204,24,65000,MORTGAGE,1.0,EDUCATION,D,7000,16.29,0.11,N,2,0
11205,22,48000,OWN,6.0,VENTURE,D,7800,14.09,0.16,N,2,0
11206,29,78000,RENT,0.0,HOMEIMPROVEMENT,A,12000,8.94,0.15,N,6,0
11207,24,34000,RENT,0.0,DEBTCONSOLIDATION,B,3000,11.86,0.09,N,2,0
11208,22,42000,RENT,2.0,DEBTCONSOLIDATION,A,8500,7.51,0.2,N,3,0
11209,25,68000,RENT,3.0,DEBTCONSOLIDATION,A,17000,5.79,0.25,N,4,0
11210,22,40525,MORTGAGE,6.0,EDUCATION,D,4800,14.96,0.12,Y,4,1
11211,27,30000,RENT,0.0,MEDICAL,C,5825,13.49,0.19,Y,9,0
11212,22,94692,MORTGAGE,5.0,MEDICAL,C,20000,13.49,0.21,N,2,0
11213,24,80400,RENT,5.0,VENTURE,A,12000,5.79,0.15,N,3,0
11214,27,40000,RENT,2.0,MEDICAL,B,10000,11.86,0.25,N,6,0
11215,30,60000,MORTGAGE,11.0,PERSONAL,A,6000,7.9,0.1,N,10,0
11216,29,50000,RENT,2.0,DEBTCONSOLIDATION,B,10000,8.88,0.2,N,6,0
11217,27,60000,MORTGAGE,11.0,PERSONAL,B,3000,10.65,0.05,N,10,0
11218,23,48000,MORTGAGE,7.0,MEDICAL,A,9600,7.51,0.2,N,4,0
11219,22,32004,RENT,1.0,VENTURE,B,5000,10.37,0.16,N,3,0
11220,25,50000,RENT,2.0,HOMEIMPROVEMENT,A,10000,6.03,0.2,N,4,0
11221,25,40000,RENT,3.0,HOMEIMPROVEMENT,C,3000,13.92,0.07,N,3,0
11222,28,53000,RENT,0.0,VENTURE,B,7000,9.88,0.13,N,9,0
11223,22,50000,RENT,0.0,MEDICAL,A,10000,6.17,0.2,N,2,0
11224,22,32000,RENT,4.0,PERSONAL,C,6400,13.49,0.2,N,4,0
11225,22,30000,RENT,1.0,HOMEIMPROVEMENT,A,3000,9.63,0.1,N,4,1
11226,26,120000,RENT,0.0,HOMEIMPROVEMENT,D,25000,14.11,0.21,N,4,0
11227,27,36004,RENT,0.0,MEDICAL,C,3000,13.92,0.08,Y,7,1
11228,26,35000,MORTGAGE,10.0,MEDICAL,B,1500,12.18,0.04,N,3,0
11229,22,39000,MORTGAGE,6.0,MEDICAL,A,6000,7.51,0.15,N,3,0
11230,30,70000,MORTGAGE,11.0,MEDICAL,B,3000,9.91,0.04,N,8,0
11231,21,28800,RENT,2.0,DEBTCONSOLIDATION,D,2800,16.77,0.1,Y,3,1
11232,28,100000,MORTGAGE,8.0,MEDICAL,A,7000,7.68,0.07,N,6,0
11233,25,53000,RENT,0.0,DEBTCONSOLIDATION,A,5000,8.0,0.09,N,2,0
11234,27,90000,MORTGAGE,0.0,HOMEIMPROVEMENT,A,8000,7.14,0.09,N,10,0
11235,24,185000,MORTGAGE,8.0,HOMEIMPROVEMENT,B,6000,10.99,0.03,N,4,0
11236,33,38400,MORTGAGE,7.0,VENTURE,A,13000,7.29,0.34,N,9,0
11237,29,135000,MORTGAGE,9.0,HOMEIMPROVEMENT,D,24000,14.61,0.18,N,9,0
11238,29,56400,MORTGAGE,13.0,MEDICAL,A,5000,6.03,0.09,N,7,0
11239,34,50000,MORTGAGE,7.0,VENTURE,A,5500,7.9,0.11,N,7,0
11240,24,71000,RENT,8.0,HOMEIMPROVEMENT,B,5500,10.62,0.07,N,2,0
11241,33,44000,RENT,13.0,EDUCATION,A,10000,6.03,0.23,N,9,1
11242,23,73524,MORTGAGE,7.0,EDUCATION,D,10000,14.96,0.14,N,3,0
11243,37,75600,MORTGAGE,0.0,MEDICAL,B,25000,10.36,0.33,N,12,0
11244,25,75800,MORTGAGE,9.0,EDUCATION,A,12000,8.59,0.16,N,2,0
11245,22,55000,MORTGAGE,4.0,PERSONAL,D,6000,15.29,0.11,Y,2,0
11246,26,61000,RENT,7.0,EDUCATION,A,5000,7.9,0.08,N,3,1
11247,25,100000,MORTGAGE,9.0,PERSONAL,B,6000,11.49,0.06,N,4,0
11248,26,57000,MORTGAGE,10.0,MEDICAL,B,10800,10.99,0.19,N,4,0
11249,27,30000,RENT,5.0,PERSONAL,B,10000,11.99,0.33,N,7,1
11250,37,55000,RENT,2.0,MEDICAL,B,4000,10.0,0.07,N,13,0
11251,29,60000,MORTGAGE,3.0,HOMEIMPROVEMENT,B,10000,9.88,0.17,N,5,0
11252,23,40000,MORTGAGE,5.0,VENTURE,B,6000,12.42,0.15,N,3,0
11253,24,45000,MORTGAGE,8.0,EDUCATION,A,3600,7.51,0.08,N,3,0
11254,23,84996,RENT,7.0,EDUCATION,A,3500,7.88,0.04,N,2,0
11255,25,42000,RENT,0.0,PERSONAL,D,14000,15.7,0.33,Y,2,1
11256,30,51480,RENT,15.0,PERSONAL,B,3000,10.65,0.06,N,7,0
11257,37,75000,RENT,0.0,HOMEIMPROVEMENT,A,4000,7.9,0.05,N,14,0
11258,25,80000,MORTGAGE,3.0,DEBTCONSOLIDATION,A,12000,6.92,0.15,N,4,0
11259,24,40000,RENT,3.0,DEBTCONSOLIDATION,A,14150,5.42,0.35,N,3,1
11260,22,36000,RENT,3.0,EDUCATION,A,5400,7.51,0.15,N,2,0
11261,27,65000,MORTGAGE,6.0,MEDICAL,A,10000,7.51,0.15,N,6,0
11262,22,75000,MORTGAGE,4.0,PERSONAL,C,20000,13.85,0.27,N,2,0
11263,22,28800,RENT,6.0,EDUCATION,B,4500,11.49,0.15,N,4,0
11264,34,65000,MORTGAGE,6.0,VENTURE,A,5000,6.17,0.08,N,5,0
11265,29,55000,RENT,3.0,HOMEIMPROVEMENT,B,12000,11.49,0.22,N,10,0
11266,27,51504,RENT,2.0,VENTURE,C,13000,12.53,0.25,Y,7,0
11267,45,48996,RENT,8.0,MEDICAL,B,5000,9.88,0.1,N,15,0
11268,24,55000,RENT,5.0,DEBTCONSOLIDATION,C,12000,13.49,0.22,Y,3,0
11269,24,28800,RENT,2.0,EDUCATION,A,8500,5.79,0.31,N,2,1
11270,37,24000,RENT,2.0,PERSONAL,A,2100,6.03,0.09,N,17,0
11271,26,59000,MORTGAGE,7.0,EDUCATION,A,15000,7.66,0.25,N,2,0
11272,33,143004,MORTGAGE,17.0,MEDICAL,A,10000,5.42,0.07,N,5,0
11273,28,143900,MORTGAGE,1.0,MEDICAL,B,12000,10.65,0.08,N,5,0
11274,26,70000,RENT,8.0,HOMEIMPROVEMENT,B,10000,11.58,0.14,N,4,0
11275,23,60000,RENT,0.0,PERSONAL,B,11500,10.65,0.19,N,2,0
11276,25,42240,OWN,10.0,MEDICAL,B,12000,11.86,0.28,N,4,0
11277,34,54000,RENT,1.0,VENTURE,C,13000,13.11,0.24,N,7,1
11278,28,100000,OWN,7.0,MEDICAL,B,5000,8.88,0.05,N,5,0
11279,22,47000,MORTGAGE,6.0,EDUCATION,A,8000,8.59,0.17,N,3,0
11280,23,41000,RENT,7.0,DEBTCONSOLIDATION,B,6000,9.63,0.15,N,3,0
11281,24,85000,RENT,0.0,HOMEIMPROVEMENT,B,20000,9.25,0.24,N,3,0
11282,26,102000,MORTGAGE,9.0,PERSONAL,B,20000,10.59,0.2,N,3,0
11283,28,70000,RENT,2.0,MEDICAL,B,4800,10.25,0.07,N,8,0
11284,23,40000,RENT,1.0,EDUCATION,C,6000,13.47,0.15,N,2,0
11285,40,118000,MORTGAGE,1.0,VENTURE,D,9000,14.11,0.07,N,14,0
11286,24,120000,RENT,2.0,EDUCATION,C,3600,13.92,0.03,N,3,0
11287,29,60000,MORTGAGE,0.0,HOMEIMPROVEMENT,D,17000,15.65,0.28,Y,8,0
11288,24,52000,MORTGAGE,7.0,MEDICAL,B,7100,12.69,0.14,N,4,1
11289,40,30000,RENT,0.0,EDUCATION,B,4000,11.83,0.13,N,12,0
11290,29,62500,RENT,0.0,MEDICAL,D,12000,16.77,0.19,N,8,1
11291,22,60000,MORTGAGE,6.0,VENTURE,C,3000,14.27,0.05,Y,4,0
11292,24,35000,RENT,1.0,HOMEIMPROVEMENT,B,10000,10.65,0.29,N,3,1
11293,36,40000,MORTGAGE,9.0,PERSONAL,A,6000,7.29,0.15,N,12,0
11294,22,35000,MORTGAGE,1.0,MEDICAL,A,10000,5.79,0.29,N,4,0
11295,28,28800,RENT,0.0,DEBTCONSOLIDATION,C,6425,13.72,0.23,Y,9,0
11296,27,42000,MORTGAGE,5.0,PERSONAL,B,7000,10.59,0.17,N,6,0
11297,31,45996,RENT,2.0,HOMEIMPROVEMENT,C,11000,13.98,0.24,Y,9,1
11298,22,137004,RENT,2.0,VENTURE,A,9000,7.14,0.06,N,2,0
11299,23,38000,RENT,7.0,EDUCATION,B,2500,12.69,0.06,N,4,0
11300,45,41200,OWN,15.0,PERSONAL,A,4800,7.29,0.1,N,12,0
11301,33,44000,MORTGAGE,0.0,MEDICAL,C,10000,13.79,0.23,Y,8,1
11302,24,45996,MORTGAGE,8.0,PERSONAL,C,9350,13.16,0.19,N,3,0
11303,25,44000,RENT,7.0,DEBTCONSOLIDATION,C,16000,13.22,0.36,N,2,1
11304,22,30000,RENT,6.0,EDUCATION,D,3000,15.99,0.1,N,2,1
11305,22,78000,MORTGAGE,2.0,DEBTCONSOLIDATION,B,5000,10.74,0.06,N,4,0
11306,23,31200,RENT,0.0,PERSONAL,A,3000,7.74,0.1,N,3,0
11307,23,95892,MORTGAGE,5.0,DEBTCONSOLIDATION,B,16000,11.58,0.17,N,4,0
11308,39,70000,MORTGAGE,1.0,MEDICAL,C,3000,13.49,0.04,Y,14,0
11309,25,38400,MORTGAGE,3.0,VENTURE,A,3000,8.9,0.08,N,3,0
11310,21,42000,RENT,5.0,HOMEIMPROVEMENT,C,1000,13.49,0.02,Y,2,1
11311,26,45000,MORTGAGE,6.0,PERSONAL,A,9600,6.99,0.22,N,2,0
11312,32,54000,MORTGAGE,2.0,MEDICAL,A,7000,5.42,0.13,N,9,0
11313,22,57000,MORTGAGE,7.0,DEBTCONSOLIDATION,B,7000,11.49,0.13,N,2,0
11314,28,55000,RENT,0.0,HOMEIMPROVEMENT,A,13000,6.92,0.24,N,7,0
11315,30,50000,MORTGAGE,14.0,PERSONAL,A,12250,7.49,0.24,N,5,0
11316,25,34000,MORTGAGE,2.0,MEDICAL,B,3000,9.25,0.09,N,2,0
11317,23,90000,MORTGAGE,7.0,PERSONAL,A,10000,8.59,0.11,N,4,0
11318,30,60000,MORTGAGE,0.0,VENTURE,A,8000,8.59,0.13,N,7,0
11319,35,45996,RENT,2.0,VENTURE,D,9000,14.11,0.2,Y,5,1
11320,25,26400,RENT,2.0,DEBTCONSOLIDATION,B,5000,12.69,0.19,N,2,0
11321,23,28800,RENT,0.0,EDUCATION,C,6000,12.99,0.21,N,3,0
11322,23,97000,MORTGAGE,4.0,DEBTCONSOLIDATION,C,6625,13.22,0.07,Y,2,0
11323,27,25440,RENT,5.0,EDUCATION,C,2000,12.61,0.08,N,9,0
11324,25,38000,RENT,1.0,MEDICAL,A,1500,7.68,0.04,N,3,0
11325,26,64000,MORTGAGE,8.0,VENTURE,D,5400,15.62,0.09,Y,3,0
11326,22,35000,RENT,7.0,EDUCATION,A,3600,6.91,0.1,N,3,0
11327,28,125004,MORTGAGE,12.0,PERSONAL,A,6000,5.42,0.05,N,7,0
11328,22,35000,RENT,3.0,DEBTCONSOLIDATION,C,7200,15.96,0.21,Y,4,0
11329,32,50000,RENT,1.0,PERSONAL,C,5000,14.79,0.1,Y,6,0
11330,22,60000,MORTGAGE,2.0,VENTURE,B,4000,10.99,0.07,N,2,0
11331,24,45000,MORTGAGE,5.0,MEDICAL,A,7500,8.59,0.17,N,4,0
11332,42,81000,MORTGAGE,9.0,PERSONAL,A,16000,6.91,0.2,N,17,1
11333,28,55000,RENT,0.0,EDUCATION,C,8000,13.16,0.15,Y,5,0
11334,23,70000,MORTGAGE,4.0,DEBTCONSOLIDATION,A,7000,7.49,0.1,N,2,0
11335,22,35000,RENT,4.0,DEBTCONSOLIDATION,B,8000,10.99,0.23,N,2,0
11336,24,63000,RENT,3.0,DEBTCONSOLIDATION,B,16400,10.99,0.26,N,3,0
11337,23,50000,RENT,0.0,MEDICAL,B,4000,11.12,0.08,N,3,0
11338,22,85000,MORTGAGE,6.0,DEBTCONSOLIDATION,B,12000,10.74,0.14,N,4,0
11339,25,38000,RENT,2.0,MEDICAL,C,13000,13.57,0.34,N,4,1
11340,26,50000,RENT,5.0,DEBTCONSOLIDATION,C,10000,13.61,0.2,Y,4,0
11341,25,42642,RENT,5.0,MEDICAL,D,10000,15.7,0.23,Y,4,1
11342,25,46000,RENT,4.0,DEBTCONSOLIDATION,C,8000,13.79,0.17,Y,2,0
11343,30,50000,MORTGAGE,5.0,HOMEIMPROVEMENT,B,10000,10.36,0.2,N,10,0
11344,29,49000,MORTGAGE,1.0,DEBTCONSOLIDATION,B,4975,10.08,0.1,N,7,1
11345,24,55000,RENT,0.0,DEBTCONSOLIDATION,E,16000,17.04,0.29,N,2,1
11346,25,76000,RENT,1.0,DEBTCONSOLIDATION,A,5000,6.62,0.07,N,3,0
11347,28,75000,MORTGAGE,4.0,VENTURE,A,12000,6.62,0.16,N,10,0
11348,27,28800,RENT,2.0,EDUCATION,B,6000,10.99,0.21,N,9,0
11349,24,80000,RENT,1.0,MEDICAL,A,7000,7.49,0.09,N,2,0
11350,22,64600,RENT,5.0,MEDICAL,A,6000,7.29,0.09,N,4,0
11351,34,40000,OWN,3.0,VENTURE,B,3000,10.59,0.07,N,8,0
11352,33,64000,RENT,8.0,DEBTCONSOLIDATION,D,9000,16.29,0.14,Y,6,1
11353,23,72000,MORTGAGE,7.0,VENTURE,B,16000,12.18,0.22,N,4,0
11354,32,90000,RENT,0.0,PERSONAL,B,8000,10.36,0.09,N,5,0
11355,24,60000,RENT,4.0,VENTURE,A,20000,8.94,0.33,N,3,1
11356,27,45600,RENT,0.0,DEBTCONSOLIDATION,A,1500,6.99,0.03,N,7,0
11357,28,52000,RENT,2.0,MEDICAL,B,12500,10.59,0.25,N,6,0
11358,23,80000,RENT,0.0,VENTURE,A,10400,5.42,0.13,N,2,0
11359,24,85000,RENT,3.0,EDUCATION,B,10000,11.71,0.12,N,2,0
11360,25,95950,RENT,3.0,HOMEIMPROVEMENT,B,16500,11.71,0.16,N,3,0
11361,27,65000,MORTGAGE,7.0,DEBTCONSOLIDATION,A,4000,5.99,0.06,N,5,0
11362,31,70000,MORTGAGE,3.0,DEBTCONSOLIDATION,B,4000,10.99,0.06,N,5,0
11363,27,110000,RENT,0.0,VENTURE,B,28000,10.74,0.28,N,5,0
11364,27,52000,MORTGAGE,5.0,HOMEIMPROVEMENT,B,15000,10.99,0.29,N,8,0
11365,29,70000,MORTGAGE,13.0,MEDICAL,B,16000,10.99,0.23,N,10,0
11366,28,38000,RENT,3.0,MEDICAL,A,7000,7.66,0.18,N,7,0
11367,23,28000,RENT,1.0,DEBTCONSOLIDATION,B,3000,11.83,0.11,N,2,0
11368,22,90000,RENT,2.0,EDUCATION,B,10000,12.21,0.11,N,3,0
11369,22,74000,RENT,2.0,PERSONAL,A,5000,8.0,0.07,N,4,0
11370,29,59000,RENT,3.0,DEBTCONSOLIDATION,E,10000,18.79,0.17,Y,5,0
11371,23,45000,MORTGAGE,7.0,EDUCATION,A,12000,6.03,0.28,N,3,0
11372,25,80000,RENT,7.0,MEDICAL,A,5000,7.9,0.06,N,3,0
11373,25,44000,MORTGAGE,7.0,EDUCATION,A,7500,8.0,0.17,N,3,0
11374,39,60000,MORTGAGE,2.0,DEBTCONSOLIDATION,B,5000,10.36,0.08,N,11,0
11375,27,250000,OWN,0.0,EDUCATION,C,15000,13.47,0.06,Y,9,0
11376,25,24000,MORTGAGE,0.0,DEBTCONSOLIDATION,A,4400,8.94,0.19,N,4,0
11377,28,62004,RENT,3.0,VENTURE,A,2500,7.66,0.04,N,9,0
11378,22,50000,OWN,2.0,VENTURE,B,8000,10.99,0.16,N,2,0
11379,25,49000,RENT,2.0,HOMEIMPROVEMENT,C,8000,13.06,0.16,Y,4,1
11380,25,60000,MORTGAGE,3.0,PERSONAL,B,8000,11.48,0.13,N,4,0
11381,26,36000,MORTGAGE,5.0,HOMEIMPROVEMENT,B,5000,10.99,0.14,N,3,0
11382,24,26000,RENT,3.0,MEDICAL,B,7000,12.42,0.27,N,2,0
11383,26,44000,RENT,2.0,MEDICAL,D,9000,16.29,0.2,N,4,1
11384,24,40000,MORTGAGE,6.0,VENTURE,A,10000,5.42,0.25,N,4,0
11385,29,75000,MORTGAGE,6.0,HOMEIMPROVEMENT,B,24000,11.49,0.32,N,8,0
11386,32,103000,RENT,15.0,PERSONAL,D,16000,16.29,0.14,Y,8,0
11387,24,50000,RENT,1.0,DEBTCONSOLIDATION,C,10000,14.35,0.2,N,2,0
11388,25,38000,MORTGAGE,9.0,VENTURE,C,6000,13.49,0.16,Y,2,0
11389,33,32000,RENT,1.0,PERSONAL,A,6900,5.79,0.22,N,6,0
11390,23,40000,MORTGAGE,7.0,PERSONAL,B,5000,11.71,0.13,N,3,0
11391,21,36000,OWN,5.0,EDUCATION,D,1000,16.29,0.03,N,2,0
11392,25,57000,RENT,4.0,EDUCATION,A,9000,7.88,0.16,N,3,0
11393,25,31200,RENT,2.0,VENTURE,B,3000,11.86,0.1,N,4,0
11394,43,75000,MORTGAGE,11.0,VENTURE,A,24000,7.49,0.32,N,11,0
11395,24,60000,RENT,9.0,HOMEIMPROVEMENT,B,2500,9.88,0.04,N,4,0
11396,22,50000,RENT,6.0,EDUCATION,A,6000,7.49,0.12,N,3,0
11397,24,48000,RENT,2.0,DEBTCONSOLIDATION,A,4800,7.51,0.1,N,4,0
11398,28,75000,RENT,7.0,HOMEIMPROVEMENT,B,10000,10.65,0.13,N,8,0
11399,22,19200,RENT,2.0,PERSONAL,C,6250,13.72,0.33,N,2,1
11400,28,52000,RENT,0.0,MEDICAL,B,4000,11.86,0.08,N,5,0
11401,23,50000,MORTGAGE,1.0,EDUCATION,B,9000,11.14,0.18,N,4,0
11402,22,50000,RENT,6.0,MEDICAL,B,17000,10.62,0.34,N,3,1
11403,31,60000,MORTGAGE,3.0,VENTURE,B,20000,10.74,0.33,N,9,0
11404,24,65000,MORTGAGE,0.0,HOMEIMPROVEMENT,B,8000,10.99,0.12,N,3,0
11405,26,57240,RENT,3.0,VENTURE,A,9000,5.99,0.16,N,3,0
11406,44,67992,MORTGAGE,5.0,VENTURE,A,2000,7.51,0.03,N,11,0
11407,30,72000,MORTGAGE,7.0,HOMEIMPROVEMENT,A,8000,7.29,0.11,N,8,0
11408,35,60000,RENT,0.0,EDUCATION,B,9000,11.71,0.15,N,7,0
11409,27,160000,OWN,12.0,PERSONAL,A,23000,6.91,0.14,N,5,0
11410,31,110000,MORTGAGE,15.0,PERSONAL,A,11200,5.42,0.1,N,8,0
11411,26,65000,MORTGAGE,10.0,DEBTCONSOLIDATION,A,10000,7.29,0.15,N,2,0
11412,29,60000,OWN,0.0,MEDICAL,B,6000,11.48,0.1,N,7,0
11413,38,75000,MORTGAGE,2.0,MEDICAL,C,20000,13.79,0.27,N,11,0
11414,26,36000,RENT,4.0,PERSONAL,B,5000,11.26,0.14,N,2,0
11415,25,50000,MORTGAGE,8.0,EDUCATION,A,10000,7.14,0.2,N,4,0
11416,25,20000,MORTGAGE,0.0,MEDICAL,A,4800,8.0,0.24,N,2,0
11417,43,50000,RENT,6.0,EDUCATION,B,6000,9.91,0.12,N,11,0
11418,28,150000,MORTGAGE,4.0,PERSONAL,A,12000,5.79,0.08,N,9,0
11419,24,48000,RENT,0.0,PERSONAL,C,5000,13.35,0.1,Y,2,0
11420,32,29004,MORTGAGE,7.0,PERSONAL,D,10000,12.17,0.34,N,9,0
11421,28,62004,MORTGAGE,12.0,DEBTCONSOLIDATION,A,24000,7.9,0.39,N,9,0
11422,29,948000,OWN,11.0,PERSONAL,B,4000,11.83,0.04,N,5,0
11423,24,72000,RENT,4.0,VENTURE,A,24000,7.51,0.33,N,4,1
11424,25,53000,RENT,1.0,EDUCATION,B,16000,12.69,0.3,N,2,0
11425,23,60000,RENT,2.0,PERSONAL,B,16000,12.21,0.27,N,3,0
11426,24,69000,OWN,8.0,HOMEIMPROVEMENT,D,15000,15.58,0.22,N,2,0
11427,31,53000,OWN,5.0,MEDICAL,B,12000,12.42,0.23,N,8,0
11428,25,60000,MORTGAGE,7.0,EDUCATION,A,6000,7.29,0.1,N,3,0
11429,30,120000,MORTGAGE,14.0,PERSONAL,A,6000,6.17,0.05,N,6,0
11430,22,70000,MORTGAGE,5.0,EDUCATION,B,10000,10.99,0.14,N,4,0
11431,30,90000,MORTGAGE,7.0,DEBTCONSOLIDATION,B,12000,10.36,0.13,N,7,0
11432,27,65004,RENT,1.0,VENTURE,B,20000,11.83,0.03,N,8,0
11433,22,50000,MORTGAGE,6.0,EDUCATION,A,6400,7.88,0.13,N,4,0
11434,23,50000,RENT,2.0,VENTURE,B,12000,10.37,0.24,N,2,0
11435,24,45000,OWN,4.0,PERSONAL,B,10000,10.62,0.22,N,2,0
11436,24,90000,OWN,0.0,EDUCATION,A,3600,7.68,0.04,N,4,0
11437,22,60000,MORTGAGE,6.0,PERSONAL,C,2800,13.49,0.05,Y,2,0
11438,38,70000,OWN,8.0,VENTURE,A,15000,7.49,0.21,N,14,0
11439,23,48000,MORTGAGE,8.0,VENTURE,B,3000,11.99,0.06,N,2,0
11440,23,35000,RENT,4.0,EDUCATION,C,10000,13.49,0.29,N,4,0
11441,26,54000,MORTGAGE,10.0,DEBTCONSOLIDATION,B,10000,12.69,0.19,N,2,0
11442,27,150000,RENT,4.0,HOMEIMPROVEMENT,C,6125,13.23,0.04,N,9,0
11443,24,54000,RENT,0.0,EDUCATION,D,10000,14.11,0.19,N,3,1
11444,21,60000,MORTGAGE,5.0,EDUCATION,B,6000,10.99,0.1,N,2,0
11445,27,49900,RENT,0.0,HOMEIMPROVEMENT,B,7000,10.37,0.14,N,9,1
11446,22,60000,MORTGAGE,6.0,DEBTCONSOLIDATION,C,5000,13.49,0.08,Y,2,0
11447,22,48000,RENT,6.0,MEDICAL,B,6000,9.99,0.13,N,4,0
11448,26,80000,RENT,0.0,EDUCATION,A,3000,7.88,0.04,N,3,0
11449,27,48000,MORTGAGE,4.0,DEBTCONSOLIDATION,A,15000,9.07,0.31,N,7,0
11450,28,46000,RENT,1.0,PERSONAL,B,7200,9.99,0.16,N,6,0
11451,31,54000,MORTGAGE,7.0,MEDICAL,A,7500,6.03,0.14,N,10,0
11452,23,45000,MORTGAGE,7.0,PERSONAL,D,10000,15.65,0.22,N,4,0
11453,24,69996,MORTGAGE,8.0,VENTURE,B,4800,11.86,0.07,N,4,0
11454,24,44004,RENT,6.0,VENTURE,E,7500,16.0,0.17,N,4,1
11455,23,95000,MORTGAGE,3.0,PERSONAL,F,25000,18.78,0.26,N,2,0
11456,23,45000,RENT,2.0,DEBTCONSOLIDATION,B,4000,12.18,0.09,N,2,0
11457,27,108000,RENT,2.0,VENTURE,D,8000,16.29,0.07,N,10,1
11458,38,90000,MORTGAGE,4.0,EDUCATION,C,18000,13.22,0.2,Y,16,0
11459,32,72000,MORTGAGE,5.0,MEDICAL,B,20000,11.83,0.28,N,9,0
11460,27,54000,OWN,3.0,HOMEIMPROVEMENT,C,9000,13.49,0.17,N,8,0
11461,24,75000,RENT,5.0,HOMEIMPROVEMENT,A,12000,5.99,0.16,N,4,0
11462,22,65004,MORTGAGE,5.0,EDUCATION,B,12000,11.26,0.18,N,4,0
11463,24,70000,MORTGAGE,7.0,VENTURE,B,14200,11.89,0.2,N,4,0
11464,29,103000,MORTGAGE,13.0,DEBTCONSOLIDATION,A,4500,7.9,0.04,N,9,0
11465,28,95000,MORTGAGE,4.0,MEDICAL,C,2500,13.72,0.03,N,6,0
11466,44,80000,MORTGAGE,12.0,DEBTCONSOLIDATION,A,15600,7.49,0.21,N,12,0
11467,24,85000,OWN,1.0,MEDICAL,B,25000,9.91,0.29,N,2,0
11468,27,63000,RENT,11.0,VENTURE,C,25000,15.27,0.4,N,8,1
11469,31,80000,RENT,2.0,MEDICAL,A,16000,6.91,0.2,N,6,0
11470,25,57000,RENT,6.0,VENTURE,B,6000,9.91,0.11,N,4,0
11471,24,60000,RENT,8.0,DEBTCONSOLIDATION,C,15000,13.49,0.25,N,4,0
11472,22,76000,MORTGAGE,6.0,EDUCATION,C,20000,13.72,0.26,Y,3,0
11473,26,52000,OWN,3.0,EDUCATION,C,16000,13.98,0.31,Y,2,0
11474,22,85000,MORTGAGE,4.0,PERSONAL,A,5000,6.17,0.06,N,3,0
11475,22,60000,RENT,2.0,DEBTCONSOLIDATION,B,20000,10.25,0.33,N,2,0
11476,24,51000,MORTGAGE,8.0,DEBTCONSOLIDATION,A,16800,7.51,0.34,N,4,0
11477,28,50000,RENT,1.0,HOMEIMPROVEMENT,C,11000,13.06,0.22,N,7,0
11478,24,48000,RENT,8.0,MEDICAL,A,5000,7.66,0.1,N,2,0
11479,29,90000,MORTGAGE,8.0,VENTURE,A,12000,6.62,0.13,N,10,0
11480,33,50000,OWN,0.0,HOMEIMPROVEMENT,C,8000,14.65,0.16,N,5,0
11481,41,72000,OWN,8.0,EDUCATION,C,4800,11.03,0.07,Y,11,0
11482,28,48000,RENT,0.0,EDUCATION,B,14000,11.89,0.29,N,6,0
11483,28,45000,MORTGAGE,12.0,DEBTCONSOLIDATION,A,4000,5.42,0.09,N,8,0
11484,28,90000,RENT,1.0,PERSONAL,B,21000,11.48,0.23,N,6,0
11485,23,15000,RENT,2.0,PERSONAL,B,3000,11.89,0.2,N,2,1
11486,22,25000,MORTGAGE,1.0,VENTURE,B,3000,10.99,0.12,N,3,0
11487,36,83000,MORTGAGE,3.0,DEBTCONSOLIDATION,D,14000,15.62,0.17,Y,12,1
11488,28,110000,MORTGAGE,8.0,DEBTCONSOLIDATION,A,10000,7.14,0.09,N,6,0
11489,39,36000,RENT,1.0,PERSONAL,B,12000,11.83,0.33,N,11,1
11490,28,50000,RENT,3.0,HOMEIMPROVEMENT,A,10000,8.94,0.2,N,9,0
11491,23,50000,RENT,5.0,MEDICAL,A,12000,7.9,0.24,N,4,0
11492,28,60000,MORTGAGE,5.0,HOMEIMPROVEMENT,C,16000,13.49,0.27,N,5,0
11493,25,30000,MORTGAGE,4.0,DEBTCONSOLIDATION,E,12250,16.7,0.4,N,2,1
11494,23,48000,RENT,7.0,EDUCATION,A,5000,7.29,0.1,N,3,0
11495,26,61200,MORTGAGE,10.0,MEDICAL,D,15000,14.96,0.21,Y,3,1
11496,27,70000,RENT,0.0,PERSONAL,B,15000,11.48,0.21,N,5,0
11497,29,45204,RENT,0.0,MEDICAL,B,4000,11.58,0.09,N,6,0
11498,31,25000,RENT,0.0,PERSONAL,A,2500,8.59,0.1,N,8,0
11499,26,71000,RENT,2.0,MEDICAL,C,12000,13.49,0.17,Y,4,0
11500,24,30000,RENT,0.0,MEDICAL,D,8000,14.91,0.27,N,4,1
11501,36,60000,RENT,3.0,MEDICAL,B,3000,10.74,0.05,N,13,0
11502,28,35000,MORTGAGE,4.0,DEBTCONSOLIDATION,A,1400,7.9,0.04,N,6,0
11503,24,30000,MORTGAGE,9.0,PERSONAL,A,10000,6.99,0.33,N,4,0
11504,24,75000,MORTGAGE,2.0,EDUCATION,B,6000,10.99,0.08,N,2,0
11505,22,70000,RENT,1.0,VENTURE,E,7000,15.88,0.1,N,3,1
11506,27,30000,RENT,2.0,DEBTCONSOLIDATION,C,8000,13.49,0.27,Y,5,0
11507,30,50000,MORTGAGE,14.0,DEBTCONSOLIDATION,B,7000,10.59,0.14,N,9,0
11508,26,54000,MORTGAGE,8.0,HOMEIMPROVEMENT,C,14000,14.17,0.26,N,4,0
11509,25,88000,MORTGAGE,9.0,VENTURE,B,10000,10.99,0.11,N,2,0
11510,23,56000,RENT,4.0,PERSONAL,B,10000,12.69,0.18,N,3,0
11511,22,150000,MORTGAGE,6.0,DEBTCONSOLIDATION,B,20000,10.37,0.13,N,2,0
11512,34,65000,RENT,4.0,MEDICAL,A,9200,6.03,0.14,N,6,0
11513,22,20000,RENT,1.0,PERSONAL,B,5000,10.59,0.25,N,4,0
11514,41,100000,RENT,3.0,PERSONAL,B,10000,10.74,0.1,N,12,0
11515,27,54000,RENT,7.0,DEBTCONSOLIDATION,B,8500,11.49,0.16,N,6,0
11516,35,70000,RENT,3.0,PERSONAL,B,3000,9.99,0.04,N,8,0
11517,25,36000,MORTGAGE,10.0,HOMEIMPROVEMENT,B,6000,10.99,0.17,N,3,0
11518,24,32000,MORTGAGE,0.0,MEDICAL,D,11100,15.62,0.34,N,4,1
11519,23,39000,RENT,1.0,HOMEIMPROVEMENT,D,2500,15.99,0.06,Y,2,1
11520,23,98400,MORTGAGE,7.0,VENTURE,A,9000,6.62,0.09,N,2,0
11521,23,60000,MORTGAGE,7.0,VENTURE,A,2500,6.39,0.04,N,2,0
11522,30,90000,MORTGAGE,14.0,DEBTCONSOLIDATION,B,8000,11.49,0.09,N,9,0
11523,23,95000,RENT,7.0,EDUCATION,B,10000,10.99,0.11,N,2,0
11524,36,62400,RENT,0.0,MEDICAL,C,12000,12.87,0.19,N,11,0
11525,31,120000,MORTGAGE,5.0,VENTURE,B,18000,11.48,0.15,N,6,0
11526,29,60000,RENT,0.0,DEBTCONSOLIDATION,C,12000,13.49,0.2,Y,6,0
11527,24,57564,MORTGAGE,6.0,VENTURE,B,21000,11.48,0.35,N,3,0
11528,23,76654,RENT,3.0,VENTURE,C,20000,13.79,0.26,Y,3,1
11529,22,29361,RENT,0.0,DEBTCONSOLIDATION,C,8000,13.11,0.28,N,2,1
11530,23,70000,RENT,3.0,DEBTCONSOLIDATION,C,4000,12.99,0.06,N,3,0
11531,25,62900,RENT,9.0,MEDICAL,D,20000,15.31,0.27,N,2,1
11532,24,104800,MORTGAGE,8.0,PERSONAL,D,5000,14.11,0.05,Y,3,0
11533,32,36000,RENT,2.0,VENTURE,B,2000,10.99,0.06,N,10,0
11534,22,72000,MORTGAGE,6.0,VENTURE,B,16000,9.63,0.22,N,2,0
11535,26,106300,MORTGAGE,10.0,PERSONAL,A,6000,6.03,0.06,N,4,0
11536,25,60000,OWN,9.0,MEDICAL,B,20000,9.91,0.33,N,3,0
11537,23,40000,RENT,0.0,EDUCATION,B,2800,10.37,0.07,N,2,0
11538,27,60000,OWN,11.0,VENTURE,A,15000,7.49,0.25,N,6,0
11539,24,25800,RENT,0.0,MEDICAL,A,6800,6.99,0.26,N,2,0
11540,25,89250,MORTGAGE,2.0,MEDICAL,D,7500,13.87,0.08,Y,2,1
11541,33,75000,MORTGAGE,8.0,MEDICAL,B,10000,11.49,0.13,N,5,0
11542,30,50000,MORTGAGE,4.0,MEDICAL,B,5000,10.38,0.1,N,5,0
11543,27,18000,RENT,0.0,MEDICAL,D,4750,14.83,0.27,N,10,1
11544,21,42000,RENT,2.0,VENTURE,C,4800,13.06,0.11,N,4,0
11545,27,55000,MORTGAGE,11.0,DEBTCONSOLIDATION,A,5000,7.51,0.09,N,6,0
11546,25,43200,RENT,2.0,MEDICAL,B,13000,11.11,0.3,N,2,0
11547,24,115800,MORTGAGE,8.0,PERSONAL,B,12000,9.99,0.1,N,3,0
11548,55,50000,OWN,2.0,DEBTCONSOLIDATION,D,15000,16.77,0.3,Y,27,0
11549,23,48000,RENT,7.0,DEBTCONSOLIDATION,B,10000,10.25,0.21,N,2,0
11550,25,130000,RENT,0.0,EDUCATION,D,30000,17.58,0.23,N,3,1
11551,36,61400,MORTGAGE,5.0,VENTURE,B,6000,11.71,0.1,N,13,0
11552,35,50000,OWN,5.0,EDUCATION,B,3000,11.99,0.06,N,8,0
11553,23,49000,RENT,1.0,HOMEIMPROVEMENT,D,5000,13.17,0.1,Y,4,1
11554,41,40000,RENT,0.0,PERSONAL,B,5000,10.59,0.13,N,11,0
11555,24,50000,RENT,3.0,VENTURE,A,12000,6.91,0.24,N,3,0
11556,24,72000,RENT,8.0,EDUCATION,A,16000,7.66,0.23,N,2,0
11557,21,32000,RENT,5.0,VENTURE,B,4200,12.42,0.13,N,3,0
11558,22,45000,RENT,4.0,DEBTCONSOLIDATION,A,6000,7.51,0.13,N,2,0
11559,25,75000,MORTGAGE,5.0,PERSONAL,B,13000,10.62,0.17,N,3,0
11560,23,48000,RENT,3.0,EDUCATION,C,6000,14.65,0.13,N,4,0
11561,22,85000,MORTGAGE,4.0,DEBTCONSOLIDATION,A,21600,8.9,0.26,N,2,0
11562,29,45000,MORTGAGE,3.0,EDUCATION,A,8000,8.49,0.18,N,10,0
11563,24,100000,MORTGAGE,8.0,EDUCATION,A,7000,5.79,0.07,N,2,0
11564,28,29136,RENT,7.0,MEDICAL,C,8875,13.85,0.31,Y,9,1
11565,31,40000,RENT,5.0,VENTURE,B,4800,11.99,0.12,N,7,0
11566,23,95000,MORTGAGE,7.0,PERSONAL,B,20000,10.25,0.21,N,2,0
11567,27,31200,RENT,3.0,MEDICAL,B,3600,12.53,0.12,N,6,0
11568,24,60000,RENT,2.0,VENTURE,B,10000,10.65,0.17,N,2,0
11569,26,100016,MORTGAGE,10.0,HOMEIMPROVEMENT,A,11200,5.42,0.11,N,2,0
11570,22,110000,RENT,6.0,PERSONAL,B,15000,11.14,0.14,N,3,0
11571,24,97800,MORTGAGE,3.0,PERSONAL,D,10000,15.21,0.1,Y,2,0
11572,28,54000,MORTGAGE,6.0,PERSONAL,A,5000,7.49,0.09,N,6,0
11573,21,30000,RENT,6.0,DEBTCONSOLIDATION,B,8000,11.71,0.27,N,2,1
11574,37,45000,RENT,4.0,VENTURE,C,5000,13.79,0.11,N,15,0
11575,22,60000,MORTGAGE,1.0,EDUCATION,B,8000,12.53,0.13,N,2,0
11576,27,36500,RENT,4.0,HOMEIMPROVEMENT,A,15000,6.99,0.41,N,10,1
11577,29,70000,RENT,13.0,DEBTCONSOLIDATION,A,15000,6.91,0.21,N,8,0
11578,22,82000,MORTGAGE,7.0,PERSONAL,A,12000,6.62,0.15,N,2,0
11579,30,90000,MORTGAGE,0.0,VENTURE,A,20000,7.9,0.22,N,8,0
11580,26,110000,RENT,0.0,MEDICAL,A,6000,8.49,0.05,N,4,0
11581,24,84000,MORTGAGE,8.0,MEDICAL,B,2500,10.99,0.03,N,4,0
11582,25,59000,RENT,2.0,HOMEIMPROVEMENT,B,6000,10.99,0.1,N,3,0
11583,24,45000,MORTGAGE,3.0,HOMEIMPROVEMENT,B,6400,10.62,0.14,N,2,0
11584,28,80000,MORTGAGE,6.0,HOMEIMPROVEMENT,B,10000,10.99,0.13,N,5,0
11585,34,52000,OWN,14.0,EDUCATION,C,8400,12.22,0.15,N,5,0
11586,21,95004,MORTGAGE,5.0,VENTURE,A,2500,5.42,0.03,N,3,0
11587,31,40000,MORTGAGE,2.0,HOMEIMPROVEMENT,B,13000,9.99,0.33,N,10,0
11588,25,106226,MORTGAGE,9.0,MEDICAL,B,20000,11.48,0.19,N,4,0
11589,36,120000,MORTGAGE,17.0,VENTURE,A,6200,7.51,0.05,N,17,0
11590,25,120000,MORTGAGE,9.0,VENTURE,C,20000,13.06,0.17,Y,2,0
11591,29,41004,MORTGAGE,7.0,VENTURE,C,16000,13.48,0.39,N,10,0
11592,23,120000,RENT,0.0,PERSONAL,A,16000,7.51,0.13,N,4,0
11593,28,34000,RENT,4.0,PERSONAL,C,2500,13.49,0.07,N,9,0
11594,25,62000,RENT,1.0,MEDICAL,C,15000,13.8,0.24,N,4,0
11595,28,77000,MORTGAGE,12.0,VENTURE,B,15000,10.0,0.19,N,7,0
11596,28,140000,MORTGAGE,5.0,EDUCATION,A,18500,7.9,0.13,N,5,0
11597,22,50000,RENT,2.0,MEDICAL,C,14000,13.85,0.28,N,2,0
11598,22,48000,RENT,5.0,EDUCATION,A,8000,8.49,0.17,N,4,0
11599,33,70000,RENT,7.0,EDUCATION,C,15000,13.43,0.21,N,8,0
11600,25,29780,MORTGAGE,2.0,DEBTCONSOLIDATION,C,10000,14.72,0.34,N,3,1
11601,44,30000,RENT,1.0,MEDICAL,C,8400,12.87,0.28,Y,11,0
11602,23,65000,MORTGAGE,7.0,PERSONAL,A,2000,7.51,0.03,N,3,0
11603,22,80000,MORTGAGE,6.0,PERSONAL,C,7800,13.43,0.1,Y,4,0
11604,28,36000,RENT,0.0,PERSONAL,B,3000,11.11,0.08,N,8,1
11605,27,51600,RENT,12.0,PERSONAL,B,1200,11.99,0.02,N,9,0
11606,23,55000,MORTGAGE,5.0,PERSONAL,A,3000,6.03,0.05,N,2,0
11607,28,48000,MORTGAGE,12.0,PERSONAL,A,7000,5.42,0.15,N,9,0
11608,23,30000,RENT,7.0,DEBTCONSOLIDATION,D,4000,16.29,0.13,N,3,1
11609,40,30000,OWN,3.0,HOMEIMPROVEMENT,A,4800,7.29,0.16,N,13,0
11610,27,33600,RENT,1.0,DEBTCONSOLIDATION,C,5000,13.8,0.15,Y,8,0
11611,22,42000,RENT,2.0,EDUCATION,B,2400,10.59,0.06,N,2,0
11612,23,36000,MORTGAGE,7.0,PERSONAL,A,6400,6.17,0.18,N,3,0
11613,29,84996,MORTGAGE,13.0,VENTURE,A,1800,8.49,0.02,N,8,0
11614,38,75000,RENT,3.0,MEDICAL,B,3000,10.38,0.04,N,17,0
11615,34,50004,RENT,8.0,DEBTCONSOLIDATION,A,12000,7.49,0.24,N,6,0
11616,28,27600,RENT,4.0,PERSONAL,C,3000,13.48,0.11,Y,8,0
11617,25,44000,RENT,2.0,MEDICAL,D,7000,14.46,0.16,N,3,1
11618,24,42000,RENT,0.0,MEDICAL,B,11300,11.99,0.27,N,2,0
11619,33,65000,MORTGAGE,17.0,MEDICAL,B,11200,11.99,0.17,N,9,0
11620,29,66300,MORTGAGE,4.0,MEDICAL,C,25000,15.23,0.32,Y,9,1
11621,42,50000,RENT,5.0,MEDICAL,A,7000,5.79,0.14,N,11,0
11622,45,14400,RENT,0.0,HOMEIMPROVEMENT,D,5000,14.59,0.35,N,12,1
11623,27,44000,MORTGAGE,11.0,PERSONAL,D,4000,16.32,0.09,Y,9,1
11624,21,60000,RENT,2.0,VENTURE,B,9600,12.42,0.16,N,2,0
11625,25,25000,RENT,3.0,DEBTCONSOLIDATION,B,3000,10.36,0.12,N,2,0
11626,23,28800,RENT,3.0,VENTURE,A,6000,7.49,0.21,N,3,0
11627,22,35000,RENT,1.0,VENTURE,B,6000,11.49,0.17,N,4,0
11628,25,50000,RENT,9.0,VENTURE,D,10000,14.11,0.2,Y,3,0
11629,32,35000,OWN,0.0,VENTURE,A,12000,8.59,0.34,N,9,0
11630,27,110000,MORTGAGE,11.0,MEDICAL,B,8000,11.86,0.07,N,6,0
11631,23,45000,RENT,1.0,PERSONAL,C,8000,13.48,0.18,Y,4,0
11632,22,36000,RENT,6.0,DEBTCONSOLIDATION,D,12800,14.74,0.36,N,3,1
11633,30,42000,RENT,0.0,EDUCATION,A,6000,8.9,0.14,N,10,0
11634,26,173000,MORTGAGE,9.0,MEDICAL,A,28000,7.9,0.16,N,4,1
11635,27,50000,MORTGAGE,3.0,EDUCATION,B,15000,11.71,0.3,N,9,0
11636,21,70000,MORTGAGE,5.0,EDUCATION,C,15000,13.49,0.21,N,4,0
11637,23,38400,OWN,7.0,EDUCATION,B,13750,10.75,0.35,N,3,0
11638,47,90000,MORTGAGE,8.0,EDUCATION,C,15000,13.61,0.17,N,17,0
11639,36,25000,RENT,1.0,DEBTCONSOLIDATION,B,9500,11.36,0.38,N,12,1
11640,29,60000,RENT,4.0,DEBTCONSOLIDATION,C,6000,12.87,0.1,Y,7,0
11641,37,38004,RENT,5.0,VENTURE,B,10000,10.75,0.26,N,16,0
11642,22,40000,RENT,6.0,PERSONAL,A,10000,7.88,0.25,N,2,0
11643,25,150000,RENT,3.0,HOMEIMPROVEMENT,D,16000,16.32,0.11,N,4,0
11644,27,65000,MORTGAGE,11.0,VENTURE,B,12000,10.37,0.18,N,6,0
11645,25,46000,MORTGAGE,6.0,MEDICAL,D,7000,15.33,0.16,N,3,1
11646,24,52000,MORTGAGE,7.0,EDUCATION,B,5000,11.48,0.1,N,4,0
11647,25,102400,MORTGAGE,9.0,PERSONAL,C,25000,13.8,0.24,N,3,0
11648,22,80000,MORTGAGE,6.0,EDUCATION,A,10000,7.88,0.13,N,2,0
11649,24,87000,MORTGAGE,5.0,HOMEIMPROVEMENT,A,8000,5.79,0.09,N,3,0
11650,42,52000,RENT,7.0,MEDICAL,A,10000,7.51,0.19,N,15,0
11651,34,35000,MORTGAGE,18.0,VENTURE,C,1800,13.43,0.05,N,5,0
11652,23,82008,MORTGAGE,7.0,EDUCATION,C,7200,13.48,0.09,Y,3,0
11653,38,48700,MORTGAGE,3.0,MEDICAL,C,6000,13.8,0.12,Y,14,1
11654,25,60000,MORTGAGE,0.0,PERSONAL,C,5000,13.48,0.08,Y,3,1
11655,31,112000,MORTGAGE,5.0,EDUCATION,B,3000,12.69,0.02,N,8,0
11656,24,63000,RENT,4.0,EDUCATION,A,5400,8.9,0.09,N,3,0
11657,23,60000,OWN,4.0,EDUCATION,D,7000,14.96,0.12,N,2,0
11658,27,30000,MORTGAGE,0.0,HOMEIMPROVEMENT,C,3500,13.16,0.12,Y,10,1
11659,23,32000,RENT,7.0,EDUCATION,C,3600,14.72,0.11,N,3,0
11660,24,90000,MORTGAGE,8.0,PERSONAL,C,20000,11.66,0.22,N,4,0
11661,23,40000,RENT,7.0,DEBTCONSOLIDATION,B,9000,11.49,0.23,N,4,0
11662,28,51000,OWN,2.0,EDUCATION,A,6000,5.42,0.12,N,5,0
11663,29,90000,MORTGAGE,4.0,HOMEIMPROVEMENT,A,6000,7.14,0.07,N,5,0
11664,21,42000,MORTGAGE,5.0,EDUCATION,B,13750,11.36,0.33,N,4,0
11665,24,75000,RENT,8.0,PERSONAL,B,13000,10.38,0.17,N,3,0
11666,29,55000,MORTGAGE,3.0,PERSONAL,A,5000,5.42,0.09,N,8,0
11667,27,120000,RENT,0.0,DEBTCONSOLIDATION,A,12000,7.29,0.1,N,6,0
11668,34,550000,MORTGAGE,12.0,EDUCATION,A,10400,7.43,0.02,N,10,0
11669,40,150000,MORTGAGE,8.0,MEDICAL,A,10000,7.29,0.07,N,12,0
11670,22,52000,MORTGAGE,7.0,VENTURE,B,10000,9.88,0.19,N,3,0
11671,37,88000,RENT,4.0,VENTURE,A,1000,6.91,0.01,N,11,0
11672,37,90000,MORTGAGE,3.0,PERSONAL,A,6000,6.92,0.07,N,15,0
11673,31,39996,RENT,3.0,EDUCATION,D,10000,14.42,0.25,N,5,0
11674,22,26000,RENT,7.0,MEDICAL,C,7200,15.96,0.27,N,4,1
11675,28,31000,MORTGAGE,3.0,PERSONAL,B,12000,10.74,0.39,N,9,1
11676,22,50000,RENT,5.0,MEDICAL,A,3600,7.49,0.07,N,3,0
11677,32,50000,RENT,0.0,DEBTCONSOLIDATION,B,15000,12.42,0.3,N,10,0
11678,24,45000,RENT,3.0,PERSONAL,D,2000,15.62,0.04,N,2,0
11679,26,130000,RENT,5.0,PERSONAL,E,18000,18.64,0.14,N,4,0
11680,34,60000,MORTGAGE,12.0,MEDICAL,A,1200,6.62,0.02,N,7,0
11681,27,48000,RENT,11.0,PERSONAL,C,2000,13.49,0.04,Y,6,0
11682,22,60000,RENT,1.0,PERSONAL,A,8000,6.17,0.13,N,2,0
11683,24,52800,RENT,3.0,MEDICAL,B,4800,10.75,0.09,N,4,0
11684,25,64800,MORTGAGE,9.0,EDUCATION,C,4000,13.99,0.06,Y,2,0
11685,23,53976,RENT,7.0,EDUCATION,B,2500,11.71,0.05,N,2,0
11686,50,60000,RENT,4.0,PERSONAL,A,25000,8.9,0.42,N,12,1
11687,36,50000,RENT,2.0,DEBTCONSOLIDATION,B,6000,9.25,0.12,N,13,0
11688,22,125000,MORTGAGE,6.0,DEBTCONSOLIDATION,B,15000,10.0,0.12,N,3,0
11689,24,27000,RENT,1.0,MEDICAL,F,11200,17.26,0.41,Y,4,1
11690,29,140000,MORTGAGE,8.0,VENTURE,A,12000,5.42,0.09,N,9,0
11691,30,78000,RENT,14.0,HOMEIMPROVEMENT,C,20000,14.26,0.26,Y,8,0
11692,24,38400,RENT,3.0,VENTURE,C,8500,12.61,0.22,Y,2,0
11693,23,50000,RENT,7.0,PERSONAL,A,5000,7.88,0.1,N,3,0
11694,23,34900,MORTGAGE,2.0,DEBTCONSOLIDATION,D,5600,18.25,0.16,Y,3,1
11695,31,48996,MORTGAGE,6.0,MEDICAL,A,5000,7.29,0.1,N,10,0
11696,24,70000,MORTGAGE,8.0,VENTURE,A,15000,7.49,0.21,N,2,0
11697,35,48000,RENT,6.0,MEDICAL,A,7500,8.0,0.16,N,5,0
11698,22,32400,RENT,2.0,DEBTCONSOLIDATION,B,10000,9.91,0.31,N,4,1
11699,23,65000,RENT,7.0,EDUCATION,A,3600,7.49,0.06,N,3,0
11700,66,30000,RENT,0.0,PERSONAL,F,6000,18.67,0.2,N,27,0
11701,30,40000,RENT,6.0,DEBTCONSOLIDATION,B,2500,10.74,0.06,N,10,0
11702,37,48000,RENT,0.0,EDUCATION,C,15000,11.78,0.31,Y,13,1
11703,32,52000,RENT,0.0,EDUCATION,B,8000,10.25,0.15,N,10,0
11704,22,150000,MORTGAGE,6.0,MEDICAL,A,11200,7.29,0.07,N,4,0
11705,24,70000,MORTGAGE,3.0,DEBTCONSOLIDATION,B,13000,10.0,0.19,N,2,0
11706,26,50000,MORTGAGE,10.0,DEBTCONSOLIDATION,B,8000,11.49,0.16,N,3,0
11707,29,73000,RENT,1.0,DEBTCONSOLIDATION,C,14000,13.11,0.19,Y,7,0
11708,27,90000,MORTGAGE,6.0,PERSONAL,C,8000,13.49,0.09,N,5,0
11709,24,90000,MORTGAGE,8.0,VENTURE,B,10000,9.91,0.11,N,2,0
11710,28,72000,MORTGAGE,12.0,PERSONAL,A,8400,6.99,0.12,N,8,0
11711,31,24996,RENT,0.0,DEBTCONSOLIDATION,C,6600,12.99,0.27,Y,9,0
11712,31,150000,MORTGAGE,9.0,VENTURE,D,12000,16.32,0.08,Y,10,0
11713,31,29000,RENT,5.0,EDUCATION,B,10000,11.49,0.34,N,9,1
11714,40,43000,RENT,15.0,MEDICAL,B,13650,10.65,0.32,N,14,1
11715,27,75000,OWN,4.0,VENTURE,A,5500,8.59,0.07,N,9,0
11716,22,30000,RENT,6.0,VENTURE,B,5000,9.91,0.17,N,2,0
11717,24,32004,RENT,2.0,MEDICAL,C,1500,14.35,0.05,Y,2,0
11718,28,38500,RENT,3.0,MEDICAL,C,5500,14.22,0.14,N,6,0
11719,25,45000,RENT,0.0,MEDICAL,A,9000,6.91,0.2,N,2,0
11720,31,50000,MORTGAGE,0.0,MEDICAL,B,18225,10.74,0.36,N,5,0
11721,27,30000,RENT,2.0,EDUCATION,B,4000,11.49,0.13,N,5,0
11722,28,33996,RENT,1.0,MEDICAL,D,5000,13.47,0.15,Y,8,1
11723,30,65000,MORTGAGE,0.0,MEDICAL,A,8500,8.94,0.13,N,7,0
11724,22,50000,MORTGAGE,6.0,VENTURE,B,10000,11.89,0.2,N,2,0
11725,25,100000,MORTGAGE,0.0,PERSONAL,A,7500,6.54,0.07,N,3,0
11726,22,54000,RENT,6.0,EDUCATION,C,11000,12.23,0.2,Y,4,0
11727,36,50000,RENT,0.0,MEDICAL,A,6000,8.49,0.12,N,15,0
11728,38,60000,RENT,0.0,VENTURE,B,14000,8.88,0.23,N,15,0
11729,24,70000,MORTGAGE,2.0,MEDICAL,B,18000,12.18,0.26,N,2,0
11730,22,50000,RENT,6.0,PERSONAL,C,15000,13.49,0.3,N,3,0
11731,24,65000,MORTGAGE,8.0,PERSONAL,A,9000,7.14,0.14,N,2,0
11732,22,39996,RENT,3.0,DEBTCONSOLIDATION,B,5000,11.71,0.13,N,2,0
11733,28,32400,RENT,2.0,MEDICAL,C,4200,15.23,0.13,N,9,0
11734,24,38000,MORTGAGE,8.0,EDUCATION,B,5000,9.99,0.13,N,3,0
11735,29,120000,MORTGAGE,11.0,PERSONAL,A,5000,9.32,0.04,N,8,0
11736,27,65000,RENT,11.0,PERSONAL,B,10000,11.99,0.15,N,9,0
11737,34,60000,OWN,4.0,HOMEIMPROVEMENT,A,1925,6.76,0.03,N,7,0
11738,22,30000,MORTGAGE,0.0,PERSONAL,A,2000,7.37,0.07,N,3,1
11739,44,120000,MORTGAGE,15.0,VENTURE,B,10000,10.99,0.08,N,12,0
11740,24,65000,RENT,4.0,MEDICAL,A,4000,7.51,0.06,N,3,0
11741,45,57000,RENT,6.0,HOMEIMPROVEMENT,A,7500,9.32,0.13,N,11,0
11742,21,75000,MORTGAGE,5.0,DEBTCONSOLIDATION,B,12000,11.11,0.16,N,2,0
11743,53,60000,MORTGAGE,2.0,PERSONAL,A,8000,7.51,0.13,N,29,0
11744,29,84996,MORTGAGE,11.0,VENTURE,C,14500,13.92,0.17,N,10,0
11745,22,28000,RENT,6.0,VENTURE,B,12000,12.53,0.42,N,4,1
11746,44,50000,MORTGAGE,2.0,VENTURE,B,4000,11.36,0.08,N,15,0
11747,23,90000,MORTGAGE,4.0,PERSONAL,A,3000,6.03,0.03,N,4,0
11748,22,55000,MORTGAGE,2.0,DEBTCONSOLIDATION,B,12000,11.14,0.22,N,4,0
11749,21,143000,MORTGAGE,2.0,MEDICAL,A,24250,6.03,0.17,N,4,0
11750,23,117000,RENT,7.0,DEBTCONSOLIDATION,A,21000,7.9,0.18,N,3,0
11751,49,65004,MORTGAGE,16.0,PERSONAL,B,10000,9.99,0.15,N,15,0
11752,45,69600,OWN,11.0,PERSONAL,A,6000,7.9,0.09,N,12,0
11753,24,66300,MORTGAGE,4.0,PERSONAL,D,7000,15.28,0.09,Y,3,0
11754,32,48000,MORTGAGE,6.0,MEDICAL,B,5000,10.75,0.1,N,5,0
11755,27,35000,RENT,1.0,VENTURE,B,6000,11.99,0.17,N,8,0
11756,31,72000,RENT,4.0,EDUCATION,D,16000,14.09,0.22,Y,10,0
11757,24,36000,MORTGAGE,0.0,HOMEIMPROVEMENT,B,9000,11.14,0.25,N,3,1
11758,38,62000,RENT,5.0,DEBTCONSOLIDATION,C,10000,13.43,0.16,Y,11,0
11759,24,33280,MORTGAGE,2.0,HOMEIMPROVEMENT,B,11200,11.99,0.34,N,2,0
11760,23,61500,RENT,0.0,VENTURE,C,12000,14.22,0.19,N,3,0
11761,26,19200,RENT,3.0,PERSONAL,B,2000,10.59,0.1,N,3,0
11762,35,90000,RENT,0.0,MEDICAL,A,6000,7.51,0.07,N,9,0
11763,28,50000,MORTGAGE,12.0,PERSONAL,B,5000,10.59,0.1,N,8,0
11764,31,95000,MORTGAGE,4.0,VENTURE,A,14000,6.62,0.15,N,9,0
11765,28,53000,MORTGAGE,12.0,EDUCATION,A,3000,9.32,0.06,N,7,0
11766,26,54000,MORTGAGE,7.0,VENTURE,A,3500,6.62,0.06,N,4,0
11767,23,69000,MORTGAGE,7.0,VENTURE,A,6000,7.51,0.09,N,2,0
11768,24,114750,MORTGAGE,3.0,MEDICAL,B,30000,9.45,0.23,N,3,1
11769,23,54400,RENT,4.0,MEDICAL,E,21600,17.19,0.33,N,4,1
11770,43,50000,RENT,5.0,DEBTCONSOLIDATION,C,8400,13.49,0.17,Y,17,0
11771,23,42000,MORTGAGE,5.0,PERSONAL,A,6500,7.49,0.15,N,3,0
11772,30,62500,MORTGAGE,5.0,VENTURE,C,6400,13.23,0.1,N,10,0
11773,29,50000,OWN,1.0,VENTURE,B,3600,11.86,0.07,N,9,0
11774,22,30000,MORTGAGE,1.0,PERSONAL,B,8000,12.21,0.27,N,2,0
11775,25,120000,MORTGAGE,9.0,HOMEIMPROVEMENT,B,4800,11.49,0.04,N,3,0
11776,22,74568,MORTGAGE,0.0,MEDICAL,C,35000,14.22,0.43,N,3,0
11777,28,91560,MORTGAGE,4.0,VENTURE,B,22000,10.62,0.24,N,8,0
11778,28,48000,RENT,4.0,DEBTCONSOLIDATION,C,5000,13.23,0.1,N,8,0
11779,27,138000,MORTGAGE,11.0,HOMEIMPROVEMENT,A,17000,7.88,0.12,N,6,0
11780,28,85000,RENT,3.0,HOMEIMPROVEMENT,B,7000,9.88,0.08,N,7,0
11781,24,37000,RENT,3.0,DEBTCONSOLIDATION,D,15000,15.65,0.41,N,2,1
11782,41,97000,RENT,16.0,DEBTCONSOLIDATION,C,3000,13.98,0.03,Y,11,0
11783,28,40000,MORTGAGE,7.0,HOMEIMPROVEMENT,B,2400,12.42,0.06,N,5,0
11784,47,225000,MORTGAGE,2.0,DEBTCONSOLIDATION,B,25000,10.08,0.11,N,13,0
11785,29,120000,RENT,3.0,DEBTCONSOLIDATION,A,20000,7.14,0.17,N,6,0
11786,23,55000,RENT,5.0,DEBTCONSOLIDATION,A,5400,7.9,0.1,N,2,0
11787,32,66000,OWN,5.0,PERSONAL,C,10000,15.96,0.15,N,5,0
11788,25,84996,RENT,3.0,VENTURE,B,8000,10.95,0.09,N,4,0
11789,22,72000,RENT,6.0,EDUCATION,C,5000,15.96,0.07,Y,2,0
11790,23,65000,MORTGAGE,7.0,EDUCATION,B,15000,10.62,0.23,N,4,0
11791,23,44000,RENT,5.0,MEDICAL,E,15200,16.35,0.34,Y,3,1
11792,22,56000,MORTGAGE,6.0,MEDICAL,A,12000,8.94,0.21,N,3,0
11793,29,55000,MORTGAGE,6.0,DEBTCONSOLIDATION,C,6000,13.49,0.11,N,8,0
11794,35,149616,RENT,0.0,MEDICAL,B,15000,11.49,0.1,N,6,0
11795,43,60000,MORTGAGE,5.0,PERSONAL,A,6000,7.88,0.1,N,16,0
11796,31,30000,RENT,4.0,MEDICAL,B,10000,11.71,0.33,N,6,1
11797,36,49000,OWN,8.0,VENTURE,B,4000,12.18,0.08,N,14,0
11798,24,65000,RENT,3.0,VENTURE,B,17000,9.91,0.26,N,3,0
11799,23,50000,MORTGAGE,7.0,VENTURE,A,15000,6.03,0.3,N,4,0
11800,27,44000,RENT,2.0,VENTURE,D,5000,16.77,0.11,Y,7,1
11801,24,44000,RENT,1.0,MEDICAL,E,2000,14.75,0.05,Y,2,1
11802,22,40000,RENT,3.0,DEBTCONSOLIDATION,B,10000,10.59,0.25,N,2,0
11803,30,60000,MORTGAGE,3.0,EDUCATION,C,7500,11.78,0.13,Y,5,0
11804,23,45000,MORTGAGE,5.0,PERSONAL,A,4000,7.51,0.09,N,4,0
11805,22,75000,MORTGAGE,6.0,EDUCATION,C,6000,12.98,0.08,Y,3,0
11806,35,45000,MORTGAGE,9.0,MEDICAL,A,8000,7.14,0.18,N,5,0
11807,34,50000,MORTGAGE,5.0,VENTURE,A,3000,7.14,0.06,N,9,0
11808,25,40000,RENT,3.0,VENTURE,C,6400,12.73,0.16,Y,4,0
11809,34,47300,MORTGAGE,3.0,PERSONAL,A,9000,7.88,0.19,N,6,0
11810,27,55000,RENT,11.0,MEDICAL,B,10650,12.21,0.2,N,6,0
11811,24,90000,MORTGAGE,8.0,EDUCATION,B,1700,11.12,0.02,N,4,0
11812,21,110000,MORTGAGE,0.0,VENTURE,A,14000,9.63,0.13,N,2,0
11813,31,85000,MORTGAGE,2.0,MEDICAL,A,12000,6.91,0.14,N,6,0
11814,26,75000,RENT,10.0,PERSONAL,A,15000,7.66,0.2,N,3,0
11815,23,34000,RENT,4.0,MEDICAL,B,2400,10.65,0.07,N,6,0
11816,24,52000,RENT,4.0,EDUCATION,C,10000,15.23,0.19,N,2,1
11817,22,45000,RENT,0.0,EDUCATION,C,5000,13.49,0.11,N,4,0
11818,25,50000,RENT,5.0,PERSONAL,C,4000,14.26,0.08,Y,4,0
11819,22,50000,MORTGAGE,3.0,PERSONAL,C,8000,13.49,0.16,Y,4,0
11820,23,96000,RENT,7.0,MEDICAL,A,4000,7.9,0.04,N,4,0
11821,37,40000,RENT,0.0,DEBTCONSOLIDATION,B,12000,11.11,0.3,N,11,0
11822,27,50000,RENT,2.0,PERSONAL,A,5000,6.17,0.1,N,5,0
11823,25,31200,RENT,9.0,PERSONAL,B,3200,12.21,0.1,N,3,1
11824,24,40000,RENT,1.0,EDUCATION,B,9000,11.86,0.23,N,4,0
11825,36,75000,MORTGAGE,4.0,HOMEIMPROVEMENT,C,4200,14.27,0.06,Y,15,0
11826,23,75000,RENT,0.0,EDUCATION,A,10000,8.94,0.13,N,2,0
11827,38,31000,RENT,1.0,EDUCATION,C,10000,13.47,0.32,Y,12,1
11828,41,116004,MORTGAGE,1.0,MEDICAL,B,25000,12.21,0.23,N,12,0
11829,28,60000,MORTGAGE,6.0,DEBTCONSOLIDATION,C,11200,14.27,0.19,Y,9,1
11830,34,91000,MORTGAGE,3.0,VENTURE,A,15000,7.88,0.16,N,8,0
11831,27,65000,MORTGAGE,6.0,HOMEIMPROVEMENT,B,3600,10.99,0.06,N,10,0
11832,28,75000,RENT,6.0,EDUCATION,A,15000,6.62,0.2,N,10,0
11833,22,27600,RENT,2.0,MEDICAL,B,5000,12.42,0.18,N,3,0
11834,28,68000,MORTGAGE,1.0,PERSONAL,A,10800,7.9,0.16,N,6,0
11835,30,132000,MORTGAGE,5.0,MEDICAL,B,15000,10.99,0.11,N,9,0
11836,24,42000,RENT,8.0,DEBTCONSOLIDATION,A,12000,7.14,0.29,N,3,0
11837,34,130000,MORTGAGE,3.0,VENTURE,B,12000,11.49,0.09,N,7,0
11838,27,25500,RENT,1.0,PERSONAL,C,1800,13.85,0.07,Y,6,0
11839,40,120000,MORTGAGE,4.0,PERSONAL,A,17625,7.49,0.15,N,17,0
11840,27,80000,MORTGAGE,4.0,MEDICAL,A,10000,6.54,0.13,N,6,0
11841,41,45000,RENT,5.0,VENTURE,B,10000,9.91,0.22,N,12,0
11842,22,75000,MORTGAGE,6.0,PERSONAL,B,12000,9.91,0.16,N,4,0
11843,27,85000,MORTGAGE,2.0,VENTURE,B,5000,9.99,0.06,N,9,0
11844,22,31200,MORTGAGE,1.0,PERSONAL,B,7800,12.69,0.24,N,4,0
11845,22,30000,RENT,5.0,MEDICAL,B,8000,12.69,0.27,N,3,1
11846,31,29640,RENT,4.0,DEBTCONSOLIDATION,B,6250,14.96,0.21,N,8,1
11847,25,90000,MORTGAGE,3.0,HOMEIMPROVEMENT,B,20000,11.11,0.22,N,3,0
11848,28,78000,RENT,2.0,EDUCATION,B,25000,10.99,0.32,N,10,1
11849,25,84000,MORTGAGE,3.0,EDUCATION,D,8000,16.0,0.1,Y,3,1
11850,24,90000,MORTGAGE,1.0,PERSONAL,C,10000,13.92,0.11,Y,4,0
11851,27,40000,RENT,2.0,MEDICAL,B,8500,10.36,0.22,N,7,0
11852,26,92700,MORTGAGE,0.0,HOMEIMPROVEMENT,D,9250,14.09,0.1,N,3,1
11853,30,95000,RENT,2.0,PERSONAL,B,10000,10.37,0.11,N,9,0
11854,23,45600,MORTGAGE,5.0,PERSONAL,B,10000,10.65,0.22,N,4,0
11855,22,27000,OWN,2.0,VENTURE,A,5000,8.94,0.18,N,4,0
11856,28,94000,RENT,3.0,HOMEIMPROVEMENT,A,7500,5.79,0.08,N,7,0
11857,28,33000,RENT,0.0,MEDICAL,B,6800,9.88,0.21,N,9,0
11858,23,90000,MORTGAGE,5.0,MEDICAL,B,18000,11.26,0.2,N,3,0
11859,28,78000,MORTGAGE,7.0,MEDICAL,A,5000,8.59,0.06,N,8,0
11860,41,39000,RENT,3.0,VENTURE,D,8000,15.21,0.21,Y,11,1
11861,30,60000,MORTGAGE,2.0,DEBTCONSOLIDATION,C,8000,14.65,0.13,N,5,0
11862,23,66000,MORTGAGE,7.0,EDUCATION,B,15000,9.88,0.23,N,3,0
11863,34,68000,MORTGAGE,5.0,EDUCATION,A,5000,7.51,0.07,N,5,0
11864,36,33000,OWN,2.0,VENTURE,C,7000,13.92,0.21,Y,13,0
11865,22,65000,MORTGAGE,3.0,EDUCATION,B,6000,11.49,0.09,N,4,0
11866,31,24000,RENT,1.0,MEDICAL,D,5000,15.31,0.21,Y,5,1
11867,22,90000,MORTGAGE,6.0,EDUCATION,A,4800,7.51,0.05,N,4,0
11868,24,60000,MORTGAGE,8.0,HOMEIMPROVEMENT,B,10000,10.59,0.17,N,4,0
11869,25,87000,RENT,0.0,HOMEIMPROVEMENT,A,8500,9.38,0.1,N,3,0
11870,25,146000,MORTGAGE,7.0,DEBTCONSOLIDATION,C,10000,13.72,0.07,Y,3,0
11871,28,30000,RENT,4.0,PERSONAL,C,7500,11.78,0.25,Y,9,0
11872,31,50000,RENT,1.0,VENTURE,A,5000,6.62,0.1,N,5,0
11873,23,69000,MORTGAGE,8.0,PERSONAL,C,24000,12.23,0.34,N,3,0
11874,22,55000,RENT,6.0,EDUCATION,C,3000,14.65,0.05,N,4,0
11875,29,120000,MORTGAGE,3.0,DEBTCONSOLIDATION,A,3600,6.92,0.03,N,9,0
11876,30,85000,MORTGAGE,13.0,EDUCATION,A,10000,6.62,0.12,N,9,0
11877,28,48500,RENT,1.0,EDUCATION,B,15000,9.25,0.31,N,9,1
11878,22,31200,RENT,3.0,EDUCATION,A,4000,7.88,0.13,N,2,0
11879,37,65000,RENT,5.0,VENTURE,C,15000,14.79,0.23,N,14,0
11880,32,54000,RENT,5.0,HOMEIMPROVEMENT,B,2800,10.74,0.05,N,5,1
11881,24,75000,RENT,3.0,HOMEIMPROVEMENT,A,12000,7.49,0.16,N,3,0
11882,21,28800,OWN,2.0,VENTURE,B,10000,10.99,0.35,N,2,0
11883,39,90000,MORTGAGE,16.0,PERSONAL,A,12000,6.03,0.13,N,17,0
11884,30,50000,RENT,4.0,HOMEIMPROVEMENT,D,8450,17.27,0.18,N,10,0
11885,28,25000,RENT,6.0,MEDICAL,B,10000,10.65,0.4,N,5,1
11886,30,50100,RENT,1.0,DEBTCONSOLIDATION,B,6000,10.0,0.12,N,5,0
11887,24,69000,MORTGAGE,5.0,DEBTCONSOLIDATION,D,10000,16.07,0.14,Y,3,1
11888,27,40000,RENT,5.0,MEDICAL,B,5000,11.71,0.13,N,10,0
11889,26,49000,MORTGAGE,10.0,DEBTCONSOLIDATION,A,8500,8.9,0.17,N,3,0
11890,22,96000,RENT,3.0,EDUCATION,C,12000,13.49,0.13,N,3,0
11891,30,96000,MORTGAGE,0.0,DEBTCONSOLIDATION,B,6600,10.99,0.07,N,6,0
11892,36,51000,RENT,11.0,DEBTCONSOLIDATION,D,1500,16.29,0.03,Y,13,1
11893,31,80000,RENT,4.0,EDUCATION,C,16000,13.49,0.2,Y,8,0
11894,24,45000,MORTGAGE,8.0,PERSONAL,A,10000,7.51,0.22,N,4,0
11895,40,59484,MORTGAGE,13.0,VENTURE,B,5500,10.99,0.09,N,10,0
11896,25,45000,RENT,5.0,MEDICAL,A,7000,7.88,0.16,N,3,0
11897,27,54000,RENT,0.0,PERSONAL,D,10000,14.74,0.19,Y,10,1
11898,22,43000,RENT,0.0,DEBTCONSOLIDATION,A,4000,7.29,0.09,N,4,0
11899,37,65000,RENT,5.0,DEBTCONSOLIDATION,A,4000,6.76,0.06,N,14,0
11900,21,61200,MORTGAGE,0.0,EDUCATION,A,8000,6.62,0.13,N,4,0
11901,24,51600,MORTGAGE,2.0,EDUCATION,A,12000,6.92,0.22,N,3,0
11902,25,105000,RENT,10.0,HOMEIMPROVEMENT,A,15000,8.49,0.14,N,4,0
11903,23,75000,RENT,0.0,MEDICAL,A,16100,7.9,0.21,N,3,0
11904,22,65004,MORTGAGE,6.0,MEDICAL,A,4000,9.63,0.06,N,2,0
11905,22,80004,MORTGAGE,6.0,PERSONAL,B,12000,11.36,0.15,N,4,0
11906,30,81120,MORTGAGE,3.0,EDUCATION,B,24000,10.75,0.3,N,7,0
11907,23,28000,RENT,1.0,PERSONAL,C,6500,11.66,0.23,N,4,0
11908,31,32000,RENT,14.0,MEDICAL,A,9600,8.59,0.3,N,6,0
11909,22,24000,RENT,5.0,EDUCATION,A,6000,6.62,0.25,N,4,0
11910,25,50000,RENT,0.0,PERSONAL,A,12500,7.51,0.25,N,4,0
11911,24,60000,RENT,8.0,DEBTCONSOLIDATION,B,18000,10.74,0.28,N,2,1
11912,29,160000,MORTGAGE,3.0,HOMEIMPROVEMENT,C,35000,15.23,0.22,Y,8,0
11913,26,19200,RENT,1.0,HOMEIMPROVEMENT,C,4000,15.23,0.21,Y,4,1
11914,22,40000,MORTGAGE,5.0,EDUCATION,A,5000,7.9,0.13,N,3,0
11915,33,24000,OWN,0.0,EDUCATION,A,2000,7.29,0.08,N,5,0
11916,22,31200,OWN,4.0,EDUCATION,A,6000,8.9,0.19,N,4,0
11917,25,60000,MORTGAGE,3.0,VENTURE,C,9600,13.11,0.16,N,4,0
11918,24,38000,RENT,8.0,PERSONAL,A,12000,7.29,0.32,N,2,1
11919,24,83100,RENT,8.0,MEDICAL,F,8000,18.43,0.09,N,4,1
11920,30,50000,MORTGAGE,5.0,PERSONAL,A,10000,7.88,0.2,N,5,0
11921,21,40000,RENT,2.0,VENTURE,A,4000,7.14,0.1,N,3,0
11922,22,50000,MORTGAGE,6.0,MEDICAL,A,6000,7.51,0.12,N,3,0
11923,23,58000,MORTGAGE,7.0,VENTURE,B,25000,10.99,0.46,N,2,0
11924,31,55000,RENT,0.0,HOMEIMPROVEMENT,A,8500,8.94,0.15,N,5,0
11925,27,36000,RENT,0.0,VENTURE,B,3000,11.11,0.08,N,8,0
11926,26,95000,MORTGAGE,10.0,HOMEIMPROVEMENT,D,17000,16.49,0.18,Y,4,0
11927,39,49000,MORTGAGE,2.0,DEBTCONSOLIDATION,E,15000,16.63,0.31,N,17,1
11928,25,84500,MORTGAGE,4.0,PERSONAL,A,6000,6.99,0.08,N,2,0
11929,24,72000,RENT,4.0,PERSONAL,A,6200,7.49,0.09,N,3,0
11930,23,70000,MORTGAGE,7.0,MEDICAL,B,5000,11.49,0.07,N,3,0
11931,23,27000,RENT,0.0,PERSONAL,B,2000,12.21,0.07,N,2,0
11932,23,70000,MORTGAGE,7.0,PERSONAL,B,15000,12.18,0.21,N,3,0
11933,31,29000,MORTGAGE,5.0,HOMEIMPROVEMENT,C,6400,12.68,0.22,N,6,0
11934,23,54000,RENT,0.0,PERSONAL,D,10000,14.11,0.19,N,2,1
11935,28,117600,MORTGAGE,12.0,VENTURE,C,12000,13.99,0.1,Y,5,0
11936,26,42000,RENT,2.0,DEBTCONSOLIDATION,D,10000,14.96,0.24,Y,4,1
11937,24,33000,RENT,1.0,VENTURE,A,10000,7.49,0.3,N,4,0
11938,30,52000,RENT,5.0,MEDICAL,A,10000,6.92,0.19,N,8,0
11939,23,96000,MORTGAGE,7.0,EDUCATION,B,20000,12.69,0.21,N,4,0
11940,26,65000,MORTGAGE,10.0,MEDICAL,C,10500,14.65,0.16,N,3,0
11941,24,50000,RENT,3.0,HOMEIMPROVEMENT,A,10000,7.14,0.2,N,2,0
11942,25,40000,MORTGAGE,0.0,EDUCATION,A,1000,6.76,0.03,N,4,0
11943,26,75000,MORTGAGE,5.0,DEBTCONSOLIDATION,B,6000,9.99,0.08,N,3,0
11944,29,106000,MORTGAGE,5.0,HOMEIMPROVEMENT,C,5000,14.27,0.05,Y,7,0
11945,29,45000,MORTGAGE,4.0,HOMEIMPROVEMENT,B,14400,12.42,0.32,N,9,0
11946,26,20000,RENT,5.0,VENTURE,A,5000,5.79,0.25,N,2,0
11947,34,47000,RENT,6.0,PERSONAL,B,3000,11.12,0.06,N,7,0
11948,34,72000,OWN,15.0,VENTURE,B,8000,11.49,0.11,N,8,0
11949,23,60000,RENT,2.0,DEBTCONSOLIDATION,C,8000,13.61,0.13,N,3,0
11950,23,40000,RENT,2.0,EDUCATION,A,4000,8.49,0.1,N,4,0
11951,24,29120,RENT,0.0,DEBTCONSOLIDATION,B,1200,10.99,0.04,N,3,0
11952,22,50000,RENT,5.0,DEBTCONSOLIDATION,B,10000,11.71,0.2,N,3,0
11953,24,70000,RENT,4.0,VENTURE,A,9000,7.29,0.13,N,4,0
11954,32,100000,RENT,4.0,MEDICAL,A,15000,7.29,0.15,N,10,0
11955,25,57300,RENT,7.0,EDUCATION,D,14000,14.54,0.26,Y,4,0
11956,25,16800,RENT,0.0,HOMEIMPROVEMENT,B,5000,12.18,0.3,N,2,1
11957,26,100000,RENT,6.0,PERSONAL,C,20000,13.79,0.2,N,4,0
11958,35,60000,RENT,0.0,PERSONAL,B,3000,11.11,0.05,N,5,0
11959,31,72000,MORTGAGE,3.0,EDUCATION,B,12000,11.99,0.17,N,7,0
11960,28,45000,OWN,11.0,PERSONAL,A,8000,7.51,0.18,N,9,0
11961,23,59200,RENT,3.0,MEDICAL,C,10000,14.22,0.17,N,3,0
11962,23,28000,MORTGAGE,6.0,EDUCATION,A,4000,6.76,0.14,N,4,0
11963,22,36000,RENT,6.0,PERSONAL,C,2000,14.65,0.06,Y,3,0
11964,22,67500,RENT,1.0,EDUCATION,A,13000,9.63,0.19,N,3,0
11965,21,72100,MORTGAGE,2.0,VENTURE,B,15000,10.25,0.21,N,4,0
11966,25,72000,MORTGAGE,9.0,VENTURE,B,16000,11.11,0.22,N,2,0
11967,32,120000,MORTGAGE,12.0,VENTURE,B,12000,12.53,0.1,N,10,0
11968,22,30000,RENT,1.0,DEBTCONSOLIDATION,A,10000,7.29,0.33,N,4,1
11969,37,50000,RENT,3.0,EDUCATION,B,15000,11.71,0.3,N,17,0
11970,21,20000,RENT,2.0,MEDICAL,B,4750,10.37,0.24,N,3,0
11971,37,55000,MORTGAGE,16.0,VENTURE,A,10000,7.49,0.18,N,15,0
11972,30,31200,RENT,4.0,DEBTCONSOLIDATION,D,12300,14.96,0.39,N,10,1
11973,38,60000,MORTGAGE,7.0,DEBTCONSOLIDATION,A,6000,7.88,0.1,N,17,0
11974,24,45000,RENT,4.0,MEDICAL,B,6000,11.49,0.13,N,3,0
11975,29,170000,MORTGAGE,13.0,HOMEIMPROVEMENT,B,12000,11.11,0.07,N,10,0
11976,20,95950,RENT,2.0,EDUCATION,D,28250,14.54,0.27,N,4,1
11977,23,120000,MORTGAGE,2.0,EDUCATION,B,25000,11.86,0.21,N,4,0
11978,35,54000,MORTGAGE,0.0,PERSONAL,B,13575,9.91,0.25,N,10,0
11979,29,95000,MORTGAGE,13.0,EDUCATION,A,16000,7.49,0.17,N,9,0
11980,26,66000,OWN,7.0,VENTURE,A,15000,6.03,0.23,N,3,0
11981,28,136092,MORTGAGE,2.0,PERSONAL,C,8000,13.61,0.06,N,4,0
11982,27,60000,MORTGAGE,11.0,HOMEIMPROVEMENT,A,7000,6.92,0.12,N,7,0
11983,22,32124,RENT,4.0,DEBTCONSOLIDATION,D,6000,16.77,0.19,N,4,0
11984,31,70000,RENT,5.0,VENTURE,B,10000,9.91,0.14,N,10,0
11985,23,120000,MORTGAGE,7.0,EDUCATION,B,8000,9.99,0.07,N,2,0
11986,32,100000,MORTGAGE,3.0,EDUCATION,B,15000,9.88,0.15,N,10,0
11987,30,55000,MORTGAGE,2.0,EDUCATION,B,5500,10.99,0.1,N,9,0
11988,27,118320,MORTGAGE,11.0,PERSONAL,C,20000,13.48,0.18,N,10,0
11989,36,80000,RENT,13.0,DEBTCONSOLIDATION,B,12000,10.37,0.15,N,11,0
11990,26,132000,RENT,10.0,PERSONAL,B,10000,9.25,0.08,N,4,0
11991,25,122000,MORTGAGE,4.0,PERSONAL,A,12000,7.66,0.1,N,2,0
11992,39,65000,RENT,2.0,PERSONAL,C,10000,13.48,0.15,N,14,0
11993,35,36000,RENT,2.0,VENTURE,C,12000,14.27,0.33,Y,9,0
11994,24,38450,MORTGAGE,6.0,PERSONAL,A,10000,7.49,0.26,N,4,0
11995,25,59256,RENT,1.0,MEDICAL,C,17600,12.99,0.3,N,4,0
11996,31,117516,MORTGAGE,3.0,MEDICAL,C,21000,13.49,0.18,N,24,0
11997,26,55000,RENT,2.0,PERSONAL,C,2000,13.72,0.04,N,2,0
11998,24,80000,MORTGAGE,2.0,PERSONAL,A,1500,7.51,0.02,N,2,0
11999,21,158004,RENT,2.0,HOMEIMPROVEMENT,D,5000,14.84,0.32,Y,3,1
12000,30,112500,MORTGAGE,15.0,EDUCATION,C,16000,13.85,0.14,N,10,0
12001,33,48000,RENT,7.0,EDUCATION,B,5000,11.71,0.1,N,7,0
12002,22,60000,RENT,1.0,DEBTCONSOLIDATION,C,6000,13.98,0.1,N,4,0
12003,28,110000,OWN,2.0,EDUCATION,B,20000,11.83,0.18,N,9,0
12004,22,60000,MORTGAGE,6.0,EDUCATION,B,10000,11.36,0.17,N,3,0
12005,27,39000,RENT,1.0,MEDICAL,B,12000,11.99,0.31,N,8,1
12006,22,30000,RENT,2.0,VENTURE,C,5000,12.22,0.17,N,3,0
12007,22,34000,RENT,2.0,VENTURE,C,8000,12.53,0.24,Y,3,0
12008,21,50000,RENT,2.0,DEBTCONSOLIDATION,A,3000,7.51,0.06,N,4,0
12009,23,60000,OWN,7.0,EDUCATION,D,8000,15.7,0.13,N,3,0
12010,22,54000,MORTGAGE,5.0,MEDICAL,B,5000,11.99,0.09,N,3,1
12011,33,39996,RENT,12.0,DEBTCONSOLIDATION,B,3500,11.49,0.09,N,5,0
12012,24,24000,RENT,2.0,PERSONAL,A,3500,5.99,0.15,N,3,0
12013,25,55000,RENT,7.0,MEDICAL,A,7500,8.0,0.14,N,3,0
12014,31,40000,RENT,2.0,MEDICAL,B,4000,12.42,0.1,N,8,0
12015,25,78000,RENT,3.0,MEDICAL,B,25000,9.91,0.31,N,2,1
12016,32,80000,RENT,7.0,EDUCATION,B,8000,10.0,0.1,N,10,0
12017,35,80000,RENT,6.0,EDUCATION,B,1500,11.86,0.02,N,6,0
12018,22,28000,RENT,2.0,EDUCATION,B,3000,10.59,0.1,N,2,0
12019,35,45000,RENT,6.0,MEDICAL,B,7000,12.69,0.16,N,6,0
12020,28,84000,MORTGAGE,1.0,PERSONAL,B,20000,10.99,0.24,N,9,0
12021,31,86000,RENT,2.0,DEBTCONSOLIDATION,B,6000,9.99,0.07,N,10,0
12022,29,32000,RENT,3.0,HOMEIMPROVEMENT,A,3000,6.17,0.09,N,6,1
12023,29,60000,MORTGAGE,13.0,PERSONAL,A,10000,7.14,0.17,N,8,0
12024,28,75000,RENT,1.0,PERSONAL,A,4000,5.79,0.05,N,7,0
12025,36,30000,RENT,6.0,MEDICAL,C,7000,13.98,0.23,Y,13,0
12026,36,42000,MORTGAGE,3.0,PERSONAL,B,2000,11.36,0.05,N,12,1
12027,24,110000,MORTGAGE,0.0,PERSONAL,A,5000,5.42,0.05,N,3,0
12028,26,80000,RENT,10.0,VENTURE,B,10000,10.65,0.13,N,4,0
12029,24,75000,MORTGAGE,0.0,VENTURE,B,12000,9.63,0.16,N,3,0
12030,22,55000,MORTGAGE,4.0,MEDICAL,A,4000,7.51,0.07,N,3,0
12031,26,86004,RENT,2.0,DEBTCONSOLIDATION,B,10000,11.89,0.12,N,4,0
12032,27,41000,RENT,0.0,PERSONAL,B,11000,10.99,0.27,N,9,0
12033,26,143485,MORTGAGE,10.0,PERSONAL,B,10000,10.62,0.07,N,2,0
12034,28,54000,MORTGAGE,2.0,HOMEIMPROVEMENT,B,5000,11.49,0.09,N,6,0
12035,24,75000,MORTGAGE,8.0,EDUCATION,B,12000,10.65,0.16,N,4,0
12036,33,125000,OWN,0.0,HOMEIMPROVEMENT,B,24000,11.83,0.19,N,10,0
12037,25,33996,RENT,3.0,PERSONAL,D,5000,16.49,0.15,Y,3,0
12038,31,90000,RENT,5.0,MEDICAL,B,21500,11.36,0.24,N,5,0
12039,39,85000,RENT,4.0,MEDICAL,A,10000,8.9,0.12,N,14,0
12040,26,105000,MORTGAGE,3.0,DEBTCONSOLIDATION,A,9600,6.91,0.09,N,4,0
12041,21,37459,RENT,4.0,EDUCATION,C,5300,15.23,0.15,Y,4,0
12042,32,98004,RENT,8.0,PERSONAL,D,10000,15.7,0.1,Y,10,0
12043,23,42000,MORTGAGE,7.0,DEBTCONSOLIDATION,B,7500,11.14,0.18,N,3,0
12044,32,121500,MORTGAGE,16.0,HOMEIMPROVEMENT,A,6000,7.49,0.05,N,9,0
12045,26,35000,RENT,2.0,VENTURE,A,2500,8.9,0.07,N,3,0
12046,22,112995,MORTGAGE,6.0,MEDICAL,A,2400,5.99,0.02,N,3,0
12047,35,58800,OWN,16.0,PERSONAL,A,5000,7.29,0.09,N,10,0
12048,23,46000,RENT,1.0,MEDICAL,B,9000,9.63,0.2,N,3,0
12049,29,76000,RENT,2.0,HOMEIMPROVEMENT,A,20000,6.54,0.26,N,6,0
12050,23,59578,RENT,4.0,DEBTCONSOLIDATION,D,6000,14.54,0.1,Y,2,1
12051,36,70000,MORTGAGE,3.0,PERSONAL,C,10000,14.27,0.14,Y,14,0
12052,22,54000,MORTGAGE,2.0,EDUCATION,B,5000,11.49,0.09,N,3,0
12053,27,35000,RENT,12.0,PERSONAL,A,8000,6.03,0.23,N,9,0
12054,23,100000,RENT,5.0,PERSONAL,A,5000,7.14,0.05,N,3,0
12055,33,30000,RENT,17.0,MEDICAL,D,8000,15.58,0.27,Y,9,0
12056,22,98000,RENT,6.0,HOMEIMPROVEMENT,D,20000,14.96,0.2,Y,2,1
12057,23,110000,MORTGAGE,7.0,PERSONAL,B,16000,10.99,0.15,N,2,0
12058,32,38400,OWN,3.0,MEDICAL,D,5000,15.37,0.13,N,7,0
12059,29,102000,OWN,13.0,MEDICAL,B,6000,9.88,0.06,N,10,0
12060,26,57000,MORTGAGE,10.0,PERSONAL,E,15200,16.35,0.26,N,2,0
12061,24,56400,MORTGAGE,2.0,HOMEIMPROVEMENT,A,20000,7.49,0.35,N,4,0
12062,25,31000,RENT,1.0,PERSONAL,D,3200,14.42,0.11,Y,4,1
12063,21,45000,RENT,0.0,MEDICAL,A,5000,7.51,0.11,N,3,0
12064,53,32000,RENT,22.0,VENTURE,B,12000,10.37,0.38,N,23,1
12065,28,56400,MORTGAGE,12.0,DEBTCONSOLIDATION,D,2400,14.96,0.04,Y,7,1
12066,32,62900,RENT,5.0,MEDICAL,D,16000,14.96,0.22,Y,8,1
12067,29,30000,MORTGAGE,0.0,HOMEIMPROVEMENT,A,6600,7.51,0.21,N,5,0
12068,38,33996,RENT,11.0,MEDICAL,C,4000,13.16,0.12,Y,17,0
12069,28,48000,MORTGAGE,0.0,MEDICAL,A,12000,7.9,0.25,N,8,0
12070,26,72000,RENT,8.0,EDUCATION,B,1600,11.86,0.02,N,4,0
12071,25,70000,RENT,3.0,HOMEIMPROVEMENT,D,8400,15.62,0.12,N,2,0
12072,32,150000,MORTGAGE,4.0,PERSONAL,E,20000,16.95,0.13,N,9,0
12073,25,69996,RENT,5.0,PERSONAL,A,3000,6.39,0.04,N,4,0
12074,33,75000,MORTGAGE,6.0,VENTURE,A,10000,7.51,0.13,N,10,0
12075,43,80000,MORTGAGE,5.0,DEBTCONSOLIDATION,A,10000,7.49,0.13,N,14,0
12076,26,35000,RENT,2.0,PERSONAL,B,5200,10.99,0.15,N,4,0
12077,22,68000,RENT,5.0,PERSONAL,B,15000,11.71,0.22,N,2,0
12078,24,56000,MORTGAGE,8.0,EDUCATION,D,2400,14.46,0.04,Y,4,0
12079,22,28500,RENT,3.0,EDUCATION,D,1600,14.84,0.06,N,4,0
12080,25,57600,MORTGAGE,9.0,DEBTCONSOLIDATION,A,2400,5.42,0.04,N,4,0
12081,28,50000,MORTGAGE,5.0,PERSONAL,D,2000,17.27,0.04,Y,8,0
12082,24,31200,RENT,3.0,DEBTCONSOLIDATION,D,6000,12.86,0.19,Y,4,0
12083,22,42000,RENT,0.0,MEDICAL,B,5000,11.49,0.12,N,4,0
12084,24,90000,MORTGAGE,8.0,EDUCATION,B,10000,12.18,0.11,N,2,0
12085,31,24000,RENT,0.0,HOMEIMPROVEMENT,E,5000,18.79,0.21,N,7,1
12086,40,59200,MORTGAGE,20.0,DEBTCONSOLIDATION,B,20000,12.21,0.34,N,12,1
12087,36,90000,MORTGAGE,3.0,VENTURE,B,25000,11.36,0.28,N,13,0
12088,23,75000,MORTGAGE,7.0,EDUCATION,B,5000,10.65,0.07,N,3,0
12089,33,48000,RENT,2.0,MEDICAL,A,3500,8.59,0.07,N,5,0
12090,26,45000,MORTGAGE,2.0,MEDICAL,A,4200,7.51,0.1,N,2,0
12091,25,60000,RENT,3.0,EDUCATION,B,12000,10.38,0.2,N,3,0
12092,22,62000,RENT,0.0,EDUCATION,A,7000,7.9,0.11,N,4,0
12093,42,80000,MORTGAGE,5.0,EDUCATION,B,19000,10.59,0.23,N,16,0
12094,21,26400,RENT,3.0,VENTURE,A,3500,7.9,0.13,N,4,0
12095,27,35000,RENT,0.0,MEDICAL,B,6000,11.11,0.17,N,5,0
12096,32,90000,MORTGAGE,12.0,MEDICAL,A,12000,6.03,0.13,N,5,0
12097,31,70000,RENT,9.0,DEBTCONSOLIDATION,B,7000,11.49,0.1,N,8,0
12098,26,92500,RENT,6.0,MEDICAL,B,10000,11.49,0.11,N,4,0
12099,42,36000,RENT,6.0,MEDICAL,A,6000,8.9,0.17,N,12,0
12100,21,39996,RENT,5.0,MEDICAL,A,6000,9.63,0.15,N,3,0
12101,26,46800,MORTGAGE,10.0,DEBTCONSOLIDATION,A,8000,6.54,0.17,N,3,0
12102,25,85000,MORTGAGE,2.0,HOMEIMPROVEMENT,A,10000,7.51,0.12,N,3,0
12103,30,60000,RENT,3.0,PERSONAL,A,12000,6.03,0.2,N,9,0
12104,22,48000,MORTGAGE,6.0,DEBTCONSOLIDATION,A,10000,7.49,0.21,N,3,0
12105,22,41004,RENT,5.0,EDUCATION,D,1000,14.61,0.03,Y,4,0
12106,26,85000,MORTGAGE,7.0,EDUCATION,A,12000,6.91,0.14,N,2,0
12107,28,60996,RENT,11.0,HOMEIMPROVEMENT,A,6000,9.63,0.1,N,8,0
12108,24,53000,MORTGAGE,8.0,VENTURE,A,3825,5.42,0.08,N,3,0
12109,23,140000,RENT,2.0,EDUCATION,B,10000,10.59,0.07,N,3,0
12110,22,52000,MORTGAGE,6.0,VENTURE,A,5000,7.88,0.1,N,3,0
12111,30,90000,RENT,3.0,PERSONAL,B,12000,10.36,0.13,N,8,0
12112,23,26400,RENT,1.0,DEBTCONSOLIDATION,B,10000,11.49,0.38,N,2,1
12113,25,135000,RENT,9.0,MEDICAL,B,16000,10.59,0.12,N,4,0
12114,22,33852,RENT,2.0,PERSONAL,F,17000,17.26,0.5,Y,2,1
12115,27,40000,MORTGAGE,2.0,PERSONAL,B,10000,10.99,0.25,N,6,0
12116,27,110000,MORTGAGE,11.0,HOMEIMPROVEMENT,A,28000,6.54,0.25,N,9,0
12117,44,55000,MORTGAGE,2.0,VENTURE,B,5000,10.59,0.09,N,11,0
12118,27,75000,MORTGAGE,3.0,DEBTCONSOLIDATION,D,4000,17.49,0.05,N,10,1
12119,22,45000,RENT,6.0,DEBTCONSOLIDATION,B,5000,12.69,0.11,N,2,0
12120,24,74500,RENT,1.0,PERSONAL,D,7500,14.96,0.1,Y,2,1
12121,36,61959,RENT,9.0,DEBTCONSOLIDATION,C,25000,12.73,0.4,N,17,1
12122,25,45000,OWN,9.0,MEDICAL,A,10000,8.49,0.22,N,4,0
12123,23,78000,RENT,0.0,DEBTCONSOLIDATION,D,10000,16.0,0.13,N,2,1
12124,22,26000,RENT,6.0,PERSONAL,B,10000,10.65,0.38,N,2,1
12125,32,115000,RENT,4.0,EDUCATION,C,25000,13.43,0.22,Y,10,0
12126,23,54528,MORTGAGE,6.0,MEDICAL,B,7000,11.26,0.13,N,4,0
12127,35,30000,OWN,3.0,VENTURE,A,4000,7.49,0.13,N,5,0
12128,22,48000,RENT,1.0,VENTURE,A,5000,6.99,0.1,N,2,0
12129,22,55560,RENT,3.0,VENTURE,C,6000,14.26,0.11,Y,3,0
12130,22,70000,RENT,7.0,VENTURE,B,15000,10.37,0.21,N,3,0
12131,34,43000,RENT,0.0,MEDICAL,B,9000,10.59,0.21,N,10,0
12132,23,67000,OWN,2.0,VENTURE,B,2800,10.99,0.04,N,2,0
12133,26,60000,MORTGAGE,8.0,DEBTCONSOLIDATION,B,6550,11.11,0.11,N,4,0
12134,21,51600,RENT,3.0,VENTURE,A,6000,8.94,0.12,N,3,0
12135,24,40000,RENT,1.0,PERSONAL,B,3825,10.0,0.1,N,3,0
12136,27,45000,RENT,1.0,DEBTCONSOLIDATION,C,7200,13.79,0.16,N,7,0
12137,23,55000,MORTGAGE,1.0,EDUCATION,C,8000,13.79,0.15,Y,3,0
12138,37,25000,RENT,0.0,HOMEIMPROVEMENT,C,3000,13.11,0.12,N,11,1
12139,28,38000,MORTGAGE,12.0,PERSONAL,A,7000,6.62,0.18,N,9,0
12140,27,98000,MORTGAGE,11.0,HOMEIMPROVEMENT,C,18000,15.27,0.18,Y,8,1
12141,25,45000,RENT,0.0,VENTURE,C,4000,13.8,0.09,Y,4,1
12142,42,65000,MORTGAGE,6.0,MEDICAL,A,5600,7.49,0.08,N,14,0
12143,26,87000,MORTGAGE,0.0,VENTURE,C,12000,12.73,0.14,N,2,0
12144,32,25000,RENT,4.0,DEBTCONSOLIDATION,C,2400,13.61,0.1,Y,9,0
12145,33,110000,RENT,5.0,HOMEIMPROVEMENT,B,25000,11.36,0.23,N,8,0
12146,24,49000,RENT,2.0,MEDICAL,B,2500,12.18,0.05,N,2,0
12147,25,57000,MORTGAGE,5.0,MEDICAL,C,1200,13.23,0.02,N,4,0
12148,23,62000,MORTGAGE,1.0,VENTURE,A,15000,6.03,0.24,N,4,0
12149,24,35000,MORTGAGE,8.0,EDUCATION,A,1500,7.51,0.04,N,4,0
12150,28,46000,RENT,0.0,HOMEIMPROVEMENT,E,12000,16.0,0.26,N,9,1
12151,24,40000,RENT,8.0,PERSONAL,A,3000,5.42,0.07,N,4,0
12152,27,50000,MORTGAGE,11.0,MEDICAL,A,7500,7.88,0.15,N,8,0
12153,27,28800,MORTGAGE,6.0,MEDICAL,B,5000,9.25,0.17,N,5,0
12154,35,80000,MORTGAGE,5.0,EDUCATION,B,25000,12.21,0.31,N,10,0
12155,28,37680,RENT,1.0,VENTURE,A,15000,7.66,0.4,N,10,1
12156,24,40000,RENT,6.0,MEDICAL,C,3000,14.27,0.07,Y,4,0
12157,28,60000,RENT,1.0,VENTURE,B,15000,9.88,0.25,N,5,0
12158,37,66000,RENT,2.0,EDUCATION,A,13000,7.88,0.2,N,13,0
12159,28,75000,RENT,5.0,PERSONAL,B,4800,9.25,0.06,N,7,0
12160,23,56525,MORTGAGE,4.0,MEDICAL,D,10000,15.95,0.18,N,4,1
12161,40,65000,MORTGAGE,1.0,HOMEIMPROVEMENT,A,3100,7.29,0.05,N,16,0
12162,30,100000,MORTGAGE,4.0,VENTURE,A,6000,5.99,0.06,N,8,0
12163,22,57000,RENT,6.0,EDUCATION,A,7000,8.0,0.12,N,4,0
12164,39,62400,RENT,16.0,HOMEIMPROVEMENT,B,14000,10.37,0.21,N,15,0
12165,24,40000,RENT,4.0,MEDICAL,A,14000,6.03,0.35,N,3,1
12166,35,100000,MORTGAGE,0.0,VENTURE,B,17600,10.59,0.18,N,9,0
12167,27,47000,MORTGAGE,11.0,EDUCATION,C,6000,14.27,0.13,N,5,0
12168,25,31577,OWN,6.0,HOMEIMPROVEMENT,C,5000,14.72,0.16,N,4,0
12169,24,59000,RENT,8.0,VENTURE,D,14000,16.29,0.24,Y,2,0
12170,30,40000,RENT,3.0,MEDICAL,B,3600,10.99,0.09,N,10,0
12171,24,75000,MORTGAGE,4.0,PERSONAL,A,12000,6.62,0.16,N,4,0
12172,38,81000,MORTGAGE,6.0,HOMEIMPROVEMENT,A,8000,5.99,0.1,N,15,0
12173,25,37000,MORTGAGE,4.0,EDUCATION,C,14125,12.68,0.38,N,2,0
12174,23,37086,RENT,5.0,EDUCATION,B,7500,10.25,0.2,N,4,0
12175,28,140000,MORTGAGE,3.0,HOMEIMPROVEMENT,D,8000,14.91,0.06,Y,6,0
12176,51,71520,RENT,0.0,VENTURE,C,6000,13.11,0.09,Y,20,0
12177,29,46000,RENT,6.0,EDUCATION,C,7000,13.23,0.15,Y,6,0
12178,27,64000,RENT,4.0,DEBTCONSOLIDATION,B,10000,10.37,0.16,N,5,0
12179,24,33000,MORTGAGE,7.0,PERSONAL,C,9800,15.96,0.3,N,2,1
12180,29,150000,MORTGAGE,9.0,DEBTCONSOLIDATION,C,18000,12.99,0.12,Y,6,0
12181,22,60000,RENT,2.0,VENTURE,A,7000,8.49,0.12,N,3,0
12182,27,46500,RENT,1.0,DEBTCONSOLIDATION,D,8000,15.99,0.17,Y,7,1
12183,24,58000,RENT,5.0,DEBTCONSOLIDATION,B,3500,11.99,0.06,N,4,0
12184,25,65000,MORTGAGE,0.0,EDUCATION,A,15000,6.17,0.23,N,4,0
12185,23,120000,MORTGAGE,7.0,MEDICAL,B,14400,10.25,0.12,N,2,0
12186,23,48000,MORTGAGE,7.0,MEDICAL,A,7000,6.92,0.15,N,3,0
12187,26,47000,RENT,2.0,EDUCATION,B,5000,11.71,0.11,N,3,0
12188,27,105000,MORTGAGE,11.0,EDUCATION,C,18000,13.23,0.17,N,5,0
12189,25,60000,MORTGAGE,7.0,HOMEIMPROVEMENT,B,24250,12.53,0.4,N,3,0
12190,22,48000,MORTGAGE,4.0,PERSONAL,D,9600,14.96,0.2,N,2,0
12191,29,50000,RENT,6.0,VENTURE,A,4075,5.42,0.08,N,10,0
12192,24,54000,RENT,5.0,VENTURE,C,12000,14.27,0.22,Y,4,0
12193,29,90000,MORTGAGE,13.0,EDUCATION,A,10000,8.63,0.11,N,5,0
12194,38,60000,MORTGAGE,6.0,MEDICAL,A,9250,5.79,0.15,N,12,0
12195,26,75000,MORTGAGE,6.0,HOMEIMPROVEMENT,B,13200,9.99,0.18,N,4,0
12196,27,80000,MORTGAGE,4.0,EDUCATION,A,12000,6.91,0.15,N,6,0
12197,24,57600,RENT,1.0,DEBTCONSOLIDATION,C,2400,12.29,0.04,N,2,0
12198,28,53000,RENT,9.0,PERSONAL,E,15000,16.45,0.28,Y,6,0
12199,22,36000,OWN,1.0,VENTURE,B,8000,11.48,0.22,N,3,0
12200,23,90000,RENT,3.0,DEBTCONSOLIDATION,B,7000,10.65,0.08,N,4,0
12201,28,130000,MORTGAGE,12.0,VENTURE,A,8000,7.14,0.06,N,10,0
12202,32,37000,MORTGAGE,3.0,DEBTCONSOLIDATION,A,17500,6.62,0.47,N,6,0
12203,33,45000,RENT,2.0,MEDICAL,B,3600,9.91,0.08,N,6,0
12204,24,57000,MORTGAGE,1.0,DEBTCONSOLIDATION,D,10000,16.89,0.18,Y,2,1
12205,29,47000,RENT,13.0,MEDICAL,B,7000,9.91,0.15,N,7,0
12206,28,25000,MORTGAGE,0.0,HOMEIMPROVEMENT,B,4200,10.99,0.17,N,6,1
12207,24,55000,RENT,1.0,VENTURE,B,8500,11.58,0.15,N,3,0
12208,29,36000,MORTGAGE,1.0,PERSONAL,C,2500,12.61,0.07,Y,5,0
12209,26,90000,RENT,10.0,MEDICAL,B,15600,11.49,0.17,N,2,0
12210,27,85000,MORTGAGE,2.0,EDUCATION,C,14000,13.49,0.16,Y,6,0
12211,22,27000,RENT,2.0,EDUCATION,A,4200,6.99,0.15,N,4,0
12212,42,156000,RENT,10.0,MEDICAL,A,10000,7.68,0.06,N,13,0
12213,25,26400,MORTGAGE,1.0,MEDICAL,B,7800,10.99,0.3,N,3,0
12214,29,45000,OWN,0.0,EDUCATION,B,11000,12.53,0.24,N,5,0
12215,23,68000,MORTGAGE,7.0,EDUCATION,C,16000,14.27,0.24,N,4,0
12216,23,85000,MORTGAGE,7.0,EDUCATION,A,4200,9.32,0.05,N,2,0
12217,27,85000,MORTGAGE,11.0,VENTURE,A,3200,6.99,0.04,N,10,0
12218,24,55000,RENT,2.0,EDUCATION,A,1000,7.88,0.02,N,2,0
12219,23,34404,RENT,2.0,HOMEIMPROVEMENT,A,7500,7.37,0.22,N,2,1
12220,28,60000,MORTGAGE,3.0,DEBTCONSOLIDATION,A,5000,7.88,0.08,N,5,0
12221,22,55000,RENT,6.0,MEDICAL,C,12000,12.61,0.22,N,3,0
12222,23,78000,MORTGAGE,7.0,PERSONAL,B,25000,10.62,0.32,N,2,0
12223,23,105000,MORTGAGE,8.0,EDUCATION,B,10000,9.88,0.1,N,2,0
12224,29,22000,RENT,3.0,VENTURE,B,5000,10.38,0.23,N,5,0
12225,29,50000,RENT,4.0,VENTURE,B,6000,10.0,0.12,N,9,0
12226,23,30000,MORTGAGE,7.0,VENTURE,A,9050,7.29,0.3,N,3,0
12227,27,30000,RENT,4.0,PERSONAL,B,10000,10.74,0.33,N,10,1
12228,24,130000,MORTGAGE,8.0,PERSONAL,A,4000,6.76,0.03,N,2,0
12229,25,31000,RENT,1.0,MEDICAL,B,4000,10.74,0.13,N,3,0
12230,33,60000,RENT,1.0,HOMEIMPROVEMENT,C,9000,12.84,0.15,Y,5,0
12231,32,40000,RENT,7.0,PERSONAL,B,4000,12.69,0.1,N,6,0
12232,21,39900,RENT,0.0,EDUCATION,C,7000,12.99,0.18,Y,2,0
12233,23,48800,MORTGAGE,5.0,PERSONAL,B,15000,10.37,0.31,N,3,0
12234,22,105000,MORTGAGE,0.0,VENTURE,A,12350,7.74,0.12,N,2,0
12235,33,70000,RENT,4.0,MEDICAL,B,12000,12.53,0.17,N,9,0
12236,22,50000,RENT,6.0,PERSONAL,B,6000,12.21,0.12,N,3,0
12237,25,63000,RENT,3.0,VENTURE,B,12000,10.37,0.19,N,3,0
12238,30,39996,RENT,1.0,VENTURE,C,5000,12.53,0.13,N,5,0
12239,22,40000,RENT,0.0,EDUCATION,A,3000,6.92,0.07,N,4,0
12240,27,54000,RENT,2.0,HOMEIMPROVEMENT,B,10000,11.71,0.19,N,7,1
12241,23,38004,RENT,2.0,MEDICAL,B,8000,10.75,0.21,N,2,0
12242,23,72000,MORTGAGE,7.0,MEDICAL,C,8000,13.22,0.11,N,4,0
12243,23,100000,MORTGAGE,4.0,EDUCATION,C,10000,14.26,0.1,Y,3,0
12244,21,45000,RENT,5.0,EDUCATION,A,6000,7.9,0.13,N,2,0
12245,23,46800,MORTGAGE,7.0,PERSONAL,A,2800,7.49,0.06,N,2,0
12246,22,50000,OWN,6.0,VENTURE,B,3500,11.49,0.07,N,3,0
12247,21,24000,RENT,0.0,HOMEIMPROVEMENT,D,7000,14.96,0.29,Y,2,1
12248,28,78000,MORTGAGE,12.0,HOMEIMPROVEMENT,C,18000,13.23,0.23,N,7,0
12249,22,36000,RENT,7.0,PERSONAL,B,8000,10.65,0.22,N,2,0
12250,22,55000,RENT,6.0,MEDICAL,B,8000,11.49,0.15,N,4,0
12251,30,64000,MORTGAGE,4.0,MEDICAL,A,5000,6.62,0.08,N,8,0
12252,21,75000,MORTGAGE,5.0,VENTURE,A,6000,7.51,0.08,N,3,0
12253,25,70000,MORTGAGE,6.0,PERSONAL,C,15000,13.11,0.21,Y,3,0
12254,23,60000,OWN,5.0,VENTURE,B,15000,11.83,0.25,N,4,0
12255,24,65000,MORTGAGE,8.0,PERSONAL,B,3000,11.36,0.05,N,3,0
12256,22,50000,MORTGAGE,6.0,MEDICAL,B,12000,9.88,0.24,N,4,0
12257,27,56888,MORTGAGE,5.0,MEDICAL,D,7000,16.77,0.11,N,6,1
12258,25,60000,MORTGAGE,6.0,HOMEIMPROVEMENT,A,3600,5.42,0.06,N,2,0
12259,24,49000,OWN,8.0,EDUCATION,A,6000,6.62,0.12,N,3,0
12260,29,45000,RENT,3.0,MEDICAL,B,10800,10.74,0.24,N,8,0
12261,22,98400,MORTGAGE,6.0,DEBTCONSOLIDATION,C,8000,12.68,0.08,N,3,0
12262,54,105000,MORTGAGE,7.0,PERSONAL,C,20000,12.99,0.19,N,20,0
12263,25,140000,RENT,3.0,VENTURE,D,14000,14.46,0.1,N,2,0
12264,22,30000,RENT,0.0,PERSONAL,C,14500,13.16,0.47,Y,4,1
12265,23,30000,RENT,2.0,DEBTCONSOLIDATION,D,5500,15.31,0.18,N,4,1
12266,25,60000,MORTGAGE,9.0,DEBTCONSOLIDATION,A,7500,5.42,0.13,N,2,0
12267,29,48000,OWN,1.0,HOMEIMPROVEMENT,A,8000,6.99,0.17,N,7,0
12268,31,30000,RENT,2.0,MEDICAL,A,2000,7.49,0.07,N,8,0
12269,24,72800,RENT,2.0,HOMEIMPROVEMENT,C,20000,12.84,0.27,N,2,0
12270,25,63000,MORTGAGE,9.0,EDUCATION,C,7000,12.98,0.11,N,3,0
12271,43,80000,MORTGAGE,1.0,VENTURE,B,7800,11.49,0.09,N,11,0
12272,24,86400,MORTGAGE,2.0,DEBTCONSOLIDATION,A,5000,7.29,0.06,N,2,0
12273,37,88000,MORTGAGE,21.0,VENTURE,B,10000,10.65,0.11,N,14,0
12274,25,57000,RENT,3.0,DEBTCONSOLIDATION,A,11525,7.49,0.2,N,4,0
12275,28,75996,MORTGAGE,6.0,HOMEIMPROVEMENT,C,10000,13.99,0.13,Y,6,1
12276,25,65000,RENT,1.0,VENTURE,A,4500,8.49,0.07,N,2,0
12277,31,41800,RENT,2.0,EDUCATION,A,14000,8.49,0.31,N,8,1
12278,28,55000,MORTGAGE,3.0,VENTURE,B,10500,11.48,0.19,N,5,0
12279,23,30000,RENT,7.0,EDUCATION,C,6400,13.92,0.21,Y,3,0
12280,24,75000,RENT,5.0,HOMEIMPROVEMENT,A,6000,5.99,0.08,N,4,0
12281,37,88800,OWN,10.0,PERSONAL,A,10000,5.99,0.11,N,16,0
12282,25,44000,RENT,2.0,VENTURE,D,10000,14.11,0.23,Y,4,1
12283,24,48000,RENT,0.0,PERSONAL,C,13500,13.11,0.28,Y,2,0
12284,40,28800,RENT,1.0,VENTURE,A,7000,7.49,0.25,N,13,0
12285,24,32000,RENT,0.0,MEDICAL,C,6500,13.49,0.2,N,4,0
12286,22,85000,RENT,3.0,EDUCATION,B,3000,11.83,0.04,N,3,0
12287,24,120000,MORTGAGE,2.0,VENTURE,D,14400,17.58,0.12,N,3,0
12288,29,125000,MORTGAGE,8.0,MEDICAL,A,12500,8.49,0.1,N,10,0
12289,31,120000,OWN,15.0,VENTURE,B,12000,8.88,0.1,N,9,0
12290,27,50000,MORTGAGE,5.0,DEBTCONSOLIDATION,A,15000,7.51,0.3,N,6,0
12291,22,42000,OWN,3.0,VENTURE,B,7200,10.99,0.17,N,3,0
12292,21,75000,MORTGAGE,2.0,VENTURE,C,6000,15.06,0.08,Y,3,0
12293,29,60000,MORTGAGE,2.0,EDUCATION,B,10000,9.63,0.17,N,7,0
12294,22,42000,MORTGAGE,5.0,EDUCATION,B,15000,11.49,0.36,N,3,0
12295,22,64000,RENT,6.0,MEDICAL,B,10000,11.71,0.16,N,2,0
12296,27,70000,MORTGAGE,0.0,VENTURE,A,3000,8.32,0.04,N,7,0
12297,24,60000,RENT,1.0,EDUCATION,C,8000,12.53,0.13,N,3,0
12298,29,33600,MORTGAGE,12.0,DEBTCONSOLIDATION,B,3000,10.38,0.09,N,8,0
12299,22,80000,MORTGAGE,6.0,EDUCATION,A,5000,7.4,0.06,N,2,0
12300,29,35000,MORTGAGE,13.0,MEDICAL,B,10000,11.49,0.29,N,8,0
12301,22,125000,MORTGAGE,3.0,VENTURE,C,30000,13.8,0.24,N,3,0
12302,30,34000,MORTGAGE,4.0,EDUCATION,C,3000,13.57,0.09,Y,6,1
12303,22,40000,MORTGAGE,3.0,EDUCATION,A,5000,7.9,0.13,N,2,0
12304,29,80000,MORTGAGE,13.0,HOMEIMPROVEMENT,A,7000,6.03,0.09,N,10,0
12305,23,121200,MORTGAGE,2.0,VENTURE,A,12000,7.88,0.09,N,2,0
12306,29,42000,MORTGAGE,4.0,PERSONAL,B,16000,9.99,0.36,N,7,0
12307,26,54000,MORTGAGE,2.0,EDUCATION,D,8000,14.96,0.15,Y,2,0
12308,22,54000,MORTGAGE,6.0,EDUCATION,C,4000,12.23,0.07,N,4,0
12309,30,77000,MORTGAGE,8.0,EDUCATION,A,10000,5.79,0.13,N,6,0
12310,24,25000,MORTGAGE,4.0,DEBTCONSOLIDATION,A,6000,8.94,0.24,N,2,0
12311,27,70000,MORTGAGE,6.0,VENTURE,A,5000,7.88,0.07,N,5,0
12312,22,34400,RENT,3.0,MEDICAL,B,4000,10.99,0.12,N,2,0
12313,24,38556,RENT,8.0,VENTURE,B,13500,10.0,0.35,N,2,1
12314,36,120000,OWN,2.0,VENTURE,B,25000,10.38,0.21,N,13,0
12315,24,62400,MORTGAGE,5.0,HOMEIMPROVEMENT,A,15000,8.9,0.24,N,3,0
12316,23,92500,RENT,2.0,VENTURE,C,9500,13.49,0.11,Y,2,0
12317,23,33000,RENT,0.0,MEDICAL,D,4000,14.96,0.12,Y,4,1
12318,47,64000,RENT,21.0,HOMEIMPROVEMENT,A,6000,6.03,0.09,N,13,0
12319,29,150000,MORTGAGE,4.0,EDUCATION,B,25000,9.99,0.17,N,5,0
12320,23,60000,MORTGAGE,7.0,MEDICAL,B,5000,10.36,0.08,N,4,0
12321,22,50000,MORTGAGE,6.0,PERSONAL,A,10000,6.91,0.2,N,2,0
12322,28,34000,RENT,5.0,EDUCATION,B,5500,10.65,0.17,N,8,1
12323,24,90000,RENT,3.0,PERSONAL,B,16000,10.62,0.18,N,3,0
12324,30,200000,MORTGAGE,14.0,PERSONAL,A,10000,7.49,0.05,N,8,0
12325,22,46000,RENT,4.0,DEBTCONSOLIDATION,B,8000,10.25,0.19,N,3,0
12326,23,45000,MORTGAGE,2.0,PERSONAL,D,6000,14.96,0.13,Y,2,1
12327,26,77000,MORTGAGE,7.0,PERSONAL,A,4200,7.68,0.06,N,2,0
12328,37,60000,MORTGAGE,2.0,EDUCATION,A,8000,7.51,0.13,N,12,0
12329,22,47000,RENT,0.0,EDUCATION,B,15000,11.11,0.32,N,2,1
12330,26,65000,RENT,0.0,VENTURE,C,3500,13.49,0.05,N,4,0
12331,28,75000,OWN,3.0,MEDICAL,B,12000,10.99,0.16,N,8,0
12332,21,48000,RENT,2.0,EDUCATION,B,10000,12.42,0.21,N,2,0
12333,40,82000,OWN,10.0,EDUCATION,B,10000,9.99,0.12,N,11,0
12334,23,44000,MORTGAGE,7.0,DEBTCONSOLIDATION,C,4000,13.11,0.09,N,4,1
12335,21,32400,RENT,1.0,HOMEIMPROVEMENT,B,9200,12.69,0.28,N,3,1
12336,26,72000,MORTGAGE,10.0,EDUCATION,A,10000,7.51,0.14,N,3,0
12337,21,33996,RENT,2.0,MEDICAL,D,5000,14.96,0.14,N,2,1
12338,41,62500,RENT,2.0,EDUCATION,A,12000,6.91,0.19,N,11,0
12339,28,72000,RENT,3.0,MEDICAL,B,18000,10.75,0.25,N,6,0
12340,25,65000,MORTGAGE,3.0,VENTURE,A,10000,7.66,0.15,N,4,0
12341,26,51600,MORTGAGE,10.0,HOMEIMPROVEMENT,C,8500,12.29,0.16,N,2,1
12342,31,100000,MORTGAGE,15.0,VENTURE,A,15000,8.94,0.15,N,7,0
12343,25,30000,RENT,3.0,PERSONAL,B,3000,11.12,0.1,N,4,0
12344,30,90000,RENT,1.0,HOMEIMPROVEMENT,B,10000,12.69,0.11,N,5,0
12345,24,76000,RENT,5.0,HOMEIMPROVEMENT,A,14000,7.9,0.18,N,3,0
12346,35,36000,RENT,2.0,VENTURE,B,14000,10.62,0.4,N,9,1
12347,28,132000,MORTGAGE,2.0,VENTURE,A,11200,6.99,0.09,N,6,0
12348,30,140000,MORTGAGE,12.0,DEBTCONSOLIDATION,B,12000,10.99,0.09,N,9,0
12349,25,57000,RENT,3.0,DEBTCONSOLIDATION,A,6500,7.14,0.12,N,2,0
12350,29,40000,MORTGAGE,3.0,MEDICAL,A,6400,7.88,0.16,N,9,0
12351,23,91644,MORTGAGE,7.0,EDUCATION,B,14500,10.99,0.15,N,3,0
12352,22,28800,RENT,0.0,VENTURE,B,3200,11.11,0.11,N,2,0
12353,28,75000,MORTGAGE,12.0,DEBTCONSOLIDATION,A,4000,7.29,0.05,N,9,0
12354,26,85000,MORTGAGE,2.0,VENTURE,C,20000,14.27,0.24,Y,3,0
12355,24,65000,RENT,3.0,HOMEIMPROVEMENT,D,12600,15.2,0.2,Y,2,0
12356,26,40000,RENT,3.0,DEBTCONSOLIDATION,A,10000,5.99,0.25,N,3,0
12357,25,100000,MORTGAGE,9.0,DEBTCONSOLIDATION,A,10400,7.49,0.11,N,2,0
12358,27,92000,RENT,7.0,HOMEIMPROVEMENT,B,10000,10.59,0.11,N,8,0
12359,22,44760,OWN,6.0,MEDICAL,A,6000,5.42,0.13,N,4,0
12360,26,72000,RENT,8.0,VENTURE,C,25000,12.73,0.35,N,4,1
12361,26,37820,MORTGAGE,5.0,MEDICAL,B,6300,10.99,0.17,N,4,0
12362,36,46000,RENT,9.0,MEDICAL,A,7000,7.88,0.15,N,13,0
12363,28,84000,MORTGAGE,12.0,HOMEIMPROVEMENT,B,1000,10.36,0.01,N,8,0
12364,25,40000,MORTGAGE,4.0,MEDICAL,B,12000,12.18,0.3,N,4,0
12365,35,54000,RENT,18.0,VENTURE,D,10000,16.29,0.19,Y,9,0
12366,23,32918,MORTGAGE,7.0,DEBTCONSOLIDATION,D,8000,14.54,0.24,Y,3,1
12367,42,50000,OWN,3.0,PERSONAL,A,5000,7.49,0.1,N,17,0
12368,23,85000,RENT,0.0,DEBTCONSOLIDATION,C,18000,13.49,0.21,N,2,0
12369,31,31000,RENT,3.0,HOMEIMPROVEMENT,D,12000,15.7,0.39,Y,5,1
12370,27,60000,RENT,11.0,MEDICAL,A,6000,7.51,0.1,N,10,0
12371,24,47000,OWN,3.0,MEDICAL,A,14400,7.66,0.3,N,3,0
12372,30,35000,RENT,0.0,MEDICAL,B,10000,12.21,0.29,N,8,0
12373,30,55000,OWN,6.0,EDUCATION,C,15000,15.27,0.27,N,6,0
12374,24,87988,MORTGAGE,3.0,EDUCATION,A,5000,7.88,0.06,N,2,0
12375,23,65000,RENT,1.0,EDUCATION,B,10000,9.99,0.15,N,4,0
12376,44,69000,RENT,6.0,HOMEIMPROVEMENT,B,4000,9.91,0.06,N,14,1
12377,42,80000,OWN,8.0,PERSONAL,B,5000,9.99,0.06,N,12,0
12378,29,60000,MORTGAGE,5.0,PERSONAL,A,14000,7.88,0.23,N,5,0
12379,28,100000,MORTGAGE,1.0,MEDICAL,B,15000,11.83,0.15,N,10,0
12380,37,83000,MORTGAGE,6.0,EDUCATION,C,3000,12.99,0.04,N,17,0
12381,35,49200,MORTGAGE,6.0,VENTURE,A,2500,6.17,0.05,N,5,0
12382,21,60000,RENT,5.0,EDUCATION,A,9000,7.88,0.15,N,4,0
12383,22,35000,RENT,6.0,VENTURE,B,5000,11.71,0.14,N,2,0
12384,24,35000,RENT,1.0,EDUCATION,A,10000,7.88,0.29,N,2,0
12385,31,42000,RENT,2.0,PERSONAL,C,8000,14.17,0.19,Y,6,0
12386,28,75000,RENT,5.0,HOMEIMPROVEMENT,A,13000,7.88,0.16,N,8,0
12387,28,54000,RENT,3.0,HOMEIMPROVEMENT,D,10000,14.96,0.19,N,6,0
12388,22,25000,RENT,4.0,DEBTCONSOLIDATION,A,8800,6.03,0.36,N,2,1
12389,25,60000,RENT,2.0,EDUCATION,C,10000,13.57,0.17,N,3,0
12390,23,55000,MORTGAGE,7.0,PERSONAL,A,5000,5.42,0.09,N,2,0
12391,24,78000,MORTGAGE,0.0,DEBTCONSOLIDATION,C,5000,13.99,0.06,N,2,0
12392,29,54000,RENT,7.0,VENTURE,C,10000,13.06,0.19,Y,9,0
12393,37,79000,MORTGAGE,11.0,HOMEIMPROVEMENT,D,20000,14.59,0.25,Y,11,0
12394,33,24000,RENT,1.0,DEBTCONSOLIDATION,A,7000,7.66,0.29,N,5,0
12395,25,90000,RENT,3.0,VENTURE,B,16000,11.12,0.18,N,3,0
12396,25,50000,RENT,0.0,DEBTCONSOLIDATION,C,5000,13.11,0.1,N,2,0
12397,25,108000,MORTGAGE,3.0,VENTURE,B,24250,12.53,0.23,N,3,0
12398,32,25000,OWN,0.0,MEDICAL,D,5000,15.65,0.2,N,9,0
12399,24,30000,RENT,2.0,MEDICAL,A,3600,7.74,0.12,N,4,0
12400,27,52000,OWN,2.0,MEDICAL,C,4800,15.23,0.09,N,6,0
12401,30,60000,MORTGAGE,8.0,PERSONAL,A,10000,7.51,0.17,N,5,0
12402,24,33996,RENT,3.0,EDUCATION,D,10000,14.84,0.29,Y,4,1
12403,24,108000,RENT,3.0,DEBTCONSOLIDATION,B,5000,10.36,0.05,N,3,0
12404,25,1839784,RENT,0.0,VENTURE,A,8000,8.0,0.04,N,3,0
12405,25,45000,MORTGAGE,5.0,MEDICAL,C,9600,14.65,0.21,N,2,0
12406,27,95000,MORTGAGE,11.0,HOMEIMPROVEMENT,A,5000,7.68,0.05,N,5,0
12407,27,32000,MORTGAGE,4.0,EDUCATION,B,12250,10.99,0.38,N,8,0
12408,23,38400,RENT,7.0,EDUCATION,A,8000,7.66,0.21,N,2,0
12409,31,100000,RENT,2.0,PERSONAL,A,12000,7.88,0.12,N,10,0
12410,27,60000,RENT,5.0,VENTURE,B,15000,10.25,0.25,N,9,0
12411,24,54996,RENT,8.0,EDUCATION,A,6000,5.79,0.11,N,2,0
12412,26,80000,MORTGAGE,3.0,DEBTCONSOLIDATION,A,6000,7.51,0.07,N,2,0
12413,22,45000,MORTGAGE,4.0,VENTURE,A,14000,7.88,0.31,N,4,0
12414,26,66000,RENT,3.0,EDUCATION,A,8550,6.62,0.13,N,2,0
12415,23,100000,RENT,0.0,PERSONAL,A,4500,7.74,0.04,N,4,0
12416,41,100000,MORTGAGE,4.0,HOMEIMPROVEMENT,D,12000,15.05,0.12,Y,12,0
12417,30,96000,RENT,4.0,EDUCATION,B,25000,10.75,0.26,N,10,0
12418,32,100000,RENT,4.0,EDUCATION,B,7200,11.71,0.07,N,7,0
12419,23,34560,MORTGAGE,3.0,EDUCATION,B,10000,10.59,0.29,N,4,0
12420,27,70000,MORTGAGE,6.0,DEBTCONSOLIDATION,A,6000,5.42,0.09,N,7,0
12421,37,30000,RENT,2.0,EDUCATION,C,5000,14.22,0.17,N,17,0
12422,22,27996,RENT,3.0,EDUCATION,B,5000,9.25,0.18,N,2,0
12423,40,40000,RENT,2.0,EDUCATION,A,12000,7.9,0.3,N,11,0
12424,23,38000,RENT,6.0,DEBTCONSOLIDATION,C,12500,13.47,0.32,N,2,1
12425,22,90000,MORTGAGE,6.0,PERSONAL,B,10000,11.99,0.11,N,4,0
12426,42,106000,MORTGAGE,5.0,VENTURE,B,24000,10.99,0.23,N,12,0
12427,24,28800,RENT,1.0,DEBTCONSOLIDATION,B,8500,11.83,0.3,N,4,0
12428,35,165000,RENT,4.0,DEBTCONSOLIDATION,B,10000,10.99,0.06,N,6,0
12429,24,65000,MORTGAGE,1.0,VENTURE,A,10000,9.63,0.15,N,3,0
12430,31,50000,RENT,5.0,DEBTCONSOLIDATION,B,10000,11.71,0.2,N,5,0
12431,25,120000,MORTGAGE,4.0,PERSONAL,A,8000,7.29,0.07,N,3,0
12432,36,38000,RENT,0.0,VENTURE,B,13200,11.48,0.35,N,16,1
12433,24,42000,RENT,2.0,VENTURE,A,7200,7.49,0.17,N,4,0
12434,24,48000,MORTGAGE,8.0,MEDICAL,C,6000,13.49,0.13,N,4,0
12435,22,36996,MORTGAGE,0.0,EDUCATION,B,9600,11.89,0.27,N,2,0
12436,33,34860,MORTGAGE,4.0,PERSONAL,C,2000,13.49,0.06,Y,5,0
12437,24,40000,RENT,5.0,VENTURE,B,5500,10.99,0.14,N,3,0
12438,26,83004,MORTGAGE,2.0,MEDICAL,B,24250,11.86,0.27,N,3,0
12439,31,72000,MORTGAGE,8.0,PERSONAL,D,7500,6.0,0.1,N,5,0
12440,31,50000,RENT,9.0,VENTURE,B,6000,10.0,0.12,N,10,0
12441,27,51996,RENT,1.0,PERSONAL,C,2000,13.16,0.04,Y,8,0
12442,23,35000,RENT,0.0,MEDICAL,C,6000,14.65,0.17,Y,3,0
12443,28,45000,RENT,1.0,EDUCATION,A,7000,6.99,0.16,N,8,0
12444,27,50000,RENT,2.0,PERSONAL,C,8000,14.65,0.16,N,9,0
12445,28,50000,RENT,0.0,HOMEIMPROVEMENT,B,3000,11.48,0.06,N,10,1
12446,22,30000,MORTGAGE,2.0,PERSONAL,B,7200,9.76,0.24,N,2,0
12447,37,46000,RENT,3.0,MEDICAL,A,8000,5.42,0.17,N,15,0
12448,22,29004,RENT,3.0,MEDICAL,B,1500,10.95,0.05,N,3,1
12449,25,33000,RENT,2.0,MEDICAL,D,7750,15.65,0.23,Y,3,1
12450,23,45000,RENT,2.0,EDUCATION,C,1800,12.99,0.04,Y,4,0
12451,23,32000,RENT,5.0,EDUCATION,A,9600,5.42,0.3,N,3,0
12452,69,26400,RENT,3.0,MEDICAL,B,6000,11.48,0.23,N,20,0
12453,29,44000,RENT,5.0,MEDICAL,D,10000,16.77,0.23,Y,9,1
12454,24,60000,MORTGAGE,6.0,HOMEIMPROVEMENT,A,5125,5.99,0.09,N,2,0
12455,30,45000,RENT,7.0,MEDICAL,C,5600,13.85,0.12,N,9,0
12456,22,50000,MORTGAGE,0.0,EDUCATION,A,6000,7.9,0.12,N,4,0
12457,27,38000,RENT,5.0,PERSONAL,B,3000,10.37,0.08,N,9,0
12458,33,45000,MORTGAGE,0.0,VENTURE,B,7500,10.39,0.17,N,7,0
12459,21,35000,RENT,5.0,MEDICAL,A,5000,7.37,0.14,N,3,0
12460,27,90000,RENT,0.0,DEBTCONSOLIDATION,A,10000,6.17,0.11,N,10,0
12461,37,69996,RENT,1.0,DEBTCONSOLIDATION,C,7000,11.66,0.1,Y,13,0
12462,22,55000,OWN,0.0,PERSONAL,A,1275,6.91,0.02,N,3,0
12463,29,45000,RENT,1.0,PERSONAL,A,14550,7.88,0.32,N,7,1
12464,26,72000,MORTGAGE,10.0,MEDICAL,D,13750,15.95,0.18,Y,2,1
12465,36,50000,MORTGAGE,5.0,PERSONAL,A,8000,5.79,0.16,N,17,0
12466,22,36000,RENT,4.0,EDUCATION,C,5300,13.22,0.15,N,3,0
12467,29,120000,MORTGAGE,3.0,MEDICAL,A,12000,7.51,0.1,N,6,0
12468,22,120000,MORTGAGE,4.0,EDUCATION,C,10000,12.73,0.08,N,3,0
12469,27,80000,MORTGAGE,11.0,VENTURE,A,7500,7.49,0.09,N,8,0
12470,23,70000,MORTGAGE,4.0,EDUCATION,D,7500,16.29,0.1,Y,4,0
12471,28,90000,RENT,4.0,HOMEIMPROVEMENT,A,20000,6.91,0.2,N,10,0
12472,31,90000,RENT,3.0,MEDICAL,B,15000,12.42,0.17,N,7,0
12473,27,67392,RENT,11.0,DEBTCONSOLIDATION,B,12000,11.71,0.18,N,6,0
12474,22,40000,RENT,0.0,VENTURE,A,10000,5.79,0.25,N,2,0
12475,22,33000,RENT,0.0,DEBTCONSOLIDATION,B,4000,11.86,0.12,N,2,0
12476,33,45000,OWN,0.0,HOMEIMPROVEMENT,A,14000,6.62,0.31,N,7,0
12477,24,55000,OTHER,2.0,EDUCATION,A,10000,7.49,0.18,N,3,0
12478,29,48000,MORTGAGE,2.0,MEDICAL,A,10000,7.88,0.21,N,5,0
12479,23,120000,MORTGAGE,7.0,PERSONAL,A,10000,5.99,0.08,N,3,0
12480,33,32000,RENT,2.0,HOMEIMPROVEMENT,F,2500,18.43,0.08,Y,8,1
12481,34,40800,MORTGAGE,0.0,HOMEIMPROVEMENT,D,10400,15.7,0.25,N,7,0
12482,26,75000,RENT,0.0,EDUCATION,B,12000,11.71,0.16,N,3,0
12483,26,24000,RENT,2.0,EDUCATION,B,1500,9.62,0.06,N,2,0
12484,30,115000,RENT,0.0,HOMEIMPROVEMENT,C,10000,13.49,0.09,N,6,0
12485,53,44000,RENT,0.0,PERSONAL,B,1800,10.99,0.04,N,21,1
12486,24,36000,RENT,2.0,VENTURE,A,6000,7.88,0.17,N,2,0
12487,34,130000,OWN,10.0,MEDICAL,B,12000,9.91,0.09,N,7,0
12488,23,85000,RENT,0.0,EDUCATION,B,12000,11.71,0.14,N,2,0
12489,25,25920,OWN,0.0,VENTURE,A,4000,8.49,0.16,N,3,0
12490,23,70000,RENT,4.0,EDUCATION,D,8000,14.46,0.11,Y,3,0
12491,30,80000,MORTGAGE,11.0,HOMEIMPROVEMENT,C,9000,13.92,0.11,N,10,0
12492,25,150000,RENT,9.0,DEBTCONSOLIDATION,B,22000,10.37,0.15,N,3,0
12493,27,68000,RENT,2.0,PERSONAL,B,10000,9.91,0.15,N,10,0
12494,27,72000,RENT,6.0,MEDICAL,C,14400,12.99,0.2,N,10,0
12495,25,72000,OWN,9.0,PERSONAL,A,6000,7.88,0.08,N,2,0
12496,22,108000,RENT,7.0,EDUCATION,C,4200,14.72,0.04,Y,2,0
12497,33,54000,RENT,7.0,HOMEIMPROVEMENT,A,10000,7.66,0.19,N,7,0
12498,27,115000,MORTGAGE,1.0,HOMEIMPROVEMENT,D,25000,14.96,0.22,N,10,0
12499,22,100000,MORTGAGE,3.0,VENTURE,B,10000,10.65,0.1,N,3,0
12500,24,50000,RENT,1.0,MEDICAL,C,8000,12.23,0.16,Y,3,0
12501,43,72000,RENT,4.0,VENTURE,B,1000,10.99,0.01,N,16,0
12502,28,35000,RENT,2.0,VENTURE,B,9600,11.14,0.27,N,9,0
12503,23,57000,MORTGAGE,7.0,MEDICAL,B,6000,10.99,0.11,N,2,0
12504,22,35000,RENT,2.0,PERSONAL,C,7000,13.16,0.2,Y,4,0
12505,26,42000,RENT,3.0,MEDICAL,B,5000,10.74,0.12,N,4,0
12506,23,68000,MORTGAGE,7.0,EDUCATION,A,4200,7.29,0.06,N,4,0
12507,22,30000,RENT,0.0,EDUCATION,B,8400,11.86,0.27,N,4,0
12508,23,60000,MORTGAGE,7.0,EDUCATION,B,9000,10.99,0.15,N,2,0
12509,32,50000,RENT,2.0,PERSONAL,B,10000,10.37,0.2,N,8,0
12510,23,32000,MORTGAGE,3.0,VENTURE,A,2500,5.42,0.07,N,4,0
12511,24,42000,RENT,2.0,DEBTCONSOLIDATION,B,4800,10.99,0.11,N,2,0
12512,27,37000,MORTGAGE,7.0,EDUCATION,B,7500,10.36,0.2,N,6,0
12513,25,60000,MORTGAGE,9.0,EDUCATION,B,5000,10.0,0.08,N,3,0
12514,25,9600,RENT,1.0,DEBTCONSOLIDATION,B,1200,11.14,0.13,N,2,0
12515,25,70000,MORTGAGE,5.0,HOMEIMPROVEMENT,C,10000,12.99,0.14,N,2,0
12516,27,70000,MORTGAGE,2.0,DEBTCONSOLIDATION,C,16000,15.23,0.23,N,9,0
12517,29,36000,MORTGAGE,2.0,HOMEIMPROVEMENT,A,3000,7.66,0.08,N,6,0
12518,30,69000,MORTGAGE,6.0,MEDICAL,A,5000,5.79,0.07,N,10,0
12519,33,70000,MORTGAGE,6.0,DEBTCONSOLIDATION,A,5500,5.99,0.08,N,8,0
12520,31,84000,RENT,1.0,MEDICAL,A,9000,6.54,0.11,N,5,0
12521,24,55000,RENT,0.0,VENTURE,B,4000,11.26,0.07,N,4,0
12522,22,50000,RENT,3.0,PERSONAL,B,10000,10.65,0.2,N,2,0
12523,27,56000,RENT,6.0,DEBTCONSOLIDATION,B,12000,10.65,0.21,N,10,0
12524,23,57000,RENT,0.0,DEBTCONSOLIDATION,A,9500,5.79,0.17,N,2,0
12525,33,75000,MORTGAGE,3.0,PERSONAL,C,20000,13.06,0.27,N,5,0
12526,22,30000,RENT,3.0,EDUCATION,C,15000,12.53,0.5,N,3,1
12527,25,105000,MORTGAGE,9.0,MEDICAL,A,12000,7.88,0.11,N,4,0
12528,27,60000,MORTGAGE,4.0,DEBTCONSOLIDATION,B,12000,11.36,0.2,N,9,0
12529,25,35000,RENT,2.0,MEDICAL,B,5000,11.71,0.14,N,2,0
12530,25,65000,MORTGAGE,4.0,EDUCATION,D,18000,16.07,0.28,N,4,0
12531,36,120000,MORTGAGE,3.0,PERSONAL,A,10000,5.42,0.08,N,12,0
12532,29,19200,RENT,2.0,MEDICAL,D,4000,16.77,0.21,Y,10,1
12533,22,43920,MORTGAGE,6.0,PERSONAL,A,6000,7.14,0.14,N,2,1
12534,27,60000,MORTGAGE,6.0,MEDICAL,A,10000,6.03,0.17,N,6,0
12535,21,30000,RENT,5.0,PERSONAL,A,5000,7.49,0.17,N,3,0
12536,24,112000,RENT,8.0,DEBTCONSOLIDATION,B,5000,12.69,0.04,N,2,0
12537,24,80000,MORTGAGE,8.0,VENTURE,A,24000,7.49,0.3,N,4,0
12538,27,58000,RENT,11.0,HOMEIMPROVEMENT,D,10000,17.58,0.17,Y,6,0
12539,48,58000,RENT,7.0,MEDICAL,B,9000,10.59,0.16,N,11,0
12540,22,39000,RENT,1.0,VENTURE,D,8000,16.07,0.21,Y,2,1
12541,38,18000,RENT,1.0,VENTURE,B,2400,12.69,0.13,N,14,0
12542,31,60996,MORTGAGE,9.0,PERSONAL,A,8500,6.92,0.14,N,5,0
12543,22,84000,RENT,6.0,HOMEIMPROVEMENT,A,8000,8.0,0.09,N,4,1
12544,29,60000,OWN,6.0,VENTURE,B,10000,9.88,0.17,N,10,0
12545,47,65000,MORTGAGE,1.0,HOMEIMPROVEMENT,C,14400,11.54,0.22,N,12,0
12546,24,50000,RENT,8.0,EDUCATION,C,7000,15.96,0.14,Y,2,0
12547,30,112000,RENT,9.0,EDUCATION,D,9000,15.62,0.08,N,8,0
12548,22,48000,RENT,2.0,EDUCATION,B,4200,10.37,0.09,N,3,0
12549,31,60000,RENT,4.0,MEDICAL,A,8400,7.49,0.14,N,5,0
12550,24,40000,RENT,5.0,MEDICAL,B,4000,12.69,0.1,N,4,0
12551,23,75000,RENT,3.0,VENTURE,C,24000,12.84,0.32,N,3,1
12552,30,40000,RENT,8.0,MEDICAL,B,5000,9.88,0.13,N,10,0
12553,29,60000,MORTGAGE,13.0,MEDICAL,A,7000,8.49,0.12,N,5,0
12554,34,28000,RENT,2.0,PERSONAL,A,9500,7.51,0.33,N,6,1
12555,23,100000,MORTGAGE,7.0,DEBTCONSOLIDATION,A,14000,6.03,0.14,N,3,0
12556,26,24000,RENT,2.0,MEDICAL,B,3000,11.99,0.13,N,3,0
12557,22,54000,RENT,3.0,MEDICAL,C,13000,12.53,0.24,N,2,1
12558,24,39996,RENT,1.0,EDUCATION,B,6000,12.42,0.15,N,3,0
12559,25,57000,MORTGAGE,5.0,HOMEIMPROVEMENT,A,13000,7.51,0.23,N,3,0
12560,21,24996,RENT,4.0,DEBTCONSOLIDATION,B,2000,11.49,0.08,N,3,0
12561,24,60000,RENT,8.0,MEDICAL,C,2000,14.79,0.03,Y,4,0
12562,25,60000,RENT,1.0,EDUCATION,B,5000,10.25,0.08,N,4,0
12563,26,58650,MORTGAGE,3.0,EDUCATION,A,5000,6.17,0.07,N,4,1
12564,28,78200,RENT,12.0,MEDICAL,E,20000,16.4,0.22,Y,5,1
12565,25,35000,RENT,2.0,DEBTCONSOLIDATION,A,5000,7.88,0.14,N,3,0
12566,29,43625,RENT,1.0,DEBTCONSOLIDATION,B,1300,11.11,0.03,N,8,0
12567,32,90000,MORTGAGE,12.0,EDUCATION,C,6000,13.49,0.07,N,8,0
12568,24,65935,RENT,4.0,MEDICAL,D,24000,14.96,0.33,N,3,1
12569,22,39600,RENT,1.0,EDUCATION,B,10000,10.99,0.25,N,2,0
12570,32,42000,RENT,4.0,VENTURE,B,10000,10.38,0.24,N,10,0
12571,28,66000,MORTGAGE,12.0,EDUCATION,D,15000,15.31,0.23,N,6,1
12572,27,68000,MORTGAGE,11.0,HOMEIMPROVEMENT,A,10750,7.51,0.16,N,5,0
12573,23,60000,MORTGAGE,7.0,MEDICAL,A,7000,5.79,0.12,N,3,0
12574,24,55000,MORTGAGE,8.0,PERSONAL,B,7500,12.53,0.14,N,4,0
12575,30,95000,MORTGAGE,3.0,DEBTCONSOLIDATION,D,25000,14.09,0.26,N,6,1
12576,26,140300,MORTGAGE,8.0,PERSONAL,A,12000,7.51,0.09,N,4,0
12577,54,225000,RENT,12.0,DEBTCONSOLIDATION,A,7000,7.49,0.03,N,20,0
12578,22,60000,MORTGAGE,6.0,EDUCATION,A,6400,7.88,0.11,N,3,0
12579,31,50000,RENT,2.0,EDUCATION,E,7000,18.64,0.14,N,5,1
12580,24,40800,OWN,3.0,EDUCATION,B,5000,8.88,0.12,N,3,0
12581,24,20000,RENT,0.0,PERSONAL,A,5000,6.91,0.25,N,4,0
12582,22,65000,MORTGAGE,5.0,EDUCATION,B,4300,11.99,0.07,N,4,0
12583,29,74600,MORTGAGE,4.0,DEBTCONSOLIDATION,E,25000,16.45,0.29,Y,8,1
12584,33,153000,OWN,1.0,EDUCATION,A,17600,7.9,0.12,N,8,0
12585,29,57000,MORTGAGE,4.0,HOMEIMPROVEMENT,A,8000,5.99,0.14,N,6,0
12586,35,110000,MORTGAGE,6.0,MEDICAL,A,5000,6.99,0.05,N,10,0
12587,27,96000,MORTGAGE,4.0,VENTURE,B,12000,11.99,0.13,N,9,0
12588,24,111280,RENT,3.0,EDUCATION,B,12000,9.99,0.11,N,4,0
12589,29,54000,RENT,3.0,MEDICAL,D,2000,14.42,0.04,N,6,1
12590,22,68000,RENT,6.0,MEDICAL,B,10000,12.69,0.15,N,3,0
12591,22,100000,RENT,3.0,EDUCATION,B,2400,9.62,0.02,N,2,0
12592,37,59000,RENT,0.0,MEDICAL,D,10000,15.65,0.17,N,17,1
12593,28,50000,RENT,1.0,EDUCATION,B,3000,10.75,0.06,N,5,0
12594,29,28800,RENT,2.0,PERSONAL,B,5000,12.21,0.17,N,8,1
12595,25,36000,MORTGAGE,3.0,DEBTCONSOLIDATION,B,2500,9.91,0.07,N,3,0
12596,34,40000,RENT,0.0,EDUCATION,A,4800,7.51,0.12,N,5,0
12597,24,83004,MORTGAGE,8.0,VENTURE,A,5000,6.76,0.06,N,3,0
12598,28,69996,MORTGAGE,12.0,PERSONAL,B,14000,11.11,0.2,N,7,0
12599,33,22800,RENT,0.0,PERSONAL,B,9000,12.53,0.39,N,6,1
12600,24,34000,RENT,4.0,PERSONAL,B,1600,12.18,0.05,N,2,1
12601,22,85100,MORTGAGE,6.0,DEBTCONSOLIDATION,A,8000,6.62,0.09,N,2,0
12602,23,100000,RENT,2.0,PERSONAL,B,9600,11.89,0.1,N,4,0
12603,26,51996,MORTGAGE,1.0,VENTURE,C,18000,13.98,0.35,N,2,1
12604,22,92000,MORTGAGE,6.0,VENTURE,B,10000,9.63,0.11,N,3,0
12605,30,49700,MORTGAGE,2.0,MEDICAL,A,5000,7.68,0.1,N,8,1
12606,25,50000,RENT,3.0,PERSONAL,D,7000,14.61,0.14,Y,2,0
12607,26,48756,RENT,6.0,DEBTCONSOLIDATION,C,4800,14.79,0.1,N,2,1
12608,22,30000,RENT,0.0,MEDICAL,B,3000,12.42,0.1,N,4,0
12609,26,62900,OWN,4.0,MEDICAL,D,8000,14.96,0.11,N,2,1
12610,30,510000,MORTGAGE,2.0,PERSONAL,B,1800,9.01,0.04,N,9,0
12611,26,54000,MORTGAGE,10.0,MEDICAL,C,12000,12.61,0.22,Y,4,0
12612,31,120000,MORTGAGE,15.0,MEDICAL,A,16000,6.03,0.13,N,9,0
12613,21,29000,MORTGAGE,0.0,VENTURE,B,2400,12.53,0.09,N,2,1
12614,23,50000,MORTGAGE,7.0,PERSONAL,B,15000,10.25,0.3,N,3,0
12615,25,31200,MORTGAGE,9.0,HOMEIMPROVEMENT,E,7400,19.69,0.24,N,2,1
12616,23,57000,MORTGAGE,7.0,MEDICAL,B,20000,10.25,0.35,N,3,1
12617,26,68000,RENT,1.0,HOMEIMPROVEMENT,B,10000,10.74,0.15,N,3,0
12618,26,79200,MORTGAGE,9.0,VENTURE,E,15000,18.39,0.2,Y,3,0
12619,25,85850,MORTGAGE,9.0,MEDICAL,C,35000,13.49,0.37,Y,2,1
12620,28,72000,MORTGAGE,1.0,PERSONAL,A,12000,6.17,0.17,N,10,0
12621,23,40000,RENT,3.0,EDUCATION,B,4000,12.69,0.1,N,4,0
12622,26,14400,RENT,2.0,VENTURE,C,4000,14.79,0.28,Y,4,1
12623,32,64000,RENT,3.0,DEBTCONSOLIDATION,B,18000,9.99,0.28,N,6,1
12624,31,100000,MORTGAGE,3.0,HOMEIMPROVEMENT,A,10000,6.17,0.1,N,7,0
12625,24,40000,RENT,2.0,EDUCATION,B,3000,10.25,0.07,N,3,0
12626,33,35000,RENT,0.0,VENTURE,B,6000,11.86,0.17,N,8,0
12627,26,38400,RENT,0.0,MEDICAL,C,10000,13.47,0.26,Y,3,0
12628,47,45000,RENT,3.0,DEBTCONSOLIDATION,B,6000,10.0,0.13,N,16,0
12629,24,41004,OTHER,8.0,EDUCATION,A,10000,9.32,0.24,N,4,0
12630,24,28800,RENT,0.0,EDUCATION,C,7000,13.49,0.23,N,2,0
12631,24,100000,RENT,1.0,HOMEIMPROVEMENT,C,15000,14.27,0.15,N,2,0
12632,37,100000,MORTGAGE,15.0,PERSONAL,B,18000,10.75,0.18,N,13,0
12633,22,58000,MORTGAGE,6.0,VENTURE,D,2750,15.62,0.05,Y,2,0
12634,22,48000,RENT,3.0,MEDICAL,A,16750,7.9,0.35,N,4,1
12635,29,68004,RENT,2.0,PERSONAL,B,15000,11.86,0.22,N,9,0
12636,28,45000,OWN,11.0,VENTURE,A,9000,7.14,0.2,N,7,0
12637,24,30000,RENT,1.0,MEDICAL,E,16000,14.5,0.5,N,2,1
12638,32,61000,MORTGAGE,21.0,VENTURE,B,12000,11.49,0.2,N,6,0
12639,24,42996,RENT,5.0,MEDICAL,C,7200,15.96,0.17,N,2,0
12640,39,75000,MORTGAGE,9.0,MEDICAL,A,4000,7.51,0.05,N,13,0
12641,26,114600,RENT,3.0,VENTURE,A,5000,7.9,0.04,N,4,0
12642,60,90000,RENT,0.0,MEDICAL,B,7200,11.71,0.08,N,18,0
12643,24,70000,MORTGAGE,8.0,VENTURE,B,6000,9.99,0.09,N,2,0
12644,24,90000,MORTGAGE,8.0,DEBTCONSOLIDATION,A,18000,7.9,0.2,N,4,0
12645,29,50000,MORTGAGE,5.0,MEDICAL,A,10000,7.49,0.2,N,10,0
12646,33,60000,RENT,6.0,HOMEIMPROVEMENT,B,7000,10.37,0.12,N,5,0
12647,25,45000,RENT,1.0,MEDICAL,B,18200,10.36,0.4,N,4,1
12648,22,30000,RENT,5.0,VENTURE,B,5000,11.49,0.17,N,4,0
12649,23,33600,RENT,2.0,MEDICAL,B,11000,9.91,0.33,N,2,1
12650,29,46700,MORTGAGE,3.0,HOMEIMPROVEMENT,C,9000,13.48,0.19,N,6,0
12651,27,24000,RENT,4.0,DEBTCONSOLIDATION,A,10000,8.9,0.42,N,8,1
12652,22,70000,MORTGAGE,6.0,MEDICAL,A,11400,6.54,0.16,N,4,0
12653,22,59000,RENT,4.0,EDUCATION,A,14000,6.54,0.24,N,4,0
12654,25,50000,MORTGAGE,9.0,PERSONAL,B,8000,10.0,0.16,N,3,0
12655,23,45000,RENT,0.0,MEDICAL,B,4800,11.36,0.11,N,3,0
12656,22,60000,RENT,0.0,EDUCATION,A,3000,7.9,0.05,N,3,0
12657,28,100000,MORTGAGE,2.0,PERSONAL,B,10000,11.89,0.1,N,7,0
12658,32,50000,RENT,4.0,HOMEIMPROVEMENT,A,8000,6.62,0.16,N,6,0
12659,31,130000,MORTGAGE,4.0,HOMEIMPROVEMENT,B,12000,9.91,0.09,N,10,0
12660,23,72000,MORTGAGE,7.0,VENTURE,A,8000,7.49,0.11,N,3,0
12661,27,120000,RENT,2.0,PERSONAL,C,10000,13.99,0.08,N,6,0
12662,24,50000,MORTGAGE,8.0,DEBTCONSOLIDATION,A,5000,7.74,0.1,N,3,0
12663,21,25200,RENT,5.0,HOMEIMPROVEMENT,C,7000,13.48,0.28,N,2,1
12664,29,63000,RENT,6.0,MEDICAL,B,12000,11.71,0.19,N,5,0
12665,23,33000,RENT,6.0,EDUCATION,A,8125,8.0,0.25,N,2,0
12666,24,120000,RENT,8.0,MEDICAL,A,10000,8.94,0.08,N,3,0
12667,22,49000,RENT,6.0,MEDICAL,A,4800,7.88,0.1,N,4,0
12668,28,37000,MORTGAGE,4.0,HOMEIMPROVEMENT,A,10000,8.59,0.27,N,9,0
12669,25,58000,MORTGAGE,3.0,EDUCATION,B,15000,11.83,0.26,N,4,0
12670,26,30000,RENT,7.0,PERSONAL,A,10000,7.49,0.33,N,2,1
12671,21,33900,MORTGAGE,2.0,EDUCATION,C,3600,12.53,0.11,N,4,0
12672,27,24000,RENT,7.0,MEDICAL,B,4000,10.37,0.17,N,6,0
12673,34,75531,MORTGAGE,0.0,PERSONAL,B,18000,11.11,0.24,N,8,0
12674,36,140000,MORTGAGE,18.0,DEBTCONSOLIDATION,B,9000,11.99,0.06,N,17,0
12675,34,58650,MORTGAGE,5.0,MEDICAL,E,6200,16.77,0.1,N,6,1
12676,48,69000,MORTGAGE,14.0,DEBTCONSOLIDATION,A,25000,6.99,0.36,N,11,1
12677,28,68000,RENT,12.0,EDUCATION,B,3000,11.49,0.04,N,9,0
12678,29,140000,MORTGAGE,2.0,VENTURE,C,12000,13.57,0.09,N,6,0
12679,22,40000,RENT,6.0,PERSONAL,B,7000,11.71,0.17,N,2,0
12680,34,55000,RENT,7.0,DEBTCONSOLIDATION,B,6500,10.99,0.12,N,9,0
12681,28,90000,MORTGAGE,4.0,VENTURE,D,24000,14.96,0.27,N,10,0
12682,25,74004,RENT,1.0,EDUCATION,E,20000,15.95,0.27,N,3,1
12683,23,95004,MORTGAGE,8.0,EDUCATION,A,5000,8.59,0.05,N,4,0
12684,22,50426,RENT,1.0,EDUCATION,C,4200,14.22,0.08,Y,4,0
12685,27,62000,RENT,0.0,HOMEIMPROVEMENT,A,10000,8.94,0.16,N,9,0
12686,25,58000,MORTGAGE,9.0,DEBTCONSOLIDATION,C,18500,13.99,0.31,Y,3,1
12687,23,62000,RENT,3.0,MEDICAL,B,6000,10.25,0.1,N,2,0
12688,21,30000,RENT,2.0,PERSONAL,C,9000,13.61,0.3,Y,4,0
12689,29,74778,MORTGAGE,13.0,MEDICAL,C,6000,13.98,0.08,N,8,0
12690,23,50026,MORTGAGE,2.0,EDUCATION,B,2000,10.74,0.04,N,3,0
12691,22,55000,RENT,6.0,EDUCATION,C,1000,13.49,0.02,N,2,0
12692,26,59000,RENT,8.0,PERSONAL,B,8500,12.69,0.15,N,4,0
12693,36,145000,MORTGAGE,15.0,HOMEIMPROVEMENT,C,10000,13.49,0.07,N,14,0
12694,22,37000,MORTGAGE,0.0,PERSONAL,A,9000,7.14,0.24,N,2,0
12695,24,28800,RENT,4.0,MEDICAL,B,7500,10.99,0.26,N,4,0
12696,22,50000,MORTGAGE,3.0,VENTURE,B,10400,10.0,0.21,N,4,0
12697,43,45000,RENT,0.0,MEDICAL,C,4000,12.61,0.09,Y,13,0
12698,35,74000,MORTGAGE,19.0,MEDICAL,B,2500,10.99,0.03,N,7,0
12699,39,49000,RENT,0.0,DEBTCONSOLIDATION,D,5000,15.62,0.1,N,14,1
12700,25,70000,RENT,5.0,VENTURE,B,4000,10.59,0.06,N,3,0
12701,23,42000,MORTGAGE,7.0,EDUCATION,D,6000,15.62,0.14,Y,4,0
12702,26,100000,MORTGAGE,2.0,VENTURE,A,16000,7.9,0.16,N,4,0
12703,31,80000,MORTGAGE,5.0,PERSONAL,C,10000,13.49,0.13,N,6,0
12704,23,97000,RENT,8.0,DEBTCONSOLIDATION,A,6400,6.99,0.07,N,3,0
12705,25,60000,RENT,4.0,DEBTCONSOLIDATION,A,12000,7.9,0.2,N,3,0
12706,27,50000,RENT,1.0,DEBTCONSOLIDATION,B,6000,12.69,0.12,N,9,0
12707,27,30000,RENT,2.0,EDUCATION,D,5000,15.7,0.17,Y,9,1
12708,25,55000,RENT,5.0,EDUCATION,B,6600,9.99,0.12,N,2,0
12709,26,54000,RENT,1.0,PERSONAL,C,9000,14.79,0.17,Y,3,0
12710,35,51996,MORTGAGE,1.0,VENTURE,C,1500,13.85,0.03,N,10,0
12711,32,48000,RENT,5.0,PERSONAL,A,10000,7.14,0.21,N,10,0
12712,28,60000,RENT,1.0,MEDICAL,C,10000,12.73,0.17,N,9,0
12713,28,65000,MORTGAGE,12.0,DEBTCONSOLIDATION,D,6500,15.99,0.1,Y,10,1
12714,22,54000,RENT,6.0,VENTURE,B,10000,9.91,0.19,N,3,0
12715,28,75000,MORTGAGE,12.0,VENTURE,A,12000,6.03,0.16,N,6,0
12716,26,110000,MORTGAGE,0.0,VENTURE,A,5000,9.63,0.05,N,4,0
12717,23,80000,RENT,7.0,DEBTCONSOLIDATION,B,18000,10.99,0.23,N,4,0
12718,23,80000,MORTGAGE,5.0,EDUCATION,A,9000,7.49,0.11,N,3,0
12719,32,29000,RENT,5.0,MEDICAL,C,4000,14.65,0.14,N,7,0
12720,23,46150,RENT,1.0,EDUCATION,D,6500,15.28,0.14,Y,4,1
12721,43,138000,MORTGAGE,4.0,MEDICAL,C,9900,12.99,0.07,N,13,0
12722,29,60000,MORTGAGE,11.0,HOMEIMPROVEMENT,A,4000,7.88,0.07,N,9,0
12723,26,54000,RENT,10.0,MEDICAL,C,11200,14.26,0.21,Y,2,1
12724,24,55000,RENT,3.0,EDUCATION,C,3600,14.72,0.07,Y,3,1
12725,28,49000,RENT,3.0,MEDICAL,C,5000,13.49,0.1,Y,10,1
12726,28,33000,RENT,0.0,MEDICAL,A,5000,6.91,0.15,N,8,0
12727,25,50000,RENT,5.0,EDUCATION,C,2000,13.43,0.04,Y,2,0
12728,26,54000,MORTGAGE,0.0,HOMEIMPROVEMENT,A,9000,6.03,0.17,N,3,0
12729,40,32004,RENT,2.0,VENTURE,A,5000,9.32,0.16,N,14,0
12730,33,60000,MORTGAGE,12.0,MEDICAL,C,10000,13.57,0.17,Y,10,1
12731,27,75000,MORTGAGE,11.0,HOMEIMPROVEMENT,A,18000,7.14,0.24,N,6,0
12732,23,30000,RENT,2.0,DEBTCONSOLIDATION,B,7000,11.99,0.23,N,2,1
12733,32,176000,RENT,6.0,MEDICAL,A,2400,7.4,0.01,N,9,0
12734,27,43200,RENT,6.0,VENTURE,C,3000,13.8,0.07,N,10,0
12735,24,45000,MORTGAGE,5.0,MEDICAL,A,10000,7.88,0.22,N,4,0
12736,27,160000,RENT,0.0,EDUCATION,A,17000,7.88,0.11,N,6,0
12737,30,71400,RENT,2.0,VENTURE,C,15000,15.96,0.21,Y,10,1
12738,25,40000,RENT,9.0,EDUCATION,D,8000,16.77,0.2,N,4,0
12739,26,55845,MORTGAGE,8.0,MEDICAL,D,20000,16.07,0.31,Y,2,1
12740,37,44000,RENT,2.0,PERSONAL,A,4000,7.88,0.09,N,14,0
12741,22,75000,MORTGAGE,6.0,VENTURE,A,5000,6.99,0.07,N,4,0
12742,23,75000,MORTGAGE,3.0,DEBTCONSOLIDATION,B,6000,11.49,0.08,N,4,0
12743,42,54000,RENT,9.0,PERSONAL,A,10000,6.17,0.19,N,12,0
12744,22,65000,MORTGAGE,6.0,DEBTCONSOLIDATION,B,15000,12.21,0.23,N,3,0
12745,30,46500,RENT,9.0,DEBTCONSOLIDATION,D,22500,14.59,0.48,Y,5,1
12746,28,112200,MORTGAGE,10.0,DEBTCONSOLIDATION,A,6800,5.79,0.06,N,8,0
12747,27,60000,RENT,2.0,HOMEIMPROVEMENT,B,5000,11.71,0.08,N,9,0
12748,22,65000,RENT,3.0,VENTURE,A,7000,8.9,0.11,N,4,0
12749,21,68000,MORTGAGE,0.0,PERSONAL,A,14000,7.51,0.21,N,4,0
12750,23,38400,RENT,7.0,EDUCATION,A,4000,7.29,0.1,N,4,0
12751,22,40000,RENT,5.0,DEBTCONSOLIDATION,A,4000,7.9,0.1,N,2,0
12752,23,115154,RENT,7.0,VENTURE,C,3000,14.27,0.03,Y,4,0
12753,24,120000,MORTGAGE,3.0,DEBTCONSOLIDATION,B,18400,9.91,0.15,N,2,0
12754,24,36000,MORTGAGE,0.0,VENTURE,A,7000,7.74,0.19,N,4,0
12755,25,35360,MORTGAGE,9.0,EDUCATION,A,10000,9.32,0.28,N,4,0
12756,23,40000,RENT,0.0,VENTURE,A,12000,7.9,0.3,N,3,0
12757,23,65000,RENT,3.0,MEDICAL,A,7000,7.49,0.11,N,3,0
12758,28,39456,OWN,7.0,VENTURE,A,8500,6.62,0.21,N,6,0
12759,29,94836,MORTGAGE,11.0,EDUCATION,A,15000,7.49,0.17,N,7,0
12760,22,40000,RENT,0.0,DEBTCONSOLIDATION,B,4000,10.37,0.1,N,2,0
12761,27,49200,RENT,4.0,EDUCATION,C,10000,13.23,0.2,N,8,0
12762,23,50000,MORTGAGE,3.0,VENTURE,A,4800,7.14,0.1,N,3,0
12763,23,60000,RENT,0.0,MEDICAL,B,7800,10.71,0.13,N,2,0
12764,22,54000,RENT,6.0,MEDICAL,A,5000,7.88,0.09,N,4,0
12765,27,40000,RENT,2.0,MEDICAL,B,4000,10.75,0.1,N,6,0
12766,27,48000,MORTGAGE,5.0,DEBTCONSOLIDATION,C,7000,12.73,0.15,N,5,0
12767,23,50000,MORTGAGE,0.0,VENTURE,B,1200,11.48,0.02,N,4,0
12768,22,45000,MORTGAGE,6.0,MEDICAL,B,12000,11.71,0.27,N,3,0
12769,24,42000,RENT,2.0,DEBTCONSOLIDATION,C,5000,14.65,0.12,N,4,0
12770,28,140000,RENT,12.0,MEDICAL,C,10000,11.97,0.07,Y,5,0
12771,25,43200,RENT,9.0,PERSONAL,A,3000,7.51,0.07,N,4,0
12772,22,45000,RENT,2.0,EDUCATION,A,8000,7.51,0.18,N,3,0
12773,32,75000,MORTGAGE,4.0,PERSONAL,A,6000,5.79,0.08,N,6,0
12774,23,60000,RENT,5.0,DEBTCONSOLIDATION,A,2400,8.63,0.04,N,2,0
12775,21,95000,RENT,5.0,VENTURE,B,10000,9.91,0.11,N,2,0
12776,21,50000,RENT,5.0,EDUCATION,A,8000,7.88,0.16,N,4,0
12777,33,150000,MORTGAGE,3.0,PERSONAL,C,10000,12.99,0.07,Y,9,0
12778,23,80000,MORTGAGE,7.0,EDUCATION,C,12000,14.35,0.15,N,2,0
12779,34,25000,RENT,2.0,VENTURE,B,1200,9.91,0.05,N,6,0
12780,27,36000,OWN,5.0,MEDICAL,C,12000,13.79,0.33,Y,8,0
12781,30,41004,MORTGAGE,5.0,MEDICAL,C,16000,13.79,0.39,Y,6,0
12782,23,50000,MORTGAGE,2.0,EDUCATION,A,10500,6.03,0.21,N,4,0
12783,27,40000,RENT,2.0,VENTURE,B,3000,10.25,0.07,N,8,0
12784,22,70000,RENT,6.0,PERSONAL,B,15000,11.89,0.21,N,4,0
12785,22,60000,MORTGAGE,6.0,EDUCATION,A,12000,5.79,0.2,N,4,0
12786,22,55000,MORTGAGE,6.0,EDUCATION,B,8000,10.25,0.15,N,3,0
12787,36,60000,RENT,0.0,VENTURE,B,2000,10.99,0.03,N,13,0
12788,35,60000,MORTGAGE,1.0,EDUCATION,A,5000,6.62,0.08,N,10,0
12789,26,50000,RENT,4.0,MEDICAL,A,5000,7.88,0.1,N,4,0
12790,22,90000,MORTGAGE,2.0,MEDICAL,B,5000,11.36,0.05,N,4,0
12791,27,75000,MORTGAGE,11.0,HOMEIMPROVEMENT,A,7000,7.9,0.09,N,5,0
12792,22,33000,RENT,3.0,PERSONAL,D,10000,15.21,0.29,N,3,1
12793,26,78000,RENT,0.0,EDUCATION,A,20000,8.9,0.26,N,3,0
12794,22,61000,RENT,6.0,DEBTCONSOLIDATION,A,2000,7.9,0.03,N,3,0
12795,22,42000,RENT,2.0,EDUCATION,A,3500,6.62,0.08,N,2,0
12796,24,50000,RENT,1.0,PERSONAL,B,1000,10.74,0.02,N,2,0
12797,23,24000,RENT,1.0,PERSONAL,A,4000,7.75,0.17,N,3,0
12798,24,34000,RENT,8.0,DEBTCONSOLIDATION,A,10000,7.88,0.29,N,2,0
12799,59,82000,MORTGAGE,14.0,PERSONAL,C,5000,14.65,0.06,N,19,0
12800,40,63000,MORTGAGE,0.0,MEDICAL,B,10000,10.74,0.16,N,14,0
12801,21,26004,MORTGAGE,4.0,VENTURE,A,7000,7.88,0.27,N,3,0
12802,28,40000,MORTGAGE,12.0,EDUCATION,A,5000,5.42,0.13,N,6,0
12803,40,54000,MORTGAGE,10.0,PERSONAL,A,6000,7.14,0.11,N,12,0
12804,21,36000,RENT,3.0,EDUCATION,C,11300,13.61,0.31,N,4,0
12805,44,30000,RENT,3.0,MEDICAL,B,11200,12.69,0.37,N,14,1
12806,30,45000,OWN,8.0,EDUCATION,B,13000,12.69,0.29,N,6,0
12807,24,37000,RENT,2.0,PERSONAL,C,8000,13.49,0.22,N,2,0
12808,36,88824,MORTGAGE,8.0,DEBTCONSOLIDATION,A,4500,7.51,0.05,N,14,0
12809,21,24000,RENT,0.0,MEDICAL,A,4000,7.9,0.17,N,3,0
12810,26,65000,OWN,11.0,VENTURE,D,7000,17.49,0.11,Y,2,0
12811,23,47840,RENT,8.0,VENTURE,B,13000,12.42,0.27,N,4,0
12812,41,143000,RENT,6.0,PERSONAL,D,25000,15.21,0.17,N,17,1
12813,38,47000,RENT,5.0,PERSONAL,A,6000,7.66,0.13,N,14,0
12814,27,67000,RENT,2.0,DEBTCONSOLIDATION,C,12000,14.26,0.18,N,5,0
12815,32,110000,MORTGAGE,5.0,DEBTCONSOLIDATION,A,6000,8.59,0.05,N,6,0
12816,28,29000,MORTGAGE,6.0,MEDICAL,D,5000,15.33,0.17,Y,6,1
12817,27,72000,MORTGAGE,0.0,VENTURE,B,15000,11.58,0.21,N,6,0
12818,29,37000,RENT,13.0,MEDICAL,B,14000,9.91,0.35,N,8,1
12819,24,49000,RENT,0.0,HOMEIMPROVEMENT,D,9500,14.11,0.2,Y,4,1
12820,27,79618,RENT,11.0,DEBTCONSOLIDATION,A,7000,7.14,0.09,N,7,0
12821,39,73000,MORTGAGE,7.0,EDUCATION,C,25000,13.47,0.33,N,15,0
12822,22,60000,RENT,5.0,EDUCATION,B,14125,12.42,0.24,N,2,0
12823,21,40000,MORTGAGE,2.0,MEDICAL,B,3000,9.91,0.07,N,4,0
12824,32,85000,MORTGAGE,16.0,HOMEIMPROVEMENT,A,10000,6.03,0.12,N,5,0
12825,27,24000,OWN,3.0,MEDICAL,A,6000,7.49,0.25,N,9,0
12826,42,40000,OWN,0.0,PERSONAL,B,3600,10.37,0.09,N,14,0
12827,22,45000,MORTGAGE,6.0,PERSONAL,A,5000,7.14,0.11,N,3,0
12828,24,70000,MORTGAGE,8.0,MEDICAL,B,5000,10.99,0.07,N,3,0
12829,21,45000,RENT,5.0,VENTURE,A,2500,6.99,0.06,N,2,0
12830,23,66000,RENT,0.0,MEDICAL,B,10000,11.86,0.15,N,2,0
12831,22,45000,MORTGAGE,1.0,VENTURE,A,18250,7.9,0.4,N,2,0
12832,42,38060,MORTGAGE,0.0,MEDICAL,C,2500,13.35,0.07,N,12,0
12833,24,52800,RENT,3.0,PERSONAL,A,5000,6.76,0.09,N,3,0
12834,25,61584,RENT,8.0,PERSONAL,B,15000,11.71,0.24,N,2,0
12835,32,100000,MORTGAGE,3.0,PERSONAL,A,10000,7.66,0.1,N,9,0
12836,26,56000,MORTGAGE,1.0,VENTURE,D,4800,15.28,0.09,N,3,0
12837,26,86004,MORTGAGE,0.0,HOMEIMPROVEMENT,A,12000,5.79,0.14,N,4,0
12838,22,70000,MORTGAGE,4.0,VENTURE,B,12000,11.49,0.17,N,3,0
12839,24,68000,OTHER,3.0,EDUCATION,B,3000,12.18,0.04,N,4,0
12840,24,45000,RENT,0.0,VENTURE,B,5000,10.39,0.11,N,2,0
12841,38,85000,RENT,6.0,VENTURE,C,5000,12.61,0.06,Y,16,0
12842,22,58175,RENT,2.0,MEDICAL,F,20000,18.09,0.34,Y,2,1
12843,24,125000,RENT,0.0,PERSONAL,A,15000,7.49,0.12,N,2,0
12844,40,54996,RENT,1.0,VENTURE,B,14000,10.37,0.25,N,15,0
12845,22,64800,RENT,6.0,EDUCATION,E,6600,17.19,0.1,N,3,0
12846,24,75000,RENT,6.0,PERSONAL,B,12000,11.48,0.16,N,2,0
12847,24,60000,OWN,3.0,VENTURE,B,20000,10.74,0.33,N,3,0
12848,25,43000,MORTGAGE,2.0,MEDICAL,D,2000,14.96,0.05,Y,2,1
12849,27,55000,MORTGAGE,11.0,MEDICAL,A,5000,6.03,0.09,N,10,0
12850,23,60000,RENT,4.0,VENTURE,A,10000,7.14,0.17,N,3,0
12851,33,36000,MORTGAGE,3.0,MEDICAL,C,3000,15.23,0.08,N,7,1
12852,28,60000,MORTGAGE,12.0,EDUCATION,A,4500,7.51,0.07,N,9,0
12853,28,48996,RENT,1.0,PERSONAL,D,3000,14.96,0.06,Y,5,1
12854,30,95000,RENT,2.0,VENTURE,B,15000,11.26,0.16,N,10,0
12855,30,75000,RENT,11.0,VENTURE,D,10000,15.31,0.13,Y,6,0
12856,28,76000,RENT,2.0,HOMEIMPROVEMENT,B,8000,10.65,0.11,N,5,0
12857,24,50000,MORTGAGE,8.0,DEBTCONSOLIDATION,D,2000,16.89,0.04,N,2,1
12858,27,50000,RENT,11.0,MEDICAL,C,10000,11.03,0.2,Y,9,0
12859,22,90000,MORTGAGE,5.0,EDUCATION,A,10000,7.51,0.11,N,3,0
12860,23,24290,RENT,0.0,VENTURE,A,3500,5.99,0.15,N,2,0
12861,25,50000,RENT,2.0,DEBTCONSOLIDATION,C,6000,11.34,0.12,Y,2,0
12862,23,85000,RENT,3.0,PERSONAL,A,7500,7.88,0.09,N,4,0
12863,23,42000,MORTGAGE,5.0,EDUCATION,D,1000,16.29,0.02,Y,4,0
12864,23,48000,RENT,7.0,DEBTCONSOLIDATION,B,4500,10.62,0.09,N,2,0
12865,26,60000,MORTGAGE,4.0,MEDICAL,C,1925,13.92,0.03,N,4,0
12866,27,90000,MORTGAGE,7.0,EDUCATION,B,15000,9.99,0.17,N,8,0
12867,27,65000,RENT,6.0,VENTURE,B,7000,9.62,0.11,N,7,0
12868,26,85000,MORTGAGE,9.0,EDUCATION,A,1000,7.49,0.01,N,3,0
12869,27,65000,RENT,0.0,VENTURE,A,3300,7.51,0.05,N,7,0
12870,33,28296,OWN,0.0,MEDICAL,A,5000,7.14,0.18,N,9,0
12871,30,50000,RENT,0.0,EDUCATION,E,20000,14.88,0.4,N,10,1
12872,23,75800,RENT,0.0,PERSONAL,A,7000,6.54,0.09,N,3,0
12873,27,35000,RENT,5.0,MEDICAL,B,6300,10.65,0.18,N,6,0
12874,23,74800,RENT,3.0,MEDICAL,E,16000,16.45,0.19,N,4,1
12875,32,90000,MORTGAGE,2.0,PERSONAL,A,20000,6.62,0.22,N,5,0
12876,26,39996,RENT,7.0,EDUCATION,B,2000,11.49,0.05,N,3,0
12877,57,69000,RENT,0.0,MEDICAL,E,6400,13.75,0.09,Y,24,0
12878,27,71000,RENT,5.0,MEDICAL,C,4200,15.23,0.06,N,6,0
12879,25,24000,RENT,2.0,DEBTCONSOLIDATION,D,7000,15.05,0.29,Y,3,1
12880,23,150000,MORTGAGE,7.0,EDUCATION,C,25000,13.61,0.17,N,4,0
12881,32,50000,RENT,2.0,PERSONAL,A,15000,7.88,0.3,N,9,0
12882,26,127500,MORTGAGE,0.0,PERSONAL,A,10000,6.03,0.08,N,2,0
12883,23,75000,MORTGAGE,0.0,PERSONAL,B,5500,8.88,0.07,N,3,0
12884,23,60000,RENT,2.0,PERSONAL,B,10000,10.65,0.17,N,3,0
12885,27,36000,RENT,0.0,EDUCATION,C,10800,13.06,0.32,Y,6,1
12886,23,34174,MORTGAGE,8.0,PERSONAL,A,9000,7.49,0.26,N,4,0
12887,28,56004,MORTGAGE,0.0,HOMEIMPROVEMENT,A,8000,8.0,0.15,N,5,0
12888,22,60000,MORTGAGE,6.0,EDUCATION,A,4000,6.99,0.07,N,4,0
12889,31,50000,MORTGAGE,4.0,VENTURE,A,5000,7.49,0.1,N,7,0
12890,26,40000,RENT,3.0,VENTURE,B,5000,11.99,0.13,N,3,0
12891,22,60000,RENT,6.0,PERSONAL,C,7850,12.98,0.13,Y,4,0
12892,24,70000,MORTGAGE,2.0,HOMEIMPROVEMENT,D,20000,14.09,0.29,N,4,0
12893,21,34000,RENT,0.0,DEBTCONSOLIDATION,A,10000,6.54,0.29,N,3,1
12894,27,40000,RENT,2.0,EDUCATION,B,16000,12.18,0.4,N,6,1
12895,25,92700,MORTGAGE,2.0,VENTURE,B,25000,11.71,0.27,N,4,0
12896,22,39996,RENT,7.0,EDUCATION,B,10000,9.25,0.25,N,3,0
12897,21,30000,RENT,2.0,DEBTCONSOLIDATION,C,12000,13.72,0.4,Y,4,1
12898,30,65000,MORTGAGE,7.0,HOMEIMPROVEMENT,B,10000,12.42,0.15,N,6,0
12899,22,50000,RENT,0.0,PERSONAL,A,12500,7.29,0.25,N,3,0
12900,24,60000,MORTGAGE,6.0,PERSONAL,F,8000,19.47,0.13,Y,3,1
12901,33,60000,MORTGAGE,13.0,VENTURE,B,10000,10.74,0.17,N,9,0
12902,24,30000,RENT,0.0,MEDICAL,A,5000,8.59,0.17,N,4,0
12903,24,54000,RENT,8.0,DEBTCONSOLIDATION,C,6500,13.22,0.13,N,3,0
12904,28,50000,MORTGAGE,5.0,VENTURE,A,5000,7.51,0.1,N,7,0
12905,29,35000,RENT,1.0,DEBTCONSOLIDATION,A,12000,7.9,0.34,N,6,1
12906,42,60000,RENT,0.0,PERSONAL,A,2000,7.29,0.03,N,15,0
12907,26,128000,RENT,3.0,VENTURE,B,24000,11.48,0.19,N,3,1
12908,32,125000,RENT,13.0,HOMEIMPROVEMENT,A,12000,7.88,0.1,N,9,0
12909,29,93600,RENT,1.0,PERSONAL,A,6000,7.88,0.06,N,10,0
12910,24,30000,RENT,2.0,HOMEIMPROVEMENT,A,13000,7.49,0.43,N,2,1
12911,28,75000,MORTGAGE,6.0,DEBTCONSOLIDATION,A,6000,7.49,0.08,N,9,0
12912,35,95000,MORTGAGE,9.0,VENTURE,B,17000,9.88,0.18,N,6,0
12913,25,43200,RENT,6.0,VENTURE,C,10000,13.49,0.23,N,2,0
12914,22,55000,RENT,6.0,PERSONAL,B,7500,9.76,0.14,N,4,0
12915,26,85000,MORTGAGE,1.0,PERSONAL,B,16000,10.59,0.19,N,3,0
12916,23,121000,MORTGAGE,4.0,EDUCATION,B,2500,8.88,0.02,N,3,0
12917,25,63000,RENT,4.0,DEBTCONSOLIDATION,B,1200,10.74,0.02,N,2,0
12918,24,54000,RENT,0.0,PERSONAL,D,10000,14.11,0.19,N,4,1
12919,38,120000,MORTGAGE,2.0,MEDICAL,B,14400,9.91,0.12,N,16,0
12920,37,90000,RENT,21.0,HOMEIMPROVEMENT,A,10000,7.49,0.11,N,13,0
12921,27,55000,MORTGAGE,2.0,HOMEIMPROVEMENT,B,16000,9.76,0.29,N,6,0
12922,33,75000,RENT,6.0,VENTURE,D,7200,17.58,0.09,N,9,0
12923,28,50000,RENT,12.0,PERSONAL,B,10000,12.69,0.2,N,7,0
12924,24,70000,RENT,7.0,EDUCATION,D,12000,16.77,0.17,Y,16,0
12925,30,636000,MORTGAGE,2.0,DEBTCONSOLIDATION,B,20000,11.48,0.03,N,5,0
12926,23,95000,RENT,2.0,VENTURE,B,15000,9.88,0.16,N,4,0
12927,24,85000,MORTGAGE,8.0,PERSONAL,A,4000,6.76,0.05,N,2,0
12928,26,59475,RENT,10.0,DEBTCONSOLIDATION,C,18500,12.87,0.29,Y,3,0
12929,24,70000,MORTGAGE,2.0,DEBTCONSOLIDATION,B,14000,11.36,0.2,N,4,0
12930,29,75000,MORTGAGE,5.0,MEDICAL,A,10000,7.49,0.13,N,9,0
12931,25,52000,RENT,0.0,DEBTCONSOLIDATION,A,4200,9.32,0.08,N,3,0
12932,23,100000,MORTGAGE,7.0,EDUCATION,B,6000,9.88,0.06,N,4,0
12933,25,92000,MORTGAGE,9.0,VENTURE,B,20000,12.42,0.22,N,3,0
12934,21,45000,OWN,0.0,MEDICAL,B,6000,10.28,0.13,N,2,0
12935,31,40000,RENT,2.0,DEBTCONSOLIDATION,C,14500,12.84,0.36,N,7,1
12936,30,72000,RENT,5.0,EDUCATION,D,6000,15.37,0.08,N,10,0
12937,25,70000,RENT,1.0,HOMEIMPROVEMENT,A,4800,7.9,0.07,N,3,0
12938,27,80000,RENT,11.0,EDUCATION,A,10000,8.94,0.12,N,9,0
12939,25,45600,RENT,2.0,VENTURE,B,5000,10.0,0.11,N,2,0
12940,27,55000,RENT,9.0,HOMEIMPROVEMENT,A,7000,8.59,0.13,N,10,0
12941,24,30000,MORTGAGE,1.0,MEDICAL,B,6625,12.69,0.22,N,4,0
12942,28,52000,MORTGAGE,7.0,PERSONAL,B,8000,10.0,0.15,N,9,0
12943,27,55000,RENT,3.0,HOMEIMPROVEMENT,C,3000,13.99,0.05,N,10,0
12944,32,59000,RENT,5.0,MEDICAL,D,8000,16.29,0.14,N,9,1
12945,23,60000,OWN,0.0,EDUCATION,B,16000,11.83,0.27,N,2,0
12946,27,88000,MORTGAGE,11.0,HOMEIMPROVEMENT,A,12000,7.88,0.14,N,5,0
12947,27,74400,MORTGAGE,2.0,VENTURE,D,12800,15.05,0.18,N,6,0
12948,22,48000,RENT,6.0,DEBTCONSOLIDATION,B,7000,10.65,0.15,N,4,1
12949,28,100000,MORTGAGE,2.0,PERSONAL,B,10000,10.99,0.1,N,8,0
12950,23,40000,RENT,2.0,VENTURE,B,10400,10.0,0.27,N,3,0
12951,27,60000,MORTGAGE,5.0,PERSONAL,C,10750,13.11,0.18,Y,10,0
12952,28,54000,RENT,0.0,VENTURE,D,20000,14.91,0.37,N,8,1
12953,22,50000,RENT,3.0,EDUCATION,C,4800,13.49,0.1,N,4,0
12954,27,90000,MORTGAGE,7.0,PERSONAL,A,15000,7.49,0.17,N,9,0
12955,24,72000,RENT,8.0,PERSONAL,A,12000,6.62,0.17,N,3,0
12956,23,48000,RENT,4.0,MEDICAL,B,5000,9.99,0.1,N,4,0
12957,39,24000,RENT,0.0,PERSONAL,B,7000,10.99,0.28,N,16,0
12958,24,54000,MORTGAGE,4.0,MEDICAL,A,7000,7.14,0.13,N,2,0
12959,21,15000,RENT,3.0,PERSONAL,B,1825,11.49,0.12,N,4,0
12960,22,70000,RENT,3.0,MEDICAL,C,6000,13.79,0.09,N,3,0
12961,29,35000,RENT,12.0,MEDICAL,B,1800,10.65,0.05,N,8,0
12962,23,50000,MORTGAGE,5.0,PERSONAL,A,15000,6.91,0.3,N,3,0
12963,30,38400,RENT,3.0,MEDICAL,C,11000,11.54,0.29,Y,10,0
12964,21,45000,RENT,1.0,VENTURE,C,6000,12.99,0.13,Y,4,0
12965,36,50000,RENT,2.0,HOMEIMPROVEMENT,C,5000,13.98,0.1,N,14,0
12966,23,75000,OTHER,3.0,VENTURE,B,15000,11.58,0.2,N,4,0
12967,24,51000,RENT,2.0,EDUCATION,B,6000,10.62,0.12,N,3,0
12968,33,50000,RENT,4.0,MEDICAL,A,4000,7.49,0.08,N,6,0
12969,22,75000,RENT,6.0,EDUCATION,B,10000,10.65,0.13,N,3,0
12970,51,50000,RENT,4.0,DEBTCONSOLIDATION,C,9600,13.85,0.19,Y,24,0
12971,28,75000,MORTGAGE,6.0,EDUCATION,A,12000,6.62,0.16,N,7,0
12972,27,54000,RENT,2.0,PERSONAL,D,9000,15.05,0.16,N,8,1
12973,25,67000,MORTGAGE,3.0,DEBTCONSOLIDATION,C,10000,13.49,0.15,Y,3,0
12974,28,38400,RENT,0.0,EDUCATION,A,10500,6.62,0.27,N,5,0
12975,24,52000,RENT,5.0,PERSONAL,B,4800,10.99,0.09,N,4,0
12976,31,35000,RENT,6.0,VENTURE,B,3600,10.74,0.1,N,7,0
12977,47,170000,MORTGAGE,9.0,MEDICAL,B,25000,11.12,0.15,N,11,0
12978,27,35000,RENT,1.0,DEBTCONSOLIDATION,B,13250,10.65,0.38,N,7,1
12979,25,125000,MORTGAGE,1.0,HOMEIMPROVEMENT,B,25000,9.99,0.2,N,4,0
12980,27,75000,OWN,0.0,PERSONAL,B,12000,12.18,0.16,N,5,0
12981,23,24000,RENT,5.0,MEDICAL,C,7000,12.99,0.29,N,2,0
12982,26,40000,RENT,5.0,VENTURE,D,17500,16.02,0.42,Y,2,1
12983,24,54400,RENT,8.0,MEDICAL,B,12000,11.14,0.19,N,4,1
12984,22,73000,MORTGAGE,6.0,HOMEIMPROVEMENT,C,6200,14.27,0.09,N,2,1
12985,23,54008,MORTGAGE,5.0,DEBTCONSOLIDATION,A,5600,7.14,0.11,N,3,0
12986,23,49000,MORTGAGE,4.0,MEDICAL,E,5000,16.32,0.1,Y,3,1
12987,29,65000,RENT,3.0,PERSONAL,B,10000,10.37,0.15,N,5,0
12988,30,135000,MORTGAGE,14.0,VENTURE,B,15000,11.36,0.11,N,5,0
12989,24,48000,RENT,5.0,DEBTCONSOLIDATION,A,10400,8.94,0.23,N,3,0
12990,27,130104,MORTGAGE,0.0,EDUCATION,B,25000,10.99,0.19,N,5,0
12991,22,70000,RENT,6.0,MEDICAL,A,5000,6.99,0.07,N,4,0
12992,27,70000,MORTGAGE,11.0,HOMEIMPROVEMENT,D,25000,14.83,0.36,Y,7,0
12993,43,70000,RENT,3.0,PERSONAL,B,9000,11.49,0.13,N,13,0
12994,34,100000,MORTGAGE,18.0,DEBTCONSOLIDATION,A,6000,5.79,0.06,N,7,0
12995,26,70000,RENT,0.0,EDUCATION,B,8000,10.74,0.11,N,2,0
12996,28,28000,RENT,4.0,VENTURE,A,3000,8.9,0.11,N,10,0
12997,27,31200,MORTGAGE,1.0,PERSONAL,A,7500,7.74,0.24,N,6,0
12998,24,82500,RENT,3.0,VENTURE,A,8000,7.51,0.1,N,3,0
12999,26,58000,RENT,5.0,DEBTCONSOLIDATION,C,1800,14.27,0.03,Y,4,0
13000,26,35000,MORTGAGE,3.0,DEBTCONSOLIDATION,C,12000,15.96,0.35,Y,4,1
13001,30,30000,RENT,3.0,MEDICAL,B,7000,11.49,0.24,N,10,0
13002,22,42000,RENT,0.0,VENTURE,B,6000,10.37,0.14,N,4,0
13003,25,75000,MORTGAGE,9.0,MEDICAL,B,20000,11.83,0.27,N,4,0
13004,22,59000,RENT,3.0,VENTURE,D,4500,17.49,0.08,N,4,1
13005,22,40000,RENT,0.0,PERSONAL,A,7500,6.91,0.19,N,2,0
13006,23,62400,MORTGAGE,7.0,EDUCATION,B,2400,10.99,0.04,N,3,0
13007,22,62000,RENT,6.0,MEDICAL,A,10000,6.03,0.16,N,4,0
13008,27,64000,RENT,11.0,DEBTCONSOLIDATION,A,20000,6.54,0.31,N,9,1
13009,30,85000,RENT,2.0,HOMEIMPROVEMENT,B,6000,11.49,0.07,N,5,0
13010,27,115752,MORTGAGE,6.0,DEBTCONSOLIDATION,B,10000,10.75,0.09,N,7,0
13011,21,30000,RENT,3.0,EDUCATION,B,3000,11.86,0.1,N,4,0
13012,29,72000,MORTGAGE,13.0,MEDICAL,A,10000,5.79,0.14,N,7,0
13013,27,66000,RENT,11.0,EDUCATION,C,5000,13.99,0.08,Y,7,0
13014,22,58000,RENT,6.0,MEDICAL,C,11300,14.27,0.19,Y,3,0
13015,28,39000,MORTGAGE,6.0,DEBTCONSOLIDATION,B,6000,10.99,0.15,N,5,0
13016,27,120000,MORTGAGE,0.0,MEDICAL,A,15000,6.03,0.12,N,8,0
13017,23,43000,MORTGAGE,2.0,VENTURE,C,9250,11.34,0.22,N,3,0
13018,21,57240,RENT,5.0,PERSONAL,A,10000,9.32,0.18,N,2,0
13019,36,100000,MORTGAGE,5.0,MEDICAL,A,12000,7.88,0.12,N,14,0
13020,27,73000,MORTGAGE,11.0,PERSONAL,A,11000,5.79,0.16,N,9,0
13021,24,170000,RENT,5.0,VENTURE,A,20000,7.9,0.12,N,4,0
13022,51,75000,MORTGAGE,2.0,VENTURE,B,16500,11.58,0.22,N,25,0
13023,21,50000,OWN,5.0,EDUCATION,B,5000,10.62,0.1,N,3,0
13024,30,90000,MORTGAGE,5.0,MEDICAL,A,12000,6.03,0.13,N,8,0
13025,32,37000,RENT,2.0,MEDICAL,B,3000,9.99,0.08,N,6,0
13026,40,50000,MORTGAGE,5.0,HOMEIMPROVEMENT,A,2000,8.49,0.04,N,11,0
13027,27,60000,MORTGAGE,6.0,DEBTCONSOLIDATION,B,2000,10.99,0.03,N,7,0
13028,22,30000,RENT,6.0,DEBTCONSOLIDATION,C,4800,14.35,0.16,Y,3,0
13029,28,34000,RENT,1.0,HOMEIMPROVEMENT,D,5000,15.05,0.15,N,5,1
13030,28,132000,MORTGAGE,2.0,DEBTCONSOLIDATION,A,18000,7.9,0.14,N,7,0
13031,23,120000,MORTGAGE,5.0,EDUCATION,B,6000,10.99,0.05,N,4,0
13032,24,60000,RENT,3.0,HOMEIMPROVEMENT,B,3000,10.37,0.05,N,4,0
13033,27,180000,MORTGAGE,11.0,PERSONAL,A,11500,8.59,0.06,N,8,0
13034,28,170000,MORTGAGE,2.0,EDUCATION,D,5000,14.46,0.03,Y,7,0
13035,23,75000,RENT,1.0,EDUCATION,B,12400,12.42,0.16,N,4,0
13036,24,55000,RENT,1.0,PERSONAL,A,8000,7.51,0.15,N,3,0
13037,25,91800,MORTGAGE,4.0,MEDICAL,D,18125,14.84,0.17,Y,4,0
13038,23,30000,RENT,0.0,VENTURE,E,8875,17.99,0.3,N,2,1
13039,25,66252,OWN,10.0,PERSONAL,A,5000,6.99,0.08,N,3,0
13040,22,24000,RENT,0.0,MEDICAL,B,5000,11.86,0.21,N,2,0
13041,21,42000,MORTGAGE,6.0,DEBTCONSOLIDATION,A,9000,7.14,0.21,N,3,0
13042,27,36000,RENT,0.0,EDUCATION,A,7800,7.14,0.22,N,10,0
13043,24,65000,MORTGAGE,1.0,VENTURE,B,6300,11.49,0.1,N,4,0
13044,35,150000,MORTGAGE,13.0,PERSONAL,A,25000,8.9,0.17,N,5,0
13045,38,81000,RENT,3.0,HOMEIMPROVEMENT,C,20000,13.49,0.25,Y,15,0
13046,27,36000,RENT,5.0,MEDICAL,A,6000,5.79,0.17,N,7,0
13047,30,96000,MORTGAGE,5.0,VENTURE,B,10000,10.65,0.1,N,5,0
13048,23,48000,RENT,4.0,DEBTCONSOLIDATION,A,2800,8.9,0.06,N,4,0
13049,24,72000,MORTGAGE,2.0,PERSONAL,B,10000,11.86,0.14,N,4,0
13050,36,120000,MORTGAGE,8.0,PERSONAL,B,5000,9.99,0.04,N,15,0
13051,22,90000,MORTGAGE,6.0,EDUCATION,C,12000,13.61,0.13,Y,2,0
13052,22,50000,MORTGAGE,6.0,DEBTCONSOLIDATION,A,7800,7.49,0.15,N,4,0
13053,26,27600,RENT,5.0,DEBTCONSOLIDATION,D,6800,15.99,0.24,Y,3,1
13054,25,92000,MORTGAGE,6.0,PERSONAL,A,13000,7.88,0.14,N,4,0
13055,31,30000,RENT,2.0,EDUCATION,C,3000,12.53,0.1,Y,7,0
13056,24,84000,MORTGAGE,5.0,DEBTCONSOLIDATION,B,20000,11.83,0.24,N,3,0
13057,28,90000,MORTGAGE,12.0,HOMEIMPROVEMENT,B,3500,10.65,0.04,N,6,0
13058,27,95004,MORTGAGE,2.0,VENTURE,B,16000,10.38,0.19,N,8,0
13059,30,48000,RENT,2.0,VENTURE,B,15000,12.18,0.31,N,7,1
13060,29,83236,RENT,3.0,EDUCATION,D,7000,14.84,0.08,N,8,0
13061,21,28000,RENT,5.0,VENTURE,A,7125,6.99,0.25,N,3,0
13062,30,45000,RENT,0.0,PERSONAL,C,5000,14.26,0.11,N,7,0
13063,27,50000,RENT,12.0,PERSONAL,B,12500,10.75,0.25,N,9,0
13064,22,59000,RENT,1.0,EDUCATION,D,13000,15.31,0.22,Y,3,1
13065,21,30000,RENT,0.0,VENTURE,C,5000,14.65,0.17,N,4,0
13066,23,25000,RENT,2.0,EDUCATION,B,5000,9.62,0.2,N,4,0
13067,22,70000,MORTGAGE,6.0,EDUCATION,A,2000,7.9,0.03,N,2,0
13068,23,85000,MORTGAGE,4.0,EDUCATION,A,7000,7.88,0.08,N,3,0
13069,27,39000,MORTGAGE,6.0,MEDICAL,A,16000,8.9,0.41,N,6,0
13070,28,42000,RENT,0.0,VENTURE,C,9000,13.61,0.21,N,7,0
13071,27,48000,MORTGAGE,11.0,MEDICAL,A,6000,7.14,0.13,N,7,0
13072,35,80000,RENT,5.0,EDUCATION,A,2400,7.9,0.03,N,8,0
13073,22,50000,RENT,3.0,EDUCATION,A,7200,6.62,0.14,N,2,0
13074,38,39000,RENT,0.0,MEDICAL,B,5000,12.18,0.13,N,16,1
13075,32,40000,RENT,5.0,VENTURE,C,10000,13.49,0.25,N,10,0
13076,35,95000,MORTGAGE,7.0,MEDICAL,A,4400,5.99,0.05,N,6,0
13077,29,105000,MORTGAGE,13.0,PERSONAL,A,5000,6.62,0.05,N,9,0
13078,21,38400,MORTGAGE,5.0,EDUCATION,B,12000,10.62,0.31,N,4,0
13079,22,66000,MORTGAGE,6.0,EDUCATION,A,3500,7.9,0.05,N,4,0
13080,24,38000,RENT,5.0,DEBTCONSOLIDATION,A,10000,7.29,0.26,N,4,0
13081,24,50000,RENT,0.0,DEBTCONSOLIDATION,B,4800,10.99,0.1,N,4,0
13082,23,50000,MORTGAGE,4.0,DEBTCONSOLIDATION,A,5000,6.03,0.1,N,4,0
13083,30,68000,RENT,14.0,HOMEIMPROVEMENT,A,10000,5.99,0.15,N,10,0
13084,23,55000,RENT,5.0,EDUCATION,B,13200,12.21,0.25,N,3,0
13085,24,81000,MORTGAGE,8.0,VENTURE,A,8000,6.92,0.1,N,4,0
13086,28,44000,RENT,2.0,PERSONAL,C,14000,13.48,0.32,N,5,1
13087,33,40000,MORTGAGE,14.0,MEDICAL,A,3000,7.51,0.07,N,9,0
13088,23,50000,RENT,0.0,MEDICAL,A,3000,7.9,0.06,N,2,0
13089,27,30000,RENT,1.0,EDUCATION,B,13250,10.99,0.44,N,10,1
13090,34,45000,RENT,1.0,DEBTCONSOLIDATION,B,2500,11.49,0.06,N,7,0
13091,27,59000,RENT,3.0,DEBTCONSOLIDATION,B,7500,10.96,0.13,N,5,0
13092,24,24000,RENT,2.0,MEDICAL,B,6000,12.53,0.25,N,4,0
13093,27,54000,RENT,2.0,MEDICAL,A,8500,7.49,0.16,N,5,1
13094,23,45000,MORTGAGE,5.0,MEDICAL,A,8000,5.79,0.18,N,4,0
13095,30,35004,RENT,0.0,MEDICAL,A,10000,7.51,0.29,N,5,0
13096,24,50000,RENT,8.0,HOMEIMPROVEMENT,A,8000,6.62,0.16,N,4,0
13097,22,70000,MORTGAGE,6.0,DEBTCONSOLIDATION,A,8400,6.99,0.11,N,2,0
13098,28,30000,RENT,2.0,MEDICAL,C,10000,14.27,0.33,N,10,1
13099,22,48000,RENT,0.0,EDUCATION,C,1000,13.16,0.02,N,3,0
13100,27,45000,RENT,3.0,MEDICAL,B,5000,10.74,0.11,N,10,0
13101,21,20000,RENT,0.0,MEDICAL,C,1675,14.27,0.08,Y,4,0
13102,38,110000,RENT,0.0,PERSONAL,B,10000,10.37,0.09,N,14,0
13103,22,30000,RENT,0.0,EDUCATION,C,5600,14.27,0.19,N,2,0
13104,22,35000,RENT,4.0,PERSONAL,B,5000,10.65,0.14,N,2,0
13105,36,98656,RENT,2.0,HOMEIMPROVEMENT,C,7500,13.06,0.08,N,14,1
13106,23,100000,RENT,1.0,EDUCATION,B,16000,10.59,0.16,N,3,0
13107,34,90000,RENT,4.0,PERSONAL,B,6000,10.99,0.07,N,6,0
13108,34,60000,MORTGAGE,7.0,PERSONAL,B,5500,11.71,0.09,N,10,0
13109,23,76000,RENT,7.0,DEBTCONSOLIDATION,B,5000,11.71,0.07,N,3,1
13110,22,50000,MORTGAGE,5.0,PERSONAL,C,6400,13.11,0.13,N,4,0
13111,22,60000,RENT,3.0,EDUCATION,A,9600,7.49,0.16,N,3,0
13112,27,59500,MORTGAGE,11.0,DEBTCONSOLIDATION,B,15000,9.91,0.25,N,7,0
13113,26,70000,MORTGAGE,6.0,MEDICAL,B,3000,11.99,0.04,N,4,0
13114,24,45000,MORTGAGE,3.0,VENTURE,A,10000,7.29,0.22,N,2,0
13115,22,70000,RENT,3.0,MEDICAL,C,14000,14.27,0.2,N,3,0
13116,22,63400,MORTGAGE,6.0,EDUCATION,A,10500,9.63,0.17,N,4,0
13117,22,40000,RENT,6.0,DEBTCONSOLIDATION,B,6000,12.69,0.15,N,4,0
13118,25,77000,MORTGAGE,8.0,DEBTCONSOLIDATION,A,21000,8.9,0.28,N,3,0
13119,23,70000,MORTGAGE,7.0,EDUCATION,A,15000,7.66,0.21,N,3,0
13120,23,45000,RENT,0.0,EDUCATION,C,12000,12.99,0.27,Y,4,0
13121,23,124896,MORTGAGE,5.0,VENTURE,B,12000,10.75,0.1,N,2,0
13122,27,50000,MORTGAGE,5.0,MEDICAL,A,3000,5.99,0.06,N,7,0
13123,21,50000,OWN,3.0,VENTURE,C,5000,14.79,0.1,N,2,0
13124,22,43000,RENT,6.0,DEBTCONSOLIDATION,C,5000,13.49,0.12,N,4,0
13125,28,50000,RENT,5.0,EDUCATION,B,20000,11.48,0.4,N,8,1
13126,45,39000,RENT,2.0,MEDICAL,A,13000,7.88,0.33,N,17,1
13127,22,30000,RENT,0.0,EDUCATION,B,2000,11.49,0.07,N,2,0
13128,25,60000,RENT,0.0,VENTURE,A,14400,6.17,0.23,N,3,0
13129,30,49000,RENT,1.0,PERSONAL,D,6400,12.67,0.13,N,5,1
13130,27,120000,MORTGAGE,11.0,DEBTCONSOLIDATION,B,6000,10.99,0.05,N,7,0
13131,46,79500,MORTGAGE,0.0,VENTURE,B,16000,10.74,0.2,N,15,0
13132,34,28800,RENT,0.0,MEDICAL,A,3175,6.54,0.11,N,7,0
13133,29,51684,RENT,7.0,PERSONAL,D,5000,15.21,0.1,Y,9,0
13134,30,29000,RENT,0.0,EDUCATION,D,10000,15.33,0.34,Y,9,1
13135,25,45000,OWN,1.0,VENTURE,B,12000,10.99,0.27,N,3,0
13136,25,78000,MORTGAGE,9.0,DEBTCONSOLIDATION,C,25000,12.53,0.32,Y,2,1
13137,28,35000,OWN,1.0,MEDICAL,C,15000,13.98,0.43,Y,6,0
13138,49,64000,MORTGAGE,13.0,PERSONAL,A,9000,7.14,0.14,N,12,1
13139,24,128000,MORTGAGE,5.0,HOMEIMPROVEMENT,A,35000,8.49,0.28,N,4,1
13140,24,75000,OWN,3.0,PERSONAL,B,7000,10.37,0.09,N,2,0
13141,24,45000,RENT,0.0,DEBTCONSOLIDATION,C,4000,14.27,0.09,N,2,0
13142,28,60000,MORTGAGE,4.0,PERSONAL,A,6000,6.62,0.1,N,6,0
13143,28,65158,MORTGAGE,8.0,PERSONAL,B,18000,10.25,0.28,N,10,0
13144,21,111016,RENT,5.0,PERSONAL,C,12000,13.11,0.11,N,4,0
13145,24,80000,MORTGAGE,3.0,EDUCATION,A,12000,7.66,0.15,N,4,0
13146,29,48000,RENT,2.0,DEBTCONSOLIDATION,C,20000,14.26,0.42,Y,5,1
13147,55,63000,OWN,20.0,PERSONAL,A,18000,7.29,0.29,N,24,0
13148,27,50000,RENT,4.0,PERSONAL,C,6000,13.49,0.12,N,8,0
13149,26,62000,MORTGAGE,3.0,VENTURE,A,12000,7.51,0.19,N,2,0
13150,24,120000,RENT,1.0,HOMEIMPROVEMENT,A,10000,7.9,0.08,N,4,0
13151,34,35196,RENT,3.0,VENTURE,D,7200,14.54,0.21,Y,8,0
13152,27,55000,RENT,11.0,HOMEIMPROVEMENT,C,10000,12.23,0.18,Y,6,0
13153,47,100000,RENT,3.0,HOMEIMPROVEMENT,B,5000,11.86,0.05,N,16,0
13154,23,40000,OWN,3.0,PERSONAL,A,8000,6.62,0.2,N,4,0
13155,22,43000,MORTGAGE,3.0,MEDICAL,B,2100,11.71,0.05,N,4,0
13156,30,57600,MORTGAGE,3.0,EDUCATION,B,8000,11.49,0.14,N,10,0
13157,21,85000,RENT,1.0,EDUCATION,A,6000,8.9,0.07,N,3,0
13158,22,96000,RENT,0.0,EDUCATION,C,8000,13.11,0.08,Y,4,0
13159,27,100000,MORTGAGE,4.0,PERSONAL,C,20000,13.23,0.2,Y,7,0
13160,33,40000,RENT,5.0,DEBTCONSOLIDATION,B,11200,12.69,0.28,N,10,0
13161,32,60000,MORTGAGE,12.0,DEBTCONSOLIDATION,A,5000,6.03,0.08,N,8,0
13162,31,90000,MORTGAGE,9.0,PERSONAL,A,5000,7.14,0.06,N,9,0
13163,22,52000,RENT,6.0,DEBTCONSOLIDATION,A,14000,5.42,0.27,N,2,0
13164,31,50000,MORTGAGE,9.0,PERSONAL,B,5000,11.49,0.1,N,6,0
13165,23,56650,MORTGAGE,0.0,MEDICAL,D,15000,14.96,0.25,N,3,1
13166,27,58800,RENT,11.0,PERSONAL,A,6000,7.88,0.1,N,6,0
13167,23,70000,MORTGAGE,7.0,EDUCATION,B,6000,10.99,0.09,N,4,0
13168,23,23000,RENT,1.0,EDUCATION,A,4000,7.88,0.17,N,4,0
13169,27,32000,RENT,3.0,EDUCATION,A,4750,6.62,0.15,N,6,1
13170,24,54000,MORTGAGE,8.0,EDUCATION,B,12000,10.99,0.22,N,2,0
13171,32,100000,RENT,1.0,VENTURE,B,15000,11.58,0.15,N,8,0
13172,30,45000,MORTGAGE,2.0,HOMEIMPROVEMENT,A,8000,9.63,0.18,N,7,0
13173,25,45000,OWN,1.0,HOMEIMPROVEMENT,C,10000,12.53,0.22,N,3,0
13174,25,30000,RENT,5.0,MEDICAL,B,11200,11.14,0.37,N,2,1
13175,25,28800,RENT,1.0,MEDICAL,B,5000,11.99,0.17,N,4,0
13176,22,38000,RENT,6.0,EDUCATION,B,6500,11.11,0.17,N,2,0
13177,28,100000,MORTGAGE,3.0,MEDICAL,B,15000,11.11,0.15,N,7,0
13178,24,95000,RENT,8.0,EDUCATION,B,2400,9.91,0.03,N,2,0
13179,22,50000,RENT,2.0,VENTURE,C,10000,13.49,0.2,N,4,0
13180,23,80000,MORTGAGE,0.0,EDUCATION,C,16000,12.61,0.19,Y,4,0
13181,23,52000,RENT,0.0,PERSONAL,D,15000,14.42,0.29,N,3,1
13182,22,24000,RENT,1.0,EDUCATION,C,2500,14.35,0.1,Y,2,0
13183,23,70000,MORTGAGE,4.0,EDUCATION,B,6000,11.86,0.09,N,4,0
13184,29,32000,MORTGAGE,5.0,DEBTCONSOLIDATION,A,7500,7.9,0.23,N,5,0
13185,23,60000,RENT,5.0,VENTURE,C,10000,14.27,0.17,N,3,0
13186,22,53000,RENT,0.0,EDUCATION,A,9600,7.51,0.18,N,3,0
13187,33,79000,MORTGAGE,17.0,DEBTCONSOLIDATION,B,15000,10.65,0.19,N,9,0
13188,23,70000,RENT,0.0,PERSONAL,A,5000,8.63,0.07,N,3,0
13189,24,48000,MORTGAGE,5.0,DEBTCONSOLIDATION,A,4400,7.14,0.09,N,4,0
13190,24,80000,MORTGAGE,8.0,PERSONAL,A,10000,6.03,0.13,N,4,0
13191,26,51000,MORTGAGE,2.0,VENTURE,C,7000,13.48,0.14,N,2,0
13192,27,48000,RENT,2.0,EDUCATION,C,12000,13.92,0.25,N,7,0
13193,26,75000,MORTGAGE,3.0,DEBTCONSOLIDATION,B,10000,12.21,0.13,N,2,1
13194,23,45000,RENT,1.0,EDUCATION,C,8500,14.27,0.19,Y,4,0
13195,24,16000,RENT,2.0,EDUCATION,D,4000,14.96,0.22,N,4,1
13196,27,65000,RENT,5.0,MEDICAL,B,7500,10.96,0.12,N,5,0
13197,28,70000,RENT,12.0,EDUCATION,E,18000,16.45,0.24,N,6,0
13198,32,66000,RENT,15.0,EDUCATION,B,3500,11.71,0.05,N,5,0
13199,28,58000,RENT,0.0,MEDICAL,C,6000,12.87,0.1,Y,10,0
13200,27,75000,RENT,5.0,PERSONAL,B,10000,9.91,0.13,N,7,0
13201,25,110000,MORTGAGE,8.0,VENTURE,B,5000,11.14,0.05,N,4,0
13202,23,46800,MORTGAGE,2.0,DEBTCONSOLIDATION,B,10000,12.18,0.21,N,3,0
13203,22,27600,RENT,2.0,VENTURE,C,6000,14.72,0.22,Y,2,0
13204,37,60000,RENT,0.0,HOMEIMPROVEMENT,A,10000,8.59,0.17,N,12,0
13205,25,64600,RENT,3.0,MEDICAL,B,21000,10.37,0.28,N,3,1
13206,26,96000,RENT,5.0,HOMEIMPROVEMENT,B,15000,11.48,0.16,N,4,0
13207,23,24000,OWN,4.0,MEDICAL,D,8000,15.99,0.33,N,3,1
13208,38,43200,RENT,0.0,VENTURE,B,10000,10.75,0.23,N,14,0
13209,36,34000,MORTGAGE,0.0,HOMEIMPROVEMENT,C,10000,11.97,0.29,Y,11,1
13210,29,100000,MORTGAGE,4.0,VENTURE,A,7200,5.42,0.07,N,7,0
13211,28,52000,RENT,0.0,EDUCATION,B,7000,10.65,0.13,N,6,0
13212,23,50000,MORTGAGE,0.0,PERSONAL,A,7000,7.29,0.14,N,4,0
13213,25,45000,OWN,3.0,EDUCATION,A,16000,8.9,0.37,N,3,0
13214,33,56100,RENT,17.0,MEDICAL,D,4200,15.28,0.06,Y,9,1
13215,32,100000,MORTGAGE,4.0,PERSONAL,B,12000,12.69,0.12,N,10,0
13216,24,40000,RENT,5.0,MEDICAL,B,18000,12.42,0.45,N,2,1
13217,29,72250,MORTGAGE,5.0,DEBTCONSOLIDATION,D,25000,16.0,0.29,Y,9,1
13218,25,75000,MORTGAGE,9.0,MEDICAL,B,15000,12.18,0.2,N,3,0
13219,26,70000,RENT,0.0,DEBTCONSOLIDATION,B,8000,12.69,0.11,N,4,0
13220,24,50000,OWN,5.0,HOMEIMPROVEMENT,C,5000,13.49,0.1,N,4,0
13221,31,90000,MORTGAGE,15.0,DEBTCONSOLIDATION,B,12000,10.59,0.13,N,8,0
13222,29,80000,MORTGAGE,5.0,PERSONAL,B,7000,10.99,0.09,N,8,0
13223,28,91800,MORTGAGE,7.0,HOMEIMPROVEMENT,C,15000,12.98,0.14,N,5,0
13224,28,50400,MORTGAGE,7.0,PERSONAL,A,11200,9.63,0.22,N,6,0
13225,24,72000,MORTGAGE,1.0,MEDICAL,A,6000,6.03,0.08,N,2,0
13226,30,200000,MORTGAGE,2.0,EDUCATION,B,10000,10.99,0.05,N,6,0
13227,27,60000,RENT,11.0,MEDICAL,C,20000,13.85,0.33,N,8,1
13228,41,50000,RENT,5.0,PERSONAL,B,10000,10.36,0.2,N,15,0
13229,23,75000,MORTGAGE,3.0,EDUCATION,A,10000,5.42,0.13,N,4,0
13230,28,42000,RENT,4.0,MEDICAL,B,6000,10.65,0.14,N,6,0
13231,31,50000,RENT,5.0,EDUCATION,A,10000,7.49,0.2,N,5,0
13232,24,85000,MORTGAGE,8.0,MEDICAL,A,10000,7.88,0.12,N,2,0
13233,21,27600,RENT,3.0,PERSONAL,B,7500,11.14,0.27,N,3,0
13234,36,40000,RENT,3.0,DEBTCONSOLIDATION,B,6000,10.36,0.15,N,12,0
13235,32,90000,RENT,2.0,EDUCATION,A,13600,7.66,0.15,N,5,0
13236,24,51500,RENT,8.0,EDUCATION,B,15000,10.75,0.29,N,4,0
13237,24,48000,RENT,1.0,DEBTCONSOLIDATION,D,16800,14.59,0.36,Y,3,1
13238,32,99000,RENT,2.0,VENTURE,A,10000,6.17,0.1,N,6,0
13239,27,80796,RENT,0.0,HOMEIMPROVEMENT,C,15000,13.11,0.17,Y,5,0
13240,32,50000,MORTGAGE,3.0,HOMEIMPROVEMENT,A,3000,7.51,0.06,N,7,0
13241,22,60000,MORTGAGE,3.0,EDUCATION,B,8400,11.36,0.14,N,2,0
13242,38,80000,RENT,5.0,PERSONAL,B,12000,10.99,0.15,N,13,0
13243,23,38400,OWN,1.0,VENTURE,C,2500,13.98,0.07,Y,4,0
13244,26,55000,RENT,8.0,VENTURE,B,9100,12.42,0.17,N,4,0
13245,24,60000,MORTGAGE,8.0,EDUCATION,C,15000,14.27,0.25,Y,2,0
13246,24,25000,RENT,1.0,MEDICAL,A,10000,7.88,0.4,N,2,1
13247,24,49200,MORTGAGE,8.0,EDUCATION,A,4000,7.51,0.08,N,3,0
13248,28,275000,MORTGAGE,0.0,HOMEIMPROVEMENT,A,10000,6.62,0.04,N,5,0
13249,29,85000,RENT,1.0,VENTURE,B,6000,11.49,0.07,N,5,0
13250,24,78000,MORTGAGE,8.0,VENTURE,A,6000,8.9,0.08,N,4,0
13251,28,58560,RENT,12.0,MEDICAL,B,10000,9.99,0.18,N,7,0
13252,22,90000,RENT,0.0,EDUCATION,A,8000,7.49,0.09,N,2,0
13253,22,49200,RENT,7.0,VENTURE,D,3000,14.61,0.06,N,4,0
13254,40,80000,OWN,10.0,PERSONAL,F,20000,18.62,0.25,N,14,0
13255,28,62000,MORTGAGE,5.0,HOMEIMPROVEMENT,A,12000,7.51,0.19,N,8,0
13256,22,48000,MORTGAGE,0.0,EDUCATION,A,15000,6.91,0.31,N,2,0
13257,24,75000,OWN,5.0,MEDICAL,A,14400,7.88,0.19,N,3,0
13258,25,39000,RENT,9.0,HOMEIMPROVEMENT,D,2200,15.65,0.06,Y,4,1
13259,23,48000,MORTGAGE,7.0,DEBTCONSOLIDATION,A,5000,7.49,0.1,N,4,0
13260,25,60000,MORTGAGE,4.0,MEDICAL,A,8000,9.63,0.13,N,2,0
13261,28,24000,RENT,0.0,MEDICAL,A,5000,5.42,0.2,N,6,0
13262,25,54000,RENT,3.0,PERSONAL,D,12000,14.42,0.22,N,3,0
13263,23,70000,MORTGAGE,7.0,PERSONAL,C,8000,13.61,0.11,Y,4,0
13264,25,39432,OWN,7.0,EDUCATION,B,4000,11.86,0.1,N,4,0
13265,28,86400,MORTGAGE,0.0,MEDICAL,C,5000,14.79,0.06,Y,5,0
13266,22,77800,RENT,5.0,PERSONAL,A,13500,7.14,0.18,N,3,0
13267,26,200000,MORTGAGE,10.0,VENTURE,C,12000,13.99,0.06,N,4,0
13268,32,57600,RENT,4.0,PERSONAL,A,4800,7.51,0.08,N,8,0
13269,21,33996,RENT,0.0,PERSONAL,D,10000,15.31,0.29,Y,3,1
13270,24,50000,MORTGAGE,5.0,EDUCATION,B,6000,9.91,0.12,N,2,0
13271,25,30000,RENT,9.0,VENTURE,B,4800,12.42,0.16,N,4,0
13272,25,57240,RENT,4.0,VENTURE,D,5000,16.0,0.09,Y,3,0
13273,24,30000,RENT,8.0,VENTURE,C,5000,13.11,0.17,N,2,0
13274,29,90000,MORTGAGE,13.0,PERSONAL,A,15600,6.17,0.17,N,8,0
13275,30,55000,MORTGAGE,2.0,HOMEIMPROVEMENT,A,8000,6.62,0.15,N,10,0
13276,22,30000,RENT,6.0,PERSONAL,B,3000,11.86,0.1,N,2,0
13277,28,70000,RENT,7.0,DEBTCONSOLIDATION,B,7000,12.69,0.1,N,9,0
13278,22,26400,OWN,3.0,VENTURE,C,7000,12.98,0.27,N,4,0
13279,25,75000,OWN,9.0,PERSONAL,C,12000,13.11,0.16,Y,2,0
13280,24,100000,RENT,8.0,PERSONAL,A,10000,9.63,0.1,N,4,0
13281,23,54000,MORTGAGE,7.0,DEBTCONSOLIDATION,A,11000,8.94,0.2,N,2,0
13282,30,90000,RENT,4.0,EDUCATION,C,12000,14.27,0.13,Y,5,0
13283,24,45000,MORTGAGE,0.0,DEBTCONSOLIDATION,A,5000,6.62,0.11,N,2,0
13284,29,45996,RENT,2.0,EDUCATION,C,11000,13.16,0.24,Y,8,0
13285,23,50000,RENT,3.0,EDUCATION,C,10000,12.23,0.2,Y,4,0
13286,30,45000,MORTGAGE,5.0,PERSONAL,A,3000,7.05,0.07,N,9,0
13287,26,63000,RENT,9.0,EDUCATION,C,2500,14.72,0.04,N,2,0
13288,27,30000,RENT,4.0,PERSONAL,D,6000,14.74,0.2,Y,6,0
13289,39,72000,RENT,2.0,DEBTCONSOLIDATION,A,12000,8.59,0.17,N,11,0
13290,22,45000,RENT,0.0,DEBTCONSOLIDATION,A,6000,7.49,0.13,N,4,0
13291,23,30000,OWN,2.0,EDUCATION,A,2000,8.94,0.07,N,3,0
13292,24,76300,RENT,2.0,EDUCATION,A,3000,9.63,0.04,N,3,0
13293,28,29100,RENT,4.0,MEDICAL,D,6625,16.77,0.24,N,9,1
13294,27,150000,MORTGAGE,11.0,MEDICAL,A,20000,6.54,0.13,N,5,0
13295,26,85000,OWN,0.0,VENTURE,A,5000,6.39,0.06,N,2,0
13296,21,50000,RENT,6.0,EDUCATION,B,5000,10.38,0.1,N,4,0
13297,22,82000,MORTGAGE,6.0,EDUCATION,A,20000,7.49,0.24,N,2,0
13298,24,50000,RENT,0.0,HOMEIMPROVEMENT,B,9000,9.99,0.18,N,3,0
13299,22,52000,RENT,3.0,EDUCATION,C,6000,13.49,0.12,Y,4,0
13300,26,50004,RENT,2.0,VENTURE,A,7200,7.88,0.15,N,4,0
13301,34,90000,MORTGAGE,13.0,DEBTCONSOLIDATION,C,5000,15.96,0.06,N,10,0
13302,28,37000,RENT,1.0,PERSONAL,B,10000,10.38,0.27,N,7,1
13303,27,23000,RENT,1.0,MEDICAL,A,4800,5.79,0.21,N,5,0
13304,24,30000,RENT,3.0,VENTURE,C,2000,13.22,0.07,Y,2,0
13305,32,44000,MORTGAGE,5.0,DEBTCONSOLIDATION,B,5000,12.53,0.11,N,6,0
13306,22,60000,MORTGAGE,0.0,EDUCATION,A,8000,7.29,0.13,N,3,0
13307,21,42500,RENT,0.0,MEDICAL,A,4500,7.49,0.1,N,3,0
13308,23,75000,RENT,4.0,VENTURE,A,7200,8.9,0.1,N,3,0
13309,23,54000,MORTGAGE,1.0,DEBTCONSOLIDATION,B,1500,11.86,0.03,N,3,0
13310,24,60000,MORTGAGE,3.0,HOMEIMPROVEMENT,C,7000,13.11,0.12,Y,4,0
13311,24,30000,RENT,2.0,MEDICAL,B,2000,11.49,0.07,N,2,0
13312,28,60000,RENT,8.0,MEDICAL,C,14000,12.87,0.23,Y,10,0
13313,29,70000,MORTGAGE,4.0,VENTURE,C,10000,13.35,0.14,Y,7,0
13314,29,40000,MORTGAGE,6.0,MEDICAL,A,4000,7.51,0.1,N,8,0
13315,26,60000,MORTGAGE,2.0,VENTURE,A,10000,7.49,0.17,N,4,0
13316,29,36000,RENT,0.0,PERSONAL,B,12000,9.45,0.33,N,10,1
13317,28,102000,MORTGAGE,13.0,VENTURE,C,10000,16.11,0.1,Y,9,0
13318,25,54578,MORTGAGE,9.0,MEDICAL,B,19200,9.99,0.33,N,4,1
13319,26,53595,MORTGAGE,10.0,VENTURE,D,6000,14.54,0.11,Y,2,1
13320,29,110000,MORTGAGE,13.0,PERSONAL,B,20000,11.14,0.18,N,9,0
13321,23,60000,RENT,7.0,VENTURE,A,8500,8.94,0.14,N,4,0
13322,33,62000,MORTGAGE,17.0,MEDICAL,B,9600,10.65,0.15,N,6,0
13323,27,135000,MORTGAGE,1.0,PERSONAL,A,11000,6.62,0.08,N,10,0
13324,25,84996,MORTGAGE,5.0,MEDICAL,B,20000,9.99,0.24,N,4,0
13325,27,60000,RENT,3.0,PERSONAL,A,4000,7.49,0.07,N,9,0
13326,26,56000,MORTGAGE,0.0,HOMEIMPROVEMENT,B,12000,10.62,0.21,N,4,0
13327,21,100000,MORTGAGE,5.0,PERSONAL,B,15000,12.42,0.15,N,4,0
13328,42,55000,RENT,3.0,EDUCATION,A,3000,6.17,0.05,N,11,0
13329,38,65000,MORTGAGE,5.0,PERSONAL,B,12000,11.49,0.18,N,13,0
13330,29,60000,RENT,7.0,EDUCATION,C,13000,12.73,0.22,Y,9,0
13331,31,90000,MORTGAGE,1.0,VENTURE,B,25000,10.99,0.28,N,8,0
13332,40,48000,MORTGAGE,5.0,DEBTCONSOLIDATION,A,5000,7.51,0.1,N,16,0
13333,29,60000,RENT,1.0,EDUCATION,B,3000,12.18,0.05,N,8,0
13334,22,40000,MORTGAGE,6.0,EDUCATION,C,2500,13.49,0.06,Y,3,0
13335,25,75996,MORTGAGE,9.0,HOMEIMPROVEMENT,B,9000,11.36,0.12,N,2,0
13336,42,93500,MORTGAGE,1.0,MEDICAL,B,6000,11.99,0.06,N,12,0
13337,23,25000,RENT,1.0,PERSONAL,A,10000,8.94,0.4,N,4,1
13338,37,90000,MORTGAGE,5.0,DEBTCONSOLIDATION,B,15000,11.71,0.17,N,15,0
13339,37,58800,RENT,5.0,VENTURE,A,6500,8.59,0.11,N,13,0
13340,24,85000,RENT,5.0,HOMEIMPROVEMENT,B,12000,10.74,0.14,N,4,0
13341,24,62000,MORTGAGE,4.0,VENTURE,A,6000,7.88,0.1,N,3,0
13342,23,60000,MORTGAGE,0.0,EDUCATION,A,1500,7.66,0.03,N,3,0
13343,22,30000,RENT,0.0,MEDICAL,B,4000,11.48,0.13,N,4,1
13344,36,42000,RENT,21.0,VENTURE,B,12000,9.91,0.29,N,16,0
13345,22,65000,RENT,2.0,MEDICAL,A,10000,6.17,0.15,N,2,0
13346,24,36000,RENT,1.0,PERSONAL,G,9000,20.11,0.25,Y,3,1
13347,39,55000,RENT,16.0,DEBTCONSOLIDATION,A,10000,6.03,0.18,N,14,0
13348,37,34000,RENT,0.0,MEDICAL,B,3000,11.12,0.09,N,17,0
13349,22,36000,RENT,3.0,EDUCATION,C,7500,13.48,0.21,N,3,0
13350,22,48996,MORTGAGE,4.0,MEDICAL,B,6000,11.83,0.12,N,2,0
13351,24,60000,RENT,3.0,PERSONAL,C,8000,14.22,0.13,Y,2,0
13352,39,24000,RENT,0.0,PERSONAL,C,2000,12.53,0.08,N,13,0
13353,28,57600,MORTGAGE,10.0,EDUCATION,C,1200,13.49,0.02,N,7,0
13354,27,52000,RENT,4.0,DEBTCONSOLIDATION,A,7000,6.03,0.13,N,10,0
13355,23,28800,RENT,2.0,VENTURE,D,9000,15.62,0.31,Y,4,1
13356,23,31000,RENT,1.0,VENTURE,D,10000,14.11,0.32,Y,4,1
13357,21,24000,RENT,0.0,MEDICAL,B,3000,9.99,0.13,N,2,0
13358,27,100000,OWN,7.0,VENTURE,A,10000,7.9,0.1,N,6,0
13359,23,40000,RENT,7.0,EDUCATION,B,12000,10.59,0.3,N,2,0
13360,31,65000,RENT,5.0,VENTURE,C,8000,11.66,0.12,Y,10,0
13361,29,50000,RENT,1.0,EDUCATION,C,4000,13.99,0.08,N,10,0
13362,25,88296,RENT,5.0,PERSONAL,B,15000,12.18,0.17,N,2,0
13363,25,35000,RENT,1.0,MEDICAL,B,4000,12.53,0.11,N,2,0
13364,22,54000,RENT,1.0,VENTURE,G,19400,20.48,0.35,N,3,1
13365,27,90000,MORTGAGE,10.0,EDUCATION,A,5000,8.49,0.06,N,7,0
13366,25,55000,MORTGAGE,9.0,PERSONAL,A,10000,7.49,0.18,N,4,0
13367,46,60000,RENT,4.0,VENTURE,B,17000,11.99,0.28,N,13,0
13368,26,80000,MORTGAGE,1.0,HOMEIMPROVEMENT,C,12000,13.98,0.15,Y,4,0
13369,26,85000,MORTGAGE,10.0,EDUCATION,A,8000,7.29,0.09,N,4,0
13370,29,30000,RENT,2.0,VENTURE,A,6000,9.32,0.2,N,10,0
13371,22,45000,RENT,6.0,MEDICAL,C,10000,13.11,0.22,N,3,0
13372,24,120000,MORTGAGE,8.0,MEDICAL,C,25000,12.73,0.21,N,2,0
13373,25,39000,RENT,4.0,HOMEIMPROVEMENT,D,10000,15.62,0.26,Y,3,1
13374,25,14400,RENT,2.0,MEDICAL,B,4000,10.62,0.27,N,4,0
13375,27,24000,RENT,0.0,VENTURE,A,6000,9.63,0.25,N,10,0
13376,26,61200,RENT,3.0,MEDICAL,E,8000,16.45,0.12,N,3,1
13377,34,30000,OWN,1.0,HOMEIMPROVEMENT,C,2000,14.79,0.07,Y,6,0
13378,23,120000,MORTGAGE,5.0,DEBTCONSOLIDATION,A,7000,7.14,0.06,N,2,0
13379,27,60000,OWN,4.0,VENTURE,A,5000,7.49,0.08,N,9,0
13380,33,50000,RENT,6.0,PERSONAL,B,8000,10.99,0.16,N,5,0
13381,27,125000,MORTGAGE,3.0,DEBTCONSOLIDATION,B,20000,11.99,0.16,N,7,0
13382,24,82000,RENT,8.0,PERSONAL,B,22000,10.25,0.27,N,4,0
13383,23,80000,MORTGAGE,2.0,EDUCATION,A,10000,7.74,0.13,N,3,0
13384,33,44000,RENT,2.0,EDUCATION,E,15000,16.0,0.34,N,5,1
13385,25,58000,MORTGAGE,9.0,DEBTCONSOLIDATION,A,3500,7.88,0.06,N,4,0
13386,22,62050,RENT,1.0,MEDICAL,D,30000,16.49,0.41,Y,4,1
13387,25,97000,MORTGAGE,9.0,HOMEIMPROVEMENT,C,20000,13.22,0.21,N,2,0
13388,31,45996,OWN,6.0,HOMEIMPROVEMENT,C,3000,13.16,0.06,N,8,0
13389,25,65000,RENT,1.0,EDUCATION,B,3500,10.75,0.05,N,3,0
13390,21,38000,RENT,5.0,EDUCATION,B,12500,9.91,0.34,N,2,1
13391,24,60000,OWN,0.0,PERSONAL,B,8000,9.88,0.13,N,3,0
13392,25,74000,OWN,1.0,EDUCATION,B,11500,10.25,0.16,N,2,0
13393,23,76668,RENT,8.0,VENTURE,B,7200,11.89,0.1,N,3,0
13394,25,80000,RENT,10.0,PERSONAL,C,15000,13.43,0.19,N,3,0
13395,23,45000,RENT,0.0,DEBTCONSOLIDATION,C,6000,13.23,0.13,Y,3,0
13396,35,56000,MORTGAGE,14.0,DEBTCONSOLIDATION,A,5000,8.9,0.09,N,8,1
13397,23,90000,MORTGAGE,5.0,EDUCATION,A,15000,7.88,0.17,N,2,0
13398,25,174000,MORTGAGE,2.0,EDUCATION,A,12000,7.49,0.07,N,3,0
13399,47,70000,RENT,1.0,EDUCATION,C,8000,12.84,0.11,N,11,0
13400,23,28800,OWN,8.0,EDUCATION,A,2000,7.14,0.07,N,2,0
13401,34,80000,MORTGAGE,5.0,PERSONAL,B,2000,10.65,0.03,N,5,0
13402,22,54000,MORTGAGE,6.0,DEBTCONSOLIDATION,A,5000,5.42,0.09,N,2,0
13403,27,54000,RENT,2.0,DEBTCONSOLIDATION,A,2000,7.9,0.04,N,6,0
13404,34,48000,RENT,3.0,VENTURE,A,7200,8.9,0.15,N,7,0
13405,32,42000,RENT,2.0,DEBTCONSOLIDATION,B,6000,10.75,0.14,N,7,0
13406,23,58650,MORTGAGE,0.0,MEDICAL,A,8300,8.9,0.12,N,3,1
13407,24,65000,MORTGAGE,8.0,DEBTCONSOLIDATION,A,6000,5.42,0.09,N,4,0
13408,29,90000,MORTGAGE,6.0,EDUCATION,A,10000,7.74,0.11,N,7,0
13409,23,56525,MORTGAGE,1.0,MEDICAL,B,10000,11.48,0.15,N,3,0
13410,24,30000,RENT,2.0,DEBTCONSOLIDATION,D,6000,15.62,0.2,Y,2,1
13411,25,76000,RENT,9.0,DEBTCONSOLIDATION,A,5000,6.99,0.07,N,2,0
13412,23,120000,MORTGAGE,3.0,EDUCATION,B,20000,12.21,0.17,N,2,0
13413,22,60000,MORTGAGE,6.0,EDUCATION,A,2000,7.9,0.03,N,4,0
13414,32,101000,RENT,1.0,DEBTCONSOLIDATION,B,17000,11.58,0.17,N,6,0
13415,25,69000,RENT,4.0,PERSONAL,B,20000,11.48,0.29,N,3,1
13416,28,48000,RENT,12.0,EDUCATION,C,5000,13.99,0.1,N,8,0
13417,28,74800,MORTGAGE,1.0,MEDICAL,A,12000,7.29,0.14,N,10,0
13418,31,37000,RENT,2.0,MEDICAL,B,6000,10.38,0.16,N,10,0
13419,28,95000,RENT,1.0,MEDICAL,C,8000,13.99,0.08,Y,5,0
13420,25,78504,RENT,7.0,EDUCATION,A,25000,9.32,0.32,N,3,1
13421,24,48000,MORTGAGE,1.0,MEDICAL,A,3000,5.79,0.06,N,2,0
13422,27,75500,MORTGAGE,2.0,EDUCATION,A,14000,5.42,0.19,N,9,0
13423,23,45000,MORTGAGE,5.0,EDUCATION,D,15000,15.33,0.33,N,2,0
13424,36,60000,RENT,7.0,DEBTCONSOLIDATION,B,5000,10.37,0.08,N,14,0
13425,30,250000,MORTGAGE,5.0,PERSONAL,B,24000,11.48,0.1,N,7,0
13426,36,88000,RENT,4.0,HOMEIMPROVEMENT,B,10000,11.83,0.11,N,17,1
13427,25,60000,OWN,9.0,HOMEIMPROVEMENT,A,10000,6.62,0.17,N,3,0
13428,23,50000,MORTGAGE,7.0,EDUCATION,A,15000,6.91,0.3,N,2,0
13429,32,115000,MORTGAGE,3.0,PERSONAL,A,12000,5.79,0.1,N,8,0
13430,25,44004,RENT,2.0,MEDICAL,D,9500,15.31,0.21,Y,2,1
13431,36,50000,RENT,4.0,VENTURE,C,12000,13.49,0.24,N,16,0
13432,28,150000,MORTGAGE,12.0,DEBTCONSOLIDATION,A,12000,7.88,0.08,N,5,0
13433,23,60000,RENT,5.0,PERSONAL,A,14000,6.03,0.23,N,4,0
13434,24,85000,RENT,8.0,PERSONAL,A,15000,7.88,0.18,N,2,0
13435,33,81000,MORTGAGE,2.0,DEBTCONSOLIDATION,B,3500,10.36,0.04,N,10,1
13436,25,24000,RENT,6.0,DEBTCONSOLIDATION,A,10000,8.9,0.42,N,2,1
13437,21,45000,RENT,2.0,EDUCATION,C,4000,11.03,0.09,Y,3,0
13438,26,33000,RENT,3.0,VENTURE,B,10000,10.99,0.3,N,2,0
13439,24,75000,RENT,2.0,MEDICAL,C,5000,12.61,0.07,Y,4,0
13440,29,60000,RENT,7.0,MEDICAL,A,10000,6.17,0.17,N,8,0
13441,44,70800,RENT,4.0,PERSONAL,B,10000,12.18,0.14,N,15,0
13442,26,51000,RENT,2.0,PERSONAL,B,10000,12.69,0.2,N,4,0
13443,23,70000,MORTGAGE,5.0,PERSONAL,B,30000,11.58,0.42,N,4,0
13444,24,56950,RENT,4.0,MEDICAL,A,4500,8.9,0.07,N,3,1
13445,21,46000,MORTGAGE,5.0,PERSONAL,A,11500,6.54,0.25,N,2,0
13446,30,34000,MORTGAGE,1.0,MEDICAL,D,6000,15.58,0.18,N,10,1
13447,28,84000,MORTGAGE,12.0,DEBTCONSOLIDATION,B,5000,10.62,0.06,N,7,0
13448,31,75000,MORTGAGE,2.0,HOMEIMPROVEMENT,A,7500,8.0,0.1,N,8,0
13449,22,30000,RENT,0.0,EDUCATION,A,10000,5.79,0.33,N,4,1
13450,29,40000,RENT,14.0,EDUCATION,B,8000,10.25,0.2,N,10,0
13451,23,62000,MORTGAGE,1.0,VENTURE,A,9000,8.94,0.15,N,3,0
13452,23,53500,RENT,3.0,EDUCATION,B,15000,9.88,0.28,N,3,0
13453,22,105000,RENT,2.0,VENTURE,A,6000,8.49,0.06,N,2,0
13454,25,65000,MORTGAGE,9.0,DEBTCONSOLIDATION,C,7000,13.35,0.11,Y,3,0
13455,25,60000,MORTGAGE,9.0,HOMEIMPROVEMENT,B,5000,9.99,0.08,N,2,0
13456,22,30000,MORTGAGE,5.0,EDUCATION,C,1000,13.49,0.03,Y,4,0
13457,23,78000,MORTGAGE,4.0,VENTURE,E,10000,17.14,0.13,Y,2,0
13458,23,58000,MORTGAGE,7.0,PERSONAL,B,1000,11.49,0.02,N,4,0
13459,23,31970,RENT,0.0,VENTURE,B,4000,9.99,0.13,N,3,0
13460,28,100000,MORTGAGE,12.0,DEBTCONSOLIDATION,A,12000,6.03,0.12,N,8,0
13461,22,30000,RENT,3.0,EDUCATION,B,10000,9.25,0.33,N,3,1
13462,22,60000,RENT,0.0,EDUCATION,C,8000,13.98,0.13,N,2,0
13463,39,55000,MORTGAGE,15.0,EDUCATION,A,3000,6.62,0.05,N,11,0
13464,23,75000,MORTGAGE,7.0,MEDICAL,B,4000,10.62,0.05,N,4,0
13465,22,89028,OWN,6.0,EDUCATION,A,30000,7.29,0.34,N,4,0
13466,23,29100,RENT,2.0,DEBTCONSOLIDATION,D,8875,14.96,0.29,Y,4,1
13467,25,90000,MORTGAGE,5.0,PERSONAL,A,14000,6.54,0.16,N,3,0
13468,31,30000,RENT,1.0,PERSONAL,C,6000,13.47,0.2,N,6,1
13469,57,120000,MORTGAGE,1.0,PERSONAL,C,25000,13.16,0.21,N,26,0
13470,23,30000,RENT,4.0,MEDICAL,D,4800,16.49,0.16,N,4,1
13471,25,32000,MORTGAGE,0.0,MEDICAL,E,13750,16.45,0.44,N,3,1
13472,30,46800,MORTGAGE,14.0,PERSONAL,A,6000,5.42,0.13,N,9,0
13473,24,104000,RENT,8.0,PERSONAL,A,8000,7.51,0.08,N,4,0
13474,23,45000,RENT,4.0,MEDICAL,B,14500,10.75,0.31,N,4,1
13475,37,20000,RENT,2.0,EDUCATION,A,4500,8.0,0.22,N,14,0
13476,35,104000,MORTGAGE,15.0,PERSONAL,B,10000,10.65,0.1,N,6,0
13477,25,42000,MORTGAGE,6.0,PERSONAL,B,7000,10.65,0.17,N,2,0
13478,33,55000,MORTGAGE,4.0,DEBTCONSOLIDATION,A,5000,7.49,0.09,N,10,0
13479,22,24000,RENT,0.0,EDUCATION,B,8000,10.37,0.33,N,2,1
13480,24,36000,MORTGAGE,2.0,VENTURE,A,12375,7.91,0.34,N,4,0
13481,28,63440,OWN,4.0,VENTURE,B,20000,11.36,0.32,N,9,0
13482,33,33000,RENT,2.0,VENTURE,D,7500,14.84,0.23,N,6,1
13483,22,59000,RENT,2.0,DEBTCONSOLIDATION,D,10000,14.96,0.17,Y,3,1
13484,32,85000,MORTGAGE,5.0,EDUCATION,A,3000,6.62,0.04,N,9,0
13485,27,25000,OWN,1.0,HOMEIMPROVEMENT,A,6000,8.94,0.25,N,9,0
13486,32,60000,MORTGAGE,6.0,HOMEIMPROVEMENT,A,8000,7.49,0.13,N,6,0
13487,23,46610,RENT,2.0,DEBTCONSOLIDATION,E,17000,15.95,0.35,Y,3,1
13488,29,50000,RENT,2.0,DEBTCONSOLIDATION,B,15600,10.25,0.3,N,6,0
13489,23,60000,MORTGAGE,0.0,PERSONAL,A,12000,6.91,0.2,N,4,0
13490,25,49268,MORTGAGE,5.0,DEBTCONSOLIDATION,C,12000,13.11,0.24,Y,2,0
13491,24,65000,RENT,0.0,PERSONAL,A,5000,6.99,0.08,N,2,0
13492,36,44000,RENT,1.0,VENTURE,B,5000,10.08,0.11,N,13,0
13493,22,30000,RENT,6.0,MEDICAL,B,2500,12.69,0.08,N,2,1
13494,23,91000,MORTGAGE,7.0,DEBTCONSOLIDATION,B,15000,10.74,0.16,N,3,0
13495,22,80000,RENT,3.0,EDUCATION,C,12000,13.85,0.15,N,4,0
13496,27,74400,MORTGAGE,11.0,DEBTCONSOLIDATION,D,15000,15.99,0.2,N,10,1
13497,57,85000,RENT,1.0,VENTURE,A,10000,8.9,0.12,N,29,0
13498,22,48000,MORTGAGE,1.0,EDUCATION,A,9000,7.88,0.19,N,2,0
13499,47,83000,MORTGAGE,3.0,DEBTCONSOLIDATION,A,6000,7.14,0.07,N,12,0
13500,23,88512,MORTGAGE,7.0,EDUCATION,A,3000,5.79,0.03,N,4,0
13501,29,50000,OWN,3.0,MEDICAL,A,5000,5.79,0.1,N,5,0
13502,28,175000,MORTGAGE,12.0,EDUCATION,B,25000,9.01,0.14,N,8,0
13503,35,60000,RENT,4.0,EDUCATION,C,3000,14.27,0.05,Y,8,0
13504,25,34000,RENT,3.0,VENTURE,B,6000,11.49,0.18,N,3,0
13505,26,120000,RENT,11.0,VENTURE,C,10000,13.61,0.08,Y,4,0
13506,24,32000,RENT,2.0,DEBTCONSOLIDATION,E,5000,16.0,0.16,N,2,1
13507,45,52660,MORTGAGE,2.0,HOMEIMPROVEMENT,B,15000,12.18,0.28,N,12,0
13508,25,69000,RENT,6.0,MEDICAL,B,16000,10.37,0.23,N,2,0
13509,28,100000,MORTGAGE,11.0,VENTURE,A,4500,5.79,0.04,N,7,0
13510,34,68000,MORTGAGE,4.0,PERSONAL,A,11000,5.99,0.16,N,6,0
13511,25,32000,RENT,4.0,DEBTCONSOLIDATION,A,5100,5.99,0.16,N,3,0
13512,30,39000,RENT,7.0,EDUCATION,C,6000,12.68,0.15,N,10,0
13513,28,59000,RENT,0.0,HOMEIMPROVEMENT,D,4000,14.61,0.08,N,7,1
13514,29,43000,MORTGAGE,2.0,HOMEIMPROVEMENT,A,8000,5.79,0.19,N,8,0
13515,34,69000,RENT,0.0,EDUCATION,E,12000,15.95,0.17,Y,8,1
13516,26,21000,RENT,1.0,PERSONAL,B,4000,11.86,0.19,N,3,0
13517,23,30000,RENT,6.0,DEBTCONSOLIDATION,C,10000,14.72,0.33,N,4,1
13518,29,45000,MORTGAGE,5.0,DEBTCONSOLIDATION,B,10000,10.65,0.22,N,8,0
13519,26,72000,MORTGAGE,4.0,MEDICAL,C,14000,12.68,0.19,Y,2,0
13520,22,36000,MORTGAGE,5.0,MEDICAL,A,2800,6.99,0.08,N,2,0
13521,22,48000,RENT,0.0,EDUCATION,C,3500,13.49,0.07,Y,3,0
13522,44,116000,MORTGAGE,3.0,DEBTCONSOLIDATION,C,5500,13.79,0.05,N,13,0
13523,22,62900,RENT,6.0,MEDICAL,D,12000,15.95,0.16,N,3,1
13524,25,40000,MORTGAGE,4.0,PERSONAL,B,6000,11.12,0.15,N,2,0
13525,27,55000,RENT,3.0,EDUCATION,A,10000,8.94,0.18,N,8,0
13526,23,35000,RENT,1.0,VENTURE,C,1800,13.22,0.05,Y,4,0
13527,25,43200,OWN,6.0,PERSONAL,A,10000,7.49,0.23,N,2,0
13528,29,26000,RENT,4.0,PERSONAL,B,5500,10.65,0.21,N,9,0
13529,24,48000,RENT,4.0,PERSONAL,A,12000,7.49,0.25,N,4,0
13530,25,95000,RENT,2.0,PERSONAL,A,2500,6.62,0.03,N,4,0
13531,31,23000,RENT,2.0,EDUCATION,C,1000,13.48,0.04,Y,8,0
13532,24,30000,RENT,6.0,MEDICAL,C,11000,13.49,0.36,N,2,1
13533,23,28800,MORTGAGE,2.0,MEDICAL,B,2000,12.42,0.07,N,2,0
13534,25,35000,OWN,4.0,HOMEIMPROVEMENT,A,5000,7.49,0.14,N,4,0
13535,26,92500,RENT,5.0,MEDICAL,B,12000,11.71,0.13,N,4,0
13536,45,37980,MORTGAGE,6.0,EDUCATION,A,3500,5.42,0.09,N,13,0
13537,31,48000,RENT,2.0,HOMEIMPROVEMENT,A,6550,6.17,0.14,N,8,1
13538,27,84000,MORTGAGE,5.0,MEDICAL,A,10000,6.03,0.12,N,10,0
13539,30,42000,RENT,2.0,MEDICAL,B,8500,11.11,0.2,N,10,0
13540,26,30000,OWN,4.0,EDUCATION,A,11000,7.49,0.37,N,3,0
13541,37,45000,MORTGAGE,6.0,VENTURE,A,10800,6.03,0.24,N,13,0
13542,30,134500,MORTGAGE,9.0,DEBTCONSOLIDATION,B,24000,10.99,0.18,N,6,0
13543,32,130000,RENT,0.0,HOMEIMPROVEMENT,D,5000,15.65,0.04,Y,6,0
13544,24,110000,MORTGAGE,4.0,VENTURE,C,9000,13.35,0.08,N,4,0
13545,32,100000,MORTGAGE,7.0,EDUCATION,A,9800,7.9,0.1,N,5,0
13546,26,39600,RENT,1.0,PERSONAL,D,10000,14.84,0.25,N,3,1
13547,42,60000,MORTGAGE,1.0,PERSONAL,B,10000,10.99,0.17,N,17,0
13548,28,30000,RENT,1.0,EDUCATION,C,5000,13.49,0.17,N,9,0
13549,40,58000,MORTGAGE,9.0,HOMEIMPROVEMENT,A,15000,6.17,0.26,N,14,0
13550,24,14400,RENT,3.0,MEDICAL,C,3500,13.23,0.25,Y,2,1
13551,35,90000,MORTGAGE,1.0,PERSONAL,C,20000,13.85,0.22,N,9,0
13552,25,80000,MORTGAGE,1.0,VENTURE,B,5000,11.26,0.06,N,4,0
13553,24,45000,MORTGAGE,8.0,VENTURE,B,9000,10.38,0.2,N,3,0
13554,21,44000,RENT,5.0,MEDICAL,C,15000,13.11,0.34,Y,3,1
13555,36,42000,MORTGAGE,5.0,HOMEIMPROVEMENT,D,8500,15.58,0.21,Y,14,0
13556,24,49000,RENT,0.0,MEDICAL,B,8000,12.18,0.16,N,4,0
13557,45,50000,RENT,5.0,VENTURE,A,5000,7.51,0.1,N,15,0
13558,24,46800,MORTGAGE,1.0,VENTURE,B,11200,11.99,0.24,N,3,0
13559,24,30000,MORTGAGE,2.0,MEDICAL,B,10000,10.99,0.33,N,3,0
13560,25,40800,MORTGAGE,1.0,HOMEIMPROVEMENT,B,12000,10.0,0.29,N,2,0
13561,22,65000,MORTGAGE,6.0,EDUCATION,B,6000,9.63,0.09,N,4,0
13562,21,102000,MORTGAGE,0.0,PERSONAL,A,20000,7.88,0.2,N,3,0
13563,50,68000,MORTGAGE,2.0,PERSONAL,B,6000,11.49,0.09,N,13,0
13564,29,85000,MORTGAGE,9.0,EDUCATION,C,20000,13.92,0.24,N,8,0
13565,29,60000,MORTGAGE,7.0,HOMEIMPROVEMENT,A,10000,6.17,0.17,N,10,0
13566,51,52000,RENT,1.0,HOMEIMPROVEMENT,C,6400,13.23,0.12,N,24,0
13567,23,138000,MORTGAGE,4.0,MEDICAL,A,5000,6.62,0.04,N,4,0
13568,26,51600,RENT,10.0,HOMEIMPROVEMENT,B,3500,9.96,0.07,N,3,0
13569,34,50000,RENT,4.0,EDUCATION,A,14000,8.9,0.28,N,9,0
13570,23,72000,RENT,0.0,PERSONAL,D,20000,14.74,0.28,Y,3,1
13571,22,50000,OWN,0.0,PERSONAL,A,6000,8.49,0.12,N,4,0
13572,23,114400,MORTGAGE,7.0,PERSONAL,A,10000,6.54,0.09,N,2,0
13573,22,40000,RENT,3.0,VENTURE,A,10000,7.66,0.25,N,3,0
13574,32,70000,MORTGAGE,11.0,HOMEIMPROVEMENT,A,12000,7.51,0.17,N,7,0
13575,22,35000,MORTGAGE,6.0,MEDICAL,B,5000,10.65,0.14,N,2,0
13576,23,100000,MORTGAGE,7.0,EDUCATION,A,12000,8.59,0.12,N,4,0
13577,23,69996,MORTGAGE,2.0,VENTURE,C,10000,12.84,0.14,Y,4,0
13578,30,56000,OWN,5.0,VENTURE,B,10000,10.65,0.18,N,6,0
13579,52,75000,RENT,6.0,PERSONAL,C,6000,13.49,0.08,N,28,0
13580,22,40000,RENT,1.0,MEDICAL,B,9500,12.69,0.24,N,4,0
13581,25,26400,RENT,2.0,HOMEIMPROVEMENT,C,5500,14.35,0.21,N,3,1
13582,29,75000,RENT,0.0,DEBTCONSOLIDATION,B,4000,9.99,0.05,N,5,0
13583,34,100000,RENT,0.0,PERSONAL,C,25000,12.87,0.25,Y,8,0
13584,31,48000,RENT,0.0,DEBTCONSOLIDATION,B,3000,9.99,0.06,N,5,0
13585,22,72000,RENT,2.0,DEBTCONSOLIDATION,C,2400,14.17,0.03,N,3,0
13586,24,130000,RENT,2.0,VENTURE,B,10000,9.99,0.08,N,2,0
13587,29,80000,MORTGAGE,2.0,MEDICAL,A,5000,5.42,0.06,N,7,0
13588,29,61000,MORTGAGE,7.0,VENTURE,C,1200,13.35,0.02,N,9,0
13589,29,28000,MORTGAGE,7.0,VENTURE,A,3200,7.88,0.12,N,5,0
13590,22,24000,MORTGAGE,2.0,EDUCATION,B,8875,11.49,0.36,N,3,0
13591,35,115200,MORTGAGE,3.0,VENTURE,A,30000,7.9,0.23,N,7,0
13592,24,50000,RENT,0.0,DEBTCONSOLIDATION,B,15000,10.51,0.3,N,4,0
13593,22,84000,RENT,0.0,DEBTCONSOLIDATION,C,10000,14.26,0.12,Y,3,0
13594,22,29004,RENT,6.0,PERSONAL,A,7750,8.94,0.26,N,3,1
13595,27,24000,OWN,0.0,PERSONAL,B,12500,11.71,0.5,N,8,0
13596,24,48000,RENT,5.0,VENTURE,C,10000,13.48,0.21,N,3,0
13597,23,32000,RENT,0.0,VENTURE,B,10000,10.37,0.31,N,4,1
13598,26,46700,RENT,7.0,HOMEIMPROVEMENT,D,9000,13.36,0.19,N,2,0
13599,32,80000,RENT,0.0,HOMEIMPROVEMENT,A,4800,7.49,0.06,N,5,0
13600,26,100000,RENT,3.0,VENTURE,D,1000,16.29,0.01,Y,3,0
13601,23,53000,RENT,2.0,PERSONAL,A,8500,7.49,0.16,N,3,0
13602,30,65000,MORTGAGE,7.0,PERSONAL,A,10000,7.9,0.15,N,10,0
13603,27,97000,MORTGAGE,3.0,HOMEIMPROVEMENT,C,5000,13.49,0.05,N,9,0
13604,27,50000,RENT,3.0,MEDICAL,A,6000,6.17,0.12,N,9,0
13605,22,32124,RENT,4.0,VENTURE,C,6000,13.22,0.19,Y,4,0
13606,24,54400,RENT,8.0,VENTURE,D,5000,16.07,0.08,N,3,1
13607,36,110000,MORTGAGE,5.0,EDUCATION,B,14000,11.49,0.13,N,16,0
13608,23,80000,MORTGAGE,4.0,VENTURE,A,10000,7.51,0.13,N,2,0
13609,30,35000,RENT,1.0,MEDICAL,B,5000,10.36,0.14,N,5,0
13610,22,24000,RENT,3.0,PERSONAL,C,3000,12.53,0.13,Y,3,0
13611,27,87000,RENT,3.0,HOMEIMPROVEMENT,A,20000,7.49,0.23,N,9,0
13612,22,64000,MORTGAGE,4.0,VENTURE,A,8000,7.9,0.13,N,3,0
13613,23,25000,RENT,1.0,EDUCATION,A,5500,7.74,0.22,N,3,0
13614,23,76486,MORTGAGE,1.0,VENTURE,A,6000,7.9,0.08,N,2,0
13615,33,52000,MORTGAGE,8.0,PERSONAL,A,4800,7.14,0.09,N,7,0
13616,30,58000,OWN,9.0,HOMEIMPROVEMENT,A,3000,8.9,0.05,N,7,0
13617,30,130000,MORTGAGE,14.0,VENTURE,A,6300,6.62,0.05,N,6,0
13618,39,55000,MORTGAGE,4.0,HOMEIMPROVEMENT,B,7500,11.86,0.14,N,11,1
13619,30,135000,MORTGAGE,2.0,HOMEIMPROVEMENT,D,8000,16.77,0.06,Y,5,0
13620,24,42000,RENT,0.0,MEDICAL,C,10000,13.49,0.24,N,4,0
13621,28,40000,MORTGAGE,11.0,DEBTCONSOLIDATION,B,8000,9.91,0.2,N,6,0
13622,24,48000,RENT,2.0,MEDICAL,A,9000,8.0,0.19,N,4,0
13623,25,31200,RENT,0.0,EDUCATION,B,6000,9.99,0.19,N,4,0
13624,22,40000,RENT,0.0,EDUCATION,A,4000,7.88,0.1,N,2,0
13625,24,45000,RENT,8.0,EDUCATION,A,7800,7.49,0.17,N,2,0
13626,36,48712,MORTGAGE,7.0,DEBTCONSOLIDATION,A,5000,6.91,0.1,N,11,0
13627,45,62000,RENT,2.0,DEBTCONSOLIDATION,C,10000,12.87,0.16,Y,16,0
13628,37,40000,MORTGAGE,7.0,EDUCATION,A,6000,7.49,0.15,N,14,0
13629,43,70000,RENT,9.0,MEDICAL,B,3000,11.71,0.04,N,13,0
13630,26,90000,MORTGAGE,0.0,VENTURE,A,15000,8.94,0.17,N,2,0
13631,23,57600,MORTGAGE,7.0,EDUCATION,A,6000,7.29,0.1,N,2,0
13632,37,25000,RENT,0.0,EDUCATION,C,5000,13.23,0.2,N,17,0
13633,24,52703,RENT,8.0,EDUCATION,A,4000,6.76,0.07,N,3,0
13634,35,60000,MORTGAGE,8.0,PERSONAL,A,9000,7.49,0.15,N,7,0
13635,27,50000,RENT,1.0,PERSONAL,C,7000,13.49,0.14,Y,8,0
13636,28,120000,MORTGAGE,3.0,HOMEIMPROVEMENT,A,8000,7.88,0.07,N,8,0
13637,27,20000,RENT,2.0,VENTURE,A,5500,7.49,0.28,N,6,0
13638,29,68000,RENT,5.0,MEDICAL,B,16800,11.99,0.24,N,10,0
13639,23,74004,RENT,0.0,EDUCATION,D,25000,16.32,0.34,Y,4,1
13640,24,49200,MORTGAGE,2.0,HOMEIMPROVEMENT,A,7000,6.76,0.14,N,3,0
13641,28,50000,RENT,3.0,MEDICAL,B,2000,12.42,0.04,N,5,0
13642,25,93000,RENT,1.0,HOMEIMPROVEMENT,C,9200,13.61,0.1,N,3,0
13643,33,49548,RENT,6.0,EDUCATION,A,2400,12.84,0.05,N,6,0
13644,22,52800,RENT,6.0,DEBTCONSOLIDATION,C,4800,14.65,0.09,Y,4,0
13645,26,40000,RENT,5.0,VENTURE,C,9000,14.27,0.23,N,3,0
13646,23,95004,OWN,7.0,EDUCATION,B,12000,10.0,0.13,N,4,0
13647,23,45000,RENT,2.0,VENTURE,A,12000,7.88,0.27,N,2,0
13648,22,90000,MORTGAGE,6.0,PERSONAL,A,10000,7.88,0.11,N,3,0
13649,25,60000,MORTGAGE,9.0,DEBTCONSOLIDATION,A,7000,7.88,0.12,N,4,0
13650,24,52000,RENT,5.0,EDUCATION,A,6000,8.9,0.12,N,3,0
13651,22,37600,RENT,6.0,EDUCATION,A,15000,6.03,0.4,N,3,1
13652,23,50000,MORTGAGE,7.0,EDUCATION,B,10000,11.71,0.2,N,4,0
13653,31,44000,RENT,2.0,MEDICAL,B,10000,10.65,0.23,N,9,0
13654,34,54000,RENT,1.0,HOMEIMPROVEMENT,C,7000,13.98,0.13,N,7,0
13655,32,42000,RENT,2.0,PERSONAL,B,4000,10.59,0.1,N,10,0
13656,26,69360,OWN,5.0,MEDICAL,B,4000,11.14,0.06,N,2,0
13657,22,65000,RENT,0.0,DEBTCONSOLIDATION,B,4500,9.88,0.07,N,4,0
13658,25,50000,MORTGAGE,0.0,EDUCATION,C,4000,12.61,0.08,Y,4,0
13659,22,110000,MORTGAGE,0.0,VENTURE,C,12000,13.48,0.11,Y,3,0
13660,30,37000,RENT,0.0,DEBTCONSOLIDATION,B,6000,9.99,0.16,N,10,0
13661,37,40000,RENT,1.0,DEBTCONSOLIDATION,B,2000,11.83,0.05,N,17,0
13662,22,72000,RENT,6.0,DEBTCONSOLIDATION,A,10000,7.66,0.14,N,4,0
13663,24,29000,OTHER,2.0,MEDICAL,C,4500,14.26,0.15,Y,4,1
13664,26,23000,RENT,0.0,DEBTCONSOLIDATION,A,7000,8.9,0.3,N,2,0
13665,25,60000,RENT,4.0,HOMEIMPROVEMENT,C,2000,13.49,0.03,Y,4,0
13666,47,56000,MORTGAGE,5.0,PERSONAL,D,11200,15.31,0.21,N,17,0
13667,22,50500,RENT,6.0,VENTURE,C,6000,12.53,0.12,N,4,0
13668,27,150000,MORTGAGE,3.0,HOMEIMPROVEMENT,C,6000,13.23,0.04,N,9,0
13669,24,38400,RENT,5.0,EDUCATION,B,12000,10.38,0.31,N,3,1
13670,39,78301,MORTGAGE,11.0,DEBTCONSOLIDATION,A,17500,6.54,0.22,N,11,0
13671,28,43200,RENT,2.0,DEBTCONSOLIDATION,C,3200,12.99,0.07,N,6,0
13672,36,170000,RENT,3.0,HOMEIMPROVEMENT,B,10000,10.37,0.06,N,12,0
13673,30,69000,RENT,7.0,EDUCATION,D,11000,17.58,0.16,Y,7,0
13674,30,62256,MORTGAGE,1.0,HOMEIMPROVEMENT,B,9000,10.59,0.14,Y,10,0
13675,34,30000,MORTGAGE,3.0,VENTURE,B,3500,11.99,0.12,N,8,0
13676,24,75000,RENT,1.0,HOMEIMPROVEMENT,A,10000,8.94,0.13,N,2,0
13677,26,35000,RENT,3.0,MEDICAL,A,12325,6.54,0.34,N,2,1
13678,22,150000,MORTGAGE,6.0,EDUCATION,B,12000,10.99,0.08,N,4,0
13679,24,45000,RENT,5.0,MEDICAL,B,10000,10.99,0.22,N,2,0
13680,36,42000,RENT,0.0,MEDICAL,B,5000,9.99,0.12,N,15,0
13681,24,95000,RENT,4.0,HOMEIMPROVEMENT,A,35000,7.9,0.37,N,4,1
13682,24,90000,RENT,0.0,VENTURE,B,15000,11.89,0.17,N,3,0
13683,21,38000,RENT,5.0,PERSONAL,C,3000,13.49,0.08,N,2,0
13684,24,82500,MORTGAGE,8.0,PERSONAL,A,10000,7.51,0.12,N,2,0
13685,29,70000,MORTGAGE,0.0,PERSONAL,A,4000,8.0,0.06,N,9,0
13686,30,120000,MORTGAGE,5.0,VENTURE,A,15000,7.49,0.12,N,5,0
13687,27,43000,RENT,5.0,MEDICAL,B,10000,9.99,0.23,N,6,0
13688,27,50000,MORTGAGE,2.0,HOMEIMPROVEMENT,C,8000,13.61,0.16,Y,7,0
13689,28,80000,RENT,4.0,VENTURE,B,12000,11.71,0.15,N,6,0
13690,23,29000,RENT,7.0,PERSONAL,D,6000,16.77,0.21,Y,4,1
13691,23,53250,RENT,1.0,VENTURE,B,8000,10.99,0.15,N,3,0
13692,24,40000,RENT,6.0,DEBTCONSOLIDATION,A,2500,8.9,0.06,N,2,0
13693,25,47000,RENT,0.0,PERSONAL,B,6000,9.99,0.13,N,4,0
13694,24,30000,RENT,1.0,VENTURE,B,15000,12.42,0.5,N,2,1
13695,33,50000,MORTGAGE,3.0,EDUCATION,D,2400,15.05,0.05,Y,7,0
13696,23,56100,RENT,2.0,MEDICAL,D,7500,16.07,0.12,N,3,1
13697,28,105000,MORTGAGE,7.0,DEBTCONSOLIDATION,C,9600,14.27,0.09,Y,10,0
13698,27,60000,RENT,11.0,VENTURE,A,3600,7.68,0.06,N,7,0
13699,22,140000,MORTGAGE,6.0,MEDICAL,A,14000,6.62,0.1,N,4,0
13700,24,50000,RENT,8.0,VENTURE,C,5000,12.53,0.1,N,4,0
13701,28,90000,MORTGAGE,12.0,EDUCATION,A,9500,7.9,0.11,N,5,0
13702,24,30000,RENT,2.0,DEBTCONSOLIDATION,B,6000,11.49,0.2,N,4,0
13703,48,65000,RENT,1.0,EDUCATION,B,5000,11.49,0.08,N,14,0
13704,24,77700,MORTGAGE,8.0,VENTURE,B,14000,10.99,0.18,N,3,0
13705,23,60000,RENT,7.0,EDUCATION,A,7500,7.9,0.13,N,4,0
13706,27,24000,RENT,0.0,MEDICAL,A,2700,7.88,0.11,N,8,0
13707,21,90000,RENT,2.0,DEBTCONSOLIDATION,B,7000,12.69,0.08,N,4,0
13708,22,89000,MORTGAGE,1.0,MEDICAL,B,14400,11.71,0.16,N,2,0
13709,21,50000,RENT,2.0,EDUCATION,B,18000,10.62,0.36,N,2,1
13710,43,60000,OWN,2.0,VENTURE,D,6000,14.96,0.1,N,15,0
13711,24,56004,MORTGAGE,2.0,HOMEIMPROVEMENT,A,11000,7.66,0.19,N,3,0
13712,26,85000,MORTGAGE,0.0,EDUCATION,A,5000,6.92,0.06,N,2,0
13713,24,37000,MORTGAGE,8.0,PERSONAL,A,3300,7.9,0.09,N,3,0
13714,25,140000,MORTGAGE,5.0,VENTURE,A,30000,7.9,0.22,N,3,0
13715,30,35000,RENT,2.0,DEBTCONSOLIDATION,A,6500,9.32,0.18,N,10,0
13716,22,100000,MORTGAGE,1.0,DEBTCONSOLIDATION,A,12000,8.94,0.12,N,2,0
13717,23,84996,MORTGAGE,4.0,EDUCATION,A,10000,7.88,0.12,N,4,0
13718,30,91228,MORTGAGE,3.0,MEDICAL,B,12000,11.89,0.13,N,9,0
13719,32,240000,MORTGAGE,6.0,EDUCATION,A,12000,7.49,0.05,N,9,0
13720,29,56000,MORTGAGE,7.0,MEDICAL,A,6400,5.99,0.11,N,10,0
13721,30,35000,MORTGAGE,2.0,MEDICAL,C,12500,15.96,0.35,N,8,0
13722,33,140000,MORTGAGE,6.0,MEDICAL,A,12000,7.51,0.09,N,7,0
13723,23,70000,RENT,3.0,PERSONAL,C,6000,14.27,0.09,Y,2,0
13724,24,60000,MORTGAGE,8.0,DEBTCONSOLIDATION,A,7000,7.51,0.12,N,2,0
13725,23,35000,RENT,0.0,PERSONAL,B,2400,10.37,0.07,N,3,0
13726,22,40000,OWN,1.0,EDUCATION,B,15000,11.71,0.38,N,2,0
13727,27,140000,RENT,2.0,VENTURE,C,20000,12.29,0.14,Y,9,0
13728,33,100000,MORTGAGE,1.0,MEDICAL,A,13750,6.91,0.14,N,7,0
13729,26,52800,RENT,2.0,EDUCATION,C,5000,13.11,0.09,Y,4,0
13730,24,45000,MORTGAGE,1.0,PERSONAL,C,2000,14.27,0.04,N,4,0
13731,29,42000,RENT,4.0,VENTURE,B,5700,9.91,0.14,N,7,0
13732,30,46800,RENT,2.0,DEBTCONSOLIDATION,A,2700,8.9,0.06,N,10,0
13733,27,60000,MORTGAGE,9.0,PERSONAL,A,5000,7.49,0.08,N,6,0
13734,29,45000,MORTGAGE,8.0,DEBTCONSOLIDATION,A,5000,7.51,0.11,N,7,0
13735,28,39000,RENT,6.0,DEBTCONSOLIDATION,D,16000,15.65,0.41,Y,5,1
13736,29,121000,MORTGAGE,7.0,EDUCATION,B,8000,9.91,0.07,N,10,0
13737,22,90000,MORTGAGE,6.0,DEBTCONSOLIDATION,A,8000,6.03,0.09,N,3,0
13738,36,45136,MORTGAGE,2.0,EDUCATION,B,10175,11.36,0.23,N,17,0
13739,23,48000,RENT,6.0,EDUCATION,C,4400,11.03,0.09,N,2,0
13740,35,43000,RENT,5.0,VENTURE,A,10000,7.51,0.23,N,10,0
13741,26,68400,MORTGAGE,10.0,VENTURE,D,5000,15.33,0.08,Y,3,0
13742,23,36707,RENT,3.0,DEBTCONSOLIDATION,D,10000,14.54,0.27,N,3,1
13743,38,140000,MORTGAGE,15.0,PERSONAL,C,8000,14.65,0.06,N,17,0
13744,24,40000,MORTGAGE,8.0,EDUCATION,D,35000,17.58,0.09,N,4,0
13745,23,44000,MORTGAGE,2.0,EDUCATION,A,10000,6.91,0.23,N,3,0
13746,22,85000,RENT,1.0,EDUCATION,A,10000,7.29,0.12,N,2,0
13747,27,50000,RENT,3.0,PERSONAL,E,10000,17.14,0.2,N,8,0
13748,31,27000,RENT,3.0,MEDICAL,B,6000,12.42,0.22,N,5,0
13749,22,40000,RENT,6.0,EDUCATION,B,14400,10.65,0.35,N,4,1
13750,24,50000,MORTGAGE,8.0,HOMEIMPROVEMENT,A,6000,6.92,0.12,N,2,0
13751,22,35300,RENT,2.0,EDUCATION,C,6000,14.27,0.17,N,2,1
13752,37,60000,RENT,9.0,HOMEIMPROVEMENT,A,15000,6.99,0.25,N,11,0
13753,24,78000,RENT,8.0,DEBTCONSOLIDATION,B,6000,11.71,0.08,N,4,0
13754,27,90000,MORTGAGE,3.0,EDUCATION,B,24250,10.62,0.27,N,7,0
13755,31,65000,MORTGAGE,5.0,VENTURE,A,6000,7.51,0.09,N,5,0
13756,28,100000,MORTGAGE,1.0,PERSONAL,A,8000,5.79,0.08,N,6,0
13757,34,45000,RENT,5.0,PERSONAL,C,14000,12.84,0.31,N,6,0
13758,48,58977,RENT,9.0,EDUCATION,D,17500,14.84,0.29,N,15,1
13759,23,70000,MORTGAGE,7.0,EDUCATION,B,5200,11.11,0.08,N,2,0
13760,22,52800,RENT,0.0,EDUCATION,C,5600,13.98,0.11,N,2,0
13761,25,50000,MORTGAGE,2.0,PERSONAL,B,3000,10.95,0.06,N,2,0
13762,28,30000,MORTGAGE,2.0,MEDICAL,A,10000,7.51,0.33,N,10,0
13763,37,45000,MORTGAGE,21.0,HOMEIMPROVEMENT,B,4000,9.88,0.09,N,15,0
13764,27,26400,MORTGAGE,4.0,DEBTCONSOLIDATION,C,7000,14.27,0.27,Y,8,0
13765,25,96000,MORTGAGE,4.0,DEBTCONSOLIDATION,A,15000,6.03,0.16,N,4,0
13766,28,45000,RENT,4.0,PERSONAL,C,15000,13.06,0.33,Y,7,1
13767,31,88000,RENT,4.0,MEDICAL,A,6000,7.14,0.07,N,7,0
13768,23,56208,MORTGAGE,7.0,MEDICAL,D,6500,15.62,0.11,N,4,1
13769,21,42000,MORTGAGE,5.0,PERSONAL,A,10000,8.59,0.24,N,2,0
13770,41,68000,RENT,9.0,VENTURE,A,3600,7.14,0.05,N,12,0
13771,29,50000,RENT,13.0,HOMEIMPROVEMENT,A,14000,7.51,0.28,N,7,0
13772,24,47000,MORTGAGE,8.0,DEBTCONSOLIDATION,B,8500,10.99,0.18,N,3,0
13773,27,78000,OWN,8.0,EDUCATION,C,24250,13.92,0.31,N,10,0
13774,29,135000,RENT,5.0,EDUCATION,B,25000,10.75,0.19,N,7,0
13775,26,70000,RENT,3.0,EDUCATION,C,7500,13.11,0.11,Y,2,0
13776,25,81500,MORTGAGE,9.0,EDUCATION,C,6000,15.23,0.07,Y,2,0
13777,24,48715,RENT,2.0,VENTURE,C,12000,12.87,0.25,N,4,0
13778,25,54000,RENT,8.0,DEBTCONSOLIDATION,D,15000,14.42,0.28,Y,4,1
13779,53,304800,MORTGAGE,6.0,VENTURE,B,5000,10.59,0.02,N,22,0
13780,37,36000,OWN,2.0,MEDICAL,A,1800,6.54,0.05,N,13,0
13781,30,120000,MORTGAGE,15.0,DEBTCONSOLIDATION,A,12000,6.03,0.1,N,9,0
13782,30,78504,RENT,6.0,MEDICAL,B,25000,11.12,0.32,N,6,1
13783,52,63500,MORTGAGE,9.0,PERSONAL,A,12000,5.42,0.19,N,25,0
13784,29,25000,RENT,4.0,PERSONAL,C,8000,13.49,0.32,Y,10,1
13785,22,78000,MORTGAGE,6.0,EDUCATION,C,10000,14.27,0.13,Y,2,0
13786,27,45000,MORTGAGE,7.0,VENTURE,A,11800,5.79,0.25,N,9,0
13787,34,70000,MORTGAGE,3.0,VENTURE,A,15000,7.14,0.21,N,10,0
13788,23,36000,MORTGAGE,3.0,VENTURE,A,5000,7.51,0.14,N,3,0
13789,27,75000,MORTGAGE,0.0,HOMEIMPROVEMENT,A,12000,5.99,0.16,N,10,0
13790,23,63500,OWN,0.0,EDUCATION,C,2500,14.72,0.04,N,3,0
13791,24,40000,RENT,4.0,VENTURE,B,7000,12.69,0.17,N,2,0
13792,25,85000,MORTGAGE,9.0,PERSONAL,B,10000,9.99,0.12,N,3,0
13793,26,32004,RENT,10.0,DEBTCONSOLIDATION,C,5000,13.99,0.16,N,2,0
13794,30,48000,RENT,14.0,DEBTCONSOLIDATION,E,19750,15.13,0.4,N,8,1
13795,30,69000,RENT,0.0,EDUCATION,C,15000,13.22,0.22,Y,7,1
13796,28,54000,RENT,2.0,VENTURE,C,6000,14.27,0.11,N,5,0
13797,34,70000,MORTGAGE,6.0,PERSONAL,A,10200,6.03,0.15,N,8,0
13798,24,76000,MORTGAGE,4.0,PERSONAL,A,5500,7.49,0.07,N,4,0
13799,25,60000,OWN,3.0,EDUCATION,C,4000,14.22,0.07,Y,4,0
13800,28,69000,MORTGAGE,4.0,HOMEIMPROVEMENT,C,18000,13.49,0.26,Y,9,0
13801,23,48996,RENT,7.0,MEDICAL,D,2500,14.59,0.05,Y,3,1
13802,25,95950,MORTGAGE,9.0,DEBTCONSOLIDATION,A,7000,7.74,0.07,N,2,0
13803,36,45000,RENT,7.0,EDUCATION,B,10000,11.89,0.22,N,13,0
13804,35,43200,MORTGAGE,4.0,VENTURE,A,7500,6.62,0.18,N,10,0
13805,43,51600,MORTGAGE,1.0,MEDICAL,D,5000,14.96,0.1,Y,12,1
13806,23,60000,MORTGAGE,1.0,EDUCATION,B,4000,10.37,0.07,N,2,0
13807,26,120000,MORTGAGE,3.0,HOMEIMPROVEMENT,C,12000,13.85,0.1,Y,4,0
13808,22,65000,MORTGAGE,3.0,MEDICAL,A,15000,7.88,0.23,N,4,0
13809,21,37200,RENT,5.0,VENTURE,A,10000,7.4,0.27,N,4,0
13810,25,70000,MORTGAGE,9.0,PERSONAL,B,12000,10.99,0.17,N,4,0
13811,27,98000,OWN,11.0,MEDICAL,B,16000,10.99,0.16,N,10,0
13812,24,18000,RENT,2.0,HOMEIMPROVEMENT,C,7600,13.06,0.42,Y,2,1
13813,25,50000,RENT,0.0,HOMEIMPROVEMENT,B,3000,11.49,0.06,N,2,0
13814,22,75000,MORTGAGE,6.0,PERSONAL,B,10000,11.99,0.13,N,4,0
13815,23,52000,MORTGAGE,7.0,EDUCATION,B,10000,10.59,0.19,N,3,0
13816,23,103250,MORTGAGE,7.0,EDUCATION,C,24000,13.11,0.23,Y,4,0
13817,25,36000,MORTGAGE,5.0,PERSONAL,A,3350,5.42,0.09,N,3,0
13818,27,36000,RENT,3.0,DEBTCONSOLIDATION,A,10000,7.51,0.28,N,6,0
13819,23,55000,RENT,7.0,MEDICAL,C,8000,13.49,0.15,N,3,0
13820,24,70000,RENT,6.0,MEDICAL,B,20000,12.21,0.29,N,3,0
13821,25,60000,MORTGAGE,9.0,DEBTCONSOLIDATION,C,5000,12.99,0.08,Y,4,0
13822,37,58650,MORTGAGE,21.0,VENTURE,B,4000,10.59,0.07,N,12,0
13823,23,96000,MORTGAGE,1.0,MEDICAL,C,1000,14.72,0.01,Y,3,0
13824,24,50000,RENT,2.0,HOMEIMPROVEMENT,C,8400,14.72,0.17,Y,4,0
13825,23,36000,OWN,7.0,VENTURE,B,15000,9.83,0.42,N,3,0
13826,33,56000,MORTGAGE,1.0,HOMEIMPROVEMENT,B,2800,10.65,0.05,N,6,0
13827,22,30000,RENT,0.0,DEBTCONSOLIDATION,B,3600,10.37,0.11,N,3,0
13828,55,59004,MORTGAGE,2.0,DEBTCONSOLIDATION,D,20000,15.58,0.34,Y,24,1
13829,40,60000,RENT,2.0,EDUCATION,D,8000,14.96,0.13,N,17,1
13830,35,80000,MORTGAGE,13.0,PERSONAL,A,14000,6.62,0.17,N,9,0
13831,24,37000,RENT,0.0,VENTURE,E,14000,18.64,0.36,N,4,1
13832,24,56000,MORTGAGE,1.0,EDUCATION,C,6000,12.99,0.11,Y,3,0
13833,23,55000,RENT,5.0,EDUCATION,A,17000,6.91,0.31,N,2,1
13834,23,30000,RENT,5.0,VENTURE,C,8000,13.49,0.27,N,3,0
13835,29,115000,MORTGAGE,5.0,MEDICAL,A,4500,7.49,0.04,N,10,0
13836,23,39000,RENT,3.0,EDUCATION,A,6000,7.51,0.15,N,3,1
13837,28,42000,MORTGAGE,4.0,DEBTCONSOLIDATION,E,15000,17.99,0.36,Y,6,1
13838,54,190000,MORTGAGE,11.0,PERSONAL,B,20000,8.88,0.11,N,19,0
13839,27,49200,RENT,4.0,MEDICAL,C,3000,13.48,0.06,N,8,0
13840,66,91000,RENT,5.0,PERSONAL,C,8000,13.49,0.09,N,23,0
13841,27,60000,RENT,7.0,PERSONAL,C,12000,12.53,0.2,Y,8,0
13842,23,50000,RENT,0.0,DEBTCONSOLIDATION,A,3000,8.59,0.06,N,4,0
13843,31,60000,MORTGAGE,5.0,MEDICAL,C,15000,14.22,0.25,N,5,0
13844,24,65000,RENT,0.0,PERSONAL,B,16000,9.99,0.25,N,3,0
13845,23,80000,MORTGAGE,7.0,MEDICAL,B,7500,10.71,0.09,N,3,0
13846,24,44000,MORTGAGE,8.0,PERSONAL,E,10000,17.14,0.23,N,2,1
13847,22,70000,MORTGAGE,7.0,EDUCATION,A,8000,7.66,0.11,N,3,0
13848,27,75000,MORTGAGE,4.0,MEDICAL,B,13650,10.65,0.18,N,7,0
13849,23,34000,RENT,1.0,VENTURE,C,3200,14.79,0.09,Y,2,0
13850,27,50000,RENT,4.0,DEBTCONSOLIDATION,A,15000,7.88,0.3,N,8,0
13851,36,110000,MORTGAGE,0.0,DEBTCONSOLIDATION,A,10000,7.51,0.09,N,15,0
13852,24,52500,RENT,6.0,HOMEIMPROVEMENT,B,9000,12.42,0.16,N,4,0
13853,27,140000,MORTGAGE,11.0,MEDICAL,A,25000,7.51,0.18,N,6,0
13854,38,48000,RENT,5.0,EDUCATION,B,5000,12.42,0.1,N,11,0
13855,43,80000,RENT,9.0,DEBTCONSOLIDATION,B,5500,10.99,0.07,N,17,0
13856,37,43000,RENT,1.0,MEDICAL,B,12000,10.74,0.28,N,14,0
13857,28,30000,RENT,0.0,HOMEIMPROVEMENT,D,6500,17.58,0.22,Y,7,1
13858,26,59000,RENT,1.0,PERSONAL,D,12250,14.59,0.2,Y,4,1
13859,27,65000,MORTGAGE,11.0,HOMEIMPROVEMENT,A,6500,7.51,0.1,N,7,0
13860,28,50000,RENT,6.0,VENTURE,D,6500,14.96,0.13,Y,7,0
13861,27,54000,MORTGAGE,11.0,VENTURE,A,11700,8.49,0.21,N,6,0
13862,23,50000,RENT,4.0,DEBTCONSOLIDATION,A,6400,7.88,0.13,N,2,0
13863,25,80000,MORTGAGE,0.0,EDUCATION,A,7000,8.59,0.09,N,3,0
13864,22,80000,RENT,3.0,DEBTCONSOLIDATION,B,10000,10.59,0.13,N,3,0
13865,30,64000,MORTGAGE,11.0,PERSONAL,A,2500,6.62,0.04,N,7,0
13866,22,53000,MORTGAGE,6.0,PERSONAL,B,2000,10.75,0.04,N,4,0
13867,33,35496,RENT,3.0,DEBTCONSOLIDATION,B,5000,12.53,0.14,N,6,0
13868,24,52000,RENT,8.0,DEBTCONSOLIDATION,D,5000,15.7,0.1,Y,3,1
13869,22,64000,RENT,3.0,DEBTCONSOLIDATION,B,6000,11.89,0.09,N,4,1
13870,35,82000,MORTGAGE,4.0,VENTURE,C,1000,13.49,0.01,Y,10,0
13871,29,54000,MORTGAGE,13.0,HOMEIMPROVEMENT,A,7000,8.94,0.13,N,10,0
13872,24,77300,RENT,2.0,EDUCATION,B,1807,10.37,0.24,N,2,0
13873,23,108000,MORTGAGE,7.0,EDUCATION,B,12000,10.37,0.11,N,2,0
13874,22,28500,MORTGAGE,6.0,PERSONAL,A,4200,7.74,0.14,N,3,0
13875,23,60000,RENT,2.0,PERSONAL,B,25000,10.99,0.42,N,3,1
13876,26,35000,RENT,4.0,VENTURE,B,3000,11.83,0.09,N,2,0
13877,22,90000,MORTGAGE,2.0,MEDICAL,A,15000,8.94,0.17,N,3,0
13878,40,48000,RENT,15.0,DEBTCONSOLIDATION,B,8000,9.25,0.17,N,14,0
13879,24,36100,RENT,3.0,DEBTCONSOLIDATION,C,5000,14.79,0.14,N,3,0
13880,25,30000,RENT,0.0,MEDICAL,D,5000,15.99,0.17,Y,2,1
13881,28,24000,RENT,0.0,EDUCATION,B,10000,11.14,0.42,N,8,1
13882,23,29496,RENT,7.0,VENTURE,B,2000,11.58,0.07,N,3,0
13883,47,120000,RENT,5.0,HOMEIMPROVEMENT,B,5000,10.99,0.04,N,17,0
13884,23,85000,MORTGAGE,5.0,MEDICAL,A,12000,5.99,0.14,N,3,0
13885,27,70000,MORTGAGE,11.0,EDUCATION,A,4000,7.49,0.06,N,10,0
13886,25,85000,RENT,0.0,PERSONAL,B,14000,11.11,0.16,N,3,0
13887,31,85000,RENT,0.0,MEDICAL,B,5000,11.14,0.06,N,7,0
13888,24,46700,MORTGAGE,1.0,PERSONAL,B,8000,11.99,0.17,N,3,0
13889,32,62000,RENT,0.0,MEDICAL,C,10000,13.85,0.16,Y,6,0
13890,25,94976,MORTGAGE,9.0,MEDICAL,A,4500,5.42,0.05,N,2,0
13891,37,36000,MORTGAGE,4.0,EDUCATION,B,10000,10.99,0.28,N,16,0
13892,28,73000,MORTGAGE,9.0,VENTURE,D,18000,15.31,0.25,Y,5,0
13893,26,131000,MORTGAGE,1.0,EDUCATION,B,16000,9.63,0.13,N,2,0
13894,27,24000,RENT,1.0,PERSONAL,B,5000,10.65,0.21,N,9,0
13895,21,30000,RENT,2.0,EDUCATION,C,6000,14.27,0.2,N,3,0
13896,27,25000,MORTGAGE,1.0,DEBTCONSOLIDATION,B,5500,9.2,0.22,N,6,0
13897,22,73000,RENT,1.0,EDUCATION,D,10000,16.0,0.14,Y,2,1
13898,24,25320,RENT,2.0,DEBTCONSOLIDATION,D,10000,14.84,0.39,N,3,1
13899,42,43000,MORTGAGE,2.0,PERSONAL,A,7000,7.49,0.16,N,17,0
13900,26,45000,RENT,0.0,VENTURE,B,4000,9.99,0.09,N,3,0
13901,22,72194,MORTGAGE,4.0,DEBTCONSOLIDATION,B,16000,11.26,0.23,N,3,0
13902,42,40000,RENT,12.0,VENTURE,A,16000,7.88,0.4,N,12,1
13903,21,49000,RENT,5.0,HOMEIMPROVEMENT,D,3000,16.49,0.06,N,3,1
13904,21,70000,RENT,3.0,VENTURE,A,15000,6.99,0.21,N,2,0
13905,23,50000,MORTGAGE,3.0,VENTURE,A,4000,7.49,0.08,N,3,0
13906,23,50000,MORTGAGE,7.0,DEBTCONSOLIDATION,B,8000,11.49,0.16,N,4,0
13907,26,36000,MORTGAGE,2.0,DEBTCONSOLIDATION,D,5300,15.28,0.16,Y,3,1
13908,26,80500,MORTGAGE,5.0,HOMEIMPROVEMENT,A,7000,5.99,0.09,N,3,0
13909,30,65000,RENT,4.0,DEBTCONSOLIDATION,C,10000,14.27,0.15,N,7,0
13910,22,48000,OWN,6.0,EDUCATION,D,5000,14.96,0.1,Y,3,0
13911,24,42000,RENT,0.0,MEDICAL,A,8000,7.29,0.19,N,2,0
13912,22,28800,RENT,2.0,MEDICAL,C,1200,12.99,0.04,N,2,0
13913,25,120000,RENT,9.0,PERSONAL,B,6000,9.25,0.05,N,3,0
13914,34,109800,MORTGAGE,12.0,DEBTCONSOLIDATION,B,10000,10.99,0.09,N,7,0
13915,28,66960,MORTGAGE,0.0,VENTURE,D,10000,15.95,0.15,N,8,0
13916,35,25380,MORTGAGE,5.0,VENTURE,D,5000,15.37,0.2,N,5,0
13917,23,153000,MORTGAGE,8.0,VENTURE,D,28000,15.62,0.18,Y,4,1
13918,31,77000,MORTGAGE,9.0,EDUCATION,A,7000,8.0,0.09,N,6,0
13919,26,60000,RENT,0.0,PERSONAL,C,7000,12.99,0.12,N,2,0
13920,29,30000,OWN,2.0,EDUCATION,B,15000,9.88,0.5,N,9,0
13921,44,15600,MORTGAGE,2.0,PERSONAL,B,1200,12.42,0.08,N,13,0
13922,32,36000,RENT,0.0,MEDICAL,A,10000,8.59,0.28,N,9,0
13923,23,114000,RENT,7.0,EDUCATION,C,19000,14.35,0.17,Y,4,0
13924,35,115000,RENT,6.0,EDUCATION,B,10000,10.37,0.09,N,10,0
13925,25,50000,RENT,9.0,DEBTCONSOLIDATION,D,5000,18.25,0.1,Y,4,0
13926,32,100000,MORTGAGE,3.0,PERSONAL,A,6000,7.14,0.06,N,10,0
13927,29,120000,RENT,4.0,PERSONAL,B,12000,10.74,0.1,N,7,0
13928,22,34404,RENT,2.0,PERSONAL,D,4000,15.05,0.12,N,3,1
13929,27,51600,RENT,2.0,VENTURE,D,3000,16.29,0.06,N,6,1
13930,25,50000,MORTGAGE,5.0,PERSONAL,A,6000,7.51,0.12,N,2,0
13931,28,50000,MORTGAGE,12.0,DEBTCONSOLIDATION,A,15000,8.9,0.3,N,5,0
13932,38,95500,MORTGAGE,0.0,PERSONAL,B,20000,11.11,0.21,N,11,0
13933,23,90000,RENT,4.0,PERSONAL,C,10000,14.22,0.11,Y,3,0
13934,33,100000,MORTGAGE,13.0,HOMEIMPROVEMENT,D,15000,14.74,0.15,N,6,0
13935,21,26400,RENT,0.0,PERSONAL,A,3500,6.17,0.13,N,3,0
13936,22,60000,RENT,0.0,EDUCATION,A,15000,7.88,0.25,N,4,0
13937,26,42000,MORTGAGE,10.0,EDUCATION,A,8000,6.99,0.19,N,3,0
13938,36,91800,MORTGAGE,20.0,MEDICAL,C,13000,13.79,0.12,Y,16,1
13939,25,45000,RENT,2.0,HOMEIMPROVEMENT,A,8000,8.07,0.18,N,2,0
13940,30,100000,MORTGAGE,14.0,DEBTCONSOLIDATION,C,15000,13.61,0.15,N,7,0
13941,25,135000,MORTGAGE,3.0,EDUCATION,B,20000,11.36,0.15,N,2,0
13942,23,45000,RENT,2.0,EDUCATION,D,10000,14.91,0.22,Y,4,1
13943,25,60000,RENT,9.0,MEDICAL,B,12000,9.91,0.2,N,3,0
13944,31,38000,RENT,2.0,PERSONAL,A,10000,7.88,0.26,N,7,0
13945,29,60000,MORTGAGE,3.0,HOMEIMPROVEMENT,B,12000,10.74,0.2,N,8,0
13946,29,32997,RENT,4.0,MEDICAL,A,10000,5.79,0.3,N,10,0
13947,27,110000,MORTGAGE,4.0,PERSONAL,A,10500,8.07,0.1,N,5,0
13948,27,41004,MORTGAGE,8.0,VENTURE,A,6000,7.68,0.15,N,7,0
13949,30,68004,RENT,3.0,MEDICAL,B,4500,11.86,0.06,N,8,0
13950,26,85000,MORTGAGE,0.0,VENTURE,D,10400,15.05,0.12,N,3,0
13951,25,65000,RENT,5.0,DEBTCONSOLIDATION,A,7000,7.49,0.11,N,4,0
13952,23,39912,OWN,8.0,VENTURE,B,10000,10.65,0.25,N,2,0
13953,31,36000,MORTGAGE,5.0,HOMEIMPROVEMENT,A,3500,5.42,0.1,N,9,0
13954,39,111147,MORTGAGE,13.0,PERSONAL,D,15000,16.89,0.13,Y,14,0
13955,25,35004,RENT,3.0,PERSONAL,C,4000,13.61,0.11,Y,2,0
13956,21,28800,RENT,2.0,MEDICAL,C,12250,13.16,0.4,Y,3,1
13957,23,30000,OWN,4.0,VENTURE,C,3350,12.99,0.11,Y,3,0
13958,44,58650,RENT,4.0,MEDICAL,A,20000,8.49,0.35,N,13,1
13959,26,85000,MORTGAGE,0.0,PERSONAL,A,6000,5.99,0.07,N,3,0
13960,23,95000,RENT,7.0,PERSONAL,B,12000,11.71,0.13,N,2,0
13961,60,60000,RENT,1.0,PERSONAL,C,14400,12.73,0.24,Y,21,0
13962,30,70000,MORTGAGE,3.0,DEBTCONSOLIDATION,A,3500,7.9,0.05,N,8,0
13963,22,48000,MORTGAGE,5.0,VENTURE,B,14000,10.25,0.29,N,3,0
13964,29,71480,RENT,6.0,MEDICAL,D,20000,15.31,0.25,Y,10,1
13965,34,54000,RENT,0.0,PERSONAL,D,12000,15.65,0.22,N,5,1
13966,27,90000,MORTGAGE,11.0,PERSONAL,A,15000,8.49,0.17,N,8,0
13967,25,42000,RENT,4.0,DEBTCONSOLIDATION,B,12000,10.37,0.29,N,2,0
13968,24,75000,RENT,6.0,PERSONAL,B,15000,11.71,0.2,N,3,0
13969,25,90000,MORTGAGE,9.0,EDUCATION,B,12000,11.49,0.13,N,4,0
13970,37,75996,RENT,12.0,HOMEIMPROVEMENT,B,3600,11.49,0.05,N,16,0
13971,28,120000,MORTGAGE,0.0,HOMEIMPROVEMENT,C,12000,13.49,0.1,N,6,0
13972,36,45000,RENT,9.0,VENTURE,A,12000,6.91,0.27,N,11,0
13973,27,30000,RENT,7.0,EDUCATION,C,6000,14.65,0.2,N,6,0
13974,22,27000,RENT,4.0,PERSONAL,A,6000,7.9,0.22,N,3,0
13975,28,31000,RENT,0.0,DEBTCONSOLIDATION,D,3000,15.62,0.1,Y,5,1
13976,22,30000,RENT,4.0,DEBTCONSOLIDATION,B,10000,11.14,0.33,N,4,1
13977,24,77000,MORTGAGE,3.0,EDUCATION,A,14500,7.51,0.19,N,4,0
13978,24,30000,RENT,0.0,HOMEIMPROVEMENT,B,5000,11.46,0.17,N,4,0
13979,24,62000,RENT,7.0,PERSONAL,C,5600,12.23,0.09,Y,4,0
13980,30,110000,MORTGAGE,7.0,HOMEIMPROVEMENT,B,25000,12.42,0.23,N,6,0
13981,25,45000,MORTGAGE,2.0,PERSONAL,A,7000,6.03,0.16,N,4,0
13982,36,34000,RENT,4.0,MEDICAL,B,12350,11.11,0.36,N,11,1
13983,22,65000,MORTGAGE,4.0,EDUCATION,A,10000,6.03,0.15,N,4,0
13984,30,100000,MORTGAGE,7.0,MEDICAL,D,6000,16.77,0.06,N,5,1
13985,23,37000,OWN,1.0,VENTURE,A,9000,7.14,0.24,N,3,0
13986,23,92000,MORTGAGE,7.0,PERSONAL,A,12000,6.03,0.13,N,2,0
13987,23,90000,MORTGAGE,7.0,VENTURE,D,20000,14.96,0.21,Y,3,0
13988,22,29736,RENT,4.0,EDUCATION,B,8000,10.99,0.26,N,4,0
13989,31,60000,MORTGAGE,6.0,PERSONAL,A,4200,7.51,0.07,N,9,0
13990,28,32000,RENT,0.0,MEDICAL,C,3000,12.53,0.09,N,8,0
13991,32,38400,OWN,2.0,MEDICAL,B,12000,11.11,0.32,N,9,0
13992,28,75000,MORTGAGE,6.0,EDUCATION,A,7000,9.63,0.09,N,5,0
13993,36,120000,MORTGAGE,13.0,PERSONAL,A,6000,7.88,0.05,N,12,0
13994,54,44000,RENT,0.0,MEDICAL,C,7000,12.87,0.16,N,28,1
13995,27,150000,MORTGAGE,1.0,HOMEIMPROVEMENT,A,10000,6.54,0.07,N,9,0
13996,28,45000,MORTGAGE,12.0,MEDICAL,C,13225,15.96,0.3,Y,8,0
13997,24,52000,MORTGAGE,7.0,EDUCATION,B,17000,11.99,0.33,N,2,0
13998,28,60000,MORTGAGE,6.0,HOMEIMPROVEMENT,A,5000,5.42,0.08,N,9,0
13999,32,70000,RENT,1.0,DEBTCONSOLIDATION,B,13000,10.62,0.19,N,6,0
14000,29,50000,RENT,4.0,PERSONAL,C,6000,13.57,0.12,N,8,0
14001,28,50000,RENT,4.0,DEBTCONSOLIDATION,B,10000,10.75,0.2,N,7,0
14002,24,89772,RENT,8.0,DEBTCONSOLIDATION,B,6000,11.49,0.07,N,4,0
14003,22,52000,MORTGAGE,2.0,EDUCATION,A,10000,7.51,0.19,N,2,0
14004,21,70000,MORTGAGE,5.0,VENTURE,A,6000,5.99,0.09,N,2,0
14005,27,60000,MORTGAGE,4.0,EDUCATION,A,12000,7.66,0.2,N,7,0
14006,28,32000,RENT,3.0,VENTURE,C,5000,14.27,0.16,Y,10,0
14007,26,45000,RENT,1.0,VENTURE,A,10000,7.51,0.22,N,4,0
14008,34,30000,OWN,3.0,HOMEIMPROVEMENT,B,6600,9.99,0.22,N,9,0
14009,29,55476,MORTGAGE,4.0,EDUCATION,D,10000,15.33,0.18,Y,9,0
14010,24,60000,RENT,8.0,VENTURE,C,8000,13.23,0.13,Y,2,0
14011,24,64000,MORTGAGE,8.0,DEBTCONSOLIDATION,B,8000,11.14,0.13,N,4,1
14012,29,37000,OWN,4.0,MEDICAL,A,10000,7.51,0.27,N,7,0
14013,23,54000,RENT,3.0,VENTURE,A,13200,7.9,0.24,N,4,0
14014,27,40000,RENT,4.0,MEDICAL,A,12000,6.99,0.31,N,5,1
14015,33,40000,RENT,2.0,PERSONAL,B,3000,11.71,0.07,N,7,0
14016,28,60000,MORTGAGE,6.0,VENTURE,B,2500,10.99,0.04,N,7,0
14017,27,130000,MORTGAGE,0.0,HOMEIMPROVEMENT,C,15000,13.49,0.12,N,9,0
14018,34,38400,RENT,0.0,DEBTCONSOLIDATION,B,3000,12.69,0.08,N,8,0
14019,39,60000,RENT,2.0,VENTURE,A,3600,5.99,0.06,N,17,0
14020,34,57188,MORTGAGE,7.0,MEDICAL,C,17450,13.23,0.32,N,7,0
14021,32,85000,RENT,4.0,PERSONAL,A,12000,7.29,0.14,N,10,0
14022,27,31000,RENT,7.0,PERSONAL,D,7000,16.77,0.23,Y,8,1
14023,27,75000,MORTGAGE,11.0,HOMEIMPROVEMENT,A,4000,6.03,0.05,N,9,0
14024,22,40000,RENT,4.0,DEBTCONSOLIDATION,B,5600,10.0,0.14,N,4,0
14025,27,20000,RENT,2.0,DEBTCONSOLIDATION,B,4000,11.46,0.2,N,7,0
14026,22,55000,RENT,6.0,PERSONAL,A,12000,7.29,0.22,N,2,0
14027,21,66000,MORTGAGE,3.0,VENTURE,C,15000,13.22,0.23,N,2,0
14028,22,153000,MORTGAGE,5.0,MEDICAL,B,16800,11.99,0.11,N,4,0
14029,30,80000,RENT,3.0,EDUCATION,B,8000,10.99,0.1,N,8,0
14030,25,130000,MORTGAGE,9.0,VENTURE,B,15000,11.11,0.12,N,3,0
14031,31,70000,MORTGAGE,0.0,HOMEIMPROVEMENT,B,12000,11.26,0.17,N,10,0
14032,24,35000,RENT,8.0,PERSONAL,C,10000,13.06,0.29,N,4,0
14033,30,60000,MORTGAGE,13.0,MEDICAL,A,6000,6.62,0.1,N,9,0
14034,28,132652,MORTGAGE,8.0,MEDICAL,A,28000,8.49,0.21,N,10,0
14035,26,53004,MORTGAGE,3.0,VENTURE,A,10000,9.32,0.19,N,4,0
14036,23,23760,RENT,4.0,MEDICAL,A,5400,7.9,0.24,N,2,0
14037,24,78000,MORTGAGE,4.0,HOMEIMPROVEMENT,D,25000,16.77,0.32,N,4,0
14038,33,42000,RENT,2.0,DEBTCONSOLIDATION,D,5000,14.96,0.12,N,10,1
14039,26,70000,MORTGAGE,6.0,DEBTCONSOLIDATION,B,12000,12.42,0.17,N,3,0
14040,32,28000,RENT,5.0,MEDICAL,A,5000,6.99,0.18,N,6,0
14041,25,25000,RENT,0.0,VENTURE,C,8500,12.53,0.34,N,2,1
14042,23,66500,RENT,0.0,EDUCATION,A,4000,6.92,0.06,N,2,0
14043,21,43400,MORTGAGE,2.0,EDUCATION,B,12000,11.83,0.25,N,4,0
14044,40,150000,MORTGAGE,1.0,MEDICAL,B,7000,11.71,0.05,N,14,0
14045,37,30000,RENT,2.0,DEBTCONSOLIDATION,B,3000,10.37,0.1,N,12,0
14046,38,68000,MORTGAGE,1.0,EDUCATION,A,10000,8.0,0.15,N,15,0
14047,27,57000,RENT,11.0,EDUCATION,A,20000,7.49,0.37,N,9,1
14048,25,80000,OWN,9.0,MEDICAL,C,6000,13.8,0.07,Y,3,0
14049,31,75000,MORTGAGE,4.0,EDUCATION,A,3000,7.49,0.04,N,5,0
14050,23,55000,RENT,4.0,VENTURE,A,3600,6.99,0.07,N,2,0
14051,25,60000,RENT,9.0,DEBTCONSOLIDATION,C,15000,13.49,0.25,N,4,0
14052,32,40000,MORTGAGE,16.0,VENTURE,A,6000,6.62,0.15,N,6,0
14053,22,60000,RENT,2.0,MEDICAL,A,12000,8.94,0.2,N,4,0
14054,23,84000,RENT,0.0,EDUCATION,A,7500,8.0,0.09,N,4,0
14055,28,40000,OWN,0.0,EDUCATION,D,20000,16.29,0.5,N,6,0
14056,23,70000,RENT,0.0,EDUCATION,A,6000,7.49,0.09,N,4,0
14057,23,36000,RENT,1.0,MEDICAL,C,6000,13.99,0.17,Y,4,0
14058,22,86004,RENT,6.0,EDUCATION,C,15000,12.73,0.17,Y,3,0
14059,25,42000,RENT,0.0,VENTURE,B,3200,11.14,0.08,N,2,0
14060,45,60000,RENT,3.0,EDUCATION,D,10000,16.77,0.17,N,12,0
14061,23,115275,RENT,7.0,HOMEIMPROVEMENT,C,7500,11.28,0.07,N,2,0
14062,22,50000,RENT,0.0,DEBTCONSOLIDATION,D,8600,17.27,0.17,Y,3,1
14063,25,53000,MORTGAGE,6.0,PERSONAL,A,6000,6.62,0.11,N,4,0
14064,34,63000,MORTGAGE,5.0,DEBTCONSOLIDATION,C,11000,13.57,0.17,Y,6,0
14065,22,85000,MORTGAGE,6.0,EDUCATION,B,20000,9.63,0.23,N,4,0
14066,24,90000,OWN,8.0,VENTURE,B,27250,10.62,0.32,N,2,0
14067,22,75000,OWN,0.0,EDUCATION,A,10000,6.54,0.13,N,3,0
14068,34,40000,RENT,0.0,VENTURE,C,2400,13.49,0.06,Y,9,0
14069,28,125000,MORTGAGE,1.0,MEDICAL,C,30000,15.27,0.24,N,7,0
14070,22,40000,OWN,2.0,VENTURE,A,7000,7.88,0.17,N,4,0
14071,25,40000,OWN,0.0,PERSONAL,A,6400,7.29,0.16,N,4,0
14072,23,110000,RENT,5.0,VENTURE,E,20000,16.32,0.18,Y,4,0
14073,24,80000,OWN,8.0,MEDICAL,A,16000,7.9,0.2,N,4,0
14074,24,40000,MORTGAGE,0.0,EDUCATION,A,6000,8.0,0.15,N,3,0
14075,34,36000,MORTGAGE,4.0,VENTURE,B,12000,10.99,0.33,N,10,0
14076,22,41000,RENT,6.0,EDUCATION,D,5000,12.92,0.12,N,4,0
14077,29,115000,MORTGAGE,6.0,HOMEIMPROVEMENT,C,8000,13.85,0.07,Y,9,0
14078,24,62000,RENT,3.0,PERSONAL,D,7400,15.65,0.12,Y,4,1
14079,28,30000,RENT,1.0,MEDICAL,E,5000,16.45,0.17,N,7,1
14080,38,60000,MORTGAGE,2.0,DEBTCONSOLIDATION,C,6000,13.22,0.1,N,14,0
14081,22,12000,RENT,4.0,VENTURE,A,4700,7.51,0.04,N,4,1
14082,23,60000,RENT,0.0,DEBTCONSOLIDATION,A,7200,7.9,0.12,N,3,0
14083,22,40000,RENT,3.0,EDUCATION,A,5000,6.91,0.13,N,3,0
14084,23,48000,RENT,6.0,DEBTCONSOLIDATION,A,4800,6.17,0.1,N,4,0
14085,39,75000,MORTGAGE,21.0,VENTURE,A,12000,6.62,0.16,N,13,0
14086,22,44000,MORTGAGE,5.0,DEBTCONSOLIDATION,B,7200,11.71,0.16,N,3,0
14087,31,36000,RENT,0.0,DEBTCONSOLIDATION,B,12000,10.37,0.33,N,8,1
14088,23,55000,RENT,1.0,EDUCATION,B,25000,10.75,0.46,N,2,1
14089,22,75000,MORTGAGE,6.0,VENTURE,B,12000,12.69,0.16,N,3,0
14090,30,90000,MORTGAGE,14.0,VENTURE,B,20000,11.83,0.22,N,10,0
14091,24,38000,RENT,4.0,PERSONAL,B,5000,11.12,0.13,N,2,0
14092,49,18000,RENT,2.0,VENTURE,E,2400,18.64,0.13,Y,11,1
14093,43,100000,MORTGAGE,2.0,DEBTCONSOLIDATION,A,7000,5.79,0.07,N,16,0
14094,38,50000,MORTGAGE,6.0,HOMEIMPROVEMENT,D,8000,15.62,0.16,Y,12,0
14095,29,45000,MORTGAGE,2.0,EDUCATION,A,7000,7.88,0.16,N,8,0
14096,26,39996,RENT,6.0,DEBTCONSOLIDATION,A,12000,7.14,0.3,N,4,0
14097,23,70000,RENT,0.0,EDUCATION,A,18000,7.9,0.26,N,2,0
14098,25,88000,MORTGAGE,0.0,DEBTCONSOLIDATION,D,25000,15.58,0.28,N,4,1
14099,28,80000,MORTGAGE,8.0,EDUCATION,B,6000,11.71,0.07,N,6,0
14100,21,41235,OWN,5.0,VENTURE,B,3000,11.12,0.07,N,4,0
14101,24,40000,RENT,4.0,EDUCATION,C,6000,13.79,0.15,Y,4,0
14102,30,69000,RENT,11.0,EDUCATION,D,13000,14.42,0.18,N,9,0
14103,23,50000,RENT,4.0,EDUCATION,B,12500,10.0,0.25,N,3,0
14104,25,62050,RENT,7.0,MEDICAL,D,6000,15.21,0.08,Y,2,1
14105,31,50000,RENT,8.0,MEDICAL,A,5000,7.88,0.1,N,6,0
14106,25,32000,RENT,2.0,VENTURE,C,6800,13.22,0.22,Y,4,0
14107,22,45000,RENT,7.0,VENTURE,B,14000,11.36,0.31,N,3,1
14108,22,36000,RENT,3.0,EDUCATION,B,7000,11.49,0.19,N,3,0
14109,29,52000,RENT,1.0,VENTURE,A,11000,8.94,0.21,N,8,0
14110,32,45000,MORTGAGE,4.0,MEDICAL,A,7000,5.99,0.16,N,7,0
14111,22,36996,MORTGAGE,0.0,DEBTCONSOLIDATION,A,5000,7.51,0.14,N,4,0
14112,22,54000,MORTGAGE,6.0,EDUCATION,A,6800,6.03,0.13,N,4,0
14113,24,47480,RENT,8.0,EDUCATION,B,15000,10.95,0.31,N,3,1
14114,24,28800,RENT,1.0,PERSONAL,B,4000,9.99,0.14,N,2,0
14115,26,91224,MORTGAGE,10.0,PERSONAL,B,15000,11.71,0.16,N,3,0
14116,26,160000,MORTGAGE,1.0,VENTURE,A,23000,6.91,0.14,N,2,0
14117,36,74970,RENT,3.0,VENTURE,A,4000,6.99,0.05,N,13,0
14118,25,45000,RENT,0.0,EDUCATION,C,2000,13.92,0.04,Y,4,0
14119,25,60000,RENT,8.0,VENTURE,C,15000,13.22,0.25,N,4,0
14120,34,80000,MORTGAGE,5.0,PERSONAL,A,12000,7.49,0.15,N,6,0
14121,33,60000,MORTGAGE,4.0,MEDICAL,A,5000,7.14,0.08,N,9,0
14122,22,39000,RENT,1.0,EDUCATION,B,8000,10.83,0.2,N,3,1
14123,21,46200,RENT,2.0,MEDICAL,C,5000,13.79,0.11,N,4,0
14124,35,40000,RENT,9.0,VENTURE,D,7000,14.59,0.17,Y,5,0
14125,22,33600,OWN,6.0,VENTURE,A,6000,8.49,0.18,N,4,0
14126,30,122000,MORTGAGE,2.0,MEDICAL,C,10000,13.49,0.08,Y,8,0
14127,29,60000,MORTGAGE,2.0,VENTURE,D,11000,14.59,0.19,N,7,0
14128,23,37920,MORTGAGE,5.0,DEBTCONSOLIDATION,C,6000,12.42,0.16,N,4,0
14129,27,59500,MORTGAGE,11.0,PERSONAL,B,11000,11.36,0.19,N,5,0
14130,28,55000,MORTGAGE,0.0,PERSONAL,B,9600,11.14,0.17,N,8,0
14131,22,75000,MORTGAGE,6.0,MEDICAL,A,10000,6.62,0.13,N,4,0
14132,24,52000,RENT,7.0,MEDICAL,A,5000,7.9,0.1,N,4,0
14133,29,60000,MORTGAGE,13.0,DEBTCONSOLIDATION,A,6000,7.9,0.1,N,10,0
14134,22,40000,RENT,2.0,EDUCATION,B,3000,10.37,0.07,N,4,0
14135,46,150000,MORTGAGE,8.0,DEBTCONSOLIDATION,B,10000,10.51,0.07,N,16,0
14136,23,44004,RENT,0.0,PERSONAL,C,4000,13.11,0.09,N,4,0
14137,22,44000,MORTGAGE,6.0,PERSONAL,B,5000,12.53,0.11,N,3,0
14138,38,90000,MORTGAGE,2.0,DEBTCONSOLIDATION,B,4000,12.18,0.04,N,16,0
14139,29,90000,OWN,0.0,MEDICAL,B,23000,11.83,0.27,N,10,0
14140,27,30000,RENT,2.0,MEDICAL,A,3500,6.99,0.12,N,10,0
14141,25,36000,OWN,5.0,VENTURE,C,5000,14.27,0.14,Y,2,0
14142,23,65000,MORTGAGE,7.0,PERSONAL,C,1200,14.72,0.02,N,3,0
14143,22,37000,RENT,1.0,EDUCATION,B,10000,10.99,0.27,N,3,0
14144,29,95000,MORTGAGE,4.0,PERSONAL,A,4200,8.49,0.05,N,6,0
14145,27,40000,RENT,4.0,MEDICAL,A,10000,9.63,0.25,N,8,0
14146,24,56000,RENT,6.0,MEDICAL,A,5600,8.32,0.1,N,2,0
14147,25,60000,RENT,3.0,HOMEIMPROVEMENT,A,10000,7.14,0.17,N,4,0
14148,48,51996,MORTGAGE,3.0,DEBTCONSOLIDATION,B,1500,10.37,0.03,N,16,0
14149,25,33000,RENT,1.0,MEDICAL,A,6000,7.88,0.18,N,4,0
14150,33,24000,RENT,4.0,MEDICAL,A,6000,7.14,0.25,N,7,0
14151,27,38400,RENT,7.0,EDUCATION,A,3000,6.39,0.08,N,7,0
14152,23,54504,RENT,2.0,MEDICAL,B,20000,11.83,0.37,N,4,1
14153,22,110000,MORTGAGE,0.0,VENTURE,B,13000,11.49,0.12,N,3,0
14154,28,42000,RENT,6.0,MEDICAL,A,10500,8.49,0.25,N,8,0
14155,31,59000,RENT,0.0,VENTURE,D,3600,15.62,0.06,Y,9,1
14156,21,60000,RENT,5.0,MEDICAL,A,12000,6.91,0.2,N,2,0
14157,31,59000,MORTGAGE,11.0,HOMEIMPROVEMENT,C,12000,13.11,0.2,N,10,1
14158,27,40000,RENT,4.0,MEDICAL,A,14000,6.03,0.35,N,9,1
14159,26,60000,RENT,5.0,PERSONAL,B,5000,12.42,0.08,N,3,0
14160,28,44000,RENT,12.0,MEDICAL,A,9500,8.94,0.21,N,6,1
14161,22,50000,RENT,6.0,MEDICAL,B,3000,9.88,0.06,N,3,0
14162,22,88000,OWN,6.0,MEDICAL,C,18400,13.16,0.21,Y,3,0
14163,31,75000,MORTGAGE,6.0,VENTURE,A,10000,7.49,0.13,N,9,0
14164,31,275000,MORTGAGE,9.0,PERSONAL,A,25000,6.54,0.09,N,6,0
14165,23,38004,RENT,1.0,VENTURE,B,10000,11.11,0.26,N,4,0
14166,24,60000,RENT,6.0,DEBTCONSOLIDATION,B,10000,10.65,0.17,N,4,0
14167,23,63500,RENT,6.0,PERSONAL,D,3500,16.02,0.05,N,2,0
14168,37,30000,RENT,0.0,PERSONAL,C,6600,13.57,0.22,Y,12,0
14169,22,68000,RENT,6.0,DEBTCONSOLIDATION,A,14000,6.99,0.21,N,2,0
14170,26,72096,MORTGAGE,10.0,VENTURE,A,4800,7.14,0.07,N,3,0
14171,25,36000,MORTGAGE,3.0,HOMEIMPROVEMENT,C,3600,13.11,0.1,N,2,1
14172,28,37000,RENT,5.0,DEBTCONSOLIDATION,B,4800,10.99,0.13,N,7,0
14173,21,60000,MORTGAGE,6.0,DEBTCONSOLIDATION,A,10000,7.29,0.17,N,2,0
14174,25,96000,MORTGAGE,1.0,VENTURE,A,12000,6.62,0.13,N,2,0
14175,29,79000,MORTGAGE,9.0,HOMEIMPROVEMENT,B,4800,11.86,0.06,N,9,0
14176,22,45000,MORTGAGE,6.0,EDUCATION,A,5000,6.03,0.11,N,2,0
14177,25,54000,MORTGAGE,3.0,DEBTCONSOLIDATION,B,12000,10.99,0.22,N,2,0
14178,25,25000,RENT,0.0,PERSONAL,A,8500,6.91,0.34,N,3,1
14179,26,130000,MORTGAGE,10.0,DEBTCONSOLIDATION,C,7000,13.49,0.05,N,4,0
14180,28,80000,MORTGAGE,12.0,PERSONAL,A,20000,7.9,0.25,N,8,0
14181,22,110000,MORTGAGE,6.0,MEDICAL,B,5000,10.65,0.04,N,4,0
14182,22,30000,RENT,2.0,MEDICAL,A,8000,7.9,0.27,N,3,0
14183,35,44000,RENT,0.0,HOMEIMPROVEMENT,E,6000,16.82,0.14,N,6,1
14184,24,93000,MORTGAGE,7.0,VENTURE,C,25000,13.11,0.27,Y,2,0
14185,37,72000,MORTGAGE,1.0,HOMEIMPROVEMENT,B,25000,11.48,0.35,N,16,0
14186,32,110000,MORTGAGE,3.0,EDUCATION,B,15000,12.69,0.14,N,9,0
14187,56,79000,MORTGAGE,7.0,PERSONAL,A,6000,7.14,0.08,N,26,0
14188,60,106000,MORTGAGE,5.0,PERSONAL,A,10000,7.49,0.09,N,28,0
14189,22,48000,MORTGAGE,6.0,VENTURE,C,4800,12.68,0.1,Y,3,0
14190,28,150000,MORTGAGE,3.0,HOMEIMPROVEMENT,B,12000,11.14,0.08,N,8,0
14191,30,80000,MORTGAGE,3.0,HOMEIMPROVEMENT,D,25000,16.89,0.31,N,9,0
14192,26,97781,MORTGAGE,7.0,MEDICAL,A,17000,7.51,0.17,N,4,0
14193,22,25200,RENT,4.0,EDUCATION,C,3000,13.72,0.12,N,2,0
14194,22,103000,OWN,2.0,MEDICAL,B,18000,10.75,0.17,N,2,0
14195,25,80000,MORTGAGE,3.0,VENTURE,A,12000,7.88,0.15,N,4,0
14196,34,26880,RENT,7.0,VENTURE,C,3000,13.11,0.11,Y,6,0
14197,22,56000,RENT,4.0,MEDICAL,B,9000,11.86,0.16,N,4,0
14198,22,36000,RENT,0.0,EDUCATION,A,4500,7.51,0.13,N,4,0
14199,30,110000,MORTGAGE,1.0,HOMEIMPROVEMENT,A,12000,8.9,0.11,N,10,0
14200,25,100000,MORTGAGE,9.0,HOMEIMPROVEMENT,B,18000,10.65,0.18,N,3,0
14201,35,53595,MORTGAGE,3.0,PERSONAL,A,6000,7.88,0.11,N,9,0
14202,27,36000,OWN,3.0,VENTURE,B,3000,10.62,0.08,N,6,0
14203,25,70000,RENT,3.0,VENTURE,B,8000,10.38,0.11,N,4,0
14204,23,23148,OWN,0.0,VENTURE,B,8000,11.86,0.35,N,4,0
14205,28,75000,MORTGAGE,12.0,HOMEIMPROVEMENT,A,3000,5.42,0.04,N,7,0
14206,24,65000,MORTGAGE,5.0,VENTURE,A,17600,6.03,0.28,N,2,0
14207,35,100000,OWN,8.0,PERSONAL,B,12000,9.91,0.12,N,9,0
14208,33,24000,MORTGAGE,1.0,DEBTCONSOLIDATION,A,3000,5.79,0.13,N,10,0
14209,22,50000,RENT,2.0,MEDICAL,C,9000,13.85,0.18,Y,3,0
14210,29,36000,RENT,2.0,HOMEIMPROVEMENT,A,6100,7.74,0.17,N,9,0
14211,23,60000,RENT,7.0,PERSONAL,B,12150,10.37,0.2,N,2,0
14212,27,115000,RENT,4.0,MEDICAL,C,10000,13.35,0.09,Y,5,0
14213,30,110000,MORTGAGE,14.0,VENTURE,B,3500,11.49,0.03,N,9,0
14214,22,60000,RENT,0.0,EDUCATION,C,7500,11.34,0.13,N,4,0
14215,21,24000,RENT,2.0,PERSONAL,A,1500,6.91,0.06,N,2,0
14216,34,140000,MORTGAGE,2.0,EDUCATION,B,12000,10.59,0.09,N,10,0
14217,28,42000,RENT,1.0,PERSONAL,B,3000,10.25,0.07,N,8,0
14218,27,95500,RENT,3.0,PERSONAL,C,20000,15.27,0.21,N,8,0
14219,24,51000,RENT,5.0,MEDICAL,B,7500,11.49,0.15,N,4,1
14220,27,450000,RENT,7.0,VENTURE,B,15000,10.37,0.03,N,5,0
14221,23,75000,RENT,1.0,PERSONAL,B,10000,12.53,0.13,N,2,0
14222,24,36000,RENT,2.0,EDUCATION,C,3000,13.72,0.08,Y,4,0
14223,22,67000,RENT,6.0,EDUCATION,A,3000,8.9,0.04,N,3,0
14224,27,120000,MORTGAGE,2.0,DEBTCONSOLIDATION,B,16000,11.99,0.13,N,7,0
14225,29,70000,RENT,8.0,MEDICAL,B,14000,9.88,0.2,N,8,0
14226,33,65000,MORTGAGE,5.0,DEBTCONSOLIDATION,A,12000,7.88,0.18,N,9,0
14227,23,56253,RENT,7.0,EDUCATION,B,10000,11.71,0.18,N,4,0
14228,24,75000,MORTGAGE,8.0,EDUCATION,C,7000,13.06,0.09,N,2,0
14229,22,39996,RENT,3.0,VENTURE,A,8000,7.14,0.2,N,2,0
14230,21,15360,OWN,1.0,HOMEIMPROVEMENT,C,1600,12.53,0.1,N,4,0
14231,22,35000,RENT,0.0,VENTURE,C,10500,15.96,0.3,N,4,0
14232,43,61000,RENT,2.0,VENTURE,B,10000,9.88,0.16,N,17,0
14233,45,95000,MORTGAGE,13.0,DEBTCONSOLIDATION,B,16400,10.62,0.17,N,12,0
14234,22,35000,RENT,6.0,EDUCATION,C,8000,13.99,0.23,N,2,0
14235,23,50000,RENT,2.0,VENTURE,E,12000,16.32,0.24,N,4,0
14236,22,50000,MORTGAGE,4.0,MEDICAL,B,7000,9.25,0.14,N,3,0
14237,36,65000,RENT,2.0,MEDICAL,C,18000,13.85,0.28,Y,15,0
14238,22,65000,MORTGAGE,2.0,DEBTCONSOLIDATION,A,4000,5.42,0.06,N,2,0
14239,23,50725,RENT,1.0,VENTURE,B,5200,9.99,0.11,N,3,0
14240,33,156000,RENT,8.0,MEDICAL,B,25000,10.75,0.16,N,8,0
14241,33,104000,RENT,9.0,MEDICAL,B,16000,11.99,0.15,N,5,0
14242,23,28989,RENT,1.0,VENTURE,A,10000,7.49,0.34,N,3,0
14243,24,115000,MORTGAGE,3.0,HOMEIMPROVEMENT,B,25000,10.99,0.22,N,2,0
14244,33,80000,MORTGAGE,5.0,MEDICAL,A,10000,7.29,0.13,N,5,0
14245,31,96000,MORTGAGE,10.0,HOMEIMPROVEMENT,A,25000,6.99,0.25,N,5,0
14246,24,40000,OWN,6.0,EDUCATION,A,5000,6.62,0.13,N,3,0
14247,27,50000,RENT,0.0,HOMEIMPROVEMENT,B,4000,11.12,0.08,N,10,0
14248,23,25000,RENT,0.0,VENTURE,C,10000,12.84,0.4,N,2,1
14249,22,70000,MORTGAGE,5.0,EDUCATION,A,6000,7.74,0.09,N,4,0
14250,26,120000,MORTGAGE,10.0,DEBTCONSOLIDATION,A,10000,7.14,0.08,N,3,0
14251,23,36000,RENT,0.0,VENTURE,A,15000,8.94,0.42,N,4,1
14252,24,45000,RENT,3.0,MEDICAL,C,9000,12.68,0.2,N,3,0
14253,31,36000,OWN,15.0,PERSONAL,B,5000,9.91,0.14,N,5,0
14254,23,65000,MORTGAGE,5.0,VENTURE,B,7000,10.99,0.11,N,4,0
14255,27,30000,RENT,0.0,HOMEIMPROVEMENT,A,14000,7.51,0.47,N,5,1
14256,37,75000,MORTGAGE,6.0,DEBTCONSOLIDATION,A,9500,6.03,0.13,N,14,0
14257,28,53544,MORTGAGE,12.0,EDUCATION,A,1800,9.63,0.03,N,5,0
14258,22,38000,RENT,0.0,MEDICAL,C,12800,12.84,0.34,N,4,1
14259,31,49000,RENT,1.0,MEDICAL,A,4800,5.79,0.1,N,9,0
14260,24,47500,MORTGAGE,8.0,PERSONAL,A,10000,7.74,0.21,N,4,0
14261,23,60000,RENT,0.0,EDUCATION,B,15000,9.62,0.25,N,4,0
14262,22,66500,MORTGAGE,0.0,EDUCATION,A,10000,7.88,0.15,N,2,0
14263,22,60000,MORTGAGE,6.0,VENTURE,C,15000,13.11,0.25,Y,3,0
14264,30,46704,MORTGAGE,14.0,DEBTCONSOLIDATION,A,9000,7.49,0.19,N,5,1
14265,27,48000,RENT,4.0,MEDICAL,A,9000,6.92,0.19,N,5,0
14266,28,27600,RENT,2.0,EDUCATION,A,7000,8.9,0.25,N,7,0
14267,25,32000,RENT,0.0,DEBTCONSOLIDATION,A,5000,5.42,0.16,N,2,0
14268,29,49000,RENT,4.0,VENTURE,A,2500,6.76,0.05,N,9,0
14269,25,40000,RENT,1.0,DEBTCONSOLIDATION,B,4000,12.69,0.1,N,3,0
14270,25,32004,RENT,8.0,DEBTCONSOLIDATION,A,8300,8.49,0.27,N,4,0
14271,26,48000,OWN,10.0,VENTURE,B,15000,9.88,0.31,N,4,0
14272,41,37000,RENT,2.0,HOMEIMPROVEMENT,E,4700,20.3,0.13,N,11,1
14273,26,49000,RENT,5.0,MEDICAL,D,18200,17.27,0.37,Y,2,1
14274,22,80000,MORTGAGE,5.0,VENTURE,B,5000,11.36,0.06,N,4,0
14275,35,32000,RENT,0.0,MEDICAL,A,4200,6.99,0.13,N,9,0
14276,37,50000,RENT,11.0,HOMEIMPROVEMENT,B,6000,9.99,0.12,N,11,0
14277,23,90000,RENT,5.0,DEBTCONSOLIDATION,B,12000,9.62,0.13,N,4,0
14278,22,38400,MORTGAGE,2.0,PERSONAL,D,10000,15.05,0.26,N,2,0
14279,27,150792,MORTGAGE,11.0,PERSONAL,B,6000,11.71,0.04,N,5,0
14280,36,90000,MORTGAGE,20.0,VENTURE,B,12000,11.36,0.13,N,15,0
14281,28,95000,RENT,0.0,PERSONAL,A,6800,9.63,0.07,N,10,0
14282,23,40000,RENT,1.0,PERSONAL,B,4000,11.49,0.1,N,2,0
14283,33,90000,MORTGAGE,2.0,VENTURE,B,10800,12.21,0.11,N,7,0
14284,51,75000,OWN,25.0,PERSONAL,C,12000,14.26,0.16,N,23,0
14285,25,95000,MORTGAGE,5.0,HOMEIMPROVEMENT,A,15000,7.88,0.16,N,2,0
14286,23,36000,RENT,5.0,VENTURE,B,8000,12.69,0.22,N,2,0
14287,26,51600,RENT,0.0,MEDICAL,C,1500,14.35,0.03,N,4,0
14288,22,38000,RENT,5.0,VENTURE,B,6000,10.74,0.16,N,2,0
14289,22,65004,MORTGAGE,6.0,EDUCATION,B,8000,10.99,0.12,N,4,0
14290,31,73500,RENT,7.0,EDUCATION,C,7550,13.72,0.1,N,7,0
14291,23,48000,RENT,0.0,DEBTCONSOLIDATION,C,11000,13.49,0.23,N,2,0
14292,28,78000,RENT,1.0,HOMEIMPROVEMENT,D,9600,12.92,0.12,N,8,1
14293,23,52800,RENT,6.0,VENTURE,B,3000,9.62,0.06,N,3,0
14294,28,72000,MORTGAGE,12.0,HOMEIMPROVEMENT,A,6000,7.88,0.08,N,8,0
14295,24,80000,OWN,0.0,EDUCATION,A,10000,7.66,0.13,N,2,0
14296,23,61211,MORTGAGE,3.0,EDUCATION,A,10625,5.42,0.17,N,4,0
14297,26,40000,RENT,2.0,EDUCATION,C,8500,12.53,0.21,N,4,0
14298,35,92004,MORTGAGE,19.0,EDUCATION,B,15000,9.63,0.17,N,8,0
14299,34,65338,MORTGAGE,17.0,VENTURE,A,7125,6.99,0.11,N,10,0
14300,42,42000,OWN,1.0,MEDICAL,B,2000,9.96,0.05,N,16,0
14301,24,60000,RENT,0.0,MEDICAL,B,4750,9.33,0.08,N,2,0
14302,42,190000,MORTGAGE,5.0,DEBTCONSOLIDATION,B,20000,9.25,0.11,N,12,0
14303,21,45000,RENT,3.0,VENTURE,B,14000,10.74,0.29,N,2,0
14304,31,120000,MORTGAGE,3.0,VENTURE,A,16000,7.88,0.13,N,8,0
14305,23,95000,MORTGAGE,0.0,PERSONAL,A,10000,7.14,0.11,N,2,0
14306,37,75000,MORTGAGE,7.0,DEBTCONSOLIDATION,B,25600,12.69,0.37,N,15,0
14307,28,52000,RENT,5.0,PERSONAL,C,15250,13.16,0.29,N,6,0
14308,24,78000,RENT,8.0,PERSONAL,A,13000,9.63,0.17,N,2,0
14309,23,30000,RENT,0.0,MEDICAL,E,14000,16.82,0.47,N,4,1
14310,23,48000,RENT,8.0,VENTURE,A,7000,7.51,0.15,N,3,0
14311,21,38000,RENT,2.0,EDUCATION,C,8000,13.61,0.21,N,3,0
14312,28,73004,RENT,8.0,DEBTCONSOLIDATION,B,3000,11.49,0.04,N,5,0
14313,21,70000,RENT,5.0,PERSONAL,C,8000,13.61,0.11,Y,4,0
14314,26,22000,RENT,0.0,DEBTCONSOLIDATION,A,7000,6.03,0.03,N,2,0
14315,26,85000,MORTGAGE,10.0,DEBTCONSOLIDATION,A,12000,7.88,0.14,N,3,0
14316,42,48000,RENT,0.0,EDUCATION,C,2500,14.26,0.05,Y,17,0
14317,22,20000,RENT,2.0,PERSONAL,B,4000,11.89,0.2,N,3,0
14318,24,33600,MORTGAGE,8.0,EDUCATION,D,4000,14.59,0.12,N,4,0
14319,25,85000,MORTGAGE,3.0,HOMEIMPROVEMENT,A,5000,7.14,0.06,N,2,0
14320,21,80400,RENT,5.0,VENTURE,A,8000,5.79,0.1,N,3,0
14321,23,54000,RENT,2.0,DEBTCONSOLIDATION,D,6000,14.09,0.11,Y,4,1
14322,22,74000,MORTGAGE,3.0,EDUCATION,B,15000,11.89,0.2,N,4,0
14323,22,50000,RENT,5.0,MEDICAL,B,6000,10.65,0.12,N,4,0
14324,31,42000,OWN,2.0,HOMEIMPROVEMENT,A,7200,8.49,0.17,N,10,0
14325,26,55000,OWN,10.0,EDUCATION,C,14500,12.73,0.26,N,4,0
14326,40,78301,MORTGAGE,5.0,MEDICAL,A,17000,6.62,0.22,N,13,0
14327,24,120000,MORTGAGE,0.0,HOMEIMPROVEMENT,C,15000,13.43,0.13,N,4,0
14328,30,45000,RENT,2.0,PERSONAL,B,3600,11.48,0.08,N,9,0
14329,29,70224,MORTGAGE,12.0,EDUCATION,B,21000,10.14,0.3,N,9,0
14330,35,35000,RENT,1.0,VENTURE,A,10400,8.94,0.3,N,6,0
14331,31,90000,MORTGAGE,5.0,PERSONAL,A,9000,7.14,0.1,N,7,0
14332,27,95000,MORTGAGE,11.0,PERSONAL,A,5000,7.9,0.05,N,7,0
14333,25,17400,MORTGAGE,0.0,MEDICAL,B,4000,11.83,0.25,N,3,0
14334,22,55000,RENT,3.0,EDUCATION,C,1500,13.49,0.03,Y,2,0
14335,24,45000,MORTGAGE,8.0,EDUCATION,C,3000,14.27,0.07,N,3,0
14336,31,44000,MORTGAGE,15.0,MEDICAL,A,4700,6.76,0.11,N,9,0
14337,36,50000,RENT,0.0,HOMEIMPROVEMENT,C,7200,13.85,0.14,Y,15,0
14338,42,43955,RENT,2.0,HOMEIMPROVEMENT,B,7800,10.0,0.18,N,17,1
14339,34,125000,MORTGAGE,1.0,PERSONAL,C,7500,12.53,0.06,Y,10,0
14340,37,80004,RENT,0.0,PERSONAL,A,12000,7.49,0.15,N,17,0
14341,25,60000,OWN,5.0,EDUCATION,B,12800,11.83,0.21,N,4,0
14342,28,65000,RENT,12.0,PERSONAL,B,15000,10.36,0.23,N,7,0
14343,29,48000,MORTGAGE,13.0,DEBTCONSOLIDATION,A,4000,7.14,0.08,N,7,0
14344,25,60000,MORTGAGE,9.0,EDUCATION,A,7500,7.51,0.12,N,3,0
14345,23,65000,MORTGAGE,7.0,EDUCATION,B,10000,12.21,0.15,N,2,0
14346,31,60000,RENT,6.0,HOMEIMPROVEMENT,B,10000,10.65,0.17,N,9,0
14347,31,100840,RENT,10.0,DEBTCONSOLIDATION,B,5000,9.99,0.05,N,6,0
14348,36,102000,RENT,5.0,VENTURE,C,7500,13.49,0.07,Y,17,0
14349,29,84000,MORTGAGE,13.0,MEDICAL,A,20000,7.51,0.24,N,5,0
14350,29,44900,RENT,6.0,MEDICAL,B,2400,10.99,0.05,N,7,0
14351,37,55000,RENT,0.0,PERSONAL,C,12000,14.65,0.22,N,14,0
14352,34,195000,MORTGAGE,19.0,MEDICAL,B,4800,9.62,0.03,N,8,0
14353,36,85000,MORTGAGE,4.0,MEDICAL,A,10000,7.88,0.12,N,13,0
14354,23,62400,RENT,5.0,MEDICAL,B,12000,10.36,0.19,N,3,0
14355,25,55000,RENT,4.0,VENTURE,C,20000,14.72,0.36,Y,3,0
14356,33,50000,MORTGAGE,16.0,HOMEIMPROVEMENT,C,9600,13.61,0.19,Y,8,0
14357,23,40000,RENT,6.0,EDUCATION,C,5000,13.22,0.13,Y,2,0
14358,32,140000,MORTGAGE,16.0,VENTURE,A,5000,7.9,0.04,N,9,0
14359,23,49200,RENT,7.0,DEBTCONSOLIDATION,A,2500,6.76,0.05,N,3,0
14360,22,78000,RENT,3.0,EDUCATION,D,3000,15.58,0.04,Y,2,0
14361,43,49578,MORTGAGE,11.0,DEBTCONSOLIDATION,C,16000,13.49,0.32,Y,3,0
14362,27,50000,RENT,11.0,MEDICAL,A,3000,7.68,0.06,N,9,0
14363,24,54000,RENT,2.0,EDUCATION,A,4000,9.32,0.07,N,4,0
14364,24,60000,OWN,4.0,HOMEIMPROVEMENT,B,28000,10.99,0.49,N,3,0
14365,30,70000,MORTGAGE,14.0,EDUCATION,A,8400,7.88,0.12,N,5,0
14366,28,40000,RENT,2.0,MEDICAL,B,12000,12.42,0.3,N,8,0
14367,23,34000,RENT,0.0,EDUCATION,D,10000,15.33,0.29,Y,4,1
14368,34,50000,MORTGAGE,9.0,VENTURE,A,6000,7.14,0.12,N,5,0
14369,26,85000,RENT,0.0,EDUCATION,C,12000,12.99,0.14,Y,2,0
14370,23,60000,RENT,7.0,VENTURE,A,4000,8.49,0.07,N,3,0
14371,26,65000,MORTGAGE,2.0,EDUCATION,A,12000,6.03,0.18,N,2,0
14372,31,72000,OWN,12.0,MEDICAL,C,12250,13.61,0.17,N,10,0
14373,36,28800,RENT,5.0,PERSONAL,B,7000,10.25,0.24,N,14,0
14374,25,52360,MORTGAGE,0.0,PERSONAL,A,15000,7.51,0.29,N,3,0
14375,24,300000,MORTGAGE,5.0,DEBTCONSOLIDATION,A,6000,7.37,0.02,N,3,0
14376,23,63000,OWN,0.0,EDUCATION,C,10000,13.57,0.16,Y,3,0
14377,25,80000,MORTGAGE,5.0,DEBTCONSOLIDATION,A,8000,5.99,0.1,N,4,0
14378,32,42000,RENT,1.0,VENTURE,B,4000,12.42,0.1,N,7,0
14379,23,39996,RENT,5.0,PERSONAL,A,10000,7.14,0.25,N,3,0
14380,29,44000,MORTGAGE,9.0,DEBTCONSOLIDATION,D,10000,16.77,0.23,N,6,1
14381,36,54000,RENT,3.0,MEDICAL,D,5000,16.49,0.09,N,15,1
14382,23,42000,MORTGAGE,0.0,MEDICAL,C,8500,12.53,0.2,N,4,0
14383,23,40000,OWN,5.0,EDUCATION,B,3000,9.99,0.07,N,3,0
14384,23,55000,OWN,2.0,EDUCATION,A,6000,6.03,0.11,N,4,0
14385,25,125000,MORTGAGE,2.0,PERSONAL,B,7500,9.63,0.06,N,3,0
14386,22,40000,OWN,6.0,EDUCATION,C,10250,13.57,0.27,Y,4,0
14387,22,60000,RENT,4.0,EDUCATION,D,13200,14.84,0.22,Y,2,0
14388,23,75000,MORTGAGE,5.0,MEDICAL,B,10000,10.74,0.13,N,2,0
14389,27,60000,RENT,0.0,VENTURE,C,10000,13.57,0.17,N,8,0
14390,24,96000,MORTGAGE,5.0,MEDICAL,C,12000,13.23,0.13,N,4,0
14391,25,40000,RENT,4.0,MEDICAL,B,8000,10.99,0.2,N,4,0
14392,24,50740,OWN,6.0,EDUCATION,C,6000,14.79,0.12,N,4,0
14393,35,50000,MORTGAGE,5.0,EDUCATION,A,10000,7.88,0.2,N,5,0
14394,22,34000,RENT,2.0,PERSONAL,B,3500,11.86,0.1,N,3,0
14395,29,48000,RENT,4.0,HOMEIMPROVEMENT,B,12000,11.48,0.25,N,7,0
14396,30,150000,MORTGAGE,0.0,HOMEIMPROVEMENT,B,25000,11.83,0.17,N,7,0
14397,35,54000,RENT,2.0,PERSONAL,E,20000,15.57,0.37,Y,8,1
14398,24,56000,MORTGAGE,0.0,EDUCATION,A,13000,7.51,0.23,N,4,0
14399,27,51996,MORTGAGE,11.0,PERSONAL,A,9600,7.51,0.18,N,6,0
14400,22,75000,MORTGAGE,6.0,PERSONAL,B,15000,11.49,0.2,N,4,0
14401,26,80000,MORTGAGE,10.0,VENTURE,A,10000,8.94,0.13,N,3,0
14402,22,30000,RENT,3.0,EDUCATION,A,10000,7.51,0.33,N,4,1
14403,22,66000,RENT,0.0,PERSONAL,E,18000,16.0,0.27,Y,4,1
14404,25,95000,MORTGAGE,9.0,MEDICAL,A,10000,7.88,0.11,N,2,0
14405,44,35000,MORTGAGE,13.0,EDUCATION,A,4600,5.42,0.13,N,11,0
14406,23,70000,RENT,2.0,EDUCATION,B,12000,10.74,0.17,N,3,0
14407,37,90000,RENT,2.0,DEBTCONSOLIDATION,A,14000,6.91,0.16,N,13,0
14408,29,74400,OWN,8.0,VENTURE,A,7500,7.49,0.1,N,10,0
14409,29,69000,RENT,1.0,EDUCATION,D,6000,16.29,0.09,Y,8,1
14410,24,49500,RENT,5.0,MEDICAL,B,12000,10.36,0.24,N,4,0
14411,22,80000,RENT,6.0,VENTURE,B,15000,10.99,0.19,N,3,0
14412,39,60500,MORTGAGE,4.0,VENTURE,B,7000,9.88,0.12,N,13,0
14413,23,83000,MORTGAGE,7.0,PERSONAL,A,10000,7.49,0.12,N,3,0
14414,29,28800,OWN,0.0,VENTURE,B,5000,12.42,0.17,N,8,0
14415,30,90000,RENT,1.0,PERSONAL,B,10000,12.69,0.11,N,8,0
14416,39,45000,RENT,1.0,EDUCATION,B,2000,10.99,0.04,N,14,0
14417,41,85000,MORTGAGE,3.0,VENTURE,A,10000,6.03,0.12,N,16,0
14418,22,75000,RENT,2.0,VENTURE,B,13600,12.21,0.19,N,2,0
14419,24,35000,RENT,5.0,VENTURE,B,15000,10.62,0.43,N,3,1
14420,22,36000,RENT,0.0,DEBTCONSOLIDATION,D,2000,14.59,0.05,N,3,1
14421,27,45000,RENT,4.0,DEBTCONSOLIDATION,C,10000,14.65,0.22,N,10,0
14422,23,75000,RENT,1.0,EDUCATION,C,15000,13.16,0.2,Y,3,0
14423,22,80000,RENT,5.0,EDUCATION,B,9600,10.99,0.12,N,2,0
14424,24,50000,MORTGAGE,8.0,VENTURE,A,12000,6.91,0.24,N,4,0
14425,40,102000,MORTGAGE,2.0,MEDICAL,A,10000,9.63,0.1,N,14,0
14426,24,30000,OWN,2.0,MEDICAL,B,12000,10.38,0.4,N,2,0
14427,32,28800,OWN,3.0,EDUCATION,B,7000,11.48,0.23,N,6,0
14428,25,24000,RENT,0.0,MEDICAL,B,10000,11.83,0.43,N,3,1
14429,27,170000,MORTGAGE,11.0,DEBTCONSOLIDATION,C,9000,13.98,0.05,N,6,0
14430,22,50000,RENT,6.0,DEBTCONSOLIDATION,A,6000,5.42,0.12,N,3,0
14431,25,78996,RENT,6.0,HOMEIMPROVEMENT,D,15000,14.42,0.19,Y,3,1
14432,28,57000,RENT,3.0,DEBTCONSOLIDATION,A,3000,7.68,0.05,N,6,0
14433,62,38000,RENT,0.0,DEBTCONSOLIDATION,C,5600,15.96,0.15,Y,29,0
14434,31,86004,MORTGAGE,4.0,MEDICAL,C,15000,14.22,0.17,Y,6,0
14435,32,69996,RENT,0.0,EDUCATION,B,3000,10.99,0.04,N,7,0
14436,22,50000,RENT,1.0,EDUCATION,B,4000,11.86,0.08,N,2,0
14437,31,90000,RENT,15.0,HOMEIMPROVEMENT,D,15000,14.42,0.17,Y,5,0
14438,25,110000,MORTGAGE,0.0,VENTURE,C,5000,13.85,0.05,N,2,0
14439,30,35000,RENT,2.0,VENTURE,B,10000,10.0,0.29,N,10,0
14440,32,65000,MORTGAGE,5.0,PERSONAL,D,15000,14.42,0.23,Y,6,0
14441,27,50000,RENT,0.0,PERSONAL,B,7000,11.86,0.14,N,8,0
14442,26,85000,MORTGAGE,10.0,HOMEIMPROVEMENT,A,10000,7.51,0.12,N,3,0
14443,24,50000,RENT,4.0,PERSONAL,B,8000,10.71,0.16,N,2,0
14444,21,45000,MORTGAGE,5.0,PERSONAL,C,15000,13.49,0.33,Y,4,0
14445,31,151200,MORTGAGE,15.0,HOMEIMPROVEMENT,A,10000,7.51,0.07,N,10,0
14446,23,120000,RENT,2.0,DEBTCONSOLIDATION,B,2500,9.99,0.02,N,4,0
14447,21,47700,RENT,2.0,MEDICAL,B,12000,11.99,0.25,N,2,0
14448,21,30000,RENT,5.0,VENTURE,B,2000,10.38,0.07,N,4,0
14449,23,150000,MORTGAGE,7.0,VENTURE,B,15000,10.99,0.1,N,2,0
14450,21,24000,MORTGAGE,5.0,EDUCATION,B,4000,10.59,0.17,N,4,0
14451,26,36000,RENT,1.0,EDUCATION,B,10000,9.91,0.28,N,2,0
14452,27,84000,RENT,6.0,VENTURE,D,25000,15.7,0.29,Y,9,0
14453,28,59004,RENT,1.0,PERSONAL,D,20000,14.84,0.34,Y,7,1
14454,27,72900,MORTGAGE,1.0,MEDICAL,C,15000,12.84,0.21,N,7,0
14455,22,42000,MORTGAGE,6.0,VENTURE,A,7600,8.94,0.18,N,2,0
14456,24,40000,RENT,1.0,MEDICAL,A,3000,6.99,0.07,N,4,0
14457,23,60000,RENT,7.0,EDUCATION,D,5000,15.7,0.08,Y,2,0
14458,36,65000,MORTGAGE,2.0,PERSONAL,B,8000,10.36,0.12,N,13,0
14459,48,100000,MORTGAGE,5.0,HOMEIMPROVEMENT,B,25000,11.36,0.25,N,15,0
14460,24,95000,OWN,4.0,PERSONAL,A,3600,7.51,0.04,N,4,0
14461,25,54000,MORTGAGE,9.0,HOMEIMPROVEMENT,B,13000,10.39,0.24,N,4,0
14462,36,38000,RENT,0.0,PERSONAL,C,10000,13.48,0.26,N,12,0
14463,38,73000,RENT,0.0,HOMEIMPROVEMENT,D,6000,14.54,0.08,N,12,1
14464,22,31200,RENT,3.0,EDUCATION,E,10000,16.45,0.32,Y,2,1
14465,22,65000,MORTGAGE,6.0,DEBTCONSOLIDATION,A,5000,5.42,0.08,N,4,0
14466,31,33000,RENT,5.0,PERSONAL,D,5000,14.54,0.15,Y,9,0
14467,31,30000,RENT,4.0,DEBTCONSOLIDATION,A,10000,8.63,0.33,N,7,1
14468,36,100000,MORTGAGE,9.0,VENTURE,A,10000,5.79,0.1,N,14,0
14469,23,25000,RENT,1.0,PERSONAL,B,4000,8.7,0.16,N,2,0
14470,22,37000,RENT,2.0,EDUCATION,B,7000,11.89,0.19,N,3,0
14471,40,132000,MORTGAGE,3.0,HOMEIMPROVEMENT,E,25000,16.82,0.22,N,17,0
14472,22,105000,MORTGAGE,6.0,VENTURE,B,10000,11.49,0.1,N,4,0
14473,24,42000,RENT,8.0,DEBTCONSOLIDATION,D,7000,14.42,0.17,N,4,1
14474,23,80000,RENT,7.0,PERSONAL,A,5000,6.91,0.06,N,4,0
14475,21,67500,MORTGAGE,1.0,PERSONAL,A,6000,7.88,0.09,N,3,0
14476,22,89000,MORTGAGE,2.0,VENTURE,C,18000,10.91,0.2,Y,4,0
14477,27,103000,MORTGAGE,11.0,PERSONAL,A,10000,6.62,0.1,N,6,0
14478,22,72000,RENT,5.0,DEBTCONSOLIDATION,A,12000,7.88,0.17,N,2,0
14479,28,37500,OWN,0.0,PERSONAL,A,8000,6.03,0.21,N,9,0
14480,24,44630,MORTGAGE,2.0,VENTURE,E,15000,16.0,0.33,Y,3,0
14481,27,44000,MORTGAGE,2.0,EDUCATION,B,8000,12.69,0.18,N,7,1
14482,22,40000,MORTGAGE,6.0,DEBTCONSOLIDATION,A,5000,6.62,0.13,N,3,0
14483,23,138000,MORTGAGE,7.0,MEDICAL,A,10000,8.0,0.07,N,2,0
14484,23,120600,MORTGAGE,7.0,MEDICAL,C,10000,13.49,0.08,N,2,1
14485,30,47000,MORTGAGE,5.0,PERSONAL,A,5000,8.0,0.11,N,10,0
14486,22,37000,RENT,2.0,PERSONAL,D,15000,12.99,0.41,N,4,1
14487,38,95000,MORTGAGE,0.0,HOMEIMPROVEMENT,B,15000,10.38,0.16,N,13,0
14488,33,70000,RENT,17.0,VENTURE,A,17000,7.9,0.24,N,7,0
14489,42,90000,MORTGAGE,3.0,MEDICAL,A,12000,7.51,0.13,N,11,0
14490,22,90000,MORTGAGE,6.0,PERSONAL,A,11400,7.49,0.13,N,3,0
14491,25,25000,OWN,9.0,VENTURE,C,6000,15.27,0.24,Y,4,0
14492,42,75000,RENT,3.0,HOMEIMPROVEMENT,C,21000,13.48,0.28,Y,12,0
14493,21,90636,OWN,5.0,VENTURE,B,12000,11.49,0.13,N,4,0
14494,27,32000,RENT,1.0,PERSONAL,D,6000,16.07,0.19,N,9,1
14495,24,74064,RENT,9.0,DEBTCONSOLIDATION,D,24000,14.84,0.32,N,4,1
14496,27,53000,RENT,4.0,MEDICAL,B,12000,10.59,0.23,N,7,0
14497,28,80000,RENT,1.0,MEDICAL,C,12000,14.27,0.15,N,6,0
14498,23,78000,RENT,0.0,VENTURE,D,10000,16.89,0.13,N,4,1
14499,22,75500,MORTGAGE,6.0,EDUCATION,A,8000,7.9,0.1,N,3,0
14500,31,45000,RENT,3.0,EDUCATION,C,5000,12.73,0.11,Y,8,0
14501,22,120000,MORTGAGE,6.0,DEBTCONSOLIDATION,A,10000,8.94,0.08,N,3,0
14502,23,80000,RENT,1.0,EDUCATION,A,6000,7.88,0.07,N,2,0
14503,22,30000,RENT,3.0,VENTURE,C,3000,13.49,0.1,Y,4,0
14504,34,120000,MORTGAGE,3.0,DEBTCONSOLIDATION,A,10000,7.14,0.08,N,10,0
14505,26,55000,RENT,2.0,EDUCATION,C,20000,14.79,0.36,Y,4,1
14506,25,120000,MORTGAGE,9.0,PERSONAL,A,5000,6.76,0.04,N,2,0
14507,41,111000,MORTGAGE,2.0,PERSONAL,A,5000,7.49,0.04,N,12,0
14508,28,48996,MORTGAGE,5.0,HOMEIMPROVEMENT,D,5000,15.58,0.1,Y,6,0
14509,25,56000,RENT,4.0,PERSONAL,B,5600,9.63,0.1,N,2,0
14510,22,52700,MORTGAGE,2.0,EDUCATION,A,6000,7.4,0.11,N,3,0
14511,23,30000,RENT,7.0,PERSONAL,B,15000,12.21,0.5,N,4,1
14512,29,50000,MORTGAGE,3.0,EDUCATION,B,4000,10.95,0.08,N,10,0
14513,37,80400,MORTGAGE,13.0,PERSONAL,A,5500,6.54,0.07,N,16,0
14514,23,105000,RENT,0.0,VENTURE,B,24250,11.83,0.23,N,3,0
14515,23,54000,MORTGAGE,7.0,PERSONAL,B,10000,10.99,0.19,N,2,0
14516,26,36000,RENT,10.0,DEBTCONSOLIDATION,D,10000,15.62,0.29,Y,2,1
14517,38,98000,OWN,1.0,PERSONAL,C,5000,13.43,0.05,N,17,0
14518,62,48000,MORTGAGE,2.0,PERSONAL,C,14000,13.57,0.29,Y,27,0
14519,23,60000,MORTGAGE,7.0,VENTURE,C,15000,12.73,0.25,N,4,0
14520,27,115000,RENT,1.0,VENTURE,B,14000,11.99,0.13,N,6,0
14521,25,70000,RENT,9.0,VENTURE,A,25000,7.9,0.36,N,2,1
14522,22,80196,RENT,2.0,PERSONAL,C,30000,12.68,0.37,Y,2,1
14523,25,49000,RENT,1.0,HOMEIMPROVEMENT,D,5000,15.62,0.1,Y,3,1
14524,36,43000,RENT,2.0,EDUCATION,C,6000,13.92,0.14,Y,11,0
14525,24,56000,OWN,4.0,EDUCATION,D,15000,15.33,0.26,Y,2,0
14526,23,100000,RENT,1.0,PERSONAL,C,10000,11.03,0.1,Y,3,0
14527,23,70000,MORTGAGE,1.0,PERSONAL,B,6000,11.89,0.09,N,3,0
14528,26,30000,RENT,1.0,HOMEIMPROVEMENT,D,10000,15.99,0.33,Y,2,1
14529,26,71000,RENT,10.0,DEBTCONSOLIDATION,C,8400,14.72,0.12,N,2,0
14530,29,52800,RENT,3.0,HOMEIMPROVEMENT,B,4500,10.37,0.09,N,10,0
14531,29,86400,MORTGAGE,13.0,MEDICAL,A,7000,6.99,0.08,N,10,0
14532,26,61000,MORTGAGE,2.0,EDUCATION,C,7500,11.97,0.12,N,2,0
14533,23,97000,MORTGAGE,0.0,PERSONAL,B,14000,11.99,0.14,N,2,0
14534,32,48000,MORTGAGE,5.0,HOMEIMPROVEMENT,B,4800,12.42,0.1,N,9,0
14535,24,40000,MORTGAGE,2.0,HOMEIMPROVEMENT,B,5000,9.45,0.13,N,4,0
14536,23,95000,RENT,7.0,EDUCATION,B,10000,10.65,0.11,N,4,0
14537,28,67000,OWN,3.0,PERSONAL,A,7000,8.94,0.1,N,5,0
14538,22,55000,MORTGAGE,6.0,MEDICAL,A,4000,6.54,0.07,N,4,0
14539,28,43000,MORTGAGE,12.0,PERSONAL,A,6000,7.51,0.14,N,9,0
14540,25,70000,MORTGAGE,9.0,EDUCATION,C,6000,14.65,0.09,Y,2,0
14541,22,95000,RENT,2.0,EDUCATION,B,10000,11.89,0.11,N,4,0
14542,34,80000,RENT,6.0,HOMEIMPROVEMENT,C,10000,14.17,0.13,N,8,0
14543,24,30000,RENT,0.0,PERSONAL,A,3800,7.51,0.12,N,2,0
14544,28,16800,RENT,0.0,HOMEIMPROVEMENT,C,4750,13.85,0.28,Y,8,1
14545,24,60000,MORTGAGE,8.0,EDUCATION,A,8000,7.9,0.13,N,2,0
14546,32,150000,MORTGAGE,10.0,DEBTCONSOLIDATION,A,6000,8.0,0.03,N,5,0
14547,30,120000,MORTGAGE,2.0,PERSONAL,B,15000,10.74,0.13,N,5,0
14548,24,72000,RENT,2.0,VENTURE,B,12000,10.99,0.17,N,2,0
14549,27,32004,RENT,11.0,VENTURE,A,4600,7.51,0.15,N,7,0
14550,22,47004,RENT,5.0,EDUCATION,A,10000,7.14,0.21,N,4,0
14551,28,98850,RENT,12.0,MEDICAL,A,12500,5.79,0.13,N,5,0
14552,41,30000,RENT,4.0,HOMEIMPROVEMENT,A,5000,6.17,0.17,N,13,0
14553,34,60000,RENT,0.0,EDUCATION,B,10000,9.45,0.17,N,9,0
14554,32,75000,MORTGAGE,13.0,DEBTCONSOLIDATION,B,12000,11.99,0.16,N,9,0
14555,29,36000,RENT,4.0,MEDICAL,B,12000,12.69,0.33,N,9,1
14556,23,55000,MORTGAGE,7.0,DEBTCONSOLIDATION,A,14000,7.9,0.25,N,3,0
14557,22,70000,MORTGAGE,3.0,VENTURE,A,5000,8.49,0.07,N,2,0
14558,22,38000,RENT,1.0,VENTURE,B,7000,12.53,0.18,N,3,0
14559,30,70000,MORTGAGE,14.0,DEBTCONSOLIDATION,A,12000,7.88,0.17,N,8,0
14560,36,70000,RENT,3.0,MEDICAL,A,5000,6.62,0.07,N,17,0
14561,23,78000,RENT,2.0,VENTURE,C,20000,14.27,0.27,Y,2,1
14562,26,80000,MORTGAGE,2.0,DEBTCONSOLIDATION,B,9000,12.21,0.11,N,2,0
14563,23,30000,RENT,2.0,PERSONAL,D,10000,15.7,0.33,Y,2,1
14564,22,80000,MORTGAGE,6.0,VENTURE,B,12000,10.74,0.15,N,2,0
14565,29,170000,MORTGAGE,3.0,EDUCATION,A,12000,5.79,0.07,N,8,0
14566,27,48000,MORTGAGE,7.0,EDUCATION,B,10000,10.59,0.21,N,10,0
14567,24,70000,MORTGAGE,8.0,DEBTCONSOLIDATION,B,14000,10.99,0.2,N,4,0
14568,23,88000,RENT,0.0,EDUCATION,B,10000,10.65,0.11,N,2,0
14569,22,33000,RENT,6.0,DEBTCONSOLIDATION,C,2000,14.27,0.06,N,3,0
14570,31,80000,MORTGAGE,6.0,HOMEIMPROVEMENT,C,10000,13.48,0.13,N,6,0
14571,23,61000,MORTGAGE,3.0,DEBTCONSOLIDATION,A,2500,7.49,0.04,N,3,0
14572,28,70000,RENT,12.0,PERSONAL,B,3000,11.11,0.04,N,8,0
14573,29,55684,MORTGAGE,13.0,HOMEIMPROVEMENT,A,5200,5.42,0.09,N,10,0
14574,22,70000,RENT,3.0,EDUCATION,A,6000,7.49,0.09,N,2,0
14575,29,350000,MORTGAGE,11.0,DEBTCONSOLIDATION,A,12000,6.03,0.03,N,6,0
14576,28,50000,MORTGAGE,5.0,PERSONAL,A,5000,8.9,0.1,N,5,0
14577,38,66000,MORTGAGE,15.0,VENTURE,C,2400,11.03,0.04,Y,12,0
14578,29,142000,OWN,14.0,HOMEIMPROVEMENT,B,24250,11.48,0.17,N,5,0
14579,32,120000,RENT,1.0,DEBTCONSOLIDATION,B,6000,12.69,0.05,N,9,0
14580,39,60000,RENT,2.0,HOMEIMPROVEMENT,B,3000,10.99,0.05,N,13,0
14581,23,30000,RENT,1.0,MEDICAL,D,10000,15.99,0.33,N,3,1
14582,27,64000,RENT,3.0,DEBTCONSOLIDATION,D,8000,14.96,0.13,Y,9,1
14583,24,62000,OTHER,2.0,VENTURE,B,7500,10.37,0.12,N,2,0
14584,21,24996,RENT,3.0,VENTURE,B,5000,9.99,0.2,N,3,0
14585,25,90000,MORTGAGE,0.0,DEBTCONSOLIDATION,A,12000,7.88,0.13,N,4,0
14586,27,50000,RENT,11.0,VENTURE,C,10000,13.49,0.2,Y,8,0
14587,29,34000,RENT,2.0,VENTURE,C,3500,12.53,0.1,Y,7,0
14588,30,34000,RENT,2.0,HOMEIMPROVEMENT,D,7500,15.58,0.22,Y,9,1
14589,25,72000,MORTGAGE,4.0,MEDICAL,B,20000,12.69,0.28,N,2,0
14590,27,80000,RENT,1.0,MEDICAL,A,15000,7.51,0.19,N,7,0
14591,46,50000,RENT,2.0,EDUCATION,B,2800,11.86,0.06,N,16,0
14592,26,42000,RENT,4.0,DEBTCONSOLIDATION,A,2500,8.94,0.06,N,3,0
14593,21,57000,MORTGAGE,5.0,DEBTCONSOLIDATION,A,6300,7.14,0.11,N,3,0
14594,26,225000,MORTGAGE,5.0,VENTURE,A,7500,7.51,0.03,N,2,0
14595,22,72000,MORTGAGE,0.0,VENTURE,A,6000,9.63,0.08,N,4,0
14596,26,33000,RENT,4.0,MEDICAL,A,3600,7.51,0.11,N,2,0
14597,45,80000,RENT,12.0,VENTURE,B,10000,11.83,0.13,N,11,0
14598,23,95000,RENT,7.0,PERSONAL,A,9000,7.49,0.09,N,2,0
14599,24,100000,OWN,8.0,VENTURE,A,8000,7.9,0.08,N,3,0
14600,31,55000,RENT,3.0,MEDICAL,D,2500,15.37,0.05,N,10,1
14601,34,42000,MORTGAGE,0.0,HOMEIMPROVEMENT,B,11200,11.14,0.26,N,6,0
14602,26,45000,MORTGAGE,1.0,VENTURE,A,8000,7.51,0.18,N,4,0
14603,25,62000,MORTGAGE,3.0,PERSONAL,A,7000,6.62,0.11,N,2,0
14604,30,30000,RENT,4.0,EDUCATION,B,7000,9.62,0.23,N,9,1
14605,27,14400,RENT,0.0,DEBTCONSOLIDATION,B,1000,11.86,0.07,N,8,0
14606,24,62467,RENT,0.0,HOMEIMPROVEMENT,A,7550,8.49,0.13,N,4,0
14607,31,59000,RENT,9.0,DEBTCONSOLIDATION,D,15000,14.91,0.25,N,8,1
14608,24,45996,MORTGAGE,8.0,EDUCATION,A,11000,7.51,0.24,N,4,0
14609,28,55000,RENT,1.0,MEDICAL,B,10000,9.88,0.18,N,5,0
14610,22,52000,RENT,5.0,EDUCATION,A,5600,8.0,0.11,N,2,0
14611,29,52000,MORTGAGE,11.0,VENTURE,A,1000,5.42,0.02,N,5,0
14612,33,85000,MORTGAGE,17.0,PERSONAL,A,10000,7.14,0.12,N,6,0
14613,37,78000,RENT,3.0,DEBTCONSOLIDATION,B,20000,12.18,0.26,N,11,1
14614,26,57000,RENT,0.0,PERSONAL,A,3000,9.32,0.05,N,3,0
14615,27,66000,RENT,6.0,HOMEIMPROVEMENT,B,20000,10.25,0.3,N,5,0
14616,37,41000,RENT,7.0,DEBTCONSOLIDATION,A,7000,7.51,0.17,N,12,0
14617,24,63000,RENT,0.0,HOMEIMPROVEMENT,B,3200,10.99,0.05,N,3,0
14618,32,60000,MORTGAGE,0.0,EDUCATION,A,8000,5.79,0.13,N,10,0
14619,24,75000,MORTGAGE,8.0,MEDICAL,A,9600,7.51,0.13,N,4,0
14620,29,71500,MORTGAGE,13.0,PERSONAL,B,10000,10.99,0.14,N,7,0
14621,29,48000,RENT,1.0,VENTURE,A,6000,5.42,0.13,N,5,0
14622,22,60000,MORTGAGE,3.0,EDUCATION,A,9500,7.14,0.16,N,4,0
14623,24,45000,MORTGAGE,8.0,PERSONAL,B,8000,12.21,0.18,N,4,0
14624,23,28800,MORTGAGE,3.0,EDUCATION,B,6000,10.99,0.21,N,2,0
14625,22,32200,OWN,3.0,VENTURE,D,6000,15.65,0.19,Y,4,0
14626,38,72000,RENT,8.0,EDUCATION,A,8000,7.9,0.11,N,11,0
14627,26,75000,RENT,0.0,VENTURE,C,12000,12.99,0.16,Y,4,0
14628,26,65000,MORTGAGE,2.0,DEBTCONSOLIDATION,A,6000,8.0,0.09,N,2,0
14629,26,57000,RENT,0.0,PERSONAL,A,6000,8.0,0.11,N,2,0
14630,26,70000,RENT,3.0,PERSONAL,D,12000,15.21,0.17,N,3,0
14631,28,61000,MORTGAGE,12.0,DEBTCONSOLIDATION,A,7500,7.29,0.12,N,8,0
14632,21,38000,MORTGAGE,5.0,DEBTCONSOLIDATION,B,3200,9.62,0.08,N,2,0
14633,24,42000,OWN,4.0,MEDICAL,C,10000,12.99,0.24,N,3,0
14634,23,35000,RENT,0.0,VENTURE,B,4100,11.48,0.12,N,4,0
14635,22,69528,RENT,6.0,EDUCATION,B,6000,9.99,0.09,N,2,0
14636,24,24000,RENT,1.0,EDUCATION,C,7200,15.27,0.29,N,3,0
14637,28,110000,MORTGAGE,12.0,HOMEIMPROVEMENT,B,12000,12.18,0.11,N,6,0
14638,31,37500,RENT,3.0,PERSONAL,B,12800,10.75,0.32,N,8,1
14639,24,28800,RENT,3.0,PERSONAL,B,12250,10.74,0.42,N,2,1
14640,25,60000,RENT,3.0,DEBTCONSOLIDATION,B,7000,10.36,0.12,N,3,0
14641,22,80000,MORTGAGE,6.0,EDUCATION,B,15000,10.95,0.19,N,2,0
14642,41,71604,RENT,7.0,EDUCATION,A,7200,9.63,0.1,N,14,0
14643,38,92000,RENT,13.0,HOMEIMPROVEMENT,D,6400,14.11,0.07,N,13,0
14644,32,45000,RENT,3.0,MEDICAL,C,5000,11.28,0.11,N,9,1
14645,24,120000,MORTGAGE,8.0,MEDICAL,A,10000,7.29,0.08,N,4,0
14646,32,80000,MORTGAGE,0.0,EDUCATION,B,12000,10.99,0.15,N,7,0
14647,28,30000,RENT,3.0,VENTURE,C,15000,13.61,0.5,N,8,1
14648,28,125000,MORTGAGE,0.0,HOMEIMPROVEMENT,A,10000,7.51,0.08,N,7,0
14649,25,64000,RENT,9.0,MEDICAL,B,7200,9.91,0.11,N,2,0
14650,23,65000,MORTGAGE,3.0,MEDICAL,B,7000,11.49,0.11,N,3,0
14651,28,69996,RENT,1.0,HOMEIMPROVEMENT,B,6000,10.37,0.09,N,7,0
14652,25,40000,RENT,5.0,MEDICAL,B,1600,11.86,0.04,N,2,0
14653,30,65000,RENT,14.0,DEBTCONSOLIDATION,B,24000,11.71,0.38,N,7,1
14654,23,50000,RENT,0.0,VENTURE,B,3000,10.95,0.06,N,2,0
14655,31,55000,RENT,3.0,PERSONAL,D,10000,15.31,0.18,N,5,0
14656,24,48000,RENT,1.0,EDUCATION,B,7500,10.95,0.16,N,3,0
14657,23,60000,MORTGAGE,5.0,EDUCATION,A,6800,7.51,0.11,N,4,0
14658,21,50004,OWN,5.0,VENTURE,B,1500,11.83,0.03,N,2,0
14659,28,60000,MORTGAGE,1.0,DEBTCONSOLIDATION,C,8000,12.87,0.13,Y,6,0
14660,22,43200,OWN,5.0,VENTURE,A,2000,7.37,0.05,N,2,0
14661,47,54000,MORTGAGE,21.0,MEDICAL,A,3000,7.68,0.06,N,13,0
14662,23,58000,RENT,1.0,VENTURE,A,3000,5.42,0.05,N,3,0
14663,23,40000,MORTGAGE,7.0,DEBTCONSOLIDATION,B,5400,12.69,0.14,N,4,0
14664,22,39300,MORTGAGE,6.0,MEDICAL,D,7500,14.61,0.19,N,4,1
14665,30,75000,MORTGAGE,14.0,DEBTCONSOLIDATION,A,10000,7.29,0.13,N,9,0
14666,31,25000,RENT,7.0,DEBTCONSOLIDATION,A,5000,7.14,0.2,N,9,0
14667,27,43200,MORTGAGE,4.0,HOMEIMPROVEMENT,C,7500,13.49,0.17,N,8,0
14668,23,24000,RENT,3.0,DEBTCONSOLIDATION,B,8000,10.99,0.33,N,2,1
14669,24,83004,RENT,4.0,EDUCATION,A,3000,9.32,0.04,N,4,0
14670,23,200000,RENT,2.0,EDUCATION,B,6000,12.18,0.03,N,3,0
14671,27,100000,RENT,6.0,DEBTCONSOLIDATION,B,20000,10.99,0.2,N,9,0
14672,24,70000,RENT,4.0,PERSONAL,B,10000,11.14,0.14,N,3,0
14673,23,104000,MORTGAGE,7.0,EDUCATION,D,35000,16.49,0.34,Y,4,0
14674,28,35000,RENT,3.0,MEDICAL,B,6000,11.99,0.17,N,5,0
14675,29,50000,MORTGAGE,4.0,MEDICAL,B,6000,10.39,0.12,N,7,0
14676,24,55000,MORTGAGE,8.0,HOMEIMPROVEMENT,A,8500,8.94,0.15,N,2,0
14677,31,102000,MORTGAGE,5.0,HOMEIMPROVEMENT,B,10000,12.69,0.1,N,8,0
14678,31,60000,MORTGAGE,9.0,MEDICAL,A,10000,7.51,0.17,N,8,0
14679,23,36000,RENT,2.0,VENTURE,B,5500,11.48,0.15,N,2,0
14680,24,100000,RENT,7.0,PERSONAL,A,12000,7.29,0.12,N,3,0
14681,28,20000,RENT,3.0,MEDICAL,B,5000,12.42,0.25,N,6,0
14682,23,95000,RENT,0.0,EDUCATION,A,14000,7.88,0.15,N,2,0
14683,23,70000,MORTGAGE,2.0,MEDICAL,A,12000,6.99,0.17,N,4,0
14684,42,25440,MORTGAGE,9.0,VENTURE,F,12000,19.41,0.49,N,17,0
14685,26,90000,MORTGAGE,10.0,MEDICAL,C,14400,14.35,0.16,N,4,0
14686,27,65000,RENT,6.0,MEDICAL,C,7000,14.65,0.11,N,5,0
14687,40,92700,RENT,1.0,EDUCATION,B,9000,9.63,0.1,N,11,0
14688,27,60000,MORTGAGE,5.0,HOMEIMPROVEMENT,C,15000,14.65,0.25,Y,6,0
14689,22,130000,MORTGAGE,3.0,DEBTCONSOLIDATION,A,12000,7.88,0.09,N,2,0
14690,31,50000,RENT,0.0,MEDICAL,C,9600,13.85,0.19,N,7,0
14691,30,120000,MORTGAGE,2.0,EDUCATION,D,25000,15.58,0.21,Y,7,0
14692,26,45000,RENT,2.0,DEBTCONSOLIDATION,A,10000,9.32,0.22,N,2,0
14693,25,72000,MORTGAGE,9.0,PERSONAL,A,16000,7.9,0.22,N,2,0
14694,36,120000,RENT,3.0,HOMEIMPROVEMENT,C,25000,13.06,0.21,N,16,0
14695,37,79631,MORTGAGE,21.0,HOMEIMPROVEMENT,C,5000,13.61,0.07,N,13,1
14696,29,70000,MORTGAGE,0.0,EDUCATION,A,9000,8.0,0.13,N,7,0
14697,29,36000,MORTGAGE,3.0,EDUCATION,B,5600,11.49,0.16,N,10,0
14698,37,60000,MORTGAGE,8.0,EDUCATION,A,5000,7.51,0.08,N,12,0
14699,31,84000,MORTGAGE,9.0,HOMEIMPROVEMENT,B,14000,11.99,0.17,N,10,0
14700,24,80000,RENT,0.0,VENTURE,C,10000,13.23,0.13,N,2,0
14701,25,35000,RENT,2.0,DEBTCONSOLIDATION,D,5200,17.58,0.15,Y,2,1
14702,24,90000,RENT,6.0,PERSONAL,C,12000,13.49,0.13,N,4,0
14703,36,90000,MORTGAGE,6.0,HOMEIMPROVEMENT,A,12000,8.9,0.13,N,14,0
14704,31,75000,RENT,4.0,VENTURE,C,14000,13.79,0.19,Y,10,0
14705,25,31200,RENT,1.0,MEDICAL,B,4000,9.99,0.13,N,3,0
14706,26,80000,MORTGAGE,10.0,VENTURE,A,10000,7.9,0.13,N,2,0
14707,37,25000,RENT,2.0,EDUCATION,B,4000,10.95,0.16,N,15,1
14708,24,28000,RENT,3.0,MEDICAL,A,5000,8.9,0.18,N,3,0
14709,23,120000,MORTGAGE,2.0,DEBTCONSOLIDATION,A,10000,6.03,0.08,N,3,0
14710,23,50000,RENT,4.0,VENTURE,C,10000,13.49,0.2,Y,2,0
14711,32,50000,OWN,0.0,EDUCATION,A,9000,7.14,0.18,N,6,0
14712,25,115000,RENT,9.0,DEBTCONSOLIDATION,C,2400,13.49,0.02,Y,2,0
14713,30,54000,RENT,1.0,HOMEIMPROVEMENT,C,1500,12.99,0.03,Y,10,1
14714,23,48250,RENT,2.0,MEDICAL,C,5000,13.79,0.1,Y,3,0
14715,21,60000,RENT,0.0,DEBTCONSOLIDATION,A,7000,7.14,0.12,N,4,0
14716,30,29000,MORTGAGE,7.0,MEDICAL,A,6000,7.88,0.21,N,8,0
14717,23,42000,RENT,5.0,EDUCATION,A,6000,8.59,0.14,N,4,0
14718,40,75000,RENT,6.0,EDUCATION,B,5000,11.49,0.07,N,12,0
14719,24,54000,MORTGAGE,7.0,MEDICAL,C,12000,13.57,0.22,Y,4,0
14720,34,28800,RENT,5.0,EDUCATION,A,5000,6.54,0.17,N,5,0
14721,23,35004,RENT,0.0,PERSONAL,A,5000,8.49,0.14,N,3,0
14722,27,120000,MORTGAGE,11.0,DEBTCONSOLIDATION,A,10000,5.42,0.08,N,7,0
14723,27,105000,MORTGAGE,11.0,HOMEIMPROVEMENT,C,18000,12.73,0.17,Y,9,0
14724,27,100000,MORTGAGE,11.0,PERSONAL,A,6000,7.51,0.06,N,6,0
14725,35,50000,RENT,0.0,MEDICAL,B,4000,10.99,0.08,N,10,0
14726,53,72000,RENT,0.0,PERSONAL,A,3000,8.9,0.04,N,24,0
14727,29,80000,RENT,1.0,HOMEIMPROVEMENT,B,15000,10.59,0.19,N,5,0
14728,24,80000,MORTGAGE,8.0,EDUCATION,A,18000,7.9,0.23,N,2,0
14729,33,140000,MORTGAGE,4.0,MEDICAL,B,24250,11.49,0.17,N,10,0
14730,37,192000,OWN,15.0,PERSONAL,C,10000,13.16,0.05,Y,17,0
14731,22,50000,RENT,0.0,PERSONAL,B,9000,12.18,0.18,N,3,0
14732,22,44004,RENT,6.0,MEDICAL,C,5000,13.79,0.11,Y,2,0
14733,25,33600,OWN,3.0,VENTURE,A,5200,5.99,0.15,N,4,0
14734,23,44664,MORTGAGE,5.0,EDUCATION,B,1200,11.99,0.03,N,3,0
14735,25,100000,MORTGAGE,9.0,DEBTCONSOLIDATION,A,5000,7.14,0.05,N,3,0
14736,22,100000,MORTGAGE,5.0,EDUCATION,C,12000,13.57,0.12,Y,3,0
14737,30,58800,RENT,3.0,VENTURE,A,7000,6.03,0.13,N,5,0
14738,29,75000,MORTGAGE,3.0,HOMEIMPROVEMENT,B,15000,10.74,0.2,N,9,0
14739,31,82000,MORTGAGE,4.0,HOMEIMPROVEMENT,A,14400,6.62,0.18,N,7,0
14740,23,75000,RENT,0.0,MEDICAL,A,13000,7.9,0.17,N,4,0
14741,30,30000,RENT,1.0,DEBTCONSOLIDATION,A,5000,7.66,0.17,N,10,0
14742,24,48000,RENT,2.0,EDUCATION,C,5500,13.35,0.12,N,3,0
14743,26,58380,MORTGAGE,3.0,PERSONAL,A,5000,7.29,0.09,N,2,0
14744,22,42000,RENT,5.0,VENTURE,C,1000,13.79,0.02,N,2,0
14745,22,53321,RENT,0.0,MEDICAL,D,9000,15.58,0.17,Y,4,1
14746,31,35000,RENT,8.0,MEDICAL,D,12250,14.59,0.35,Y,7,1
14747,23,92000,MORTGAGE,3.0,MEDICAL,A,6000,5.42,0.07,N,2,0
14748,30,65000,MORTGAGE,2.0,PERSONAL,C,6000,13.23,0.09,N,5,0
14749,23,70000,OWN,5.0,EDUCATION,B,12000,12.21,0.17,N,3,0
14750,25,85000,MORTGAGE,10.0,HOMEIMPROVEMENT,A,10000,8.49,0.12,N,4,0
14751,25,50000,MORTGAGE,6.0,MEDICAL,B,3000,11.49,0.06,N,4,0
14752,46,50000,MORTGAGE,1.0,PERSONAL,B,5000,11.48,0.1,N,14,0
14753,24,30000,MORTGAGE,4.0,VENTURE,A,1200,8.49,0.04,N,2,0
14754,24,60000,MORTGAGE,8.0,PERSONAL,A,12000,7.9,0.2,N,2,0
14755,27,60000,RENT,0.0,MEDICAL,B,7000,9.25,0.12,N,10,0
14756,49,75000,RENT,4.0,VENTURE,B,10000,11.49,0.13,N,12,0
14757,29,45000,RENT,6.0,MEDICAL,B,5000,11.49,0.11,N,9,1
14758,26,60000,OWN,7.0,VENTURE,C,10000,13.49,0.17,Y,3,0
14759,25,70000,MORTGAGE,9.0,PERSONAL,A,6000,7.74,0.09,N,4,0
14760,27,98000,OWN,10.0,VENTURE,B,16000,11.83,0.16,N,7,0
14761,31,38000,RENT,2.0,DEBTCONSOLIDATION,B,5000,11.26,0.13,N,7,0
14762,22,65496,RENT,3.0,VENTURE,B,9000,11.11,0.14,N,3,0
14763,23,64500,RENT,1.0,EDUCATION,C,5000,13.23,0.08,N,4,0
14764,29,54000,MORTGAGE,1.0,HOMEIMPROVEMENT,A,10000,6.54,0.19,N,6,0
14765,26,51600,RENT,1.0,HOMEIMPROVEMENT,B,5000,12.69,0.09,N,3,1
14766,22,55000,MORTGAGE,0.0,EDUCATION,A,7500,7.37,0.14,N,3,0
14767,27,72000,MORTGAGE,3.0,DEBTCONSOLIDATION,A,4600,7.9,0.07,N,10,0
14768,23,56000,MORTGAGE,2.0,DEBTCONSOLIDATION,B,15000,12.69,0.27,N,4,1
14769,23,37000,RENT,4.0,MEDICAL,A,10000,7.66,0.27,N,4,0
14770,27,45000,RENT,0.0,DEBTCONSOLIDATION,B,4000,12.21,0.09,N,8,0
14771,25,60000,MORTGAGE,0.0,DEBTCONSOLIDATION,B,5000,9.25,0.08,N,2,0
14772,24,72000,RENT,0.0,EDUCATION,C,7000,12.87,0.1,Y,3,1
14773,27,60000,RENT,11.0,PERSONAL,A,8000,7.66,0.13,N,6,0
14774,37,26400,RENT,8.0,VENTURE,B,7300,9.99,0.27,N,17,0
14775,28,28956,RENT,2.0,VENTURE,A,3500,8.49,0.12,N,7,0
14776,23,36100,RENT,3.0,PERSONAL,C,15250,14.27,0.41,Y,3,1
14777,66,50000,RENT,22.0,PERSONAL,B,4000,11.83,0.08,N,24,0
14778,25,69996,RENT,9.0,HOMEIMPROVEMENT,B,15000,10.0,0.21,N,3,0
14779,42,140000,RENT,7.0,PERSONAL,B,8000,10.37,0.06,N,15,0
14780,29,150000,MORTGAGE,2.0,HOMEIMPROVEMENT,C,15000,13.11,0.1,N,8,0
14781,22,60000,RENT,2.0,PERSONAL,A,5000,5.42,0.08,N,3,0
14782,31,115000,RENT,0.0,VENTURE,B,6000,12.18,0.05,N,5,0
14783,22,30000,RENT,1.0,DEBTCONSOLIDATION,B,6000,8.88,0.2,N,2,0
14784,29,74000,MORTGAGE,13.0,DEBTCONSOLIDATION,B,15000,10.74,0.2,N,8,0
14785,23,66000,RENT,7.0,EDUCATION,B,10000,11.49,0.15,N,3,0
14786,30,85000,RENT,3.0,DEBTCONSOLIDATION,B,10000,10.37,0.12,N,6,0
14787,22,50000,RENT,3.0,DEBTCONSOLIDATION,A,7300,8.49,0.15,N,4,0
14788,47,33996,RENT,1.0,DEBTCONSOLIDATION,B,6000,9.99,0.18,N,17,0
14789,25,64000,MORTGAGE,9.0,VENTURE,A,10200,7.49,0.16,N,2,0
14790,22,70000,MORTGAGE,3.0,MEDICAL,B,13750,11.14,0.2,N,4,0
14791,22,60000,MORTGAGE,6.0,VENTURE,B,5000,9.91,0.08,N,3,0
14792,24,25000,MORTGAGE,4.0,PERSONAL,A,10000,7.66,0.4,N,4,0
14793,35,87204,RENT,5.0,PERSONAL,D,10000,16.02,0.11,Y,5,0
14794,22,105000,MORTGAGE,6.0,EDUCATION,B,4800,11.71,0.05,N,4,0
14795,35,25000,RENT,0.0,MEDICAL,B,3000,12.21,0.12,N,9,0
14796,22,49000,MORTGAGE,6.0,DEBTCONSOLIDATION,B,19000,10.99,0.39,N,3,1
14797,21,30992,RENT,3.0,PERSONAL,C,8400,14.72,0.26,Y,3,1
14798,26,100000,MORTGAGE,10.0,PERSONAL,C,10000,13.99,0.1,Y,2,0
14799,28,100000,RENT,1.0,EDUCATION,C,4000,13.47,0.04,Y,10,0
14800,27,85000,RENT,2.0,EDUCATION,A,7500,8.63,0.09,N,5,0
14801,30,49000,RENT,2.0,DEBTCONSOLIDATION,D,15000,14.09,0.31,N,9,1
14802,24,95000,MORTGAGE,1.0,MEDICAL,A,7275,6.92,0.07,N,4,0
14803,24,80000,MORTGAGE,8.0,PERSONAL,A,6000,8.9,0.07,N,4,0
14804,27,24000,RENT,0.0,EDUCATION,A,1000,7.4,0.04,N,5,0
14805,23,150000,MORTGAGE,4.0,MEDICAL,A,7200,7.51,0.05,N,2,0
14806,24,98004,MORTGAGE,0.0,VENTURE,A,16000,6.54,0.16,N,2,0
14807,28,42000,RENT,1.0,EDUCATION,A,11300,7.49,0.27,N,10,0
14808,29,90000,MORTGAGE,13.0,EDUCATION,A,10000,7.66,0.11,N,7,0
14809,24,200000,MORTGAGE,1.0,HOMEIMPROVEMENT,C,24250,12.53,0.13,N,2,0
14810,22,52500,MORTGAGE,3.0,DEBTCONSOLIDATION,A,8000,7.51,0.15,N,4,0
14811,28,103000,OWN,13.0,PERSONAL,B,21000,11.48,0.2,N,9,0
14812,46,82600,RENT,1.0,VENTURE,B,6000,9.91,0.07,N,16,0
14813,23,90000,MORTGAGE,7.0,DEBTCONSOLIDATION,A,8000,6.62,0.09,N,3,0
14814,26,58000,RENT,5.0,MEDICAL,A,3000,7.29,0.05,N,2,0
14815,25,120000,MORTGAGE,9.0,HOMEIMPROVEMENT,D,8200,15.99,0.07,Y,2,0
14816,23,45000,RENT,0.0,VENTURE,C,8000,13.47,0.18,N,3,0
14817,22,23000,RENT,0.0,PERSONAL,A,3200,5.79,0.14,N,2,0
14818,24,72000,MORTGAGE,8.0,DEBTCONSOLIDATION,B,5000,11.86,0.07,N,4,0
14819,27,49000,RENT,11.0,EDUCATION,B,20000,10.65,0.4,N,9,1
14820,24,58000,MORTGAGE,8.0,MEDICAL,B,6000,9.88,0.1,N,3,0
14821,35,55000,MORTGAGE,3.0,DEBTCONSOLIDATION,C,8500,12.09,0.15,Y,9,0
14822,36,45600,MORTGAGE,0.0,VENTURE,A,15000,6.91,0.33,N,11,0
14823,27,65000,RENT,11.0,EDUCATION,A,6000,7.51,0.09,N,7,0
14824,23,50000,RENT,2.0,PERSONAL,C,10000,13.47,0.2,Y,2,0
14825,33,18000,OWN,17.0,MEDICAL,B,7000,11.14,0.39,N,5,1
14826,26,55000,MORTGAGE,3.0,HOMEIMPROVEMENT,A,11500,7.51,0.21,N,4,0
14827,23,100000,MORTGAGE,4.0,EDUCATION,A,5500,8.0,0.06,N,2,0
14828,25,102000,MORTGAGE,3.0,HOMEIMPROVEMENT,C,15000,13.61,0.15,Y,2,0
14829,37,35000,RENT,0.0,DEBTCONSOLIDATION,C,16000,13.85,0.45,N,13,1
14830,34,34000,RENT,5.0,DEBTCONSOLIDATION,A,6250,6.54,0.19,N,7,0
14831,25,56312,RENT,9.0,MEDICAL,D,3000,14.84,0.05,N,4,1
14832,29,50000,MORTGAGE,3.0,DEBTCONSOLIDATION,A,6000,5.99,0.12,N,6,0
14833,21,30000,RENT,2.0,VENTURE,B,5000,11.12,0.17,N,3,0
14834,37,48000,MORTGAGE,5.0,EDUCATION,A,10000,7.51,0.21,N,12,0
14835,23,75000,MORTGAGE,4.0,PERSONAL,A,10000,7.51,0.13,N,2,0
14836,22,48000,MORTGAGE,3.0,MEDICAL,A,14400,7.49,0.3,N,3,0
14837,23,50000,MORTGAGE,7.0,VENTURE,A,7500,5.99,0.15,N,2,0
14838,24,27000,RENT,4.0,MEDICAL,C,2925,14.72,0.11,N,3,0
14839,24,55605,MORTGAGE,8.0,HOMEIMPROVEMENT,C,6500,13.98,0.12,Y,3,0
14840,37,55000,MORTGAGE,14.0,HOMEIMPROVEMENT,C,5000,13.99,0.09,Y,15,1
14841,25,41579,RENT,9.0,EDUCATION,C,8000,13.92,0.19,N,3,0
14842,29,100000,RENT,0.0,PERSONAL,B,20000,11.71,0.2,N,8,0
14843,25,36100,RENT,5.0,DEBTCONSOLIDATION,A,5000,7.88,0.14,N,4,0
14844,23,95000,MORTGAGE,4.0,PERSONAL,A,10000,7.51,0.11,N,2,0
14845,23,44000,RENT,2.0,MEDICAL,C,4800,14.72,0.11,Y,4,0
14846,25,87000,MORTGAGE,3.0,PERSONAL,B,8000,10.36,0.09,N,2,0
14847,27,42000,RENT,2.0,DEBTCONSOLIDATION,C,1800,12.53,0.04,N,9,0
14848,25,85000,RENT,3.0,PERSONAL,A,10000,7.88,0.12,N,4,0
14849,24,42000,RENT,0.0,HOMEIMPROVEMENT,D,12000,15.31,0.29,Y,3,1
14850,25,100000,OWN,9.0,PERSONAL,A,15000,5.79,0.15,N,3,0
14851,23,48000,RENT,7.0,EDUCATION,B,14000,11.83,0.29,N,4,0
14852,25,30000,MORTGAGE,9.0,PERSONAL,B,7800,11.36,0.27,N,3,0
14853,28,60000,RENT,2.0,VENTURE,B,15000,11.83,0.25,N,6,0
14854,33,50000,RENT,1.0,HOMEIMPROVEMENT,C,12000,14.26,0.24,N,10,0
14855,24,85000,MORTGAGE,8.0,HOMEIMPROVEMENT,B,20000,10.99,0.24,N,2,0
14856,24,40000,RENT,8.0,MEDICAL,A,12000,7.9,0.3,N,2,0
14857,29,120000,MORTGAGE,13.0,PERSONAL,B,10000,10.99,0.08,N,9,0
14858,33,130000,MORTGAGE,7.0,EDUCATION,A,7000,8.0,0.05,N,7,0
14859,22,31200,OWN,1.0,EDUCATION,D,6000,14.09,0.19,Y,3,0
14860,52,50000,RENT,1.0,PERSONAL,B,4000,11.49,0.08,N,29,0
14861,37,84000,MORTGAGE,12.0,PERSONAL,C,24000,13.8,0.3,Y,17,0
14862,27,30000,RENT,1.0,VENTURE,B,12800,12.69,0.42,N,6,1
14863,23,60000,RENT,4.0,PERSONAL,B,15000,11.83,0.25,N,3,0
14864,40,72000,RENT,3.0,HOMEIMPROVEMENT,C,20000,13.47,0.28,N,16,0
14865,23,48000,RENT,6.0,EDUCATION,B,12000,10.36,0.25,N,2,0
14866,22,95000,MORTGAGE,6.0,VENTURE,B,5000,10.99,0.05,N,4,0
14867,23,60000,MORTGAGE,3.0,PERSONAL,C,10000,14.22,0.17,Y,3,0
14868,27,60000,OWN,1.0,PERSONAL,B,10000,11.11,0.17,N,8,0
14869,22,60000,RENT,3.0,EDUCATION,C,7000,12.73,0.12,Y,2,1
14870,26,120000,MORTGAGE,1.0,HOMEIMPROVEMENT,D,7500,14.96,0.06,N,4,0
14871,30,55000,MORTGAGE,8.0,PERSONAL,C,7000,13.47,0.13,N,5,0
14872,23,40000,RENT,3.0,MEDICAL,B,12000,10.99,0.3,N,3,0
14873,28,50000,RENT,5.0,VENTURE,C,10000,13.98,0.2,Y,6,0
14874,21,30000,RENT,2.0,DEBTCONSOLIDATION,A,3000,7.51,0.1,N,4,0
14875,21,55000,RENT,0.0,MEDICAL,D,6400,13.24,0.12,N,2,1
14876,33,130000,MORTGAGE,3.0,DEBTCONSOLIDATION,B,20000,10.25,0.15,N,5,0
14877,29,24000,RENT,0.0,VENTURE,D,3000,15.62,0.13,Y,5,1
14878,25,55000,RENT,6.0,EDUCATION,B,3000,10.25,0.05,N,4,0
14879,29,33600,RENT,1.0,MEDICAL,B,11300,9.99,0.36,N,5,1
14880,25,90000,MORTGAGE,9.0,MEDICAL,B,12000,8.7,0.13,N,3,0
14881,32,100000,RENT,1.0,EDUCATION,A,8000,8.49,0.08,N,7,0
14882,28,40000,MORTGAGE,4.0,MEDICAL,A,8000,7.51,0.2,N,7,0
14883,23,120000,MORTGAGE,7.0,EDUCATION,B,10000,11.71,0.08,N,3,0
14884,33,50000,RENT,4.0,MEDICAL,A,9600,8.49,0.18,N,8,0
14885,23,40000,MORTGAGE,6.0,VENTURE,D,10000,16.77,0.25,Y,2,0
14886,24,55000,RENT,8.0,EDUCATION,C,10000,13.49,0.18,N,4,0
14887,23,45000,OWN,7.0,VENTURE,A,10000,7.51,0.22,N,3,0
14888,24,83800,MORTGAGE,1.0,VENTURE,D,25000,15.62,0.3,Y,3,0
14889,23,50000,RENT,7.0,EDUCATION,B,10000,10.74,0.2,N,3,0
14890,27,60000,RENT,7.0,DEBTCONSOLIDATION,A,10000,7.14,0.17,N,6,0
14891,21,50000,RENT,3.0,EDUCATION,A,8400,7.88,0.17,N,4,0
14892,22,24000,RENT,2.0,DEBTCONSOLIDATION,B,4800,10.37,0.2,N,4,0
14893,23,90000,MORTGAGE,3.0,EDUCATION,B,12000,12.21,0.13,N,2,0
14894,24,74800,RENT,1.0,PERSONAL,E,20000,17.04,0.27,N,4,1
14895,29,60000,RENT,3.0,PERSONAL,B,13000,10.99,0.22,N,6,0
14896,23,57500,RENT,3.0,EDUCATION,B,3000,11.83,0.05,N,3,0
14897,30,33000,RENT,5.0,EDUCATION,D,8000,15.33,0.24,N,6,0
14898,36,87000,MORTGAGE,2.0,HOMEIMPROVEMENT,B,25000,11.11,0.29,N,13,0
14899,23,75000,RENT,3.0,EDUCATION,A,7000,7.14,0.09,N,3,0
14900,22,38400,RENT,1.0,EDUCATION,B,2000,11.49,0.05,N,2,0
14901,25,50280,MORTGAGE,4.0,PERSONAL,A,10000,9.63,0.2,N,3,0
14902,21,40000,MORTGAGE,5.0,MEDICAL,A,3000,6.62,0.07,N,3,0
14903,22,38000,MORTGAGE,5.0,PERSONAL,C,4800,14.79,0.12,N,3,0
14904,23,40000,RENT,7.0,EDUCATION,A,8500,7.51,0.21,N,3,0
14905,22,70000,MORTGAGE,3.0,DEBTCONSOLIDATION,B,5600,10.59,0.08,N,3,0
14906,28,48000,RENT,1.0,MEDICAL,B,10000,10.62,0.21,N,7,0
14907,24,80000,RENT,3.0,HOMEIMPROVEMENT,E,15000,16.82,0.19,Y,3,0
14908,26,75000,RENT,0.0,VENTURE,C,11000,13.49,0.15,Y,3,0
14909,35,80000,RENT,3.0,VENTURE,C,20000,13.06,0.25,Y,10,0
14910,33,90000,MORTGAGE,17.0,PERSONAL,A,10000,7.51,0.11,N,8,0
14911,37,33000,RENT,0.0,VENTURE,A,6000,8.9,0.18,N,17,0
14912,22,42000,OWN,6.0,VENTURE,B,5000,9.99,0.12,N,2,0
14913,25,114000,MORTGAGE,8.0,EDUCATION,B,6000,10.59,0.05,N,2,0
14914,39,85000,RENT,2.0,MEDICAL,B,24000,10.99,0.28,N,11,0
14915,28,64000,MORTGAGE,8.0,MEDICAL,B,12000,10.38,0.19,N,5,1
14916,40,77000,MORTGAGE,5.0,MEDICAL,B,15000,12.21,0.19,N,14,0
14917,26,90000,MORTGAGE,5.0,MEDICAL,B,12000,11.71,0.13,N,3,0
14918,32,120000,MORTGAGE,6.0,DEBTCONSOLIDATION,B,6000,10.25,0.05,N,7,0
14919,29,69000,RENT,11.0,EDUCATION,A,7000,8.94,0.1,N,7,0
14920,27,42000,OWN,2.0,PERSONAL,B,10000,10.37,0.24,N,8,0
14921,31,38000,RENT,3.0,VENTURE,A,8500,5.79,0.22,N,10,0
14922,23,45000,RENT,7.0,MEDICAL,A,10000,7.49,0.22,N,2,0
14923,21,52000,MORTGAGE,5.0,VENTURE,A,5000,5.79,0.1,N,4,0
14924,27,42000,RENT,2.0,EDUCATION,B,3000,12.69,0.07,N,5,0
14925,29,67500,RENT,2.0,EDUCATION,B,3300,9.25,0.04,N,9,0
14926,22,60000,RENT,1.0,EDUCATION,B,10800,12.21,0.18,N,2,0
14927,27,80000,MORTGAGE,6.0,HOMEIMPROVEMENT,A,12000,6.91,0.15,N,7,0
14928,33,97000,MORTGAGE,4.0,EDUCATION,B,4000,10.99,0.04,N,10,0
14929,23,75000,RENT,0.0,EDUCATION,A,10500,7.51,0.14,N,3,0
14930,27,27996,RENT,0.0,DEBTCONSOLIDATION,D,5000,14.91,0.18,N,8,1
14931,25,42000,RENT,5.0,EDUCATION,B,10000,10.25,0.24,N,2,0
14932,23,85272,RENT,7.0,VENTURE,B,5000,11.11,0.07,N,3,0
14933,22,48000,RENT,7.0,MEDICAL,B,4800,10.36,0.1,N,4,0
14934,26,70000,RENT,6.0,VENTURE,B,12600,10.0,0.18,N,3,0
14935,24,60000,MORTGAGE,8.0,EDUCATION,C,7000,12.99,0.12,N,4,0
14936,26,18000,RENT,0.0,MEDICAL,B,1700,10.99,0.09,N,4,0
14937,26,55000,MORTGAGE,8.0,MEDICAL,A,3800,5.79,0.07,N,4,0
14938,28,120000,MORTGAGE,4.0,EDUCATION,A,14000,7.51,0.12,N,7,0
14939,23,48000,RENT,0.0,MEDICAL,F,15175,18.43,0.31,N,4,1
14940,32,160000,MORTGAGE,5.0,PERSONAL,A,28000,7.9,0.18,N,7,0
14941,26,85000,MORTGAGE,9.0,EDUCATION,A,10000,7.14,0.12,N,2,0
14942,23,75000,MORTGAGE,0.0,DEBTCONSOLIDATION,B,5000,11.71,0.07,N,2,0
14943,22,33800,RENT,0.0,EDUCATION,B,13200,9.88,0.39,N,3,1
14944,28,48996,MORTGAGE,5.0,HOMEIMPROVEMENT,D,7500,16.77,0.16,N,9,0
14945,34,42000,RENT,9.0,VENTURE,B,3000,11.83,0.07,N,9,0
14946,27,120000,MORTGAGE,3.0,PERSONAL,A,6000,7.51,0.05,N,10,0
14947,27,38000,RENT,4.0,VENTURE,A,3000,8.49,0.08,N,9,0
14948,23,100300,RENT,0.0,EDUCATION,D,14000,14.59,0.12,Y,4,1
14949,25,58000,RENT,6.0,HOMEIMPROVEMENT,B,5000,10.65,0.09,N,2,0
14950,22,103992,MORTGAGE,6.0,DEBTCONSOLIDATION,A,18000,7.88,0.17,N,3,0
14951,23,64404,RENT,4.0,VENTURE,B,12000,11.99,0.19,N,3,0
14952,23,45996,RENT,7.0,PERSONAL,D,14575,14.84,0.33,N,4,1
14953,22,33000,RENT,6.0,DEBTCONSOLIDATION,B,5600,10.65,0.17,N,4,0
14954,24,30000,RENT,2.0,DEBTCONSOLIDATION,B,6000,10.38,0.2,N,2,0
14955,24,30000,RENT,0.0,MEDICAL,B,2300,11.49,0.08,N,4,0
14956,45,130000,MORTGAGE,16.0,MEDICAL,C,24000,13.49,0.17,N,12,0
14957,22,89000,MORTGAGE,1.0,EDUCATION,B,16000,10.99,0.18,N,4,0
14958,28,50000,RENT,12.0,MEDICAL,C,2000,14.26,0.04,N,9,0
14959,24,35360,OWN,8.0,MEDICAL,A,1800,7.49,0.05,N,4,0
14960,37,150000,RENT,1.0,EDUCATION,B,15000,9.76,0.1,N,12,0
14961,26,136000,MORTGAGE,10.0,VENTURE,B,10000,9.88,0.07,N,4,0
14962,27,99000,MORTGAGE,11.0,DEBTCONSOLIDATION,A,5000,6.03,0.05,N,8,0
14963,21,28800,MORTGAGE,5.0,EDUCATION,A,6000,7.29,0.21,N,4,0
14964,37,120602,MORTGAGE,21.0,VENTURE,D,20000,14.74,0.17,N,11,0
14965,39,56000,MORTGAGE,2.0,MEDICAL,C,12000,14.27,0.21,Y,11,0
14966,41,50000,MORTGAGE,5.0,HOMEIMPROVEMENT,C,2000,13.06,0.04,N,12,0
14967,23,34000,RENT,1.0,EDUCATION,B,8400,11.48,0.26,N,2,0
14968,24,56400,RENT,5.0,HOMEIMPROVEMENT,D,15000,14.96,0.27,N,2,0
14969,28,29736,MORTGAGE,4.0,VENTURE,A,13800,8.9,0.47,N,7,0
14970,29,54996,RENT,4.0,HOMEIMPROVEMENT,A,10000,9.63,0.18,N,9,0
14971,27,20000,RENT,3.0,VENTURE,C,5000,13.49,0.25,N,8,1
14972,32,99996,MORTGAGE,16.0,PERSONAL,B,5000,11.49,0.05,N,10,0
14973,28,45000,RENT,3.0,MEDICAL,B,3000,10.25,0.07,N,8,0
14974,24,65000,RENT,0.0,VENTURE,A,10000,8.94,0.15,N,2,0
14975,22,65000,RENT,4.0,EDUCATION,C,7000,15.27,0.11,Y,3,0
14976,26,70000,RENT,2.0,HOMEIMPROVEMENT,B,14000,10.36,0.2,N,3,0
14977,21,100000,MORTGAGE,5.0,PERSONAL,C,15000,13.43,0.15,N,4,0
14978,31,35000,RENT,3.0,VENTURE,A,8000,7.66,0.23,N,7,0
14979,27,45000,MORTGAGE,2.0,EDUCATION,A,11500,7.14,0.25,N,9,0
14980,33,38000,MORTGAGE,6.0,PERSONAL,A,10000,5.99,0.26,N,10,0
14981,31,33600,OWN,2.0,EDUCATION,C,8000,13.98,0.24,Y,5,0
14982,33,24000,OWN,1.0,VENTURE,D,8500,15.33,0.35,N,8,0
14983,37,60000,OWN,3.0,VENTURE,B,15000,12.18,0.25,N,11,0
14984,31,70000,MORTGAGE,8.0,HOMEIMPROVEMENT,A,10000,6.99,0.14,N,10,0
14985,54,69996,RENT,24.0,VENTURE,A,1800,6.39,0.03,N,21,0
14986,21,36000,RENT,5.0,MEDICAL,B,6000,10.65,0.17,N,4,0
14987,27,33000,RENT,2.0,DEBTCONSOLIDATION,B,15250,12.53,0.45,N,7,1
14988,22,34500,RENT,6.0,MEDICAL,C,1000,13.49,0.03,N,3,0
14989,22,34000,RENT,6.0,EDUCATION,A,4000,6.03,0.12,N,3,0
14990,35,45000,MORTGAGE,0.0,DEBTCONSOLIDATION,A,10000,7.51,0.22,N,6,0
14991,29,72000,MORTGAGE,8.0,DEBTCONSOLIDATION,A,4000,6.17,0.06,N,5,0
14992,27,57000,MORTGAGE,6.0,PERSONAL,B,15000,10.99,0.26,N,9,0
14993,23,65600,RENT,2.0,PERSONAL,C,9500,12.87,0.14,N,3,0
14994,28,44000,RENT,0.0,PERSONAL,C,9600,13.23,0.21,N,8,1
14995,25,60000,MORTGAGE,5.0,EDUCATION,B,5600,10.99,0.09,N,4,0
14996,27,78000,RENT,1.0,VENTURE,C,20000,13.57,0.26,Y,10,0
14997,36,85000,MORTGAGE,4.0,PERSONAL,D,12000,14.74,0.14,Y,14,0
14998,24,85000,RENT,8.0,HOMEIMPROVEMENT,A,9600,5.99,0.11,N,3,0
14999,32,180000,MORTGAGE,2.0,DEBTCONSOLIDATION,B,20000,10.37,0.11,N,6,0
15000,24,150000,MORTGAGE,3.0,DEBTCONSOLIDATION,B,21000,12.21,0.14,N,2,0
15001,22,30000,RENT,6.0,PERSONAL,B,7000,9.62,0.23,N,3,1
15002,24,71000,MORTGAGE,8.0,HOMEIMPROVEMENT,C,5100,13.48,0.06,N,2,0
15003,22,55000,MORTGAGE,5.0,VENTURE,A,11500,7.51,0.21,N,3,0
15004,30,45600,MORTGAGE,6.0,VENTURE,A,4000,6.54,0.09,N,9,0
15005,22,30000,RENT,2.0,DEBTCONSOLIDATION,B,5000,10.38,0.17,N,2,0
15006,40,80000,RENT,1.0,EDUCATION,C,25000,13.79,0.31,N,17,1
15007,36,54000,RENT,3.0,MEDICAL,B,5000,11.14,0.09,N,11,0
15008,22,45000,RENT,1.0,DEBTCONSOLIDATION,C,3575,13.99,0.08,N,3,1
15009,21,31200,MORTGAGE,3.0,VENTURE,C,3000,13.8,0.1,N,2,0
15010,30,45432,RENT,14.0,MEDICAL,D,6725,14.61,0.15,Y,6,1
15011,25,90000,RENT,9.0,HOMEIMPROVEMENT,D,16000,15.31,0.18,N,3,0
15012,30,58000,MORTGAGE,13.0,MEDICAL,B,14000,11.71,0.24,N,10,0
15013,31,65000,RENT,2.0,DEBTCONSOLIDATION,B,9000,11.49,0.14,N,8,0
15014,38,150000,MORTGAGE,2.0,EDUCATION,C,16000,12.84,0.11,Y,13,0
15015,22,37000,RENT,2.0,MEDICAL,A,3000,7.14,0.08,N,3,0
15016,23,40000,RENT,4.0,EDUCATION,B,10400,11.71,0.26,N,2,0
15017,25,48000,RENT,3.0,EDUCATION,A,3500,8.9,0.07,N,4,1
15018,23,120000,MORTGAGE,3.0,VENTURE,A,7500,6.03,0.06,N,2,0
15019,29,60000,MORTGAGE,5.0,PERSONAL,A,7800,7.49,0.13,N,7,0
15020,25,31000,RENT,5.0,PERSONAL,A,15250,8.9,0.48,N,3,1
15021,22,30000,RENT,2.0,VENTURE,B,4200,10.99,0.14,N,3,0
15022,24,60000,MORTGAGE,1.0,MEDICAL,D,10000,15.99,0.17,N,2,1
15023,25,75000,RENT,4.0,EDUCATION,A,10000,8.49,0.13,N,3,0
15024,33,120000,MORTGAGE,3.0,EDUCATION,B,13000,12.42,0.11,N,5,0
15025,34,160000,MORTGAGE,15.0,VENTURE,B,6000,9.99,0.04,N,9,0
15026,28,70000,MORTGAGE,3.0,PERSONAL,B,15000,11.86,0.21,N,5,0
15027,29,60000,MORTGAGE,8.0,PERSONAL,B,4000,10.99,0.07,N,6,0
15028,52,45004,RENT,1.0,MEDICAL,B,4000,9.88,0.09,N,25,0
15029,22,60000,RENT,3.0,EDUCATION,C,7000,13.98,0.12,N,4,0
15030,26,100000,RENT,7.0,MEDICAL,A,8000,7.88,0.08,N,3,0
15031,23,60000,RENT,7.0,PERSONAL,D,9800,15.21,0.16,Y,4,0
15032,35,60000,MORTGAGE,6.0,PERSONAL,A,3000,6.03,0.05,N,5,0
15033,28,50000,RENT,2.0,EDUCATION,B,10000,11.14,0.2,N,8,0
15034,29,60000,MORTGAGE,8.0,HOMEIMPROVEMENT,A,20000,6.54,0.33,N,8,0
15035,21,62467,RENT,0.0,MEDICAL,A,7000,8.49,0.11,N,4,0
15036,33,54000,MORTGAGE,2.0,PERSONAL,B,9600,9.91,0.18,N,7,0
15037,44,78000,MORTGAGE,11.0,VENTURE,A,10000,6.62,0.13,N,12,0
15038,39,28800,RENT,0.0,EDUCATION,A,5000,8.49,0.17,N,13,0
15039,24,62000,RENT,2.0,HOMEIMPROVEMENT,D,20000,14.11,0.32,N,3,1
15040,27,100000,MORTGAGE,3.0,DEBTCONSOLIDATION,A,6000,8.94,0.06,N,6,0
15041,28,86000,MORTGAGE,3.0,DEBTCONSOLIDATION,B,12000,12.69,0.14,N,10,0
15042,24,34800,RENT,1.0,DEBTCONSOLIDATION,B,7100,11.89,0.2,N,2,1
15043,35,115000,RENT,11.0,DEBTCONSOLIDATION,B,4000,9.91,0.03,N,5,0
15044,22,30000,RENT,7.0,PERSONAL,B,9600,11.36,0.32,N,3,1
15045,23,120000,MORTGAGE,7.0,EDUCATION,D,20000,16.29,0.17,Y,4,0
15046,28,120000,MORTGAGE,9.0,DEBTCONSOLIDATION,B,5000,9.25,0.04,N,7,0
15047,23,62000,MORTGAGE,5.0,DEBTCONSOLIDATION,A,6000,7.88,0.1,N,4,0
15048,27,90000,MORTGAGE,7.0,EDUCATION,C,3000,14.27,0.03,Y,6,0
15049,21,28800,RENT,4.0,MEDICAL,B,5000,12.69,0.17,N,2,0
15050,28,24000,RENT,12.0,PERSONAL,B,2500,9.99,0.1,N,9,0
15051,28,81000,RENT,10.0,VENTURE,D,11000,16.77,0.14,Y,5,0
15052,23,36000,MORTGAGE,4.0,PERSONAL,A,1500,7.14,0.04,N,2,0
15053,23,34800,RENT,1.0,EDUCATION,D,5000,15.99,0.14,N,4,1
15054,26,45000,RENT,0.0,MEDICAL,C,12000,12.73,0.27,Y,4,0
15055,22,48000,MORTGAGE,5.0,MEDICAL,A,15000,7.51,0.31,N,4,0
15056,47,90000,MORTGAGE,20.0,VENTURE,A,10000,9.32,0.11,N,13,0
15057,27,54000,MORTGAGE,5.0,PERSONAL,A,5000,6.62,0.09,N,9,0
15058,26,78000,MORTGAGE,2.0,PERSONAL,A,6000,5.79,0.08,N,2,0
15059,22,45000,RENT,6.0,DEBTCONSOLIDATION,B,4000,10.37,0.09,N,2,0
15060,44,80000,MORTGAGE,0.0,EDUCATION,B,5000,10.59,0.06,N,11,0
15061,35,60000,RENT,4.0,PERSONAL,B,3000,11.49,0.05,N,9,0
15062,36,62004,RENT,1.0,HOMEIMPROVEMENT,B,25000,10.62,0.41,N,14,1
15063,24,72000,RENT,8.0,VENTURE,A,4000,7.88,0.06,N,2,0
15064,29,30000,RENT,2.0,MEDICAL,D,4800,14.91,0.16,Y,10,1
15065,25,48000,MORTGAGE,8.0,DEBTCONSOLIDATION,B,7500,9.83,0.16,N,4,0
15066,26,30000,RENT,0.0,MEDICAL,B,3000,11.83,0.1,N,3,0
15067,24,200000,MORTGAGE,8.0,HOMEIMPROVEMENT,A,8000,7.51,0.04,N,2,0
15068,23,48000,MORTGAGE,4.0,VENTURE,C,16700,12.61,0.37,Y,3,0
15069,25,50000,RENT,9.0,PERSONAL,A,4000,7.49,0.08,N,3,0
15070,26,97908,MORTGAGE,12.0,DEBTCONSOLIDATION,D,17500,16.07,0.18,N,2,1
15071,24,100000,OWN,7.0,HOMEIMPROVEMENT,D,12000,15.31,0.12,Y,3,0
15072,22,32000,RENT,6.0,EDUCATION,B,4800,12.42,0.15,N,3,0
15073,36,41600,RENT,16.0,MEDICAL,B,8000,12.42,0.19,N,11,0
15074,27,72000,MORTGAGE,11.0,HOMEIMPROVEMENT,C,10000,13.99,0.14,N,5,0
15075,26,30000,RENT,0.0,EDUCATION,C,7500,13.22,0.25,Y,4,0
15076,55,70000,RENT,7.0,PERSONAL,D,16000,15.2,0.23,N,20,0
15077,23,48000,RENT,2.0,EDUCATION,C,10000,12.84,0.21,Y,2,0
15078,23,38000,RENT,1.0,EDUCATION,A,5000,6.62,0.13,N,2,0
15079,23,70000,MORTGAGE,1.0,DEBTCONSOLIDATION,A,3000,6.76,0.04,N,4,0
15080,23,75000,RENT,0.0,VENTURE,B,15000,11.49,0.2,N,2,0
15081,23,75000,MORTGAGE,3.0,DEBTCONSOLIDATION,B,15600,11.83,0.21,N,2,0
15082,25,57600,RENT,2.0,EDUCATION,C,6000,13.75,0.1,N,4,1
15083,27,74800,OWN,4.0,PERSONAL,D,8000,14.96,0.1,N,8,0
15084,23,52000,OWN,7.0,VENTURE,A,4200,6.62,0.08,N,3,0
15085,30,26000,OWN,2.0,MEDICAL,B,6000,11.99,0.23,N,5,0
15086,29,60000,RENT,1.0,HOMEIMPROVEMENT,A,6000,9.32,0.1,N,10,0
15087,28,31000,MORTGAGE,6.0,PERSONAL,B,6000,10.99,0.19,N,9,0
15088,52,30000,OWN,6.0,PERSONAL,A,7000,7.51,0.23,N,25,0
15089,27,70000,MORTGAGE,6.0,MEDICAL,A,12000,7.9,0.17,N,10,0
15090,29,60000,MORTGAGE,5.0,VENTURE,C,2000,13.49,0.03,N,10,0
15091,26,46000,RENT,0.0,EDUCATION,D,8000,14.54,0.17,N,4,1
15092,28,54000,MORTGAGE,12.0,PERSONAL,A,10000,8.49,0.19,N,7,1
15093,32,80000,RENT,6.0,MEDICAL,A,10000,6.62,0.13,N,5,0
15094,37,125000,RENT,3.0,EDUCATION,C,20000,13.11,0.16,Y,11,0
15095,25,90000,RENT,6.0,VENTURE,C,13200,13.49,0.14,Y,4,0
15096,28,76460,RENT,1.0,MEDICAL,A,8000,6.03,0.1,N,7,0
15097,23,90000,RENT,5.0,PERSONAL,A,3300,6.17,0.04,N,4,0
15098,40,180000,MORTGAGE,6.0,MEDICAL,C,14000,14.27,0.08,Y,14,0
15099,22,53000,RENT,6.0,EDUCATION,A,12000,5.42,0.23,N,4,0
15100,29,32000,RENT,1.0,VENTURE,A,8000,9.32,0.25,N,6,1
15101,24,68000,MORTGAGE,8.0,EDUCATION,A,10000,6.62,0.15,N,4,0
15102,33,64000,MORTGAGE,2.0,MEDICAL,A,8000,6.91,0.13,N,6,0
15103,29,40000,MORTGAGE,4.0,EDUCATION,A,12800,6.76,0.32,N,6,0
15104,25,45600,MORTGAGE,3.0,HOMEIMPROVEMENT,E,5000,16.0,0.11,N,2,0
15105,22,50400,RENT,6.0,VENTURE,B,1500,11.48,0.03,N,3,0
15106,29,80000,MORTGAGE,1.0,VENTURE,B,15000,11.83,0.19,N,6,0
15107,22,80000,MORTGAGE,6.0,MEDICAL,B,16000,9.99,0.2,N,4,0
15108,23,45000,RENT,7.0,VENTURE,A,3600,6.99,0.08,N,2,0
15109,36,80000,MORTGAGE,5.0,EDUCATION,B,7500,11.49,0.09,N,12,0
15110,23,50000,RENT,5.0,EDUCATION,C,8000,13.49,0.16,N,3,0
15111,24,29000,RENT,6.0,PERSONAL,D,6250,14.84,0.22,N,3,1
15112,24,86000,MORTGAGE,6.0,DEBTCONSOLIDATION,A,13000,7.51,0.15,N,3,0
15113,24,40000,RENT,1.0,VENTURE,B,12000,10.74,0.3,N,4,1
15114,29,135000,MORTGAGE,5.0,MEDICAL,A,25000,6.91,0.19,N,8,0
15115,35,266000,MORTGAGE,4.0,DEBTCONSOLIDATION,B,9000,10.36,0.03,N,9,0
15116,27,61000,MORTGAGE,3.0,PERSONAL,D,15000,14.59,0.25,N,10,0
15117,31,60000,MORTGAGE,3.0,HOMEIMPROVEMENT,A,10000,5.79,0.17,N,5,0
15118,22,54000,MORTGAGE,4.0,MEDICAL,D,3000,15.65,0.06,Y,2,1
15119,21,24996,RENT,5.0,VENTURE,B,5000,9.91,0.2,N,3,0
15120,32,40000,MORTGAGE,16.0,HOMEIMPROVEMENT,A,12000,7.51,0.3,N,6,0
15121,23,90000,MORTGAGE,2.0,MEDICAL,B,20000,11.49,0.22,N,2,0
15122,28,60000,MORTGAGE,4.0,DEBTCONSOLIDATION,A,7200,7.88,0.12,N,9,0
15123,22,50000,RENT,5.0,EDUCATION,B,5000,10.37,0.1,N,2,0
15124,22,46000,RENT,4.0,MEDICAL,B,16000,11.71,0.36,N,2,1
15125,40,75000,MORTGAGE,2.0,EDUCATION,A,4400,6.99,0.06,N,12,0
15126,28,24000,RENT,0.0,MEDICAL,B,1000,9.63,0.04,N,7,0
15127,26,100000,RENT,3.0,EDUCATION,A,5000,7.49,0.05,N,4,0
15128,24,102000,MORTGAGE,4.0,PERSONAL,A,6000,7.88,0.06,N,3,0
15129,25,36000,OWN,3.0,PERSONAL,A,10000,6.76,0.28,N,3,0
15130,42,40000,MORTGAGE,4.0,MEDICAL,A,4000,7.51,0.1,N,12,0
15131,24,50000,MORTGAGE,4.0,DEBTCONSOLIDATION,A,5000,7.51,0.1,N,2,0
15132,39,100000,MORTGAGE,1.0,VENTURE,B,20000,11.14,0.2,N,14,0
15133,24,85100,RENT,5.0,HOMEIMPROVEMENT,C,15000,13.47,0.18,Y,3,0
15134,21,40000,MORTGAGE,5.0,VENTURE,A,14000,6.03,0.35,N,3,0
15135,23,115000,MORTGAGE,1.0,DEBTCONSOLIDATION,B,12000,10.99,0.1,N,4,0
15136,39,120000,MORTGAGE,0.0,MEDICAL,C,15000,12.87,0.13,Y,16,0
15137,24,30000,RENT,6.0,MEDICAL,E,4000,19.29,0.13,Y,3,1
15138,22,55000,MORTGAGE,6.0,EDUCATION,B,8000,11.49,0.15,N,2,0
15139,22,110000,RENT,2.0,DEBTCONSOLIDATION,B,5000,10.99,0.05,N,2,0
15140,31,100000,MORTGAGE,4.0,DEBTCONSOLIDATION,A,10000,8.59,0.1,N,6,0
15141,24,70000,RENT,4.0,EDUCATION,B,10000,11.83,0.14,N,3,0
15142,33,48000,RENT,13.0,MEDICAL,D,8000,16.49,0.16,N,5,0
15143,22,70000,RENT,6.0,PERSONAL,A,10000,6.17,0.14,N,3,0
15144,22,33456,RENT,2.0,EDUCATION,D,5000,15.05,0.15,N,4,1
15145,25,24000,RENT,4.0,MEDICAL,D,10000,17.27,0.42,N,2,1
15146,31,90000,RENT,0.0,HOMEIMPROVEMENT,D,4800,15.65,0.05,Y,9,1
15147,30,38000,RENT,15.0,PERSONAL,B,14400,11.71,0.38,N,9,1
15148,48,80000,RENT,6.0,MEDICAL,B,8000,11.49,0.1,N,16,0
15149,25,48000,RENT,3.0,PERSONAL,A,5000,6.03,0.1,N,3,0
15150,30,56628,MORTGAGE,2.0,PERSONAL,B,12000,11.71,0.21,N,7,0
15151,29,50808,MORTGAGE,6.0,VENTURE,A,4000,8.9,0.08,N,7,0
15152,22,80000,RENT,4.0,EDUCATION,C,7000,13.98,0.09,Y,2,0
15153,34,36000,MORTGAGE,2.0,PERSONAL,A,6400,7.9,0.18,N,8,0
15154,27,85000,RENT,1.0,HOMEIMPROVEMENT,A,3000,5.79,0.04,N,8,0
15155,31,40000,RENT,0.0,MEDICAL,C,5000,13.22,0.13,Y,9,0
15156,25,48000,MORTGAGE,5.0,DEBTCONSOLIDATION,A,5000,7.51,0.1,N,3,0
15157,25,80000,RENT,0.0,MEDICAL,C,3000,14.27,0.04,N,3,0
15158,28,45600,MORTGAGE,6.0,VENTURE,B,2800,10.0,0.06,N,5,0
15159,29,38000,MORTGAGE,9.0,PERSONAL,D,13000,15.62,0.33,N,8,0
15160,35,30000,MORTGAGE,3.0,EDUCATION,B,7000,11.11,0.23,N,9,1
15161,22,33000,MORTGAGE,6.0,PERSONAL,A,6000,7.88,0.18,N,3,0
15162,25,98000,MORTGAGE,5.0,VENTURE,C,16000,13.99,0.16,N,4,0
15163,21,60000,MORTGAGE,5.0,DEBTCONSOLIDATION,D,10000,16.89,0.17,N,2,1
15164,30,100000,MORTGAGE,4.0,HOMEIMPROVEMENT,B,4800,9.63,0.05,N,6,0
15165,25,75852,MORTGAGE,9.0,MEDICAL,A,12000,7.51,0.16,N,4,0
15166,24,50004,MORTGAGE,1.0,PERSONAL,B,5000,12.62,0.1,N,3,0
15167,26,18000,RENT,4.0,VENTURE,B,2700,10.75,0.14,N,3,0
15168,22,100000,MORTGAGE,6.0,MEDICAL,A,11000,7.49,0.11,N,2,0
15169,32,75000,RENT,15.0,PERSONAL,A,6000,6.92,0.08,N,7,0
15170,22,56000,RENT,3.0,VENTURE,B,14000,11.83,0.25,N,2,0
15171,22,39600,RENT,3.0,PERSONAL,A,10000,7.49,0.25,N,2,0
15172,23,80000,RENT,8.0,EDUCATION,D,5000,16.02,0.06,Y,2,0
15173,42,57000,MORTGAGE,8.0,DEBTCONSOLIDATION,A,15000,8.49,0.26,N,11,0
15174,27,80000,MORTGAGE,11.0,EDUCATION,A,7200,7.49,0.09,N,5,0
15175,40,54000,RENT,0.0,EDUCATION,D,18000,15.31,0.33,Y,13,1
15176,22,43000,RENT,6.0,EDUCATION,B,10000,11.11,0.24,N,2,0
15177,41,70000,MORTGAGE,8.0,VENTURE,A,7550,5.79,0.11,N,12,0
15178,28,105000,RENT,4.0,PERSONAL,C,12000,13.48,0.11,Y,9,0
15179,30,39000,RENT,3.0,VENTURE,E,10000,18.39,0.26,N,5,1
15180,47,75000,MORTGAGE,6.0,EDUCATION,A,7500,8.32,0.1,N,16,0
15181,24,35000,RENT,7.0,VENTURE,A,2800,7.51,0.08,N,2,0
15182,36,75000,RENT,3.0,EDUCATION,A,6000,5.79,0.08,N,14,0
15183,28,50000,MORTGAGE,5.0,PERSONAL,A,10000,7.88,0.2,N,10,0
15184,28,82500,MORTGAGE,12.0,DEBTCONSOLIDATION,A,11000,7.51,0.13,N,9,0
15185,26,66000,RENT,2.0,VENTURE,A,5000,6.92,0.08,N,3,0
15186,25,160000,MORTGAGE,5.0,EDUCATION,C,20000,15.27,0.13,Y,2,0
15187,29,80000,MORTGAGE,13.0,VENTURE,A,9000,8.94,0.11,N,7,0
15188,23,62000,MORTGAGE,2.0,VENTURE,A,10000,9.63,0.16,N,2,0
15189,22,50004,RENT,3.0,EDUCATION,B,4000,12.21,0.08,N,3,0
15190,31,101000,MORTGAGE,3.0,HOMEIMPROVEMENT,B,20000,9.88,0.2,N,6,1
15191,27,65000,RENT,1.0,EDUCATION,C,5000,11.72,0.08,Y,5,0
15192,23,44000,MORTGAGE,7.0,DEBTCONSOLIDATION,C,8000,14.35,0.18,N,3,1
15193,26,50004,RENT,3.0,PERSONAL,C,15000,13.22,0.3,Y,2,1
15194,25,72000,RENT,3.0,EDUCATION,C,20000,13.47,0.28,N,4,0
15195,29,69000,MORTGAGE,2.0,EDUCATION,A,25000,6.99,0.36,N,7,0
15196,24,24000,RENT,8.0,DEBTCONSOLIDATION,C,5175,13.49,0.22,N,2,0
15197,22,65000,MORTGAGE,5.0,DEBTCONSOLIDATION,A,10000,7.49,0.15,N,2,0
15198,24,90000,RENT,5.0,MEDICAL,B,14500,9.99,0.16,N,3,0
15199,21,34000,RENT,2.0,VENTURE,D,4500,17.27,0.13,N,3,1
15200,39,95000,RENT,3.0,HOMEIMPROVEMENT,B,12000,10.99,0.13,N,16,0
15201,29,70000,RENT,0.0,DEBTCONSOLIDATION,D,19600,14.83,0.26,N,7,1
15202,30,130000,RENT,1.0,EDUCATION,C,6400,14.26,0.05,Y,10,0
15203,24,40000,RENT,2.0,MEDICAL,C,20000,12.84,0.5,N,3,1
15204,27,70000,RENT,2.0,EDUCATION,A,14100,7.49,0.22,N,7,0
15205,23,60000,MORTGAGE,2.0,PERSONAL,C,12000,13.16,0.2,N,3,0
15206,22,48000,RENT,4.0,MEDICAL,A,3000,7.51,0.06,N,3,0
15207,24,40000,RENT,2.0,PERSONAL,A,8000,7.88,0.2,N,3,0
15208,22,56400,RENT,6.0,EDUCATION,B,10000,11.71,0.18,N,2,0
15209,33,80000,MORTGAGE,2.0,HOMEIMPROVEMENT,B,5000,11.99,0.06,N,6,0
15210,25,47520,RENT,3.0,VENTURE,B,10000,11.89,0.21,N,3,0
15211,28,41200,OWN,12.0,EDUCATION,C,5000,12.73,0.13,Y,5,0
15212,22,31200,RENT,7.0,DEBTCONSOLIDATION,B,6000,9.91,0.19,N,3,0
15213,22,56400,RENT,5.0,DEBTCONSOLIDATION,D,8000,16.49,0.14,N,3,1
15214,28,58000,RENT,8.0,EDUCATION,A,4000,7.66,0.07,N,5,0
15215,34,150000,RENT,3.0,DEBTCONSOLIDATION,A,16000,6.91,0.11,N,10,0
15216,22,40000,RENT,3.0,DEBTCONSOLIDATION,B,9500,11.71,0.24,N,4,1
15217,31,35000,RENT,5.0,VENTURE,B,6000,10.65,0.17,N,8,0
15218,23,80000,RENT,5.0,VENTURE,B,10000,11.71,0.13,N,4,0
15219,35,36000,RENT,0.0,EDUCATION,B,10000,9.96,0.28,N,6,0
15220,22,60000,RENT,6.0,VENTURE,B,15000,10.99,0.25,N,3,0
15221,24,29000,RENT,0.0,EDUCATION,A,10000,6.62,0.34,N,2,1
15222,30,110000,MORTGAGE,0.0,PERSONAL,C,12000,14.26,0.11,N,5,0
15223,29,75000,MORTGAGE,1.0,HOMEIMPROVEMENT,A,3000,9.63,0.04,N,8,0
15224,27,110000,RENT,11.0,EDUCATION,A,5000,6.62,0.05,N,8,0
15225,27,97800,MORTGAGE,9.0,VENTURE,C,10000,13.57,0.1,N,6,0
15226,27,75000,RENT,1.0,DEBTCONSOLIDATION,A,16000,8.49,0.21,N,5,0
15227,23,250000,RENT,3.0,EDUCATION,E,11200,17.93,0.04,Y,4,0
15228,22,30000,RENT,0.0,EDUCATION,A,13000,6.54,0.43,N,4,1
15229,23,37000,RENT,1.0,DEBTCONSOLIDATION,B,6000,11.49,0.16,N,2,0
15230,21,32400,MORTGAGE,5.0,HOMEIMPROVEMENT,C,2500,14.72,0.08,Y,3,1
15231,31,60000,MORTGAGE,15.0,VENTURE,D,17000,16.07,0.28,N,9,0
15232,33,62400,RENT,6.0,PERSONAL,C,20000,12.68,0.32,N,10,1
15233,31,91000,MORTGAGE,6.0,PERSONAL,A,1000,8.59,0.01,N,8,0
15234,28,62000,RENT,6.0,MEDICAL,B,10000,10.99,0.16,N,6,0
15235,24,82000,MORTGAGE,5.0,PERSONAL,A,7200,6.54,0.09,N,3,0
15236,24,60000,MORTGAGE,8.0,HOMEIMPROVEMENT,B,5000,10.75,0.08,N,2,0
15237,23,12000,RENT,0.0,DEBTCONSOLIDATION,D,2400,14.59,0.2,N,3,1
15238,23,113698,MORTGAGE,7.0,VENTURE,B,15000,11.11,0.13,N,4,0
15239,24,45000,RENT,5.0,MEDICAL,B,4000,9.25,0.09,N,2,0
15240,23,50000,RENT,6.0,MEDICAL,C,12000,13.23,0.24,N,4,0
15241,28,96000,MORTGAGE,12.0,PERSONAL,A,6000,5.42,0.06,N,9,0
15242,24,56000,MORTGAGE,2.0,MEDICAL,A,8000,7.88,0.14,N,4,0
15243,25,58500,RENT,1.0,HOMEIMPROVEMENT,D,3500,15.31,0.06,N,2,0
15244,31,48000,MORTGAGE,4.0,DEBTCONSOLIDATION,C,10000,13.49,0.21,N,6,0
15245,21,65000,MORTGAGE,4.0,VENTURE,A,14000,7.88,0.21,N,2,0
15246,23,45243,MORTGAGE,7.0,VENTURE,B,2000,9.45,0.04,N,2,0
15247,23,75000,RENT,5.0,EDUCATION,A,10200,7.9,0.14,N,4,0
15248,24,78000,RENT,0.0,HOMEIMPROVEMENT,A,13000,6.54,0.17,N,3,0
15249,22,70000,RENT,0.0,EDUCATION,B,10000,12.21,0.14,N,2,0
15250,30,31200,RENT,0.0,MEDICAL,C,6000,13.49,0.19,Y,5,0
15251,31,78000,MORTGAGE,15.0,PERSONAL,A,16000,7.88,0.21,N,6,0
15252,41,56950,RENT,1.0,MEDICAL,D,15000,14.74,0.22,Y,13,1
15253,28,52000,RENT,0.0,HOMEIMPROVEMENT,A,4000,8.0,0.08,N,9,0
15254,23,48000,RENT,0.0,DEBTCONSOLIDATION,D,10000,16.02,0.21,N,3,1
15255,28,35000,RENT,5.0,MEDICAL,D,12000,16.29,0.34,N,9,1
15256,23,33000,RENT,6.0,EDUCATION,C,12000,14.65,0.36,N,4,1
15257,34,28000,OWN,0.0,EDUCATION,A,1600,9.32,0.06,N,10,0
15258,23,80000,MORTGAGE,1.0,VENTURE,B,8000,11.12,0.1,N,3,0
15259,40,102000,MORTGAGE,6.0,HOMEIMPROVEMENT,B,6000,9.99,0.06,N,16,0
15260,24,90000,MORTGAGE,1.0,EDUCATION,B,12000,9.91,0.13,N,4,0
15261,22,65000,MORTGAGE,2.0,EDUCATION,A,6000,7.49,0.09,N,2,0
15262,33,65000,MORTGAGE,6.0,HOMEIMPROVEMENT,A,5875,7.9,0.09,N,7,0
15263,22,30000,MORTGAGE,6.0,EDUCATION,B,5000,11.99,0.17,N,4,0
15264,35,47208,RENT,2.0,PERSONAL,C,3000,13.92,0.06,Y,8,0
15265,29,144000,MORTGAGE,5.0,MEDICAL,A,35000,7.9,0.24,N,10,0
15266,34,140900,RENT,1.0,PERSONAL,B,10000,10.99,0.07,N,7,0
15267,25,95000,MORTGAGE,6.0,EDUCATION,A,12000,6.03,0.13,N,3,0
15268,27,170000,MORTGAGE,11.0,HOMEIMPROVEMENT,C,8500,13.49,0.05,N,7,0
15269,24,30000,RENT,6.0,VENTURE,B,13000,9.91,0.43,N,3,1
15270,25,60000,RENT,3.0,EDUCATION,B,10000,10.36,0.17,N,2,0
15271,37,42000,RENT,2.0,PERSONAL,C,4000,15.23,0.1,Y,17,0
15272,26,200000,MORTGAGE,10.0,DEBTCONSOLIDATION,B,9000,11.99,0.04,N,2,0
15273,22,30000,RENT,2.0,VENTURE,D,13750,14.84,0.42,N,4,1
15274,21,90000,RENT,3.0,EDUCATION,C,20000,13.22,0.22,N,3,0
15275,22,65000,MORTGAGE,6.0,DEBTCONSOLIDATION,B,8000,9.99,0.12,N,4,0
15276,22,34000,RENT,2.0,MEDICAL,C,7000,14.22,0.21,N,4,1
15277,23,52000,RENT,0.0,VENTURE,A,13200,7.66,0.25,N,3,0
15278,22,80000,MORTGAGE,6.0,EDUCATION,A,3000,7.29,0.04,N,4,0
15279,53,90000,MORTGAGE,3.0,PERSONAL,A,12000,5.79,0.13,N,28,0
15280,24,105400,MORTGAGE,8.0,PERSONAL,C,24000,11.66,0.23,Y,3,0
15281,25,58000,MORTGAGE,9.0,PERSONAL,B,2200,12.53,0.04,N,2,0
15282,31,46654,MORTGAGE,8.0,EDUCATION,A,17000,11.83,0.36,N,10,0
15283,30,68000,RENT,1.0,EDUCATION,B,13000,9.63,0.19,N,7,0
15284,32,56004,MORTGAGE,4.0,HOMEIMPROVEMENT,B,7000,9.91,0.13,N,10,0
15285,24,68000,OWN,8.0,HOMEIMPROVEMENT,A,10000,8.9,0.15,N,2,0
15286,31,70000,RENT,4.0,EDUCATION,C,2000,14.79,0.03,N,8,0
15287,23,55000,RENT,7.0,VENTURE,B,5000,10.62,0.09,N,2,0
15288,28,41000,RENT,3.0,EDUCATION,A,6000,8.32,0.15,N,6,0
15289,26,150000,MORTGAGE,0.0,EDUCATION,B,8000,10.38,0.05,N,3,0
15290,22,34068,OWN,6.0,VENTURE,B,4500,11.71,0.13,N,4,0
15291,22,46000,MORTGAGE,5.0,DEBTCONSOLIDATION,D,5175,16.89,0.11,N,3,1
15292,22,90000,MORTGAGE,6.0,VENTURE,A,6000,5.42,0.07,N,2,0
15293,24,65000,MORTGAGE,3.0,VENTURE,A,12000,7.9,0.18,N,3,0
15294,24,22800,OTHER,3.0,DEBTCONSOLIDATION,A,5000,6.91,0.22,N,3,0
15295,22,48000,RENT,7.0,DEBTCONSOLIDATION,A,7200,7.29,0.15,N,4,0
15296,27,38000,MORTGAGE,11.0,DEBTCONSOLIDATION,B,4000,11.36,0.11,N,8,0
15297,25,60000,RENT,2.0,PERSONAL,A,12000,6.03,0.2,N,3,0
15298,23,24000,RENT,3.0,PERSONAL,A,4500,8.9,0.19,N,2,0
15299,22,70000,RENT,4.0,EDUCATION,A,6000,7.29,0.09,N,3,0
15300,26,45000,RENT,7.0,MEDICAL,A,3000,8.9,0.07,N,2,0
15301,35,39600,RENT,2.0,PERSONAL,B,10000,10.99,0.25,N,10,1
15302,23,27000,RENT,7.0,MEDICAL,A,5000,7.49,0.19,N,2,0
15303,27,89700,RENT,1.0,DEBTCONSOLIDATION,B,6000,11.99,0.07,N,10,0
15304,23,44000,OWN,7.0,EDUCATION,C,5000,15.96,0.11,N,3,0
15305,28,50000,MORTGAGE,12.0,MEDICAL,B,5000,10.83,0.1,N,10,0
15306,24,45000,RENT,5.0,EDUCATION,A,6000,7.88,0.13,N,3,0
15307,39,46000,RENT,5.0,MEDICAL,A,7000,9.63,0.15,N,11,1
15308,22,32000,RENT,0.0,EDUCATION,A,10000,6.54,0.31,N,3,1
15309,24,150000,MORTGAGE,7.0,VENTURE,A,8000,8.9,0.05,N,2,0
15310,30,96000,MORTGAGE,7.0,DEBTCONSOLIDATION,A,7000,5.79,0.07,N,5,0
15311,22,60000,MORTGAGE,4.0,EDUCATION,A,12000,6.03,0.2,N,2,0
15312,22,40000,MORTGAGE,6.0,EDUCATION,A,9000,6.17,0.23,N,4,0
15313,25,55000,MORTGAGE,9.0,DEBTCONSOLIDATION,A,11000,7.51,0.2,N,3,0
15314,22,33000,RENT,5.0,VENTURE,B,5000,11.49,0.15,N,4,0
15315,33,52000,OWN,2.0,MEDICAL,B,20000,11.49,0.38,N,7,0
15316,34,55000,MORTGAGE,16.0,HOMEIMPROVEMENT,D,8000,15.21,0.15,Y,6,0
15317,25,58000,OWN,9.0,PERSONAL,A,10000,7.51,0.17,N,4,0
15318,22,37800,MORTGAGE,0.0,DEBTCONSOLIDATION,A,15600,7.74,0.4,N,4,0
15319,25,50000,RENT,5.0,PERSONAL,D,3000,14.61,0.06,N,3,0
15320,28,69996,RENT,7.0,EDUCATION,B,11250,11.58,0.16,N,6,0
15321,23,55000,MORTGAGE,3.0,PERSONAL,A,7200,7.51,0.13,N,3,0
15322,23,32000,RENT,1.0,VENTURE,B,5000,9.99,0.16,N,2,0
15323,27,130000,MORTGAGE,3.0,DEBTCONSOLIDATION,B,25000,11.12,0.19,N,9,0
15324,34,90000,OWN,0.0,MEDICAL,B,4500,11.11,0.05,N,5,0
15325,26,70000,RENT,10.0,DEBTCONSOLIDATION,A,10000,7.29,0.14,N,2,0
15326,46,35328,MORTGAGE,14.0,VENTURE,A,10000,8.0,0.03,N,16,0
15327,23,44000,RENT,1.0,EDUCATION,C,5000,12.68,0.11,N,3,1
15328,24,80000,MORTGAGE,8.0,VENTURE,B,7000,10.75,0.09,N,4,0
15329,26,80000,MORTGAGE,3.0,PERSONAL,C,10000,12.73,0.13,N,3,0
15330,27,28800,RENT,2.0,VENTURE,B,13000,9.7,0.45,N,8,0
15331,34,30000,RENT,2.0,MEDICAL,B,7000,10.38,0.23,N,6,0
15332,24,24000,RENT,0.0,VENTURE,D,3000,15.2,0.13,Y,3,1
15333,24,85000,MORTGAGE,8.0,HOMEIMPROVEMENT,E,24000,19.69,0.29,N,2,0
15334,33,30000,RENT,0.0,PERSONAL,A,10000,7.66,0.33,N,9,1
15335,24,43218,RENT,6.0,VENTURE,B,5300,12.69,0.12,N,3,0
15336,39,60000,RENT,1.0,DEBTCONSOLIDATION,B,8000,10.62,0.13,N,14,0
15337,24,35000,RENT,2.0,EDUCATION,C,1500,13.92,0.04,N,4,0
15338,24,75000,MORTGAGE,5.0,PERSONAL,B,12000,11.71,0.16,N,4,0
15339,29,65000,RENT,7.0,MEDICAL,A,16000,7.49,0.25,N,6,0
15340,33,52000,MORTGAGE,16.0,HOMEIMPROVEMENT,A,5600,7.51,0.11,N,7,0
15341,28,60000,RENT,3.0,PERSONAL,B,4000,10.0,0.07,N,5,0
15342,24,58000,MORTGAGE,8.0,PERSONAL,B,4000,10.74,0.07,N,2,0
15343,25,48600,RENT,2.0,VENTURE,C,5000,12.53,0.1,N,2,0
15344,53,74500,RENT,0.0,MEDICAL,A,6000,8.9,0.08,N,28,0
15345,25,60000,RENT,3.0,PERSONAL,B,12000,9.99,0.2,N,2,0
15346,25,115000,MORTGAGE,3.0,VENTURE,A,4000,6.62,0.03,N,2,0
15347,23,30000,RENT,0.0,VENTURE,A,5000,7.49,0.17,N,3,0
15348,27,110000,MORTGAGE,3.0,VENTURE,B,21000,11.11,0.19,N,10,0
15349,34,63000,RENT,4.0,EDUCATION,C,6400,13.23,0.1,Y,9,0
15350,32,78000,RENT,16.0,HOMEIMPROVEMENT,C,6000,13.98,0.08,Y,7,1
15351,27,180000,RENT,2.0,MEDICAL,B,14000,12.42,0.08,N,6,0
15352,29,84000,MORTGAGE,6.0,EDUCATION,C,4000,12.99,0.05,Y,8,0
15353,25,60000,RENT,6.0,EDUCATION,A,4500,7.88,0.07,N,3,0
15354,30,90000,RENT,3.0,MEDICAL,B,4000,11.11,0.04,N,7,0
15355,27,40000,OWN,2.0,VENTURE,C,5600,13.49,0.14,N,7,0
15356,36,120000,RENT,2.0,EDUCATION,B,10000,11.49,0.08,N,11,0
15357,46,60000,RENT,0.0,HOMEIMPROVEMENT,B,20000,11.49,0.33,N,12,1
15358,23,54000,RENT,7.0,PERSONAL,B,4000,11.71,0.07,N,4,0
15359,33,40000,MORTGAGE,8.0,EDUCATION,A,3400,7.14,0.09,N,8,0
15360,22,57000,MORTGAGE,5.0,DEBTCONSOLIDATION,A,12000,6.62,0.21,N,2,0
15361,22,32000,MORTGAGE,6.0,EDUCATION,B,3000,11.83,0.09,N,3,0
15362,24,87000,MORTGAGE,6.0,MEDICAL,B,8000,10.99,0.09,N,3,0
15363,24,52000,RENT,2.0,VENTURE,B,10000,11.14,0.19,N,4,0
15364,27,96000,MORTGAGE,6.0,VENTURE,B,8000,10.99,0.08,N,10,0
15365,24,25000,RENT,0.0,MEDICAL,B,6500,11.36,0.26,N,2,0
15366,24,27000,RENT,2.0,VENTURE,B,6000,12.42,0.22,N,4,0
15367,23,46443,RENT,7.0,EDUCATION,A,12000,7.9,0.26,N,2,0
15368,23,140000,MORTGAGE,4.0,MEDICAL,B,28000,11.48,0.21,N,4,0
15369,31,50000,RENT,2.0,HOMEIMPROVEMENT,C,10000,14.26,0.2,N,6,0
15370,32,60000,RENT,5.0,VENTURE,B,15000,10.99,0.25,N,5,0
15371,28,58000,RENT,2.0,MEDICAL,E,20000,17.56,0.34,N,9,1
15372,23,65000,MORTGAGE,5.0,EDUCATION,A,7000,8.49,0.11,N,2,0
15373,23,73500,RENT,7.0,VENTURE,C,15000,12.99,0.2,N,2,0
15374,27,50000,MORTGAGE,5.0,HOMEIMPROVEMENT,A,12000,8.94,0.24,N,7,0
15375,24,50000,MORTGAGE,4.0,PERSONAL,A,6000,6.76,0.12,N,3,0
15376,28,79200,MORTGAGE,9.0,PERSONAL,A,20000,6.03,0.25,N,9,0
15377,25,60000,RENT,0.0,DEBTCONSOLIDATION,C,7500,11.59,0.13,Y,3,0
15378,28,53307,OTHER,4.0,PERSONAL,C,15000,12.87,0.28,Y,10,0
15379,25,80000,MORTGAGE,9.0,EDUCATION,A,4000,7.4,0.05,N,2,0
15380,23,40000,RENT,3.0,VENTURE,C,12000,13.35,0.3,N,4,0
15381,31,58800,RENT,0.0,PERSONAL,D,25000,14.09,0.43,N,10,1
15382,22,46500,RENT,5.0,EDUCATION,D,13250,14.42,0.28,Y,3,1
15383,34,29000,RENT,2.0,MEDICAL,B,6000,10.62,0.21,N,8,0
15384,24,110000,MORTGAGE,0.0,VENTURE,B,8000,11.14,0.07,N,4,0
15385,24,70000,MORTGAGE,7.0,VENTURE,A,6000,7.88,0.09,N,3,0
15386,38,46000,RENT,2.0,PERSONAL,D,5200,17.27,0.11,Y,12,1
15387,22,60000,MORTGAGE,5.0,MEDICAL,B,8000,11.99,0.13,N,2,0
15388,25,39000,OWN,4.0,MEDICAL,B,3500,10.74,0.09,N,3,0
15389,29,72345,RENT,6.0,EDUCATION,A,11500,7.42,0.15,N,10,0
15390,24,60629,RENT,7.0,HOMEIMPROVEMENT,A,10000,7.49,0.16,N,3,0
15391,25,24000,RENT,4.0,PERSONAL,C,10000,13.24,0.42,N,3,1
15392,27,86095,RENT,5.0,HOMEIMPROVEMENT,C,4000,13.49,0.05,Y,8,0
15393,23,88000,RENT,2.0,VENTURE,A,14400,7.51,0.16,N,2,0
15394,34,31200,MORTGAGE,5.0,HOMEIMPROVEMENT,B,10400,11.49,0.32,N,7,0
15395,38,66504,OTHER,3.0,EDUCATION,C,12000,13.47,0.18,N,12,1
15396,23,90000,MORTGAGE,4.0,VENTURE,A,21000,7.51,0.23,N,2,0
15397,24,67000,RENT,9.0,DEBTCONSOLIDATION,A,6000,7.88,0.09,N,4,0
15398,24,36000,MORTGAGE,3.0,MEDICAL,A,5500,7.49,0.15,N,3,0
15399,26,52000,MORTGAGE,10.0,MEDICAL,A,8000,7.14,0.15,N,4,0
15400,23,35000,RENT,7.0,DEBTCONSOLIDATION,B,7200,9.63,0.21,N,3,0
15401,24,135000,MORTGAGE,8.0,EDUCATION,B,8000,10.99,0.06,N,3,0
15402,35,60000,RENT,0.0,DEBTCONSOLIDATION,A,6000,9.63,0.1,N,9,0
15403,24,69996,MORTGAGE,5.0,DEBTCONSOLIDATION,B,3500,10.75,0.05,N,4,0
15404,33,60000,MORTGAGE,12.0,VENTURE,C,4000,12.29,0.07,Y,9,0
15405,23,80000,MORTGAGE,7.0,EDUCATION,B,18000,11.71,0.23,N,2,0
15406,26,50000,RENT,10.0,PERSONAL,A,10000,7.88,0.2,N,4,0
15407,23,75000,RENT,0.0,EDUCATION,C,12000,14.27,0.16,N,3,0
15408,23,70000,RENT,1.0,MEDICAL,C,12000,13.11,0.17,N,3,0
15409,21,37000,RENT,4.0,EDUCATION,B,6000,10.62,0.16,N,2,0
15410,29,92004,RENT,8.0,VENTURE,A,7000,9.63,0.08,Y,8,0
15411,29,100000,MORTGAGE,7.0,VENTURE,B,25000,9.25,0.25,N,5,0
15412,27,30000,RENT,0.0,VENTURE,D,14000,17.27,0.47,N,9,1
15413,24,90000,MORTGAGE,8.0,PERSONAL,A,8000,7.14,0.09,N,3,0
15414,22,74000,MORTGAGE,7.0,DEBTCONSOLIDATION,C,20000,13.49,0.27,Y,3,1
15415,26,110000,MORTGAGE,0.0,EDUCATION,A,12000,8.49,0.11,N,2,0
15416,26,66000,RENT,2.0,VENTURE,E,20000,17.14,0.3,Y,3,1
15417,36,60000,MORTGAGE,12.0,HOMEIMPROVEMENT,A,20000,6.54,0.33,N,11,0
15418,27,60000,RENT,4.0,MEDICAL,A,10000,9.63,0.17,N,6,0
15419,26,42000,RENT,0.0,MEDICAL,C,3600,12.87,0.09,Y,3,0
15420,22,34000,RENT,1.0,EDUCATION,B,10000,10.99,0.29,N,4,0
15421,22,58000,MORTGAGE,6.0,MEDICAL,A,10000,7.14,0.17,N,4,0
15422,40,95000,RENT,2.0,MEDICAL,C,5000,14.79,0.05,Y,14,0
15423,24,72250,MORTGAGE,4.0,MEDICAL,B,13000,11.26,0.16,N,3,0
15424,26,59000,RENT,10.0,VENTURE,B,10000,11.86,0.17,N,3,0
15425,23,70000,RENT,2.0,VENTURE,B,12500,11.83,0.18,N,4,0
15426,28,132652,MORTGAGE,10.0,HOMEIMPROVEMENT,A,22800,6.62,0.18,N,5,0
15427,22,90000,RENT,1.0,EDUCATION,B,8000,10.62,0.09,N,3,0
15428,29,70000,MORTGAGE,4.0,HOMEIMPROVEMENT,B,8000,12.18,0.11,N,7,0
15429,27,33000,RENT,11.0,DEBTCONSOLIDATION,B,13000,9.91,0.4,N,6,1
15430,39,70000,MORTGAGE,8.0,EDUCATION,B,5000,10.25,0.07,N,12,0
15431,29,50000,RENT,9.0,HOMEIMPROVEMENT,A,10000,9.32,0.2,N,7,0
15432,32,105000,MORTGAGE,4.0,HOMEIMPROVEMENT,B,5000,10.99,0.05,N,7,0
15433,22,40000,RENT,1.0,PERSONAL,B,4000,9.99,0.1,N,4,0
15434,32,150000,MORTGAGE,12.0,VENTURE,A,5000,5.42,0.03,N,7,0
15435,25,75000,MORTGAGE,1.0,DEBTCONSOLIDATION,A,4800,8.94,0.06,N,3,0
15436,26,70000,RENT,4.0,VENTURE,A,7000,7.74,0.1,N,3,0
15437,25,66000,MORTGAGE,9.0,MEDICAL,A,17000,8.49,0.27,N,4,0
15438,22,40000,OWN,2.0,VENTURE,A,5000,6.92,0.13,N,3,0
15439,38,18720,OWN,2.0,EDUCATION,D,2500,16.07,0.14,Y,16,1
15440,27,130000,MORTGAGE,12.0,VENTURE,B,10000,10.99,0.08,N,7,0
15441,23,110000,MORTGAGE,5.0,VENTURE,A,30000,8.9,0.27,N,3,0
15442,29,40000,RENT,1.0,VENTURE,B,5000,10.36,0.13,N,6,0
15443,29,35000,RENT,2.0,DEBTCONSOLIDATION,B,1500,9.76,0.04,N,6,0
15444,26,110000,RENT,3.0,HOMEIMPROVEMENT,A,12000,7.88,0.11,N,3,0
15445,22,60000,RENT,6.0,PERSONAL,C,5000,13.49,0.08,N,4,0
15446,38,60000,MORTGAGE,2.0,MEDICAL,B,10000,9.62,0.17,N,11,0
15447,25,42000,MORTGAGE,9.0,VENTURE,B,9100,12.42,0.22,N,3,0
15448,24,25000,RENT,5.0,EDUCATION,A,8000,7.51,0.32,N,3,1
15449,23,122000,RENT,7.0,MEDICAL,A,15000,7.88,0.12,N,3,0
15450,24,86700,MORTGAGE,2.0,EDUCATION,C,20000,12.99,0.23,Y,4,0
15451,30,40000,RENT,4.0,PERSONAL,B,5000,12.42,0.13,N,6,0
15452,23,50000,RENT,1.0,VENTURE,A,14000,8.9,0.28,N,3,0
15453,22,35000,RENT,3.0,DEBTCONSOLIDATION,A,9000,8.94,0.26,N,2,0
15454,23,468000,OWN,4.0,VENTURE,A,7200,9.63,0.01,N,2,0
15455,40,36000,RENT,5.0,MEDICAL,A,7600,6.03,0.21,N,14,0
15456,24,60000,RENT,0.0,PERSONAL,C,10000,13.61,0.17,N,3,0
15457,39,60000,MORTGAGE,2.0,DEBTCONSOLIDATION,C,8000,13.72,0.13,N,17,0
15458,36,90000,RENT,6.0,DEBTCONSOLIDATION,A,12000,6.03,0.13,N,11,0
15459,24,43000,MORTGAGE,8.0,EDUCATION,A,2000,7.49,0.05,N,2,0
15460,39,94000,MORTGAGE,3.0,HOMEIMPROVEMENT,B,25000,11.49,0.27,N,12,0
15461,26,30000,RENT,2.0,PERSONAL,D,8600,14.42,0.28,Y,4,1
15462,22,42000,RENT,6.0,MEDICAL,B,5000,11.83,0.12,N,3,0
15463,25,60000,MORTGAGE,9.0,DEBTCONSOLIDATION,C,10000,13.49,0.17,Y,4,0
15464,31,38100,MORTGAGE,6.0,PERSONAL,A,6000,7.49,0.16,N,10,0
15465,23,85000,RENT,1.0,PERSONAL,B,20000,11.36,0.24,N,2,0
15466,25,46800,RENT,4.0,MEDICAL,C,2800,14.22,0.06,Y,3,1
15467,35,50000,MORTGAGE,3.0,EDUCATION,C,2325,13.49,0.05,Y,10,0
15468,37,85000,MORTGAGE,19.0,VENTURE,C,20000,13.8,0.24,Y,14,0
15469,22,45000,RENT,0.0,DEBTCONSOLIDATION,B,2000,12.69,0.04,N,4,0
15470,22,60000,MORTGAGE,2.0,DEBTCONSOLIDATION,C,12000,13.79,0.2,N,4,0
15471,29,62000,MORTGAGE,13.0,MEDICAL,C,12000,13.49,0.19,Y,5,0
15472,28,44400,RENT,5.0,EDUCATION,D,5000,15.99,0.11,N,9,0
15473,23,120000,RENT,4.0,EDUCATION,A,14000,7.49,0.12,N,3,0
15474,25,60000,MORTGAGE,6.0,HOMEIMPROVEMENT,D,6000,14.84,0.1,N,3,0
15475,25,117600,MORTGAGE,9.0,HOMEIMPROVEMENT,C,14000,12.99,0.13,Y,4,0
15476,26,95000,MORTGAGE,10.0,PERSONAL,C,35000,12.68,0.37,N,2,0
15477,41,49000,RENT,2.0,DEBTCONSOLIDATION,C,4000,13.92,0.08,N,13,0
15478,22,96000,MORTGAGE,2.0,PERSONAL,B,20000,10.99,0.21,N,3,0
15479,27,29004,RENT,5.0,PERSONAL,A,10000,6.54,0.34,N,10,1
15480,36,24000,RENT,2.0,MEDICAL,C,4000,13.61,0.17,Y,15,0
15481,22,48000,MORTGAGE,0.0,EDUCATION,B,15000,11.83,0.31,N,3,1
15482,29,115000,MORTGAGE,4.0,PERSONAL,A,8000,8.0,0.07,N,6,0
15483,22,36000,RENT,0.0,DEBTCONSOLIDATION,B,8000,10.0,0.22,N,3,0
15484,22,37648,RENT,1.0,MEDICAL,A,10000,9.63,0.27,N,3,1
15485,35,40000,MORTGAGE,18.0,DEBTCONSOLIDATION,B,9000,11.83,0.23,N,7,0
15486,31,72000,MORTGAGE,15.0,HOMEIMPROVEMENT,A,5000,5.42,0.07,N,10,0
15487,25,51492,MORTGAGE,2.0,EDUCATION,B,8000,10.38,0.16,N,4,0
15488,23,80400,RENT,4.0,PERSONAL,A,12500,7.51,0.16,N,3,0
15489,22,28800,RENT,2.0,EDUCATION,B,8000,11.99,0.28,N,2,0
15490,27,50000,RENT,4.0,PERSONAL,B,10000,11.86,0.2,N,6,0
15491,37,60000,RENT,0.0,VENTURE,B,8000,11.89,0.13,N,11,0
15492,22,55000,RENT,6.0,EDUCATION,B,12000,11.71,0.22,N,4,0
15493,22,42000,RENT,6.0,EDUCATION,B,8000,11.48,0.19,N,3,0
15494,23,60000,RENT,2.0,EDUCATION,A,7000,8.49,0.12,N,2,0
15495,22,33000,RENT,1.0,EDUCATION,B,10000,10.99,0.3,N,4,0
15496,25,81600,RENT,2.0,DEBTCONSOLIDATION,B,8000,11.36,0.1,N,4,0
15497,22,105000,MORTGAGE,6.0,PERSONAL,A,6500,7.14,0.06,N,4,0
15498,23,91000,OWN,0.0,PERSONAL,B,1000,11.71,0.01,N,2,0
15499,34,67500,RENT,19.0,PERSONAL,D,3000,14.96,0.04,Y,9,0
15500,28,40000,RENT,7.0,MEDICAL,B,3000,10.65,0.07,N,9,0
15501,23,55000,MORTGAGE,0.0,EDUCATION,B,4800,9.99,0.09,N,4,0
15502,21,85000,OWN,5.0,VENTURE,A,15000,8.49,0.18,N,2,0
15503,22,33000,RENT,1.0,VENTURE,C,5000,13.16,0.15,Y,3,0
15504,21,35000,RENT,2.0,VENTURE,B,6000,11.49,0.17,N,2,0
15505,33,46000,RENT,2.0,MEDICAL,C,4000,13.49,0.09,Y,6,0
15506,23,40000,RENT,1.0,DEBTCONSOLIDATION,B,12000,12.69,0.3,N,4,0
15507,32,75000,MORTGAGE,6.0,MEDICAL,A,7000,7.51,0.09,N,10,0
15508,27,30000,RENT,4.0,MEDICAL,A,7000,8.49,0.23,N,6,0
15509,22,31000,RENT,3.0,EDUCATION,B,5000,10.74,0.16,N,4,0
15510,28,42000,MORTGAGE,7.0,DEBTCONSOLIDATION,C,18500,13.16,0.43,N,6,0
15511,31,50000,MORTGAGE,0.0,HOMEIMPROVEMENT,B,8800,11.12,0.18,N,8,0
15512,31,52000,MORTGAGE,2.0,PERSONAL,A,3000,7.49,0.06,N,9,0
15513,26,100000,MORTGAGE,7.0,DEBTCONSOLIDATION,B,11750,10.99,0.12,N,4,0
15514,33,40000,RENT,0.0,MEDICAL,A,12000,7.88,0.3,N,8,0
15515,23,40000,RENT,0.0,PERSONAL,C,5000,14.26,0.13,Y,4,0
15516,37,85000,MORTGAGE,2.0,VENTURE,B,6000,9.99,0.07,N,16,0
15517,27,79800,MORTGAGE,11.0,VENTURE,B,3200,10.65,0.04,N,9,0
15518,31,71400,RENT,0.0,MEDICAL,E,13000,17.51,0.17,N,10,1
15519,42,105000,RENT,6.0,PERSONAL,B,20000,10.62,0.19,N,11,0
15520,46,44000,RENT,5.0,MEDICAL,D,7000,15.62,0.16,N,16,1
15521,25,62000,MORTGAGE,2.0,PERSONAL,C,10000,13.23,0.16,Y,3,0
15522,22,58000,MORTGAGE,3.0,VENTURE,A,6000,5.42,0.1,N,4,0
15523,22,55000,MORTGAGE,6.0,PERSONAL,C,12000,13.11,0.22,N,3,0
15524,24,56500,RENT,8.0,EDUCATION,B,23000,11.48,0.4,N,3,1
15525,24,30000,RENT,1.0,VENTURE,B,2500,10.99,0.08,N,2,0
15526,23,40000,MORTGAGE,7.0,DEBTCONSOLIDATION,B,12000,11.86,0.3,N,3,0
15527,25,53000,RENT,2.0,MEDICAL,A,5000,5.42,0.09,N,2,0
15528,25,72000,MORTGAGE,9.0,DEBTCONSOLIDATION,A,10000,7.9,0.14,N,3,0
15529,23,75000,RENT,2.0,MEDICAL,A,8000,5.79,0.11,N,3,0
15530,24,35000,OWN,8.0,PERSONAL,A,6000,6.99,0.17,N,4,0
15531,23,55000,MORTGAGE,7.0,MEDICAL,B,8000,11.36,0.15,N,3,0
15532,22,68000,MORTGAGE,6.0,EDUCATION,A,16000,7.9,0.24,N,4,0
15533,28,48000,RENT,3.0,MEDICAL,C,3000,13.85,0.06,Y,6,0
15534,29,36400,RENT,0.0,EDUCATION,C,6000,12.87,0.16,N,10,0
15535,34,30000,RENT,3.0,MEDICAL,B,5000,11.71,0.17,N,8,1
15536,23,65000,MORTGAGE,7.0,MEDICAL,A,10000,8.49,0.15,N,3,0
15537,27,49000,MORTGAGE,11.0,DEBTCONSOLIDATION,A,2000,7.9,0.04,N,5,0
15538,24,60000,RENT,8.0,MEDICAL,D,5000,14.59,0.08,Y,3,0
15539,29,89849,MORTGAGE,13.0,MEDICAL,C,6000,13.98,0.07,N,9,0
15540,24,60000,MORTGAGE,8.0,PERSONAL,B,15000,11.48,0.25,N,3,0
15541,23,47000,RENT,5.0,EDUCATION,A,5000,7.9,0.11,N,4,0
15542,30,36000,MORTGAGE,4.0,PERSONAL,A,10000,6.54,0.28,N,5,0
15543,22,39000,RENT,1.0,MEDICAL,D,4000,14.61,0.1,Y,3,1
15544,34,42500,RENT,3.0,MEDICAL,C,14600,12.73,0.34,N,8,1
15545,28,65000,OWN,2.0,VENTURE,A,6000,7.9,0.09,N,7,0
15546,29,52000,RENT,4.0,DEBTCONSOLIDATION,C,1600,15.23,0.03,N,10,1
15547,33,41000,MORTGAGE,17.0,MEDICAL,A,6000,5.99,0.15,N,10,0
15548,25,54000,MORTGAGE,9.0,MEDICAL,B,10000,10.99,0.19,N,3,0
15549,30,45000,RENT,8.0,EDUCATION,B,11200,10.99,0.25,N,9,0
15550,34,35000,RENT,1.0,MEDICAL,A,6000,7.51,0.17,N,6,0
15551,22,60000,RENT,3.0,VENTURE,A,12000,8.9,0.2,N,3,0
15552,22,50000,MORTGAGE,6.0,PERSONAL,A,6800,7.14,0.14,N,2,0
15553,37,40000,MORTGAGE,3.0,EDUCATION,B,6000,10.99,0.15,N,14,0
15554,22,30000,RENT,2.0,PERSONAL,B,7500,11.48,0.25,N,3,1
15555,22,90000,RENT,6.0,EDUCATION,C,8000,12.87,0.09,Y,2,0
15556,26,26000,RENT,7.0,EDUCATION,B,8500,11.71,0.32,N,3,0
15557,28,90000,MORTGAGE,0.0,PERSONAL,B,7500,12.69,0.08,N,8,0
15558,39,48500,RENT,6.0,MEDICAL,B,6000,11.49,0.12,N,16,0
15559,23,42000,MORTGAGE,0.0,EDUCATION,C,20000,14.26,0.48,N,2,1
15560,35,43000,OWN,9.0,PERSONAL,A,7000,8.63,0.16,N,7,0
15561,25,32000,MORTGAGE,7.0,EDUCATION,A,7500,8.38,0.23,N,2,0
15562,29,120000,MORTGAGE,13.0,HOMEIMPROVEMENT,B,14000,10.65,0.12,N,7,0
15563,28,33000,RENT,0.0,MEDICAL,C,5600,12.68,0.17,Y,10,0
15564,31,39000,RENT,7.0,EDUCATION,A,5000,8.49,0.13,N,9,0
15565,37,90000,RENT,2.0,VENTURE,A,5000,7.14,0.06,N,17,0
15566,40,50000,RENT,2.0,VENTURE,B,15000,11.26,0.3,N,15,0
15567,27,30000,OWN,6.0,HOMEIMPROVEMENT,B,5000,12.69,0.17,N,7,0
15568,25,44000,RENT,3.0,VENTURE,C,6000,13.8,0.14,N,4,0
15569,31,62000,MORTGAGE,5.0,PERSONAL,A,8000,7.14,0.13,N,7,0
15570,23,85000,MORTGAGE,2.0,EDUCATION,A,10000,7.88,0.12,N,4,0
15571,26,45600,RENT,5.0,DEBTCONSOLIDATION,A,3000,6.62,0.07,N,2,0
15572,29,65000,RENT,9.0,PERSONAL,E,20000,16.0,0.31,Y,10,1
15573,35,102031,MORTGAGE,9.0,HOMEIMPROVEMENT,C,12000,13.48,0.12,Y,5,0
15574,29,60000,MORTGAGE,7.0,HOMEIMPROVEMENT,A,7000,6.03,0.12,N,7,0
15575,30,32000,MORTGAGE,14.0,EDUCATION,E,12400,14.25,0.38,N,8,0
15576,29,90000,MORTGAGE,13.0,EDUCATION,A,8000,6.99,0.09,N,8,0
15577,37,60000,MORTGAGE,2.0,DEBTCONSOLIDATION,A,8000,6.91,0.13,N,15,0
15578,41,62000,RENT,3.0,DEBTCONSOLIDATION,C,10000,13.49,0.16,N,11,0
15579,24,59000,RENT,0.0,MEDICAL,D,5000,15.62,0.08,N,3,1
15580,25,75000,MORTGAGE,9.0,EDUCATION,A,6400,6.03,0.09,N,3,0
15581,24,90000,MORTGAGE,4.0,HOMEIMPROVEMENT,D,35000,17.49,0.39,Y,3,0
15582,24,64000,MORTGAGE,8.0,HOMEIMPROVEMENT,D,7000,15.62,0.11,N,4,0
15583,22,50000,RENT,2.0,DEBTCONSOLIDATION,C,10000,13.49,0.2,N,2,0
15584,37,43337,RENT,0.0,DEBTCONSOLIDATION,B,10000,9.76,0.23,N,17,0
15585,26,45600,MORTGAGE,10.0,MEDICAL,C,6300,14.79,0.14,Y,2,0
15586,27,190000,RENT,2.0,HOMEIMPROVEMENT,B,25000,11.12,0.13,N,7,0
15587,24,150000,RENT,2.0,EDUCATION,B,24000,9.91,0.16,N,3,0
15588,80,54000,RENT,27.0,PERSONAL,A,10000,6.62,0.19,N,25,1
15589,31,82000,MORTGAGE,15.0,EDUCATION,A,8000,6.03,0.1,N,5,0
15590,23,87000,OWN,4.0,VENTURE,C,8000,12.73,0.09,Y,2,0
15591,27,125000,MORTGAGE,9.0,VENTURE,B,10000,10.99,0.08,N,6,0
15592,25,45000,OWN,0.0,HOMEIMPROVEMENT,C,7000,14.27,0.16,N,3,0
15593,30,31400,MORTGAGE,1.0,PERSONAL,B,3000,10.71,0.1,N,7,0
15594,23,12000,RENT,0.0,EDUCATION,C,1500,11.34,0.13,Y,2,1
15595,27,80000,MORTGAGE,6.0,VENTURE,C,7500,11.03,0.09,N,10,0
15596,31,57600,RENT,9.0,HOMEIMPROVEMENT,B,14000,10.65,0.24,N,6,0
15597,30,17280,RENT,0.0,HOMEIMPROVEMENT,B,3000,11.12,0.17,N,10,1
15598,36,36000,RENT,2.0,EDUCATION,B,5000,10.59,0.14,N,16,0
15599,33,50000,RENT,1.0,DEBTCONSOLIDATION,C,6500,13.22,0.13,N,6,0
15600,35,32000,RENT,4.0,MEDICAL,A,5000,7.49,0.16,N,10,0
15601,29,120000,OWN,8.0,PERSONAL,B,7000,10.99,0.06,N,8,0
15602,22,35000,MORTGAGE,4.0,MEDICAL,A,4850,8.49,0.14,N,3,0
15603,23,32000,RENT,1.0,EDUCATION,B,5000,11.58,0.16,N,4,0
15604,22,27600,RENT,2.0,MEDICAL,A,4000,7.49,0.14,N,4,0
15605,24,60000,MORTGAGE,8.0,PERSONAL,C,25000,13.49,0.42,N,2,0
15606,22,95000,RENT,2.0,EDUCATION,B,10000,11.71,0.11,N,2,0
15607,31,30000,RENT,0.0,MEDICAL,B,3600,10.99,0.12,N,10,0
15608,25,60000,MORTGAGE,5.0,HOMEIMPROVEMENT,A,4000,7.51,0.07,N,3,0
15609,30,57000,RENT,6.0,EDUCATION,D,9600,17.49,0.16,Y,9,0
15610,36,51000,RENT,4.0,MEDICAL,A,14000,7.88,0.27,N,13,1
15611,22,54000,MORTGAGE,1.0,VENTURE,B,10000,9.88,0.19,N,3,0
15612,33,50000,RENT,4.0,VENTURE,B,6000,10.37,0.12,N,9,0
15613,32,50000,RENT,5.0,VENTURE,A,8000,7.14,0.16,N,7,0
15614,28,35400,MORTGAGE,0.0,EDUCATION,C,2000,12.99,0.06,N,9,0
15615,24,72000,RENT,0.0,PERSONAL,B,18000,10.99,0.25,N,3,0
15616,28,54000,MORTGAGE,12.0,VENTURE,A,12000,7.51,0.22,N,8,0
15617,27,52000,MORTGAGE,2.0,PERSONAL,A,7000,6.99,0.13,N,8,0
15618,28,95000,RENT,1.0,DEBTCONSOLIDATION,D,10000,16.89,0.11,Y,8,1
15619,22,45000,RENT,2.0,MEDICAL,A,10000,9.38,0.22,N,2,0
15620,23,78000,MORTGAGE,0.0,EDUCATION,C,6000,12.87,0.08,Y,4,1
15621,22,40000,RENT,7.0,DEBTCONSOLIDATION,B,5000,10.59,0.13,N,2,0
15622,31,150000,MORTGAGE,9.0,DEBTCONSOLIDATION,A,9000,5.42,0.06,N,7,0
15623,24,50000,MORTGAGE,6.0,MEDICAL,A,7000,7.51,0.14,N,3,0
15624,25,72000,RENT,1.0,PERSONAL,B,20000,10.37,0.28,N,3,0
15625,25,133300,MORTGAGE,9.0,MEDICAL,B,6000,11.86,0.04,N,4,0
15626,23,78000,MORTGAGE,1.0,EDUCATION,C,14125,12.99,0.18,N,3,0
15627,24,95000,MORTGAGE,9.0,PERSONAL,B,18000,11.89,0.19,N,4,0
15628,36,44000,RENT,0.0,VENTURE,D,15000,16.77,0.34,N,13,1
15629,24,30000,RENT,1.0,MEDICAL,A,6000,7.51,0.2,N,3,0
15630,28,130000,RENT,1.0,HOMEIMPROVEMENT,C,1450,13.06,0.01,Y,7,0
15631,30,76000,MORTGAGE,14.0,DEBTCONSOLIDATION,B,7500,9.99,0.11,N,6,0
15632,35,35000,MORTGAGE,3.0,DEBTCONSOLIDATION,A,8000,6.03,0.23,N,5,0
15633,26,90000,RENT,4.0,MEDICAL,A,12000,6.62,0.13,N,2,0
15634,22,39000,RENT,6.0,PERSONAL,B,5000,10.65,0.13,N,2,0
15635,37,33600,RENT,2.0,DEBTCONSOLIDATION,B,5000,11.86,0.15,N,12,0
15636,24,25000,RENT,5.0,VENTURE,C,10000,13.49,0.4,Y,2,1
15637,37,55000,RENT,1.0,EDUCATION,C,10000,13.48,0.18,N,13,0
15638,42,138000,RENT,0.0,EDUCATION,E,7200,16.35,0.05,N,14,1
15639,23,26000,RENT,6.0,EDUCATION,A,7200,8.9,0.27,N,4,0
15640,23,72204,RENT,0.0,VENTURE,A,6600,7.49,0.09,N,4,0
15641,29,58000,MORTGAGE,1.0,VENTURE,A,9000,8.59,0.16,N,9,0
15642,25,50000,RENT,3.0,VENTURE,A,8000,5.42,0.16,N,4,0
15643,28,110000,MORTGAGE,0.0,HOMEIMPROVEMENT,A,10000,6.62,0.09,N,6,0
15644,29,65000,RENT,0.0,DEBTCONSOLIDATION,B,1500,12.69,0.02,N,4,0
15645,26,48000,MORTGAGE,2.0,PERSONAL,D,6000,16.29,0.13,N,3,1
15646,24,60000,RENT,1.0,DEBTCONSOLIDATION,A,8000,7.29,0.13,N,4,0
15647,23,50000,RENT,7.0,PERSONAL,C,10000,12.99,0.2,Y,2,0
15648,33,110000,MORTGAGE,7.0,VENTURE,A,10000,8.94,0.09,N,5,0
15649,23,35000,RENT,7.0,EDUCATION,B,10000,12.69,0.29,N,3,0
15650,28,35000,RENT,12.0,DEBTCONSOLIDATION,C,7200,12.68,0.21,N,6,0
15651,22,56004,RENT,1.0,EDUCATION,C,6000,14.22,0.11,N,3,0
15652,28,35000,RENT,8.0,PERSONAL,A,7500,7.9,0.21,N,7,0
15653,36,100000,RENT,2.0,MEDICAL,A,10000,8.59,0.1,N,13,0
15654,25,200000,MORTGAGE,5.0,MEDICAL,B,3000,10.62,0.01,N,4,0
15655,34,42000,RENT,0.0,VENTURE,D,5000,14.59,0.12,N,9,1
15656,40,36000,MORTGAGE,3.0,PERSONAL,A,10000,5.99,0.28,N,17,0
15657,26,32000,RENT,1.0,PERSONAL,D,2500,16.29,0.08,Y,2,1
15658,21,28176,OWN,2.0,MEDICAL,B,1000,9.91,0.04,N,4,0
15659,23,67222,RENT,0.0,HOMEIMPROVEMENT,C,15000,14.26,0.22,Y,4,1
15660,24,45000,RENT,5.0,DEBTCONSOLIDATION,C,6000,13.49,0.13,Y,4,0
15661,24,41000,OWN,4.0,EDUCATION,B,8000,11.49,0.2,N,4,0
15662,37,48000,RENT,0.0,MEDICAL,B,10000,10.65,0.21,N,12,0
15663,22,47900,RENT,0.0,PERSONAL,A,6000,7.51,0.13,N,3,0
15664,22,47840,RENT,4.0,EDUCATION,D,14000,14.42,0.3,N,3,0
15665,25,45000,MORTGAGE,9.0,PERSONAL,B,7200,10.96,0.16,N,2,0
15666,30,105000,MORTGAGE,3.0,EDUCATION,B,20000,11.36,0.19,N,7,0
15667,34,39000,MORTGAGE,1.0,EDUCATION,C,5000,11.78,0.13,Y,5,1
15668,23,37500,RENT,7.0,EDUCATION,A,1375,6.91,0.04,N,3,0
15669,24,91000,MORTGAGE,2.0,EDUCATION,A,10000,7.88,0.11,N,3,0
15670,39,48000,RENT,8.0,PERSONAL,C,8000,13.22,0.17,Y,13,0
15671,25,62000,RENT,1.0,VENTURE,B,7000,10.74,0.11,N,2,0
15672,21,30000,MORTGAGE,5.0,DEBTCONSOLIDATION,C,2000,14.26,0.07,Y,2,1
15673,32,85000,RENT,7.0,HOMEIMPROVEMENT,E,15000,15.68,0.18,Y,7,0
15674,39,52000,MORTGAGE,1.0,VENTURE,C,15000,13.61,0.29,Y,16,0
15675,22,69528,RENT,0.0,PERSONAL,C,6000,12.99,0.09,N,2,0
15676,22,49000,MORTGAGE,2.0,PERSONAL,E,6400,15.68,0.13,N,2,1
15677,32,110000,MORTGAGE,0.0,HOMEIMPROVEMENT,A,14000,5.79,0.13,N,5,0
15678,43,110000,OWN,4.0,EDUCATION,C,3000,13.98,0.03,N,12,0
15679,31,400000,RENT,8.0,MEDICAL,B,9000,9.88,0.22,N,7,0
15680,32,140000,RENT,1.0,EDUCATION,C,6000,12.99,0.04,Y,9,0
15681,23,75000,MORTGAGE,6.0,VENTURE,A,6400,5.42,0.09,N,3,0
15682,26,84000,RENT,5.0,EDUCATION,A,12000,7.49,0.14,N,2,0
15683,25,294000,MORTGAGE,2.0,MEDICAL,B,15000,9.91,0.05,N,2,0
15684,30,85000,MORTGAGE,12.0,EDUCATION,A,5000,6.17,0.06,N,5,0
15685,23,80000,MORTGAGE,6.0,EDUCATION,A,15000,8.49,0.19,N,3,0
15686,25,40000,RENT,3.0,EDUCATION,C,4000,12.99,0.1,Y,2,0
15687,21,32000,RENT,5.0,DEBTCONSOLIDATION,B,4200,12.69,0.13,N,4,0
15688,23,68250,RENT,7.0,VENTURE,B,10000,10.99,0.15,N,3,0
15689,24,50000,MORTGAGE,3.0,HOMEIMPROVEMENT,B,5000,10.38,0.1,N,4,0
15690,22,60000,RENT,3.0,VENTURE,B,15000,11.71,0.25,N,2,0
15691,24,40000,MORTGAGE,8.0,PERSONAL,C,10200,13.79,0.27,N,2,0
15692,39,150000,MORTGAGE,11.0,PERSONAL,A,7500,8.49,0.05,N,14,0
15693,24,75000,MORTGAGE,9.0,HOMEIMPROVEMENT,B,12000,10.38,0.16,N,3,0
15694,36,225000,MORTGAGE,14.0,VENTURE,B,30000,10.62,0.14,N,16,0
15695,27,60000,RENT,0.0,PERSONAL,A,1450,7.49,0.03,N,9,0
15696,24,100000,MORTGAGE,9.0,MEDICAL,B,20000,12.42,0.2,N,2,0
15697,24,37000,RENT,4.0,MEDICAL,B,3000,11.12,0.08,N,4,0
15698,23,70000,RENT,5.0,DEBTCONSOLIDATION,C,3000,13.49,0.04,N,4,0
15699,27,50000,RENT,3.0,EDUCATION,B,6000,11.89,0.12,N,6,0
15700,30,54000,RENT,2.0,VENTURE,B,2100,12.42,0.04,N,5,0
15701,26,29000,RENT,5.0,DEBTCONSOLIDATION,B,10000,10.99,0.33,N,2,1
15702,23,55000,RENT,3.0,DEBTCONSOLIDATION,B,12000,10.37,0.22,N,3,0
15703,24,95000,MORTGAGE,8.0,MEDICAL,A,15000,7.88,0.16,N,3,0
15704,25,80689,MORTGAGE,9.0,DEBTCONSOLIDATION,C,24000,12.73,0.3,N,3,0
15705,42,55000,MORTGAGE,6.0,MEDICAL,A,4800,5.79,0.09,N,16,0
15706,26,100000,MORTGAGE,5.0,EDUCATION,A,15000,7.88,0.15,N,2,0
15707,25,80000,RENT,9.0,DEBTCONSOLIDATION,A,7000,7.88,0.09,N,4,0
15708,33,88900,MORTGAGE,13.0,EDUCATION,B,5000,10.37,0.07,N,8,0
15709,23,39996,RENT,7.0,DEBTCONSOLIDATION,B,6000,9.96,0.15,N,2,0
15710,22,55000,MORTGAGE,1.0,DEBTCONSOLIDATION,A,8500,5.79,0.15,N,2,0
15711,23,38400,RENT,3.0,EDUCATION,B,10000,10.37,0.26,N,3,0
15712,21,30000,RENT,6.0,MEDICAL,A,5000,5.42,0.17,N,3,0
15713,22,70550,RENT,3.0,MEDICAL,B,19000,11.12,0.24,N,2,1
15714,23,28000,RENT,0.0,VENTURE,B,8000,12.69,0.28,N,3,0
15715,25,29000,RENT,7.0,MEDICAL,C,11500,13.49,0.39,Y,4,1
15716,24,40000,RENT,2.0,MEDICAL,C,8000,12.84,0.2,N,4,0
15717,36,24000,RENT,1.0,EDUCATION,E,2000,18.39,0.08,Y,17,1
15718,23,55200,MORTGAGE,7.0,DEBTCONSOLIDATION,B,4000,10.08,0.07,N,2,0
15719,29,185000,MORTGAGE,4.0,VENTURE,B,5000,10.0,0.03,N,6,0
15720,25,70000,RENT,1.0,VENTURE,C,6000,12.53,0.09,N,4,0
15721,23,59000,MORTGAGE,4.0,EDUCATION,C,20000,14.17,0.34,N,3,0
15722,23,80000,MORTGAGE,5.0,EDUCATION,A,6400,5.99,0.08,N,4,0
15723,25,43000,RENT,4.0,DEBTCONSOLIDATION,C,7500,12.87,0.18,N,4,0
15724,28,53155,MORTGAGE,5.0,HOMEIMPROVEMENT,B,3000,11.99,0.06,N,8,0
15725,22,30000,RENT,2.0,VENTURE,B,10000,11.14,0.33,N,3,1
15726,23,54000,RENT,4.0,VENTURE,D,10000,14.96,0.19,N,4,0
15727,22,72000,RENT,5.0,PERSONAL,B,8000,11.49,0.11,N,3,0
15728,25,93000,MORTGAGE,1.0,HOMEIMPROVEMENT,C,18000,13.79,0.19,N,3,1
15729,28,106925,MORTGAGE,3.0,EDUCATION,B,24250,12.18,0.24,N,6,0
15730,36,42000,RENT,0.0,VENTURE,A,7000,5.42,0.17,N,13,0
15731,23,40000,RENT,7.0,MEDICAL,A,3500,7.51,0.09,N,2,0
15732,27,90000,RENT,0.0,DEBTCONSOLIDATION,A,12000,6.92,0.13,N,6,0
15733,25,60000,RENT,2.0,EDUCATION,A,10000,8.49,0.17,N,3,0
15734,22,72000,MORTGAGE,6.0,PERSONAL,A,5000,5.42,0.07,N,3,0
15735,38,40000,OWN,3.0,MEDICAL,B,9000,11.36,0.23,N,12,0
15736,23,70000,RENT,7.0,PERSONAL,B,12000,11.71,0.17,N,4,0
15737,21,31200,RENT,5.0,MEDICAL,B,9000,11.86,0.29,N,4,0
15738,22,54996,OWN,0.0,EDUCATION,C,12000,13.57,0.22,N,2,0
15739,32,72000,MORTGAGE,11.0,MEDICAL,D,10000,15.58,0.14,N,10,0
15740,25,50400,OWN,4.0,MEDICAL,B,7000,12.42,0.14,N,4,0
15741,22,54000,MORTGAGE,6.0,PERSONAL,B,2000,11.49,0.04,N,2,1
15742,22,42000,RENT,6.0,EDUCATION,B,8000,12.42,0.19,N,4,0
15743,23,36000,RENT,3.0,EDUCATION,A,4000,7.88,0.11,N,4,0
15744,28,60000,MORTGAGE,5.0,PERSONAL,A,5000,7.14,0.08,N,5,0
15745,42,98000,MORTGAGE,16.0,MEDICAL,C,5000,13.47,0.05,N,14,0
15746,23,60000,RENT,0.0,EDUCATION,A,12000,7.29,0.2,N,3,0
15747,23,32000,RENT,0.0,DEBTCONSOLIDATION,A,8000,8.94,0.25,N,2,0
15748,25,54000,RENT,2.0,HOMEIMPROVEMENT,D,16000,14.59,0.29,Y,4,1
15749,31,150000,MORTGAGE,15.0,HOMEIMPROVEMENT,A,12250,7.51,0.08,N,8,0
15750,29,115000,MORTGAGE,4.0,HOMEIMPROVEMENT,A,7200,5.42,0.06,N,9,0
15751,22,62000,OWN,2.0,EDUCATION,B,10000,11.14,0.16,N,2,0
15752,26,42000,RENT,4.0,PERSONAL,C,10000,12.68,0.24,N,4,0
15753,31,85000,MORTGAGE,0.0,MEDICAL,A,7500,7.51,0.09,N,7,0
15754,22,80000,MORTGAGE,5.0,EDUCATION,A,3000,5.79,0.04,N,2,0
15755,34,64000,MORTGAGE,7.0,DEBTCONSOLIDATION,A,7200,7.29,0.11,N,7,0
15756,26,76000,MORTGAGE,10.0,HOMEIMPROVEMENT,A,6000,6.99,0.08,N,3,0
15757,23,100000,MORTGAGE,5.0,EDUCATION,A,12000,7.49,0.12,N,3,0
15758,25,75000,MORTGAGE,9.0,MEDICAL,B,5000,10.99,0.07,N,2,0
15759,23,55704,RENT,6.0,DEBTCONSOLIDATION,C,20000,12.53,0.37,N,4,1
15760,25,44604,RENT,9.0,MEDICAL,C,3000,13.8,0.07,N,4,0
15761,27,75000,MORTGAGE,11.0,VENTURE,D,16000,14.96,0.21,N,5,0
15762,29,50000,RENT,13.0,VENTURE,B,12000,11.71,0.24,N,7,0
15763,34,37000,RENT,0.0,DEBTCONSOLIDATION,B,5000,9.25,0.13,N,5,0
15764,29,108000,MORTGAGE,2.0,HOMEIMPROVEMENT,B,10000,10.74,0.09,N,7,1
15765,30,70000,RENT,14.0,DEBTCONSOLIDATION,B,10000,10.65,0.14,N,9,0
15766,29,83600,MORTGAGE,4.0,PERSONAL,C,15000,13.16,0.18,Y,8,0
15767,34,42000,RENT,5.0,DEBTCONSOLIDATION,A,5000,7.29,0.12,N,5,0
15768,24,78000,OWN,8.0,MEDICAL,A,12000,7.29,0.15,N,3,0
15769,44,200000,MORTGAGE,4.0,MEDICAL,B,15000,11.49,0.07,N,15,0
15770,34,60000,RENT,3.0,DEBTCONSOLIDATION,B,3500,10.25,0.06,N,5,0
15771,38,70000,MORTGAGE,2.0,DEBTCONSOLIDATION,A,7000,7.49,0.1,N,12,0
15772,35,36000,RENT,2.0,MEDICAL,A,5000,5.42,0.14,N,7,0
15773,28,41004,RENT,0.0,VENTURE,B,5000,9.99,0.12,N,5,0
15774,28,74500,MORTGAGE,0.0,VENTURE,A,11500,7.05,0.15,N,5,0
15775,27,115000,MORTGAGE,11.0,PERSONAL,A,18000,6.99,0.16,N,10,0
15776,22,54000,MORTGAGE,5.0,EDUCATION,A,3500,6.76,0.06,N,4,0
15777,30,120000,MORTGAGE,3.0,PERSONAL,B,20000,11.99,0.17,N,8,0
15778,23,67500,RENT,2.0,DEBTCONSOLIDATION,A,7200,7.88,0.11,N,2,0
15779,23,35000,OWN,2.0,VENTURE,C,8000,13.61,0.23,Y,4,0
15780,27,70000,MORTGAGE,11.0,HOMEIMPROVEMENT,C,20000,13.85,0.29,Y,6,0
15781,25,150000,MORTGAGE,2.0,PERSONAL,A,12000,6.62,0.08,N,4,0
15782,27,120000,MORTGAGE,1.0,EDUCATION,B,25000,10.99,0.21,N,8,0
15783,21,60000,RENT,5.0,MEDICAL,B,8000,12.18,0.13,N,4,0
15784,32,50000,MORTGAGE,16.0,HOMEIMPROVEMENT,A,5000,7.51,0.1,N,8,0
15785,29,31200,RENT,0.0,DEBTCONSOLIDATION,A,6000,7.51,0.19,N,5,0
15786,25,100000,MORTGAGE,9.0,HOMEIMPROVEMENT,B,15000,10.59,0.15,N,4,0
15787,23,55000,MORTGAGE,7.0,VENTURE,A,9000,5.99,0.16,N,3,0
15788,29,69000,MORTGAGE,5.0,PERSONAL,A,10000,7.51,0.14,N,5,0
15789,22,52000,RENT,6.0,EDUCATION,B,8400,10.74,0.16,N,3,0
15790,25,40000,RENT,1.0,HOMEIMPROVEMENT,C,3000,13.98,0.07,Y,2,1
15791,27,40000,RENT,2.0,MEDICAL,B,10000,9.88,0.25,N,10,0
15792,34,120000,MORTGAGE,7.0,VENTURE,A,6000,5.42,0.05,N,7,0
15793,26,58000,MORTGAGE,6.0,DEBTCONSOLIDATION,A,1500,6.76,0.03,N,4,0
15794,26,37000,RENT,5.0,MEDICAL,E,10000,16.45,0.27,Y,4,1
15795,27,110000,MORTGAGE,2.0,EDUCATION,C,3000,13.23,0.03,Y,9,0
15796,43,38004,RENT,2.0,PERSONAL,B,3500,11.36,0.09,N,11,0
15797,27,140000,MORTGAGE,11.0,EDUCATION,A,7000,5.42,0.05,N,6,0
15798,26,70000,RENT,0.0,MEDICAL,A,10000,7.14,0.14,N,2,0
15799,27,75000,OWN,3.0,PERSONAL,A,8000,6.99,0.11,N,9,0
15800,28,80000,MORTGAGE,12.0,MEDICAL,C,12000,13.79,0.15,Y,8,0
15801,29,80000,MORTGAGE,4.0,MEDICAL,C,15000,13.49,0.19,N,10,0
15802,24,120000,MORTGAGE,9.0,DEBTCONSOLIDATION,A,3600,6.99,0.03,N,3,0
15803,23,60000,MORTGAGE,1.0,MEDICAL,A,10000,8.49,0.17,N,2,0
15804,28,105000,MORTGAGE,12.0,VENTURE,A,12000,7.51,0.11,N,7,0
15805,28,78000,RENT,1.0,MEDICAL,C,12000,13.79,0.16,Y,8,0
15806,22,47000,RENT,6.0,DEBTCONSOLIDATION,B,10000,10.65,0.21,N,4,0
15807,24,35000,RENT,1.0,DEBTCONSOLIDATION,B,5600,9.99,0.16,N,2,0
15808,29,64000,RENT,3.0,HOMEIMPROVEMENT,B,14000,10.25,0.23,N,9,0
15809,24,35000,RENT,8.0,MEDICAL,B,6500,9.25,0.19,N,2,0
15810,26,35000,RENT,1.0,MEDICAL,C,5000,13.22,0.14,N,3,0
15811,27,61200,MORTGAGE,1.0,MEDICAL,B,19400,12.18,0.27,N,7,0
15812,30,35000,RENT,4.0,PERSONAL,B,4800,10.36,0.14,N,7,0
15813,27,39760,RENT,0.0,MEDICAL,C,14500,12.61,0.36,N,8,1
15814,25,100000,RENT,9.0,DEBTCONSOLIDATION,C,20000,13.06,0.2,N,4,0
15815,27,80266,RENT,0.0,MEDICAL,C,7000,14.72,0.09,Y,8,0
15816,22,60000,RENT,0.0,VENTURE,C,24250,11.66,0.4,N,4,1
15817,26,72000,MORTGAGE,10.0,VENTURE,A,17000,6.03,0.23,N,2,0
15818,27,120000,RENT,3.0,DEBTCONSOLIDATION,A,20000,6.91,0.17,N,6,0
15819,28,35500,RENT,2.0,EDUCATION,A,4000,8.9,0.11,N,8,0
15820,23,29000,RENT,4.0,HOMEIMPROVEMENT,D,7000,15.62,0.25,Y,4,1
15821,29,45000,MORTGAGE,2.0,DEBTCONSOLIDATION,A,5000,6.62,0.11,N,6,0
15822,28,72000,MORTGAGE,5.0,PERSONAL,B,6000,11.99,0.08,N,8,0
15823,21,65000,MORTGAGE,2.0,EDUCATION,A,10000,6.62,0.15,N,2,0
15824,24,80000,RENT,5.0,DEBTCONSOLIDATION,A,12000,5.99,0.15,N,2,0
15825,23,100000,MORTGAGE,0.0,DEBTCONSOLIDATION,A,9600,7.66,0.1,N,4,0
15826,32,120000,OWN,0.0,PERSONAL,A,10000,6.99,0.08,N,9,0
15827,21,124000,MORTGAGE,5.0,VENTURE,A,1500,8.49,0.01,N,4,0
15828,21,60000,MORTGAGE,4.0,EDUCATION,C,5000,13.98,0.08,Y,4,0
15829,25,72500,MORTGAGE,2.0,MEDICAL,B,12000,9.99,0.17,N,4,0
15830,22,54400,RENT,7.0,MEDICAL,D,8000,14.42,0.13,N,4,1
15831,27,40992,MORTGAGE,7.0,MEDICAL,B,5000,10.99,0.12,N,6,0
15832,25,49244,RENT,3.0,EDUCATION,B,6000,8.88,0.12,N,4,0
15833,62,60000,MORTGAGE,7.0,PERSONAL,A,4000,7.88,0.07,N,24,0
15834,29,60000,RENT,6.0,PERSONAL,A,16000,7.88,0.27,N,7,0
15835,24,56000,RENT,2.0,HOMEIMPROVEMENT,B,11500,11.86,0.19,N,2,0
15836,26,65000,RENT,3.0,PERSONAL,A,28000,7.49,0.43,N,4,1
15837,23,60000,RENT,4.0,EDUCATION,B,5000,10.0,0.08,N,4,0
15838,36,50400,MORTGAGE,3.0,EDUCATION,D,10000,18.25,0.02,Y,12,0
15839,34,80000,MORTGAGE,11.0,HOMEIMPROVEMENT,B,8000,10.62,0.1,N,5,0
15840,25,65004,MORTGAGE,0.0,DEBTCONSOLIDATION,B,6000,9.63,0.09,N,4,0
15841,23,80000,MORTGAGE,0.0,EDUCATION,A,7000,7.14,0.09,N,2,0
15842,23,33000,RENT,7.0,DEBTCONSOLIDATION,A,2000,6.62,0.06,N,2,0
15843,31,62000,MORTGAGE,7.0,EDUCATION,B,9600,11.49,0.15,N,8,0
15844,45,70000,RENT,8.0,MEDICAL,A,10000,7.88,0.14,N,12,0
15845,23,40000,RENT,4.0,MEDICAL,C,12000,11.03,0.3,Y,4,0
15846,22,36000,MORTGAGE,0.0,EDUCATION,B,2000,11.49,0.06,N,2,0
15847,36,40000,MORTGAGE,3.0,VENTURE,B,5000,10.99,0.13,N,15,0
15848,29,38000,RENT,2.0,MEDICAL,C,3000,13.49,0.08,N,7,0
15849,65,110000,RENT,3.0,PERSONAL,C,20000,13.79,0.18,Y,27,0
15850,23,62000,MORTGAGE,2.0,DEBTCONSOLIDATION,A,12000,7.51,0.19,N,3,0
15851,23,50000,MORTGAGE,5.0,EDUCATION,A,5000,7.4,0.1,N,3,0
15852,26,42000,MORTGAGE,2.0,VENTURE,C,5000,14.27,0.12,N,2,0
15853,29,120000,MORTGAGE,4.0,DEBTCONSOLIDATION,C,20000,12.99,0.17,Y,10,0
15854,25,85000,RENT,0.0,EDUCATION,A,5600,6.92,0.07,N,2,0
15855,26,45000,RENT,1.0,EDUCATION,A,12000,9.63,0.27,N,2,0
15856,37,72000,MORTGAGE,4.0,MEDICAL,B,16000,11.89,0.22,N,11,0
15857,24,75000,RENT,8.0,MEDICAL,B,6500,10.74,0.09,N,2,0
15858,23,34000,RENT,3.0,VENTURE,C,5500,13.11,0.16,N,4,0
15859,29,95000,RENT,4.0,HOMEIMPROVEMENT,C,10000,12.53,0.11,N,8,0
15860,24,25000,MORTGAGE,0.0,MEDICAL,B,1000,10.71,0.04,N,2,1
15861,31,120000,MORTGAGE,3.0,VENTURE,A,10000,8.94,0.08,N,5,0
15862,41,100000,MORTGAGE,5.0,PERSONAL,B,13600,12.21,0.14,N,13,0
15863,21,62000,MORTGAGE,2.0,PERSONAL,A,6000,7.51,0.1,N,3,0
15864,35,103240,MORTGAGE,5.0,VENTURE,A,4000,5.99,0.04,N,6,0
15865,21,33012,RENT,5.0,MEDICAL,B,12200,10.99,0.37,N,4,1
15866,30,56100,MORTGAGE,3.0,MEDICAL,D,10000,16.0,0.15,N,10,1
15867,22,24000,OWN,0.0,PERSONAL,A,2400,7.49,0.1,N,4,0
15868,24,75000,MORTGAGE,4.0,PERSONAL,C,12000,12.73,0.16,N,3,0
15869,30,37000,RENT,0.0,MEDICAL,A,10000,6.92,0.27,N,6,0
15870,25,62400,RENT,0.0,EDUCATION,B,4000,12.53,0.06,N,2,0
15871,32,55000,MORTGAGE,7.0,PERSONAL,A,8000,8.49,0.15,N,10,0
15872,23,66500,RENT,0.0,VENTURE,B,5600,9.63,0.09,N,3,0
15873,24,150000,RENT,6.0,HOMEIMPROVEMENT,E,5000,16.32,0.03,N,2,0
15874,24,95000,RENT,8.0,MEDICAL,B,6000,10.36,0.06,N,2,0
15875,27,120000,RENT,2.0,HOMEIMPROVEMENT,B,12000,11.71,0.1,N,9,0
15876,28,43200,RENT,5.0,HOMEIMPROVEMENT,C,5000,13.48,0.12,Y,5,0
15877,22,90000,RENT,6.0,EDUCATION,B,12000,11.71,0.13,N,3,0
15878,22,69000,RENT,4.0,HOMEIMPROVEMENT,D,10000,16.29,0.14,Y,3,1
15879,23,80000,MORTGAGE,5.0,EDUCATION,B,20000,10.25,0.25,N,4,0
15880,29,35000,RENT,12.0,VENTURE,B,10000,11.26,0.29,N,7,0
15881,30,59004,RENT,0.0,EDUCATION,D,3600,16.02,0.06,Y,5,1
15882,24,28000,RENT,2.0,EDUCATION,A,6000,7.68,0.21,N,4,0
15883,25,45000,RENT,1.0,MEDICAL,D,8000,14.09,0.18,Y,4,1
15884,21,40000,MORTGAGE,5.0,DEBTCONSOLIDATION,C,12000,14.26,0.3,Y,3,0
15885,28,45000,RENT,12.0,PERSONAL,A,13000,6.99,0.29,N,5,0
15886,22,150000,MORTGAGE,6.0,EDUCATION,A,12000,7.51,0.08,N,4,0
15887,25,72000,MORTGAGE,0.0,DEBTCONSOLIDATION,A,11500,7.88,0.16,N,2,0
15888,22,21600,RENT,0.0,PERSONAL,B,6500,9.91,0.3,N,3,0
15889,21,190000,RENT,5.0,MEDICAL,B,10000,9.67,0.06,N,4,0
15890,25,47000,RENT,1.0,MEDICAL,B,7000,10.36,0.15,N,4,0
15891,27,78000,RENT,0.0,EDUCATION,A,14000,8.94,0.18,N,8,1
15892,25,65412,MORTGAGE,10.0,MEDICAL,B,19000,11.14,0.29,N,3,0
15893,21,40000,RENT,5.0,EDUCATION,C,12000,13.49,0.3,N,2,0
15894,24,35000,RENT,4.0,EDUCATION,D,6000,16.29,0.17,Y,4,0
15895,27,120000,MORTGAGE,0.0,DEBTCONSOLIDATION,C,8800,13.72,0.07,N,10,0
15896,22,38000,RENT,6.0,EDUCATION,A,9000,7.51,0.23,N,3,0
15897,23,29000,RENT,2.0,MEDICAL,A,10000,8.49,0.34,N,4,1
15898,27,70000,MORTGAGE,4.0,MEDICAL,B,10000,10.25,0.14,N,10,0
15899,22,80000,RENT,0.0,DEBTCONSOLIDATION,D,25000,14.09,0.31,Y,2,1
15900,22,45000,RENT,2.0,EDUCATION,B,10000,10.65,0.22,N,2,0
15901,23,85000,RENT,1.0,EDUCATION,A,35000,8.9,0.41,N,4,1
15902,36,55236,MORTGAGE,9.0,VENTURE,A,6000,7.51,0.11,N,11,0
15903,22,51000,MORTGAGE,6.0,VENTURE,B,13000,11.14,0.27,N,4,0
15904,29,48000,RENT,4.0,DEBTCONSOLIDATION,B,5000,10.65,0.1,N,10,0
15905,32,95000,MORTGAGE,4.0,DEBTCONSOLIDATION,C,15000,13.11,0.16,N,9,1
15906,26,56000,RENT,1.0,MEDICAL,B,8000,9.99,0.14,N,4,0
15907,36,126251,MORTGAGE,16.0,HOMEIMPROVEMENT,C,14000,13.92,0.11,N,14,0
15908,30,83000,RENT,5.0,DEBTCONSOLIDATION,C,22000,12.73,0.27,N,10,0
15909,22,45000,MORTGAGE,6.0,DEBTCONSOLIDATION,B,5000,11.49,0.11,N,2,0
15910,23,72000,MORTGAGE,7.0,VENTURE,A,9000,7.88,0.13,N,4,0
15911,37,80000,MORTGAGE,17.0,EDUCATION,A,6000,5.99,0.07,N,17,0
15912,22,24702,RENT,2.0,EDUCATION,C,2000,13.23,0.08,Y,3,0
15913,23,115000,MORTGAGE,3.0,DEBTCONSOLIDATION,A,12000,6.91,0.1,N,4,0
15914,22,60000,RENT,6.0,EDUCATION,C,3000,13.61,0.05,N,2,0
15915,29,125000,MORTGAGE,4.0,DEBTCONSOLIDATION,A,15000,7.88,0.12,N,9,0
15916,42,155996,MORTGAGE,20.0,VENTURE,C,17500,12.87,0.11,N,15,0
15917,27,32000,RENT,0.0,MEDICAL,D,2000,14.96,0.06,Y,10,1
15918,36,38000,RENT,18.0,PERSONAL,C,10000,13.48,0.26,Y,12,0
15919,23,54000,MORTGAGE,4.0,MEDICAL,D,1500,15.62,0.03,Y,4,1
15920,37,43000,RENT,4.0,MEDICAL,C,8000,13.8,0.19,N,14,0
15921,27,70000,RENT,14.0,VENTURE,E,9000,16.0,0.13,Y,7,0
15922,37,60000,RENT,0.0,HOMEIMPROVEMENT,D,14000,15.57,0.24,N,17,1
15923,27,55000,RENT,5.0,EDUCATION,D,10000,15.7,0.18,N,5,0
15924,23,36000,RENT,3.0,EDUCATION,B,10000,11.36,0.28,N,4,0
15925,26,54996,MORTGAGE,7.0,EDUCATION,D,18300,15.05,0.36,N,4,0
15926,25,65000,MORTGAGE,6.0,HOMEIMPROVEMENT,A,8000,7.51,0.12,N,3,0
15927,26,34100,RENT,0.0,DEBTCONSOLIDATION,A,12000,8.94,0.35,N,2,1
15928,29,130000,MORTGAGE,3.0,HOMEIMPROVEMENT,B,25000,10.74,0.19,N,5,0
15929,25,40000,RENT,0.0,MEDICAL,A,8000,7.14,0.2,N,4,0
15930,23,30000,RENT,0.0,PERSONAL,A,5600,7.49,0.19,N,4,0
15931,29,90000,RENT,2.0,VENTURE,B,8000,11.86,0.09,N,9,0
15932,30,95000,MORTGAGE,9.0,DEBTCONSOLIDATION,B,15000,10.99,0.16,N,5,0
15933,22,41500,RENT,2.0,EDUCATION,A,3000,7.29,0.07,N,3,1
15934,33,84000,RENT,2.0,MEDICAL,C,15000,13.16,0.18,Y,5,0
15935,25,64000,RENT,6.0,PERSONAL,D,4800,17.49,0.08,Y,3,0
15936,24,40000,RENT,5.0,VENTURE,B,11500,10.99,0.3,N,3,0
15937,45,30000,RENT,5.0,MEDICAL,D,8000,14.42,0.27,N,15,1
15938,28,100000,MORTGAGE,3.0,VENTURE,A,15000,7.88,0.15,N,9,0
15939,29,80000,OWN,13.0,EDUCATION,B,25000,10.83,0.31,N,9,0
15940,23,60000,RENT,4.0,EDUCATION,C,16000,13.43,0.27,Y,4,0
15941,22,70000,MORTGAGE,6.0,PERSONAL,B,17000,8.88,0.24,N,3,0
15942,31,150000,MORTGAGE,5.0,DEBTCONSOLIDATION,B,20000,9.88,0.13,N,6,0
15943,22,80000,MORTGAGE,6.0,MEDICAL,A,10000,5.79,0.13,N,2,0
15944,24,75000,RENT,9.0,MEDICAL,B,6000,9.91,0.08,N,3,0
15945,25,70000,RENT,1.0,DEBTCONSOLIDATION,A,7200,7.9,0.1,N,3,0
15946,25,132000,MORTGAGE,9.0,HOMEIMPROVEMENT,A,20000,7.9,0.15,N,4,0
15947,24,56100,RENT,7.0,MEDICAL,D,20000,16.49,0.3,Y,4,1
15948,22,27720,RENT,2.0,EDUCATION,C,5000,13.85,0.18,Y,3,0
15949,38,60000,MORTGAGE,18.0,HOMEIMPROVEMENT,B,24000,10.38,0.4,N,14,0
15950,25,44000,RENT,0.0,HOMEIMPROVEMENT,D,6000,14.74,0.14,Y,3,1
15951,25,24000,RENT,0.0,PERSONAL,C,8000,13.85,0.33,N,2,1
15952,28,52000,RENT,2.0,MEDICAL,B,5000,12.42,0.1,N,6,0
15953,22,24449,OWN,2.0,VENTURE,B,1800,11.89,0.07,N,10,0
15954,23,21600,RENT,2.0,EDUCATION,A,5500,6.62,0.25,N,3,0
15955,31,96000,MORTGAGE,5.0,DEBTCONSOLIDATION,B,17000,12.18,0.18,N,6,0
15956,21,58000,OWN,5.0,VENTURE,A,3500,6.76,0.06,N,3,0
15957,23,48000,RENT,2.0,PERSONAL,B,15000,10.65,0.31,N,4,1
15958,39,105000,RENT,15.0,PERSONAL,B,24000,12.21,0.23,N,14,0
15959,26,48000,RENT,4.0,VENTURE,B,12000,11.11,0.25,N,3,0
15960,29,36000,RENT,2.0,PERSONAL,C,9000,13.49,0.25,Y,9,0
15961,30,56000,MORTGAGE,14.0,PERSONAL,B,8000,10.99,0.14,N,10,0
15962,23,128000,MORTGAGE,7.0,EDUCATION,B,3000,11.49,0.02,N,4,0
15963,40,66000,RENT,2.0,VENTURE,D,20000,15.58,0.31,Y,14,1
15964,22,62496,MORTGAGE,6.0,MEDICAL,A,10000,6.91,0.16,N,2,0
15965,24,60000,MORTGAGE,8.0,VENTURE,A,5000,6.99,0.08,N,3,0
15966,37,50000,RENT,1.0,DEBTCONSOLIDATION,A,10000,6.91,0.2,N,16,0
15967,22,50000,RENT,6.0,DEBTCONSOLIDATION,B,12000,10.37,0.24,N,4,0
15968,23,72000,RENT,7.0,VENTURE,D,4500,17.58,0.06,Y,3,0
15969,36,140000,MORTGAGE,20.0,VENTURE,B,20000,12.18,0.14,N,17,0
15970,29,39000,RENT,9.0,EDUCATION,B,1600,10.59,0.04,N,6,0
15971,23,36000,RENT,2.0,DEBTCONSOLIDATION,C,12000,13.79,0.33,N,4,1
15972,22,29000,RENT,6.0,EDUCATION,C,12000,14.27,0.41,N,4,1
15973,23,51996,MORTGAGE,7.0,PERSONAL,A,9600,7.88,0.18,N,3,0
15974,31,65000,MORTGAGE,5.0,DEBTCONSOLIDATION,A,2400,7.74,0.04,N,6,0
15975,21,36000,RENT,3.0,VENTURE,D,1200,15.21,0.03,N,3,0
15976,28,50000,MORTGAGE,3.0,PERSONAL,A,12000,6.62,0.24,N,7,0
15977,21,65000,RENT,2.0,EDUCATION,C,6000,13.8,0.09,Y,4,0
15978,24,100000,RENT,4.0,PERSONAL,B,15000,11.49,0.15,N,2,0
15979,36,90000,RENT,6.0,DEBTCONSOLIDATION,C,5000,14.27,0.06,Y,12,0
15980,24,60000,MORTGAGE,8.0,DEBTCONSOLIDATION,A,5000,7.14,0.08,N,2,0
15981,26,150000,RENT,3.0,HOMEIMPROVEMENT,B,20000,10.59,0.13,N,2,0
15982,26,60000,MORTGAGE,5.0,MEDICAL,C,13000,12.73,0.22,N,2,0
15983,31,84000,RENT,5.0,DEBTCONSOLIDATION,B,17500,11.99,0.19,N,9,0
15984,22,38000,MORTGAGE,0.0,DEBTCONSOLIDATION,A,4000,7.29,0.11,N,3,0
15985,27,42000,RENT,1.0,EDUCATION,A,4500,7.49,0.11,N,8,0
15986,29,65000,MORTGAGE,13.0,HOMEIMPROVEMENT,A,6000,7.14,0.09,N,5,0
15987,31,69996,RENT,12.0,MEDICAL,B,24000,9.62,0.36,N,9,0
15988,23,60000,MORTGAGE,1.0,PERSONAL,B,5125,11.71,0.09,N,4,0
15989,25,50000,MORTGAGE,9.0,HOMEIMPROVEMENT,A,5000,7.88,0.1,N,4,0
15990,24,60000,RENT,8.0,MEDICAL,C,14000,14.65,0.23,N,4,0
15991,23,60000,RENT,0.0,PERSONAL,A,3000,7.9,0.05,N,2,0
15992,23,48996,RENT,2.0,DEBTCONSOLIDATION,A,12000,9.32,0.24,N,4,0
15993,24,65450,RENT,7.0,VENTURE,A,9600,8.49,0.14,N,3,0
15994,23,42000,RENT,7.0,EDUCATION,B,12800,11.83,0.29,N,3,0
15995,31,66000,RENT,15.0,PERSONAL,D,25000,15.7,0.38,Y,10,1
15996,24,47000,MORTGAGE,4.0,VENTURE,A,3000,5.99,0.06,N,3,0
15997,36,60000,RENT,4.0,PERSONAL,C,5000,13.49,0.08,N,15,0
15998,31,80000,RENT,11.0,MEDICAL,B,20000,11.71,0.25,N,5,0
15999,26,85000,RENT,4.0,EDUCATION,A,7000,6.03,0.08,N,3,0
16000,35,75000,RENT,2.0,HOMEIMPROVEMENT,D,21000,17.58,0.28,N,6,0
16001,23,26000,MORTGAGE,1.0,MEDICAL,C,3300,12.87,0.13,Y,3,0
16002,25,84000,RENT,0.0,EDUCATION,D,8000,16.0,0.1,N,4,1
16003,26,38400,RENT,1.0,MEDICAL,D,15000,15.05,0.39,N,2,1
16004,33,100000,MORTGAGE,2.0,EDUCATION,A,14400,7.51,0.14,N,10,0
16005,22,58800,MORTGAGE,7.0,EDUCATION,C,12900,13.79,0.24,N,2,0
16006,26,65000,RENT,7.0,PERSONAL,C,8000,13.48,0.12,N,4,0
16007,26,41004,MORTGAGE,5.0,VENTURE,C,5000,12.73,0.12,N,3,0
16008,24,50000,MORTGAGE,5.0,DEBTCONSOLIDATION,C,8000,13.79,0.16,N,4,0
16009,29,130000,MORTGAGE,13.0,EDUCATION,A,20000,6.91,0.15,N,8,0
16010,29,95000,MORTGAGE,13.0,VENTURE,A,8000,8.59,0.09,N,5,0
16011,30,72000,MORTGAGE,5.0,HOMEIMPROVEMENT,A,4000,7.14,0.06,N,9,0
16012,23,48000,MORTGAGE,0.0,EDUCATION,A,4800,6.62,0.1,N,2,0
16013,27,54000,RENT,5.0,PERSONAL,B,17000,10.99,0.31,N,6,1
16014,23,50000,MORTGAGE,5.0,PERSONAL,A,8000,6.62,0.16,N,3,0
16015,24,55000,RENT,5.0,HOMEIMPROVEMENT,B,3000,9.99,0.05,N,2,0
16016,34,121000,MORTGAGE,7.0,EDUCATION,A,13600,6.17,0.11,N,7,0
16017,29,75000,MORTGAGE,13.0,VENTURE,A,12000,7.51,0.16,N,5,0
16018,24,57000,RENT,4.0,VENTURE,B,1000,9.99,0.02,N,2,0
16019,21,27000,MORTGAGE,5.0,PERSONAL,A,4000,5.79,0.15,N,3,0
16020,37,60000,RENT,4.0,MEDICAL,B,2400,11.99,0.04,N,17,0
16021,33,47900,RENT,6.0,EDUCATION,B,14400,10.74,0.29,N,10,0
16022,42,52000,MORTGAGE,4.0,PERSONAL,A,12000,7.51,0.23,N,16,0
16023,22,70000,OWN,6.0,VENTURE,D,6400,16.77,0.09,Y,3,0
16024,25,80000,RENT,5.0,MEDICAL,B,12000,9.91,0.15,N,3,0
16025,29,33000,RENT,2.0,DEBTCONSOLIDATION,D,8000,14.59,0.24,Y,5,1
16026,27,98000,MORTGAGE,4.0,DEBTCONSOLIDATION,B,6000,9.25,0.06,N,9,0
16027,30,137057,MORTGAGE,3.0,VENTURE,B,4750,12.18,0.03,N,10,0
16028,22,52000,RENT,6.0,EDUCATION,A,10000,7.88,0.19,N,4,0
16029,27,36000,RENT,5.0,MEDICAL,B,10000,9.99,0.28,N,7,0
16030,22,50000,RENT,5.0,EDUCATION,C,5600,13.49,0.11,N,2,0
16031,25,94000,MORTGAGE,2.0,HOMEIMPROVEMENT,B,5000,9.99,0.05,N,2,0
16032,24,27000,OWN,2.0,VENTURE,C,13000,12.29,0.46,N,4,0
16033,22,75000,RENT,3.0,EDUCATION,C,6000,13.49,0.08,Y,2,0
16034,23,38400,RENT,4.0,EDUCATION,A,7750,7.51,0.2,N,2,0
16035,33,135000,OWN,0.0,HOMEIMPROVEMENT,A,25000,6.91,0.19,N,8,0
16036,26,66912,MORTGAGE,10.0,MEDICAL,C,20000,12.73,0.3,N,4,0
16037,28,72000,MORTGAGE,12.0,DEBTCONSOLIDATION,A,12500,7.51,0.17,N,10,0
16038,49,70000,RENT,5.0,MEDICAL,B,15000,10.38,0.21,N,17,0
16039,32,54000,MORTGAGE,2.0,MEDICAL,B,3000,10.99,0.06,N,9,0
16040,60,18008,RENT,1.0,VENTURE,C,3000,13.49,0.17,N,21,1
16041,26,87700,MORTGAGE,10.0,DEBTCONSOLIDATION,A,24000,7.29,0.29,N,4,0
16042,28,45000,RENT,1.0,DEBTCONSOLIDATION,B,9000,12.69,0.2,N,9,0
16043,25,60000,RENT,0.0,DEBTCONSOLIDATION,A,8000,6.62,0.13,N,2,0
16044,41,54000,RENT,4.0,HOMEIMPROVEMENT,C,10000,13.49,0.19,N,12,1
16045,29,120000,MORTGAGE,9.0,PERSONAL,B,5000,10.0,0.04,N,7,0
16046,28,150000,MORTGAGE,5.0,DEBTCONSOLIDATION,B,20000,10.25,0.13,N,10,0
16047,30,61000,RENT,4.0,MEDICAL,B,10000,12.21,0.16,N,8,0
16048,27,80000,MORTGAGE,6.0,MEDICAL,A,12000,5.99,0.15,N,10,0
16049,27,65000,RENT,4.0,VENTURE,C,20000,13.16,0.29,Y,9,0
16050,35,48000,RENT,1.0,DEBTCONSOLIDATION,A,2000,7.29,0.04,N,6,0
16051,36,26400,OWN,2.0,DEBTCONSOLIDATION,A,6000,7.9,0.23,N,14,1
16052,30,56000,MORTGAGE,15.0,PERSONAL,A,12000,6.03,0.21,N,8,0
16053,44,34000,RENT,0.0,PERSONAL,D,14125,14.74,0.37,N,11,1
16054,22,49000,RENT,3.0,MEDICAL,C,7000,15.27,0.14,Y,4,0
16055,32,154000,MORTGAGE,14.0,PERSONAL,B,12000,10.62,0.08,N,6,0
16056,22,26400,RENT,3.0,PERSONAL,B,10000,10.99,0.38,N,2,1
16057,22,45000,RENT,6.0,DEBTCONSOLIDATION,A,5000,5.42,0.11,N,4,0
16058,27,45000,RENT,11.0,VENTURE,B,4000,11.83,0.09,N,7,0
16059,22,36000,MORTGAGE,6.0,EDUCATION,A,5000,5.42,0.14,N,3,0
16060,23,50000,RENT,7.0,EDUCATION,D,25000,14.59,0.5,Y,2,1
16061,33,51996,OWN,1.0,PERSONAL,D,9600,14.74,0.18,N,10,0
16062,22,31200,MORTGAGE,6.0,EDUCATION,D,4200,14.46,0.13,Y,2,1
16063,26,62900,RENT,10.0,MEDICAL,D,12000,15.31,0.16,N,4,1
16064,27,78132,RENT,11.0,DEBTCONSOLIDATION,D,12000,16.0,0.15,Y,8,1
16065,25,83000,MORTGAGE,8.0,PERSONAL,A,5000,7.49,0.06,N,2,1
16066,25,39600,OWN,9.0,VENTURE,A,3000,8.49,0.08,N,4,0
16067,43,43000,MORTGAGE,1.0,DEBTCONSOLIDATION,A,6500,8.49,0.15,N,13,0
16068,28,62000,MORTGAGE,12.0,EDUCATION,A,10750,8.0,0.18,N,6,0
16069,25,39000,RENT,9.0,DEBTCONSOLIDATION,A,9000,7.88,0.22,N,2,0
16070,30,60000,RENT,6.0,PERSONAL,A,12000,6.62,0.2,N,7,0
16071,22,54000,RENT,6.0,MEDICAL,B,6000,10.99,0.11,N,2,0
16072,36,45000,MORTGAGE,4.0,PERSONAL,B,16000,11.12,0.36,N,14,0
16073,22,125004,RENT,6.0,VENTURE,C,20000,12.41,0.16,N,3,0
16074,24,90000,MORTGAGE,0.0,DEBTCONSOLIDATION,C,3200,13.22,0.04,N,4,0
16075,23,62510,MORTGAGE,0.0,EDUCATION,B,12000,10.74,0.19,N,2,0
16076,29,53500,RENT,2.0,VENTURE,A,10000,9.63,0.19,N,6,0
16077,30,36000,RENT,8.0,PERSONAL,A,10000,7.49,0.28,N,10,0
16078,29,48000,RENT,0.0,MEDICAL,B,6000,9.99,0.13,N,8,0
16079,28,45000,MORTGAGE,3.0,EDUCATION,B,10000,12.42,0.22,N,9,0
16080,27,80000,MORTGAGE,4.0,EDUCATION,A,15000,7.51,0.19,N,7,0
16081,33,50000,MORTGAGE,5.0,PERSONAL,A,10000,7.88,0.2,N,9,0
16082,38,55000,MORTGAGE,5.0,VENTURE,C,3000,13.85,0.05,N,12,0
16083,22,70550,RENT,0.0,MEDICAL,D,10000,17.49,0.12,Y,2,1
16084,27,23040,RENT,0.0,DEBTCONSOLIDATION,F,9500,19.04,0.41,Y,7,1
16085,23,120000,MORTGAGE,8.0,VENTURE,A,13000,5.42,0.11,N,2,0
16086,21,24000,RENT,4.0,EDUCATION,D,1200,13.17,0.05,N,3,0
16087,22,45000,RENT,0.0,MEDICAL,A,6000,7.14,0.13,N,4,0
16088,32,64000,RENT,2.0,DEBTCONSOLIDATION,A,7800,8.9,0.12,N,9,1
16089,22,64000,MORTGAGE,6.0,MEDICAL,A,4500,8.9,0.07,N,2,0
16090,23,70000,MORTGAGE,1.0,EDUCATION,D,7000,15.99,0.1,N,3,0
16091,22,26000,RENT,0.0,EDUCATION,A,5000,7.9,0.19,N,2,0
16092,25,38000,MORTGAGE,9.0,MEDICAL,A,2500,7.88,0.07,N,2,0
16093,25,45000,RENT,9.0,VENTURE,A,6500,6.17,0.14,N,4,0
16094,30,48000,RENT,0.0,HOMEIMPROVEMENT,B,3500,10.99,0.07,N,8,0
16095,23,60000,RENT,8.0,PERSONAL,B,10000,11.49,0.17,N,3,0
16096,22,60000,RENT,2.0,DEBTCONSOLIDATION,B,12000,9.91,0.2,N,2,0
16097,28,115000,MORTGAGE,4.0,DEBTCONSOLIDATION,C,8000,13.98,0.07,N,10,0
16098,22,39000,RENT,2.0,PERSONAL,F,5000,19.41,0.13,Y,4,1
16099,23,38000,RENT,1.0,PERSONAL,A,10000,8.59,0.26,N,3,0
16100,24,130000,MORTGAGE,8.0,DEBTCONSOLIDATION,A,5000,6.62,0.04,N,3,0
16101,22,27000,RENT,3.0,MEDICAL,C,7000,14.72,0.26,Y,4,0
16102,35,62004,MORTGAGE,4.0,MEDICAL,A,15000,7.49,0.24,N,9,0
16103,22,43000,RENT,0.0,EDUCATION,B,2400,10.99,0.06,N,2,0
16104,31,90000,MORTGAGE,3.0,DEBTCONSOLIDATION,A,12000,6.99,0.13,N,6,0
16105,25,78000,RENT,6.0,MEDICAL,B,12000,11.86,0.15,N,3,0
16106,23,70000,RENT,7.0,EDUCATION,B,12000,12.69,0.17,N,4,0
16107,31,72467,RENT,1.0,EDUCATION,B,25000,10.74,0.35,N,5,0
16108,26,155400,MORTGAGE,8.0,HOMEIMPROVEMENT,C,6000,13.61,0.04,N,3,0
16109,30,54000,MORTGAGE,2.0,EDUCATION,E,20000,15.13,0.37,N,6,0
16110,36,150000,MORTGAGE,4.0,HOMEIMPROVEMENT,B,20000,10.37,0.13,N,16,0
16111,23,40000,RENT,1.0,PERSONAL,A,10000,6.54,0.25,N,4,0
16112,24,40000,RENT,3.0,DEBTCONSOLIDATION,B,9000,10.59,0.23,N,3,0
16113,26,54000,MORTGAGE,6.0,DEBTCONSOLIDATION,B,5000,11.99,0.09,N,3,0
16114,25,47000,RENT,9.0,MEDICAL,B,5000,9.25,0.11,N,2,0
16115,22,40000,MORTGAGE,6.0,EDUCATION,A,4000,6.03,0.1,N,2,0
16116,25,79618,MORTGAGE,9.0,PERSONAL,C,12000,12.99,0.15,Y,4,0
16117,25,100000,MORTGAGE,9.0,PERSONAL,A,10000,8.59,0.1,N,4,0
16118,27,124000,MORTGAGE,11.0,PERSONAL,A,12000,5.42,0.1,N,6,0
16119,49,48000,MORTGAGE,3.0,PERSONAL,A,9800,7.51,0.2,N,12,0
16120,21,91800,MORTGAGE,5.0,EDUCATION,D,25000,16.77,0.23,Y,3,1
16121,30,50500,RENT,0.0,HOMEIMPROVEMENT,D,4000,15.7,0.08,N,6,1
16122,39,42000,RENT,6.0,MEDICAL,C,2000,13.49,0.05,Y,11,0
16123,33,60000,MORTGAGE,17.0,HOMEIMPROVEMENT,D,16800,15.95,0.29,N,6,0
16124,31,70550,MORTGAGE,0.0,MEDICAL,A,14000,19.04,0.17,N,9,1
16125,24,48000,RENT,1.0,VENTURE,C,6000,12.68,0.13,Y,3,0
16126,34,65000,RENT,5.0,HOMEIMPROVEMENT,B,9000,9.91,0.14,N,8,0
16127,21,48000,MORTGAGE,5.0,VENTURE,C,6000,15.23,0.13,N,2,0
16128,29,85000,RENT,3.0,EDUCATION,C,10000,13.99,0.12,Y,8,0
16129,37,90000,MORTGAGE,15.0,DEBTCONSOLIDATION,A,5000,7.14,0.05,N,13,0
16130,27,45000,RENT,2.0,MEDICAL,C,10000,13.49,0.22,Y,10,0
16131,32,54000,MORTGAGE,16.0,MEDICAL,B,10000,10.65,0.19,N,8,0
16132,28,90000,MORTGAGE,7.0,DEBTCONSOLIDATION,A,12000,7.49,0.13,N,8,0
16133,26,54996,RENT,5.0,HOMEIMPROVEMENT,A,3200,6.76,0.06,N,4,0
16134,29,225000,RENT,0.0,HOMEIMPROVEMENT,A,3500,7.68,0.01,N,7,0
16135,40,43000,MORTGAGE,1.0,MEDICAL,C,13350,12.87,0.31,Y,14,1
16136,23,75000,RENT,0.0,PERSONAL,B,20000,10.39,0.27,N,2,0
16137,29,60000,MORTGAGE,4.0,MEDICAL,B,4750,12.42,0.08,N,6,0
16138,22,50000,MORTGAGE,1.0,DEBTCONSOLIDATION,A,6500,6.17,0.13,N,2,0
16139,26,42000,RENT,5.0,MEDICAL,B,10000,11.71,0.24,N,2,0
16140,22,30000,RENT,3.0,VENTURE,B,3000,12.42,0.1,N,3,0
16141,27,60000,MORTGAGE,5.0,HOMEIMPROVEMENT,C,10000,13.57,0.17,N,9,0
16142,23,45000,RENT,0.0,EDUCATION,B,6000,10.65,0.13,N,4,0
16143,25,57000,RENT,3.0,VENTURE,A,3500,6.03,0.06,N,3,0
16144,28,66000,MORTGAGE,0.0,MEDICAL,B,15000,11.11,0.23,N,10,0
16145,25,70000,MORTGAGE,9.0,PERSONAL,A,15000,7.88,0.21,N,2,0
16146,22,40000,RENT,6.0,VENTURE,B,12000,10.99,0.3,N,4,0
16147,26,72000,RENT,0.0,DEBTCONSOLIDATION,B,14000,11.89,0.19,N,3,0
16148,41,85000,MORTGAGE,19.0,VENTURE,B,8000,11.49,0.09,N,13,0
16149,22,72000,RENT,6.0,PERSONAL,C,12000,13.49,0.17,Y,4,0
16150,24,90000,RENT,3.0,MEDICAL,A,5000,7.9,0.06,N,2,0
16151,25,50000,RENT,9.0,DEBTCONSOLIDATION,C,5000,12.54,0.1,Y,4,0
16152,25,50000,MORTGAGE,0.0,EDUCATION,A,10000,6.03,0.2,N,3,0
16153,25,75500,MORTGAGE,8.0,PERSONAL,B,10000,10.25,0.13,N,2,0
16154,24,75000,MORTGAGE,1.0,EDUCATION,B,19200,12.21,0.26,N,4,0
16155,27,83000,RENT,11.0,VENTURE,B,6500,10.99,0.08,N,6,0
16156,32,80000,RENT,13.0,VENTURE,A,12000,5.79,0.15,N,10,0
16157,25,60500,RENT,9.0,DEBTCONSOLIDATION,D,12000,16.77,0.2,Y,3,1
16158,23,95000,MORTGAGE,3.0,DEBTCONSOLIDATION,B,12000,11.11,0.13,N,4,0
16159,29,35000,RENT,0.0,DEBTCONSOLIDATION,B,4000,10.99,0.11,N,8,0
16160,29,120000,MORTGAGE,7.0,DEBTCONSOLIDATION,B,15000,11.86,0.13,N,5,0
16161,36,49000,MORTGAGE,11.0,DEBTCONSOLIDATION,D,15200,16.0,0.32,Y,15,1
16162,33,87500,RENT,6.0,PERSONAL,B,1600,9.88,0.02,N,7,0
16163,26,70000,MORTGAGE,10.0,VENTURE,C,4200,12.98,0.06,Y,3,0
16164,39,60000,RENT,8.0,MEDICAL,A,10000,7.88,0.17,N,14,0
16165,30,50000,RENT,2.0,VENTURE,B,5000,10.37,0.1,N,9,0
16166,28,60000,MORTGAGE,10.0,PERSONAL,B,15000,11.99,0.25,N,9,0
16167,24,80000,OWN,6.0,VENTURE,A,6500,7.49,0.08,N,3,0
16168,21,35000,RENT,5.0,EDUCATION,B,6000,10.99,0.17,N,4,0
16169,32,52000,RENT,16.0,PERSONAL,B,25000,11.71,0.45,N,10,1
16170,24,50000,OWN,8.0,HOMEIMPROVEMENT,B,10000,12.69,0.2,N,2,0
16171,24,70000,RENT,9.0,VENTURE,D,15000,14.42,0.21,Y,3,0
16172,24,70000,MORTGAGE,7.0,DEBTCONSOLIDATION,A,15000,7.88,0.21,N,4,0
16173,22,36000,RENT,0.0,DEBTCONSOLIDATION,C,1500,13.16,0.04,Y,2,1
16174,22,75000,MORTGAGE,4.0,EDUCATION,B,20000,11.11,0.27,N,2,0
16175,34,28452,RENT,4.0,DEBTCONSOLIDATION,B,1500,11.11,0.05,N,8,0
16176,24,47000,RENT,3.0,PERSONAL,C,3000,13.11,0.06,Y,2,0
16177,21,43200,RENT,3.0,VENTURE,A,6000,6.17,0.14,N,2,0
16178,28,110000,RENT,0.0,DEBTCONSOLIDATION,B,20000,10.38,0.18,N,10,0
16179,27,30000,RENT,2.0,MEDICAL,B,8000,12.42,0.27,N,9,0
16180,23,66000,MORTGAGE,7.0,DEBTCONSOLIDATION,A,3000,7.9,0.05,N,4,0
16181,23,81000,RENT,5.0,MEDICAL,C,6000,13.98,0.07,Y,2,0
16182,27,70000,RENT,3.0,HOMEIMPROVEMENT,A,2000,7.68,0.03,N,9,0
16183,24,94400,MORTGAGE,8.0,MEDICAL,C,35000,15.23,0.37,Y,3,0
16184,32,65000,MORTGAGE,6.0,PERSONAL,A,3600,7.49,0.06,N,5,0
16185,25,39000,RENT,5.0,MEDICAL,D,6000,14.54,0.15,N,4,1
16186,31,30000,RENT,3.0,VENTURE,C,5000,13.92,0.17,N,6,0
16187,24,57000,RENT,8.0,HOMEIMPROVEMENT,A,7500,8.94,0.13,N,2,0
16188,25,50000,RENT,4.0,PERSONAL,B,7500,10.37,0.15,N,2,0
16189,25,150000,MORTGAGE,9.0,PERSONAL,B,25000,9.99,0.17,N,3,0
16190,27,35000,RENT,2.0,EDUCATION,C,3000,13.06,0.08,Y,6,0
16191,28,24000,OWN,4.0,PERSONAL,A,5000,6.03,0.21,N,9,0
16192,40,175500,MORTGAGE,2.0,HOMEIMPROVEMENT,B,10000,12.18,0.06,N,15,0
16193,33,115000,RENT,6.0,EDUCATION,B,12000,12.69,0.11,N,5,0
16194,22,45600,OWN,6.0,VENTURE,C,1800,13.48,0.04,N,2,0
16195,25,80000,MORTGAGE,3.0,DEBTCONSOLIDATION,B,9000,10.59,0.11,N,3,0
16196,32,86004,MORTGAGE,16.0,EDUCATION,C,7000,12.61,0.08,Y,9,0
16197,22,60500,RENT,0.0,MEDICAL,C,5400,15.23,0.09,N,2,1
16198,41,88000,RENT,2.0,EDUCATION,A,15000,5.42,0.17,N,12,0
16199,29,125000,MORTGAGE,3.0,PERSONAL,B,10000,9.91,0.08,N,10,0
16200,30,80000,MORTGAGE,9.0,VENTURE,B,25600,11.99,0.31,N,10,0
16201,22,35000,MORTGAGE,6.0,DEBTCONSOLIDATION,A,9000,5.79,0.26,N,4,0
16202,34,70000,MORTGAGE,7.0,EDUCATION,A,11000,7.29,0.16,N,7,0
16203,25,50000,MORTGAGE,9.0,DEBTCONSOLIDATION,A,12000,6.62,0.24,N,2,0
16204,29,31000,RENT,0.0,HOMEIMPROVEMENT,D,2400,16.77,0.08,Y,10,1
16205,38,35000,MORTGAGE,6.0,MEDICAL,C,4000,13.35,0.11,Y,14,0
16206,30,49000,RENT,2.0,PERSONAL,D,15000,15.31,0.31,Y,10,1
16207,30,55016,RENT,5.0,EDUCATION,B,10000,10.74,0.18,N,5,0
16208,26,72000,MORTGAGE,10.0,PERSONAL,B,8000,10.59,0.11,N,2,0
16209,30,140000,MORTGAGE,2.0,VENTURE,C,24000,13.11,0.16,N,6,0
16210,36,30000,RENT,1.0,EDUCATION,C,5000,13.61,0.17,Y,14,0
16211,23,87000,MORTGAGE,7.0,EDUCATION,B,25000,11.86,0.29,N,4,0
16212,25,48996,RENT,0.0,EDUCATION,B,15000,12.53,0.31,N,4,1
16213,23,36000,MORTGAGE,3.0,MEDICAL,B,5000,11.71,0.14,N,3,0
16214,27,96000,MORTGAGE,7.0,MEDICAL,B,3200,10.37,0.03,N,5,0
16215,32,66000,MORTGAGE,16.0,PERSONAL,A,6125,7.51,0.1,N,10,0
16216,24,63000,MORTGAGE,0.0,MEDICAL,C,18000,13.72,0.29,Y,4,0
16217,23,80000,MORTGAGE,1.0,PERSONAL,C,11000,12.73,0.14,Y,3,0
16218,22,45900,RENT,1.0,MEDICAL,B,10000,10.39,0.22,N,3,0
16219,23,54000,RENT,0.0,EDUCATION,B,12250,11.49,0.24,N,3,0
16220,23,42996,RENT,7.0,EDUCATION,C,2000,13.49,0.05,Y,3,0
16221,24,42000,RENT,1.0,DEBTCONSOLIDATION,B,8500,12.53,0.2,N,2,0
16222,27,62500,MORTGAGE,3.0,MEDICAL,A,7200,6.92,0.12,N,10,0
16223,26,50000,MORTGAGE,9.0,DEBTCONSOLIDATION,A,3000,5.79,0.06,N,2,0
16224,25,35000,RENT,2.0,DEBTCONSOLIDATION,A,7500,7.51,0.21,N,2,0
16225,28,25000,RENT,1.0,VENTURE,B,5600,12.53,0.22,N,6,0
16226,26,31200,RENT,4.0,VENTURE,B,4200,11.99,0.13,N,2,0
16227,24,45000,OWN,8.0,EDUCATION,A,10425,7.9,0.24,N,2,0
16228,28,65004,MORTGAGE,12.0,HOMEIMPROVEMENT,B,5000,11.14,0.08,N,6,0
16229,26,30600,RENT,2.0,EDUCATION,A,14500,7.29,0.45,N,3,1
16230,32,40500,MORTGAGE,0.0,MEDICAL,A,6000,7.74,0.15,N,8,0
16231,26,54000,MORTGAGE,6.0,MEDICAL,B,13500,10.75,0.26,N,2,0
16232,41,49000,MORTGAGE,3.0,MEDICAL,A,6000,7.51,0.12,N,15,0
16233,28,58650,MORTGAGE,5.0,MEDICAL,D,5000,14.11,0.07,Y,7,1
16234,33,40000,RENT,3.0,DEBTCONSOLIDATION,B,8000,12.42,0.2,N,10,0
16235,30,45000,RENT,5.0,MEDICAL,A,10000,6.03,0.22,N,7,0
16236,27,68000,MORTGAGE,3.0,EDUCATION,C,15000,13.48,0.23,N,7,0
16237,21,26400,RENT,0.0,VENTURE,C,2500,13.23,0.09,N,2,0
16238,26,64000,MORTGAGE,10.0,EDUCATION,A,6000,7.51,0.09,N,4,0
16239,30,115000,MORTGAGE,9.0,PERSONAL,D,22000,14.59,0.19,Y,8,0
16240,41,39480,OWN,7.0,PERSONAL,C,1500,13.06,0.04,N,17,0
16241,23,57000,RENT,1.0,EDUCATION,C,9000,13.49,0.16,Y,2,0
16242,28,50000,RENT,2.0,PERSONAL,E,2500,17.19,0.05,Y,8,1
16243,32,40000,RENT,2.0,DEBTCONSOLIDATION,C,8000,13.49,0.2,N,5,0
16244,26,79992,MORTGAGE,10.0,DEBTCONSOLIDATION,B,15000,10.65,0.18,N,4,0
16245,27,120000,MORTGAGE,11.0,MEDICAL,A,10000,6.54,0.08,N,6,0
16246,23,75000,RENT,6.0,DEBTCONSOLIDATION,A,12000,6.03,0.16,N,3,0
16247,22,28800,RENT,5.0,MEDICAL,B,5600,9.99,0.19,N,2,0
16248,25,90000,MORTGAGE,5.0,MEDICAL,B,12000,11.49,0.13,N,3,0
16249,28,82000,MORTGAGE,12.0,HOMEIMPROVEMENT,A,9800,6.76,0.12,N,10,0
16250,38,37500,RENT,3.0,PERSONAL,C,5000,11.03,0.13,Y,17,0
16251,23,38400,MORTGAGE,6.0,EDUCATION,A,5600,7.88,0.15,N,2,0
16252,26,75000,MORTGAGE,0.0,MEDICAL,A,12000,5.79,0.16,N,2,0
16253,44,57000,RENT,11.0,EDUCATION,A,3000,8.0,0.05,N,15,0
16254,22,50000,RENT,4.0,EDUCATION,A,6000,5.42,0.12,N,2,0
16255,34,68340,RENT,9.0,HOMEIMPROVEMENT,D,3500,14.91,0.05,N,6,0
16256,22,55000,MORTGAGE,5.0,DEBTCONSOLIDATION,C,1500,13.49,0.03,N,2,0
16257,25,55000,RENT,9.0,PERSONAL,C,7200,11.03,0.13,N,3,0
16258,23,44000,RENT,7.0,DEBTCONSOLIDATION,D,10000,14.84,0.23,N,4,1
16259,24,51996,RENT,1.0,MEDICAL,A,9600,8.59,0.18,N,4,0
16260,25,128400,MORTGAGE,1.0,MEDICAL,C,35000,13.16,0.29,Y,3,0
16261,22,31200,RENT,7.0,VENTURE,B,2500,10.37,0.08,N,2,0
16262,27,48000,RENT,4.0,MEDICAL,C,4200,15.96,0.09,Y,10,0
16263,22,33996,RENT,2.0,EDUCATION,D,4000,14.74,0.12,Y,3,1
16264,30,60000,MORTGAGE,6.0,PERSONAL,A,5000,7.14,0.09,N,6,0
16265,24,60000,RENT,0.0,MEDICAL,C,10000,12.53,0.17,Y,3,0
16266,31,60000,MORTGAGE,4.0,MEDICAL,A,7000,6.03,0.12,N,10,0
16267,36,85000,MORTGAGE,12.0,HOMEIMPROVEMENT,A,8500,5.42,0.1,N,15,0
16268,24,84996,MORTGAGE,2.0,MEDICAL,A,14000,6.91,0.17,N,4,0
16269,22,65000,RENT,1.0,EDUCATION,B,12000,10.0,0.18,N,3,0
16270,37,61000,RENT,3.0,DEBTCONSOLIDATION,B,1200,10.37,0.02,N,13,0
16271,21,60000,MORTGAGE,2.0,PERSONAL,A,10000,7.88,0.17,N,4,0
16272,22,90000,MORTGAGE,6.0,EDUCATION,C,12000,13.49,0.13,Y,3,0
16273,26,80000,RENT,8.0,DEBTCONSOLIDATION,A,6000,8.9,0.07,N,4,0
16274,23,90000,RENT,1.0,MEDICAL,B,5000,11.49,0.06,N,4,0
16275,24,96000,MORTGAGE,5.0,PERSONAL,B,8000,10.37,0.08,N,4,0
16276,24,48000,RENT,4.0,EDUCATION,B,2000,11.99,0.04,N,3,0
16277,24,60000,MORTGAGE,7.0,DEBTCONSOLIDATION,A,10000,7.51,0.17,N,4,0
16278,25,30000,OWN,9.0,HOMEIMPROVEMENT,B,2100,12.42,0.07,N,2,0
16279,23,30000,MORTGAGE,3.0,DEBTCONSOLIDATION,B,7500,9.99,0.25,N,4,0
16280,23,60000,RENT,2.0,VENTURE,D,2500,14.54,0.04,N,4,1
16281,29,60000,OWN,0.0,EDUCATION,B,10000,11.14,0.17,N,7,0
16282,30,60000,RENT,4.0,MEDICAL,B,10000,10.36,0.17,N,6,0
16283,26,45996,RENT,2.0,VENTURE,B,10000,9.76,0.22,N,4,0
16284,30,60000,MORTGAGE,8.0,MEDICAL,A,2400,7.49,0.03,N,9,0
16285,22,70000,RENT,3.0,MEDICAL,B,2000,11.71,0.03,N,3,0
16286,23,30000,RENT,3.0,EDUCATION,B,7200,12.69,0.24,N,2,1
16287,30,60000,MORTGAGE,6.0,VENTURE,A,8000,6.99,0.13,N,9,0
16288,23,89250,RENT,2.0,MEDICAL,D,25000,14.96,0.22,N,2,1
16289,27,120000,OWN,4.0,PERSONAL,B,8000,12.69,0.07,N,6,0
16290,30,65000,RENT,2.0,DEBTCONSOLIDATION,B,10000,9.99,0.15,N,10,0
16291,22,38400,MORTGAGE,6.0,MEDICAL,C,14000,14.27,0.39,Y,2,0
16292,30,48000,MORTGAGE,0.0,VENTURE,A,6000,6.62,0.13,N,9,0
16293,27,98004,MORTGAGE,11.0,EDUCATION,A,4000,7.49,0.04,N,5,0
16294,29,130000,MORTGAGE,11.0,MEDICAL,B,10000,12.42,0.08,N,10,0
16295,36,54996,RENT,8.0,EDUCATION,B,20000,11.36,0.36,N,14,1
16296,28,74000,OWN,7.0,EDUCATION,C,18000,12.87,0.24,N,9,0
16297,38,35000,RENT,2.0,DEBTCONSOLIDATION,C,8000,12.99,0.23,Y,16,0
16298,22,53000,RENT,6.0,EDUCATION,A,6000,7.9,0.11,N,4,0
16299,34,70000,RENT,3.0,HOMEIMPROVEMENT,E,15000,19.03,0.21,N,10,0
16300,22,43000,MORTGAGE,6.0,MEDICAL,A,18000,6.99,0.41,N,4,0
16301,31,60000,RENT,5.0,EDUCATION,A,8000,7.29,0.13,N,9,0
16302,28,61216,MORTGAGE,11.0,MEDICAL,B,15000,11.71,0.24,N,8,0
16303,25,60000,OWN,9.0,PERSONAL,A,4000,7.9,0.07,N,2,0
16304,24,24000,RENT,3.0,EDUCATION,B,6000,11.49,0.25,N,4,0
16305,29,120000,MORTGAGE,0.0,HOMEIMPROVEMENT,A,15000,6.17,0.13,N,9,0
16306,25,45450,RENT,2.0,MEDICAL,B,4000,11.14,0.09,N,2,0
16307,28,60000,MORTGAGE,12.0,EDUCATION,A,6400,7.68,0.1,N,10,0
16308,22,60000,RENT,6.0,VENTURE,A,5000,6.99,0.08,N,3,0
16309,26,32900,RENT,3.0,HOMEIMPROVEMENT,C,5000,13.98,0.15,Y,2,1
16310,25,55000,RENT,5.0,DEBTCONSOLIDATION,B,6800,10.65,0.12,N,4,0
16311,28,60000,MORTGAGE,12.0,VENTURE,B,5000,10.95,0.08,N,10,0
16312,30,46654,MORTGAGE,14.0,EDUCATION,A,12000,8.9,0.26,N,10,0
16313,28,100000,MORTGAGE,0.0,PERSONAL,A,20000,6.91,0.2,N,8,0
16314,27,74000,MORTGAGE,6.0,PERSONAL,A,15000,6.99,0.2,N,10,0
16315,24,78500,RENT,8.0,EDUCATION,B,8000,11.14,0.1,N,4,0
16316,22,30000,RENT,0.0,VENTURE,B,4800,11.49,0.16,N,2,0
16317,35,60000,OWN,4.0,PERSONAL,A,5000,7.9,0.08,N,8,0
16318,22,39000,MORTGAGE,4.0,DEBTCONSOLIDATION,A,10000,8.9,0.26,N,3,1
16319,29,54000,MORTGAGE,6.0,HOMEIMPROVEMENT,A,5500,8.49,0.1,N,5,0
16320,30,60000,RENT,6.0,VENTURE,D,20000,12.61,0.33,N,7,1
16321,23,51000,RENT,3.0,MEDICAL,D,12000,14.09,0.24,N,4,1
16322,22,24000,RENT,2.0,VENTURE,B,3000,11.49,0.13,N,3,0
16323,22,46000,RENT,7.0,MEDICAL,B,9000,10.65,0.2,N,2,0
16324,24,66500,RENT,3.0,HOMEIMPROVEMENT,C,16000,12.53,0.24,N,4,0
16325,31,101000,RENT,3.0,HOMEIMPROVEMENT,C,20000,13.11,0.2,Y,5,0
16326,26,104550,MORTGAGE,5.0,MEDICAL,D,24000,15.21,0.2,N,4,1
16327,35,59500,RENT,6.0,PERSONAL,B,1200,10.59,0.02,N,10,0
16328,24,30000,RENT,2.0,DEBTCONSOLIDATION,A,5000,8.94,0.17,N,4,0
16329,22,32400,RENT,0.0,VENTURE,D,7500,13.24,0.23,N,2,1
16330,25,23000,RENT,2.0,MEDICAL,C,6000,13.22,0.27,Y,3,0
16331,35,86000,MORTGAGE,5.0,DEBTCONSOLIDATION,E,15000,16.4,0.17,N,9,1
16332,23,70000,MORTGAGE,2.0,EDUCATION,E,9000,15.45,0.13,N,4,0
16333,26,56000,MORTGAGE,0.0,HOMEIMPROVEMENT,D,17000,14.09,0.31,N,2,1
16334,24,50000,RENT,5.0,HOMEIMPROVEMENT,A,4000,5.99,0.08,N,3,0
16335,22,78000,MORTGAGE,1.0,HOMEIMPROVEMENT,C,20000,14.26,0.26,Y,3,1
16336,22,95620,MORTGAGE,2.0,EDUCATION,A,12500,9.38,0.13,N,2,0
16337,29,45000,RENT,1.0,EDUCATION,C,10000,12.73,0.22,N,5,0
16338,27,170000,MORTGAGE,11.0,PERSONAL,D,25000,15.31,0.15,Y,8,0
16339,22,60000,MORTGAGE,6.0,MEDICAL,A,6000,7.51,0.1,N,4,0
16340,37,90000,MORTGAGE,12.0,PERSONAL,A,10000,7.88,0.11,N,16,0
16341,30,45600,RENT,5.0,PERSONAL,B,10400,10.36,0.23,N,5,0
16342,22,45000,RENT,4.0,VENTURE,A,6000,6.91,0.13,N,4,0
16343,29,56000,MORTGAGE,12.0,DEBTCONSOLIDATION,A,12000,9.63,0.21,N,7,0
16344,25,60000,RENT,4.0,EDUCATION,A,3000,7.51,0.05,N,3,0
16345,25,48000,RENT,9.0,MEDICAL,C,3500,13.16,0.07,N,3,0
16346,24,77000,MORTGAGE,6.0,EDUCATION,B,15000,11.71,0.19,N,4,0
16347,25,30000,RENT,2.0,MEDICAL,D,10000,15.95,0.33,N,2,1
16348,32,52000,MORTGAGE,3.0,EDUCATION,A,7000,7.49,0.13,N,9,0
16349,23,54000,RENT,1.0,MEDICAL,B,12000,10.99,0.22,N,3,0
16350,40,59000,RENT,2.0,MEDICAL,D,4000,14.96,0.07,N,13,1
16351,24,60000,RENT,7.0,DEBTCONSOLIDATION,B,13000,11.71,0.22,N,3,0
16352,32,90000,MORTGAGE,3.0,EDUCATION,B,25000,11.36,0.28,N,9,0
16353,26,99000,RENT,3.0,PERSONAL,D,8000,15.28,0.08,N,3,0
16354,28,60000,MORTGAGE,12.0,VENTURE,A,2500,7.14,0.04,N,5,0
16355,22,50000,MORTGAGE,5.0,VENTURE,A,6000,6.03,0.12,N,4,0
16356,22,67202,MORTGAGE,6.0,EDUCATION,A,10000,7.51,0.15,N,2,0
16357,22,52800,MORTGAGE,7.0,PERSONAL,D,6000,14.54,0.11,Y,2,0
16358,24,48000,MORTGAGE,2.0,DEBTCONSOLIDATION,C,6000,12.84,0.13,Y,4,0
16359,32,75000,MORTGAGE,3.0,VENTURE,A,15600,6.17,0.21,N,8,0
16360,24,72000,MORTGAGE,7.0,PERSONAL,B,5000,11.36,0.07,N,4,0
16361,26,48000,MORTGAGE,3.0,VENTURE,A,5400,7.29,0.11,N,4,0
16362,24,73000,RENT,3.0,MEDICAL,B,8000,9.91,0.11,N,4,0
16363,22,60000,RENT,6.0,EDUCATION,C,5000,12.99,0.08,N,4,0
16364,27,69000,RENT,6.0,EDUCATION,D,6800,15.65,0.1,Y,8,1
16365,24,35000,RENT,3.0,EDUCATION,B,8000,9.91,0.23,N,4,0
16366,26,70000,MORTGAGE,10.0,PERSONAL,A,9000,9.63,0.13,N,4,0
16367,27,220836,MORTGAGE,11.0,DEBTCONSOLIDATION,A,6000,5.42,0.03,N,7,0
16368,22,50000,MORTGAGE,0.0,DEBTCONSOLIDATION,A,6000,5.99,0.12,N,4,0
16369,24,60000,RENT,1.0,VENTURE,B,2400,10.99,0.04,N,2,0
16370,22,48000,RENT,1.0,MEDICAL,C,2000,15.27,0.04,N,3,0
16371,31,58000,RENT,2.0,MEDICAL,C,15000,13.47,0.26,Y,7,0
16372,32,60000,RENT,3.0,PERSONAL,D,10000,14.74,0.17,Y,9,0
16373,22,30000,RENT,6.0,DEBTCONSOLIDATION,A,5600,6.62,0.19,N,4,0
16374,23,46700,RENT,3.0,PERSONAL,C,9000,13.48,0.19,Y,3,0
16375,26,36000,MORTGAGE,1.0,DEBTCONSOLIDATION,A,1000,5.42,0.03,N,2,0
16376,23,74000,MORTGAGE,7.0,VENTURE,A,10000,7.49,0.14,N,2,0
16377,25,54000,RENT,2.0,HOMEIMPROVEMENT,C,5000,13.98,0.09,N,3,1
16378,36,54400,RENT,24.0,MEDICAL,A,6000,9.63,0.09,N,17,1
16379,27,54000,RENT,0.0,EDUCATION,B,3000,11.36,0.06,N,7,0
16380,29,115000,MORTGAGE,3.0,MEDICAL,C,24000,13.49,0.21,N,9,0
16381,26,130000,MORTGAGE,7.0,VENTURE,B,12000,12.21,0.09,N,4,0
16382,26,33000,MORTGAGE,3.0,DEBTCONSOLIDATION,A,6000,7.51,0.18,N,3,0
16383,35,60000,OWN,0.0,VENTURE,A,3000,7.4,0.05,N,7,0
16384,32,85000,RENT,0.0,VENTURE,B,5000,10.99,0.06,N,8,0
16385,30,150000,MORTGAGE,8.0,PERSONAL,A,10000,9.63,0.07,N,9,0
16386,23,90000,MORTGAGE,1.0,MEDICAL,B,4600,11.71,0.05,N,3,0
16387,33,53500,RENT,1.0,HOMEIMPROVEMENT,B,5000,9.76,0.09,N,5,0
16388,28,65000,MORTGAGE,12.0,EDUCATION,A,10000,6.03,0.15,N,6,0
16389,23,110000,MORTGAGE,7.0,VENTURE,B,5000,10.74,0.05,N,2,0
16390,25,50000,MORTGAGE,8.0,HOMEIMPROVEMENT,B,6400,10.37,0.13,N,2,0
16391,25,20000,RENT,0.0,MEDICAL,C,5000,12.87,0.25,Y,3,0
16392,26,70000,RENT,10.0,PERSONAL,A,10000,7.51,0.14,N,3,0
16393,35,41235,MORTGAGE,12.0,VENTURE,A,3000,7.88,0.07,N,7,0
16394,24,120000,RENT,8.0,PERSONAL,D,8000,15.05,0.07,Y,2,0
16395,25,60000,MORTGAGE,9.0,VENTURE,B,12000,10.37,0.2,N,4,0
16396,28,39600,RENT,5.0,PERSONAL,D,10000,15.99,0.25,Y,7,0
16397,25,43000,RENT,1.0,MEDICAL,B,3000,11.83,0.07,N,4,0
16398,34,40000,RENT,2.0,DEBTCONSOLIDATION,B,3500,10.59,0.09,N,9,0
16399,25,62000,RENT,5.0,EDUCATION,C,13200,12.99,0.21,Y,4,0
16400,24,36021,RENT,8.0,DEBTCONSOLIDATION,C,5500,13.16,0.15,Y,2,1
16401,22,30000,RENT,0.0,PERSONAL,B,5000,10.36,0.17,N,2,0
16402,29,101000,MORTGAGE,3.0,PERSONAL,E,20000,17.39,0.2,N,5,0
16403,38,84000,RENT,5.0,PERSONAL,A,10000,7.51,0.12,N,12,0
16404,23,30000,RENT,3.0,MEDICAL,A,5000,8.49,0.17,N,3,0
16405,37,103000,MORTGAGE,6.0,VENTURE,A,18000,7.88,0.17,N,15,0
16406,24,56000,RENT,5.0,DEBTCONSOLIDATION,B,4200,10.59,0.07,N,3,0
16407,24,80000,MORTGAGE,3.0,DEBTCONSOLIDATION,B,4000,9.99,0.05,N,4,0
16408,26,60000,MORTGAGE,10.0,DEBTCONSOLIDATION,A,12000,7.66,0.2,N,4,0
16409,34,38500,MORTGAGE,5.0,DEBTCONSOLIDATION,B,2600,10.75,0.07,N,8,0
16410,29,35000,MORTGAGE,11.0,EDUCATION,B,7500,10.37,0.21,N,6,0
16411,23,50000,OWN,7.0,VENTURE,A,8000,5.42,0.16,N,4,0
16412,34,72000,MORTGAGE,18.0,DEBTCONSOLIDATION,A,5000,6.76,0.07,N,10,0
16413,22,65000,MORTGAGE,6.0,EDUCATION,C,8000,13.49,0.12,N,2,0
16414,28,28000,RENT,5.0,EDUCATION,D,1000,14.84,0.04,N,6,0
16415,29,40000,RENT,4.0,VENTURE,B,6000,12.42,0.15,N,9,0
16416,27,105000,MORTGAGE,11.0,VENTURE,A,20000,6.62,0.19,N,10,0
16417,21,81600,MORTGAGE,2.0,PERSONAL,B,7200,12.18,0.09,N,4,0
16418,28,73500,OWN,12.0,HOMEIMPROVEMENT,B,10000,9.88,0.14,N,5,0
16419,29,62000,MORTGAGE,4.0,MEDICAL,A,9200,6.03,0.15,N,6,0
16420,24,60000,MORTGAGE,8.0,VENTURE,C,7500,11.34,0.13,Y,3,0
16421,28,33000,RENT,0.0,MEDICAL,C,13000,13.57,0.4,N,6,1
16422,24,85000,MORTGAGE,1.0,PERSONAL,A,10000,6.62,0.12,N,4,0
16423,22,40000,MORTGAGE,6.0,MEDICAL,C,10000,13.98,0.25,Y,3,0
16424,22,40000,MORTGAGE,0.0,MEDICAL,B,4000,11.83,0.1,N,3,0
16425,24,95000,MORTGAGE,4.0,VENTURE,A,7375,5.79,0.08,N,4,0
16426,23,56000,RENT,7.0,MEDICAL,B,5600,10.99,0.09,N,2,0
16427,32,90000,RENT,5.0,EDUCATION,C,14000,13.85,0.16,Y,5,0
16428,27,50000,RENT,0.0,DEBTCONSOLIDATION,C,6000,14.72,0.12,N,5,0
16429,28,60000,RENT,3.0,PERSONAL,B,10000,11.71,0.17,N,5,0
16430,30,99996,MORTGAGE,3.0,PERSONAL,D,7000,14.96,0.07,N,9,0
16431,27,100000,MORTGAGE,11.0,VENTURE,A,20000,6.91,0.2,N,8,0
16432,25,100000,RENT,9.0,VENTURE,C,5000,13.99,0.05,N,2,0
16433,48,14400,RENT,0.0,VENTURE,D,4800,16.29,0.34,Y,12,1
16434,31,50000,MORTGAGE,5.0,EDUCATION,A,6000,7.14,0.12,N,7,0
16435,25,38004,RENT,3.0,VENTURE,B,4500,12.18,0.12,N,2,0
16436,25,320000,MORTGAGE,2.0,DEBTCONSOLIDATION,A,28000,7.49,0.09,N,4,0
16437,24,42000,OWN,9.0,MEDICAL,B,6000,9.99,0.14,N,4,0
16438,24,56000,MORTGAGE,8.0,EDUCATION,A,10000,8.59,0.18,N,4,0
16439,31,54000,RENT,15.0,MEDICAL,A,6000,8.49,0.11,N,5,1
16440,27,108000,RENT,0.0,HOMEIMPROVEMENT,D,10000,14.91,0.09,Y,5,1
16441,27,135000,MORTGAGE,4.0,DEBTCONSOLIDATION,A,10000,7.74,0.07,N,6,0
16442,41,50000,RENT,5.0,VENTURE,A,12000,7.66,0.24,N,17,0
16443,30,200000,MORTGAGE,3.0,HOMEIMPROVEMENT,B,25000,10.99,0.13,N,7,0
16444,23,30000,RENT,2.0,VENTURE,E,2400,16.0,0.08,Y,2,1
16445,21,36000,MORTGAGE,5.0,PERSONAL,A,7800,5.42,0.22,N,3,0
16446,26,95000,RENT,12.0,PERSONAL,C,12000,13.49,0.13,Y,3,0
16447,32,200000,MORTGAGE,16.0,VENTURE,A,10000,5.42,0.05,N,9,0
16448,25,24000,RENT,2.0,EDUCATION,B,4000,12.18,0.17,N,4,0
16449,37,84000,MORTGAGE,15.0,EDUCATION,A,10000,6.03,0.12,N,11,0
16450,23,30000,RENT,6.0,HOMEIMPROVEMENT,D,1000,14.96,0.03,Y,4,1
16451,29,60000,MORTGAGE,6.0,DEBTCONSOLIDATION,A,8000,7.88,0.13,N,8,0
16452,21,48000,RENT,5.0,EDUCATION,B,7200,9.91,0.15,N,2,0
16453,23,84000,MORTGAGE,7.0,DEBTCONSOLIDATION,A,7200,6.92,0.09,N,2,0
16454,24,130000,RENT,5.0,MEDICAL,C,4000,13.35,0.03,Y,4,0
16455,23,55000,RENT,5.0,VENTURE,C,13800,13.49,0.25,Y,4,0
16456,29,38000,RENT,13.0,MEDICAL,C,8000,13.06,0.21,Y,8,0
16457,29,96640,OTHER,8.0,EDUCATION,B,25000,11.58,0.26,N,6,0
16458,39,52000,MORTGAGE,5.0,EDUCATION,A,12000,7.88,0.23,N,11,0
16459,33,62400,RENT,1.0,DEBTCONSOLIDATION,E,9500,16.35,0.14,Y,9,1
16460,33,40000,RENT,0.0,PERSONAL,B,12000,10.71,0.3,N,7,1
16461,31,115000,MORTGAGE,6.0,HOMEIMPROVEMENT,B,18000,9.76,0.15,N,8,0
16462,23,73500,RENT,0.0,DEBTCONSOLIDATION,A,14000,7.88,0.19,N,3,0
16463,25,30000,RENT,0.0,EDUCATION,C,6500,14.35,0.22,Y,3,0
16464,23,48000,RENT,4.0,VENTURE,C,1500,12.99,0.03,N,2,0
16465,31,35000,RENT,2.0,EDUCATION,B,5000,11.49,0.14,N,5,0
16466,21,30000,RENT,5.0,PERSONAL,B,10800,9.63,0.35,N,2,1
16467,23,50000,MORTGAGE,4.0,MEDICAL,A,7000,7.49,0.14,N,2,0
16468,27,60000,RENT,5.0,VENTURE,C,5000,13.57,0.08,N,5,0
16469,22,39314,RENT,6.0,DEBTCONSOLIDATION,D,5000,16.77,0.13,Y,4,1
16470,39,26000,RENT,2.0,PERSONAL,D,10000,16.32,0.38,Y,14,1
16471,30,72000,RENT,7.0,PERSONAL,D,1600,14.83,0.02,Y,7,1
16472,35,25000,RENT,4.0,DEBTCONSOLIDATION,B,8000,11.48,0.32,N,10,1
16473,27,42000,RENT,3.0,HOMEIMPROVEMENT,A,5000,7.49,0.12,N,7,1
16474,24,45000,RENT,7.0,MEDICAL,B,3000,11.99,0.07,N,2,0
16475,23,19000,RENT,0.0,PERSONAL,F,5000,21.36,0.26,N,3,1
16476,24,75000,MORTGAGE,3.0,HOMEIMPROVEMENT,A,2400,7.9,0.03,N,2,0
16477,27,70000,MORTGAGE,0.0,PERSONAL,A,3000,6.39,0.04,N,8,0
16478,23,84000,MORTGAGE,5.0,PERSONAL,B,20000,10.99,0.24,N,4,0
16479,23,46704,RENT,0.0,MEDICAL,C,9000,13.16,0.19,N,3,0
16480,24,50000,RENT,0.0,DEBTCONSOLIDATION,A,9000,6.62,0.18,N,4,0
16481,23,50000,RENT,0.0,DEBTCONSOLIDATION,B,4000,10.59,0.08,N,3,0
16482,22,85000,MORTGAGE,4.0,PERSONAL,B,3500,10.59,0.04,N,3,0
16483,27,35000,RENT,0.0,PERSONAL,A,8000,6.03,0.23,N,6,0
16484,27,37000,MORTGAGE,4.0,HOMEIMPROVEMENT,B,10000,10.99,0.27,N,6,1
16485,27,69500,MORTGAGE,5.0,DEBTCONSOLIDATION,B,6000,10.75,0.09,N,9,0
16486,26,45900,MORTGAGE,10.0,EDUCATION,C,11500,13.79,0.25,N,3,1
16487,36,55000,OTHER,0.0,PERSONAL,A,7000,8.0,0.13,N,14,0
16488,23,44000,MORTGAGE,7.0,PERSONAL,C,9600,13.98,0.22,Y,3,1
16489,31,150000,MORTGAGE,0.0,MEDICAL,A,15000,7.88,0.1,N,5,0
16490,33,105000,MORTGAGE,3.0,EDUCATION,B,15000,11.49,0.14,N,9,0
16491,42,41000,RENT,6.0,MEDICAL,B,7000,10.36,0.17,N,14,0
16492,23,55000,RENT,2.0,PERSONAL,A,3250,7.68,0.06,N,2,0
16493,43,35000,RENT,4.0,PERSONAL,C,10000,13.92,0.29,N,16,0
16494,36,50000,RENT,6.0,VENTURE,B,17000,11.71,0.34,N,12,1
16495,24,25000,RENT,1.0,VENTURE,B,5000,12.69,0.2,N,3,1
16496,27,65000,MORTGAGE,7.0,MEDICAL,A,9000,5.99,0.14,N,7,0
16497,28,29000,RENT,2.0,EDUCATION,C,5000,12.42,0.17,N,9,1
16498,30,62000,RENT,6.0,MEDICAL,C,8000,11.03,0.13,N,10,0
16499,24,34800,RENT,3.0,VENTURE,B,2000,11.71,0.06,N,4,0
16500,27,155000,MORTGAGE,11.0,VENTURE,A,18000,7.51,0.12,N,10,0
16501,41,60000,MORTGAGE,18.0,MEDICAL,A,8800,6.03,0.15,N,15,0
16502,23,30000,RENT,1.0,PERSONAL,C,14000,13.57,0.47,Y,2,1
16503,23,92000,MORTGAGE,1.0,MEDICAL,A,12000,6.62,0.13,N,4,0
16504,27,100000,MORTGAGE,11.0,VENTURE,D,10000,14.74,0.1,Y,5,0
16505,37,42996,RENT,7.0,PERSONAL,A,6000,6.76,0.14,N,12,0
16506,27,90000,MORTGAGE,0.0,PERSONAL,B,10000,11.58,0.11,N,6,0
16507,22,44004,RENT,2.0,PERSONAL,D,5000,15.05,0.11,Y,4,1
16508,32,84996,RENT,7.0,DEBTCONSOLIDATION,C,7000,12.99,0.08,N,7,0
16509,22,38000,MORTGAGE,5.0,MEDICAL,B,5000,9.99,0.13,N,2,0
16510,40,30000,RENT,4.0,PERSONAL,A,6000,7.49,0.2,N,14,0
16511,38,48996,RENT,0.0,DEBTCONSOLIDATION,C,5000,13.79,0.1,Y,14,0
16512,24,66000,MORTGAGE,8.0,MEDICAL,C,17500,13.85,0.27,Y,4,0
16513,35,48000,RENT,9.0,MEDICAL,B,16000,12.18,0.31,N,5,1
16514,23,60000,RENT,2.0,EDUCATION,A,5000,6.03,0.08,N,4,0
16515,22,35000,RENT,3.0,EDUCATION,C,3500,12.53,0.1,Y,3,0
16516,43,70000,MORTGAGE,5.0,HOMEIMPROVEMENT,B,20000,10.25,0.3,N,16,0
16517,30,57000,RENT,11.0,MEDICAL,C,7000,11.97,0.12,N,9,0
16518,35,84000,OWN,12.0,DEBTCONSOLIDATION,B,15000,11.11,0.18,N,5,0
16519,27,38000,OWN,11.0,HOMEIMPROVEMENT,E,11000,17.74,0.29,Y,8,0
16520,23,63000,RENT,7.0,MEDICAL,B,6000,11.99,0.1,N,3,0
16521,24,53000,OWN,3.0,VENTURE,B,15000,11.14,0.28,N,3,0
16522,32,34000,RENT,1.0,DEBTCONSOLIDATION,A,6000,5.42,0.18,N,7,0
16523,26,45000,RENT,2.0,PERSONAL,C,5000,14.35,0.11,Y,4,0
16524,22,45204,RENT,6.0,EDUCATION,A,8000,8.0,0.18,N,2,0
16525,27,150000,RENT,2.0,MEDICAL,A,12000,7.88,0.08,N,6,0
16526,25,42000,MORTGAGE,9.0,HOMEIMPROVEMENT,A,3200,6.92,0.08,N,2,0
16527,28,85000,MORTGAGE,0.0,DEBTCONSOLIDATION,B,5000,12.21,0.06,N,5,0
16528,27,45000,RENT,11.0,DEBTCONSOLIDATION,A,9000,6.91,0.2,N,8,0
16529,21,30000,RENT,6.0,PERSONAL,B,8000,9.76,0.27,N,3,0
16530,27,130000,MORTGAGE,11.0,HOMEIMPROVEMENT,B,7000,11.83,0.05,N,7,0
16531,25,65000,MORTGAGE,9.0,EDUCATION,B,15000,11.36,0.23,N,4,0
16532,29,75000,MORTGAGE,7.0,HOMEIMPROVEMENT,B,6000,10.75,0.08,N,6,0
16533,26,180000,MORTGAGE,3.0,VENTURE,A,5000,8.49,0.03,N,4,0
16534,29,180000,MORTGAGE,2.0,HOMEIMPROVEMENT,A,10050,8.0,0.05,N,8,0
16535,28,48000,RENT,12.0,MEDICAL,B,12000,10.65,0.25,N,7,0
16536,26,70000,RENT,4.0,EDUCATION,C,6000,13.85,0.09,N,4,0
16537,25,54000,MORTGAGE,8.0,EDUCATION,A,10000,7.49,0.19,N,4,0
16538,36,30000,RENT,2.0,DEBTCONSOLIDATION,B,3000,10.25,0.1,N,17,0
16539,39,120000,MORTGAGE,3.0,VENTURE,B,6000,11.49,0.05,N,14,0
16540,23,39996,RENT,1.0,DEBTCONSOLIDATION,C,10000,13.61,0.25,N,3,0
16541,23,68004,MORTGAGE,7.0,EDUCATION,B,16000,10.99,0.24,N,2,0
16542,27,60000,MORTGAGE,6.0,VENTURE,A,4500,7.49,0.07,N,9,0
16543,22,30000,RENT,4.0,DEBTCONSOLIDATION,A,9800,7.51,0.34,N,4,1
16544,25,150000,MORTGAGE,9.0,HOMEIMPROVEMENT,A,12000,7.88,0.08,N,2,0
16545,24,105000,RENT,0.0,EDUCATION,B,10000,11.83,0.09,N,3,0
16546,38,55000,MORTGAGE,1.0,DEBTCONSOLIDATION,C,10000,12.73,0.18,N,16,0
16547,41,39996,RENT,2.0,DEBTCONSOLIDATION,C,5000,13.23,0.13,Y,14,0
16548,32,150000,RENT,0.0,DEBTCONSOLIDATION,B,24000,10.74,0.16,N,10,0
16549,36,120000,MORTGAGE,15.0,HOMEIMPROVEMENT,B,14000,9.99,0.12,N,15,0
16550,23,55000,RENT,7.0,PERSONAL,B,20000,10.65,0.36,N,2,1
16551,24,39000,RENT,6.0,VENTURE,A,3500,8.49,0.09,N,2,0
16552,27,110000,MORTGAGE,2.0,DEBTCONSOLIDATION,A,8500,7.14,0.08,N,6,0
16553,25,30000,RENT,0.0,PERSONAL,A,6000,9.63,0.2,N,2,0
16554,26,80000,MORTGAGE,2.0,DEBTCONSOLIDATION,B,5000,9.91,0.06,N,2,0
16555,25,150000,MORTGAGE,9.0,VENTURE,B,12000,10.37,0.08,N,3,0
16556,28,50000,RENT,6.0,EDUCATION,B,4000,10.0,0.08,N,9,0
16557,24,29120,RENT,0.0,DEBTCONSOLIDATION,B,6400,9.99,0.22,N,2,0
16558,23,30000,RENT,2.0,MEDICAL,D,5000,16.32,0.17,Y,4,1
16559,27,29004,RENT,1.0,EDUCATION,A,6000,8.0,0.21,N,8,0
16560,24,80000,RENT,8.0,HOMEIMPROVEMENT,A,10000,6.62,0.13,N,4,0
16561,24,33000,RENT,0.0,MEDICAL,A,8125,8.49,0.25,N,2,0
16562,23,35004,RENT,0.0,VENTURE,B,3000,11.49,0.09,N,3,0
16563,21,30000,RENT,4.0,VENTURE,B,14000,11.26,0.47,N,2,1
16564,31,110000,MORTGAGE,15.0,EDUCATION,B,7500,11.89,0.07,N,10,0
16565,28,80000,MORTGAGE,12.0,VENTURE,A,12000,7.49,0.15,N,9,0
16566,40,102000,MORTGAGE,4.0,EDUCATION,A,6000,7.51,0.06,N,11,0
16567,23,38000,RENT,7.0,EDUCATION,C,15000,13.49,0.39,Y,2,1
16568,34,48000,MORTGAGE,8.0,VENTURE,B,15000,10.99,0.31,N,10,0
16569,48,36600,MORTGAGE,18.0,EDUCATION,A,6000,5.99,0.16,N,15,0
16570,24,72000,RENT,0.0,DEBTCONSOLIDATION,A,6000,7.29,0.08,N,2,0
16571,23,34000,RENT,1.0,HOMEIMPROVEMENT,D,5600,14.96,0.16,Y,4,1
16572,22,55000,MORTGAGE,3.0,DEBTCONSOLIDATION,B,8000,12.21,0.15,N,3,0
16573,43,62000,RENT,0.0,VENTURE,B,8000,11.14,0.13,N,13,0
16574,26,70000,MORTGAGE,6.0,MEDICAL,C,6000,12.99,0.09,N,2,0
16575,22,69996,MORTGAGE,6.0,DEBTCONSOLIDATION,B,11000,11.86,0.16,N,2,0
16576,25,60000,MORTGAGE,9.0,PERSONAL,A,3600,6.99,0.06,N,4,0
16577,23,70000,MORTGAGE,1.0,MEDICAL,A,5000,6.03,0.07,N,4,0
16578,22,70000,MORTGAGE,2.0,MEDICAL,B,18000,10.65,0.26,N,4,0
16579,34,60000,MORTGAGE,3.0,MEDICAL,A,7000,6.54,0.12,N,8,0
16580,23,30000,RENT,0.0,PERSONAL,A,3000,8.94,0.1,N,3,0
16581,25,45200,RENT,2.0,PERSONAL,C,12000,13.48,0.27,N,4,0
16582,27,48000,OWN,11.0,EDUCATION,A,12000,5.99,0.25,N,5,0
16583,27,68000,MORTGAGE,11.0,VENTURE,A,10700,7.88,0.16,N,5,0
16584,26,45000,RENT,3.0,PERSONAL,A,3000,7.51,0.07,N,4,0
16585,27,60000,MORTGAGE,13.0,VENTURE,A,8000,6.99,0.13,N,6,0
16586,22,60500,RENT,3.0,EDUCATION,C,8000,12.84,0.13,Y,2,0
16587,25,80004,RENT,0.0,DEBTCONSOLIDATION,C,2000,14.26,0.02,N,2,0
16588,32,60000,MORTGAGE,16.0,HOMEIMPROVEMENT,B,8000,10.39,0.13,N,7,0
16589,25,56000,MORTGAGE,5.0,DEBTCONSOLIDATION,C,12000,15.27,0.21,Y,3,1
16590,22,38000,OWN,6.0,EDUCATION,B,5500,9.99,0.14,N,2,0
16591,21,43000,MORTGAGE,0.0,EDUCATION,A,10000,8.94,0.23,N,4,0
16592,30,250000,MORTGAGE,14.0,DEBTCONSOLIDATION,A,25000,7.88,0.1,N,5,0
16593,26,60000,MORTGAGE,6.0,PERSONAL,B,12000,9.63,0.2,N,3,0
16594,33,39480,MORTGAGE,6.0,EDUCATION,A,7200,7.51,0.18,N,7,0
16595,22,25000,OWN,3.0,VENTURE,C,4800,12.98,0.19,Y,4,0
16596,29,110000,MORTGAGE,1.0,HOMEIMPROVEMENT,A,7000,5.79,0.06,N,10,0
16597,28,24000,OWN,5.0,MEDICAL,A,2000,6.76,0.08,N,7,0
16598,25,32000,MORTGAGE,1.0,MEDICAL,A,4000,7.68,0.12,N,4,0
16599,22,48000,MORTGAGE,6.0,VENTURE,A,14000,6.62,0.3,N,2,0
16600,24,26500,RENT,6.0,MEDICAL,C,6000,12.29,0.23,N,3,0
16601,23,60000,MORTGAGE,1.0,DEBTCONSOLIDATION,A,5000,7.14,0.08,N,4,0
16602,35,60000,MORTGAGE,2.0,DEBTCONSOLIDATION,D,13000,15.95,0.22,N,7,1
16603,26,65379,MORTGAGE,10.0,HOMEIMPROVEMENT,B,10000,11.86,0.15,N,3,0
16604,22,60000,RENT,3.0,EDUCATION,B,14000,10.37,0.23,N,3,0
16605,22,40000,MORTGAGE,4.0,MEDICAL,B,1500,10.37,0.04,N,2,0
16606,23,75000,RENT,5.0,EDUCATION,B,10000,10.0,0.13,N,4,0
16607,22,90000,MORTGAGE,2.0,EDUCATION,B,20000,11.11,0.22,N,3,0
16608,27,50000,MORTGAGE,11.0,VENTURE,A,3250,9.32,0.07,N,7,0
16609,27,35000,RENT,4.0,VENTURE,A,6000,5.42,0.17,N,10,0
16610,24,31200,RENT,8.0,MEDICAL,A,6000,7.74,0.19,N,3,0
16611,24,52000,RENT,8.0,PERSONAL,A,9600,7.9,0.18,N,3,0
16612,26,60000,MORTGAGE,4.0,DEBTCONSOLIDATION,C,10000,12.87,0.17,Y,4,0
16613,27,45200,RENT,12.0,MEDICAL,B,8000,10.59,0.18,N,8,0
16614,35,140000,MORTGAGE,5.0,HOMEIMPROVEMENT,B,10000,9.63,0.07,N,7,0
16615,29,70000,RENT,4.0,PERSONAL,B,6000,11.49,0.09,N,7,0
16616,35,125000,RENT,0.0,EDUCATION,B,25000,9.76,0.2,N,9,0
16617,23,48000,MORTGAGE,7.0,EDUCATION,A,7500,7.51,0.16,N,2,0
16618,23,48756,RENT,5.0,MEDICAL,B,5000,11.86,0.1,N,7,0
16619,31,93000,RENT,9.0,DEBTCONSOLIDATION,C,25000,13.57,0.27,Y,10,0
16620,23,65000,RENT,3.0,PERSONAL,A,7000,6.17,0.11,N,4,0
16621,23,48000,RENT,1.0,PERSONAL,C,14000,13.11,0.3,N,3,1
16622,30,90000,MORTGAGE,2.0,MEDICAL,A,12000,6.62,0.13,N,5,0
16623,23,34000,RENT,4.0,MEDICAL,C,10000,12.84,0.29,N,3,1
16624,21,42000,RENT,6.0,MEDICAL,A,9200,6.03,0.22,N,4,0
16625,25,62000,MORTGAGE,4.0,DEBTCONSOLIDATION,A,10000,5.42,0.16,N,3,0
16626,21,72000,MORTGAGE,2.0,VENTURE,B,18000,10.99,0.25,N,2,0
16627,24,65000,RENT,3.0,PERSONAL,C,10000,13.49,0.15,Y,3,0
16628,23,48000,RENT,8.0,PERSONAL,B,4000,10.37,0.08,N,2,1
16629,36,130000,MORTGAGE,2.0,HOMEIMPROVEMENT,D,25000,15.31,0.19,Y,16,0
16630,23,44000,RENT,3.0,DEBTCONSOLIDATION,D,3500,14.11,0.08,Y,2,1
16631,33,35000,MORTGAGE,4.0,DEBTCONSOLIDATION,B,10000,10.36,0.29,N,7,0
16632,29,65000,MORTGAGE,3.0,VENTURE,A,18000,7.88,0.28,N,8,0
16633,35,30000,RENT,2.0,DEBTCONSOLIDATION,A,5600,5.79,0.19,N,5,0
16634,22,90000,RENT,5.0,VENTURE,B,5000,11.49,0.06,N,4,0
16635,24,72000,MORTGAGE,8.0,EDUCATION,A,4500,5.42,0.06,N,2,0
16636,25,80000,RENT,2.0,DEBTCONSOLIDATION,A,10000,6.62,0.13,N,4,0
16637,34,60000,MORTGAGE,1.0,MEDICAL,B,16800,10.99,0.28,N,6,0
16638,26,150000,RENT,10.0,EDUCATION,B,30000,12.69,0.2,N,2,0
16639,23,120000,RENT,0.0,DEBTCONSOLIDATION,A,12000,5.79,0.1,N,2,0
16640,37,110000,RENT,0.0,MEDICAL,B,6000,9.51,0.05,N,13,0
16641,28,48000,RENT,12.0,MEDICAL,B,4500,11.49,0.09,N,5,0
16642,21,44000,RENT,4.0,MEDICAL,B,12000,8.88,0.28,N,3,0
16643,24,60000,MORTGAGE,0.0,PERSONAL,A,8000,7.9,0.13,N,2,0
16644,25,80000,RENT,7.0,VENTURE,C,16000,13.49,0.2,N,3,0
16645,32,52000,RENT,2.0,DEBTCONSOLIDATION,D,5000,14.42,0.1,Y,6,1
16646,28,120000,MORTGAGE,12.0,HOMEIMPROVEMENT,C,10000,14.72,0.08,Y,6,0
16647,33,34000,RENT,0.0,MEDICAL,A,9000,7.9,0.26,N,7,1
16648,22,68000,MORTGAGE,6.0,MEDICAL,A,14000,7.29,0.21,N,2,0
16649,25,53000,RENT,3.0,EDUCATION,B,5000,10.62,0.09,N,4,0
16650,29,64999,OWN,5.0,EDUCATION,B,13250,11.58,0.21,N,5,0
16651,25,55704,RENT,4.0,VENTURE,B,8400,9.76,0.15,N,4,0
16652,22,80000,MORTGAGE,6.0,PERSONAL,C,6000,11.66,0.07,Y,3,0
16653,30,68000,RENT,2.0,PERSONAL,C,10000,14.22,0.15,N,6,0
16654,27,68000,RENT,8.0,MEDICAL,B,13000,11.14,0.2,N,9,0
16655,26,80000,RENT,10.0,DEBTCONSOLIDATION,A,7000,9.32,0.09,N,3,0
16656,23,45000,RENT,0.0,EDUCATION,B,14000,10.65,0.31,N,4,1
16657,22,56000,RENT,2.0,DEBTCONSOLIDATION,B,14000,10.65,0.25,N,3,0
16658,28,80000,RENT,4.0,PERSONAL,C,3000,13.98,0.04,N,7,0
16659,31,53329,MORTGAGE,1.0,MEDICAL,A,8250,9.32,0.15,N,8,0
16660,22,36000,RENT,4.0,EDUCATION,A,3600,7.51,0.1,N,2,0
16661,24,36000,RENT,1.0,MEDICAL,C,5000,13.98,0.14,Y,4,0
16662,24,120000,MORTGAGE,8.0,DEBTCONSOLIDATION,A,7200,6.17,0.06,N,2,0
16663,24,60000,MORTGAGE,7.0,MEDICAL,C,4100,14.27,0.07,N,4,0
16664,22,28000,RENT,5.0,VENTURE,C,5000,12.99,0.18,Y,2,0
16665,22,40000,RENT,0.0,DEBTCONSOLIDATION,B,6000,9.99,0.15,N,4,1
16666,22,50000,MORTGAGE,6.0,EDUCATION,A,6000,6.76,0.12,N,3,0
16667,21,90000,MORTGAGE,2.0,PERSONAL,A,6000,6.03,0.07,N,3,0
16668,39,118000,MORTGAGE,14.0,DEBTCONSOLIDATION,B,25000,11.71,0.21,N,11,0
16669,24,84000,RENT,7.0,MEDICAL,B,25000,10.99,0.3,N,3,0
16670,24,50000,RENT,5.0,PERSONAL,B,6000,11.99,0.12,N,3,0
16671,21,65000,MORTGAGE,5.0,VENTURE,A,12000,6.03,0.18,N,3,0
16672,26,78000,RENT,10.0,VENTURE,B,30000,10.99,0.38,N,3,1
16673,25,55000,RENT,5.0,MEDICAL,B,6000,10.65,0.11,N,4,0
16674,24,45000,RENT,8.0,EDUCATION,B,8000,10.37,0.18,N,4,0
16675,34,67275,RENT,3.0,EDUCATION,C,6500,13.61,0.09,Y,10,0
16676,21,70000,RENT,2.0,EDUCATION,A,3250,7.14,0.04,N,4,0
16677,41,70000,MORTGAGE,2.0,MEDICAL,A,10000,7.88,0.14,N,17,0
16678,26,24000,RENT,5.0,VENTURE,A,6000,7.88,0.25,N,2,0
16679,24,65000,MORTGAGE,8.0,EDUCATION,A,15000,8.49,0.23,N,2,0
16680,31,91000,MORTGAGE,6.0,MEDICAL,A,7000,8.59,0.08,N,5,0
16681,32,43200,RENT,4.0,MEDICAL,C,3500,14.27,0.08,Y,6,0
16682,23,31200,MORTGAGE,3.0,EDUCATION,A,9400,6.91,0.3,N,4,0
16683,24,66948,OWN,1.0,HOMEIMPROVEMENT,B,24250,12.53,0.36,N,3,0
16684,36,90000,RENT,2.0,VENTURE,D,7000,15.62,0.08,N,14,1
16685,27,65000,RENT,8.0,MEDICAL,C,21250,12.87,0.33,Y,9,1
16686,23,85000,RENT,4.0,PERSONAL,A,10000,7.49,0.12,N,2,0
16687,37,50000,RENT,5.0,PERSONAL,B,8000,10.62,0.16,N,12,0
16688,26,45000,RENT,2.0,MEDICAL,A,6800,6.62,0.15,N,4,0
16689,23,60000,MORTGAGE,6.0,DEBTCONSOLIDATION,C,12000,13.99,0.2,N,3,0
16690,28,52000,MORTGAGE,12.0,PERSONAL,A,5000,8.9,0.1,N,9,0
16691,24,54000,MORTGAGE,4.0,MEDICAL,A,10000,6.62,0.19,N,3,0
16692,23,50000,RENT,1.0,VENTURE,B,12000,10.0,0.24,N,4,0
16693,22,35100,MORTGAGE,0.0,EDUCATION,A,3500,6.99,0.1,N,2,0
16694,31,50000,RENT,4.0,HOMEIMPROVEMENT,D,10000,14.91,0.2,N,9,0
16695,22,38500,MORTGAGE,0.0,MEDICAL,A,2500,7.74,0.06,N,2,0
16696,23,72000,MORTGAGE,7.0,VENTURE,A,5000,7.49,0.07,N,3,0
16697,22,38004,RENT,3.0,DEBTCONSOLIDATION,C,3000,13.35,0.08,N,3,0
16698,22,48000,RENT,1.0,VENTURE,A,7500,7.74,0.16,N,3,0
16699,40,27600,OWN,16.0,VENTURE,C,3000,14.27,0.11,N,17,0
16700,22,48000,RENT,1.0,EDUCATION,B,5000,10.08,0.1,N,3,0
16701,25,36000,MORTGAGE,1.0,EDUCATION,A,14000,9.63,0.39,N,2,0
16702,29,59000,RENT,5.0,MEDICAL,C,12000,12.87,0.2,N,8,1
16703,23,39000,RENT,7.0,VENTURE,B,6000,9.62,0.15,N,2,0
16704,31,30000,RENT,1.0,MEDICAL,B,10000,10.62,0.33,N,7,1
16705,23,40000,RENT,1.0,EDUCATION,B,5625,12.18,0.14,N,4,0
16706,34,45000,MORTGAGE,3.0,EDUCATION,B,5300,11.49,0.12,N,10,0
16707,29,33000,RENT,4.0,DEBTCONSOLIDATION,C,9000,14.65,0.27,Y,6,0
16708,24,60000,RENT,0.0,VENTURE,A,3000,7.88,0.05,N,4,0
16709,23,70000,MORTGAGE,7.0,VENTURE,B,25000,12.69,0.36,N,4,0
16710,28,40000,MORTGAGE,12.0,VENTURE,B,10000,10.62,0.25,N,8,0
16711,28,55000,MORTGAGE,12.0,HOMEIMPROVEMENT,A,8000,7.51,0.15,N,8,0
16712,25,66000,RENT,9.0,MEDICAL,B,25000,11.11,0.38,N,3,1
16713,25,101004,MORTGAGE,3.0,MEDICAL,C,16000,13.47,0.16,N,2,0
16714,31,36000,RENT,8.0,MEDICAL,A,9000,5.42,0.25,N,5,0
16715,24,61200,MORTGAGE,8.0,DEBTCONSOLIDATION,C,4200,14.65,0.07,N,2,0
16716,30,65000,MORTGAGE,2.0,VENTURE,C,15000,12.84,0.23,Y,5,0
16717,22,30000,RENT,3.0,PERSONAL,B,5000,9.96,0.17,N,2,0
16718,25,30000,RENT,1.0,DEBTCONSOLIDATION,C,3000,12.98,0.1,N,2,0
16719,28,75000,RENT,5.0,HOMEIMPROVEMENT,B,10000,10.99,0.13,N,8,0
16720,32,37000,RENT,4.0,PERSONAL,B,9000,10.25,0.24,N,6,0
16721,28,30000,RENT,1.0,DEBTCONSOLIDATION,A,12000,7.88,0.4,N,7,1
16722,28,50000,MORTGAGE,4.0,VENTURE,A,6000,6.76,0.12,N,10,0
16723,26,38244,RENT,6.0,PERSONAL,A,6000,9.63,0.16,N,3,0
16724,23,60000,OWN,4.0,EDUCATION,B,15000,11.83,0.25,N,3,0
16725,35,110000,MORTGAGE,0.0,EDUCATION,B,8000,11.11,0.07,N,8,0
16726,26,52000,OWN,10.0,VENTURE,A,7000,7.88,0.13,N,3,0
16727,30,35000,RENT,8.0,PERSONAL,B,2400,10.59,0.07,N,9,0
16728,22,60000,MORTGAGE,6.0,MEDICAL,C,6000,13.98,0.1,N,3,0
16729,24,52000,RENT,0.0,DEBTCONSOLIDATION,C,15000,13.85,0.29,N,4,0
16730,26,48300,RENT,1.0,EDUCATION,B,12000,10.37,0.25,N,3,1
16731,23,34500,RENT,2.0,DEBTCONSOLIDATION,D,12000,15.95,0.33,N,4,1
16732,37,45000,MORTGAGE,7.0,MEDICAL,C,7500,15.23,0.17,N,11,0
16733,35,90000,RENT,0.0,MEDICAL,B,18000,9.91,0.2,N,8,0
16734,30,172000,MORTGAGE,2.0,PERSONAL,A,15000,9.63,0.09,N,6,0
16735,45,35004,RENT,0.0,MEDICAL,C,8000,13.72,0.23,Y,13,0
16736,31,30000,RENT,3.0,HOMEIMPROVEMENT,A,6000,9.63,0.2,N,6,1
16737,21,30000,RENT,2.0,VENTURE,B,10000,10.75,0.33,N,4,0
16738,24,60000,MORTGAGE,8.0,DEBTCONSOLIDATION,A,12000,8.9,0.2,N,4,0
16739,23,70000,RENT,4.0,VENTURE,B,12000,10.25,0.17,N,2,0
16740,25,30000,RENT,4.0,PERSONAL,B,7200,9.62,0.24,N,4,0
16741,23,60000,RENT,7.0,PERSONAL,C,10000,13.22,0.17,N,2,0
16742,27,62100,RENT,4.0,EDUCATION,C,6000,12.99,0.1,Y,5,0
16743,27,55000,RENT,11.0,MEDICAL,B,5000,11.49,0.09,N,8,0
16744,27,44160,RENT,11.0,VENTURE,A,12000,7.29,0.27,N,9,0
16745,30,52200,OWN,8.0,EDUCATION,D,15000,15.33,0.29,Y,8,0
16746,27,60000,OWN,0.0,MEDICAL,A,12000,8.94,0.2,N,8,0
16747,22,70000,RENT,3.0,EDUCATION,D,12700,14.59,0.17,N,4,0
16748,22,40000,RENT,5.0,EDUCATION,B,13200,11.71,0.33,N,4,1
16749,26,62400,MORTGAGE,8.0,HOMEIMPROVEMENT,A,8000,6.62,0.13,N,2,0
16750,32,73200,RENT,6.0,PERSONAL,B,7200,10.2,0.1,N,8,0
16751,35,24000,RENT,0.0,HOMEIMPROVEMENT,C,4000,13.92,0.17,Y,7,1
16752,25,85000,RENT,3.0,MEDICAL,B,8000,11.12,0.09,N,3,0
16753,30,65000,RENT,0.0,HOMEIMPROVEMENT,C,7000,13.99,0.11,Y,6,0
16754,29,60000,RENT,13.0,MEDICAL,C,14000,12.84,0.23,Y,5,1
16755,41,60000,MORTGAGE,5.0,PERSONAL,A,12000,7.51,0.2,N,13,0
16756,29,51669,MORTGAGE,3.0,EDUCATION,B,2100,10.36,0.04,N,7,0
16757,22,86000,OWN,6.0,MEDICAL,A,14000,6.03,0.16,N,2,0
16758,27,52000,RENT,4.0,PERSONAL,A,9000,7.49,0.17,N,5,0
16759,27,35000,RENT,4.0,EDUCATION,C,2400,13.61,0.07,Y,5,0
16760,24,30000,RENT,3.0,DEBTCONSOLIDATION,A,6000,7.51,0.2,N,4,0
16761,29,64992,MORTGAGE,0.0,DEBTCONSOLIDATION,A,9000,9.63,0.14,N,8,0
16762,31,80000,MORTGAGE,15.0,VENTURE,D,10000,16.29,0.13,Y,10,0
16763,41,54996,RENT,4.0,DEBTCONSOLIDATION,C,6000,12.99,0.11,Y,15,0
16764,24,65000,MORTGAGE,8.0,MEDICAL,B,4000,10.95,0.06,N,2,0
16765,23,54000,MORTGAGE,7.0,DEBTCONSOLIDATION,D,11000,15.05,0.2,Y,4,1
16766,33,84000,MORTGAGE,3.0,DEBTCONSOLIDATION,A,6000,7.14,0.07,N,10,0
16767,36,70000,MORTGAGE,3.0,HOMEIMPROVEMENT,B,6000,11.49,0.09,N,13,0
16768,36,200000,RENT,0.0,MEDICAL,B,14000,12.69,0.07,N,15,0
16769,25,65000,MORTGAGE,9.0,PERSONAL,D,10000,15.33,0.15,N,2,0
16770,49,42000,MORTGAGE,5.0,PERSONAL,A,10000,7.49,0.24,N,16,0
16771,25,50000,MORTGAGE,5.0,EDUCATION,C,4000,14.27,0.08,Y,2,0
16772,24,39270,RENT,2.0,VENTURE,C,3000,12.23,0.08,N,4,0
16773,34,120000,RENT,6.0,VENTURE,B,17000,12.69,0.14,N,8,0
16774,26,51000,MORTGAGE,6.0,MEDICAL,E,9000,15.68,0.18,N,2,1
16775,28,70000,MORTGAGE,4.0,DEBTCONSOLIDATION,B,25000,9.62,0.36,N,7,0
16776,24,100000,MORTGAGE,0.0,EDUCATION,A,15000,7.88,0.15,N,3,0
16777,21,25000,RENT,6.0,VENTURE,B,5000,10.65,0.2,N,3,0
16778,37,36000,MORTGAGE,2.0,VENTURE,A,7975,5.99,0.22,N,13,0
16779,26,38000,RENT,4.0,MEDICAL,B,8000,12.21,0.21,N,2,0
16780,38,60000,MORTGAGE,3.0,DEBTCONSOLIDATION,A,3500,7.29,0.06,N,13,0
16781,28,49000,MORTGAGE,2.0,DEBTCONSOLIDATION,E,15000,16.35,0.31,N,9,1
16782,24,75000,RENT,8.0,HOMEIMPROVEMENT,C,19000,13.92,0.25,Y,3,0
16783,25,27000,RENT,0.0,MEDICAL,B,7500,12.69,0.28,N,4,0
16784,25,70000,MORTGAGE,9.0,VENTURE,A,12000,7.88,0.17,N,2,0
16785,29,54996,MORTGAGE,0.0,HOMEIMPROVEMENT,A,15000,9.63,0.27,N,5,0
16786,32,74000,MORTGAGE,16.0,PERSONAL,A,10000,6.62,0.14,N,5,0
16787,26,50000,OWN,1.0,HOMEIMPROVEMENT,B,10000,10.2,0.2,N,2,0
16788,27,66300,MORTGAGE,3.0,MEDICAL,D,12000,14.96,0.15,N,8,1
16789,32,65000,MORTGAGE,2.0,EDUCATION,A,6000,7.88,0.09,N,7,0
16790,42,82000,MORTGAGE,19.0,EDUCATION,A,14400,6.99,0.18,N,17,0
16791,25,36000,RENT,4.0,PERSONAL,A,12000,7.49,0.33,N,4,1
16792,65,158000,MORTGAGE,3.0,PERSONAL,D,12000,14.84,0.08,N,26,1
16793,24,85000,MORTGAGE,3.0,HOMEIMPROVEMENT,A,10000,5.99,0.12,N,3,0
16794,29,30996,RENT,0.0,DEBTCONSOLIDATION,D,10000,15.95,0.33,Y,10,1
16795,27,80000,RENT,5.0,VENTURE,B,12000,12.42,0.15,N,10,0
16796,32,30000,RENT,5.0,MEDICAL,B,10000,10.36,0.33,N,7,1
16797,28,93000,MORTGAGE,12.0,HOMEIMPROVEMENT,B,15000,10.74,0.16,N,6,0
16798,27,50000,RENT,1.0,PERSONAL,B,7500,12.69,0.15,N,8,0
16799,28,29040,RENT,0.0,PERSONAL,B,2000,9.99,0.06,N,10,1
16800,30,80000,OWN,14.0,HOMEIMPROVEMENT,A,15000,8.49,0.19,N,7,0
16801,26,110000,MORTGAGE,3.0,VENTURE,B,9000,9.99,0.08,N,4,0
16802,22,70000,MORTGAGE,5.0,MEDICAL,C,6000,13.49,0.09,Y,3,0
16803,26,68000,MORTGAGE,9.0,MEDICAL,C,3000,13.49,0.04,Y,2,0
16804,24,35000,MORTGAGE,7.0,HOMEIMPROVEMENT,E,5200,16.0,0.15,Y,3,0
16805,38,54000,OWN,24.0,VENTURE,A,13500,8.94,0.26,N,13,0
16806,22,32400,RENT,3.0,DEBTCONSOLIDATION,A,4500,8.49,0.14,N,2,0
16807,23,60000,MORTGAGE,7.0,VENTURE,B,12000,10.36,0.2,N,3,0
16808,28,58000,MORTGAGE,0.0,PERSONAL,A,20000,6.54,0.34,N,8,0
16809,27,50000,RENT,1.0,HOMEIMPROVEMENT,C,12000,12.53,0.24,N,5,0
16810,31,60000,RENT,5.0,HOMEIMPROVEMENT,A,7000,6.99,0.12,N,5,0
16811,32,48000,MORTGAGE,8.0,PERSONAL,A,5000,6.76,0.1,N,6,0
16812,30,90000,RENT,1.0,PERSONAL,B,12000,9.91,0.13,N,6,0
16813,36,55000,RENT,4.0,DEBTCONSOLIDATION,B,12000,12.53,0.22,N,11,0
16814,25,50000,RENT,0.0,MEDICAL,C,14000,13.49,0.29,Y,3,0
16815,23,110000,MORTGAGE,7.0,MEDICAL,C,18000,13.79,0.16,Y,2,0
16816,28,64000,RENT,4.0,EDUCATION,B,5000,10.59,0.08,N,5,0
16817,34,26000,RENT,4.0,MEDICAL,A,8000,8.9,0.32,N,7,1
16818,23,73440,MORTGAGE,7.0,PERSONAL,A,7000,7.49,0.1,N,2,0
16819,47,60000,MORTGAGE,6.0,VENTURE,B,10000,10.25,0.17,N,13,0
16820,30,90000,RENT,2.0,EDUCATION,A,10000,8.1,0.11,N,6,0
16821,27,54996,RENT,9.0,MEDICAL,C,5000,13.23,0.09,N,8,0
16822,34,150000,OWN,2.0,VENTURE,B,24000,11.83,0.16,N,5,0
16823,24,28500,RENT,4.0,VENTURE,B,3000,11.14,0.11,N,3,0
16824,22,57600,MORTGAGE,6.0,EDUCATION,B,6000,10.0,0.1,N,3,0
16825,32,55000,MORTGAGE,4.0,HOMEIMPROVEMENT,A,9600,7.49,0.17,N,10,0
16826,24,44000,RENT,5.0,PERSONAL,A,10000,6.54,0.23,N,3,1
16827,36,120000,MORTGAGE,6.0,HOMEIMPROVEMENT,B,8000,10.62,0.07,N,14,0
16828,31,33267,MORTGAGE,3.0,VENTURE,A,8400,7.88,0.25,N,6,0
16829,21,46400,RENT,2.0,MEDICAL,C,12000,12.53,0.25,Y,4,0
16830,26,54000,MORTGAGE,4.0,HOMEIMPROVEMENT,B,10000,11.71,0.19,N,4,0
16831,22,50000,RENT,0.0,MEDICAL,C,7200,13.22,0.14,Y,4,0
16832,21,40000,RENT,2.0,EDUCATION,A,3000,7.51,0.07,N,4,0
16833,31,90000,MORTGAGE,7.0,VENTURE,A,6600,5.79,0.07,N,9,0
16834,21,24000,OWN,3.0,VENTURE,B,10000,9.91,0.42,N,4,0
16835,21,45000,MORTGAGE,3.0,MEDICAL,A,6000,7.51,0.13,N,4,0
16836,25,80000,MORTGAGE,4.0,PERSONAL,B,5000,11.99,0.06,N,2,0
16837,32,27000,RENT,2.0,EDUCATION,C,2500,13.61,0.09,N,10,0
16838,22,80000,MORTGAGE,2.0,VENTURE,C,7200,15.96,0.09,Y,4,0
16839,24,69996,OWN,1.0,VENTURE,B,10000,9.99,0.14,N,4,0
16840,27,35000,RENT,4.0,PERSONAL,B,10000,11.71,0.29,N,8,0
16841,27,56500,RENT,1.0,MEDICAL,B,10000,10.74,0.18,N,5,0
16842,30,96000,MORTGAGE,1.0,PERSONAL,B,8000,11.12,0.08,N,5,0
16843,24,29000,RENT,7.0,MEDICAL,A,9000,7.49,0.31,N,2,1
16844,22,75000,OWN,6.0,EDUCATION,D,7500,15.99,0.1,N,3,0
16845,24,42000,RENT,2.0,VENTURE,B,4000,10.99,0.1,N,3,0
16846,24,60000,RENT,0.0,EDUCATION,C,12000,11.66,0.2,N,4,0
16847,22,38000,RENT,0.0,MEDICAL,B,2000,11.36,0.05,N,2,0
16848,32,86400,MORTGAGE,15.0,HOMEIMPROVEMENT,A,14000,7.51,0.17,N,7,0
16849,27,74800,RENT,11.0,MEDICAL,D,12000,14.96,0.13,Y,7,1
16850,32,36000,RENT,5.0,MEDICAL,D,1200,16.29,0.03,N,9,1
16851,22,55000,MORTGAGE,6.0,EDUCATION,A,8000,6.91,0.15,N,3,0
16852,24,36000,RENT,4.0,VENTURE,C,3000,16.29,0.08,N,3,1
16853,25,60000,MORTGAGE,9.0,MEDICAL,A,12000,7.88,0.2,N,2,0
16854,29,90000,MORTGAGE,13.0,PERSONAL,B,7000,11.11,0.08,N,5,0
16855,26,52500,MORTGAGE,5.0,HOMEIMPROVEMENT,B,2000,10.99,0.04,N,3,0
16856,24,72000,MORTGAGE,8.0,DEBTCONSOLIDATION,A,14400,8.9,0.2,N,3,0
16857,27,70000,RENT,4.0,MEDICAL,A,21000,7.9,0.3,N,9,0
16858,38,228000,MORTGAGE,18.0,HOMEIMPROVEMENT,A,2500,7.4,0.01,N,15,0
16859,22,32000,RENT,7.0,MEDICAL,C,14500,12.61,0.43,N,3,1
16860,27,76000,MORTGAGE,3.0,EDUCATION,A,6000,7.66,0.08,N,8,0
16861,43,50000,MORTGAGE,15.0,PERSONAL,B,16000,8.88,0.32,N,15,0
16862,37,56500,RENT,4.0,HOMEIMPROVEMENT,A,17000,7.88,0.3,N,15,0
16863,27,55000,MORTGAGE,0.0,DEBTCONSOLIDATION,B,25000,9.25,0.45,N,6,0
16864,22,50000,RENT,0.0,MEDICAL,C,6000,13.99,0.12,Y,2,0
16865,32,36000,RENT,2.0,PERSONAL,C,12000,13.49,0.33,Y,9,1
16866,31,40000,RENT,5.0,DEBTCONSOLIDATION,B,6400,9.88,0.16,N,6,0
16867,23,40000,MORTGAGE,7.0,DEBTCONSOLIDATION,B,6000,11.83,0.15,N,4,0
16868,27,67171,MORTGAGE,3.0,VENTURE,B,3200,11.14,0.05,N,8,0
16869,32,42000,RENT,6.0,VENTURE,A,5000,6.92,0.12,N,5,0
16870,23,70000,MORTGAGE,4.0,PERSONAL,D,20000,14.59,0.29,Y,2,0
16871,22,42000,RENT,3.0,EDUCATION,B,21000,11.99,0.5,N,2,1
16872,23,88000,RENT,5.0,DEBTCONSOLIDATION,A,14000,8.49,0.16,N,2,0
16873,26,72000,RENT,3.0,VENTURE,B,12000,10.59,0.17,N,3,0
16874,31,85000,MORTGAGE,12.0,PERSONAL,B,24000,12.42,0.28,N,5,0
16875,22,58000,RENT,1.0,EDUCATION,A,3000,5.42,0.05,N,3,0
16876,33,24000,RENT,2.0,DEBTCONSOLIDATION,C,5500,14.35,0.23,N,6,0
16877,22,60000,MORTGAGE,2.0,DEBTCONSOLIDATION,A,5000,7.88,0.08,N,4,0
16878,23,70000,RENT,2.0,PERSONAL,D,22000,15.65,0.31,N,4,1
16879,33,45000,RENT,3.0,VENTURE,B,3000,11.99,0.07,N,5,0
16880,30,130000,MORTGAGE,14.0,MEDICAL,A,6000,6.03,0.05,N,10,0
16881,28,50496,RENT,4.0,DEBTCONSOLIDATION,B,3000,11.49,0.06,N,6,0
16882,22,36000,RENT,2.0,EDUCATION,C,3600,14.35,0.1,N,4,0
16883,43,66000,RENT,11.0,PERSONAL,C,10000,12.61,0.15,Y,13,0
16884,32,71000,RENT,0.0,EDUCATION,B,10000,11.89,0.14,N,10,0
16885,31,122000,MORTGAGE,4.0,HOMEIMPROVEMENT,C,11200,13.22,0.09,Y,8,0
16886,26,38000,RENT,10.0,VENTURE,A,3000,7.88,0.08,N,2,0
16887,24,25000,RENT,0.0,VENTURE,C,3250,13.22,0.13,Y,4,1
16888,33,32496,RENT,2.0,HOMEIMPROVEMENT,C,4500,13.23,0.15,Y,7,1
16889,22,33000,RENT,0.0,EDUCATION,A,6000,6.54,0.18,N,2,0
16890,23,38000,RENT,7.0,EDUCATION,A,8000,7.14,0.21,N,3,0
16891,32,114000,MORTGAGE,14.0,EDUCATION,D,17325,15.65,0.15,N,7,0
16892,29,34000,RENT,1.0,VENTURE,C,5500,14.27,0.16,N,7,0
16893,29,120000,MORTGAGE,2.0,HOMEIMPROVEMENT,C,5000,13.06,0.04,N,9,0
16894,23,38500,RENT,0.0,VENTURE,B,3000,11.48,0.08,N,2,0
16895,36,84000,MORTGAGE,5.0,MEDICAL,A,6000,7.14,0.07,N,16,0
16896,22,25000,RENT,1.0,EDUCATION,A,2400,7.9,0.1,N,3,0
16897,23,62000,RENT,6.0,PERSONAL,B,1600,9.62,0.03,N,2,0
16898,41,65000,MORTGAGE,5.0,DEBTCONSOLIDATION,B,10000,11.49,0.15,N,16,0
16899,29,69000,RENT,5.0,EDUCATION,D,7200,15.33,0.1,N,5,1
16900,23,48000,RENT,0.0,MEDICAL,B,10000,9.99,0.21,N,3,0
16901,24,172000,MORTGAGE,8.0,HOMEIMPROVEMENT,B,12000,9.99,0.07,N,4,0
16902,29,86000,MORTGAGE,0.0,DEBTCONSOLIDATION,B,8000,11.49,0.09,N,10,0
16903,45,43288,RENT,4.0,PERSONAL,A,6300,5.99,0.15,N,17,0
16904,25,36000,MORTGAGE,4.0,EDUCATION,B,6000,10.75,0.17,N,2,0
16905,22,48000,MORTGAGE,5.0,VENTURE,A,8400,6.62,0.17,N,3,0
16906,25,40000,RENT,9.0,MEDICAL,A,10000,7.51,0.25,N,2,0
16907,21,45000,RENT,5.0,EDUCATION,B,8000,10.65,0.18,N,2,0
16908,36,130000,MORTGAGE,9.0,DEBTCONSOLIDATION,B,20000,9.91,0.15,N,12,0
16909,24,65496,MORTGAGE,2.0,DEBTCONSOLIDATION,C,10000,13.11,0.15,Y,2,0
16910,28,60000,MORTGAGE,12.0,VENTURE,A,10000,6.99,0.17,N,8,0
16911,22,49800,RENT,2.0,PERSONAL,A,3500,7.9,0.08,N,2,0
16912,30,80000,RENT,0.0,EDUCATION,C,4975,13.49,0.06,Y,7,0
16913,25,69830,OWN,3.0,EDUCATION,E,15000,16.45,0.21,Y,4,0
16914,23,60000,RENT,0.0,EDUCATION,A,12500,7.9,0.21,N,2,0
16915,23,29120,RENT,0.0,MEDICAL,A,7500,8.94,0.26,N,3,0
16916,30,29004,RENT,5.0,EDUCATION,A,6000,7.14,0.21,N,5,0
16917,29,30000,RENT,2.0,EDUCATION,C,3000,14.22,0.1,Y,5,0
16918,21,32000,RENT,0.0,DEBTCONSOLIDATION,B,5500,10.37,0.17,N,4,0
16919,22,72000,MORTGAGE,6.0,EDUCATION,B,6000,11.49,0.08,N,2,0
16920,26,45000,MORTGAGE,10.0,HOMEIMPROVEMENT,A,6500,7.51,0.14,N,3,0
16921,26,67000,MORTGAGE,3.0,DEBTCONSOLIDATION,A,3200,7.14,0.05,N,3,0
16922,24,60000,MORTGAGE,5.0,HOMEIMPROVEMENT,A,20000,6.54,0.33,N,3,0
16923,29,38000,RENT,1.0,MEDICAL,A,5000,8.59,0.13,N,8,0
16924,34,105000,MORTGAGE,2.0,PERSONAL,F,15000,18.67,0.14,Y,10,0
16925,27,90000,MORTGAGE,9.0,EDUCATION,C,20000,13.57,0.22,N,6,0
16926,32,78252,RENT,5.0,MEDICAL,D,3500,14.11,0.04,Y,7,1
16927,24,68004,RENT,5.0,MEDICAL,B,12000,11.86,0.16,N,2,0
16928,27,69000,MORTGAGE,1.0,PERSONAL,D,6625,16.77,0.09,Y,8,0
16929,27,90000,MORTGAGE,0.0,EDUCATION,C,21000,14.26,0.21,Y,10,0
16930,28,42000,RENT,2.0,PERSONAL,C,5000,12.61,0.12,N,5,0
16931,23,130000,MORTGAGE,2.0,DEBTCONSOLIDATION,B,12000,11.12,0.09,N,2,0
16932,34,240000,MORTGAGE,2.0,HOMEIMPROVEMENT,A,10000,7.51,0.04,N,8,0
16933,37,60000,RENT,1.0,HOMEIMPROVEMENT,C,6000,13.49,0.1,Y,11,0
16934,30,24000,RENT,3.0,MEDICAL,A,10500,6.17,0.45,N,9,1
16935,29,45000,OWN,8.0,PERSONAL,A,6000,5.42,0.13,N,10,0
16936,24,65000,MORTGAGE,8.0,HOMEIMPROVEMENT,A,22000,7.51,0.33,N,2,0
16937,31,42000,RENT,4.0,MEDICAL,C,1800,13.98,0.04,Y,10,0
16938,35,54225,MORTGAGE,5.0,EDUCATION,E,17000,16.7,0.32,Y,9,1
16939,34,48000,MORTGAGE,7.0,VENTURE,A,5000,5.42,0.1,N,6,0
16940,23,62000,RENT,2.0,PERSONAL,A,10000,6.03,0.16,N,3,0
16941,30,35000,RENT,0.0,DEBTCONSOLIDATION,A,5500,7.88,0.16,N,5,0
16942,24,39996,RENT,2.0,MEDICAL,C,10000,13.11,0.25,N,2,0
16943,37,103000,RENT,5.0,DEBTCONSOLIDATION,E,10000,16.32,0.1,Y,15,1
16944,38,125000,MORTGAGE,5.0,PERSONAL,B,10000,10.99,0.08,N,13,0
16945,23,91234,MORTGAGE,7.0,PERSONAL,B,18000,11.83,0.2,N,2,0
16946,27,57000,OWN,11.0,HOMEIMPROVEMENT,C,10000,13.23,0.18,Y,7,0
16947,36,56400,MORTGAGE,3.0,DEBTCONSOLIDATION,E,20000,17.14,0.36,Y,13,1
16948,21,65000,RENT,5.0,VENTURE,A,17000,6.91,0.26,N,4,0
16949,39,48000,MORTGAGE,4.0,EDUCATION,A,8000,7.9,0.17,N,14,0
16950,27,85000,RENT,1.0,VENTURE,B,20000,12.69,0.24,N,6,0
16951,46,50000,OWN,6.0,EDUCATION,A,4800,8.59,0.1,N,16,0
16952,22,73000,MORTGAGE,6.0,EDUCATION,C,10000,13.22,0.14,Y,3,1
16953,28,53000,MORTGAGE,5.0,MEDICAL,B,10000,9.91,0.19,N,8,0
16954,76,30000,RENT,2.0,HOMEIMPROVEMENT,D,6500,16.77,0.21,N,24,1
16955,25,28000,OWN,2.0,MEDICAL,A,12000,7.51,0.43,N,3,0
16956,33,54000,RENT,0.0,MEDICAL,C,12000,13.16,0.22,N,6,0
16957,23,102996,RENT,7.0,PERSONAL,B,20000,11.14,0.19,N,4,0
16958,36,140000,MORTGAGE,11.0,VENTURE,A,16000,6.91,0.11,N,11,0
16959,32,80000,RENT,16.0,EDUCATION,B,18000,10.59,0.23,N,6,0
16960,23,43000,RENT,6.0,VENTURE,E,10000,17.14,0.23,Y,2,0
16961,30,50000,MORTGAGE,4.0,EDUCATION,B,6000,10.25,0.12,N,9,0
16962,22,84996,MORTGAGE,4.0,PERSONAL,A,4000,6.92,0.05,N,3,0
16963,33,99473,MORTGAGE,13.0,DEBTCONSOLIDATION,A,8500,7.51,0.09,N,10,0
16964,24,90000,RENT,2.0,EDUCATION,B,14000,9.99,0.16,N,3,0
16965,22,30000,RENT,6.0,EDUCATION,B,7200,11.71,0.24,N,3,0
16966,22,85000,OWN,1.0,EDUCATION,C,9000,12.99,0.11,N,3,0
16967,42,44000,RENT,2.0,PERSONAL,B,9000,10.37,0.2,N,13,0
16968,25,25000,RENT,3.0,DEBTCONSOLIDATION,C,2500,12.53,0.1,Y,2,0
16969,22,52000,RENT,1.0,DEBTCONSOLIDATION,C,7000,14.27,0.13,Y,2,0
16970,22,32000,RENT,2.0,PERSONAL,A,10000,7.88,0.31,N,3,1
16971,28,40000,RENT,2.0,MEDICAL,B,3000,11.11,0.07,N,10,0
16972,34,75000,MORTGAGE,5.0,DEBTCONSOLIDATION,A,6000,7.9,0.08,N,6,0
16973,23,35000,RENT,2.0,EDUCATION,D,6000,16.89,0.17,Y,2,1
16974,24,97700,MORTGAGE,8.0,MEDICAL,A,10000,7.49,0.11,N,4,0
16975,35,39000,RENT,3.0,VENTURE,A,8000,5.99,0.21,N,6,0
16976,40,108928,MORTGAGE,0.0,HOMEIMPROVEMENT,C,17600,14.27,0.15,Y,14,0
16977,30,60000,MORTGAGE,7.0,DEBTCONSOLIDATION,A,10950,7.9,0.18,N,9,0
16978,30,30000,RENT,14.0,MEDICAL,A,1900,8.94,0.07,N,10,0
16979,37,60000,MORTGAGE,3.0,PERSONAL,B,12000,12.21,0.2,N,12,0
16980,22,31200,RENT,3.0,PERSONAL,B,4000,11.86,0.13,N,4,0
16981,23,175000,MORTGAGE,2.0,MEDICAL,A,15000,6.91,0.09,N,4,0
16982,28,70000,MORTGAGE,5.0,HOMEIMPROVEMENT,C,9800,14.35,0.14,Y,10,0
16983,35,44000,RENT,0.0,EDUCATION,D,8000,14.91,0.18,Y,5,1
16984,24,45000,RENT,6.0,EDUCATION,C,11250,12.68,0.25,Y,4,0
16985,23,60000,MORTGAGE,1.0,PERSONAL,A,3200,7.49,0.06,N,3,0
16986,23,95000,RENT,0.0,PERSONAL,B,12000,11.71,0.13,N,3,0
16987,29,85000,MORTGAGE,13.0,VENTURE,A,12000,6.92,0.14,N,5,0
16988,27,86000,MORTGAGE,11.0,DEBTCONSOLIDATION,D,5000,14.59,0.05,N,7,1
16989,23,54000,RENT,5.0,EDUCATION,B,6000,12.69,0.11,N,4,0
16990,30,50400,RENT,9.0,EDUCATION,C,8000,14.79,0.16,N,5,0
16991,23,32000,RENT,2.0,EDUCATION,B,15000,9.62,0.47,N,2,1
16992,25,54000,RENT,9.0,MEDICAL,A,13500,8.63,0.26,N,2,0
16993,29,120000,MORTGAGE,13.0,PERSONAL,A,7000,7.51,0.06,N,9,0
16994,35,47000,MORTGAGE,1.0,EDUCATION,E,15000,15.68,0.32,Y,7,1
16995,32,40000,MORTGAGE,2.0,MEDICAL,A,5000,6.17,0.13,N,5,0
16996,22,35000,RENT,6.0,PERSONAL,B,5000,10.65,0.14,N,3,0
16997,44,91000,MORTGAGE,11.0,EDUCATION,A,3000,5.99,0.03,N,17,0
16998,28,43000,RENT,1.0,MEDICAL,C,8000,13.16,0.19,N,8,0
16999,27,60000,RENT,3.0,DEBTCONSOLIDATION,C,20000,13.85,0.33,N,9,1
17000,28,55000,RENT,9.0,VENTURE,A,10000,8.49,0.18,N,7,0
17001,25,50000,RENT,4.0,MEDICAL,C,6000,14.79,0.12,N,4,0
17002,27,95000,MORTGAGE,2.0,MEDICAL,B,15000,11.86,0.16,N,5,0
17003,22,27120,RENT,5.0,VENTURE,C,6000,13.11,0.22,N,3,1
17004,27,54000,MORTGAGE,11.0,PERSONAL,C,6000,13.17,0.11,N,5,1
17005,28,60000,RENT,3.0,MEDICAL,B,10000,10.75,0.17,N,5,0
17006,23,32000,RENT,7.0,DEBTCONSOLIDATION,A,4000,7.14,0.13,N,2,0
17007,30,45000,MORTGAGE,2.0,MEDICAL,B,3000,10.99,0.07,N,5,0
17008,31,48000,MORTGAGE,0.0,MEDICAL,A,6000,5.42,0.13,N,5,0
17009,25,60000,RENT,0.0,DEBTCONSOLIDATION,A,4000,9.63,0.07,N,3,0
17010,25,120000,MORTGAGE,2.0,PERSONAL,A,6000,7.14,0.05,N,2,0
17011,32,90000,MORTGAGE,3.0,PERSONAL,D,18000,16.29,0.2,N,8,0
17012,23,120000,MORTGAGE,4.0,VENTURE,B,6000,9.99,0.05,N,2,0
17013,23,34000,RENT,1.0,EDUCATION,C,15000,15.27,0.44,N,3,1
17014,25,78000,RENT,9.0,MEDICAL,B,15000,10.99,0.19,N,3,0
17015,24,33000,RENT,0.0,PERSONAL,C,5000,13.16,0.15,Y,3,0
17016,22,48000,MORTGAGE,7.0,EDUCATION,A,5000,5.99,0.1,N,2,0
17017,28,90000,MORTGAGE,1.0,DEBTCONSOLIDATION,B,5000,10.99,0.06,N,8,0
17018,30,33600,RENT,5.0,PERSONAL,B,1000,10.36,0.03,N,6,0
17019,22,52500,MORTGAGE,3.0,PERSONAL,A,11425,7.9,0.22,N,3,0
17020,26,46000,MORTGAGE,0.0,MEDICAL,D,6000,12.92,0.13,Y,3,1
17021,27,100000,MORTGAGE,4.0,PERSONAL,C,5000,12.99,0.05,N,7,0
17022,30,60000,RENT,0.0,MEDICAL,C,4000,13.98,0.07,N,10,0
17023,40,42000,OWN,8.0,MEDICAL,A,1200,7.29,0.03,N,14,0
17024,36,110000,RENT,2.0,EDUCATION,B,15000,10.99,0.14,N,15,0
17025,31,120000,RENT,5.0,EDUCATION,D,7500,15.65,0.06,N,9,0
17026,22,42000,RENT,6.0,MEDICAL,A,4000,7.9,0.1,N,4,0
17027,22,38000,RENT,6.0,PERSONAL,B,5000,10.37,0.13,N,2,0
17028,27,84500,MORTGAGE,11.0,VENTURE,A,10000,7.49,0.12,N,7,0
17029,36,34000,MORTGAGE,5.0,MEDICAL,C,4000,14.35,0.12,N,12,1
17030,26,130000,OWN,11.0,EDUCATION,C,20000,12.73,0.15,Y,4,0
17031,30,26000,RENT,2.0,DEBTCONSOLIDATION,A,6000,8.9,0.23,N,10,0
17032,54,60000,RENT,1.0,PERSONAL,B,8000,11.14,0.13,N,20,0
17033,22,24000,RENT,6.0,VENTURE,B,6000,9.99,0.25,N,2,0
17034,27,35000,RENT,3.0,MEDICAL,A,6000,7.9,0.18,N,8,0
17035,30,69000,RENT,4.0,EDUCATION,A,12000,7.66,0.17,N,7,1
17036,38,24000,RENT,10.0,MEDICAL,B,5000,11.83,0.21,N,12,0
17037,23,84000,RENT,6.0,PERSONAL,A,6000,7.88,0.07,N,2,0
17038,26,35000,MORTGAGE,2.0,HOMEIMPROVEMENT,B,7300,12.69,0.21,N,3,0
17039,22,40000,RENT,6.0,EDUCATION,A,6000,9.32,0.15,N,3,0
17040,23,28800,RENT,4.0,MEDICAL,A,3500,8.9,0.12,N,2,0
17041,25,36108,RENT,3.0,HOMEIMPROVEMENT,A,2500,9.32,0.07,N,4,1
17042,26,40000,MORTGAGE,0.0,HOMEIMPROVEMENT,B,8500,9.25,0.21,N,4,0
17043,23,41000,RENT,1.0,VENTURE,B,16000,11.48,0.41,N,2,1
17044,22,38004,RENT,2.0,VENTURE,B,10000,10.75,0.26,N,4,0
17045,26,30000,RENT,3.0,EDUCATION,B,10000,10.25,0.33,N,4,1
17046,22,36000,RENT,6.0,DEBTCONSOLIDATION,A,10000,7.29,0.28,N,4,1
17047,29,117500,OWN,1.0,VENTURE,B,20000,12.21,0.17,N,10,0
17048,25,33600,MORTGAGE,9.0,MEDICAL,B,6000,11.49,0.18,N,3,0
17049,22,36000,RENT,4.0,DEBTCONSOLIDATION,C,4000,14.79,0.11,N,4,0
17050,28,72000,RENT,12.0,EDUCATION,A,18000,8.94,0.25,N,10,0
17051,28,68000,RENT,6.0,PERSONAL,C,20000,14.72,0.29,N,9,0
17052,24,63000,MORTGAGE,8.0,PERSONAL,C,11500,13.06,0.18,Y,2,0
17053,37,45000,RENT,0.0,MEDICAL,C,13000,12.99,0.29,N,11,0
17054,30,36000,RENT,3.0,VENTURE,B,10000,10.65,0.28,N,9,0
17055,35,100000,MORTGAGE,5.0,VENTURE,B,15000,9.88,0.15,N,7,0
17056,38,50000,RENT,4.0,EDUCATION,A,10000,6.62,0.2,N,17,0
17057,22,60000,MORTGAGE,5.0,MEDICAL,B,15000,10.25,0.25,N,4,0
17058,23,30000,RENT,3.0,PERSONAL,C,7200,13.92,0.24,Y,4,0
17059,27,75000,MORTGAGE,5.0,EDUCATION,B,12000,10.99,0.16,N,8,0
17060,29,42000,MORTGAGE,9.0,VENTURE,A,1200,6.99,0.03,N,5,0
17061,30,52000,RENT,1.0,MEDICAL,B,5000,10.0,0.1,N,8,0
17062,36,60000,MORTGAGE,2.0,VENTURE,A,15000,7.88,0.25,N,15,0
17063,29,48996,RENT,2.0,DEBTCONSOLIDATION,B,12000,10.37,0.24,N,9,0
17064,35,45000,RENT,2.0,MEDICAL,C,5600,12.99,0.12,Y,6,0
17065,23,60000,MORTGAGE,5.0,PERSONAL,B,5000,11.48,0.08,N,4,0
17066,30,29500,RENT,5.0,VENTURE,B,7200,12.42,0.26,N,7,0
17067,26,76000,RENT,0.0,PERSONAL,A,14000,8.94,0.18,N,4,0
17068,23,29004,RENT,0.0,DEBTCONSOLIDATION,D,1800,14.59,0.06,Y,2,1
17069,24,38400,MORTGAGE,5.0,DEBTCONSOLIDATION,A,6000,7.14,0.16,N,4,0
17070,22,55000,MORTGAGE,6.0,EDUCATION,A,10000,7.14,0.18,N,3,0
17071,34,72000,MORTGAGE,2.0,EDUCATION,A,12000,6.92,0.17,N,9,0
17072,24,30000,OWN,1.0,EDUCATION,B,6000,11.99,0.2,N,4,0
17073,28,150000,MORTGAGE,12.0,HOMEIMPROVEMENT,A,12000,5.42,0.08,N,6,0
17074,29,20000,OWN,2.0,MEDICAL,A,6000,7.49,0.3,N,7,0
17075,25,55000,RENT,1.0,HOMEIMPROVEMENT,A,15000,7.9,0.27,N,2,0
17076,22,39996,RENT,1.0,EDUCATION,C,12000,13.61,0.3,Y,4,0
17077,25,72000,MORTGAGE,4.0,DEBTCONSOLIDATION,A,15000,7.88,0.21,N,3,0
17078,24,100000,MORTGAGE,7.0,PERSONAL,A,6000,6.54,0.06,N,2,0
17079,22,40000,RENT,0.0,MEDICAL,A,9000,7.49,0.23,N,4,0
17080,44,75600,MORTGAGE,3.0,VENTURE,C,5000,13.06,0.07,Y,14,0
17081,23,43000,RENT,7.0,EDUCATION,C,3200,13.8,0.07,N,3,0
17082,32,60000,MORTGAGE,3.0,PERSONAL,A,3600,6.62,0.06,N,6,0
17083,27,20000,OWN,1.0,VENTURE,B,3200,12.21,0.15,N,8,0
17084,22,60000,MORTGAGE,4.0,MEDICAL,B,5000,10.99,0.08,N,2,0
17085,32,60000,MORTGAGE,12.0,PERSONAL,A,10000,8.49,0.17,N,9,1
17086,29,150000,MORTGAGE,0.0,VENTURE,D,24000,16.07,0.16,N,9,0
17087,29,90000,MORTGAGE,0.0,HOMEIMPROVEMENT,A,12000,5.79,0.13,N,8,0
17088,24,54400,RENT,0.0,MEDICAL,E,30000,19.42,0.45,N,2,1
17089,27,100000,RENT,0.0,VENTURE,A,10000,7.29,0.1,N,6,0
17090,22,75000,MORTGAGE,0.0,MEDICAL,A,4000,7.29,0.05,N,4,0
17091,27,70000,MORTGAGE,8.0,HOMEIMPROVEMENT,C,25000,14.27,0.35,Y,9,0
17092,22,26500,RENT,3.0,EDUCATION,C,2000,13.61,0.08,Y,4,0
17093,25,28000,RENT,1.0,MEDICAL,B,6400,9.91,0.23,N,2,0
17094,23,80000,RENT,5.0,DEBTCONSOLIDATION,B,4000,11.12,0.05,N,3,0
17095,40,60000,RENT,5.0,PERSONAL,B,12000,11.71,0.2,N,13,0
17096,28,50000,MORTGAGE,0.0,MEDICAL,B,5000,10.62,0.1,N,7,0
17097,22,69528,RENT,6.0,VENTURE,C,7000,12.99,0.1,Y,3,0
17098,25,66000,MORTGAGE,4.0,HOMEIMPROVEMENT,B,10000,10.74,0.15,N,3,0
17099,25,50000,MORTGAGE,3.0,DEBTCONSOLIDATION,C,8000,14.72,0.16,Y,3,0
17100,24,50000,RENT,4.0,EDUCATION,C,2000,13.92,0.04,N,3,0
17101,21,109000,OWN,5.0,VENTURE,B,15000,11.48,0.14,N,3,0
17102,35,95000,MORTGAGE,1.0,PERSONAL,A,8000,7.49,0.08,N,6,0
17103,22,61104,RENT,3.0,DEBTCONSOLIDATION,B,5000,9.25,0.08,N,2,0
17104,24,44004,RENT,0.0,MEDICAL,D,8000,15.33,0.18,N,3,1
17105,22,45000,RENT,5.0,PERSONAL,A,2000,5.79,0.04,N,3,0
17106,23,74000,OWN,2.0,MEDICAL,F,25000,17.9,0.34,Y,2,0
17107,26,55000,RENT,11.0,EDUCATION,B,8000,10.65,0.15,N,2,0
17108,22,36000,RENT,3.0,PERSONAL,A,4800,7.51,0.13,N,2,1
17109,23,33900,MORTGAGE,5.0,PERSONAL,B,10000,11.99,0.29,N,2,0
17110,27,143500,OWN,11.0,VENTURE,D,24000,14.09,0.15,Y,7,0
17111,33,67000,RENT,2.0,VENTURE,C,20000,13.48,0.3,N,10,0
17112,25,38400,MORTGAGE,9.0,DEBTCONSOLIDATION,B,10000,9.99,0.26,N,4,0
17113,23,22000,RENT,1.0,EDUCATION,C,2000,13.16,0.09,N,2,0
17114,22,30000,RENT,0.0,EDUCATION,B,2400,10.59,0.08,N,3,0
17115,28,87950,MORTGAGE,8.0,PERSONAL,D,15000,13.55,0.17,Y,6,0
17116,39,48000,RENT,0.0,MEDICAL,C,8400,11.97,0.17,Y,11,0
17117,27,43200,RENT,3.0,DEBTCONSOLIDATION,C,5000,11.66,0.12,Y,9,0
17118,35,45000,MORTGAGE,3.0,VENTURE,C,10000,12.99,0.22,Y,8,0
17119,33,59619,RENT,3.0,MEDICAL,D,25000,14.11,0.34,N,8,1
17120,40,35820,RENT,0.0,PERSONAL,B,3275,8.88,0.09,N,6,0
17121,23,55000,MORTGAGE,3.0,EDUCATION,A,3200,7.51,0.06,N,4,0
17122,31,79536,RENT,12.0,HOMEIMPROVEMENT,B,2400,11.99,0.03,N,5,0
17123,22,51600,MORTGAGE,1.0,MEDICAL,B,10800,9.99,0.21,N,4,0
17124,25,44000,RENT,9.0,MEDICAL,C,5000,13.92,0.11,Y,4,0
17125,22,70000,MORTGAGE,6.0,DEBTCONSOLIDATION,B,8000,10.65,0.11,N,3,0
17126,36,25000,RENT,2.0,DEBTCONSOLIDATION,B,1600,10.59,0.06,N,17,0
17127,31,78000,RENT,2.0,DEBTCONSOLIDATION,D,10000,15.57,0.13,N,6,1
17128,25,48000,RENT,3.0,MEDICAL,A,7200,6.54,0.15,N,3,0
17129,23,32000,RENT,4.0,EDUCATION,A,10000,7.49,0.31,N,3,1
17130,37,160000,MORTGAGE,22.0,VENTURE,B,12000,11.83,0.07,N,15,0
17131,32,48000,RENT,1.0,MEDICAL,B,5000,10.62,0.1,N,8,0
17132,31,75000,RENT,2.0,HOMEIMPROVEMENT,A,18000,7.88,0.24,N,10,0
17133,22,75400,MORTGAGE,3.0,EDUCATION,A,6000,7.74,0.08,N,4,0
17134,26,54000,RENT,4.0,HOMEIMPROVEMENT,C,7000,14.65,0.13,Y,4,0
17135,26,30000,RENT,4.0,EDUCATION,A,10000,5.79,0.33,N,2,1
17136,23,84000,RENT,7.0,DEBTCONSOLIDATION,B,10000,10.38,0.12,N,2,0
17137,30,20000,RENT,2.0,MEDICAL,C,3000,13.49,0.15,Y,7,0
17138,25,50000,MORTGAGE,9.0,HOMEIMPROVEMENT,A,9000,5.99,0.18,N,3,0
17139,27,100000,MORTGAGE,11.0,EDUCATION,B,5000,9.99,0.05,N,6,0
17140,27,58000,MORTGAGE,5.0,DEBTCONSOLIDATION,E,20000,17.99,0.34,Y,6,1
17141,23,78000,MORTGAGE,5.0,VENTURE,D,6000,15.62,0.08,N,4,0
17142,24,200000,MORTGAGE,3.0,PERSONAL,B,5000,8.7,0.03,N,4,0
17143,31,75000,RENT,0.0,EDUCATION,A,8400,6.92,0.11,N,5,0
17144,26,66000,MORTGAGE,7.0,PERSONAL,B,6000,11.71,0.09,N,4,0
17145,24,25000,OWN,4.0,VENTURE,B,2500,9.91,0.1,N,3,0
17146,22,120000,RENT,0.0,EDUCATION,A,12000,8.9,0.1,N,3,0
17147,23,35000,RENT,0.0,EDUCATION,C,4000,12.68,0.11,N,3,0
17148,30,42996,RENT,2.0,MEDICAL,A,5000,8.0,0.12,N,7,0
17149,27,60000,RENT,1.0,VENTURE,C,10000,13.22,0.17,N,9,0
17150,29,45000,MORTGAGE,1.0,MEDICAL,B,10000,12.21,0.22,N,10,0
17151,27,44004,RENT,7.0,DEBTCONSOLIDATION,C,11000,13.79,0.25,N,7,0
17152,23,50000,MORTGAGE,7.0,DEBTCONSOLIDATION,A,4000,7.51,0.08,N,4,0
17153,41,52000,RENT,0.0,HOMEIMPROVEMENT,B,12000,10.99,0.23,N,12,0
17154,44,30000,RENT,2.0,PERSONAL,B,12000,9.91,0.4,N,12,1
17155,25,24000,MORTGAGE,4.0,HOMEIMPROVEMENT,B,2000,12.53,0.08,N,2,0
17156,24,110000,MORTGAGE,8.0,EDUCATION,B,6000,9.88,0.05,N,3,0
17157,30,55000,MORTGAGE,1.0,HOMEIMPROVEMENT,B,9000,12.42,0.16,N,9,0
17158,25,66000,OWN,10.0,MEDICAL,A,5000,7.29,0.08,N,2,0
17159,22,40000,MORTGAGE,1.0,PERSONAL,A,8000,8.94,0.2,N,2,0
17160,22,49000,OWN,6.0,EDUCATION,A,2000,6.39,0.04,N,2,0
17161,22,54000,RENT,4.0,MEDICAL,B,3000,11.99,0.06,N,3,1
17162,23,24000,RENT,0.0,MEDICAL,B,5000,11.86,0.21,N,3,0
17163,23,45000,MORTGAGE,2.0,PERSONAL,A,5200,7.51,0.12,N,4,0
17164,25,87000,RENT,1.0,VENTURE,C,7000,14.26,0.08,N,2,0
17165,34,39996,RENT,1.0,PERSONAL,A,2400,9.32,0.06,N,10,0
17166,23,85000,OWN,1.0,EDUCATION,B,24000,11.49,0.28,N,4,0
17167,27,65000,RENT,5.0,PERSONAL,B,15000,12.18,0.23,N,9,0
17168,22,74000,RENT,1.0,PERSONAL,D,16000,15.99,0.22,N,3,1
17169,23,74800,RENT,1.0,EDUCATION,D,12000,14.46,0.16,N,3,1
17170,25,175000,MORTGAGE,10.0,MEDICAL,A,10000,7.14,0.06,N,3,0
17171,26,70000,RENT,2.0,HOMEIMPROVEMENT,B,8000,10.74,0.11,N,2,0
17172,43,65000,MORTGAGE,5.0,MEDICAL,A,12000,8.49,0.18,N,17,0
17173,24,45000,MORTGAGE,0.0,VENTURE,A,1800,7.51,0.04,N,2,0
17174,30,35000,RENT,2.0,DEBTCONSOLIDATION,A,10000,7.49,0.29,N,8,0
17175,23,48000,RENT,1.0,PERSONAL,C,2400,12.53,0.05,N,3,0
17176,23,36000,RENT,1.0,EDUCATION,A,4000,5.42,0.11,N,3,0
17177,27,30000,RENT,7.0,MEDICAL,C,3600,12.61,0.12,Y,6,0
17178,30,50000,RENT,5.0,PERSONAL,D,12800,14.74,0.25,Y,9,0
17179,21,34000,MORTGAGE,5.0,VENTURE,B,1200,11.48,0.04,N,3,0
17180,27,43000,MORTGAGE,4.0,PERSONAL,A,8000,7.51,0.19,N,10,0
17181,29,40000,RENT,2.0,VENTURE,B,5000,11.49,0.13,N,9,0
17182,31,52000,RENT,3.0,PERSONAL,A,6000,8.9,0.12,N,8,0
17183,27,29000,RENT,0.0,MEDICAL,C,7000,13.79,0.24,N,8,1
17184,40,42000,RENT,2.0,PERSONAL,C,2000,12.99,0.05,Y,14,0
17185,31,60000,RENT,4.0,HOMEIMPROVEMENT,B,12000,10.99,0.2,N,10,0
17186,30,120000,MORTGAGE,14.0,MEDICAL,A,8400,5.42,0.07,N,7,0
17187,32,30000,RENT,2.0,EDUCATION,B,10000,12.42,0.33,N,8,1
17188,27,35000,RENT,1.0,DEBTCONSOLIDATION,A,14000,8.9,0.4,N,5,1
17189,28,40000,MORTGAGE,2.0,MEDICAL,A,6000,7.88,0.15,N,8,0
17190,27,38000,RENT,5.0,DEBTCONSOLIDATION,B,9000,11.11,0.24,N,7,0
17191,37,125000,MORTGAGE,0.0,DEBTCONSOLIDATION,A,10000,5.99,0.08,N,17,0
17192,27,38000,RENT,11.0,PERSONAL,B,12000,11.71,0.32,N,5,1
17193,29,39000,RENT,4.0,MEDICAL,A,10400,5.99,0.28,N,8,0
17194,24,27000,RENT,3.0,VENTURE,C,13450,13.49,0.45,Y,2,1
17195,24,42000,OWN,8.0,VENTURE,D,10000,16.89,0.24,N,4,0
17196,34,59500,RENT,5.0,PERSONAL,B,2875,9.91,0.04,N,6,0
17197,26,108000,MORTGAGE,4.0,PERSONAL,B,15000,12.21,0.14,N,4,0
17198,28,130000,MORTGAGE,12.0,HOMEIMPROVEMENT,A,16000,6.03,0.13,N,7,0
17199,24,33300,MORTGAGE,2.0,PERSONAL,B,8875,9.91,0.27,N,2,0
17200,22,60000,RENT,2.0,EDUCATION,C,5000,14.22,0.08,Y,3,0
17201,23,60000,RENT,7.0,DEBTCONSOLIDATION,A,10000,7.51,0.17,N,3,0
17202,29,30000,RENT,4.0,VENTURE,A,6000,8.49,0.2,N,6,0
17203,22,67000,OWN,6.0,EDUCATION,B,16000,11.89,0.24,N,2,0
17204,21,32400,RENT,4.0,MEDICAL,C,11000,13.23,0.34,N,3,1
17205,22,48000,RENT,2.0,DEBTCONSOLIDATION,C,5000,12.53,0.1,N,3,0
17206,34,125000,MORTGAGE,5.0,EDUCATION,B,24250,11.36,0.19,N,5,0
17207,25,24000,MORTGAGE,5.0,MEDICAL,B,10000,9.76,0.42,N,3,0
17208,23,100000,MORTGAGE,7.0,MEDICAL,A,8300,5.99,0.08,N,4,0
17209,24,108600,MORTGAGE,3.0,HOMEIMPROVEMENT,A,13000,7.88,0.12,N,2,0
17210,25,45000,RENT,0.0,MEDICAL,A,8000,6.62,0.18,N,3,0
17211,24,30000,RENT,5.0,HOMEIMPROVEMENT,B,6000,12.69,0.2,N,2,0
17212,26,30000,RENT,3.0,VENTURE,C,4500,13.48,0.15,Y,2,0
17213,23,54000,RENT,0.0,EDUCATION,C,5500,14.65,0.1,N,3,0
17214,27,70000,MORTGAGE,2.0,MEDICAL,B,12000,11.89,0.17,N,10,0
17215,26,63000,RENT,1.0,MEDICAL,B,7200,10.74,0.11,N,3,0
17216,23,112976,MORTGAGE,7.0,PERSONAL,B,20000,11.36,0.18,N,2,0
17217,25,49074,MORTGAGE,7.0,HOMEIMPROVEMENT,A,8000,6.91,0.16,N,3,0
17218,32,85000,RENT,3.0,PERSONAL,B,12000,10.0,0.14,N,10,0
17219,43,60000,MORTGAGE,22.0,HOMEIMPROVEMENT,D,9000,15.62,0.15,Y,14,0
17220,22,28000,RENT,0.0,PERSONAL,C,7000,13.22,0.25,Y,2,0
17221,23,55000,RENT,3.0,MEDICAL,B,14000,10.65,0.25,N,3,0
17222,28,37000,RENT,5.0,PERSONAL,A,16750,7.88,0.45,N,5,1
17223,28,10000,OWN,12.0,VENTURE,A,8000,7.51,0.08,N,9,0
17224,28,57500,RENT,2.0,DEBTCONSOLIDATION,C,2400,15.23,0.04,N,5,0
17225,25,65000,RENT,1.0,HOMEIMPROVEMENT,B,7000,11.36,0.11,N,2,0
17226,23,80730,MORTGAGE,7.0,HOMEIMPROVEMENT,A,9600,7.51,0.12,N,3,0
17227,23,18000,RENT,2.0,MEDICAL,B,3000,12.69,0.16,N,3,1
17228,21,26400,RENT,0.0,EDUCATION,B,5000,12.53,0.19,N,2,0
17229,23,95000,OWN,2.0,VENTURE,A,12000,8.94,0.13,N,2,0
17230,34,37400,RENT,3.0,DEBTCONSOLIDATION,E,8850,17.04,0.24,N,10,1
17231,25,33000,RENT,4.0,VENTURE,A,4000,8.94,0.12,N,2,0
17232,33,75000,MORTGAGE,0.0,EDUCATION,A,10000,5.79,0.13,N,9,0
17233,32,95000,RENT,0.0,HOMEIMPROVEMENT,C,6400,13.48,0.07,Y,8,0
17234,24,30000,RENT,1.0,MEDICAL,C,9000,12.87,0.3,N,3,0
17235,27,85000,MORTGAGE,11.0,VENTURE,C,5000,13.99,0.06,Y,10,0
17236,34,80155,MORTGAGE,9.0,DEBTCONSOLIDATION,A,10000,7.51,0.12,N,5,0
17237,23,65000,RENT,5.0,DEBTCONSOLIDATION,B,25000,9.99,0.37,N,2,1
17238,24,100000,MORTGAGE,2.0,VENTURE,B,5000,12.42,0.05,N,2,0
17239,30,110000,MORTGAGE,0.0,EDUCATION,A,2500,7.4,0.02,N,10,0
17240,23,36000,MORTGAGE,7.0,MEDICAL,D,4000,14.54,0.11,N,2,1
17241,30,80000,RENT,0.0,PERSONAL,B,11000,10.59,0.14,N,10,0
17242,26,60000,RENT,8.0,HOMEIMPROVEMENT,C,8000,15.96,0.13,Y,3,0
17243,25,65004,MORTGAGE,0.0,DEBTCONSOLIDATION,A,7000,7.88,0.11,N,4,0
17244,23,62000,MORTGAGE,7.0,DEBTCONSOLIDATION,C,3000,12.68,0.05,N,4,0
17245,30,95000,MORTGAGE,4.0,EDUCATION,D,25000,15.65,0.26,Y,8,0
17246,24,98000,RENT,0.0,HOMEIMPROVEMENT,E,20000,16.32,0.2,Y,3,1
17247,26,75000,RENT,7.0,MEDICAL,C,12000,13.49,0.16,N,3,0
17248,28,90000,RENT,2.0,EDUCATION,C,4800,14.27,0.05,Y,6,0
17249,23,29100,RENT,3.0,EDUCATION,C,5000,13.47,0.17,Y,2,0
17250,24,45150,RENT,1.0,VENTURE,C,15000,13.16,0.33,N,2,1
17251,26,45000,OWN,10.0,PERSONAL,A,6000,6.03,0.13,N,2,0
17252,21,75000,MORTGAGE,4.0,EDUCATION,A,4000,7.49,0.05,N,4,0
17253,60,50000,OWN,5.0,PERSONAL,A,9000,6.76,0.18,N,30,0
17254,24,37273,RENT,2.0,EDUCATION,A,8400,7.14,0.23,N,2,0
17255,29,96000,MORTGAGE,7.0,PERSONAL,A,3000,8.49,0.03,N,9,0
17256,24,90000,RENT,3.0,DEBTCONSOLIDATION,B,6000,12.42,0.07,N,3,0
17257,31,85000,MORTGAGE,0.0,EDUCATION,A,2000,7.49,0.02,N,10,0
17258,43,103560,RENT,5.0,EDUCATION,B,14000,17.56,0.14,N,14,0
17259,36,87000,MORTGAGE,8.0,PERSONAL,C,15000,13.57,0.17,Y,12,0
17260,43,45000,MORTGAGE,9.0,EDUCATION,B,6000,9.99,0.13,N,14,0
17261,28,50000,MORTGAGE,10.0,PERSONAL,D,15000,15.99,0.3,Y,6,1
17262,27,60000,MORTGAGE,0.0,MEDICAL,A,6000,7.49,0.1,N,6,0
17263,22,100000,MORTGAGE,5.0,EDUCATION,B,6000,11.49,0.06,N,2,0
17264,41,72000,RENT,5.0,PERSONAL,B,14000,10.25,0.19,N,14,0
17265,23,33996,RENT,1.0,EDUCATION,B,5000,11.12,0.15,N,2,0
17266,37,28800,RENT,0.0,MEDICAL,B,6000,10.74,0.21,N,12,0
17267,25,67000,RENT,3.0,HOMEIMPROVEMENT,A,3000,7.9,0.04,N,4,0
17268,34,36000,RENT,3.0,EDUCATION,D,15000,15.33,0.42,N,8,1
17269,22,30000,MORTGAGE,6.0,EDUCATION,A,2000,7.29,0.07,N,4,0
17270,26,39996,RENT,0.0,VENTURE,B,6000,9.7,0.15,N,2,0
17271,27,42000,RENT,0.0,DEBTCONSOLIDATION,C,10000,13.49,0.24,N,8,0
17272,34,83500,MORTGAGE,1.0,EDUCATION,C,12000,12.23,0.14,N,8,0
17273,44,90000,MORTGAGE,15.0,MEDICAL,B,15000,10.65,0.17,N,14,0
17274,26,26400,RENT,3.0,PERSONAL,C,4000,13.72,0.15,Y,4,0
17275,27,160000,RENT,8.0,DEBTCONSOLIDATION,B,8000,12.69,0.05,N,7,0
17276,28,43000,MORTGAGE,7.0,EDUCATION,A,15600,7.88,0.37,N,10,0
17277,30,120000,MORTGAGE,8.0,HOMEIMPROVEMENT,A,5000,7.49,0.04,N,10,0
17278,28,70000,MORTGAGE,4.0,DEBTCONSOLIDATION,A,5000,6.99,0.07,N,9,0
17279,28,60000,RENT,4.0,HOMEIMPROVEMENT,A,7000,6.92,0.12,N,8,0
17280,21,57200,MORTGAGE,2.0,DEBTCONSOLIDATION,C,4000,13.11,0.07,Y,3,0
17281,28,31200,RENT,2.0,EDUCATION,B,7000,9.88,0.22,N,9,0
17282,22,38000,RENT,7.0,EDUCATION,B,10000,10.95,0.26,N,3,0
17283,28,30000,RENT,2.0,MEDICAL,B,3000,11.99,0.1,N,5,0
17284,26,57600,MORTGAGE,1.0,HOMEIMPROVEMENT,E,2000,16.89,0.03,Y,4,0
17285,22,225000,MORTGAGE,4.0,EDUCATION,B,35000,10.65,0.16,N,2,0
17286,22,120000,MORTGAGE,6.0,PERSONAL,A,6400,8.32,0.05,N,4,0
17287,23,25000,MORTGAGE,7.0,EDUCATION,A,6000,7.9,0.24,N,2,0
17288,34,37000,RENT,3.0,DEBTCONSOLIDATION,B,1000,10.71,0.03,N,7,0
17289,28,30000,MORTGAGE,6.0,MEDICAL,D,2400,15.33,0.08,N,10,1
17290,36,33000,MORTGAGE,2.0,EDUCATION,A,10625,6.03,0.31,N,14,0
17291,29,115000,MORTGAGE,13.0,DEBTCONSOLIDATION,A,16000,7.9,0.15,N,6,0
17292,24,55000,RENT,4.0,MEDICAL,B,8000,9.25,0.15,N,4,0
17293,46,60000,MORTGAGE,2.0,PERSONAL,B,6000,10.59,0.1,N,14,0
17294,23,35000,RENT,2.0,DEBTCONSOLIDATION,B,12000,10.0,0.34,N,3,1
17295,35,78000,MORTGAGE,9.0,DEBTCONSOLIDATION,D,9600,15.31,0.12,N,10,1
17296,27,54000,MORTGAGE,7.0,VENTURE,A,12000,6.03,0.22,N,5,0
17297,35,60000,MORTGAGE,4.0,DEBTCONSOLIDATION,A,9600,7.66,0.16,N,9,0
17298,29,70000,RENT,2.0,MEDICAL,B,3000,10.25,0.04,N,9,0
17299,26,52800,RENT,0.0,MEDICAL,A,4500,6.76,0.09,N,3,0
17300,22,45000,RENT,1.0,MEDICAL,B,2400,12.42,0.05,N,3,0
17301,28,45000,RENT,0.0,DEBTCONSOLIDATION,B,4000,9.91,0.09,N,10,0
17302,38,55365,MORTGAGE,1.0,PERSONAL,D,2500,14.59,0.04,N,11,1
17303,35,50000,RENT,0.0,DEBTCONSOLIDATION,C,4375,13.49,0.09,N,6,0
17304,23,44000,RENT,4.0,MEDICAL,A,6000,7.51,0.14,N,3,0
17305,23,54996,RENT,2.0,VENTURE,E,20000,12.53,0.36,Y,3,1
17306,27,85000,RENT,3.0,VENTURE,E,8000,15.68,0.09,N,6,0
17307,23,38000,RENT,4.0,PERSONAL,B,7200,9.25,0.18,N,4,0
17308,25,60000,RENT,0.0,EDUCATION,B,8400,9.62,0.14,N,4,0
17309,31,30000,MORTGAGE,3.0,MEDICAL,B,2000,11.48,0.07,N,7,0
17310,28,78000,MORTGAGE,1.0,VENTURE,A,10000,6.54,0.13,N,7,0
17311,25,95000,RENT,6.0,HOMEIMPROVEMENT,A,10000,7.51,0.11,N,3,0
17312,32,115000,MORTGAGE,2.0,MEDICAL,A,8000,7.51,0.07,N,6,0
17313,22,65000,MORTGAGE,6.0,PERSONAL,B,7000,12.69,0.11,N,4,0
17314,24,59000,MORTGAGE,5.0,MEDICAL,D,10000,15.31,0.17,N,2,1
17315,23,130000,MORTGAGE,5.0,EDUCATION,D,4000,16.29,0.03,N,4,0
17316,25,83000,MORTGAGE,9.0,DEBTCONSOLIDATION,A,10000,7.66,0.12,N,4,0
17317,26,56253,MORTGAGE,7.0,EDUCATION,B,12250,10.36,0.21,N,4,0
17318,25,33000,RENT,3.0,EDUCATION,A,6000,7.49,0.18,N,2,0
17319,24,120000,MORTGAGE,8.0,MEDICAL,A,5000,7.68,0.04,N,4,0
17320,21,19000,RENT,2.0,PERSONAL,D,3500,14.74,0.18,N,2,1
17321,24,40000,RENT,3.0,EDUCATION,E,4800,18.64,0.12,N,3,0
17322,21,93000,RENT,5.0,VENTURE,C,14400,12.23,0.15,Y,4,0
17323,23,44000,OWN,0.0,EDUCATION,A,12000,7.88,0.27,N,2,0
17324,31,68000,MORTGAGE,8.0,VENTURE,A,13000,8.9,0.19,N,8,0
17325,25,45000,RENT,2.0,EDUCATION,B,8000,10.59,0.18,N,4,0
17326,31,102000,MORTGAGE,3.0,MEDICAL,C,18000,13.48,0.18,Y,8,0
17327,24,28800,OTHER,6.0,EDUCATION,C,2400,14.27,0.08,N,4,0
17328,24,18000,RENT,1.0,PERSONAL,C,4000,12.68,0.22,Y,4,1
17329,34,36000,RENT,0.0,MEDICAL,A,4800,8.49,0.13,N,10,0
17330,22,36000,RENT,5.0,PERSONAL,B,5000,11.11,0.14,N,3,0
17331,43,48000,RENT,17.0,HOMEIMPROVEMENT,B,2000,10.37,0.04,N,2,0
17332,23,75000,MORTGAGE,7.0,MEDICAL,A,4500,7.49,0.06,N,4,0
17333,23,70000,MORTGAGE,7.0,PERSONAL,A,5000,6.03,0.07,N,2,0
17334,25,80000,OWN,9.0,VENTURE,A,7000,5.79,0.09,N,2,0
17335,28,100000,MORTGAGE,12.0,MEDICAL,A,12000,7.49,0.12,N,10,0
17336,25,26400,RENT,2.0,VENTURE,A,8875,7.51,0.34,N,2,1
17337,26,94000,RENT,3.0,HOMEIMPROVEMENT,A,15600,6.17,0.17,N,2,0
17338,23,60000,MORTGAGE,7.0,PERSONAL,B,7000,10.71,0.11,N,3,0
17339,21,35000,RENT,5.0,EDUCATION,B,7000,11.48,0.2,N,3,0
17340,27,40000,RENT,9.0,VENTURE,A,12000,6.54,0.3,N,6,0
17341,25,30000,RENT,6.0,PERSONAL,C,3000,12.99,0.1,Y,2,0
17342,28,43000,RENT,3.0,MEDICAL,A,2500,5.79,0.06,N,5,0
17343,26,65000,MORTGAGE,10.0,VENTURE,D,10000,16.0,0.15,N,3,0
17344,23,113000,MORTGAGE,2.0,EDUCATION,D,20000,14.54,0.18,N,3,1
17345,25,42000,RENT,4.0,MEDICAL,C,7000,15.96,0.17,Y,2,0
17346,21,27600,RENT,1.0,DEBTCONSOLIDATION,A,4000,5.99,0.14,N,2,0
17347,23,40000,RENT,1.0,MEDICAL,C,9600,14.65,0.24,Y,4,0
17348,28,65000,MORTGAGE,3.0,VENTURE,A,10000,6.62,0.15,N,6,0
17349,22,120000,RENT,0.0,VENTURE,A,5000,7.14,0.04,N,4,0
17350,21,42000,RENT,1.0,MEDICAL,A,3000,6.03,0.07,N,2,0
17351,23,54000,RENT,1.0,EDUCATION,G,5000,20.16,0.09,N,2,1
17352,22,29000,MORTGAGE,4.0,HOMEIMPROVEMENT,B,3000,11.99,0.11,N,4,1
17353,25,49500,MORTGAGE,9.0,MEDICAL,A,9000,7.49,0.18,N,4,0
17354,24,32400,RENT,0.0,MEDICAL,B,2250,10.99,0.07,N,3,0
17355,30,49000,MORTGAGE,6.0,PERSONAL,A,4000,5.79,0.08,N,7,0
17356,27,66000,MORTGAGE,3.0,PERSONAL,A,3000,7.51,0.05,N,8,0
17357,22,27000,OWN,4.0,MEDICAL,B,6000,10.0,0.22,N,2,0
17358,25,98004,MORTGAGE,9.0,PERSONAL,A,10000,6.54,0.1,N,3,0
17359,23,47000,RENT,4.0,PERSONAL,B,7000,10.75,0.15,N,2,0
17360,22,30000,RENT,0.0,VENTURE,C,6000,13.49,0.2,N,4,0
17361,31,25200,RENT,0.0,MEDICAL,C,1500,14.27,0.06,Y,6,0
17362,22,84996,MORTGAGE,4.0,PERSONAL,B,8000,12.69,0.09,N,3,0
17363,25,90000,RENT,0.0,EDUCATION,B,8000,12.53,0.09,N,4,0
17364,26,42000,MORTGAGE,3.0,DEBTCONSOLIDATION,A,8500,7.49,0.2,N,3,0
17365,21,40000,RENT,3.0,DEBTCONSOLIDATION,C,10000,13.61,0.25,N,4,0
17366,36,53000,RENT,3.0,HOMEIMPROVEMENT,C,4200,13.06,0.08,N,17,0
17367,22,30000,RENT,1.0,DEBTCONSOLIDATION,C,12000,13.48,0.4,N,4,1
17368,25,75000,MORTGAGE,5.0,HOMEIMPROVEMENT,A,9600,7.66,0.12,N,2,0
17369,25,40000,RENT,3.0,EDUCATION,A,8000,6.03,0.2,N,2,0
17370,28,42000,RENT,4.0,DEBTCONSOLIDATION,C,3500,14.65,0.08,Y,5,0
17371,27,51996,RENT,4.0,EDUCATION,C,5000,13.47,0.1,Y,8,0
17372,24,52000,RENT,2.0,VENTURE,D,25000,12.99,0.48,N,3,1
17373,26,35000,MORTGAGE,10.0,DEBTCONSOLIDATION,A,10000,6.62,0.29,N,2,0
17374,22,40000,OWN,6.0,PERSONAL,D,4000,15.65,0.1,Y,4,0
17375,31,50000,RENT,4.0,PERSONAL,B,6000,11.12,0.12,N,5,0
17376,27,28000,RENT,2.0,MEDICAL,A,7000,9.32,0.25,N,10,0
17377,24,38000,MORTGAGE,7.0,HOMEIMPROVEMENT,C,7500,13.99,0.2,N,4,0
17378,25,73000,MORTGAGE,2.0,VENTURE,A,9500,7.51,0.13,N,4,0
17379,24,38400,RENT,3.0,DEBTCONSOLIDATION,C,2500,13.8,0.06,Y,2,0
17380,23,49548,RENT,3.0,PERSONAL,A,5000,7.14,0.1,N,2,0
17381,32,42000,RENT,4.0,HOMEIMPROVEMENT,C,10000,14.65,0.24,N,8,0
17382,23,65000,RENT,1.0,EDUCATION,C,5000,13.47,0.08,N,4,0
17383,22,54566,MORTGAGE,6.0,MEDICAL,C,2000,13.16,0.04,N,4,0
17384,25,153000,MORTGAGE,1.0,MEDICAL,B,7500,11.71,0.05,N,4,0
17385,27,150000,MORTGAGE,11.0,HOMEIMPROVEMENT,A,8000,6.03,0.05,N,10,0
17386,27,149981,MORTGAGE,7.0,VENTURE,C,25000,12.98,0.17,N,8,0
17387,22,1900000,MORTGAGE,6.0,EDUCATION,D,1500,15.62,0.0,Y,3,0
17388,24,85000,RENT,1.0,VENTURE,A,24000,6.54,0.28,N,4,0
17389,37,78000,MORTGAGE,0.0,DEBTCONSOLIDATION,A,10000,9.63,0.13,N,16,1
17390,28,28800,RENT,2.0,PERSONAL,A,4000,6.99,0.14,N,5,0
17391,29,80000,RENT,4.0,DEBTCONSOLIDATION,C,16000,13.49,0.2,N,5,0
17392,28,18000,OWN,5.0,HOMEIMPROVEMENT,A,4000,7.88,0.22,N,6,0
17393,30,72000,RENT,3.0,VENTURE,A,15000,6.62,0.21,N,5,0
17394,27,100000,MORTGAGE,11.0,PERSONAL,B,15000,9.91,0.15,N,8,0
17395,37,42000,RENT,2.0,MEDICAL,B,10000,9.99,0.24,N,16,0
17396,27,70000,MORTGAGE,8.0,EDUCATION,A,3500,5.42,0.05,N,9,0
17397,23,42996,RENT,0.0,EDUCATION,B,8000,10.71,0.19,N,2,0
17398,41,63000,RENT,6.0,HOMEIMPROVEMENT,B,14000,10.59,0.23,N,13,0
17399,25,96000,RENT,0.0,MEDICAL,B,1800,12.42,0.02,N,2,0
17400,30,97000,MORTGAGE,14.0,HOMEIMPROVEMENT,A,8000,6.03,0.08,N,10,0
17401,29,42000,MORTGAGE,5.0,MEDICAL,B,10000,9.63,0.24,N,5,0
17402,23,110000,MORTGAGE,7.0,MEDICAL,B,5000,11.49,0.05,N,4,0
17403,24,42000,RENT,8.0,DEBTCONSOLIDATION,A,8500,6.92,0.2,N,3,0
17404,24,50000,RENT,7.0,HOMEIMPROVEMENT,B,5500,12.42,0.11,N,3,0
17405,36,59393,RENT,2.0,DEBTCONSOLIDATION,C,2400,13.49,0.04,Y,14,0
17406,22,37000,RENT,2.0,DEBTCONSOLIDATION,C,12800,12.73,0.35,N,4,1
17407,38,45000,OWN,5.0,VENTURE,B,6325,10.99,0.14,N,17,0
17408,27,40000,RENT,1.0,MEDICAL,A,6000,8.63,0.15,N,9,0
17409,24,55000,RENT,5.0,EDUCATION,A,15000,8.49,0.27,N,2,1
17410,22,30000,MORTGAGE,0.0,DEBTCONSOLIDATION,C,10000,13.49,0.33,N,4,1
17411,22,25200,RENT,3.0,EDUCATION,C,4000,14.26,0.16,N,3,0
17412,38,60000,MORTGAGE,8.0,HOMEIMPROVEMENT,B,21000,11.71,0.35,N,14,0
17413,52,44000,RENT,0.0,DEBTCONSOLIDATION,B,5500,10.99,0.13,N,22,1
17414,44,108000,MORTGAGE,4.0,PERSONAL,A,8000,8.9,0.07,N,11,0
17415,26,72000,MORTGAGE,10.0,DEBTCONSOLIDATION,D,15000,14.96,0.21,Y,3,1
17416,27,39200,RENT,1.0,PERSONAL,B,2200,10.0,0.06,N,5,0
17417,31,50000,MORTGAGE,0.0,PERSONAL,A,20000,6.91,0.4,N,9,0
17418,27,50000,MORTGAGE,6.0,MEDICAL,A,10800,7.88,0.21,N,7,0
17419,24,113000,MORTGAGE,3.0,EDUCATION,B,25000,12.53,0.22,N,3,0
17420,23,39000,MORTGAGE,7.0,DEBTCONSOLIDATION,D,4000,15.62,0.1,Y,3,1
17421,28,54996,MORTGAGE,7.0,HOMEIMPROVEMENT,B,5000,11.86,0.09,N,8,0
17422,37,100000,RENT,1.0,VENTURE,C,20000,11.41,0.2,N,11,0
17423,22,60000,MORTGAGE,6.0,PERSONAL,B,10000,10.99,0.17,N,3,0
17424,26,70000,MORTGAGE,0.0,MEDICAL,A,10200,5.42,0.15,N,3,0
17425,25,39000,MORTGAGE,4.0,EDUCATION,A,6400,5.99,0.16,N,4,0
17426,24,115000,MORTGAGE,8.0,DEBTCONSOLIDATION,B,4000,11.99,0.03,N,4,0
17427,32,54996,RENT,7.0,MEDICAL,C,19400,12.53,0.35,N,5,1
17428,36,80000,RENT,3.0,HOMEIMPROVEMENT,B,35000,10.62,0.44,N,11,1
17429,22,50000,RENT,5.0,EDUCATION,B,17000,11.71,0.34,N,4,0
17430,30,38000,RENT,0.0,MEDICAL,A,10000,7.88,0.26,N,9,0
17431,38,150000,MORTGAGE,5.0,DEBTCONSOLIDATION,B,30000,10.37,0.2,N,15,0
17432,55,45000,RENT,2.0,PERSONAL,D,8000,14.84,0.18,N,26,1
17433,28,50000,MORTGAGE,12.0,EDUCATION,A,15000,8.9,0.3,N,10,0
17434,27,75000,RENT,3.0,VENTURE,B,10000,10.0,0.13,N,6,0
17435,37,30000,RENT,2.0,PERSONAL,B,8000,12.53,0.27,N,17,1
17436,29,70000,RENT,3.0,PERSONAL,C,12000,12.53,0.17,Y,7,0
17437,28,108000,MORTGAGE,4.0,PERSONAL,D,25000,14.61,0.23,Y,5,1
17438,51,55000,RENT,3.0,VENTURE,B,5000,10.38,0.09,N,25,0
17439,25,62400,RENT,3.0,VENTURE,C,5000,12.87,0.08,N,4,0
17440,31,85000,MORTGAGE,1.0,VENTURE,B,8000,11.14,0.09,N,5,0
17441,24,75000,RENT,8.0,EDUCATION,B,3000,11.83,0.04,N,3,0
17442,28,78000,RENT,0.0,MEDICAL,A,24000,7.9,0.3,N,8,0
17443,23,55000,RENT,7.0,PERSONAL,B,10000,10.99,0.18,N,3,0
17444,30,42000,RENT,3.0,DEBTCONSOLIDATION,B,14000,9.91,0.35,N,5,1
17445,25,100000,MORTGAGE,2.0,VENTURE,B,6000,10.74,0.06,N,4,0
17446,42,38400,MORTGAGE,6.0,PERSONAL,A,5000,7.51,0.13,N,17,0
17447,26,29000,RENT,4.0,EDUCATION,B,10000,9.91,0.34,N,2,1
17448,42,130000,MORTGAGE,17.0,HOMEIMPROVEMENT,B,25000,10.75,0.19,N,12,0
17449,26,48000,RENT,2.0,DEBTCONSOLIDATION,C,14300,13.49,0.31,Y,3,1
17450,21,44000,RENT,3.0,DEBTCONSOLIDATION,A,7500,8.49,0.17,N,3,0
17451,23,45000,MORTGAGE,7.0,VENTURE,A,5000,5.42,0.11,N,4,0
17452,32,60000,MORTGAGE,5.0,EDUCATION,A,7000,7.88,0.12,N,10,0
17453,25,42000,RENT,6.0,MEDICAL,B,5000,11.49,0.12,N,3,0
17454,24,64000,RENT,8.0,PERSONAL,D,12000,14.46,0.19,N,4,0
17455,23,24000,RENT,1.0,PERSONAL,D,4750,15.99,0.2,Y,4,1
17456,37,60000,RENT,2.0,MEDICAL,A,12000,8.59,0.2,N,15,0
17457,25,83004,RENT,3.0,DEBTCONSOLIDATION,D,19600,15.28,0.22,Y,4,1
17458,23,90000,MORTGAGE,5.0,EDUCATION,B,15000,10.62,0.17,N,4,0
17459,29,105000,MORTGAGE,8.0,HOMEIMPROVEMENT,B,30000,11.11,0.29,N,9,0
17460,24,58800,RENT,3.0,DEBTCONSOLIDATION,B,3000,9.99,0.05,N,2,0
17461,25,35000,MORTGAGE,1.0,DEBTCONSOLIDATION,A,13475,7.88,0.39,N,3,0
17462,22,105000,MORTGAGE,7.0,EDUCATION,C,7200,15.23,0.07,N,4,0
17463,28,54400,MORTGAGE,11.0,MEDICAL,D,11000,15.33,0.17,Y,5,1
17464,24,69000,RENT,5.0,HOMEIMPROVEMENT,D,10000,16.89,0.14,N,3,0
17465,28,45000,MORTGAGE,12.0,VENTURE,C,10000,13.85,0.22,N,9,0
17466,22,47000,MORTGAGE,0.0,EDUCATION,A,13000,8.49,0.28,N,3,0
17467,27,46800,MORTGAGE,3.0,DEBTCONSOLIDATION,A,12000,7.88,0.26,N,8,0
17468,41,140000,MORTGAGE,6.0,DEBTCONSOLIDATION,A,30000,6.91,0.23,N,14,0
17469,34,90000,RENT,5.0,HOMEIMPROVEMENT,B,11000,11.49,0.13,N,6,0
17470,27,78000,RENT,0.0,MEDICAL,B,13000,11.71,0.17,N,10,0
17471,27,65000,MORTGAGE,1.0,VENTURE,A,15000,7.9,0.23,N,5,0
17472,24,110000,RENT,8.0,EDUCATION,A,12000,7.88,0.11,N,2,0
17473,23,26400,RENT,6.0,PERSONAL,B,7500,12.69,0.28,N,4,0
17474,24,120000,RENT,8.0,DEBTCONSOLIDATION,C,3600,14.22,0.03,N,4,0
17475,24,65000,MORTGAGE,8.0,VENTURE,A,8000,7.49,0.12,N,2,0
17476,24,56000,RENT,2.0,HOMEIMPROVEMENT,D,16120,15.65,0.29,Y,4,1
17477,24,70000,MORTGAGE,2.0,DEBTCONSOLIDATION,A,4500,6.62,0.06,N,2,0
17478,30,102000,MORTGAGE,11.0,DEBTCONSOLIDATION,C,25000,14.22,0.25,Y,9,1
17479,22,29004,RENT,6.0,EDUCATION,A,10000,7.51,0.34,N,2,1
17480,32,100000,RENT,3.0,VENTURE,B,5000,9.99,0.05,N,7,0
17481,22,45000,RENT,3.0,PERSONAL,B,10000,9.91,0.22,N,2,0
17482,31,90000,MORTGAGE,15.0,HOMEIMPROVEMENT,A,21000,6.03,0.23,N,7,0
17483,43,74000,MORTGAGE,13.0,HOMEIMPROVEMENT,A,8500,8.9,0.11,N,15,0
17484,27,32000,RENT,0.0,MEDICAL,A,12000,6.91,0.38,N,6,1
17485,29,110000,RENT,13.0,VENTURE,A,9000,7.51,0.08,N,10,0
17486,30,40000,OWN,5.0,HOMEIMPROVEMENT,B,20000,12.18,0.5,N,6,0
17487,23,80000,MORTGAGE,2.0,PERSONAL,C,15000,13.16,0.19,N,3,0
17488,23,43992,RENT,7.0,VENTURE,D,14000,13.24,0.32,N,3,1
17489,24,62400,RENT,0.0,HOMEIMPROVEMENT,B,3500,10.99,0.06,N,4,0
17490,22,50000,RENT,0.0,EDUCATION,C,7000,14.65,0.14,N,3,0
17491,37,43000,RENT,1.0,MEDICAL,C,8000,13.49,0.19,N,11,0
17492,22,40000,MORTGAGE,6.0,EDUCATION,A,3675,6.17,0.09,N,4,0
17493,27,92000,MORTGAGE,11.0,HOMEIMPROVEMENT,C,6000,13.92,0.07,N,6,0
17494,21,57500,RENT,5.0,VENTURE,B,6500,10.99,0.11,N,3,0
17495,42,39996,RENT,1.0,PERSONAL,B,12000,8.88,0.3,N,16,0
17496,30,54000,MORTGAGE,2.0,DEBTCONSOLIDATION,B,13000,11.83,0.24,N,9,0
17497,22,51996,MORTGAGE,6.0,PERSONAL,B,5000,10.74,0.1,N,2,0
17498,22,27120,RENT,0.0,MEDICAL,B,9250,12.53,0.34,N,3,1
17499,36,26000,RENT,2.0,PERSONAL,D,10000,14.11,0.38,Y,17,1
17500,24,55600,MORTGAGE,8.0,EDUCATION,B,5600,10.37,0.11,N,2,0
17501,45,140000,MORTGAGE,18.0,HOMEIMPROVEMENT,A,7000,6.62,0.05,N,11,0
17502,24,52800,RENT,8.0,PERSONAL,A,3600,7.51,0.07,N,4,0
17503,28,80000,MORTGAGE,12.0,MEDICAL,A,5000,7.14,0.06,N,5,0
17504,23,90000,RENT,0.0,PERSONAL,A,1000,7.75,0.01,N,3,0
17505,27,34000,RENT,1.0,EDUCATION,B,5100,11.89,0.15,N,5,0
17506,22,30000,RENT,4.0,MEDICAL,D,1200,15.21,0.04,N,2,1
17507,23,55000,RENT,3.0,VENTURE,A,4800,6.91,0.09,N,4,0
17508,24,98850,RENT,6.0,EDUCATION,C,12500,12.61,0.13,Y,2,0
17509,25,40000,RENT,9.0,DEBTCONSOLIDATION,B,5000,12.42,0.13,N,2,0
17510,25,54000,MORTGAGE,5.0,VENTURE,A,10000,7.51,0.19,N,4,0
17511,35,70000,RENT,6.0,VENTURE,B,19000,8.88,0.26,N,8,0
17512,22,53000,RENT,3.0,EDUCATION,C,13000,12.73,0.24,N,4,0
17513,25,30000,RENT,3.0,VENTURE,C,15000,14.22,0.5,Y,4,1
17514,30,89800,RENT,4.0,HOMEIMPROVEMENT,B,2100,11.14,0.02,N,8,0
17515,28,74000,MORTGAGE,12.0,VENTURE,A,15000,7.51,0.2,N,8,0
17516,28,36000,RENT,5.0,MEDICAL,B,12000,9.91,0.33,N,7,1
17517,23,78000,MORTGAGE,1.0,VENTURE,C,3200,13.92,0.04,N,2,0
17518,23,72000,MORTGAGE,7.0,EDUCATION,C,6000,13.49,0.08,N,2,0
17519,33,30000,RENT,2.0,EDUCATION,E,10000,19.42,0.33,N,9,1
17520,22,48000,RENT,1.0,EDUCATION,B,5000,10.08,0.1,N,2,0
17521,27,77000,MORTGAGE,2.0,MEDICAL,A,10000,8.0,0.13,N,10,0
17522,23,72000,RENT,4.0,EDUCATION,B,10000,11.99,0.14,N,2,0
17523,22,32400,MORTGAGE,6.0,PERSONAL,C,6300,12.29,0.2,N,4,0
17524,21,42000,RENT,3.0,DEBTCONSOLIDATION,C,3000,11.78,0.07,N,2,0
17525,23,38400,RENT,5.0,EDUCATION,B,7000,11.49,0.18,N,4,0
17526,22,50000,RENT,6.0,PERSONAL,C,5000,13.49,0.1,Y,2,0
17527,25,115000,MORTGAGE,8.0,EDUCATION,A,5000,7.9,0.04,N,4,0
17528,24,25000,RENT,1.0,PERSONAL,C,9250,13.16,0.37,N,3,1
17529,26,40000,MORTGAGE,0.0,DEBTCONSOLIDATION,A,6000,5.42,0.15,N,3,0
17530,23,62000,RENT,8.0,EDUCATION,C,7500,11.03,0.12,N,2,0
17531,32,60000,MORTGAGE,5.0,PERSONAL,A,6000,6.99,0.1,N,7,0
17532,27,63000,RENT,3.0,EDUCATION,C,10000,14.79,0.16,Y,7,0
17533,24,76000,RENT,7.0,EDUCATION,B,6000,11.49,0.08,N,3,0
17534,25,30000,RENT,9.0,DEBTCONSOLIDATION,D,10000,15.33,0.33,N,2,1
17535,27,35000,RENT,2.0,VENTURE,B,10000,10.59,0.29,N,5,0
17536,33,21000,RENT,0.0,DEBTCONSOLIDATION,B,3000,11.83,0.14,N,6,0
17537,24,55000,RENT,1.0,EDUCATION,C,3500,12.99,0.06,Y,2,0
17538,27,52000,RENT,6.0,PERSONAL,B,4600,11.86,0.09,N,10,0
17539,23,70000,RENT,1.0,VENTURE,B,10000,11.89,0.14,N,3,0
17540,24,40000,RENT,8.0,EDUCATION,A,3000,5.42,0.07,N,2,0
17541,22,85000,MORTGAGE,6.0,EDUCATION,C,15000,13.47,0.18,N,3,0
17542,38,118000,MORTGAGE,27.0,VENTURE,B,25000,11.58,0.21,N,13,1
17543,31,60000,MORTGAGE,15.0,PERSONAL,B,6000,11.49,0.1,N,5,0
17544,22,72000,MORTGAGE,6.0,VENTURE,A,6000,5.79,0.08,N,2,0
17545,29,45600,RENT,0.0,EDUCATION,C,15000,12.68,0.34,Y,5,1
17546,27,45000,RENT,4.0,EDUCATION,B,10000,9.91,0.22,N,8,0
17547,28,66000,RENT,3.0,EDUCATION,B,25000,10.75,0.38,N,8,1
17548,23,30000,RENT,0.0,VENTURE,A,5000,7.74,0.17,N,4,0
17549,24,100000,RENT,3.0,PERSONAL,A,10000,7.88,0.1,N,2,0
17550,23,57200,MORTGAGE,4.0,PERSONAL,A,5500,6.03,0.1,N,3,0
17551,26,100000,MORTGAGE,10.0,DEBTCONSOLIDATION,B,14500,11.14,0.14,N,3,0
17552,33,70000,MORTGAGE,4.0,DEBTCONSOLIDATION,A,15000,7.29,0.21,N,5,0
17553,41,75000,RENT,5.0,MEDICAL,B,10000,10.62,0.13,N,17,0
17554,32,44000,MORTGAGE,14.0,PERSONAL,D,16750,14.42,0.4,N,9,0
17555,25,36000,RENT,9.0,MEDICAL,B,3000,12.42,0.08,N,3,0
17556,25,130000,MORTGAGE,9.0,EDUCATION,A,10000,7.49,0.08,N,2,0
17557,37,23004,RENT,0.0,VENTURE,B,11500,11.14,0.48,N,14,1
17558,32,95000,MORTGAGE,5.0,PERSONAL,A,8000,6.17,0.08,N,9,0
17559,23,84000,MORTGAGE,2.0,EDUCATION,A,3000,7.14,0.04,N,4,0
17560,23,20000,RENT,5.0,VENTURE,B,6000,9.25,0.3,N,4,0
17561,43,47000,MORTGAGE,11.0,MEDICAL,A,7500,6.62,0.16,N,16,0
17562,26,80000,MORTGAGE,10.0,DEBTCONSOLIDATION,B,12000,12.42,0.15,N,2,0
17563,27,60000,RENT,4.0,PERSONAL,A,12000,5.79,0.2,N,9,0
17564,37,40000,RENT,1.0,VENTURE,C,15000,12.84,0.38,Y,13,1
17565,23,42000,RENT,7.0,MEDICAL,D,4800,15.65,0.11,N,3,1
17566,24,50000,MORTGAGE,8.0,DEBTCONSOLIDATION,A,9000,5.42,0.18,N,2,0
17567,22,65000,RENT,0.0,VENTURE,B,4000,10.99,0.06,N,2,0
17568,29,40000,RENT,5.0,MEDICAL,A,10000,7.49,0.25,N,5,0
17569,27,75000,RENT,11.0,MEDICAL,B,10000,12.69,0.13,N,8,0
17570,44,75000,RENT,4.0,MEDICAL,B,6000,11.86,0.08,N,11,0
17571,34,25000,RENT,3.0,VENTURE,B,9450,11.71,0.38,N,9,1
17572,36,120000,MORTGAGE,3.0,PERSONAL,B,25000,11.49,0.21,N,14,0
17573,22,44000,RENT,7.0,DEBTCONSOLIDATION,B,16200,11.99,0.38,N,4,1
17574,25,60000,RENT,5.0,HOMEIMPROVEMENT,C,10000,13.11,0.17,N,2,0
17575,25,87000,MORTGAGE,7.0,EDUCATION,D,12000,15.99,0.14,Y,2,0
17576,27,35000,RENT,1.0,VENTURE,B,10000,12.69,0.29,N,7,0
17577,21,28150,RENT,0.0,MEDICAL,B,8000,10.99,0.3,N,3,0
17578,24,39000,RENT,2.0,HOMEIMPROVEMENT,B,10000,12.18,0.26,N,2,1
17579,22,50000,MORTGAGE,6.0,EDUCATION,C,5000,12.61,0.1,N,2,0
17580,23,91000,RENT,1.0,PERSONAL,B,21000,9.99,0.24,N,3,0
17581,24,62000,RENT,1.0,PERSONAL,B,8000,10.08,0.13,N,3,0
17582,28,54100,RENT,2.0,MEDICAL,B,4500,10.99,0.08,N,9,0
17583,62,78000,MORTGAGE,27.0,PERSONAL,B,3000,9.91,0.04,N,19,0
17584,22,25000,RENT,3.0,MEDICAL,B,2500,9.62,0.1,N,2,0
17585,25,40800,RENT,9.0,VENTURE,B,5000,11.49,0.12,N,3,0
17586,25,33600,RENT,0.0,PERSONAL,B,5000,11.86,0.15,N,3,0
17587,27,65000,MORTGAGE,6.0,DEBTCONSOLIDATION,A,4000,7.14,0.06,N,7,0
17588,23,66000,MORTGAGE,7.0,HOMEIMPROVEMENT,D,20000,15.65,0.3,Y,4,1
17589,22,80000,RENT,6.0,PERSONAL,A,18000,5.79,0.23,N,4,0
17590,24,68000,MORTGAGE,2.0,HOMEIMPROVEMENT,C,4800,12.73,0.07,N,3,0
17591,23,40000,RENT,5.0,EDUCATION,B,6000,10.75,0.15,N,2,0
17592,35,80000,RENT,4.0,HOMEIMPROVEMENT,C,5000,13.49,0.06,Y,5,0
17593,31,60000,RENT,1.0,MEDICAL,A,2000,7.29,0.03,N,6,0
17594,24,47256,RENT,6.0,MEDICAL,A,4000,7.29,0.09,N,3,0
17595,22,24000,RENT,4.0,PERSONAL,B,4000,10.37,0.17,N,2,0
17596,32,105000,MORTGAGE,1.0,MEDICAL,B,15000,11.36,0.14,N,6,0
17597,26,62900,MORTGAGE,0.0,MEDICAL,A,10000,7.51,0.14,N,4,0
17598,36,60000,MORTGAGE,3.0,VENTURE,A,8000,7.51,0.13,N,12,0
17599,26,45150,RENT,1.0,EDUCATION,B,17500,9.99,0.4,N,2,1
17600,27,31000,MORTGAGE,2.0,VENTURE,A,4000,6.76,0.13,N,5,0
17601,25,70000,MORTGAGE,9.0,PERSONAL,A,6000,5.42,0.09,N,3,0
17602,39,133000,RENT,4.0,DEBTCONSOLIDATION,D,20000,15.65,0.15,N,11,1
17603,25,62000,RENT,4.0,PERSONAL,B,12000,10.0,0.19,N,2,0
17604,24,140000,MORTGAGE,8.0,EDUCATION,A,20000,5.42,0.14,N,2,0
17605,27,70000,MORTGAGE,7.0,DEBTCONSOLIDATION,B,15000,9.88,0.21,N,6,0
17606,25,41000,MORTGAGE,3.0,EDUCATION,B,3000,12.69,0.07,N,2,1
17607,24,75000,MORTGAGE,3.0,PERSONAL,A,10000,5.42,0.13,N,2,0
17608,25,45000,RENT,9.0,VENTURE,B,10200,10.25,0.22,N,4,0
17609,23,115000,MORTGAGE,1.0,EDUCATION,B,12000,11.83,0.1,N,4,0
17610,26,27000,RENT,3.0,PERSONAL,A,8500,9.63,0.32,N,4,1
17611,24,45000,OWN,6.0,PERSONAL,D,11250,15.33,0.25,Y,4,0
17612,30,99600,RENT,1.0,MEDICAL,A,5000,7.51,0.05,N,6,0
17613,25,50000,RENT,5.0,PERSONAL,A,10000,7.51,0.2,N,2,0
17614,25,63250,RENT,0.0,PERSONAL,A,12000,7.29,0.19,N,3,0
17615,40,44000,RENT,2.0,HOMEIMPROVEMENT,B,3000,11.49,0.07,N,14,1
17616,22,50000,RENT,0.0,EDUCATION,A,10000,7.29,0.2,N,4,0
17617,32,51000,MORTGAGE,16.0,MEDICAL,B,7200,10.65,0.14,N,5,0
17618,21,29000,MORTGAGE,5.0,MEDICAL,B,10000,10.99,0.34,N,2,0
17619,25,40000,RENT,0.0,DEBTCONSOLIDATION,B,12000,10.38,0.3,N,4,0
17620,22,160000,MORTGAGE,2.0,EDUCATION,D,12000,15.65,0.07,N,2,0
17621,26,48996,MORTGAGE,8.0,MEDICAL,A,5000,7.9,0.1,N,2,0
17622,31,90000,RENT,6.0,MEDICAL,B,1500,10.25,0.02,N,8,0
17623,30,36000,RENT,3.0,DEBTCONSOLIDATION,B,12000,11.49,0.33,N,6,1
17624,37,35000,RENT,1.0,EDUCATION,A,7000,8.9,0.2,N,13,0
17625,23,45000,RENT,1.0,EDUCATION,B,15000,10.37,0.33,N,3,1
17626,27,55016,RENT,5.0,HOMEIMPROVEMENT,C,8500,13.22,0.16,N,10,0
17627,38,80000,RENT,0.0,HOMEIMPROVEMENT,B,23000,9.62,0.29,N,11,0
17628,23,49150,RENT,5.0,PERSONAL,A,14000,7.9,0.28,N,3,0
17629,23,135000,RENT,2.0,PERSONAL,D,10000,16.89,0.07,N,2,0
17630,24,60000,MORTGAGE,8.0,VENTURE,B,4500,9.99,0.07,N,2,0
17631,34,75000,OWN,1.0,PERSONAL,E,16000,15.95,0.21,N,8,0
17632,22,30000,OWN,0.0,EDUCATION,A,5000,7.74,0.17,N,4,0
17633,27,60000,MORTGAGE,7.0,MEDICAL,A,5000,8.0,0.08,N,10,0
17634,28,50000,RENT,6.0,HOMEIMPROVEMENT,C,3000,13.61,0.06,N,6,0
17635,23,67000,RENT,3.0,EDUCATION,B,25000,10.99,0.37,N,4,1
17636,35,87000,MORTGAGE,11.0,PERSONAL,E,18000,17.93,0.21,N,8,0
17637,24,60000,RENT,1.0,VENTURE,A,8600,7.91,0.14,N,2,0
17638,23,43000,MORTGAGE,1.0,EDUCATION,B,8000,11.49,0.19,N,3,0
17639,34,32000,RENT,2.0,DEBTCONSOLIDATION,E,14125,16.45,0.44,N,7,1
17640,23,350000,OWN,7.0,PERSONAL,A,35000,7.49,0.11,N,4,0
17641,32,107203,MORTGAGE,14.0,PERSONAL,B,6000,10.36,0.06,N,7,0
17642,30,74000,MORTGAGE,3.0,PERSONAL,B,8800,10.0,0.12,N,5,0
17643,26,30000,RENT,4.0,MEDICAL,D,5000,16.49,0.17,Y,3,1
17644,28,60000,MORTGAGE,3.0,DEBTCONSOLIDATION,B,20000,11.11,0.33,N,6,0
17645,28,60000,MORTGAGE,13.0,PERSONAL,A,8000,8.59,0.13,N,7,0
17646,69,35000,RENT,0.0,MEDICAL,B,5000,11.11,0.14,N,23,0
17647,21,45000,RENT,3.0,EDUCATION,A,6000,7.88,0.13,N,4,0
17648,37,90000,RENT,1.0,HOMEIMPROVEMENT,C,15000,12.87,0.17,N,14,0
17649,26,46800,RENT,1.0,MEDICAL,A,5000,6.76,0.11,N,2,0
17650,22,54000,RENT,0.0,VENTURE,A,12000,8.49,0.22,N,3,0
17651,33,55000,OWN,2.0,VENTURE,C,6800,12.53,0.12,Y,8,0
17652,25,48000,MORTGAGE,9.0,PERSONAL,B,9600,10.37,0.2,N,4,0
17653,27,76000,MORTGAGE,11.0,VENTURE,A,5000,7.49,0.07,N,5,0
17654,26,30000,RENT,10.0,MEDICAL,D,14800,15.31,0.49,Y,4,1
17655,23,56000,RENT,4.0,DEBTCONSOLIDATION,B,10000,11.49,0.18,N,2,0
17656,30,100000,MORTGAGE,14.0,MEDICAL,B,6000,10.37,0.06,N,8,0
17657,23,50000,MORTGAGE,7.0,VENTURE,B,10000,10.74,0.2,N,3,0
17658,35,52000,MORTGAGE,0.0,VENTURE,B,9000,11.83,0.17,N,8,0
17659,26,120000,MORTGAGE,10.0,EDUCATION,A,8000,7.88,0.07,N,3,0
17660,25,60000,RENT,4.0,VENTURE,A,12500,7.88,0.21,N,3,0
17661,27,54000,MORTGAGE,4.0,DEBTCONSOLIDATION,C,6000,13.23,0.11,Y,8,0
17662,26,77000,MORTGAGE,9.0,DEBTCONSOLIDATION,E,16000,16.32,0.19,N,4,1
17663,25,72000,RENT,3.0,DEBTCONSOLIDATION,A,14800,7.49,0.22,N,3,0
17664,35,65004,RENT,5.0,VENTURE,B,11000,11.26,0.17,N,6,0
17665,22,60000,MORTGAGE,3.0,EDUCATION,C,5000,14.79,0.08,Y,2,0
17666,32,132000,MORTGAGE,16.0,PERSONAL,B,24000,10.99,0.18,N,5,0
17667,25,30000,RENT,0.0,PERSONAL,A,4000,7.29,0.13,N,4,1
17668,28,36000,RENT,7.0,MEDICAL,A,13500,6.62,0.38,N,8,1
17669,24,62000,MORTGAGE,7.0,DEBTCONSOLIDATION,A,4000,8.9,0.06,N,2,0
17670,33,43200,MORTGAGE,11.0,MEDICAL,C,14400,11.78,0.33,Y,6,1
17671,26,85000,MORTGAGE,4.0,HOMEIMPROVEMENT,A,16000,7.51,0.19,N,3,0
17672,25,60000,RENT,3.0,VENTURE,C,4900,13.35,0.08,Y,2,0
17673,29,60000,MORTGAGE,9.0,PERSONAL,A,12000,7.51,0.2,N,9,0
17674,40,120000,OWN,12.0,HOMEIMPROVEMENT,B,6000,8.88,0.05,N,14,0
17675,31,50000,RENT,8.0,MEDICAL,A,8400,6.62,0.17,N,8,0
17676,29,56000,MORTGAGE,3.0,DEBTCONSOLIDATION,B,11500,11.99,0.21,N,7,0
17677,26,50000,RENT,1.0,MEDICAL,B,3000,10.99,0.06,N,3,0
17678,32,49536,MORTGAGE,8.0,MEDICAL,B,5200,10.74,0.1,N,10,0
17679,29,125000,MORTGAGE,3.0,MEDICAL,B,20000,11.12,0.16,N,6,0
17680,41,30000,RENT,7.0,VENTURE,A,4000,7.9,0.13,N,17,0
17681,38,70000,MORTGAGE,7.0,EDUCATION,B,2000,10.36,0.03,N,12,0
17682,39,54000,MORTGAGE,2.0,DEBTCONSOLIDATION,A,6000,7.88,0.11,N,11,0
17683,26,136000,MORTGAGE,10.0,MEDICAL,A,5000,6.99,0.04,N,3,0
17684,23,23000,RENT,3.0,MEDICAL,B,3000,10.37,0.13,N,2,0
17685,27,50000,MORTGAGE,0.0,EDUCATION,A,3000,7.68,0.06,N,7,0
17686,22,25000,OWN,2.0,MEDICAL,B,7200,9.88,0.3,N,3,0
17687,29,30000,OWN,0.0,HOMEIMPROVEMENT,C,5000,12.53,0.17,Y,9,0
17688,25,100000,MORTGAGE,9.0,MEDICAL,B,7500,11.83,0.07,N,3,0
17689,23,60000,MORTGAGE,6.0,PERSONAL,B,7000,10.74,0.12,N,4,0
17690,30,33227,RENT,2.0,VENTURE,B,4000,11.14,0.12,N,9,0
17691,27,45000,RENT,4.0,MEDICAL,A,10000,6.62,0.22,N,7,0
17692,27,70000,RENT,3.0,EDUCATION,C,5000,13.49,0.07,N,8,0
17693,24,60000,RENT,3.0,VENTURE,A,7500,7.88,0.13,N,4,0
17694,29,30000,RENT,13.0,MEDICAL,C,3000,13.92,0.1,N,5,0
17695,28,110000,MORTGAGE,12.0,VENTURE,A,4800,7.74,0.04,N,9,0
17696,23,38000,RENT,2.0,VENTURE,B,8000,11.48,0.21,N,4,0
17697,25,58000,MORTGAGE,8.0,EDUCATION,A,10000,7.49,0.17,N,3,0
17698,29,60000,RENT,1.0,PERSONAL,C,7000,12.99,0.12,Y,6,0
17699,25,57000,RENT,5.0,EDUCATION,A,6400,7.51,0.12,N,2,0
17700,54,150000,MORTGAGE,1.0,VENTURE,A,12000,6.62,0.08,N,19,0
17701,22,54586,RENT,3.0,PERSONAL,B,26800,12.21,0.45,N,2,1
17702,23,50000,MORTGAGE,7.0,VENTURE,A,12000,7.9,0.24,N,4,0
17703,28,200000,MORTGAGE,1.0,HOMEIMPROVEMENT,A,6000,8.59,0.03,N,8,0
17704,22,49400,RENT,0.0,PERSONAL,A,15000,6.54,0.31,N,3,1
17705,24,63500,MORTGAGE,7.0,VENTURE,B,4000,10.08,0.06,N,2,0
17706,22,60000,MORTGAGE,2.0,EDUCATION,A,10000,8.0,0.17,N,3,0
17707,25,36000,RENT,9.0,PERSONAL,A,1500,6.03,0.04,N,3,0
17708,31,125000,MORTGAGE,14.0,VENTURE,C,21000,13.72,0.17,N,8,0
17709,32,69000,RENT,16.0,HOMEIMPROVEMENT,A,10000,7.49,0.14,N,8,0
17710,37,45000,RENT,11.0,EDUCATION,B,5000,11.71,0.11,N,11,0
17711,27,60000,RENT,8.0,PERSONAL,B,5600,10.99,0.09,N,6,0
17712,22,60000,MORTGAGE,4.0,VENTURE,B,15000,8.88,0.25,N,3,0
17713,25,125000,MORTGAGE,3.0,EDUCATION,B,9600,11.99,0.08,N,3,0
17714,23,66000,MORTGAGE,1.0,EDUCATION,B,2800,9.96,0.04,N,3,0
17715,27,36000,RENT,3.0,VENTURE,D,8500,16.35,0.24,N,7,0
17716,36,25000,RENT,2.0,VENTURE,C,3000,15.23,0.12,N,11,0
17717,22,30000,RENT,2.0,EDUCATION,B,6000,10.99,0.2,N,2,0
17718,23,39000,RENT,3.0,PERSONAL,A,8000,5.99,0.21,N,3,0
17719,48,60000,RENT,0.0,DEBTCONSOLIDATION,B,3600,9.91,0.06,N,16,0
17720,22,38400,RENT,0.0,DEBTCONSOLIDATION,C,5000,15.23,0.13,Y,3,1
17721,23,87000,MORTGAGE,3.0,EDUCATION,D,8400,14.84,0.1,N,4,0
17722,21,80000,RENT,5.0,DEBTCONSOLIDATION,B,10000,10.99,0.13,N,3,0
17723,22,38400,RENT,4.0,EDUCATION,C,5000,13.49,0.13,Y,2,0
17724,27,90000,MORTGAGE,0.0,PERSONAL,B,12000,12.21,0.13,N,5,0
17725,21,48000,RENT,5.0,VENTURE,C,5000,12.53,0.1,N,2,0
17726,41,88000,MORTGAGE,3.0,EDUCATION,C,4000,13.49,0.05,Y,15,0
17727,23,70000,RENT,3.0,DEBTCONSOLIDATION,C,6000,13.16,0.09,Y,3,0
17728,24,130000,MORTGAGE,3.0,PERSONAL,C,12000,13.04,0.09,Y,3,0
17729,26,56000,MORTGAGE,0.0,MEDICAL,B,8000,10.65,0.14,N,2,0
17730,27,130000,MORTGAGE,6.0,HOMEIMPROVEMENT,C,12000,13.49,0.09,N,5,0
17731,23,133000,MORTGAGE,0.0,DEBTCONSOLIDATION,A,5000,5.99,0.04,N,3,0
17732,32,75000,MORTGAGE,6.0,PERSONAL,A,6000,7.49,0.08,N,8,0
17733,24,45000,MORTGAGE,8.0,HOMEIMPROVEMENT,A,5500,7.51,0.12,N,4,0
17734,28,42000,RENT,11.0,MEDICAL,B,1200,11.11,0.03,N,10,0
17735,27,96000,RENT,3.0,HOMEIMPROVEMENT,B,10000,9.88,0.1,N,10,0
17736,31,54000,RENT,7.0,PERSONAL,F,7000,16.95,0.13,Y,5,0
17737,29,28800,RENT,2.0,PERSONAL,A,10000,8.49,0.35,N,7,1
17738,29,40000,MORTGAGE,4.0,DEBTCONSOLIDATION,A,3500,7.88,0.09,N,5,0
17739,23,44000,RENT,1.0,EDUCATION,A,10000,7.49,0.23,N,3,0
17740,27,41500,MORTGAGE,2.0,EDUCATION,E,10000,16.7,0.2,N,9,1
17741,30,111996,MORTGAGE,1.0,MEDICAL,A,2500,7.74,0.02,N,6,0
17742,22,23000,RENT,5.0,VENTURE,B,4500,10.37,0.2,N,3,0
17743,28,100000,MORTGAGE,5.0,PERSONAL,B,8000,9.91,0.08,N,9,0
17744,24,65000,MORTGAGE,8.0,DEBTCONSOLIDATION,A,2000,7.9,0.03,N,2,0
17745,25,65000,MORTGAGE,6.0,VENTURE,B,4800,9.99,0.07,N,2,0
17746,34,60000,RENT,9.0,MEDICAL,A,5000,8.9,0.08,N,5,0
17747,32,64000,MORTGAGE,9.0,DEBTCONSOLIDATION,D,8000,12.17,0.13,Y,7,1
17748,28,82600,RENT,6.0,VENTURE,B,16000,12.42,0.19,N,7,0
17749,27,48000,RENT,0.0,MEDICAL,C,2800,13.85,0.06,N,10,0
17750,24,29000,RENT,1.0,VENTURE,C,5000,15.27,0.17,Y,2,1
17751,22,57500,RENT,2.0,DEBTCONSOLIDATION,B,17500,10.0,0.29,N,4,0
17752,26,65000,MORTGAGE,2.0,EDUCATION,B,16000,9.91,0.25,N,3,0
17753,28,94800,MORTGAGE,7.0,VENTURE,E,6000,19.03,0.06,N,6,0
17754,29,38400,MORTGAGE,3.0,VENTURE,C,4000,10.91,0.11,N,9,0
17755,29,135000,MORTGAGE,13.0,PERSONAL,A,8000,7.29,0.06,N,9,0
17756,28,90000,MORTGAGE,3.0,DEBTCONSOLIDATION,B,12000,12.18,0.13,N,6,0
17757,24,42000,RENT,7.0,VENTURE,C,7000,13.99,0.17,N,2,0
17758,23,50000,MORTGAGE,7.0,EDUCATION,A,4800,6.99,0.1,N,2,0
17759,26,100000,MORTGAGE,3.0,EDUCATION,B,7500,10.36,0.07,N,3,0
17760,27,53500,RENT,1.0,EDUCATION,B,2500,10.99,0.05,N,9,0
17761,21,57000,RENT,5.0,PERSONAL,B,10000,11.14,0.18,N,4,0
17762,28,40000,OWN,2.0,PERSONAL,B,5000,11.89,0.13,N,8,0
17763,22,28000,RENT,3.0,MEDICAL,B,1000,11.99,0.04,N,4,0
17764,22,51000,RENT,6.0,MEDICAL,D,16000,17.49,0.31,Y,4,1
17765,23,55000,RENT,2.0,DEBTCONSOLIDATION,D,16500,16.07,0.3,N,4,1
17766,28,90000,MORTGAGE,9.0,DEBTCONSOLIDATION,A,5600,7.49,0.06,N,7,0
17767,29,35000,MORTGAGE,3.0,DEBTCONSOLIDATION,B,6000,11.49,0.17,N,6,0
17768,27,106800,MORTGAGE,1.0,VENTURE,C,15000,12.53,0.14,Y,10,0
17769,23,32000,RENT,6.0,PERSONAL,D,9000,16.77,0.28,Y,2,0
17770,23,48000,MORTGAGE,7.0,PERSONAL,A,5000,8.49,0.1,N,4,0
17771,24,70000,MORTGAGE,2.0,HOMEIMPROVEMENT,B,14000,10.0,0.2,N,3,0
17772,26,108000,MORTGAGE,2.0,HOMEIMPROVEMENT,B,7200,10.65,0.07,N,4,0
17773,32,52500,MORTGAGE,15.0,DEBTCONSOLIDATION,A,9500,5.79,0.18,N,7,0
17774,23,42000,RENT,4.0,VENTURE,B,3000,9.99,0.07,N,2,0
17775,23,54996,RENT,7.0,EDUCATION,B,15600,12.21,0.29,N,2,1
17776,27,50000,RENT,11.0,VENTURE,C,12000,13.48,0.24,N,6,0
17777,47,60000,RENT,5.0,VENTURE,B,18000,10.99,0.3,N,16,0
17778,22,41500,MORTGAGE,2.0,PERSONAL,B,14400,10.37,0.33,N,3,0
17779,32,145000,MORTGAGE,4.0,PERSONAL,B,14000,10.62,0.1,N,9,0
17780,24,36000,RENT,2.0,DEBTCONSOLIDATION,C,5000,12.98,0.14,Y,3,0
17781,32,70000,MORTGAGE,16.0,VENTURE,A,6000,6.99,0.09,N,7,0
17782,26,58000,RENT,5.0,MEDICAL,B,12000,10.37,0.21,N,2,0
17783,24,50000,RENT,0.0,HOMEIMPROVEMENT,F,1750,19.04,0.32,Y,4,1
17784,22,36996,OWN,2.0,VENTURE,C,3200,11.97,0.08,Y,4,0
17785,22,31200,RENT,2.0,EDUCATION,B,8000,11.71,0.26,N,4,0
17786,35,70000,RENT,0.0,MEDICAL,B,4500,12.18,0.06,N,9,0
17787,27,105400,RENT,1.0,DEBTCONSOLIDATION,C,24000,13.49,0.23,Y,10,0
17788,26,42000,MORTGAGE,5.0,VENTURE,C,4800,14.35,0.11,N,3,0
17789,28,55000,MORTGAGE,6.0,EDUCATION,B,10800,11.14,0.21,N,5,0
17790,22,67000,MORTGAGE,6.0,MEDICAL,A,4000,5.42,0.06,N,2,0
17791,26,30000,RENT,1.0,VENTURE,B,1000,10.99,0.03,N,3,0
17792,22,75480,OWN,6.0,VENTURE,A,7000,7.66,0.09,N,4,0
17793,35,30000,MORTGAGE,14.0,HOMEIMPROVEMENT,A,8200,7.29,0.28,N,9,1
17794,25,39600,RENT,2.0,VENTURE,B,1500,9.99,0.04,N,4,0
17795,24,60000,MORTGAGE,7.0,EDUCATION,A,12000,7.51,0.2,N,2,0
17796,24,36500,RENT,3.0,DEBTCONSOLIDATION,D,14000,14.61,0.41,Y,4,1
17797,26,45000,RENT,0.0,VENTURE,A,4500,7.51,0.1,N,3,0
17798,27,35000,OWN,4.0,HOMEIMPROVEMENT,B,12000,12.69,0.34,N,9,0
17799,24,140000,OTHER,8.0,EDUCATION,B,25000,11.71,0.18,N,3,0
17800,51,120000,OWN,2.0,PERSONAL,C,15000,14.65,0.13,N,20,0
17801,30,28800,RENT,0.0,MEDICAL,B,6000,12.69,0.21,N,10,0
17802,32,69000,MORTGAGE,4.0,HOMEIMPROVEMENT,A,15000,6.62,0.22,N,6,0
17803,22,60000,OWN,6.0,VENTURE,A,10000,7.88,0.17,N,4,0
17804,27,65680,RENT,5.0,MEDICAL,B,25000,11.86,0.38,N,9,1
17805,24,100000,RENT,5.0,PERSONAL,D,25000,15.2,0.25,N,2,0
17806,32,29120,RENT,5.0,PERSONAL,D,1600,16.29,0.05,Y,10,0
17807,27,70000,RENT,0.0,MEDICAL,B,15000,10.65,0.21,N,7,0
17808,23,38000,OWN,0.0,EDUCATION,B,5000,11.58,0.13,N,3,0
17809,27,60000,RENT,1.0,PERSONAL,C,12000,12.87,0.2,Y,10,0
17810,23,65004,RENT,0.0,VENTURE,A,9000,7.49,0.15,N,4,0
17811,38,45000,MORTGAGE,2.0,DEBTCONSOLIDATION,A,5000,5.42,0.11,N,12,0
17812,30,39000,RENT,0.0,EDUCATION,D,14000,14.54,0.36,N,10,1
17813,28,57000,MORTGAGE,12.0,PERSONAL,B,3000,9.99,0.05,N,10,0
17814,41,70000,RENT,12.0,PERSONAL,B,20000,11.83,0.29,N,14,0
17815,24,79900,RENT,7.0,EDUCATION,C,6000,13.11,0.07,Y,4,1
17816,23,35000,OWN,3.0,EDUCATION,B,3600,11.83,0.1,N,4,0
17817,25,45000,RENT,4.0,PERSONAL,B,10400,9.91,0.23,N,2,0
17818,23,54000,RENT,3.0,VENTURE,A,13200,6.17,0.24,N,4,0
17819,25,120000,MORTGAGE,9.0,PERSONAL,B,7000,11.71,0.06,N,3,0
17820,25,90000,MORTGAGE,4.0,MEDICAL,D,5000,15.99,0.06,Y,4,1
17821,22,33000,OWN,1.0,MEDICAL,C,7500,13.22,0.21,Y,3,0
17822,32,40000,RENT,2.0,MEDICAL,B,6000,9.25,0.15,N,10,0
17823,28,30000,MORTGAGE,7.0,MEDICAL,B,7500,10.99,0.25,N,8,0
17824,29,69000,MORTGAGE,9.0,DEBTCONSOLIDATION,D,25000,15.57,0.36,N,10,1
17825,24,18000,RENT,3.0,EDUCATION,B,1500,11.36,0.08,N,3,0
17826,23,44000,RENT,7.0,EDUCATION,C,14000,13.48,0.32,Y,3,1
17827,24,27000,OWN,4.0,PERSONAL,B,5000,11.86,0.19,N,2,0
17828,23,39996,RENT,7.0,DEBTCONSOLIDATION,C,1200,14.35,0.03,N,3,0
17829,37,35000,RENT,3.0,MEDICAL,C,10000,13.48,0.29,Y,16,0
17830,24,42000,MORTGAGE,1.0,HOMEIMPROVEMENT,C,3000,12.41,0.07,N,2,0
17831,25,85000,RENT,6.0,DEBTCONSOLIDATION,B,7750,11.12,0.09,N,3,0
17832,28,170000,MORTGAGE,13.0,DEBTCONSOLIDATION,A,24000,6.92,0.14,N,7,0
17833,28,38000,MORTGAGE,3.0,DEBTCONSOLIDATION,B,18000,11.11,0.46,N,9,0
17834,29,102000,MORTGAGE,14.0,DEBTCONSOLIDATION,A,6000,7.51,0.06,N,9,0
17835,23,39996,RENT,3.0,VENTURE,B,4800,10.65,0.12,N,2,0
17836,25,78000,MORTGAGE,4.0,HOMEIMPROVEMENT,A,6000,5.42,0.08,N,3,0
17837,23,90000,MORTGAGE,7.0,DEBTCONSOLIDATION,C,15000,13.98,0.17,N,3,0
17838,29,110000,MORTGAGE,4.0,HOMEIMPROVEMENT,B,15000,9.99,0.14,N,8,0
17839,28,72000,RENT,9.0,VENTURE,B,12000,9.63,0.17,N,8,0
17840,23,68000,RENT,3.0,PERSONAL,C,10000,14.27,0.15,N,3,0
17841,24,35004,RENT,0.0,VENTURE,A,4000,7.68,0.11,N,2,0
17842,29,30000,RENT,0.0,PERSONAL,A,12000,8.94,0.4,N,5,1
17843,24,108000,MORTGAGE,4.0,HOMEIMPROVEMENT,B,10000,10.75,0.09,N,4,0
17844,25,120000,MORTGAGE,9.0,EDUCATION,A,6000,5.79,0.05,N,2,0
17845,27,38000,MORTGAGE,11.0,MEDICAL,A,4800,5.42,0.13,N,10,0
17846,29,58000,MORTGAGE,3.0,PERSONAL,C,2400,13.98,0.04,N,5,0
17847,25,60000,MORTGAGE,2.0,PERSONAL,A,4000,7.29,0.07,N,4,0
17848,23,73500,RENT,7.0,EDUCATION,C,12000,12.98,0.16,Y,2,0
17849,27,75000,MORTGAGE,2.0,HOMEIMPROVEMENT,A,10600,5.79,0.14,N,9,1
17850,24,80000,MORTGAGE,5.0,EDUCATION,A,12000,7.49,0.15,N,4,0
17851,28,33852,RENT,3.0,MEDICAL,C,16750,14.22,0.5,N,5,1
17852,24,55000,MORTGAGE,0.0,EDUCATION,A,3200,7.66,0.06,N,4,0
17853,23,50000,MORTGAGE,3.0,DEBTCONSOLIDATION,B,6000,11.49,0.12,N,4,0
17854,22,50000,RENT,5.0,PERSONAL,B,4800,10.37,0.1,N,2,0
17855,37,60000,MORTGAGE,22.0,VENTURE,A,8000,6.54,0.13,N,15,0
17856,27,90000,MORTGAGE,6.0,MEDICAL,A,10000,8.59,0.11,N,7,0
17857,22,26400,RENT,0.0,MEDICAL,A,5000,7.9,0.19,N,4,0
17858,30,100000,MORTGAGE,7.0,EDUCATION,A,1000,6.76,0.01,N,6,0
17859,32,72000,MORTGAGE,2.0,MEDICAL,B,10000,12.21,0.14,N,10,0
17860,24,30000,MORTGAGE,8.0,HOMEIMPROVEMENT,A,10000,7.29,0.33,N,4,0
17861,33,55400,MORTGAGE,21.0,MEDICAL,B,18000,11.11,0.33,N,7,1
17862,36,67000,RENT,8.0,PERSONAL,A,25000,7.9,0.37,N,15,1
17863,24,56004,MORTGAGE,9.0,DEBTCONSOLIDATION,C,12000,12.73,0.21,N,4,0
17864,23,38000,RENT,5.0,PERSONAL,B,10000,10.65,0.26,N,2,0
17865,26,40000,MORTGAGE,3.0,MEDICAL,A,9250,7.88,0.24,N,4,0
17866,22,70000,RENT,3.0,MEDICAL,B,2000,11.71,0.03,N,2,0
17867,22,36000,RENT,0.0,EDUCATION,C,4000,11.78,0.11,N,4,0
17868,23,70000,RENT,7.0,MEDICAL,B,12000,10.25,0.17,N,4,0
17869,26,50000,MORTGAGE,10.0,PERSONAL,B,5000,10.0,0.1,N,2,0
17870,27,61000,RENT,7.0,DEBTCONSOLIDATION,B,3000,10.37,0.05,N,7,0
17871,35,100000,RENT,1.0,DEBTCONSOLIDATION,C,5000,11.66,0.05,N,5,0
17872,23,39432,MORTGAGE,7.0,EDUCATION,B,12000,11.86,0.3,N,3,0
17873,24,40000,RENT,3.0,PERSONAL,B,12000,11.99,0.3,N,2,0
17874,25,80000,MORTGAGE,0.0,HOMEIMPROVEMENT,B,3500,9.64,0.04,N,4,0
17875,27,45200,RENT,11.0,HOMEIMPROVEMENT,E,7000,17.93,0.16,N,10,1
17876,32,50000,RENT,5.0,DEBTCONSOLIDATION,A,12000,8.9,0.24,N,9,0
17877,22,60000,MORTGAGE,7.0,EDUCATION,B,8000,10.0,0.13,N,2,0
17878,27,42000,RENT,2.0,PERSONAL,C,5000,13.92,0.12,N,9,0
17879,46,95000,RENT,0.0,PERSONAL,C,1500,13.72,0.02,N,16,0
17880,24,40000,MORTGAGE,8.0,PERSONAL,B,6000,10.99,0.15,N,2,0
17881,33,42000,MORTGAGE,0.0,HOMEIMPROVEMENT,C,2000,12.29,0.05,Y,8,0
17882,22,24000,RENT,0.0,PERSONAL,B,4800,11.36,0.2,N,4,0
17883,25,50000,OWN,6.0,MEDICAL,A,7500,8.94,0.15,N,4,0
17884,22,54000,RENT,3.0,EDUCATION,B,2400,10.99,0.04,N,4,0
17885,26,24996,RENT,1.0,EDUCATION,B,2500,10.0,0.1,N,2,1
17886,27,54000,RENT,1.0,MEDICAL,D,6000,14.11,0.11,Y,8,1
17887,27,45000,MORTGAGE,2.0,DEBTCONSOLIDATION,B,10000,11.11,0.22,N,6,0
17888,24,73000,MORTGAGE,3.0,DEBTCONSOLIDATION,A,10000,6.03,0.14,N,2,0
17889,23,63000,MORTGAGE,7.0,MEDICAL,A,7000,7.9,0.11,N,2,0
17890,29,65000,MORTGAGE,0.0,HOMEIMPROVEMENT,A,4000,5.79,0.06,N,10,0
17891,23,48500,MORTGAGE,4.0,MEDICAL,A,6000,9.32,0.12,N,4,0
17892,28,32568,RENT,1.0,EDUCATION,D,15000,13.24,0.46,Y,10,1
17893,21,26000,RENT,3.0,MEDICAL,A,6250,7.49,0.24,N,2,0
17894,32,65000,RENT,2.0,MEDICAL,B,3600,9.99,0.06,N,10,0
17895,21,19000,RENT,0.0,DEBTCONSOLIDATION,C,7150,13.85,0.39,Y,4,1
17896,25,41000,MORTGAGE,3.0,EDUCATION,A,6000,6.03,0.15,N,4,0
17897,27,110000,RENT,8.0,EDUCATION,B,20000,11.36,0.18,N,6,0
17898,24,85000,RENT,3.0,DEBTCONSOLIDATION,B,10000,11.71,0.12,N,3,0
17899,26,70000,MORTGAGE,4.0,HOMEIMPROVEMENT,D,15000,16.02,0.21,N,2,0
17900,22,101000,MORTGAGE,2.0,MEDICAL,B,8500,10.08,0.08,N,4,0
17901,26,140000,OWN,9.0,HOMEIMPROVEMENT,A,7000,7.14,0.05,N,2,0
17902,45,50000,MORTGAGE,14.0,PERSONAL,A,3000,7.37,0.06,N,17,0
17903,22,45000,RENT,0.0,MEDICAL,C,8000,13.16,0.18,Y,2,0
17904,36,14500,RENT,2.0,EDUCATION,C,3600,13.61,0.25,Y,15,1
17905,21,50000,RENT,1.0,EDUCATION,B,12000,10.37,0.24,N,4,0
17906,22,35000,MORTGAGE,2.0,EDUCATION,B,8000,11.99,0.23,N,4,0
17907,26,109500,MORTGAGE,10.0,VENTURE,A,5000,7.51,0.05,N,3,0
17908,23,41000,MORTGAGE,7.0,DEBTCONSOLIDATION,A,5600,7.9,0.14,N,2,1
17909,31,60000,MORTGAGE,5.0,PERSONAL,A,10000,8.9,0.17,N,6,0
17910,28,95004,RENT,1.0,PERSONAL,C,9000,13.16,0.09,N,7,0
17911,21,34000,RENT,2.0,PERSONAL,D,5000,14.96,0.15,N,4,1
17912,24,98450,MORTGAGE,7.0,EDUCATION,C,3800,13.49,0.04,Y,4,0
17913,22,65000,RENT,6.0,EDUCATION,A,15000,8.9,0.23,N,4,0
17914,28,57800,MORTGAGE,12.0,MEDICAL,D,12000,16.29,0.19,N,9,1
17915,24,34000,RENT,8.0,VENTURE,C,5000,13.11,0.15,Y,2,0
17916,32,45996,RENT,2.0,EDUCATION,C,1800,12.98,0.04,N,6,0
17917,31,85000,OWN,12.0,VENTURE,B,3500,8.88,0.04,N,6,0
17918,25,65000,MORTGAGE,2.0,HOMEIMPROVEMENT,B,13750,11.89,0.21,N,4,0
17919,24,90000,MORTGAGE,5.0,PERSONAL,A,6000,5.99,0.07,N,2,0
17920,43,65000,OWN,3.0,EDUCATION,C,3000,13.35,0.05,Y,13,0
17921,21,39000,RENT,1.0,MEDICAL,B,14000,10.75,0.35,N,2,1
17922,22,80000,MORTGAGE,4.0,EDUCATION,A,6000,7.4,0.07,N,4,0
17923,28,72000,RENT,12.0,MEDICAL,B,15000,10.99,0.21,N,6,0
17924,22,36000,MORTGAGE,6.0,DEBTCONSOLIDATION,D,14400,15.05,0.39,N,3,1
17925,26,52000,RENT,10.0,EDUCATION,B,7000,9.99,0.13,N,3,0
17926,22,25000,RENT,0.0,PERSONAL,B,8500,10.0,0.34,N,4,1
17927,28,90000,MORTGAGE,0.0,PERSONAL,B,7500,11.49,0.08,N,8,0
17928,25,78000,RENT,2.0,HOMEIMPROVEMENT,D,25000,16.77,0.32,Y,4,1
17929,29,90000,MORTGAGE,2.0,HOMEIMPROVEMENT,B,25000,11.48,0.28,N,9,0
17930,27,42000,RENT,3.0,EDUCATION,C,3000,13.8,0.07,N,8,0
17931,21,59000,RENT,5.0,EDUCATION,A,21500,6.91,0.36,N,3,1
17932,33,82000,MORTGAGE,2.0,HOMEIMPROVEMENT,A,6000,5.42,0.07,N,6,0
17933,25,49000,RENT,7.0,DEBTCONSOLIDATION,D,3000,14.59,0.06,N,3,1
17934,22,60000,RENT,7.0,MEDICAL,C,17000,14.27,0.28,Y,3,0
17935,23,68000,MORTGAGE,7.0,EDUCATION,C,15000,12.53,0.22,N,2,0
17936,24,36000,MORTGAGE,1.0,EDUCATION,C,1500,12.98,0.04,N,2,0
17937,26,46000,RENT,7.0,DEBTCONSOLIDATION,B,10000,10.59,0.22,N,4,0
17938,26,150000,RENT,0.0,MEDICAL,C,25000,13.06,0.17,N,4,0
17939,22,60000,MORTGAGE,5.0,PERSONAL,C,10000,13.49,0.17,N,2,0
17940,30,40000,RENT,9.0,DEBTCONSOLIDATION,A,2000,7.4,0.05,N,10,0
17941,28,39000,RENT,1.0,DEBTCONSOLIDATION,D,15000,16.0,0.38,N,5,1
17942,22,57600,RENT,2.0,VENTURE,E,6000,15.95,0.1,N,2,1
17943,32,72000,RENT,6.0,PERSONAL,B,15000,9.99,0.21,N,8,0
17944,53,24996,RENT,1.0,PERSONAL,B,10000,10.62,0.41,N,28,1
17945,26,80000,RENT,5.0,DEBTCONSOLIDATION,B,12000,12.42,0.15,N,4,0
17946,28,40000,RENT,2.0,PERSONAL,B,15000,11.36,0.38,N,5,1
17947,37,60000,RENT,14.0,PERSONAL,C,3800,13.49,0.06,Y,12,0
17948,23,18000,RENT,0.0,PERSONAL,B,1500,11.71,0.08,N,2,1
17949,33,85000,MORTGAGE,2.0,EDUCATION,A,10000,7.88,0.12,N,5,0
17950,22,28000,RENT,3.0,EDUCATION,B,3000,10.59,0.11,N,2,0
17951,26,91200,MORTGAGE,10.0,PERSONAL,C,15000,13.49,0.16,Y,3,0
17952,25,52000,MORTGAGE,9.0,EDUCATION,A,7300,8.49,0.14,N,2,0
17953,37,30000,RENT,5.0,EDUCATION,B,4800,12.42,0.16,N,15,0
17954,25,94896,MORTGAGE,6.0,HOMEIMPROVEMENT,B,3500,11.89,0.04,N,2,0
17955,32,25000,RENT,3.0,PERSONAL,C,3000,12.87,0.12,Y,7,0
17956,23,58650,MORTGAGE,8.0,MEDICAL,C,13600,15.62,0.2,N,4,1
17957,25,60000,RENT,4.0,PERSONAL,B,10000,10.65,0.17,N,3,0
17958,27,32000,MORTGAGE,7.0,HOMEIMPROVEMENT,A,2400,6.99,0.07,N,8,0
17959,27,77200,RENT,4.0,VENTURE,C,4000,13.99,0.06,Y,7,1
17960,27,36000,OWN,2.0,EDUCATION,C,4000,12.53,0.11,N,5,0
17961,25,38400,RENT,9.0,MEDICAL,B,6000,11.99,0.16,N,2,0
17962,29,67900,MORTGAGE,2.0,HOMEIMPROVEMENT,C,5000,12.99,0.08,Y,9,0
17963,44,95000,MORTGAGE,28.0,VENTURE,D,5000,15.33,0.05,N,13,0
17964,30,33000,RENT,1.0,PERSONAL,C,3000,13.47,0.09,Y,6,0
17965,32,60000,RENT,4.0,VENTURE,B,10000,12.42,0.17,N,6,0
17966,24,50000,RENT,5.0,MEDICAL,B,10000,11.49,0.2,N,3,0
17967,22,37200,MORTGAGE,5.0,EDUCATION,D,7000,15.21,0.2,Y,2,1
17968,36,50000,RENT,8.0,DEBTCONSOLIDATION,B,6000,10.37,0.12,N,11,0
17969,24,120000,RENT,8.0,EDUCATION,B,20000,10.99,0.17,N,4,0
17970,31,122004,MORTGAGE,1.0,HOMEIMPROVEMENT,B,8400,10.38,0.07,N,6,0
17971,40,90000,RENT,1.0,DEBTCONSOLIDATION,C,5000,13.57,0.06,Y,15,0
17972,25,36996,RENT,1.0,EDUCATION,C,9300,14.22,0.26,Y,4,0
17973,21,50000,MORTGAGE,5.0,VENTURE,A,6000,6.03,0.12,N,2,0
17974,38,69996,OWN,13.0,DEBTCONSOLIDATION,B,7000,10.38,0.1,N,11,0
17975,41,40000,RENT,3.0,VENTURE,C,6000,12.84,0.15,N,17,0
17976,22,39996,RENT,0.0,VENTURE,D,12000,15.31,0.3,Y,2,1
17977,38,200000,MORTGAGE,2.0,VENTURE,B,21000,11.36,0.1,N,13,0
17978,28,24000,OWN,1.0,VENTURE,C,2000,12.68,0.08,Y,8,0
17979,33,78000,MORTGAGE,9.0,HOMEIMPROVEMENT,D,24000,16.77,0.31,N,9,0
17980,25,25000,RENT,0.0,MEDICAL,A,1500,6.76,0.06,N,3,0
17981,29,63000,MORTGAGE,13.0,MEDICAL,A,4200,5.99,0.07,N,5,0
17982,39,42000,RENT,2.0,DEBTCONSOLIDATION,D,2500,14.96,0.06,Y,13,1
17983,37,54000,RENT,11.0,VENTURE,B,9000,10.99,0.17,N,16,0
17984,36,68400,OWN,3.0,VENTURE,C,5000,13.11,0.08,Y,12,0
17985,23,71000,RENT,1.0,VENTURE,C,11600,13.85,0.16,Y,4,0
17986,24,78000,MORTGAGE,2.0,MEDICAL,A,9600,7.51,0.12,N,2,0
17987,29,60000,RENT,1.0,DEBTCONSOLIDATION,A,18000,8.49,0.3,N,10,0
17988,24,54000,RENT,1.0,MEDICAL,C,5000,13.99,0.09,Y,3,0
17989,26,120000,MORTGAGE,2.0,EDUCATION,B,25000,10.99,0.21,N,4,0
17990,28,57000,OWN,7.0,EDUCATION,B,7500,11.49,0.13,N,7,0
17991,23,70000,RENT,8.0,EDUCATION,A,6000,7.29,0.09,N,2,0
17992,27,80000,MORTGAGE,10.0,VENTURE,C,10000,13.48,0.13,Y,6,0
17993,26,120000,MORTGAGE,2.0,VENTURE,C,20000,12.23,0.17,Y,4,0
17994,30,28000,RENT,4.0,EDUCATION,A,7000,6.62,0.24,N,5,0
17995,24,60000,RENT,1.0,DEBTCONSOLIDATION,B,8000,10.0,0.13,N,2,0
17996,29,55000,MORTGAGE,5.0,DEBTCONSOLIDATION,A,3000,5.42,0.05,N,10,0
17997,32,50000,RENT,5.0,PERSONAL,A,10000,6.62,0.2,N,8,0
17998,40,86500,OWN,24.0,EDUCATION,A,14000,7.29,0.16,N,12,0
17999,26,76000,MORTGAGE,10.0,PERSONAL,A,12000,6.03,0.16,N,3,0
18000,30,78000,MORTGAGE,13.0,DEBTCONSOLIDATION,B,12700,12.69,0.17,N,5,0
18001,23,33600,RENT,2.0,EDUCATION,B,10000,10.25,0.3,N,2,0
18002,44,50000,RENT,0.0,PERSONAL,A,7000,8.94,0.14,N,14,0
18003,22,56000,RENT,6.0,PERSONAL,B,6000,11.11,0.11,N,4,0
18004,22,48000,RENT,4.0,VENTURE,D,8000,15.95,0.17,Y,3,0
18005,28,66000,MORTGAGE,12.0,VENTURE,A,14000,7.88,0.21,N,9,0
18006,33,60000,RENT,0.0,HOMEIMPROVEMENT,C,15000,13.57,0.25,Y,7,0
18007,28,131040,MORTGAGE,5.0,VENTURE,A,10000,7.51,0.08,N,8,0
18008,26,55000,RENT,0.0,PERSONAL,B,15000,10.37,0.27,N,3,0
18009,23,80000,RENT,7.0,EDUCATION,B,7500,10.99,0.09,N,3,0
18010,23,48000,RENT,2.0,EDUCATION,B,9000,10.0,0.19,N,4,0
18011,33,60000,OWN,2.0,MEDICAL,A,6000,7.29,0.1,N,9,0
18012,23,90000,MORTGAGE,7.0,PERSONAL,C,15000,12.61,0.17,N,4,0
18013,25,60000,RENT,4.0,DEBTCONSOLIDATION,A,16000,7.88,0.27,N,3,0
18014,27,85000,MORTGAGE,5.0,EDUCATION,D,8000,15.37,0.09,Y,10,0
18015,33,135000,MORTGAGE,3.0,VENTURE,A,10200,5.79,0.07,N,5,0
18016,23,60000,RENT,5.0,VENTURE,C,15000,13.49,0.25,N,2,0
18017,28,90000,MORTGAGE,10.0,HOMEIMPROVEMENT,B,19000,11.83,0.21,N,9,0
18018,28,69000,RENT,11.0,VENTURE,C,2500,15.96,0.04,N,5,0
18019,27,180000,MORTGAGE,11.0,EDUCATION,B,17000,11.48,0.1,N,8,0
18020,29,88000,MORTGAGE,3.0,EDUCATION,B,15000,10.25,0.17,N,5,1
18021,29,37000,MORTGAGE,3.0,HOMEIMPROVEMENT,B,6400,12.69,0.17,N,7,0
18022,23,200000,MORTGAGE,4.0,MEDICAL,B,7500,10.37,0.04,N,4,0
18023,31,36300,RENT,6.0,HOMEIMPROVEMENT,A,13500,7.49,0.38,N,6,1
18024,26,60000,MORTGAGE,10.0,MEDICAL,A,10000,7.49,0.17,N,3,0
18025,23,18000,RENT,2.0,VENTURE,C,1500,12.53,0.08,Y,4,0
18026,28,50000,RENT,0.0,PERSONAL,B,10800,10.74,0.21,N,8,0
18027,33,63550,RENT,6.0,EDUCATION,B,3200,10.65,0.05,N,7,0
18028,24,35000,RENT,4.0,DEBTCONSOLIDATION,B,4000,11.83,0.11,N,4,0
18029,23,72000,MORTGAGE,2.0,MEDICAL,A,5000,6.03,0.07,N,2,0
18030,32,78000,MORTGAGE,5.0,VENTURE,C,12000,13.49,0.15,N,10,0
18031,30,55000,MORTGAGE,2.0,HOMEIMPROVEMENT,A,2500,7.66,0.05,N,6,0
18032,22,27048,RENT,2.0,EDUCATION,A,10000,7.9,0.37,N,4,1
18033,28,46800,RENT,2.0,HOMEIMPROVEMENT,A,8500,6.99,0.18,N,8,1
18034,36,90000,RENT,0.0,HOMEIMPROVEMENT,C,15600,13.61,0.17,N,14,0
18035,36,110000,MORTGAGE,20.0,PERSONAL,A,5600,8.9,0.05,N,9,0
18036,22,44604,RENT,7.0,PERSONAL,B,1500,11.12,0.03,N,4,0
18037,26,100000,MORTGAGE,5.0,EDUCATION,A,15000,6.99,0.15,N,4,0
18038,22,60000,RENT,5.0,PERSONAL,D,25000,15.33,0.42,Y,3,1
18039,31,30000,RENT,0.0,HOMEIMPROVEMENT,C,8000,12.61,0.27,N,10,1
18040,22,130000,MORTGAGE,2.0,EDUCATION,C,20000,12.84,0.15,Y,4,0
18041,32,33600,OWN,3.0,MEDICAL,B,4000,11.83,0.12,N,7,0
18042,22,44000,MORTGAGE,5.0,PERSONAL,D,8000,15.21,0.18,Y,3,1
18043,23,70500,OWN,2.0,EDUCATION,B,10500,11.14,0.15,N,3,0
18044,23,75000,RENT,5.0,VENTURE,B,3000,10.99,0.04,N,2,0
18045,22,40000,RENT,2.0,EDUCATION,B,3500,11.99,0.09,N,3,0
18046,24,65000,RENT,3.0,EDUCATION,B,15000,10.75,0.23,N,2,0
18047,32,62500,RENT,9.0,DEBTCONSOLIDATION,A,9800,7.88,0.16,N,9,0
18048,22,30000,RENT,5.0,MEDICAL,B,15000,11.14,0.5,N,2,1
18049,23,45000,RENT,3.0,MEDICAL,A,7800,7.88,0.17,N,2,0
18050,23,50000,RENT,7.0,EDUCATION,A,4000,7.51,0.08,N,4,0
18051,24,55308,MORTGAGE,8.0,VENTURE,A,2000,5.42,0.04,N,4,0
18052,39,51000,RENT,3.0,DEBTCONSOLIDATION,A,15000,7.88,0.29,N,16,1
18053,22,91200,MORTGAGE,6.0,DEBTCONSOLIDATION,B,3000,12.42,0.03,N,3,0
18054,23,60000,MORTGAGE,7.0,VENTURE,B,4000,10.99,0.07,N,2,0
18055,22,60400,RENT,2.0,MEDICAL,C,6000,13.49,0.1,N,4,0
18056,23,48000,RENT,5.0,MEDICAL,C,10000,13.23,0.21,N,4,0
18057,26,30000,RENT,7.0,HOMEIMPROVEMENT,B,7200,11.36,0.24,N,2,1
18058,33,60000,MORTGAGE,0.0,DEBTCONSOLIDATION,A,4000,7.88,0.07,N,8,0
18059,28,40000,MORTGAGE,3.0,DEBTCONSOLIDATION,A,2000,6.62,0.05,N,8,0
18060,34,84000,MORTGAGE,3.0,PERSONAL,A,10000,7.51,0.12,N,10,0
18061,25,57000,RENT,2.0,EDUCATION,E,17000,17.19,0.3,Y,4,1
18062,27,33000,RENT,4.0,MEDICAL,A,2000,5.42,0.06,N,5,0
18063,26,120000,RENT,0.0,EDUCATION,A,5000,7.71,0.04,N,3,0
18064,22,65000,RENT,3.0,MEDICAL,A,8000,7.9,0.12,N,3,0
18065,23,39996,RENT,3.0,EDUCATION,B,2400,12.53,0.06,N,4,0
18066,31,90000,MORTGAGE,2.0,PERSONAL,A,10000,7.88,0.11,N,6,0
18067,28,35000,RENT,1.0,MEDICAL,B,12000,10.0,0.34,N,10,1
18068,38,60000,RENT,2.0,PERSONAL,C,12000,13.48,0.2,Y,12,0
18069,27,86000,MORTGAGE,5.0,DEBTCONSOLIDATION,A,10000,6.54,0.12,N,7,0
18070,33,68830,MORTGAGE,6.0,HOMEIMPROVEMENT,D,12000,15.95,0.18,N,10,0
18071,22,36000,RENT,3.0,EDUCATION,B,3000,11.11,0.08,N,4,0
18072,46,66000,RENT,5.0,EDUCATION,B,22000,9.91,0.36,N,11,1
18073,26,150000,MORTGAGE,4.0,MEDICAL,B,5000,12.18,0.03,N,2,0
18074,24,85000,RENT,2.0,EDUCATION,C,8400,12.84,0.1,N,2,0
18075,25,60000,MORTGAGE,4.0,HOMEIMPROVEMENT,A,7000,6.17,0.12,N,2,0
18076,39,69570,MORTGAGE,5.0,PERSONAL,A,15000,7.49,0.22,N,13,0
18077,27,37500,RENT,3.0,VENTURE,B,5000,11.49,0.13,N,7,0
18078,36,30000,MORTGAGE,7.0,DEBTCONSOLIDATION,B,3000,11.71,0.1,N,16,0
18079,27,42000,RENT,0.0,MEDICAL,B,3000,11.11,0.07,N,8,0
18080,29,39996,RENT,4.0,MEDICAL,A,6000,6.92,0.15,N,7,0
18081,22,90000,MORTGAGE,6.0,MEDICAL,A,10000,7.51,0.11,N,4,0
18082,25,42000,RENT,0.0,DEBTCONSOLIDATION,C,10000,13.49,0.24,Y,3,0
18083,28,46776,RENT,7.0,VENTURE,B,15000,13.24,0.32,N,7,0
18084,33,45204,RENT,2.0,VENTURE,A,4000,7.14,0.09,N,5,0
18085,32,95000,MORTGAGE,5.0,HOMEIMPROVEMENT,B,25000,9.62,0.26,N,9,0
18086,26,51000,MORTGAGE,10.0,VENTURE,B,15250,9.99,0.29,N,4,0
18087,33,24000,MORTGAGE,0.0,EDUCATION,D,7000,12.92,0.29,Y,5,0
18088,23,64402,RENT,1.0,DEBTCONSOLIDATION,A,12000,7.49,0.19,N,4,0
18089,23,35000,RENT,4.0,EDUCATION,A,7000,7.66,0.2,N,3,0
18090,41,75000,MORTGAGE,6.0,PERSONAL,A,5000,7.14,0.07,N,11,0
18091,26,65000,RENT,2.0,EDUCATION,A,20000,6.62,0.31,N,2,1
18092,28,35000,RENT,7.0,MEDICAL,B,2800,9.91,0.08,N,6,0
18093,27,30000,RENT,2.0,DEBTCONSOLIDATION,A,8000,7.51,0.27,N,8,0
18094,29,75000,RENT,9.0,DEBTCONSOLIDATION,A,16000,8.49,0.21,N,10,0
18095,29,75000,MORTGAGE,1.0,EDUCATION,E,16000,16.35,0.22,Y,5,0
18096,34,71004,RENT,1.0,VENTURE,D,15000,17.49,0.21,N,8,1
18097,24,57850,MORTGAGE,3.0,EDUCATION,B,4000,10.99,0.07,N,4,0
18098,24,28000,RENT,4.0,VENTURE,B,8000,10.36,0.29,N,4,0
18099,22,30000,MORTGAGE,6.0,HOMEIMPROVEMENT,A,13000,7.29,0.43,N,2,1
18100,33,14400,RENT,0.0,VENTURE,D,6500,16.29,0.42,N,6,1
18101,25,110000,MORTGAGE,9.0,EDUCATION,B,12000,11.11,0.11,N,2,0
18102,42,60000,RENT,3.0,VENTURE,D,13200,17.58,0.22,Y,12,0
18103,37,25200,OWN,2.0,HOMEIMPROVEMENT,A,7500,7.51,0.29,N,13,0
18104,23,30000,RENT,0.0,DEBTCONSOLIDATION,A,12000,7.51,0.4,N,4,1
18105,23,75000,MORTGAGE,5.0,VENTURE,B,15000,11.58,0.2,N,3,0
18106,25,120000,MORTGAGE,6.0,EDUCATION,A,20000,7.49,0.16,N,3,0
18107,25,69000,MORTGAGE,9.0,DEBTCONSOLIDATION,B,15000,10.99,0.22,N,3,0
18108,29,50000,RENT,5.0,PERSONAL,B,10000,9.99,0.2,N,10,0
18109,22,38400,RENT,2.0,EDUCATION,C,5000,12.68,0.13,Y,3,0
18110,38,75000,MORTGAGE,5.0,DEBTCONSOLIDATION,A,12000,5.99,0.16,N,16,0
18111,28,48000,RENT,7.0,DEBTCONSOLIDATION,C,1600,13.35,0.03,Y,8,0
18112,29,33000,RENT,1.0,VENTURE,C,16700,13.49,0.46,N,5,1
18113,31,54000,MORTGAGE,2.0,MEDICAL,A,5000,8.9,0.09,N,5,0
18114,24,60000,RENT,0.0,MEDICAL,B,1800,12.42,0.03,N,3,0
18115,28,90000,MORTGAGE,12.0,MEDICAL,A,12000,7.49,0.13,N,6,0
18116,25,60000,MORTGAGE,8.0,HOMEIMPROVEMENT,A,10500,7.74,0.17,N,2,0
18117,30,96053,MORTGAGE,15.0,MEDICAL,D,30000,15.62,0.27,N,14,1
18118,22,55000,MORTGAGE,4.0,EDUCATION,C,4500,12.99,0.08,Y,3,0
18119,23,40000,MORTGAGE,3.0,EDUCATION,B,6000,11.99,0.15,N,3,0
18120,42,68400,MORTGAGE,9.0,MEDICAL,B,2800,11.99,0.04,N,15,0
18121,23,65000,RENT,1.0,VENTURE,C,5000,13.8,0.08,Y,3,0
18122,29,70000,MORTGAGE,13.0,MEDICAL,B,10000,10.99,0.14,N,7,0
18123,23,92000,OWN,7.0,VENTURE,B,11000,11.14,0.12,N,3,0
18124,22,58000,MORTGAGE,4.0,EDUCATION,A,6000,7.68,0.1,N,4,0
18125,42,73000,MORTGAGE,3.0,HOMEIMPROVEMENT,D,20000,15.05,0.27,Y,12,1
18126,30,50000,MORTGAGE,3.0,DEBTCONSOLIDATION,B,10000,10.95,0.2,N,10,0
18127,27,110000,RENT,0.0,PERSONAL,A,3200,7.49,0.03,N,8,0
18128,32,71000,MORTGAGE,4.0,EDUCATION,A,8000,7.49,0.11,N,10,0
18129,27,39760,RENT,2.0,DEBTCONSOLIDATION,C,14500,13.85,0.36,N,10,1
18130,27,45000,RENT,2.0,MEDICAL,B,3600,10.65,0.08,N,8,0
18131,28,90000,OWN,12.0,VENTURE,A,15000,8.94,0.17,N,6,0
18132,26,74400,MORTGAGE,2.0,PERSONAL,E,14000,15.68,0.19,Y,2,1
18133,24,36000,RENT,2.0,DEBTCONSOLIDATION,B,1600,11.83,0.04,N,2,0
18134,25,70000,MORTGAGE,9.0,EDUCATION,A,8000,7.51,0.11,N,4,0
18135,25,70000,RENT,3.0,MEDICAL,A,4000,5.99,0.06,N,3,0
18136,27,75000,RENT,3.0,HOMEIMPROVEMENT,C,8000,13.49,0.11,N,7,0
18137,40,65000,MORTGAGE,5.0,MEDICAL,B,9000,10.99,0.14,N,13,0
18138,29,49200,MORTGAGE,13.0,PERSONAL,B,2400,10.74,0.05,N,10,0
18139,31,51000,OWN,8.0,EDUCATION,B,18000,10.75,0.33,N,9,0
18140,27,87550,RENT,7.0,MEDICAL,C,20000,13.92,0.23,Y,10,0
18141,41,100000,MORTGAGE,18.0,MEDICAL,A,12000,6.03,0.12,N,13,0
18142,31,68000,MORTGAGE,2.0,EDUCATION,C,2500,15.96,0.04,N,7,0
18143,29,74500,MORTGAGE,11.0,DEBTCONSOLIDATION,B,3000,12.18,0.04,N,6,0
18144,32,32004,OWN,0.0,PERSONAL,A,5000,8.0,0.16,N,10,0
18145,46,45000,RENT,4.0,PERSONAL,C,1700,13.49,0.04,Y,13,0
18146,23,48000,MORTGAGE,7.0,EDUCATION,B,5000,10.99,0.1,N,4,0
18147,23,65000,RENT,7.0,MEDICAL,B,12500,11.71,0.21,N,4,0
18148,27,80000,MORTGAGE,4.0,HOMEIMPROVEMENT,A,4000,7.14,0.05,N,8,0
18149,28,65000,MORTGAGE,12.0,VENTURE,A,8000,7.51,0.12,N,7,0
18150,29,43000,RENT,13.0,MEDICAL,A,10000,7.29,0.23,N,5,0
18151,22,45996,RENT,0.0,EDUCATION,B,1500,10.37,0.03,N,3,1
18152,26,60000,OWN,3.0,HOMEIMPROVEMENT,B,3000,11.86,0.05,N,4,0
18153,27,60000,MORTGAGE,12.0,DEBTCONSOLIDATION,A,3500,9.32,0.05,N,7,0
18154,26,40000,RENT,1.0,MEDICAL,B,4000,12.42,0.1,N,2,0
18155,39,42000,RENT,6.0,MEDICAL,B,8500,11.11,0.2,N,12,0
18156,24,29865,RENT,6.0,MEDICAL,C,5000,14.22,0.17,N,4,0
18157,39,40000,RENT,5.0,MEDICAL,B,8500,10.37,0.21,N,14,0
18158,28,24600,RENT,2.0,PERSONAL,D,1500,14.84,0.06,Y,6,1
18159,24,72000,MORTGAGE,7.0,PERSONAL,A,5000,6.17,0.07,N,2,0
18160,23,75000,MORTGAGE,7.0,EDUCATION,B,15000,11.11,0.2,N,4,0
18161,22,50000,RENT,7.0,EDUCATION,B,7500,11.71,0.15,N,3,0
18162,23,36000,RENT,7.0,VENTURE,A,5000,7.75,0.14,N,2,0
18163,22,54000,RENT,2.0,PERSONAL,D,5000,15.31,0.09,Y,4,1
18164,22,50000,RENT,6.0,PERSONAL,A,5000,8.49,0.1,N,4,0
18165,23,60000,RENT,7.0,VENTURE,D,5000,15.21,0.08,Y,3,0
18166,22,120000,RENT,3.0,EDUCATION,A,20000,7.9,0.17,N,4,0
18167,37,55000,RENT,21.0,VENTURE,A,9600,7.51,0.17,N,17,0
18168,21,32000,RENT,5.0,DEBTCONSOLIDATION,B,1200,10.99,0.04,N,4,1
18169,21,84000,MORTGAGE,5.0,EDUCATION,B,20000,10.25,0.24,N,3,0
18170,29,30000,RENT,7.0,MEDICAL,B,4000,10.75,0.13,N,6,0
18171,24,77000,MORTGAGE,4.0,DEBTCONSOLIDATION,B,3000,10.25,0.04,N,4,0
18172,29,160000,RENT,2.0,DEBTCONSOLIDATION,A,7500,8.0,0.05,N,10,0
18173,22,58000,RENT,6.0,DEBTCONSOLIDATION,B,10000,11.71,0.17,N,4,0
18174,23,38000,RENT,0.0,EDUCATION,G,3600,21.21,0.09,N,4,1
18175,25,36000,RENT,2.0,DEBTCONSOLIDATION,A,5000,6.62,0.14,N,4,0
18176,23,54000,MORTGAGE,1.0,HOMEIMPROVEMENT,C,3000,13.99,0.06,Y,4,1
18177,28,70000,MORTGAGE,3.0,HOMEIMPROVEMENT,A,10000,6.62,0.14,N,5,0
18178,36,33996,RENT,0.0,VENTURE,B,8000,11.83,0.24,N,12,0
18179,26,60000,RENT,0.0,PERSONAL,C,18000,13.49,0.3,N,2,0
18180,25,150000,OWN,9.0,VENTURE,A,10000,5.79,0.07,N,3,0
18181,22,25992,RENT,7.0,PERSONAL,A,3000,7.49,0.12,N,4,0
18182,21,40000,RENT,2.0,DEBTCONSOLIDATION,B,6000,11.46,0.15,N,3,0
18183,21,38000,RENT,5.0,MEDICAL,C,7000,13.49,0.18,N,4,0
18184,28,50000,MORTGAGE,0.0,HOMEIMPROVEMENT,C,7200,12.98,0.14,N,9,0
18185,46,75000,MORTGAGE,3.0,PERSONAL,A,9000,5.99,0.12,N,12,0
18186,23,54000,RENT,7.0,MEDICAL,C,5200,13.99,0.1,N,2,1
18187,23,55000,MORTGAGE,7.0,PERSONAL,B,7500,11.14,0.14,N,2,0
18188,40,50000,RENT,4.0,HOMEIMPROVEMENT,C,12000,13.99,0.24,Y,16,0
18189,35,39000,RENT,5.0,DEBTCONSOLIDATION,A,3000,6.91,0.08,N,6,0
18190,25,62236,MORTGAGE,9.0,EDUCATION,B,5000,9.99,0.08,N,2,1
18191,32,72500,RENT,2.0,MEDICAL,C,15000,13.85,0.21,N,8,0
18192,27,50000,RENT,11.0,VENTURE,D,4000,14.96,0.08,Y,6,0
18193,24,52800,RENT,1.0,PERSONAL,D,6000,14.96,0.11,N,4,1
18194,31,60000,MORTGAGE,6.0,DEBTCONSOLIDATION,A,1000,8.0,0.02,N,5,0
18195,48,55250,RENT,0.0,MEDICAL,D,14000,14.84,0.21,N,12,1
18196,26,53000,MORTGAGE,4.0,PERSONAL,C,6625,11.03,0.12,N,2,0
18197,23,78200,MORTGAGE,0.0,PERSONAL,C,20000,14.79,0.26,Y,4,0
18198,26,48000,RENT,9.0,MEDICAL,C,10000,14.27,0.21,Y,2,0
18199,27,144000,MORTGAGE,11.0,MEDICAL,B,16000,11.49,0.11,N,10,0
18200,21,42000,RENT,0.0,VENTURE,A,7000,8.94,0.17,N,4,0
18201,26,34000,RENT,1.0,DEBTCONSOLIDATION,D,6000,14.11,0.19,N,3,1
18202,24,40000,MORTGAGE,3.0,VENTURE,B,5000,12.21,0.13,N,2,0
18203,27,25000,RENT,4.0,VENTURE,B,7500,9.91,0.29,N,7,0
18204,28,60000,RENT,5.0,EDUCATION,A,10000,7.9,0.17,N,9,0
18205,23,29000,RENT,5.0,MEDICAL,B,6000,10.99,0.21,N,2,0
18206,32,40000,MORTGAGE,5.0,MEDICAL,A,5000,6.62,0.13,N,10,0
18207,40,55000,MORTGAGE,5.0,PERSONAL,A,8000,8.49,0.15,N,14,0
18208,22,75885,MORTGAGE,0.0,PERSONAL,B,3000,11.83,0.04,N,2,0
18209,26,65000,MORTGAGE,11.0,PERSONAL,A,18000,6.17,0.28,N,4,0
18210,23,64000,MORTGAGE,7.0,EDUCATION,C,15000,13.85,0.23,Y,3,0
18211,26,85000,RENT,0.0,DEBTCONSOLIDATION,A,7500,9.07,0.09,N,3,0
18212,28,120000,MORTGAGE,12.0,VENTURE,B,10000,10.65,0.08,N,10,0
18213,22,60000,RENT,6.0,PERSONAL,A,2000,7.49,0.03,N,4,0
18214,24,75000,MORTGAGE,8.0,EDUCATION,B,6250,11.36,0.09,N,3,0
18215,39,34000,RENT,4.0,MEDICAL,C,5000,13.49,0.15,N,16,0
18216,21,60000,RENT,4.0,EDUCATION,A,9000,5.42,0.15,N,3,0
18217,24,120000,OWN,8.0,HOMEIMPROVEMENT,A,6000,7.88,0.05,N,2,0
18218,23,36996,RENT,2.0,VENTURE,C,9600,12.23,0.26,Y,4,0
18219,22,55000,RENT,4.0,VENTURE,B,10000,10.74,0.18,N,3,0
18220,27,105000,MORTGAGE,4.0,EDUCATION,E,7700,16.69,0.08,N,5,0
18221,32,52000,MORTGAGE,4.0,DEBTCONSOLIDATION,A,7000,5.79,0.13,N,10,0
18222,23,60000,RENT,0.0,VENTURE,C,10000,13.57,0.17,N,4,0
18223,35,125000,MORTGAGE,14.0,VENTURE,A,12000,6.62,0.1,N,6,0
18224,22,60000,OWN,6.0,PERSONAL,B,10000,11.83,0.17,N,4,0
18225,23,30000,RENT,2.0,PERSONAL,A,7000,8.49,0.23,N,2,0
18226,28,35000,MORTGAGE,1.0,VENTURE,A,7500,8.59,0.22,N,6,0
18227,26,45000,RENT,0.0,EDUCATION,B,5000,9.25,0.11,N,2,0
18228,31,80000,MORTGAGE,13.0,HOMEIMPROVEMENT,A,10000,5.79,0.13,N,10,0
18229,37,100000,RENT,7.0,VENTURE,D,11200,16.0,0.11,Y,13,0
18230,26,120000,MORTGAGE,4.0,MEDICAL,A,10000,5.99,0.08,N,3,0
18231,27,50000,RENT,0.0,HOMEIMPROVEMENT,B,4000,10.75,0.08,N,7,0
18232,21,41200,OWN,3.0,EDUCATION,B,8000,11.99,0.19,N,2,0
18233,23,68004,MORTGAGE,7.0,MEDICAL,B,18000,10.0,0.27,N,2,0
18234,25,99000,MORTGAGE,5.0,VENTURE,B,12000,11.49,0.12,N,2,0
18235,30,64800,RENT,3.0,VENTURE,C,3000,13.98,0.05,N,5,0
18236,26,80000,MORTGAGE,0.0,HOMEIMPROVEMENT,B,10000,9.99,0.13,N,4,0
18237,23,90000,MORTGAGE,7.0,MEDICAL,A,15000,7.88,0.17,N,3,0
18238,26,70000,RENT,5.0,HOMEIMPROVEMENT,A,10000,6.62,0.14,N,4,0
18239,23,38400,RENT,7.0,PERSONAL,B,10000,10.37,0.26,N,3,0
18240,25,44000,RENT,1.0,PERSONAL,D,12000,14.11,0.27,Y,4,1
18241,25,65000,RENT,4.0,HOMEIMPROVEMENT,C,11000,13.72,0.17,N,2,0
18242,48,73000,RENT,3.0,HOMEIMPROVEMENT,B,15000,11.49,0.21,N,15,0
18243,25,70000,RENT,9.0,PERSONAL,C,7000,15.96,0.1,Y,4,0
18244,27,38000,MORTGAGE,11.0,EDUCATION,B,8000,9.76,0.21,N,9,0
18245,35,120000,MORTGAGE,11.0,DEBTCONSOLIDATION,B,5000,11.49,0.04,N,7,0
18246,24,60000,RENT,2.0,DEBTCONSOLIDATION,A,4000,7.88,0.07,N,2,0
18247,23,48000,MORTGAGE,0.0,DEBTCONSOLIDATION,B,10000,12.18,0.21,N,4,0
18248,26,70000,MORTGAGE,3.0,EDUCATION,A,3000,6.76,0.04,N,4,0
18249,21,37500,RENT,5.0,PERSONAL,D,1375,14.84,0.04,N,3,0
18250,30,120000,MORTGAGE,3.0,VENTURE,A,20000,8.9,0.17,N,10,0
18251,27,60000,RENT,2.0,PERSONAL,B,6000,10.75,0.1,N,5,0
18252,30,180000,MORTGAGE,13.0,VENTURE,A,12000,8.9,0.07,N,9,0
18253,36,29004,RENT,5.0,MEDICAL,C,2000,13.85,0.07,Y,14,1
18254,24,135000,RENT,0.0,EDUCATION,A,10000,7.74,0.07,N,4,0
18255,21,30000,MORTGAGE,3.0,VENTURE,A,10500,6.62,0.35,N,3,0
18256,27,70000,MORTGAGE,0.0,HOMEIMPROVEMENT,A,10000,8.59,0.14,N,6,0
18257,21,90000,MORTGAGE,5.0,DEBTCONSOLIDATION,A,7300,5.42,0.08,N,3,0
18258,34,105500,RENT,3.0,PERSONAL,B,6000,12.21,0.06,N,5,0
18259,23,85000,RENT,5.0,VENTURE,B,1000,9.88,0.01,N,3,0
18260,22,99600,MORTGAGE,6.0,EDUCATION,A,5000,6.39,0.05,N,3,0
18261,22,70000,RENT,3.0,DEBTCONSOLIDATION,A,20000,7.49,0.29,N,4,1
18262,29,75000,MORTGAGE,1.0,MEDICAL,C,15000,12.84,0.2,Y,5,0
18263,34,120000,MORTGAGE,13.0,MEDICAL,A,10000,7.51,0.08,N,6,0
18264,29,46800,MORTGAGE,7.0,EDUCATION,A,6800,7.51,0.16,N,6,0
18265,24,52000,MORTGAGE,8.0,VENTURE,C,15000,13.49,0.29,Y,4,0
18266,28,28800,RENT,0.0,PERSONAL,A,6000,9.32,0.21,N,6,0
18267,30,33168,MORTGAGE,5.0,PERSONAL,A,1500,8.49,0.04,N,5,0
18268,30,60000,RENT,6.0,MEDICAL,C,7000,13.16,0.12,N,7,0
18269,21,24000,RENT,3.0,PERSONAL,A,1000,7.29,0.04,N,4,0
18270,23,100000,MORTGAGE,7.0,EDUCATION,D,15000,16.0,0.15,Y,3,0
18271,22,83000,OWN,0.0,VENTURE,A,5000,8.94,0.06,N,2,0
18272,38,60000,MORTGAGE,3.0,DEBTCONSOLIDATION,C,12000,13.57,0.2,N,13,0
18273,28,40000,OWN,4.0,MEDICAL,C,5000,13.49,0.13,N,9,0
18274,28,72000,RENT,3.0,MEDICAL,B,12000,12.18,0.17,N,8,0
18275,23,19200,RENT,0.0,MEDICAL,A,2800,7.49,0.15,N,3,0
18276,27,125000,RENT,2.0,EDUCATION,C,20000,13.47,0.16,Y,10,0
18277,31,33280,OWN,0.0,EDUCATION,C,8500,13.22,0.25,N,9,0
18278,54,100000,RENT,12.0,EDUCATION,C,11000,14.65,0.11,Y,26,0
18279,22,58000,MORTGAGE,6.0,EDUCATION,B,7200,10.65,0.12,N,2,0
18280,25,50000,RENT,0.0,HOMEIMPROVEMENT,C,15000,13.72,0.3,N,2,1
18281,26,30000,MORTGAGE,5.0,MEDICAL,C,7500,13.49,0.25,N,2,0
18282,36,28956,RENT,0.0,EDUCATION,B,2000,9.99,0.07,N,13,0
18283,25,65000,RENT,1.0,HOMEIMPROVEMENT,C,6500,13.98,0.1,N,2,0
18284,23,139008,MORTGAGE,1.0,DEBTCONSOLIDATION,B,15000,9.88,0.11,N,3,0
18285,28,50000,MORTGAGE,5.0,HOMEIMPROVEMENT,B,10000,10.99,0.2,N,9,0
18286,32,47800,MORTGAGE,5.0,DEBTCONSOLIDATION,B,15000,11.86,0.31,N,7,0
18287,45,50496,RENT,2.0,DEBTCONSOLIDATION,B,3000,10.25,0.06,N,11,0
18288,37,138000,MORTGAGE,0.0,HOMEIMPROVEMENT,C,35000,13.8,0.25,Y,13,0
18289,39,60000,RENT,5.0,HOMEIMPROVEMENT,B,10000,10.99,0.17,N,12,0
18290,38,80000,OWN,8.0,PERSONAL,D,6000,14.96,0.07,Y,13,0
18291,45,28320,RENT,4.0,VENTURE,D,9600,14.11,0.34,N,14,1
18292,31,135000,MORTGAGE,0.0,PERSONAL,B,10000,11.11,0.07,N,9,0
18293,23,36194,RENT,10.0,PERSONAL,B,9250,10.08,0.26,N,3,0
18294,28,50000,RENT,3.0,MEDICAL,B,9600,11.71,0.19,N,8,1
18295,29,37000,OWN,4.0,HOMEIMPROVEMENT,A,14000,7.88,0.38,N,7,0
18296,26,47004,RENT,1.0,VENTURE,C,7000,12.22,0.15,Y,4,0
18297,37,66300,RENT,1.0,MEDICAL,E,15000,17.99,0.19,Y,11,1
18298,35,66560,RENT,4.0,VENTURE,A,4800,5.79,0.07,N,8,0
18299,26,75000,MORTGAGE,10.0,VENTURE,B,12000,10.99,0.16,N,4,0
18300,24,65000,MORTGAGE,5.0,PERSONAL,B,10000,11.99,0.15,N,4,0
18301,23,48000,RENT,0.0,VENTURE,C,10000,14.26,0.21,N,3,0
18302,29,85500,MORTGAGE,3.0,VENTURE,B,20675,10.0,0.24,N,10,0
18303,39,70000,RENT,4.0,EDUCATION,B,10000,11.71,0.14,N,12,0
18304,26,61838,MORTGAGE,2.0,EDUCATION,A,16000,8.49,0.24,N,2,0
18305,30,86400,RENT,5.0,MEDICAL,A,5000,7.29,0.06,N,8,0
18306,22,72250,OTHER,3.0,MEDICAL,D,8000,17.58,0.09,Y,4,1
18307,38,75000,MORTGAGE,5.0,HOMEIMPROVEMENT,B,15000,10.99,0.2,N,13,0
18308,33,24000,RENT,6.0,EDUCATION,A,5000,8.9,0.21,N,5,0
18309,30,72000,MORTGAGE,14.0,EDUCATION,A,15000,8.0,0.21,N,5,0
18310,33,180000,MORTGAGE,8.0,VENTURE,A,7500,9.32,0.04,N,5,0
18311,27,67392,MORTGAGE,7.0,HOMEIMPROVEMENT,A,15000,6.91,0.22,N,9,0
18312,28,24000,RENT,4.0,MEDICAL,D,10000,16.07,0.42,Y,8,1
18313,22,55000,MORTGAGE,5.0,VENTURE,B,3600,11.12,0.07,N,4,0
18314,50,68000,MORTGAGE,5.0,HOMEIMPROVEMENT,C,15900,13.04,0.22,N,15,0
18315,32,50000,MORTGAGE,4.0,VENTURE,A,9000,7.51,0.18,N,7,0
18316,34,89000,MORTGAGE,15.0,DEBTCONSOLIDATION,C,10000,13.11,0.11,Y,5,0
18317,28,72000,RENT,8.0,EDUCATION,B,10000,10.59,0.14,N,10,0
18318,24,62900,RENT,4.0,MEDICAL,D,20000,17.49,0.27,N,3,1
18319,24,30000,RENT,2.0,DEBTCONSOLIDATION,B,6000,10.59,0.2,N,2,0
18320,28,90000,RENT,4.0,EDUCATION,B,6000,11.48,0.07,N,9,0
18321,30,30000,RENT,2.0,DEBTCONSOLIDATION,B,3000,12.42,0.1,N,6,0
18322,40,95000,MORTGAGE,3.0,HOMEIMPROVEMENT,C,11200,14.27,0.12,N,16,0
18323,30,28800,RENT,0.0,VENTURE,D,2500,14.96,0.09,Y,8,1
18324,29,160000,RENT,2.0,DEBTCONSOLIDATION,A,7500,8.0,0.05,N,8,0
18325,25,24000,RENT,2.0,VENTURE,B,5000,10.37,0.21,N,4,0
18326,32,64500,MORTGAGE,8.0,DEBTCONSOLIDATION,D,1200,16.29,0.02,N,5,0
18327,23,135000,MORTGAGE,4.0,EDUCATION,C,16000,13.47,0.12,N,2,0
18328,24,46000,RENT,2.0,MEDICAL,A,10000,8.49,0.22,N,3,0
18329,29,48000,RENT,4.0,MEDICAL,A,10000,8.0,0.21,N,10,0
18330,21,21000,RENT,5.0,MEDICAL,B,5000,11.71,0.24,N,3,0
18331,25,57600,RENT,5.0,HOMEIMPROVEMENT,A,10000,6.54,0.17,N,4,0
18332,28,80171,MORTGAGE,9.0,HOMEIMPROVEMENT,C,18000,13.23,0.22,Y,6,0
18333,28,50000,MORTGAGE,0.0,DEBTCONSOLIDATION,A,7000,5.42,0.14,N,7,0
18334,22,36000,RENT,3.0,PERSONAL,C,10000,14.27,0.28,Y,2,0
18335,23,50000,RENT,0.0,EDUCATION,A,8000,6.62,0.16,N,4,0
18336,26,115000,MORTGAGE,0.0,PERSONAL,A,10000,6.92,0.09,N,4,0
18337,28,70000,RENT,0.0,MEDICAL,B,10000,10.37,0.14,N,8,0
18338,23,30000,RENT,0.0,VENTURE,C,9000,13.8,0.3,N,3,0
18339,24,33800,RENT,5.0,VENTURE,B,15000,12.53,0.44,N,2,1
18340,22,60000,RENT,3.0,EDUCATION,C,7000,13.48,0.12,N,3,0
18341,21,93500,MORTGAGE,5.0,PERSONAL,A,10000,7.66,0.11,N,3,0
18342,27,40000,RENT,4.0,MEDICAL,B,12000,12.69,0.3,N,6,0
18343,24,70000,RENT,9.0,HOMEIMPROVEMENT,A,13000,7.88,0.19,N,3,0
18344,23,48000,RENT,4.0,EDUCATION,B,19000,9.63,0.39,N,4,1
18345,27,55000,RENT,8.0,EDUCATION,C,10000,13.23,0.18,Y,10,0
18346,22,36000,RENT,6.0,MEDICAL,B,5000,11.49,0.14,N,3,0
18347,42,73000,RENT,0.0,PERSONAL,C,5000,13.79,0.07,N,15,1
18348,31,155867,MORTGAGE,15.0,PERSONAL,A,7500,6.54,0.05,N,6,0
18349,24,28000,RENT,8.0,HOMEIMPROVEMENT,B,10000,9.99,0.36,N,3,1
18350,37,51600,OWN,15.0,HOMEIMPROVEMENT,B,4000,11.49,0.08,N,17,0
18351,26,53000,MORTGAGE,2.0,HOMEIMPROVEMENT,D,5000,15.95,0.09,N,4,0
18352,28,34000,RENT,6.0,PERSONAL,D,14000,14.59,0.41,N,8,1
18353,29,48000,RENT,6.0,MEDICAL,A,6025,6.03,0.13,N,10,0
18354,26,74568,RENT,0.0,MEDICAL,B,6000,9.88,0.08,N,2,0
18355,25,62000,RENT,1.0,DEBTCONSOLIDATION,A,7500,7.49,0.12,N,4,0
18356,23,50000,MORTGAGE,7.0,MEDICAL,A,2800,6.03,0.06,N,3,0
18357,21,52000,RENT,5.0,PERSONAL,B,2500,10.99,0.05,N,3,0
18358,28,33000,RENT,4.0,VENTURE,B,3500,10.99,0.11,N,8,0
18359,33,45000,MORTGAGE,5.0,PERSONAL,A,12000,7.49,0.27,N,9,0
18360,41,46500,RENT,18.0,MEDICAL,C,8400,13.06,0.18,Y,13,0
18361,22,60000,RENT,6.0,DEBTCONSOLIDATION,C,1200,13.49,0.02,Y,2,0
18362,28,175000,RENT,6.0,VENTURE,C,21000,13.11,0.12,N,7,0
18363,23,60000,MORTGAGE,7.0,VENTURE,A,3000,6.62,0.05,N,4,0
18364,35,130000,MORTGAGE,11.0,PERSONAL,B,3000,11.11,0.23,N,8,1
18365,45,138000,MORTGAGE,7.0,MEDICAL,C,25000,12.87,0.18,N,12,0
18366,26,36000,RENT,1.0,VENTURE,B,5000,11.86,0.14,N,4,0
18367,22,90000,MORTGAGE,6.0,EDUCATION,B,4500,10.65,0.05,N,3,0
18368,30,85000,RENT,2.0,EDUCATION,A,12000,6.91,0.14,N,7,0
18369,29,48000,MORTGAGE,13.0,PERSONAL,B,10000,11.86,0.21,N,7,0
18370,54,97800,MORTGAGE,5.0,PERSONAL,C,10000,13.23,0.1,Y,24,0
18371,23,120000,MORTGAGE,7.0,EDUCATION,A,4500,5.42,0.04,N,2,0
18372,38,96000,MORTGAGE,5.0,PERSONAL,A,3000,7.9,0.03,N,13,0
18373,26,80000,OWN,10.0,PERSONAL,B,6000,11.11,0.07,N,2,0
18374,24,40000,RENT,2.0,VENTURE,B,10500,11.14,0.26,N,4,0
18375,28,76896,RENT,5.0,EDUCATION,D,25000,15.37,0.33,N,6,1
18376,30,42000,RENT,8.0,PERSONAL,D,5000,14.91,0.12,N,6,0
18377,22,30000,RENT,1.0,VENTURE,B,14500,11.48,0.48,N,2,1
18378,21,65000,RENT,3.0,EDUCATION,C,16000,13.79,0.25,Y,2,0
18379,30,39000,MORTGAGE,3.0,EDUCATION,C,7500,13.06,0.19,N,9,1
18380,28,600000,MORTGAGE,12.0,EDUCATION,B,5500,10.75,0.01,N,5,0
18381,22,66000,RENT,0.0,PERSONAL,D,12000,15.95,0.18,N,3,1
18382,26,67500,RENT,3.0,VENTURE,A,4000,7.14,0.06,N,4,0
18383,34,30000,RENT,5.0,MEDICAL,B,5000,11.14,0.17,N,6,0
18384,24,63000,MORTGAGE,6.0,PERSONAL,B,7750,9.96,0.13,N,4,0
18385,26,45000,MORTGAGE,10.0,DEBTCONSOLIDATION,C,6000,13.61,0.13,N,4,0
18386,22,40000,RENT,1.0,EDUCATION,A,7500,9.63,0.19,N,2,0
18387,25,86500,OWN,5.0,HOMEIMPROVEMENT,C,2000,13.57,0.02,N,3,0
18388,31,115000,RENT,1.0,HOMEIMPROVEMENT,B,20000,10.37,0.17,N,10,0
18389,26,60000,MORTGAGE,8.0,EDUCATION,C,2500,14.22,0.04,Y,2,0
18390,29,55000,RENT,7.0,MEDICAL,C,9600,13.16,0.17,N,5,0
18391,37,105201,MORTGAGE,4.0,EDUCATION,C,15000,14.17,0.14,Y,11,0
18392,21,21600,OWN,2.0,MEDICAL,C,10750,13.85,0.51,N,3,0
18393,37,90000,RENT,0.0,DEBTCONSOLIDATION,C,8000,13.23,0.09,N,13,0
18394,30,60000,RENT,5.0,MEDICAL,A,8000,7.49,0.13,N,5,0
18395,22,30000,RENT,1.0,VENTURE,B,3200,12.21,0.11,N,3,0
18396,28,80000,MORTGAGE,0.0,HOMEIMPROVEMENT,B,15000,10.59,0.19,N,6,0
18397,21,60000,MORTGAGE,5.0,EDUCATION,B,5000,9.63,0.08,N,4,0
18398,27,38000,MORTGAGE,2.0,PERSONAL,B,10000,9.99,0.26,N,10,0
18399,26,90000,MORTGAGE,4.0,EDUCATION,A,5000,7.74,0.06,N,3,0
18400,23,60000,RENT,1.0,DEBTCONSOLIDATION,B,8000,10.59,0.13,N,2,0
18401,22,29000,RENT,6.0,PERSONAL,A,12000,7.88,0.41,N,4,1
18402,22,45000,RENT,5.0,VENTURE,C,12000,13.99,0.26,Y,2,0
18403,31,95000,RENT,11.0,VENTURE,B,6000,12.69,0.06,N,7,0
18404,29,70000,MORTGAGE,5.0,PERSONAL,A,10000,8.0,0.14,N,8,0
18405,22,88000,RENT,1.0,EDUCATION,B,10000,10.36,0.11,N,3,1
18406,21,50000,MORTGAGE,5.0,EDUCATION,A,3000,7.51,0.06,N,2,0
18407,25,31200,RENT,3.0,MEDICAL,C,3200,13.49,0.1,Y,3,0
18408,33,140000,MORTGAGE,8.0,MEDICAL,A,18000,6.91,0.13,N,6,0
18409,24,50000,MORTGAGE,5.0,PERSONAL,A,10000,7.51,0.2,N,3,0
18410,42,123735,MORTGAGE,8.0,DEBTCONSOLIDATION,A,6400,6.99,0.05,N,7,0
18411,22,24000,RENT,0.0,EDUCATION,C,5000,12.53,0.21,N,3,0
18412,26,85000,MORTGAGE,5.0,MEDICAL,A,12000,7.88,0.14,N,2,0
18413,26,81000,MORTGAGE,7.0,VENTURE,B,18000,10.59,0.22,N,4,0
18414,41,90000,MORTGAGE,7.0,EDUCATION,A,10000,8.0,0.11,N,15,0
18415,22,38500,RENT,2.0,EDUCATION,A,7500,7.88,0.19,N,2,0
18416,23,60000,MORTGAGE,7.0,EDUCATION,A,7200,6.03,0.12,N,4,0
18417,33,33600,MORTGAGE,2.0,PERSONAL,A,6000,7.14,0.18,N,10,0
18418,23,120000,OWN,2.0,EDUCATION,D,25000,15.7,0.21,Y,2,0
18419,22,150000,MORTGAGE,1.0,VENTURE,E,16000,16.35,0.11,Y,3,0
18420,25,54000,RENT,9.0,PERSONAL,E,19000,16.82,0.33,Y,4,1
18421,26,56000,MORTGAGE,5.0,PERSONAL,A,8000,6.92,0.14,N,4,0
18422,27,60000,RENT,2.0,DEBTCONSOLIDATION,C,3000,13.61,0.05,N,7,0
18423,26,45000,MORTGAGE,8.0,PERSONAL,C,10000,12.87,0.22,Y,4,0
18424,39,35000,MORTGAGE,1.0,HOMEIMPROVEMENT,B,3625,10.99,0.1,N,12,0
18425,32,75000,MORTGAGE,5.0,HOMEIMPROVEMENT,A,8000,7.88,0.11,N,8,0
18426,28,83004,RENT,4.0,PERSONAL,D,10000,15.99,0.12,N,10,0
18427,32,46000,RENT,1.0,PERSONAL,B,5000,9.2,0.11,N,10,0
18428,27,146000,RENT,2.0,HOMEIMPROVEMENT,B,10000,10.37,0.07,N,6,0
18429,34,125000,RENT,5.0,EDUCATION,B,10000,9.99,0.08,N,9,0
18430,21,31200,RENT,3.0,PERSONAL,D,2000,16.49,0.06,N,3,0
18431,29,62000,MORTGAGE,4.0,PERSONAL,A,20000,7.51,0.32,N,8,0
18432,40,54400,MORTGAGE,3.0,HOMEIMPROVEMENT,C,17000,12.99,0.28,Y,13,0
18433,22,55000,RENT,6.0,VENTURE,A,8000,6.03,0.15,N,3,0
18434,21,65000,RENT,0.0,DEBTCONSOLIDATION,A,7200,7.49,0.11,N,2,0
18435,24,88000,RENT,0.0,HOMEIMPROVEMENT,B,5000,10.59,0.06,N,2,1
18436,28,93600,RENT,0.0,HOMEIMPROVEMENT,D,20000,15.31,0.21,N,6,1
18437,40,50000,RENT,4.0,DEBTCONSOLIDATION,B,5000,10.37,0.1,N,14,0
18438,33,39600,MORTGAGE,0.0,EDUCATION,C,7500,12.61,0.19,N,6,0
18439,23,30000,RENT,2.0,VENTURE,C,3000,14.65,0.1,Y,2,0
18440,22,105600,MORTGAGE,3.0,VENTURE,A,6000,7.49,0.06,N,2,0
18441,38,100000,MORTGAGE,8.0,PERSONAL,A,6000,7.51,0.06,N,14,0
18442,27,95400,MORTGAGE,8.0,DEBTCONSOLIDATION,A,6000,7.51,0.06,N,6,0
18443,21,54000,RENT,5.0,HOMEIMPROVEMENT,D,9600,15.62,0.18,N,4,1
18444,24,74004,MORTGAGE,0.0,EDUCATION,A,7125,6.62,0.1,N,4,0
18445,23,70000,MORTGAGE,4.0,PERSONAL,C,8000,13.98,0.11,Y,4,0
18446,33,33000,RENT,4.0,MEDICAL,D,7500,13.24,0.23,Y,5,1
18447,24,51000,OWN,7.0,PERSONAL,A,1000,7.51,0.02,N,4,0
18448,25,75000,RENT,5.0,HOMEIMPROVEMENT,A,2000,6.62,0.03,N,2,0
18449,25,57500,MORTGAGE,4.0,DEBTCONSOLIDATION,A,2400,6.76,0.04,N,3,0
18450,23,36000,RENT,0.0,VENTURE,A,5000,6.91,0.14,N,3,0
18451,22,35100,RENT,4.0,EDUCATION,C,6000,13.49,0.17,Y,3,0
18452,25,75000,MORTGAGE,9.0,DEBTCONSOLIDATION,C,15000,13.11,0.2,Y,4,0
18453,32,68000,RENT,8.0,MEDICAL,A,15700,7.9,0.23,N,5,0
18454,40,45000,RENT,6.0,VENTURE,C,5000,14.79,0.11,Y,14,0
18455,27,65000,RENT,2.0,VENTURE,C,6000,12.84,0.09,N,7,0
18456,27,38000,RENT,3.0,EDUCATION,B,5600,10.65,0.15,N,6,0
18457,31,85000,RENT,2.0,PERSONAL,A,15000,7.88,0.18,N,5,0
18458,35,25280,MORTGAGE,5.0,EDUCATION,B,6000,9.99,0.24,N,9,0
18459,23,30000,RENT,2.0,EDUCATION,B,5000,12.42,0.17,N,4,0
18460,22,24000,RENT,1.0,MEDICAL,B,2000,9.25,0.08,N,2,0
18461,26,120000,MORTGAGE,0.0,EDUCATION,A,6000,7.14,0.05,N,3,0
18462,25,60000,RENT,3.0,EDUCATION,C,5000,15.62,0.08,N,2,0
18463,24,50000,MORTGAGE,0.0,PERSONAL,A,10000,7.51,0.2,N,4,0
18464,23,39000,RENT,0.0,DEBTCONSOLIDATION,D,5000,15.99,0.13,N,4,1
18465,32,900000,RENT,13.0,PERSONAL,B,25000,11.49,0.03,N,5,0
18466,31,50000,RENT,1.0,MEDICAL,C,9500,12.53,0.19,N,9,0
18467,22,50400,MORTGAGE,6.0,DEBTCONSOLIDATION,A,7000,8.32,0.14,N,2,0
18468,31,54000,MORTGAGE,15.0,MEDICAL,A,6000,5.42,0.11,N,8,0
18469,27,65000,RENT,1.0,MEDICAL,C,5000,12.98,0.08,N,8,0
18470,30,37000,RENT,0.0,DEBTCONSOLIDATION,B,3000,10.99,0.08,N,7,0
18471,27,72000,RENT,11.0,EDUCATION,B,12000,10.62,0.17,N,10,0
18472,24,74000,MORTGAGE,9.0,HOMEIMPROVEMENT,E,12000,17.04,0.16,N,4,0
18473,23,25000,RENT,7.0,EDUCATION,B,6000,12.42,0.24,N,4,0
18474,22,31200,RENT,3.0,DEBTCONSOLIDATION,B,1200,10.99,0.04,N,2,0
18475,24,120000,MORTGAGE,8.0,MEDICAL,A,10000,7.51,0.08,N,4,0
18476,24,53000,MORTGAGE,9.0,DEBTCONSOLIDATION,D,22000,14.46,0.4,Y,2,1
18477,27,55536,MORTGAGE,2.0,EDUCATION,A,2000,7.4,0.04,N,8,0
18478,21,48996,MORTGAGE,5.0,HOMEIMPROVEMENT,B,15000,10.75,0.31,N,2,1
18479,41,31200,OWN,23.0,PERSONAL,A,8000,7.51,0.27,N,7,0
18480,58,100000,RENT,6.0,EDUCATION,A,10000,8.9,0.1,N,20,0
18481,25,60000,RENT,0.0,DEBTCONSOLIDATION,C,24000,12.99,0.4,N,4,1
18482,23,45000,RENT,1.0,DEBTCONSOLIDATION,B,7000,9.76,0.16,N,4,0
18483,22,49000,RENT,1.0,DEBTCONSOLIDATION,E,24000,16.0,0.51,Y,4,1
18484,22,54996,RENT,0.0,MEDICAL,B,5500,11.58,0.1,N,4,0
18485,26,57000,MORTGAGE,8.0,PERSONAL,B,9500,9.88,0.17,N,4,0
18486,27,55000,MORTGAGE,9.0,PERSONAL,A,15000,8.49,0.27,N,7,0
18487,22,85000,RENT,6.0,EDUCATION,B,12000,10.37,0.14,N,4,0
18488,21,27000,MORTGAGE,5.0,MEDICAL,C,6000,13.11,0.22,N,3,0
18489,29,80000,RENT,5.0,DEBTCONSOLIDATION,B,15000,11.36,0.19,N,5,0
18490,32,72000,MORTGAGE,0.0,PERSONAL,A,7800,7.88,0.11,N,7,0
18491,25,28800,RENT,3.0,MEDICAL,B,4000,10.37,0.14,N,2,0
18492,27,42500,RENT,4.0,EDUCATION,C,12000,13.48,0.29,N,10,0
18493,26,35000,RENT,10.0,DEBTCONSOLIDATION,A,8000,8.9,0.23,N,4,0
18494,24,71040,MORTGAGE,8.0,DEBTCONSOLIDATION,A,3000,5.79,0.04,N,4,0
18495,25,52000,MORTGAGE,5.0,HOMEIMPROVEMENT,A,5000,6.03,0.1,N,2,0
18496,41,75000,RENT,5.0,EDUCATION,A,7200,7.49,0.1,N,16,0
18497,37,43000,RENT,1.0,VENTURE,C,3000,13.92,0.07,Y,11,0
18498,23,65000,RENT,0.0,MEDICAL,A,5000,6.99,0.08,N,4,0
18499,26,92000,MORTGAGE,10.0,PERSONAL,A,12000,6.03,0.13,N,3,0
18500,30,77200,MORTGAGE,2.0,DEBTCONSOLIDATION,A,4000,8.49,0.05,N,8,0
18501,30,87000,RENT,1.0,HOMEIMPROVEMENT,B,6600,10.62,0.08,N,9,0
18502,22,111000,MORTGAGE,6.0,MEDICAL,B,6000,11.49,0.05,N,3,0
18503,27,54000,MORTGAGE,3.0,DEBTCONSOLIDATION,A,6600,8.59,0.12,N,6,1
18504,38,60000,MORTGAGE,5.0,VENTURE,A,12000,7.88,0.2,N,15,0
18505,32,80000,RENT,0.0,EDUCATION,A,2000,7.9,0.03,N,8,0
18506,28,61000,RENT,10.0,PERSONAL,B,17900,12.42,0.28,N,10,0
18507,26,70000,MORTGAGE,10.0,EDUCATION,C,6000,13.85,0.09,Y,3,0
18508,25,54400,RENT,3.0,MEDICAL,E,16000,16.45,0.24,N,2,1
18509,24,94500,MORTGAGE,4.0,EDUCATION,B,22000,12.69,0.24,N,4,0
18510,38,50000,RENT,4.0,HOMEIMPROVEMENT,B,5500,9.25,0.11,N,11,0
18511,25,50000,MORTGAGE,3.0,VENTURE,B,15000,10.25,0.3,N,4,0
18512,24,100000,RENT,2.0,PERSONAL,B,12000,10.99,0.12,N,2,0
18513,35,56000,MORTGAGE,8.0,MEDICAL,A,8000,7.29,0.14,N,6,0
18514,25,58000,MORTGAGE,9.0,VENTURE,A,6000,6.03,0.1,N,3,0
18515,32,32000,RENT,16.0,MEDICAL,C,13000,12.87,0.42,N,7,1
18516,29,68000,RENT,2.0,HOMEIMPROVEMENT,A,5000,8.9,0.07,N,10,0
18517,41,24000,RENT,0.0,DEBTCONSOLIDATION,B,4500,11.49,0.19,N,14,0
18518,27,40000,RENT,2.0,EDUCATION,B,4000,11.86,0.1,N,8,0
18519,26,59004,RENT,5.0,VENTURE,D,8000,17.27,0.14,Y,2,0
18520,25,108000,MORTGAGE,9.0,HOMEIMPROVEMENT,A,18000,6.99,0.17,N,2,0
18521,25,30000,RENT,0.0,PERSONAL,D,8000,15.62,0.27,Y,2,1
18522,27,80400,RENT,2.0,EDUCATION,C,12000,13.61,0.15,Y,5,0
18523,25,44000,RENT,9.0,DEBTCONSOLIDATION,C,6500,12.09,0.15,N,4,0
18524,30,46000,MORTGAGE,1.0,PERSONAL,A,6200,6.62,0.13,N,5,0
18525,27,60000,MORTGAGE,11.0,VENTURE,A,13000,7.88,0.22,N,6,0
18526,37,110000,RENT,11.0,DEBTCONSOLIDATION,A,15000,8.94,0.14,N,17,0
18527,22,43812,RENT,0.0,EDUCATION,C,9000,12.73,0.2,N,2,0
18528,22,49000,RENT,2.0,EDUCATION,C,7000,13.79,0.14,Y,2,1
18529,22,43000,RENT,5.0,DEBTCONSOLIDATION,B,14400,11.71,0.32,N,4,1
18530,22,72000,RENT,6.0,EDUCATION,B,8000,11.49,0.11,N,4,0
18531,21,54000,MORTGAGE,5.0,EDUCATION,D,8000,16.77,0.15,N,2,1
18532,30,70000,MORTGAGE,3.0,VENTURE,C,8000,14.27,0.11,N,7,0
18533,22,46000,RENT,7.0,PERSONAL,C,5000,15.23,0.11,Y,4,0
18534,36,55000,OWN,2.0,VENTURE,C,12000,11.97,0.22,Y,14,0
18535,24,32000,RENT,0.0,PERSONAL,B,12000,12.18,0.38,N,3,1
18536,25,65000,MORTGAGE,4.0,PERSONAL,D,18225,15.33,0.27,N,2,0
18537,23,68700,RENT,4.0,PERSONAL,B,17600,11.97,0.25,N,4,0
18538,25,59000,MORTGAGE,3.0,HOMEIMPROVEMENT,A,17500,7.51,0.3,N,4,0
18539,23,30000,RENT,7.0,HOMEIMPROVEMENT,C,10000,14.27,0.33,N,4,1
18540,40,70000,MORTGAGE,1.0,EDUCATION,A,7000,7.29,0.1,N,16,0
18541,24,96000,MORTGAGE,8.0,EDUCATION,B,14400,10.59,0.15,N,4,0
18542,23,60000,RENT,7.0,VENTURE,A,15000,7.88,0.25,N,4,0
18543,41,75000,RENT,0.0,MEDICAL,C,22000,13.85,0.28,Y,13,0
18544,28,70000,MORTGAGE,9.0,PERSONAL,B,12000,9.91,0.17,N,6,1
18545,23,55000,RENT,4.0,EDUCATION,A,4000,8.49,0.07,N,3,0
18546,28,60000,RENT,2.0,EDUCATION,B,5000,9.63,0.08,N,8,0
18547,34,24000,RENT,0.0,MEDICAL,C,3000,13.61,0.13,Y,5,0
18548,23,71000,OWN,7.0,MEDICAL,C,17000,13.85,0.26,N,2,0
18549,32,30000,RENT,3.0,HOMEIMPROVEMENT,A,8000,6.99,0.27,N,10,1
18550,23,80000,MORTGAGE,0.0,EDUCATION,A,6000,8.59,0.07,N,2,0
18551,23,60000,RENT,8.0,MEDICAL,C,6000,10.28,0.1,N,3,0
18552,28,35000,MORTGAGE,12.0,VENTURE,A,4000,6.03,0.11,N,10,0
18553,33,47000,RENT,18.0,EDUCATION,C,5000,13.98,0.11,Y,9,0
18554,24,29000,RENT,4.0,MEDICAL,B,6000,10.65,0.21,N,2,0
18555,22,27000,RENT,6.0,DEBTCONSOLIDATION,D,4000,15.62,0.15,Y,3,1
18556,25,120000,MORTGAGE,9.0,VENTURE,A,4800,6.76,0.04,N,4,0
18557,42,64464,MORTGAGE,4.0,MEDICAL,E,10000,19.03,0.14,N,14,1
18558,24,30000,RENT,8.0,DEBTCONSOLIDATION,C,10000,12.84,0.33,N,4,1
18559,31,38400,RENT,1.0,PERSONAL,A,1500,7.29,0.04,N,10,0
18560,33,30000,RENT,8.0,EDUCATION,C,2500,14.35,0.08,N,10,0
18561,23,48000,RENT,0.0,EDUCATION,C,9000,13.43,0.19,N,3,0
18562,30,50000,RENT,7.0,DEBTCONSOLIDATION,A,5000,7.51,0.1,N,5,0
18563,22,21000,RENT,2.0,MEDICAL,B,5000,11.86,0.24,N,4,0
18564,21,81000,RENT,5.0,VENTURE,B,7200,12.53,0.09,N,4,0
18565,35,62000,RENT,4.0,MEDICAL,A,6000,6.91,0.1,N,10,0
18566,25,48000,RENT,2.0,DEBTCONSOLIDATION,B,1500,9.63,0.03,N,3,0
18567,22,30000,MORTGAGE,7.0,PERSONAL,C,2700,13.92,0.09,Y,3,0
18568,30,62000,MORTGAGE,4.0,EDUCATION,B,7500,12.21,0.12,N,9,0
18569,22,69500,RENT,1.0,VENTURE,C,16100,13.98,0.24,Y,2,0
18570,23,50000,RENT,7.0,PERSONAL,C,3600,13.22,0.07,Y,3,0
18571,25,44000,MORTGAGE,1.0,PERSONAL,A,8000,8.94,0.18,N,4,0
18572,24,46800,RENT,8.0,MEDICAL,B,5000,11.36,0.11,N,3,0
18573,24,60000,MORTGAGE,8.0,VENTURE,D,2500,15.58,0.04,Y,2,0
18574,25,104000,MORTGAGE,4.0,HOMEIMPROVEMENT,C,35000,11.41,0.34,N,3,0
18575,38,60000,MORTGAGE,1.0,DEBTCONSOLIDATION,A,6000,7.29,0.1,N,16,0
18576,26,50000,RENT,7.0,MEDICAL,A,10000,7.88,0.2,N,3,0
18577,31,60000,MORTGAGE,2.0,EDUCATION,A,6000,7.51,0.1,N,5,0
18578,29,75000,RENT,6.0,PERSONAL,A,10000,7.49,0.13,N,6,0
18579,24,37000,RENT,8.0,PERSONAL,B,10800,10.75,0.3,N,2,0
18580,24,44000,RENT,8.0,DEBTCONSOLIDATION,A,8000,8.9,0.18,N,3,0
18581,27,86000,MORTGAGE,11.0,HOMEIMPROVEMENT,B,8400,9.88,0.1,N,6,0
18582,29,58000,MORTGAGE,6.0,MEDICAL,A,6000,7.51,0.1,N,5,0
18583,22,48000,RENT,1.0,HOMEIMPROVEMENT,C,3000,15.27,0.06,Y,3,1
18584,28,60000,RENT,4.0,HOMEIMPROVEMENT,B,15000,11.99,0.25,N,10,0
18585,27,67000,OWN,2.0,EDUCATION,A,14400,9.63,0.21,N,8,0
18586,30,40000,RENT,7.0,VENTURE,C,4500,12.68,0.11,N,7,0
18587,25,60000,MORTGAGE,9.0,VENTURE,B,10000,9.91,0.17,N,2,0
18588,24,155000,MORTGAGE,0.0,HOMEIMPROVEMENT,B,8000,10.37,0.05,N,2,0
18589,24,28800,RENT,2.0,PERSONAL,B,6000,11.99,0.21,N,2,0
18590,30,43200,MORTGAGE,6.0,VENTURE,A,6000,7.68,0.14,N,7,0
18591,47,67000,MORTGAGE,3.0,EDUCATION,C,1000,14.72,0.01,Y,13,0
18592,46,105000,RENT,6.0,EDUCATION,B,12000,10.0,0.11,N,11,0
18593,25,25000,MORTGAGE,4.0,EDUCATION,C,2000,13.47,0.08,Y,3,0
18594,25,36000,RENT,2.0,DEBTCONSOLIDATION,A,3000,8.9,0.08,N,3,0
18595,34,120000,RENT,0.0,EDUCATION,A,10000,8.94,0.08,N,9,0
18596,32,44004,RENT,4.0,DEBTCONSOLIDATION,A,17000,6.54,0.39,N,9,1
18597,23,100000,MORTGAGE,1.0,MEDICAL,C,21000,12.73,0.21,Y,3,0
18598,24,39996,RENT,8.0,DEBTCONSOLIDATION,A,12000,9.63,0.3,N,2,0
18599,33,72000,MORTGAGE,7.0,VENTURE,B,5600,12.42,0.08,N,10,0
18600,25,24000,RENT,2.0,DEBTCONSOLIDATION,B,1000,10.25,0.04,N,2,0
18601,29,62900,MORTGAGE,1.0,MEDICAL,D,15000,15.65,0.2,N,6,1
18602,23,80000,MORTGAGE,6.0,EDUCATION,A,25000,7.9,0.3,N,4,0
18603,27,59000,RENT,1.0,EDUCATION,B,6000,10.65,0.1,N,7,1
18604,27,50000,RENT,2.0,HOMEIMPROVEMENT,C,7500,13.49,0.15,N,10,0
18605,26,65000,OWN,4.0,PERSONAL,D,15000,15.7,0.23,N,3,0
18606,27,29120,OWN,0.0,MEDICAL,A,7200,8.94,0.25,N,5,0
18607,29,60000,RENT,4.0,MEDICAL,C,1600,13.49,0.03,N,10,0
18608,22,60000,MORTGAGE,6.0,PERSONAL,D,12400,15.21,0.2,N,3,0
18609,24,39996,RENT,2.0,MEDICAL,A,12000,8.94,0.3,N,2,0
18610,23,35004,RENT,2.0,MEDICAL,B,12800,11.99,0.38,N,3,1
18611,22,56000,RENT,0.0,DEBTCONSOLIDATION,A,10000,6.62,0.18,N,2,0
18612,32,35100,MORTGAGE,16.0,EDUCATION,C,5400,13.47,0.15,Y,8,0
18613,24,115000,RENT,3.0,VENTURE,A,9975,7.51,0.09,N,4,0
18614,33,40000,RENT,4.0,PERSONAL,B,7000,10.99,0.17,N,10,0
18615,24,85000,MORTGAGE,2.0,DEBTCONSOLIDATION,A,8100,7.29,0.1,N,4,0
18616,23,46809,RENT,3.0,PERSONAL,B,4000,10.99,0.09,N,2,0
18617,30,90000,RENT,0.0,PERSONAL,C,6000,12.87,0.07,Y,6,0
18618,28,110000,MORTGAGE,12.0,PERSONAL,B,20000,10.99,0.18,N,6,0
18619,38,115000,RENT,0.0,MEDICAL,A,1000,7.9,0.01,N,11,0
18620,22,50000,MORTGAGE,6.0,MEDICAL,B,10000,10.65,0.2,N,3,0
18621,29,67000,MORTGAGE,13.0,EDUCATION,B,2800,9.99,0.04,N,7,0
18622,27,65000,RENT,11.0,DEBTCONSOLIDATION,C,2400,13.11,0.04,Y,6,0
18623,24,85000,MORTGAGE,3.0,MEDICAL,C,15000,13.72,0.18,N,4,0
18624,30,70000,RENT,3.0,VENTURE,C,20000,13.49,0.29,Y,8,0
18625,40,78000,MORTGAGE,3.0,EDUCATION,B,20000,11.83,0.26,N,15,0
18626,29,125000,MORTGAGE,2.0,VENTURE,C,8800,13.85,0.07,N,7,0
18627,28,54996,OWN,7.0,VENTURE,A,15000,6.92,0.27,N,10,0
18628,25,50000,MORTGAGE,9.0,DEBTCONSOLIDATION,B,6000,11.99,0.12,N,3,0
18629,22,50004,RENT,0.0,DEBTCONSOLIDATION,C,9000,12.53,0.19,Y,4,0
18630,25,39000,RENT,3.0,MEDICAL,C,8000,15.23,0.21,N,3,0
18631,28,103000,RENT,1.0,HOMEIMPROVEMENT,D,25000,16.07,0.24,Y,8,1
18632,25,65000,RENT,9.0,VENTURE,C,6000,13.57,0.09,Y,3,0
18633,25,50000,RENT,2.0,MEDICAL,A,6000,6.03,0.12,N,2,0
18634,24,92004,RENT,8.0,EDUCATION,A,16000,7.49,0.18,N,4,0
18635,24,100000,MORTGAGE,7.0,HOMEIMPROVEMENT,B,14200,11.71,0.14,N,2,0
18636,24,46000,RENT,4.0,MEDICAL,B,8000,10.65,0.17,N,2,0
18637,28,69996,MORTGAGE,6.0,VENTURE,B,20000,12.42,0.28,N,5,0
18638,23,65000,MORTGAGE,7.0,MEDICAL,B,15000,9.88,0.23,N,2,0
18639,25,65000,MORTGAGE,0.0,PERSONAL,B,8000,10.71,0.12,N,3,0
18640,23,80000,MORTGAGE,5.0,EDUCATION,B,4000,11.49,0.05,N,4,0
18641,29,54000,MORTGAGE,13.0,VENTURE,A,12000,7.51,0.22,N,7,0
18642,31,55000,MORTGAGE,2.0,EDUCATION,B,22000,10.75,0.4,N,5,0
18643,28,60000,MORTGAGE,4.0,MEDICAL,B,20000,11.48,0.33,N,9,0
18644,24,70000,RENT,3.0,DEBTCONSOLIDATION,A,3000,7.51,0.04,N,3,0
18645,23,45000,MORTGAGE,2.0,EDUCATION,B,10000,10.99,0.22,N,2,0
18646,24,78400,MORTGAGE,4.0,PERSONAL,E,17500,17.56,0.22,N,4,0
18647,21,98280,MORTGAGE,2.0,DEBTCONSOLIDATION,A,12000,6.62,0.13,N,2,0
18648,27,122000,MORTGAGE,9.0,PERSONAL,A,15000,8.49,0.12,N,8,0
18649,22,59000,MORTGAGE,5.0,PERSONAL,D,5000,14.96,0.08,Y,2,0
18650,24,50000,MORTGAGE,5.0,VENTURE,B,6000,11.14,0.12,N,2,0
18651,38,72000,MORTGAGE,6.0,HOMEIMPROVEMENT,B,12000,10.99,0.17,N,16,0
18652,30,45000,MORTGAGE,3.0,EDUCATION,A,9200,6.03,0.2,N,10,0
18653,25,50000,OWN,6.0,VENTURE,A,4000,7.49,0.08,N,2,0
18654,21,55000,RENT,5.0,EDUCATION,B,5300,11.99,0.1,N,2,0
18655,26,27000,RENT,5.0,MEDICAL,A,5275,6.91,0.19,N,2,0
18656,27,80000,MORTGAGE,3.0,PERSONAL,B,12000,10.99,0.15,N,8,0
18657,22,38000,RENT,6.0,PERSONAL,A,3000,7.49,0.08,N,3,0
18658,27,45600,MORTGAGE,3.0,MEDICAL,A,9500,5.79,0.21,N,5,0
18659,24,70000,RENT,2.0,HOMEIMPROVEMENT,A,12000,8.9,0.17,N,2,0
18660,30,54000,MORTGAGE,1.0,EDUCATION,A,5000,8.94,0.09,N,7,0
18661,23,72000,MORTGAGE,7.0,PERSONAL,B,15000,11.86,0.21,N,4,0
18662,23,44000,MORTGAGE,0.0,PERSONAL,B,6000,11.14,0.14,N,2,1
18663,33,36000,RENT,10.0,DEBTCONSOLIDATION,B,2500,11.86,0.07,N,5,0
18664,25,75000,RENT,0.0,EDUCATION,A,3000,7.9,0.04,N,4,0
18665,45,126000,MORTGAGE,5.0,HOMEIMPROVEMENT,A,14000,8.49,0.11,N,11,0
18666,27,48000,RENT,2.0,EDUCATION,C,3500,12.61,0.07,N,6,0
18667,35,30000,OWN,2.0,PERSONAL,C,8000,13.43,0.27,Y,7,0
18668,22,60000,OWN,6.0,EDUCATION,C,12000,13.06,0.2,N,2,0
18669,26,55000,MORTGAGE,11.0,EDUCATION,A,5500,5.42,0.1,N,4,0
18670,23,45000,RENT,0.0,EDUCATION,C,6000,13.22,0.13,N,3,0
18671,26,90000,RENT,1.0,VENTURE,B,6000,11.11,0.07,N,3,0
18672,21,80000,MORTGAGE,5.0,PERSONAL,A,5000,5.79,0.06,N,3,0
18673,23,38000,RENT,5.0,PERSONAL,A,10000,9.63,0.26,N,2,0
18674,24,30000,RENT,0.0,PERSONAL,A,5000,6.17,0.17,N,2,0
18675,23,75000,MORTGAGE,7.0,PERSONAL,A,20000,6.54,0.27,N,4,0
18676,26,90000,MORTGAGE,10.0,EDUCATION,A,14000,7.14,0.16,N,2,0
18677,44,30000,RENT,2.0,PERSONAL,B,10000,12.42,0.33,N,16,1
18678,22,40000,RENT,1.0,MEDICAL,B,7000,10.65,0.17,N,3,0
18679,23,30000,RENT,2.0,MEDICAL,A,5000,7.51,0.17,N,2,0
18680,21,26000,MORTGAGE,5.0,MEDICAL,B,6500,10.74,0.24,N,2,0
18681,28,70000,MORTGAGE,12.0,EDUCATION,A,7200,7.9,0.1,N,9,0
18682,49,120000,RENT,7.0,HOMEIMPROVEMENT,B,25000,10.99,0.21,N,16,0
18683,37,30000,RENT,5.0,VENTURE,B,4400,11.99,0.15,N,12,0
18684,24,40000,MORTGAGE,6.0,VENTURE,A,3000,6.76,0.07,N,4,0
18685,59,50000,RENT,5.0,PERSONAL,A,10000,7.49,0.2,N,23,0
18686,24,56004,RENT,7.0,VENTURE,C,3000,12.23,0.05,Y,2,0
18687,26,34000,MORTGAGE,4.0,MEDICAL,A,7000,9.32,0.21,N,3,0
18688,23,48000,RENT,8.0,MEDICAL,B,4000,10.99,0.08,N,3,0
18689,25,150000,MORTGAGE,9.0,DEBTCONSOLIDATION,A,24000,8.9,0.16,N,4,0
18690,23,39000,RENT,7.0,MEDICAL,D,12000,15.31,0.31,Y,3,1
18691,21,40000,RENT,2.0,PERSONAL,C,6000,12.61,0.15,N,2,0
18692,23,35000,RENT,0.0,PERSONAL,B,2400,10.99,0.07,N,4,0
18693,31,24000,RENT,0.0,DEBTCONSOLIDATION,D,7000,15.62,0.29,Y,6,1
18694,34,105600,MORTGAGE,5.0,PERSONAL,B,10000,10.99,0.09,N,9,0
18695,34,62000,MORTGAGE,4.0,VENTURE,A,10000,7.49,0.16,N,7,0
18696,24,70000,MORTGAGE,6.0,MEDICAL,B,3000,10.65,0.04,N,3,0
18697,26,60000,RENT,1.0,MEDICAL,B,1500,10.62,0.03,N,2,0
18698,23,174000,MORTGAGE,4.0,VENTURE,A,12000,8.94,0.07,N,3,0
18699,24,65000,RENT,2.0,MEDICAL,B,4000,10.99,0.06,N,3,0
18700,22,120000,RENT,0.0,DEBTCONSOLIDATION,A,9000,8.94,0.07,N,3,0
18701,29,35000,RENT,0.0,MEDICAL,C,12000,12.84,0.34,N,7,1
18702,37,50000,MORTGAGE,5.0,DEBTCONSOLIDATION,A,5500,6.03,0.11,N,11,0
18703,22,75000,MORTGAGE,5.0,PERSONAL,B,19200,11.99,0.26,N,3,0
18704,25,80000,RENT,4.0,EDUCATION,B,9000,12.21,0.11,N,2,0
18705,21,75000,RENT,5.0,VENTURE,A,12000,6.92,0.16,N,3,0
18706,26,80000,MORTGAGE,10.0,MEDICAL,A,10000,7.88,0.13,N,3,0
18707,32,80000,MORTGAGE,16.0,PERSONAL,A,12000,6.62,0.15,N,8,0
18708,27,45000,RENT,1.0,EDUCATION,B,12000,12.69,0.26,N,7,0
18709,34,26000,RENT,4.0,HOMEIMPROVEMENT,A,7000,7.49,0.27,N,10,1
18710,36,50000,MORTGAGE,5.0,DEBTCONSOLIDATION,A,10000,6.62,0.2,N,14,0
18711,22,26000,RENT,3.0,MEDICAL,B,12000,11.11,0.46,N,4,1
18712,28,56000,MORTGAGE,12.0,EDUCATION,C,20000,13.79,0.36,N,5,1
18713,29,120000,MORTGAGE,1.0,HOMEIMPROVEMENT,B,18000,12.18,0.15,N,6,0
18714,24,57000,RENT,4.0,HOMEIMPROVEMENT,C,8500,13.43,0.15,N,4,0
18715,35,30000,RENT,2.0,MEDICAL,C,10000,13.49,0.33,N,10,1
18716,25,36000,RENT,9.0,PERSONAL,B,12000,10.38,0.33,N,3,1
18717,27,53000,MORTGAGE,3.0,PERSONAL,A,6000,8.0,0.11,N,9,0
18718,23,60500,MORTGAGE,6.0,VENTURE,E,24000,16.32,0.04,N,2,0
18719,22,80000,MORTGAGE,6.0,DEBTCONSOLIDATION,A,12000,7.51,0.15,N,4,0
18720,23,28800,RENT,1.0,EDUCATION,A,5175,7.49,0.17,N,2,1
18721,28,60000,RENT,5.0,EDUCATION,B,7400,12.69,0.13,N,5,0
18722,26,56000,MORTGAGE,8.0,PERSONAL,A,5100,8.0,0.09,N,3,0
18723,37,60000,MORTGAGE,7.0,VENTURE,C,8000,13.49,0.13,N,17,0
18724,26,44000,MORTGAGE,5.0,HOMEIMPROVEMENT,C,2800,14.17,0.06,N,3,0
18725,27,50000,MORTGAGE,5.0,VENTURE,A,18000,7.88,0.36,N,10,0
18726,29,35000,RENT,7.0,DEBTCONSOLIDATION,B,6000,9.99,0.17,N,5,0
18727,30,40000,RENT,9.0,PERSONAL,C,6400,14.22,0.16,N,6,0
18728,28,50000,RENT,0.0,PERSONAL,C,3000,14.65,0.06,Y,5,0
18729,27,58000,MORTGAGE,11.0,PERSONAL,A,10000,7.51,0.17,N,6,0
18730,24,100000,MORTGAGE,5.0,MEDICAL,A,6000,7.14,0.06,N,4,0
18731,23,35220,RENT,0.0,EDUCATION,C,12000,13.22,0.34,Y,4,1
18732,27,40000,RENT,2.0,VENTURE,C,5000,12.53,0.13,Y,7,0
18733,27,50000,RENT,5.0,VENTURE,D,5000,15.62,0.1,Y,6,0
18734,28,140000,RENT,0.0,HOMEIMPROVEMENT,C,13800,13.57,0.09,N,7,0
18735,31,72600,MORTGAGE,3.0,HOMEIMPROVEMENT,C,4500,13.06,0.06,Y,8,0
18736,22,30000,RENT,2.0,DEBTCONSOLIDATION,B,12000,10.62,0.4,N,4,1
18737,21,18000,OWN,3.0,MEDICAL,C,5300,15.27,0.29,N,3,0
18738,32,29000,RENT,4.0,HOMEIMPROVEMENT,B,7000,11.99,0.24,N,10,1
18739,24,50000,RENT,2.0,MEDICAL,A,10000,9.63,0.2,N,4,0
18740,28,60000,MORTGAGE,5.0,PERSONAL,A,6000,7.14,0.1,N,9,0
18741,23,57000,MORTGAGE,3.0,EDUCATION,A,8000,6.03,0.14,N,2,0
18742,22,60000,RENT,7.0,EDUCATION,B,8000,10.99,0.13,N,2,0
18743,24,48000,MORTGAGE,4.0,EDUCATION,A,6000,6.62,0.13,N,2,0
18744,24,150000,OWN,2.0,PERSONAL,B,14400,12.69,0.1,N,3,0
18745,22,44000,RENT,6.0,DEBTCONSOLIDATION,B,15000,10.99,0.34,N,4,1
18746,23,98004,MORTGAGE,3.0,VENTURE,A,10000,9.32,0.11,N,3,0
18747,34,19200,RENT,0.0,HOMEIMPROVEMENT,C,3000,12.68,0.14,N,7,1
18748,28,35000,RENT,0.0,VENTURE,C,10000,14.35,0.28,Y,5,0
18749,24,108000,OWN,8.0,VENTURE,B,20000,12.53,0.19,N,2,0
18750,24,48000,OWN,8.0,PERSONAL,D,2500,14.96,0.05,Y,4,0
18751,26,70000,RENT,3.0,DEBTCONSOLIDATION,A,3500,5.42,0.05,N,4,0
18752,23,95000,MORTGAGE,3.0,EDUCATION,A,18000,6.91,0.19,N,4,0
18753,24,72000,MORTGAGE,8.0,PERSONAL,C,6500,13.92,0.09,N,3,0
18754,28,50000,MORTGAGE,2.0,VENTURE,A,6000,5.79,0.12,N,9,0
18755,30,50000,RENT,5.0,MEDICAL,A,7200,7.51,0.14,N,7,0
18756,27,82500,RENT,0.0,VENTURE,A,9000,7.49,0.11,N,7,0
18757,37,60000,RENT,6.0,PERSONAL,C,3000,13.22,0.05,Y,15,0
18758,50,100000,RENT,4.0,HOMEIMPROVEMENT,D,9175,16.49,0.09,Y,15,0
18759,28,74000,MORTGAGE,12.0,MEDICAL,C,10000,12.73,0.14,N,7,0
18760,32,100000,MORTGAGE,9.0,HOMEIMPROVEMENT,B,25000,11.12,0.25,N,10,0
18761,28,125000,RENT,4.0,MEDICAL,A,24000,7.9,0.19,N,8,0
18762,31,82500,RENT,1.0,DEBTCONSOLIDATION,C,10000,14.22,0.13,N,9,0
18763,32,87600,MORTGAGE,16.0,DEBTCONSOLIDATION,B,20000,10.25,0.24,N,7,0
18764,21,39996,RENT,2.0,MEDICAL,A,3000,9.32,0.08,N,2,0
18765,22,35400,RENT,4.0,EDUCATION,C,9600,13.16,0.27,N,4,0
18766,29,34000,MORTGAGE,1.0,PERSONAL,A,10000,7.9,0.29,N,10,0
18767,32,65000,MORTGAGE,7.0,EDUCATION,A,9600,8.49,0.15,N,10,0
18768,28,83000,MORTGAGE,4.0,DEBTCONSOLIDATION,A,11000,8.49,0.14,N,5,0
18769,29,66996,MORTGAGE,13.0,HOMEIMPROVEMENT,C,20000,12.84,0.3,N,8,0
18770,27,150000,MORTGAGE,11.0,VENTURE,A,6000,5.42,0.04,N,10,0
18771,23,72000,OWN,7.0,PERSONAL,A,6600,5.42,0.09,N,4,0
18772,36,48000,MORTGAGE,2.0,DEBTCONSOLIDATION,A,10000,9.32,0.21,N,11,0
18773,21,84000,RENT,2.0,DEBTCONSOLIDATION,A,13000,7.51,0.15,N,4,0
18774,26,65000,RENT,11.0,DEBTCONSOLIDATION,A,3600,7.49,0.06,N,2,0
18775,25,72500,RENT,0.0,EDUCATION,B,4200,10.65,0.06,N,3,0
18776,24,120000,MORTGAGE,8.0,PERSONAL,A,10000,9.63,0.08,N,3,0
18777,21,24996,RENT,5.0,DEBTCONSOLIDATION,B,4750,9.99,0.2,N,4,0
18778,25,30000,RENT,4.0,MEDICAL,C,3000,11.78,0.1,Y,4,1
18779,28,52000,RENT,12.0,MEDICAL,B,12000,10.65,0.23,N,5,0
18780,25,39000,MORTGAGE,3.0,MEDICAL,A,10000,6.62,0.26,N,4,1
18781,26,65004,MORTGAGE,10.0,HOMEIMPROVEMENT,B,20000,11.36,0.31,N,2,0
18782,24,79636,MORTGAGE,0.0,PERSONAL,D,25000,15.31,0.31,N,4,0
18783,22,29000,RENT,13.0,VENTURE,A,10000,8.49,0.34,N,3,1
18784,27,48000,RENT,0.0,DEBTCONSOLIDATION,B,17000,11.71,0.36,N,10,1
18785,22,84000,MORTGAGE,6.0,MEDICAL,A,6000,6.17,0.07,N,2,0
18786,28,59004,RENT,1.0,DEBTCONSOLIDATION,B,24250,11.49,0.41,N,6,1
18787,21,30000,RENT,0.0,EDUCATION,A,3000,7.9,0.1,N,2,0
18788,37,72600,MORTGAGE,5.0,HOMEIMPROVEMENT,A,6500,7.74,0.09,N,17,0
18789,23,62500,MORTGAGE,7.0,MEDICAL,B,12000,11.36,0.19,N,2,0
18790,22,41300,RENT,0.0,EDUCATION,C,2400,12.68,0.06,N,3,0
18791,21,80004,RENT,5.0,EDUCATION,A,14000,7.9,0.18,N,3,0
18792,24,65000,RENT,0.0,DEBTCONSOLIDATION,A,3600,5.79,0.06,N,4,0
18793,25,44000,MORTGAGE,9.0,VENTURE,A,5000,6.62,0.11,N,3,0
18794,28,45000,RENT,2.0,MEDICAL,B,12000,12.18,0.27,N,8,1
18795,22,50000,MORTGAGE,3.0,VENTURE,A,8800,5.99,0.17,N,2,0
18796,42,52000,RENT,3.0,HOMEIMPROVEMENT,B,11000,9.99,0.21,N,17,0
18797,26,51500,MORTGAGE,7.0,VENTURE,A,11000,7.49,0.21,N,4,0
18798,27,36000,RENT,1.0,DEBTCONSOLIDATION,C,10400,13.49,0.29,Y,5,0
18799,40,132000,RENT,3.0,HOMEIMPROVEMENT,A,7500,7.9,0.06,N,11,0
18800,23,105018,MORTGAGE,7.0,HOMEIMPROVEMENT,C,28000,15.23,0.27,Y,4,0
18801,43,130000,MORTGAGE,17.0,VENTURE,A,12000,5.79,0.09,N,17,0
18802,30,70000,RENT,4.0,MEDICAL,B,6000,11.99,0.09,N,7,0
18803,29,66000,RENT,2.0,HOMEIMPROVEMENT,B,7000,11.49,0.11,N,10,1
18804,21,60000,RENT,5.0,EDUCATION,C,15000,12.68,0.25,N,4,0
18805,22,25000,RENT,0.0,EDUCATION,B,2400,10.36,0.1,N,2,0
18806,32,50000,MORTGAGE,3.0,VENTURE,A,9000,7.74,0.18,N,10,0
18807,23,63500,RENT,7.0,VENTURE,B,1200,11.49,0.02,N,4,0
18808,27,65000,RENT,0.0,VENTURE,A,8000,8.59,0.12,N,9,0
18809,25,60000,RENT,9.0,EDUCATION,B,10000,10.25,0.17,N,2,0
18810,28,102000,MORTGAGE,11.0,EDUCATION,B,14400,9.62,0.14,N,10,0
18811,31,88000,RENT,1.0,HOMEIMPROVEMENT,C,9600,13.61,0.11,Y,10,0
18812,25,133000,RENT,9.0,PERSONAL,C,15000,12.53,0.11,N,3,1
18813,22,85000,MORTGAGE,3.0,VENTURE,B,15000,10.74,0.18,N,4,0
18814,22,43000,RENT,3.0,EDUCATION,B,5000,10.99,0.12,N,4,1
18815,23,44000,MORTGAGE,7.0,MEDICAL,A,8000,5.42,0.18,N,3,0
18816,23,60000,MORTGAGE,7.0,VENTURE,A,2500,7.51,0.04,N,3,0
18817,24,90000,MORTGAGE,5.0,HOMEIMPROVEMENT,A,17000,7.49,0.18,N,3,0
18818,26,69600,OWN,10.0,VENTURE,A,3500,6.99,0.05,N,3,0
18819,23,96000,MORTGAGE,1.0,VENTURE,C,16000,14.79,0.17,N,3,0
18820,22,57000,MORTGAGE,3.0,EDUCATION,A,10000,7.51,0.18,N,3,0
18821,46,90000,RENT,9.0,HOMEIMPROVEMENT,B,6000,11.71,0.07,N,17,0
18822,28,72000,MORTGAGE,12.0,PERSONAL,C,10000,13.99,0.14,Y,6,0
18823,25,69000,RENT,2.0,HOMEIMPROVEMENT,D,12800,15.33,0.19,N,3,1
18824,26,34000,RENT,2.0,PERSONAL,C,2500,13.98,0.07,N,4,1
18825,26,35000,RENT,3.0,PERSONAL,B,3500,9.25,0.1,N,3,0
18826,25,33600,RENT,9.0,MEDICAL,D,4200,16.02,0.13,Y,2,1
18827,25,140000,MORTGAGE,9.0,EDUCATION,A,12000,6.92,0.09,N,4,0
18828,24,40000,MORTGAGE,5.0,MEDICAL,A,4000,7.88,0.1,N,4,0
18829,29,30000,RENT,5.0,VENTURE,B,8000,12.69,0.27,N,7,0
18830,34,75000,MORTGAGE,8.0,MEDICAL,C,16800,11.78,0.22,N,10,0
18831,27,59000,MORTGAGE,11.0,MEDICAL,A,10000,8.0,0.17,N,6,0
18832,27,45000,MORTGAGE,5.0,EDUCATION,B,6000,11.49,0.13,N,9,0
18833,23,34000,RENT,2.0,VENTURE,B,5000,12.18,0.15,N,2,0
18834,27,140000,MORTGAGE,3.0,HOMEIMPROVEMENT,A,15000,7.88,0.11,N,7,0
18835,25,85000,RENT,1.0,PERSONAL,C,5000,13.61,0.06,Y,4,0
18836,26,70000,MORTGAGE,10.0,PERSONAL,A,10000,7.49,0.14,N,4,0
18837,43,35000,MORTGAGE,18.0,PERSONAL,B,2000,10.38,0.06,N,11,0
18838,27,37000,RENT,3.0,VENTURE,B,5000,11.86,0.14,N,6,0
18839,23,60000,RENT,0.0,VENTURE,B,5000,10.37,0.08,N,3,0
18840,29,50000,RENT,1.0,MEDICAL,B,7000,10.36,0.14,N,10,0
18841,28,65000,RENT,13.0,PERSONAL,E,12000,17.93,0.19,Y,6,0
18842,29,54000,RENT,5.0,VENTURE,C,5600,12.61,0.1,Y,7,0
18843,27,80000,MORTGAGE,11.0,VENTURE,A,12000,6.62,0.15,N,6,0
18844,23,75000,RENT,4.0,MEDICAL,A,10000,6.99,0.13,N,2,0
18845,24,82726,RENT,8.0,VENTURE,C,10000,13.99,0.12,N,3,0
18846,24,49000,RENT,9.0,MEDICAL,D,5000,14.84,0.1,N,3,1
18847,25,50000,MORTGAGE,9.0,MEDICAL,A,4000,7.9,0.08,N,3,0
18848,23,82650,RENT,7.0,DEBTCONSOLIDATION,B,10000,12.21,0.12,N,3,0
18849,25,74000,MORTGAGE,3.0,VENTURE,A,4800,7.14,0.06,N,3,0
18850,24,70000,OWN,8.0,VENTURE,A,4000,5.79,0.06,N,3,0
18851,25,54000,MORTGAGE,3.0,DEBTCONSOLIDATION,C,9600,14.27,0.18,Y,4,0
18852,31,60000,MORTGAGE,16.0,VENTURE,A,7000,7.29,0.12,N,6,0
18853,48,68000,MORTGAGE,5.0,EDUCATION,D,12000,15.33,0.18,N,13,0
18854,32,120000,RENT,3.0,VENTURE,B,4800,12.42,0.04,N,6,0
18855,26,67000,RENT,6.0,HOMEIMPROVEMENT,C,5000,13.92,0.07,N,4,0
18856,25,48000,RENT,3.0,MEDICAL,A,8000,7.88,0.17,N,2,0
18857,25,46000,RENT,1.0,MEDICAL,C,12500,10.28,0.28,Y,2,0
18858,23,135000,MORTGAGE,8.0,EDUCATION,B,10800,11.83,0.08,N,2,0
18859,22,74000,RENT,3.0,EDUCATION,B,10000,11.71,0.14,N,2,1
18860,28,28800,RENT,1.0,EDUCATION,C,6400,12.84,0.23,Y,9,0
18861,27,54000,MORTGAGE,0.0,VENTURE,C,5000,13.23,0.09,N,9,0
18862,26,130000,RENT,3.0,DEBTCONSOLIDATION,A,12500,6.54,0.1,N,3,0
18863,22,50004,MORTGAGE,5.0,PERSONAL,C,12000,14.79,0.24,N,2,0
18864,28,70000,MORTGAGE,0.0,HOMEIMPROVEMENT,C,4000,12.53,0.06,Y,6,0
18865,41,102000,RENT,18.0,PERSONAL,B,18000,11.58,0.18,N,17,0
18866,22,30000,RENT,1.0,HOMEIMPROVEMENT,B,14400,9.99,0.48,N,2,1
18867,24,100000,MORTGAGE,8.0,VENTURE,B,15000,11.49,0.15,N,4,0
18868,22,64000,RENT,2.0,PERSONAL,C,12000,15.96,0.19,Y,3,0
18869,26,33996,RENT,2.0,DEBTCONSOLIDATION,D,9000,14.74,0.26,N,4,1
18870,29,36000,RENT,8.0,EDUCATION,B,7000,11.49,0.19,N,7,0
18871,23,65000,MORTGAGE,7.0,PERSONAL,A,6000,7.68,0.09,N,4,0
18872,34,67500,RENT,1.0,VENTURE,A,8000,9.32,0.11,N,7,0
18873,31,27000,RENT,5.0,PERSONAL,A,5800,7.9,0.21,N,7,0
18874,29,75000,RENT,4.0,PERSONAL,E,13000,16.0,0.17,Y,8,0
18875,28,75000,RENT,5.0,HOMEIMPROVEMENT,A,10000,7.51,0.13,N,8,0
18876,23,50000,RENT,3.0,PERSONAL,C,13000,13.48,0.26,N,4,0
18877,22,60000,OWN,2.0,MEDICAL,B,5600,11.86,0.09,N,2,0
18878,34,50000,MORTGAGE,6.0,DEBTCONSOLIDATION,B,24250,10.25,0.5,N,7,0
18879,37,45996,RENT,0.0,PERSONAL,B,1800,11.58,0.04,N,16,0
18880,26,60000,MORTGAGE,0.0,HOMEIMPROVEMENT,D,12000,15.99,0.2,Y,2,0
18881,30,50000,RENT,4.0,PERSONAL,D,8000,15.65,0.16,N,6,0
18882,27,90000,MORTGAGE,4.0,VENTURE,A,10000,6.62,0.11,N,6,0
18883,22,46000,RENT,4.0,DEBTCONSOLIDATION,A,7000,6.99,0.15,N,4,0
18884,30,42000,MORTGAGE,5.0,HOMEIMPROVEMENT,A,3000,6.03,0.07,N,10,0
18885,23,26000,RENT,0.0,EDUCATION,C,3825,13.57,0.15,Y,3,0
18886,31,64000,MORTGAGE,0.0,DEBTCONSOLIDATION,D,18250,16.29,0.27,Y,6,1
18887,30,54000,MORTGAGE,4.0,EDUCATION,D,10000,16.89,0.19,Y,10,0
18888,24,20000,OWN,8.0,HOMEIMPROVEMENT,A,5000,8.59,0.25,N,3,0
18889,30,53160,MORTGAGE,14.0,PERSONAL,B,1000,11.71,0.02,N,6,0
18890,24,55000,MORTGAGE,7.0,HOMEIMPROVEMENT,D,17000,14.09,0.31,Y,3,0
18891,21,35000,MORTGAGE,5.0,DEBTCONSOLIDATION,B,4000,9.32,0.11,N,4,0
18892,23,85000,RENT,0.0,VENTURE,A,10000,5.79,0.12,N,2,0
18893,24,87048,MORTGAGE,3.0,DEBTCONSOLIDATION,B,17600,11.99,0.22,N,2,0
18894,37,74400,OWN,21.0,EDUCATION,A,7500,7.29,0.1,N,14,0
18895,28,40000,MORTGAGE,10.0,DEBTCONSOLIDATION,A,5000,8.0,0.13,N,6,0
18896,27,60000,RENT,0.0,HOMEIMPROVEMENT,C,6000,13.49,0.1,Y,10,0
18897,34,75000,OWN,0.0,HOMEIMPROVEMENT,B,10000,11.14,0.13,N,6,0
18898,37,15000,RENT,1.0,HOMEIMPROVEMENT,C,5000,12.99,0.31,Y,13,1
18899,24,67000,RENT,5.0,EDUCATION,B,10000,11.11,0.15,N,4,0
18900,37,110000,MORTGAGE,21.0,VENTURE,B,28000,9.91,0.25,N,13,1
18901,22,60000,RENT,2.0,VENTURE,A,15000,8.94,0.25,N,4,0
18902,29,120000,MORTGAGE,11.0,HOMEIMPROVEMENT,A,9000,6.03,0.07,N,6,0
18903,29,50000,OWN,4.0,VENTURE,C,8000,14.72,0.16,Y,9,0
18904,31,30000,RENT,3.0,MEDICAL,B,6000,9.99,0.2,N,7,0
18905,40,35000,RENT,2.0,MEDICAL,C,5000,13.22,0.14,N,15,0
18906,24,140000,MORTGAGE,3.0,MEDICAL,B,12000,11.11,0.09,N,4,0
18907,24,59004,RENT,1.0,HOMEIMPROVEMENT,A,4200,7.14,0.07,N,4,0
18908,31,30000,RENT,2.0,MEDICAL,D,3500,14.83,0.12,N,9,1
18909,23,45000,MORTGAGE,2.0,HOMEIMPROVEMENT,A,7500,7.9,0.17,N,4,0
18910,40,130000,MORTGAGE,8.0,VENTURE,C,5000,13.16,0.04,Y,13,0
18911,40,167300,RENT,0.0,DEBTCONSOLIDATION,E,15000,16.32,0.09,Y,15,1
18912,23,51600,MORTGAGE,3.0,PERSONAL,A,6000,8.49,0.12,N,4,0
18913,31,42000,RENT,3.0,PERSONAL,D,7600,16.29,0.18,N,10,1
18914,30,56000,MORTGAGE,7.0,EDUCATION,B,15000,11.36,0.27,N,8,0
18915,46,70000,RENT,4.0,VENTURE,B,6000,11.49,0.09,N,13,0
18916,24,60000,MORTGAGE,8.0,DEBTCONSOLIDATION,C,3600,13.49,0.06,N,4,0
18917,26,30000,RENT,3.0,DEBTCONSOLIDATION,A,7000,8.9,0.23,N,3,0
18918,22,50000,RENT,0.0,EDUCATION,B,4000,10.74,0.08,N,2,0
18919,25,100000,RENT,1.0,VENTURE,A,8000,7.14,0.08,N,2,0
18920,33,40000,RENT,5.0,MEDICAL,B,9000,11.49,0.23,N,8,0
18921,24,34999,MORTGAGE,6.0,HOMEIMPROVEMENT,A,12375,7.51,0.34,N,3,0
18922,27,42000,MORTGAGE,1.0,MEDICAL,A,10000,6.91,0.24,N,6,0
18923,22,62000,RENT,4.0,PERSONAL,B,6000,10.08,0.1,N,2,0
18924,25,60000,RENT,0.0,EDUCATION,B,12500,11.89,0.21,N,3,0
18925,35,57000,MORTGAGE,2.0,DEBTCONSOLIDATION,B,14000,11.49,0.24,N,6,0
18926,26,102000,MORTGAGE,10.0,MEDICAL,C,5000,12.68,0.05,Y,3,0
18927,27,52000,RENT,2.0,PERSONAL,B,4900,9.99,0.09,N,8,0
18928,23,80000,RENT,0.0,MEDICAL,C,6400,11.66,0.08,Y,3,0
18929,34,74000,RENT,0.0,HOMEIMPROVEMENT,D,16000,17.49,0.22,Y,8,1
18930,22,59004,RENT,4.0,MEDICAL,B,12000,12.53,0.2,N,2,0
18931,30,48000,RENT,8.0,PERSONAL,B,7800,10.65,0.16,N,8,0
18932,34,50000,MORTGAGE,4.0,DEBTCONSOLIDATION,A,10000,6.62,0.2,N,9,0
18933,21,28000,RENT,2.0,HOMEIMPROVEMENT,D,3000,15.62,0.11,N,2,1
18934,29,140000,RENT,1.0,PERSONAL,B,7000,11.11,0.05,N,6,0
18935,24,75000,MORTGAGE,8.0,HOMEIMPROVEMENT,A,5000,6.92,0.07,N,4,0
18936,39,50740,RENT,5.0,HOMEIMPROVEMENT,A,6000,8.49,0.12,N,12,0
18937,29,102540,MORTGAGE,2.0,MEDICAL,A,10000,7.88,0.09,N,10,0
18938,23,45000,RENT,5.0,PERSONAL,B,10000,9.62,0.22,N,2,0
18939,25,112000,MORTGAGE,2.0,PERSONAL,D,20000,17.58,0.16,Y,4,0
18940,22,42000,RENT,1.0,VENTURE,A,12500,8.94,0.3,N,3,0
18941,24,62000,RENT,3.0,HOMEIMPROVEMENT,B,4000,11.12,0.06,N,3,0
18942,22,60000,RENT,6.0,EDUCATION,A,14000,6.17,0.23,N,3,0
18943,31,62000,RENT,0.0,VENTURE,B,17000,11.14,0.27,N,7,0
18944,32,50000,RENT,3.0,DEBTCONSOLIDATION,C,15000,13.22,0.3,N,7,0
18945,40,132000,RENT,1.0,HOMEIMPROVEMENT,C,12000,12.87,0.09,N,16,0
18946,28,67000,OWN,1.0,HOMEIMPROVEMENT,C,10000,11.66,0.15,N,7,0
18947,40,43000,RENT,2.0,MEDICAL,B,13650,10.99,0.33,N,16,1
18948,25,36000,RENT,1.0,DEBTCONSOLIDATION,B,10000,9.99,0.28,N,4,0
18949,27,90000,MORTGAGE,3.0,EDUCATION,D,10000,14.96,0.11,N,8,0
18950,23,52000,MORTGAGE,0.0,VENTURE,A,8000,7.49,0.15,N,3,0
18951,31,150000,MORTGAGE,15.0,HOMEIMPROVEMENT,A,7200,5.42,0.05,N,6,0
18952,22,39000,RENT,5.0,MEDICAL,B,18000,11.49,0.46,N,4,1
18953,37,55000,RENT,4.0,PERSONAL,A,7000,6.54,0.13,N,13,0
18954,28,48000,OWN,1.0,EDUCATION,B,2400,10.37,0.05,N,9,0
18955,26,85000,MORTGAGE,10.0,VENTURE,A,3000,7.49,0.04,N,3,0
18956,23,48000,RENT,3.0,EDUCATION,B,3000,10.25,0.06,N,4,0
18957,47,40000,MORTGAGE,12.0,VENTURE,A,6000,7.51,0.15,N,13,0
18958,36,39000,RENT,6.0,VENTURE,D,4000,15.33,0.1,N,15,1
18959,29,30000,MORTGAGE,13.0,PERSONAL,A,4000,6.99,0.13,N,9,0
18960,24,62400,RENT,8.0,HOMEIMPROVEMENT,A,12000,6.62,0.19,N,4,0
18961,27,93600,RENT,5.0,MEDICAL,C,25000,13.57,0.27,N,5,0
18962,25,85000,MORTGAGE,9.0,VENTURE,C,10000,13.43,0.12,Y,4,0
18963,23,45000,MORTGAGE,7.0,MEDICAL,B,10000,10.65,0.22,N,3,0
18964,25,28000,RENT,5.0,EDUCATION,B,4500,10.99,0.16,N,4,0
18965,27,72000,RENT,7.0,EDUCATION,C,10000,14.22,0.14,Y,7,0
18966,28,42000,MORTGAGE,6.0,EDUCATION,C,8500,14.65,0.2,N,10,0
18967,25,60000,RENT,2.0,HOMEIMPROVEMENT,C,6000,12.53,0.1,N,4,0
18968,36,40000,RENT,2.0,VENTURE,B,4500,10.99,0.11,N,13,0
18969,25,60000,MORTGAGE,9.0,MEDICAL,B,8000,11.86,0.13,N,3,0
18970,23,69000,MORTGAGE,0.0,EDUCATION,A,6400,7.43,0.09,N,2,0
18971,30,90000,RENT,2.0,EDUCATION,A,6000,8.9,0.07,N,6,0
18972,25,55000,RENT,5.0,VENTURE,A,12000,6.62,0.22,N,4,0
18973,28,140000,MORTGAGE,12.0,PERSONAL,B,18000,9.76,0.13,N,6,0
18974,24,105000,MORTGAGE,8.0,VENTURE,A,7000,7.74,0.07,N,4,0
18975,29,100000,MORTGAGE,9.0,MEDICAL,A,12000,5.79,0.12,N,10,0
18976,23,39000,RENT,3.0,DEBTCONSOLIDATION,B,5000,11.71,0.13,N,3,1
18977,22,112500,MORTGAGE,6.0,MEDICAL,C,18000,13.48,0.16,Y,2,0
18978,28,60000,RENT,3.0,VENTURE,B,3600,11.49,0.06,N,6,0
18979,22,36000,RENT,1.0,VENTURE,C,10000,14.22,0.28,Y,3,0
18980,22,81996,MORTGAGE,7.0,DEBTCONSOLIDATION,D,15000,14.42,0.18,Y,3,1
18981,27,65000,MORTGAGE,12.0,DEBTCONSOLIDATION,B,3600,9.99,0.06,N,5,0
18982,38,50000,RENT,5.0,PERSONAL,B,10000,11.99,0.2,N,17,0
18983,23,60000,RENT,7.0,EDUCATION,C,10000,13.79,0.17,N,3,0
18984,22,85000,RENT,4.0,EDUCATION,B,14000,12.42,0.16,N,3,0
18985,23,64000,MORTGAGE,6.0,DEBTCONSOLIDATION,D,3000,15.33,0.05,Y,2,1
18986,23,90000,MORTGAGE,4.0,VENTURE,C,12000,12.99,0.13,N,4,0
18987,27,50000,OWN,2.0,VENTURE,A,12000,6.03,0.24,N,5,0
18988,23,55000,MORTGAGE,4.0,EDUCATION,B,6500,11.86,0.12,N,2,0
18989,30,74500,RENT,9.0,MEDICAL,C,12000,12.68,0.14,Y,9,0
18990,32,25000,RENT,15.0,MEDICAL,A,1800,6.62,0.07,N,6,0
18991,23,36000,RENT,8.0,MEDICAL,A,4500,5.42,0.13,N,3,0
18992,23,63000,RENT,2.0,VENTURE,A,12000,6.62,0.19,N,2,0
18993,21,54000,RENT,5.0,PERSONAL,A,6000,7.51,0.11,N,4,1
18994,24,69600,RENT,0.0,PERSONAL,C,3000,14.22,0.05,N,2,0
18995,28,91000,MORTGAGE,12.0,HOMEIMPROVEMENT,B,3000,10.99,0.03,N,6,0
18996,26,34000,RENT,3.0,MEDICAL,D,4000,15.33,0.12,Y,2,1
18997,28,50000,MORTGAGE,12.0,PERSONAL,A,6000,5.42,0.12,N,9,0
18998,25,28000,OWN,9.0,EDUCATION,C,8000,15.96,0.29,N,4,0
18999,22,45000,RENT,6.0,DEBTCONSOLIDATION,C,3000,13.35,0.07,N,4,0
19000,36,90000,RENT,2.0,EDUCATION,A,15000,7.88,0.17,N,12,0
19001,24,98000,RENT,8.0,DEBTCONSOLIDATION,B,10000,11.11,0.1,N,4,0
19002,27,142000,MORTGAGE,3.0,HOMEIMPROVEMENT,A,14000,6.92,0.09,N,8,0
19003,27,45000,RENT,1.0,PERSONAL,C,4000,13.99,0.09,N,5,1
19004,22,54000,MORTGAGE,6.0,HOMEIMPROVEMENT,D,21000,16.29,0.4,N,4,1
19005,23,45999,RENT,3.0,PERSONAL,A,10000,6.99,0.22,N,3,0
19006,29,140000,RENT,6.0,HOMEIMPROVEMENT,D,35000,16.77,0.22,N,8,0
19007,24,45000,RENT,3.0,VENTURE,C,15000,13.98,0.33,N,2,1
19008,25,80000,MORTGAGE,0.0,EDUCATION,B,6000,12.69,0.07,N,2,0
19009,23,60000,RENT,7.0,EDUCATION,B,17000,11.71,0.29,N,4,0
19010,30,70000,RENT,7.0,VENTURE,D,13600,14.59,0.19,Y,8,0
19011,30,60000,MORTGAGE,7.0,PERSONAL,A,4000,7.29,0.07,N,8,0
19012,27,56000,MORTGAGE,5.0,PERSONAL,A,2000,7.14,0.04,N,5,0
19013,27,53000,MORTGAGE,11.0,DEBTCONSOLIDATION,A,6000,7.14,0.11,N,7,0
19014,26,84000,RENT,0.0,DEBTCONSOLIDATION,B,20000,9.76,0.24,N,2,0
19015,38,30720,MORTGAGE,16.0,EDUCATION,A,6000,7.88,0.2,N,15,0
19016,24,36000,RENT,2.0,EDUCATION,D,6000,14.96,0.17,Y,4,1
19017,29,72000,MORTGAGE,5.0,DEBTCONSOLIDATION,B,8000,11.49,0.11,N,5,0
19018,23,75000,RENT,7.0,EDUCATION,B,7000,10.0,0.1,N,3,0
19019,24,60000,RENT,0.0,VENTURE,C,10000,13.49,0.17,N,3,0
19020,22,56000,RENT,3.0,EDUCATION,D,15000,14.96,0.27,Y,3,0
19021,28,119004,MORTGAGE,12.0,MEDICAL,A,5000,6.99,0.04,N,6,0
19022,23,43000,RENT,5.0,MEDICAL,B,9000,10.33,0.21,N,3,0
19023,27,100000,MORTGAGE,7.0,EDUCATION,B,10000,10.59,0.1,N,6,0
19024,23,57996,RENT,1.0,DEBTCONSOLIDATION,C,8000,13.11,0.14,Y,2,0
19025,32,48000,RENT,9.0,MEDICAL,B,4200,12.42,0.09,N,8,0
19026,31,70000,RENT,5.0,PERSONAL,B,10000,12.69,0.14,N,10,0
19027,29,38000,RENT,0.0,MEDICAL,C,2200,13.49,0.06,Y,5,0
19028,30,144000,MORTGAGE,0.0,MEDICAL,B,6000,10.65,0.04,N,10,0
19029,22,70800,RENT,6.0,EDUCATION,C,10000,12.61,0.14,N,3,0
19030,27,24000,RENT,0.0,VENTURE,A,6000,7.49,0.25,N,8,0
19031,22,32000,RENT,0.0,VENTURE,A,8400,7.88,0.28,N,4,0
19032,31,140000,MORTGAGE,10.0,MEDICAL,B,13000,10.99,0.09,N,8,0
19033,29,24996,RENT,2.0,PERSONAL,D,6000,14.74,0.24,N,6,1
19034,25,57600,RENT,9.0,PERSONAL,A,7000,7.51,0.12,N,4,0
19035,24,15600,RENT,0.0,PERSONAL,C,4000,14.26,0.26,N,2,1
19036,22,70000,RENT,2.0,EDUCATION,A,9000,7.49,0.13,N,3,0
19037,22,58000,RENT,6.0,PERSONAL,C,5000,13.85,0.09,Y,4,0
19038,23,57000,MORTGAGE,7.0,VENTURE,B,17500,11.49,0.3,N,3,0
19039,25,150000,MORTGAGE,9.0,PERSONAL,C,25000,13.16,0.17,N,3,0
19040,22,50000,OTHER,3.0,EDUCATION,A,4000,9.32,0.08,N,4,0
19041,34,110000,RENT,2.0,DEBTCONSOLIDATION,B,3000,11.48,0.03,N,7,0
19042,28,85596,MORTGAGE,5.0,PERSONAL,B,6000,10.99,0.07,N,5,0
19043,27,72000,MORTGAGE,11.0,EDUCATION,E,8000,18.64,0.11,N,5,0
19044,29,90000,MORTGAGE,6.0,VENTURE,B,5000,11.36,0.06,N,7,0
19045,30,40000,RENT,0.0,PERSONAL,A,5500,6.03,0.14,N,6,0
19046,29,50000,MORTGAGE,5.0,PERSONAL,A,6400,6.03,0.13,N,9,0
19047,23,60000,RENT,2.0,EDUCATION,B,5000,11.86,0.08,N,3,0
19048,29,58000,MORTGAGE,0.0,HOMEIMPROVEMENT,B,13000,10.37,0.22,N,8,0
19049,26,69000,MORTGAGE,1.0,HOMEIMPROVEMENT,A,7200,9.63,0.1,N,4,0
19050,26,105000,MORTGAGE,0.0,HOMEIMPROVEMENT,C,12000,13.57,0.11,N,3,0
19051,22,103000,MORTGAGE,6.0,VENTURE,A,14000,7.9,0.14,N,3,0
19052,32,90000,MORTGAGE,6.0,DEBTCONSOLIDATION,B,18000,12.69,0.2,N,5,0
19053,22,51000,MORTGAGE,4.0,DEBTCONSOLIDATION,C,20000,12.73,0.39,Y,4,0
19054,24,110000,MORTGAGE,8.0,MEDICAL,E,6000,14.5,0.05,N,4,0
19055,23,54660,RENT,2.0,PERSONAL,B,4000,10.59,0.07,N,3,1
19056,32,84996,RENT,5.0,PERSONAL,A,20000,8.9,0.24,N,5,0
19057,27,38400,OWN,4.0,VENTURE,C,4000,15.23,0.1,Y,5,0
19058,25,34000,RENT,9.0,EDUCATION,B,10000,10.0,0.29,N,4,0
19059,31,54996,RENT,0.0,VENTURE,A,12000,9.32,0.22,N,7,0
19060,32,1200000,MORTGAGE,16.0,DEBTCONSOLIDATION,A,16000,6.92,0.13,N,5,0
19061,24,72000,MORTGAGE,8.0,HOMEIMPROVEMENT,A,8000,5.42,0.11,N,4,0
19062,23,65000,MORTGAGE,1.0,EDUCATION,A,10000,6.03,0.15,N,3,0
19063,38,30720,RENT,4.0,PERSONAL,B,11500,12.21,0.4,N,12,1
19064,26,32400,RENT,8.0,HOMEIMPROVEMENT,C,12000,13.98,0.37,N,3,1
19065,22,53100,MORTGAGE,6.0,PERSONAL,D,10000,14.96,0.18,N,4,0
19066,23,28800,RENT,4.0,DEBTCONSOLIDATION,A,5400,7.49,0.19,N,3,0
19067,23,75000,MORTGAGE,7.0,VENTURE,A,10000,7.49,0.13,N,3,0
19068,22,54996,RENT,0.0,EDUCATION,C,5000,13.79,0.09,Y,4,0
19069,31,86000,OWN,4.0,EDUCATION,B,9600,10.99,0.11,N,5,0
19070,21,70000,MORTGAGE,5.0,EDUCATION,D,15000,15.99,0.21,Y,2,0
19071,29,95000,MORTGAGE,5.0,EDUCATION,B,7000,9.62,0.07,N,8,0
19072,23,48000,RENT,5.0,VENTURE,B,5000,10.36,0.1,N,3,0
19073,25,54000,RENT,5.0,DEBTCONSOLIDATION,A,8000,8.9,0.15,N,2,0
19074,23,55008,OWN,5.0,EDUCATION,B,10500,10.37,0.2,N,3,0
19075,32,48000,RENT,3.0,MEDICAL,A,5000,6.62,0.1,N,8,0
19076,29,40560,MORTGAGE,7.0,HOMEIMPROVEMENT,A,2700,7.51,0.07,N,7,0
19077,24,40000,RENT,1.0,MEDICAL,B,12000,10.99,0.3,N,4,0
19078,25,32004,RENT,2.0,MEDICAL,B,6000,11.86,0.19,N,2,0
19079,25,100000,MORTGAGE,5.0,VENTURE,B,20000,10.25,0.2,N,2,0
19080,24,45000,MORTGAGE,7.0,MEDICAL,A,4000,7.49,0.09,N,2,0
19081,27,80000,MORTGAGE,5.0,DEBTCONSOLIDATION,A,9600,7.49,0.12,N,6,0
19082,26,87000,RENT,3.0,PERSONAL,D,10000,14.91,0.11,N,3,0
19083,37,60000,RENT,15.0,VENTURE,A,10000,6.03,0.17,N,13,0
19084,23,60000,OWN,7.0,VENTURE,A,4500,6.76,0.07,N,4,0
19085,27,51000,RENT,2.0,PERSONAL,A,4000,7.51,0.08,N,5,0
19086,22,86000,MORTGAGE,5.0,EDUCATION,A,3600,5.99,0.04,N,2,0
19087,22,90000,RENT,6.0,VENTURE,C,20000,13.48,0.22,Y,3,0
19088,22,27000,RENT,3.0,EDUCATION,A,5000,7.51,0.19,N,3,0
19089,26,53400,MORTGAGE,3.0,PERSONAL,B,4000,9.99,0.07,N,2,0
19090,24,50000,RENT,8.0,EDUCATION,B,4000,10.62,0.08,N,4,0
19091,22,53000,RENT,5.0,VENTURE,B,8000,12.53,0.15,N,2,0
19092,34,70000,RENT,9.0,DEBTCONSOLIDATION,C,4800,12.53,0.07,N,8,0
19093,22,61200,MORTGAGE,6.0,MEDICAL,E,8000,17.19,0.13,Y,3,1
19094,38,53000,MORTGAGE,8.0,HOMEIMPROVEMENT,A,12000,6.03,0.23,N,17,0
19095,29,44000,RENT,0.0,VENTURE,B,14000,11.14,0.32,N,10,1
19096,43,62000,RENT,4.0,EDUCATION,C,10000,13.49,0.16,N,13,0
19097,24,60000,MORTGAGE,3.0,MEDICAL,A,9700,5.99,0.16,N,2,0
19098,42,35000,RENT,3.0,VENTURE,C,5000,13.35,0.14,N,12,1
19099,27,96000,MORTGAGE,3.0,EDUCATION,B,8000,11.11,0.07,N,9,0
19100,24,30000,RENT,1.0,MEDICAL,C,4000,14.22,0.13,Y,4,0
19101,22,55000,MORTGAGE,6.0,VENTURE,A,10000,5.99,0.18,N,3,0
19102,22,36000,MORTGAGE,3.0,EDUCATION,C,16750,13.11,0.47,Y,4,1
19103,38,45000,RENT,4.0,MEDICAL,C,12000,13.16,0.27,N,12,0
19104,24,43000,RENT,7.0,MEDICAL,A,10000,7.66,0.23,N,3,0
19105,31,42000,MORTGAGE,7.0,PERSONAL,A,5000,7.51,0.12,N,9,0
19106,30,80000,RENT,5.0,MEDICAL,B,7800,11.71,0.09,N,8,0
19107,27,100000,RENT,1.0,VENTURE,B,14000,11.89,0.14,N,10,0
19108,26,34188,RENT,1.0,HOMEIMPROVEMENT,D,1000,15.99,0.03,Y,2,1
19109,34,130000,MORTGAGE,14.0,PERSONAL,C,15000,13.16,0.12,N,6,0
19110,28,48000,RENT,2.0,HOMEIMPROVEMENT,C,8000,13.16,0.17,Y,5,0
19111,22,48000,RENT,1.0,PERSONAL,B,20000,10.37,0.42,N,2,1
19112,29,104000,MORTGAGE,13.0,HOMEIMPROVEMENT,B,3500,10.99,0.03,N,9,0
19113,24,75000,RENT,5.0,VENTURE,B,5000,11.71,0.07,N,4,0
19114,25,54000,MORTGAGE,9.0,DEBTCONSOLIDATION,D,5600,16.49,0.1,N,2,1
19115,22,85000,MORTGAGE,6.0,PERSONAL,A,8000,7.29,0.09,N,4,0
19116,24,70000,MORTGAGE,6.0,EDUCATION,C,6000,12.23,0.09,N,2,0
19117,28,185000,MORTGAGE,0.0,VENTURE,B,4000,9.45,0.02,N,6,0
19118,30,110000,MORTGAGE,3.0,MEDICAL,B,4750,10.65,0.04,N,6,0
19119,22,65000,RENT,6.0,EDUCATION,C,2500,14.27,0.04,Y,2,0
19120,24,52000,RENT,2.0,DEBTCONSOLIDATION,B,3600,9.99,0.07,N,2,0
19121,22,75000,MORTGAGE,6.0,PERSONAL,B,13650,9.99,0.18,N,2,0
19122,35,38000,MORTGAGE,2.0,VENTURE,D,6000,15.99,0.16,Y,9,1
19123,30,108000,RENT,14.0,DEBTCONSOLIDATION,D,8500,14.96,0.08,N,5,1
19124,27,40000,RENT,1.0,EDUCATION,A,4800,7.49,0.12,N,10,0
19125,53,24000,RENT,24.0,PERSONAL,A,5000,6.62,0.21,N,28,0
19126,32,90000,MORTGAGE,7.0,VENTURE,B,6000,10.59,0.07,N,8,0
19127,22,55000,RENT,6.0,VENTURE,B,13000,9.67,0.24,N,2,0
19128,25,84000,RENT,2.0,VENTURE,B,12000,11.11,0.14,N,4,0
19129,27,48000,RENT,5.0,VENTURE,B,13000,10.08,0.27,N,5,0
19130,37,98000,MORTGAGE,21.0,DEBTCONSOLIDATION,B,5000,11.26,0.05,N,17,0
19131,26,57800,MORTGAGE,2.0,MEDICAL,B,25000,10.99,0.37,N,3,1
19132,23,75000,MORTGAGE,2.0,EDUCATION,B,4000,10.36,0.05,N,2,0
19133,28,42000,RENT,2.0,VENTURE,A,3000,6.39,0.07,N,8,0
19134,39,65000,RENT,6.0,MEDICAL,C,6000,15.27,0.09,Y,12,0
19135,22,50000,RENT,6.0,EDUCATION,B,15000,10.37,0.3,N,4,0
19136,23,60000,MORTGAGE,7.0,PERSONAL,C,8000,12.99,0.13,N,4,0
19137,26,33000,RENT,3.0,MEDICAL,B,12000,10.99,0.36,N,3,0
19138,39,62050,MORTGAGE,4.0,MEDICAL,E,3600,17.99,0.05,N,12,1
19139,27,65000,MORTGAGE,11.0,HOMEIMPROVEMENT,A,6400,6.92,0.1,N,5,0
19140,30,59800,MORTGAGE,7.0,PERSONAL,D,6000,15.65,0.1,Y,8,0
19141,23,140000,MORTGAGE,7.0,EDUCATION,A,12000,7.88,0.09,N,2,0
19142,31,50000,MORTGAGE,9.0,DEBTCONSOLIDATION,A,4800,6.03,0.1,N,9,0
19143,23,72000,MORTGAGE,3.0,PERSONAL,B,20000,11.83,0.28,N,3,0
19144,22,30000,RENT,0.0,HOMEIMPROVEMENT,B,1000,9.99,0.03,N,4,1
19145,22,50000,MORTGAGE,6.0,PERSONAL,B,10000,10.59,0.2,N,2,0
19146,23,40000,RENT,4.0,EDUCATION,A,4500,6.62,0.11,N,3,0
19147,38,120000,MORTGAGE,2.0,EDUCATION,B,15000,12.18,0.13,N,14,0
19148,35,42000,MORTGAGE,9.0,DEBTCONSOLIDATION,B,7000,10.74,0.17,N,6,0
19149,26,66000,RENT,2.0,HOMEIMPROVEMENT,D,12000,15.65,0.18,N,4,1
19150,26,60000,MORTGAGE,4.0,PERSONAL,B,7500,11.86,0.13,N,3,0
19151,29,85000,RENT,6.0,EDUCATION,B,7200,11.12,0.09,N,9,0
19152,24,51000,MORTGAGE,3.0,HOMEIMPROVEMENT,C,2000,13.49,0.04,Y,4,0
19153,24,35000,RENT,1.0,MEDICAL,B,5000,11.14,0.14,N,2,0
19154,24,60000,MORTGAGE,6.0,MEDICAL,C,10000,13.99,0.17,N,3,0
19155,22,35000,RENT,0.0,DEBTCONSOLIDATION,B,5000,9.99,0.14,N,4,0
19156,29,89000,MORTGAGE,8.0,HOMEIMPROVEMENT,B,7500,10.99,0.08,N,6,0
19157,23,75000,OWN,7.0,MEDICAL,A,11000,6.03,0.15,N,3,0
19158,23,42000,RENT,0.0,EDUCATION,C,12000,13.61,0.29,Y,4,0
19159,52,60000,MORTGAGE,1.0,PERSONAL,A,15000,6.99,0.25,N,18,0
19160,25,48000,MORTGAGE,9.0,HOMEIMPROVEMENT,A,10000,7.9,0.21,N,3,0
19161,27,38400,RENT,2.0,DEBTCONSOLIDATION,A,3000,6.03,0.08,N,9,0
19162,23,110000,MORTGAGE,4.0,EDUCATION,A,6000,7.51,0.05,N,3,0
19163,29,60000,RENT,1.0,EDUCATION,B,10600,10.65,0.17,N,8,0
19164,21,40000,RENT,0.0,PERSONAL,A,3400,7.51,0.09,N,4,0
19165,32,60000,MORTGAGE,2.0,VENTURE,A,7200,5.42,0.12,N,10,0
19166,30,33000,RENT,2.0,MEDICAL,A,4500,7.14,0.14,N,5,0
19167,32,120000,RENT,2.0,MEDICAL,B,10000,10.99,0.08,N,9,0
19168,29,130000,MORTGAGE,7.0,HOMEIMPROVEMENT,B,15000,12.18,0.12,N,10,0
19169,27,150000,MORTGAGE,5.0,VENTURE,A,10000,6.03,0.07,N,10,0
19170,24,60000,RENT,5.0,MEDICAL,C,15000,14.22,0.25,Y,2,0
19171,24,99996,RENT,7.0,HOMEIMPROVEMENT,A,8000,7.51,0.08,N,2,0
19172,23,100000,MORTGAGE,8.0,VENTURE,E,10000,16.7,0.1,Y,2,0
19173,31,50000,MORTGAGE,7.0,DEBTCONSOLIDATION,B,3000,10.99,0.06,N,10,0
19174,22,37008,RENT,1.0,PERSONAL,A,3600,8.9,0.1,N,4,0
19175,24,70000,MORTGAGE,8.0,MEDICAL,A,10000,6.03,0.14,N,3,0
19176,27,56004,MORTGAGE,11.0,EDUCATION,C,6000,13.22,0.1,N,7,0
19177,26,70000,MORTGAGE,5.0,EDUCATION,D,10000,14.42,0.14,N,4,0
19178,31,168000,OWN,3.0,MEDICAL,D,6800,14.84,0.04,Y,7,0
19179,23,30000,RENT,0.0,DEBTCONSOLIDATION,A,4000,7.29,0.13,N,3,0
19180,40,182004,RENT,3.0,EDUCATION,A,35000,8.0,0.19,N,11,0
19181,26,100000,MORTGAGE,3.0,MEDICAL,C,15000,12.87,0.15,Y,3,0
19182,28,39996,RENT,2.0,MEDICAL,B,12000,10.99,0.3,N,10,0
19183,24,110000,RENT,4.0,PERSONAL,E,25000,16.45,0.23,N,4,0
19184,25,37000,RENT,6.0,MEDICAL,B,10800,10.99,0.28,N,3,0
19185,27,52000,MORTGAGE,5.0,MEDICAL,B,7000,10.25,0.13,N,5,0
19186,24,42000,MORTGAGE,8.0,HOMEIMPROVEMENT,A,7000,7.14,0.17,N,2,0
19187,26,54996,MORTGAGE,0.0,MEDICAL,B,5000,11.11,0.09,N,4,0
19188,28,75000,OWN,3.0,HOMEIMPROVEMENT,D,16000,16.29,0.21,Y,9,0
19189,23,84000,MORTGAGE,7.0,EDUCATION,C,7200,12.68,0.08,N,2,0
19190,43,120000,MORTGAGE,10.0,EDUCATION,A,10000,7.51,0.08,N,14,0
19191,34,69935,MORTGAGE,17.0,MEDICAL,B,7000,10.99,0.1,N,8,0
19192,24,112000,MORTGAGE,8.0,DEBTCONSOLIDATION,A,4500,7.49,0.04,N,3,0
19193,39,24000,RENT,0.0,VENTURE,C,8000,14.26,0.33,N,17,1
19194,30,40000,MORTGAGE,6.0,PERSONAL,A,6000,5.42,0.15,N,5,0
19195,22,60000,MORTGAGE,0.0,EDUCATION,A,7500,6.54,0.13,N,2,0
19196,25,79000,MORTGAGE,9.0,HOMEIMPROVEMENT,A,7500,6.62,0.09,N,3,0
19197,23,120000,MORTGAGE,7.0,EDUCATION,A,13000,7.88,0.11,N,4,0
19198,25,41000,RENT,3.0,VENTURE,C,5000,12.99,0.12,Y,2,0
19199,23,50000,MORTGAGE,3.0,EDUCATION,A,3000,8.32,0.06,N,4,0
19200,27,100000,MORTGAGE,3.0,PERSONAL,B,12000,10.74,0.12,N,7,0
19201,24,45000,RENT,2.0,VENTURE,C,6000,12.99,0.13,N,2,0
19202,26,58000,RENT,3.0,EDUCATION,A,4000,8.94,0.07,N,3,0
19203,27,36000,RENT,6.0,MEDICAL,A,5000,7.9,0.14,N,7,0
19204,29,70000,MORTGAGE,6.0,DEBTCONSOLIDATION,C,3000,13.8,0.04,N,10,0
19205,23,30000,RENT,3.0,EDUCATION,A,3000,7.68,0.1,N,3,0
19206,22,34000,MORTGAGE,5.0,VENTURE,B,4800,11.83,0.14,N,4,0
19207,23,80000,OWN,1.0,EDUCATION,B,6000,11.11,0.07,N,4,0
19208,26,32000,MORTGAGE,4.0,HOMEIMPROVEMENT,C,15600,13.99,0.45,N,4,0
19209,31,78000,MORTGAGE,13.0,VENTURE,D,9000,14.84,0.12,Y,5,1
19210,22,31000,RENT,1.0,EDUCATION,B,5000,12.69,0.16,N,3,0
19211,22,30000,RENT,2.0,EDUCATION,A,8000,7.88,0.27,N,3,0
19212,25,40000,RENT,3.0,VENTURE,A,10000,6.62,0.25,N,3,0
19213,24,49000,RENT,3.0,MEDICAL,A,3000,7.66,0.06,N,2,0
19214,31,73000,MORTGAGE,3.0,PERSONAL,B,6500,10.74,0.09,N,5,0
19215,25,120000,RENT,9.0,MEDICAL,B,20000,10.99,0.17,N,4,0
19216,31,34560,RENT,6.0,MEDICAL,B,10000,10.59,0.29,N,7,1
19217,24,45000,MORTGAGE,5.0,PERSONAL,A,10000,5.42,0.22,N,3,0
19218,27,84000,RENT,5.0,VENTURE,B,12000,9.99,0.14,N,8,0
19219,21,26000,RENT,5.0,DEBTCONSOLIDATION,B,5000,11.99,0.19,N,3,0
19220,25,48000,RENT,2.0,MEDICAL,C,6000,12.99,0.13,N,2,0
19221,46,60000,RENT,1.0,HOMEIMPROVEMENT,C,3000,13.49,0.05,Y,13,0
19222,25,75000,RENT,0.0,DEBTCONSOLIDATION,A,9000,6.54,0.12,N,3,0
19223,28,60000,RENT,1.0,PERSONAL,C,2400,13.61,0.04,N,7,0
19224,36,50000,MORTGAGE,8.0,HOMEIMPROVEMENT,D,16000,14.09,0.32,Y,13,0
19225,25,100000,MORTGAGE,9.0,EDUCATION,C,15000,13.35,0.15,N,3,0
19226,22,60000,MORTGAGE,6.0,PERSONAL,C,4000,12.99,0.07,Y,2,0
19227,22,64000,RENT,2.0,EDUCATION,C,12000,15.23,0.19,Y,4,1
19228,24,75000,MORTGAGE,0.0,VENTURE,B,12500,11.11,0.17,N,4,0
19229,24,43000,RENT,1.0,MEDICAL,C,8600,14.79,0.21,Y,4,0
19230,37,39996,RENT,1.0,PERSONAL,A,8000,9.63,0.2,N,15,0
19231,29,240000,MORTGAGE,5.0,DEBTCONSOLIDATION,C,5500,13.16,0.02,N,5,0
19232,29,72000,MORTGAGE,0.0,MEDICAL,A,5000,7.14,0.07,N,6,0
19233,40,55182,RENT,0.0,VENTURE,A,3500,6.99,0.06,N,12,0
19234,29,50000,RENT,3.0,VENTURE,C,12000,13.48,0.24,N,10,0
19235,28,69000,OWN,11.0,VENTURE,A,6000,7.49,0.09,N,5,0
19236,32,39000,RENT,0.0,EDUCATION,D,3000,15.28,0.08,N,9,1
19237,23,78996,MORTGAGE,6.0,DEBTCONSOLIDATION,D,25000,13.36,0.32,N,3,1
19238,34,48000,RENT,2.0,VENTURE,A,3000,5.79,0.06,N,8,0
19239,26,32000,RENT,0.0,EDUCATION,A,9000,8.59,0.28,N,3,0
19240,37,90000,MORTGAGE,9.0,HOMEIMPROVEMENT,A,12000,6.62,0.13,N,13,0
19241,22,64548,RENT,4.0,EDUCATION,C,1000,13.49,0.02,Y,2,0
19242,22,42000,RENT,0.0,VENTURE,A,3500,8.94,0.08,N,2,0
19243,29,30000,RENT,3.0,EDUCATION,B,10000,9.91,0.33,N,5,1
19244,26,55000,RENT,4.0,EDUCATION,C,11000,13.11,0.2,N,2,0
19245,28,45000,OWN,1.0,PERSONAL,B,8000,10.99,0.18,N,10,0
19246,24,98000,MORTGAGE,8.0,VENTURE,A,6000,8.49,0.06,N,3,0
19247,26,30000,RENT,0.0,HOMEIMPROVEMENT,D,6000,15.31,0.2,Y,4,1
19248,22,60000,RENT,6.0,EDUCATION,B,12000,10.62,0.2,N,3,0
19249,24,48000,RENT,4.0,PERSONAL,D,6000,15.62,0.12,Y,3,0
19250,53,65000,MORTGAGE,2.0,PERSONAL,A,6000,6.03,0.09,N,27,0
19251,33,42000,RENT,5.0,MEDICAL,B,3000,11.83,0.07,N,6,0
19252,28,108000,MORTGAGE,3.0,EDUCATION,B,35000,10.59,0.3,N,10,1
19253,28,75000,MORTGAGE,3.0,MEDICAL,B,15000,10.38,0.2,N,6,0
19254,25,30000,RENT,3.0,VENTURE,A,5000,7.88,0.17,N,2,0
19255,24,110000,OWN,8.0,MEDICAL,D,16000,15.7,0.15,N,2,0
19256,29,38400,RENT,5.0,DEBTCONSOLIDATION,B,5000,11.86,0.13,N,8,0
19257,27,82500,MORTGAGE,1.0,MEDICAL,A,7200,8.49,0.09,N,9,0
19258,23,121000,MORTGAGE,7.0,EDUCATION,B,8000,10.99,0.07,N,2,0
19259,33,66000,MORTGAGE,5.0,PERSONAL,A,3000,6.39,0.05,N,10,0
19260,30,66000,MORTGAGE,14.0,DEBTCONSOLIDATION,A,3000,7.51,0.05,N,7,0
19261,24,50000,RENT,0.0,HOMEIMPROVEMENT,C,10000,14.26,0.2,N,4,0
19262,37,69000,RENT,4.0,PERSONAL,A,15000,7.49,0.22,N,14,1
19263,24,143000,RENT,5.0,VENTURE,D,6500,15.37,0.05,N,2,0
19264,32,40000,RENT,1.0,MEDICAL,C,5000,12.68,0.13,Y,7,0
19265,33,84996,RENT,17.0,PERSONAL,B,8000,11.49,0.09,N,7,0
19266,25,44000,RENT,1.0,MEDICAL,F,9600,18.62,0.22,N,2,1
19267,22,30000,RENT,0.0,MEDICAL,B,4000,11.49,0.13,N,4,1
19268,25,52800,RENT,2.0,EDUCATION,A,6000,6.92,0.11,N,4,0
19269,27,100000,RENT,1.0,DEBTCONSOLIDATION,A,5000,7.49,0.05,N,9,0
19270,24,110000,RENT,1.0,DEBTCONSOLIDATION,A,8000,7.49,0.07,N,3,0
19271,23,28800,MORTGAGE,1.0,EDUCATION,E,15000,16.4,0.51,N,4,0
19272,22,52000,MORTGAGE,5.0,EDUCATION,C,3000,13.85,0.06,N,3,0
19273,22,50000,MORTGAGE,6.0,PERSONAL,A,3200,7.51,0.06,N,2,0
19274,28,50000,RENT,6.0,PERSONAL,B,6000,12.42,0.12,N,8,0
19275,25,40000,RENT,1.0,EDUCATION,D,6400,14.54,0.16,Y,3,1
19276,26,65000,MORTGAGE,10.0,PERSONAL,A,9600,6.03,0.15,N,3,0
19277,32,40000,MORTGAGE,2.0,VENTURE,B,7000,10.36,0.17,N,10,0
19278,27,75000,RENT,3.0,EDUCATION,B,15000,9.99,0.2,N,10,0
19279,24,62000,RENT,3.0,HOMEIMPROVEMENT,B,6000,10.75,0.1,N,3,0
19280,23,60000,RENT,3.0,PERSONAL,B,6000,10.59,0.1,N,3,0
19281,25,50000,RENT,9.0,PERSONAL,C,14125,13.49,0.29,N,4,0
19282,22,37000,RENT,1.0,MEDICAL,E,3000,18.39,0.08,N,4,1
19283,23,100000,MORTGAGE,7.0,EDUCATION,B,5400,10.65,0.05,N,2,0
19284,25,85000,MORTGAGE,0.0,MEDICAL,B,8000,10.39,0.09,N,2,0
19285,30,50000,OWN,2.0,HOMEIMPROVEMENT,C,3000,14.79,0.06,N,8,0
19286,24,100000,MORTGAGE,8.0,MEDICAL,A,10000,6.62,0.1,N,3,0
19287,26,70000,MORTGAGE,6.0,HOMEIMPROVEMENT,C,6000,12.61,0.09,Y,3,0
19288,54,45600,RENT,9.0,PERSONAL,B,24750,10.38,0.5,N,20,1
19289,25,155867,MORTGAGE,9.0,HOMEIMPROVEMENT,A,12000,6.03,0.08,N,4,0
19290,29,30000,RENT,2.0,HOMEIMPROVEMENT,B,5000,12.69,0.17,N,10,1
19291,28,100000,RENT,6.0,EDUCATION,A,14350,9.63,0.14,N,10,0
19292,22,53000,MORTGAGE,6.0,EDUCATION,A,6400,7.29,0.12,N,4,0
19293,23,50000,OWN,2.0,VENTURE,A,2800,6.54,0.05,N,2,0
19294,32,114054,MORTGAGE,3.0,EDUCATION,A,35000,7.9,0.31,N,10,0
19295,27,100000,RENT,1.0,HOMEIMPROVEMENT,A,6000,6.62,0.06,N,10,0
19296,26,46809,RENT,4.0,MEDICAL,B,5000,11.36,0.11,N,4,0
19297,27,80000,MORTGAGE,4.0,VENTURE,A,6000,7.9,0.07,N,9,0
19298,23,66420,MORTGAGE,7.0,EDUCATION,A,8000,6.92,0.12,N,3,0
19299,26,70000,MORTGAGE,10.0,VENTURE,C,12000,13.49,0.18,Y,4,0
19300,30,80000,MORTGAGE,1.0,PERSONAL,A,12000,8.94,0.15,N,6,0
19301,24,60000,MORTGAGE,1.0,PERSONAL,A,8000,7.49,0.13,N,4,0
19302,22,36000,MORTGAGE,3.0,PERSONAL,B,2500,11.14,0.07,N,4,0
19303,26,54000,RENT,2.0,MEDICAL,D,10000,16.77,0.22,N,4,1
19304,42,86000,RENT,4.0,VENTURE,B,20000,10.01,0.23,N,13,0
19305,27,34000,RENT,3.0,PERSONAL,B,2500,10.99,0.07,N,6,0
19306,26,110000,MORTGAGE,3.0,DEBTCONSOLIDATION,A,6000,8.49,0.05,N,3,0
19307,24,60000,RENT,1.0,VENTURE,C,20000,14.26,0.33,N,2,1
19308,25,52000,MORTGAGE,5.0,MEDICAL,A,3100,7.05,0.06,N,2,0
19309,30,40000,MORTGAGE,7.0,PERSONAL,A,6000,6.62,0.15,N,8,0
19310,24,36000,RENT,0.0,PERSONAL,C,12250,13.11,0.34,N,2,1
19311,23,75000,MORTGAGE,5.0,PERSONAL,A,15000,7.9,0.2,N,2,0
19312,41,110000,MORTGAGE,3.0,PERSONAL,A,8000,6.76,0.07,N,11,0
19313,22,30000,RENT,1.0,EDUCATION,B,6000,12.69,0.2,N,4,0
19314,30,106000,MORTGAGE,14.0,HOMEIMPROVEMENT,B,10000,12.69,0.09,N,10,0
19315,36,90000,RENT,3.0,MEDICAL,B,12000,12.21,0.13,N,16,0
19316,24,90000,RENT,3.0,VENTURE,B,12000,12.53,0.13,N,3,0
19317,25,60000,MORTGAGE,4.0,PERSONAL,A,10000,7.9,0.17,N,3,0
19318,41,29000,RENT,0.0,HOMEIMPROVEMENT,D,8000,15.05,0.28,N,12,1
19319,22,40000,MORTGAGE,6.0,EDUCATION,C,5000,13.48,0.13,N,4,0
19320,24,38400,RENT,8.0,EDUCATION,A,3000,6.76,0.08,N,4,0
19321,24,50004,RENT,5.0,VENTURE,A,10000,7.88,0.2,N,2,0
19322,28,45000,RENT,4.0,HOMEIMPROVEMENT,B,8000,11.36,0.18,N,10,0
19323,25,60000,MORTGAGE,5.0,EDUCATION,A,8000,7.14,0.13,N,2,0
19324,22,51600,MORTGAGE,6.0,EDUCATION,B,6000,11.86,0.12,N,3,0
19325,22,58000,RENT,2.0,EDUCATION,B,7500,10.25,0.13,N,4,0
19326,26,25200,RENT,0.0,PERSONAL,B,8000,10.99,0.33,N,3,1
19327,23,75000,RENT,5.0,MEDICAL,B,10000,11.49,0.13,N,2,0
19328,37,140000,RENT,2.0,VENTURE,B,18000,9.91,0.13,N,13,0
19329,30,90000,RENT,5.0,PERSONAL,A,5000,8.49,0.06,N,8,0
19330,29,50000,MORTGAGE,5.0,DEBTCONSOLIDATION,A,10000,7.9,0.2,N,6,0
19331,36,120000,MORTGAGE,9.0,DEBTCONSOLIDATION,C,7000,12.99,0.06,N,14,0
19332,32,45000,RENT,1.0,DEBTCONSOLIDATION,B,4000,11.36,0.09,N,5,0
19333,26,25000,RENT,0.0,EDUCATION,A,5000,7.49,0.2,N,4,0
19334,29,65000,RENT,4.0,PERSONAL,A,10000,7.9,0.15,N,8,0
19335,29,60000,MORTGAGE,8.0,MEDICAL,A,10000,7.74,0.17,N,8,0
19336,35,75000,RENT,3.0,DEBTCONSOLIDATION,C,10000,12.29,0.13,N,7,0
19337,24,26000,RENT,0.0,VENTURE,C,10000,12.87,0.38,Y,2,1
19338,23,105000,MORTGAGE,4.0,MEDICAL,B,15000,10.25,0.14,N,2,0
19339,25,64000,RENT,9.0,HOMEIMPROVEMENT,C,4800,11.66,0.07,Y,2,0
19340,24,67000,RENT,4.0,MEDICAL,A,2500,7.49,0.04,N,4,0
19341,23,55000,RENT,3.0,EDUCATION,A,14000,8.94,0.25,N,2,0
19342,24,30000,RENT,2.0,EDUCATION,B,1500,11.71,0.05,N,4,0
19343,30,70000,MORTGAGE,7.0,PERSONAL,A,15000,6.91,0.21,N,7,0
19344,23,43000,RENT,7.0,DEBTCONSOLIDATION,A,7800,6.62,0.18,N,4,0
19345,22,40000,RENT,4.0,PERSONAL,A,10200,7.14,0.26,N,2,0
19346,33,70000,MORTGAGE,2.0,PERSONAL,C,4000,13.79,0.06,Y,10,0
19347,28,52000,MORTGAGE,13.0,HOMEIMPROVEMENT,B,8000,9.88,0.15,N,8,0
19348,38,80000,OWN,3.0,MEDICAL,B,5000,11.36,0.06,N,16,0
19349,24,30000,RENT,8.0,VENTURE,C,10000,13.49,0.33,N,2,0
19350,24,35004,RENT,3.0,VENTURE,B,18250,10.25,0.51,N,2,1
19351,37,51000,MORTGAGE,9.0,EDUCATION,B,1600,10.59,0.03,N,12,0
19352,23,75000,MORTGAGE,0.0,EDUCATION,B,15000,11.48,0.2,N,2,0
19353,26,64800,RENT,5.0,EDUCATION,B,7500,11.99,0.12,N,3,0
19354,46,95000,MORTGAGE,6.0,VENTURE,A,17000,6.03,0.18,N,12,0
19355,23,28000,RENT,2.0,EDUCATION,C,6000,12.99,0.21,Y,4,0
19356,22,18000,RENT,1.0,VENTURE,B,5000,10.99,0.28,N,4,1
19357,23,70560,MORTGAGE,1.0,EDUCATION,A,9600,7.49,0.13,N,4,0
19358,26,95000,RENT,7.0,DEBTCONSOLIDATION,A,2400,7.9,0.03,N,2,0
19359,25,58000,MORTGAGE,3.0,DEBTCONSOLIDATION,B,10000,9.99,0.17,N,2,0
19360,26,42000,RENT,0.0,PERSONAL,C,12000,13.23,0.29,N,4,0
19361,25,60000,RENT,7.0,DEBTCONSOLIDATION,B,4250,11.11,0.07,N,3,0
19362,21,29000,RENT,5.0,DEBTCONSOLIDATION,C,8000,12.84,0.28,N,4,1
19363,26,120000,MORTGAGE,10.0,VENTURE,B,20000,11.11,0.17,N,3,0
19364,25,120000,RENT,4.0,PERSONAL,C,25000,13.72,0.21,Y,3,0
19365,25,30000,RENT,1.0,MEDICAL,A,7700,6.99,0.26,N,4,0
19366,31,57996,RENT,3.0,PERSONAL,C,9000,13.23,0.16,N,10,0
19367,26,58000,RENT,9.0,MEDICAL,A,17500,8.49,0.29,N,4,0
19368,26,40000,MORTGAGE,1.0,EDUCATION,D,7500,16.29,0.19,Y,3,0
19369,58,50000,RENT,14.0,PERSONAL,B,20000,10.38,0.4,N,19,1
19370,28,50000,RENT,0.0,VENTURE,A,12000,6.62,0.24,N,9,0
19371,47,39270,RENT,5.0,EDUCATION,A,5000,7.88,0.13,N,13,0
19372,24,95000,MORTGAGE,8.0,PERSONAL,A,4000,6.17,0.04,N,4,0
19373,26,60000,RENT,3.0,EDUCATION,B,3600,9.99,0.06,N,3,0
19374,32,75000,MORTGAGE,7.0,HOMEIMPROVEMENT,D,15000,15.99,0.2,Y,8,0
19375,22,30000,RENT,0.0,DEBTCONSOLIDATION,A,5000,8.63,0.17,N,4,0
19376,25,45000,MORTGAGE,1.0,EDUCATION,A,5000,9.63,0.11,N,4,0
19377,25,30000,RENT,4.0,HOMEIMPROVEMENT,C,8000,13.49,0.27,Y,3,1
19378,29,100000,MORTGAGE,1.0,PERSONAL,A,6000,6.03,0.06,N,5,0
19379,26,122000,MORTGAGE,10.0,VENTURE,A,6000,7.88,0.05,N,3,0
19380,22,43000,RENT,1.0,VENTURE,B,15000,12.42,0.35,N,3,1
19381,29,35000,RENT,0.0,MEDICAL,C,4000,12.87,0.11,Y,10,0
19382,24,34000,MORTGAGE,1.0,MEDICAL,B,5000,12.42,0.15,N,3,1
19383,25,70000,RENT,0.0,DEBTCONSOLIDATION,A,9200,6.03,0.14,N,2,0
19384,44,18000,RENT,0.0,PERSONAL,B,3500,11.11,0.19,N,15,1
19385,31,110000,MORTGAGE,15.0,VENTURE,A,4000,6.62,0.04,N,6,0
19386,30,58800,MORTGAGE,14.0,DEBTCONSOLIDATION,B,15800,12.69,0.29,N,9,0
19387,34,54000,RENT,0.0,VENTURE,E,13750,16.7,0.25,Y,8,1
19388,22,29120,RENT,0.0,DEBTCONSOLIDATION,A,5500,7.49,0.19,N,4,0
19389,22,39500,RENT,6.0,EDUCATION,B,3500,10.65,0.09,N,2,0
19390,22,75000,MORTGAGE,2.0,MEDICAL,B,7800,11.49,0.1,N,2,0
19391,32,75000,MORTGAGE,13.0,MEDICAL,C,25000,13.49,0.33,N,10,0
19392,35,75000,RENT,0.0,HOMEIMPROVEMENT,C,15000,12.84,0.2,Y,5,0
19393,23,80000,MORTGAGE,5.0,DEBTCONSOLIDATION,A,13000,7.51,0.16,N,3,0
19394,31,69996,MORTGAGE,10.0,EDUCATION,A,6000,6.39,0.09,N,10,0
19395,22,80000,MORTGAGE,6.0,VENTURE,B,15000,10.99,0.19,N,4,0
19396,34,90000,MORTGAGE,7.0,EDUCATION,A,6000,7.74,0.07,N,10,0
19397,22,40000,MORTGAGE,5.0,EDUCATION,A,2400,7.66,0.06,N,3,0
19398,24,114750,RENT,1.0,MEDICAL,E,3400,20.69,0.03,Y,4,1
19399,24,60000,MORTGAGE,8.0,MEDICAL,C,8000,13.79,0.13,Y,4,0
19400,28,140000,OWN,12.0,VENTURE,C,15000,13.49,0.11,Y,7,0
19401,25,80000,MORTGAGE,9.0,PERSONAL,A,12000,5.79,0.15,N,3,0
19402,22,50000,MORTGAGE,5.0,PERSONAL,B,5000,12.42,0.1,N,4,0
19403,30,50000,RENT,0.0,VENTURE,A,7500,8.32,0.15,N,7,0
19404,23,28800,RENT,0.0,EDUCATION,C,5000,13.11,0.17,N,3,0
19405,30,150000,MORTGAGE,3.0,HOMEIMPROVEMENT,B,20000,11.14,0.13,N,9,0
19406,23,42000,MORTGAGE,7.0,VENTURE,B,3600,10.99,0.09,N,3,0
19407,29,50000,RENT,2.0,MEDICAL,B,6000,11.12,0.12,N,6,1
19408,27,53000,MORTGAGE,5.0,DEBTCONSOLIDATION,A,1200,7.29,0.02,N,10,0
19409,24,50000,MORTGAGE,2.0,EDUCATION,B,15200,10.25,0.3,N,2,0
19410,22,40000,RENT,1.0,DEBTCONSOLIDATION,A,1400,7.4,0.33,N,4,1
19411,21,60000,MORTGAGE,5.0,VENTURE,A,10000,7.9,0.17,N,2,0
19412,28,62000,RENT,12.0,HOMEIMPROVEMENT,A,5000,7.9,0.08,N,5,0
19413,34,150000,MORTGAGE,3.0,VENTURE,D,25000,15.21,0.17,N,10,0
19414,36,79500,MORTGAGE,7.0,MEDICAL,B,6000,10.65,0.08,N,14,0
19415,22,85000,RENT,2.0,EDUCATION,A,7200,7.4,0.08,N,3,0
19416,27,18000,OWN,2.0,HOMEIMPROVEMENT,E,5775,18.64,0.36,Y,9,1
19417,31,20000,OWN,5.0,HOMEIMPROVEMENT,C,5000,14.26,0.25,N,7,0
19418,33,38400,RENT,4.0,VENTURE,A,2500,7.9,0.07,N,6,0
19419,34,30000,RENT,0.0,MEDICAL,E,4000,17.99,0.13,N,9,1
19420,37,55000,MORTGAGE,3.0,DEBTCONSOLIDATION,A,3200,5.79,0.06,N,12,0
19421,32,60000,RENT,4.0,EDUCATION,B,14000,11.48,0.23,N,9,0
19422,22,72204,RENT,2.0,HOMEIMPROVEMENT,C,2500,12.53,0.03,N,3,0
19423,27,75000,RENT,11.0,DEBTCONSOLIDATION,B,5000,10.59,0.07,N,10,0
19424,29,100000,MORTGAGE,2.0,DEBTCONSOLIDATION,C,14000,13.23,0.14,N,9,0
19425,22,75000,MORTGAGE,6.0,EDUCATION,A,6625,6.62,0.09,N,4,0
19426,22,60000,RENT,6.0,PERSONAL,C,5000,13.11,0.08,Y,2,0
19427,28,60000,RENT,12.0,MEDICAL,A,10000,5.42,0.17,N,8,0
19428,22,35000,RENT,3.0,DEBTCONSOLIDATION,A,8000,7.49,0.23,N,4,0
19429,29,61838,MORTGAGE,13.0,EDUCATION,A,10675,6.62,0.16,N,9,0
19430,29,38000,RENT,1.0,VENTURE,B,5000,11.36,0.13,N,6,0
19431,24,100000,RENT,4.0,VENTURE,A,15000,6.54,0.15,N,2,0
19432,23,42900,RENT,7.0,VENTURE,B,2000,10.74,0.05,N,3,0
19433,32,75000,MORTGAGE,0.0,HOMEIMPROVEMENT,A,7500,8.38,0.1,N,8,0
19434,27,72000,MORTGAGE,11.0,DEBTCONSOLIDATION,A,8000,6.99,0.11,N,8,0
19435,22,65338,MORTGAGE,0.0,EDUCATION,A,6500,8.59,0.1,N,3,0
19436,25,63000,MORTGAGE,9.0,PERSONAL,B,20000,11.99,0.32,N,4,0
19437,26,51996,MORTGAGE,6.0,DEBTCONSOLIDATION,A,9600,7.51,0.18,N,4,0
19438,23,60000,MORTGAGE,4.0,VENTURE,A,2000,6.54,0.03,N,4,0
19439,24,40000,RENT,8.0,DEBTCONSOLIDATION,A,4000,7.29,0.1,N,3,0
19440,37,48000,RENT,15.0,MEDICAL,A,3000,7.14,0.06,N,11,0
19441,32,60500,RENT,2.0,DEBTCONSOLIDATION,D,4500,14.91,0.07,Y,7,1
19442,35,50000,MORTGAGE,5.0,PERSONAL,B,3000,11.49,0.06,N,9,0
19443,25,40000,OWN,6.0,VENTURE,A,14000,6.03,0.35,N,2,0
19444,21,51996,MORTGAGE,5.0,EDUCATION,B,6000,10.62,0.12,N,3,0
19445,31,60000,MORTGAGE,15.0,HOMEIMPROVEMENT,A,9000,7.49,0.15,N,8,0
19446,25,78000,MORTGAGE,2.0,HOMEIMPROVEMENT,B,6000,11.99,0.08,N,4,0
19447,24,60000,MORTGAGE,8.0,MEDICAL,B,6000,11.89,0.1,N,2,0
19448,41,70000,RENT,2.0,HOMEIMPROVEMENT,C,16000,13.49,0.23,N,17,0
19449,23,60000,MORTGAGE,1.0,VENTURE,A,7000,9.32,0.12,N,3,0
19450,25,120775,RENT,5.0,VENTURE,A,3600,8.49,0.3,N,3,1
19451,23,52500,MORTGAGE,7.0,DEBTCONSOLIDATION,B,4000,12.69,0.08,N,3,0
19452,27,63000,RENT,11.0,PERSONAL,C,5000,13.99,0.08,N,6,0
19453,23,80000,RENT,7.0,VENTURE,C,15000,13.61,0.19,Y,2,0
19454,23,88000,MORTGAGE,2.0,DEBTCONSOLIDATION,B,19600,11.83,0.23,N,2,1
19455,38,35000,RENT,5.0,MEDICAL,C,5600,14.27,0.16,N,14,0
19456,35,144000,MORTGAGE,10.0,MEDICAL,B,16000,9.88,0.11,N,8,0
19457,25,188000,RENT,9.0,DEBTCONSOLIDATION,B,25000,12.18,0.13,N,3,1
19458,31,40000,RENT,2.0,MEDICAL,A,10000,8.49,0.25,N,9,0
19459,39,75000,RENT,5.0,EDUCATION,B,8000,10.0,0.11,N,17,0
19460,27,30000,RENT,0.0,PERSONAL,D,2400,15.58,0.08,Y,5,1
19461,23,48996,MORTGAGE,6.0,EDUCATION,A,5000,8.59,0.1,N,3,0
19462,24,35000,RENT,5.0,MEDICAL,B,2000,11.71,0.06,N,3,0
19463,27,53004,RENT,3.0,HOMEIMPROVEMENT,A,9600,5.79,0.18,N,5,0
19464,40,63996,MORTGAGE,8.0,MEDICAL,B,13000,10.25,0.2,N,17,0
19465,24,85000,RENT,6.0,VENTURE,A,4500,6.91,0.05,N,2,0
19466,24,61425,RENT,2.0,VENTURE,A,12000,5.99,0.2,N,4,0
19467,22,69000,MORTGAGE,4.0,VENTURE,B,18000,11.12,0.27,N,4,0
19468,22,70000,RENT,5.0,MEDICAL,A,2500,8.9,0.04,N,3,0
19469,36,29000,RENT,0.0,EDUCATION,D,5000,14.61,0.17,N,13,1
19470,35,99800,MORTGAGE,9.0,MEDICAL,B,12000,11.83,0.12,N,10,0
19471,28,40000,MORTGAGE,12.0,EDUCATION,A,9000,5.42,0.23,N,7,0
19472,33,30000,RENT,2.0,VENTURE,B,10000,11.14,0.33,N,9,1
19473,49,120000,MORTGAGE,21.0,HOMEIMPROVEMENT,B,15000,10.37,0.13,N,9,0
19474,23,36000,OWN,2.0,MEDICAL,A,10000,5.79,0.28,N,3,0
19475,36,30000,RENT,0.0,EDUCATION,B,10000,10.36,0.33,N,11,1
19476,28,90000,MORTGAGE,13.0,HOMEIMPROVEMENT,A,10000,7.88,0.11,N,7,0
19477,24,60000,MORTGAGE,1.0,DEBTCONSOLIDATION,A,10000,8.94,0.17,N,2,0
19478,22,30000,MORTGAGE,6.0,EDUCATION,B,7500,10.99,0.25,N,3,0
19479,28,55000,RENT,1.0,MEDICAL,D,5275,17.58,0.09,N,10,1
19480,25,125000,MORTGAGE,1.0,HOMEIMPROVEMENT,A,9500,6.03,0.08,N,4,0
19481,27,60000,MORTGAGE,11.0,PERSONAL,B,1800,11.46,0.03,N,10,0
19482,23,46800,MORTGAGE,3.0,MEDICAL,D,11000,15.05,0.23,Y,3,1
19483,31,95000,MORTGAGE,2.0,HOMEIMPROVEMENT,B,6300,12.69,0.06,N,8,0
19484,36,125000,MORTGAGE,8.0,HOMEIMPROVEMENT,B,8000,9.63,0.06,N,12,0
19485,43,125000,OWN,14.0,MEDICAL,C,15000,12.84,0.12,Y,14,0
19486,28,66000,RENT,12.0,DEBTCONSOLIDATION,D,20000,16.77,0.3,N,7,1
19487,27,44004,RENT,2.0,PERSONAL,B,10000,11.46,0.23,N,8,1
19488,46,40000,RENT,2.0,VENTURE,C,2500,14.35,0.06,Y,13,0
19489,27,48000,RENT,0.0,MEDICAL,D,15000,14.42,0.31,N,7,1
19490,34,32000,OWN,2.0,MEDICAL,A,6000,5.99,0.19,N,7,0
19491,37,43000,RENT,3.0,VENTURE,C,2500,12.84,0.06,Y,13,0
19492,22,30000,MORTGAGE,3.0,DEBTCONSOLIDATION,A,3000,7.29,0.1,N,3,0
19493,43,112000,RENT,0.0,EDUCATION,F,8000,15.01,0.07,Y,12,1
19494,43,44004,RENT,7.0,PERSONAL,C,8400,13.06,0.19,N,14,0
19495,23,42000,RENT,2.0,VENTURE,B,4000,12.42,0.1,N,4,0
19496,24,95000,MORTGAGE,3.0,MEDICAL,A,6000,5.42,0.06,N,2,0
19497,24,110000,MORTGAGE,2.0,PERSONAL,A,12000,7.88,0.11,N,2,0
19498,24,96000,MORTGAGE,8.0,MEDICAL,A,35000,5.99,0.36,N,4,0
19499,27,60000,RENT,3.0,MEDICAL,B,17000,11.11,0.28,N,5,0
19500,23,47000,RENT,1.0,EDUCATION,B,7000,10.99,0.15,N,3,0
19501,37,60000,RENT,2.0,HOMEIMPROVEMENT,B,15000,12.18,0.25,N,12,0
19502,23,30000,RENT,5.0,MEDICAL,B,2000,11.36,0.07,N,3,1
19503,31,60000,MORTGAGE,2.0,PERSONAL,B,12000,11.99,0.2,N,10,0
19504,21,36000,RENT,5.0,EDUCATION,A,6000,7.9,0.17,N,2,0
19505,33,130000,OWN,5.0,PERSONAL,B,15000,11.83,0.12,N,5,0
19506,24,52000,RENT,8.0,HOMEIMPROVEMENT,B,12000,11.99,0.23,N,2,0
19507,23,60000,RENT,7.0,PERSONAL,A,4400,6.03,0.07,N,3,0
19508,34,30720,RENT,2.0,VENTURE,A,10000,7.49,0.33,N,9,1
19509,32,40000,RENT,0.0,VENTURE,B,15000,10.95,0.38,N,7,0
19510,23,85000,RENT,4.0,PERSONAL,A,10000,6.54,0.12,N,3,0
19511,39,50000,RENT,5.0,PERSONAL,B,8000,10.37,0.16,N,13,0
19512,23,50000,RENT,0.0,EDUCATION,B,2800,10.59,0.06,N,2,0
19513,27,44000,MORTGAGE,2.0,EDUCATION,B,15000,10.62,0.34,N,7,1
19514,21,60000,RENT,2.0,MEDICAL,B,6000,10.62,0.1,N,4,0
19515,30,50000,RENT,4.0,PERSONAL,B,9000,10.36,0.18,N,5,0
19516,34,95000,MORTGAGE,3.0,MEDICAL,B,8000,10.65,0.08,N,9,0
19517,22,55000,RENT,0.0,EDUCATION,A,12000,7.29,0.22,N,4,0
19518,24,50000,RENT,3.0,DEBTCONSOLIDATION,A,7000,7.51,0.14,N,3,0
19519,27,65000,MORTGAGE,0.0,PERSONAL,A,15000,7.51,0.23,N,9,0
19520,25,36000,RENT,4.0,DEBTCONSOLIDATION,D,6500,15.99,0.18,Y,2,1
19521,29,109000,OWN,13.0,VENTURE,A,15000,6.91,0.14,N,10,0
19522,21,38000,MORTGAGE,5.0,EDUCATION,A,8000,7.51,0.21,N,4,0
19523,24,45000,MORTGAGE,0.0,EDUCATION,A,9000,8.0,0.2,N,3,0
19524,54,49000,RENT,14.0,PERSONAL,A,5000,6.99,0.1,N,19,1
19525,26,54000,RENT,1.0,DEBTCONSOLIDATION,D,9000,14.91,0.17,N,4,1
19526,31,39000,RENT,4.0,EDUCATION,C,7000,13.98,0.18,Y,9,0
19527,29,82560,MORTGAGE,3.0,DEBTCONSOLIDATION,A,5000,7.51,0.06,N,6,0
19528,22,42000,MORTGAGE,6.0,HOMEIMPROVEMENT,C,3600,15.23,0.09,Y,4,1
19529,28,79000,MORTGAGE,12.0,VENTURE,A,25000,7.9,0.32,N,9,0
19530,30,43000,MORTGAGE,11.0,VENTURE,C,15000,11.97,0.35,N,5,0
19531,26,50000,OWN,1.0,HOMEIMPROVEMENT,A,16000,6.54,0.32,N,4,0
19532,28,64000,MORTGAGE,3.0,MEDICAL,A,8000,7.88,0.13,N,5,0
19533,23,60000,OWN,8.0,PERSONAL,A,4200,7.9,0.07,N,2,0
19534,29,130000,MORTGAGE,3.0,MEDICAL,B,24000,10.99,0.18,N,8,0
19535,26,85000,RENT,0.0,DEBTCONSOLIDATION,A,7700,6.91,0.09,N,3,0
19536,22,43200,RENT,1.0,EDUCATION,B,12000,11.71,0.28,N,4,0
19537,23,68500,RENT,7.0,EDUCATION,C,15000,14.35,0.22,Y,4,0
19538,27,72000,RENT,6.0,PERSONAL,A,20000,6.54,0.28,N,10,0
19539,23,42000,RENT,2.0,PERSONAL,C,1600,12.68,0.04,Y,4,1
19540,22,60000,MORTGAGE,1.0,VENTURE,D,16000,14.61,0.27,Y,4,0
19541,23,82008,MORTGAGE,7.0,MEDICAL,A,7200,7.49,0.09,N,3,0
19542,22,50000,MORTGAGE,6.0,VENTURE,B,3600,11.71,0.07,N,2,0
19543,38,36000,MORTGAGE,5.0,MEDICAL,A,4800,8.9,0.13,N,16,0
19544,32,27000,RENT,2.0,MEDICAL,B,3000,9.45,0.11,N,10,0
19545,24,46776,RENT,3.0,PERSONAL,B,15000,9.96,0.32,N,3,1
19546,24,66300,MORTGAGE,3.0,MEDICAL,E,16000,16.35,0.23,Y,4,1
19547,38,104800,MORTGAGE,12.0,DEBTCONSOLIDATION,B,14000,11.99,0.13,N,13,0
19548,32,40000,MORTGAGE,3.0,VENTURE,C,4500,13.49,0.11,N,8,0
19549,24,47000,OWN,8.0,PERSONAL,D,6000,15.99,0.13,Y,2,0
19550,28,44000,RENT,0.0,MEDICAL,C,6000,12.98,0.14,Y,9,0
19551,23,65000,RENT,8.0,DEBTCONSOLIDATION,B,12000,10.65,0.18,N,2,0
19552,38,50000,RENT,9.0,PERSONAL,A,5000,9.32,0.1,N,17,0
19553,34,40000,RENT,2.0,EDUCATION,C,3600,15.23,0.09,Y,6,0
19554,24,30000,RENT,0.0,DEBTCONSOLIDATION,A,2000,7.66,0.07,N,3,0
19555,41,56000,RENT,2.0,DEBTCONSOLIDATION,B,5000,11.36,0.09,N,11,0
19556,24,65000,RENT,4.0,MEDICAL,B,14400,9.99,0.22,N,2,0
19557,22,28800,MORTGAGE,5.0,DEBTCONSOLIDATION,A,9250,7.9,0.32,N,2,0
19558,23,60000,MORTGAGE,4.0,EDUCATION,A,8000,7.14,0.13,N,4,0
19559,28,80000,MORTGAGE,3.0,EDUCATION,B,1700,10.75,0.02,N,6,0
19560,28,60000,RENT,9.0,VENTURE,B,10000,12.69,0.17,N,5,0
19561,24,54000,RENT,3.0,PERSONAL,A,6000,8.94,0.11,N,2,1
19562,27,84000,MORTGAGE,4.0,HOMEIMPROVEMENT,B,2400,9.99,0.03,N,9,0
19563,27,60000,RENT,4.0,EDUCATION,B,12000,11.71,0.2,N,9,0
19564,32,84996,RENT,4.0,PERSONAL,A,8000,6.03,0.09,N,9,0
19565,28,40000,RENT,2.0,EDUCATION,A,5000,8.49,0.13,N,10,0
19566,29,145000,MORTGAGE,4.0,HOMEIMPROVEMENT,B,25000,10.37,0.17,N,8,0
19567,23,102000,OWN,5.0,VENTURE,C,23600,15.27,0.23,Y,3,0
19568,24,24000,RENT,8.0,MEDICAL,B,1200,10.99,0.05,N,4,0
19569,36,96000,MORTGAGE,12.0,HOMEIMPROVEMENT,A,12000,6.03,0.13,N,15,0
19570,22,46000,RENT,4.0,DEBTCONSOLIDATION,D,9000,14.11,0.19,N,4,1
19571,36,140000,RENT,2.0,MEDICAL,A,20000,7.9,0.14,N,12,0
19572,29,85000,MORTGAGE,4.0,DEBTCONSOLIDATION,A,15000,7.88,0.18,N,5,0
19573,34,120000,RENT,7.0,PERSONAL,B,25000,10.36,0.21,N,7,0
19574,24,60000,OWN,0.0,EDUCATION,C,8000,13.35,0.13,Y,2,0
19575,24,50000,RENT,6.0,PERSONAL,B,4800,11.86,0.1,N,3,0
19576,27,41000,MORTGAGE,11.0,DEBTCONSOLIDATION,A,7000,7.9,0.17,N,10,0
19577,21,25000,RENT,5.0,MEDICAL,A,8500,7.9,0.34,N,3,1
19578,32,40000,RENT,2.0,MEDICAL,A,4000,6.92,0.1,N,7,0
19579,30,85000,MORTGAGE,9.0,PERSONAL,A,6000,7.9,0.07,N,9,0
19580,35,33000,RENT,0.0,MEDICAL,C,7500,11.34,0.23,Y,6,1
19581,26,58900,MORTGAGE,8.0,PERSONAL,A,10000,8.63,0.17,N,3,0
19582,29,53004,RENT,7.0,EDUCATION,A,12000,8.94,0.23,N,7,0
19583,27,65000,MORTGAGE,4.0,MEDICAL,B,10000,9.99,0.15,N,10,0
19584,32,75000,MORTGAGE,6.0,PERSONAL,A,10000,7.29,0.13,N,10,0
19585,26,45000,MORTGAGE,5.0,VENTURE,A,12000,6.62,0.27,N,3,0
19586,37,110000,RENT,1.0,MEDICAL,B,10000,10.37,0.09,N,16,0
19587,22,60000,MORTGAGE,6.0,VENTURE,B,15000,11.83,0.25,N,4,0
19588,23,60000,RENT,7.0,PERSONAL,A,1800,7.29,0.03,N,3,0
19589,23,34348,RENT,8.0,EDUCATION,A,6500,8.9,0.19,N,4,0
19590,24,43000,MORTGAGE,5.0,MEDICAL,A,10000,9.63,0.23,N,4,0
19591,26,38000,MORTGAGE,3.0,MEDICAL,A,6000,7.88,0.16,N,4,0
19592,31,71760,RENT,15.0,HOMEIMPROVEMENT,D,23000,13.67,0.31,Y,9,1
19593,23,45000,OWN,7.0,PERSONAL,A,10000,5.79,0.22,N,3,0
19594,22,48000,MORTGAGE,7.0,DEBTCONSOLIDATION,A,7500,7.05,0.16,N,2,0
19595,43,151000,MORTGAGE,4.0,DEBTCONSOLIDATION,B,21000,9.91,0.14,N,17,0
19596,25,29000,RENT,4.0,EDUCATION,A,6000,6.62,0.21,N,2,0
19597,33,65000,MORTGAGE,0.0,VENTURE,A,6000,6.03,0.09,N,5,0
19598,27,33192,RENT,2.0,EDUCATION,B,3200,11.11,0.1,N,6,0
19599,39,96000,RENT,8.0,HOMEIMPROVEMENT,B,7200,9.91,0.08,N,17,0
19600,24,39000,RENT,0.0,MEDICAL,A,8400,8.94,0.22,N,3,1
19601,29,51500,OWN,3.0,MEDICAL,B,6000,10.38,0.12,N,7,0
19602,24,45000,RENT,2.0,EDUCATION,A,15000,7.88,0.33,N,4,1
19603,23,58800,RENT,7.0,VENTURE,B,3000,11.49,0.05,N,2,0
19604,37,120000,MORTGAGE,8.0,DEBTCONSOLIDATION,A,7000,6.03,0.06,N,11,0
19605,26,35000,RENT,1.0,MEDICAL,B,3600,10.0,0.1,N,2,0
19606,37,75000,RENT,6.0,EDUCATION,C,12000,13.49,0.16,Y,11,0
19607,26,50000,RENT,2.0,DEBTCONSOLIDATION,B,3000,10.99,0.06,N,3,0
19608,30,28000,RENT,3.0,HOMEIMPROVEMENT,D,10000,15.65,0.34,N,9,1
19609,34,90000,MORTGAGE,5.0,VENTURE,A,10000,7.49,0.11,N,8,0
19610,28,78000,MORTGAGE,0.0,DEBTCONSOLIDATION,A,15000,7.88,0.19,N,6,1
19611,22,30000,RENT,2.0,DEBTCONSOLIDATION,A,3000,7.9,0.1,N,4,0
19612,41,39996,MORTGAGE,20.0,DEBTCONSOLIDATION,C,3600,12.99,0.09,Y,16,1
19613,24,36000,RENT,5.0,DEBTCONSOLIDATION,A,4000,7.49,0.11,N,3,0
19614,25,95000,RENT,0.0,EDUCATION,B,8000,10.25,0.08,N,3,0
19615,28,60000,RENT,7.0,PERSONAL,C,10000,13.47,0.17,Y,8,0
19616,27,50000,RENT,3.0,HOMEIMPROVEMENT,B,2000,10.37,0.04,N,8,0
19617,28,55000,MORTGAGE,12.0,VENTURE,C,1500,13.49,0.03,N,6,0
19618,27,40000,RENT,3.0,VENTURE,A,12000,8.9,0.3,N,10,0
19619,23,115000,RENT,7.0,PERSONAL,C,10000,14.27,0.09,Y,2,0
19620,22,32000,RENT,5.0,PERSONAL,C,8000,13.23,0.25,Y,3,0
19621,23,41600,MORTGAGE,0.0,EDUCATION,C,12000,14.27,0.29,Y,2,0
19622,23,75000,MORTGAGE,5.0,PERSONAL,A,10200,6.03,0.14,N,2,0
19623,27,50000,RENT,5.0,PERSONAL,B,5000,10.65,0.1,N,7,0
19624,25,267000,MORTGAGE,9.0,DEBTCONSOLIDATION,A,25000,7.49,0.09,N,4,0
19625,32,90000,MORTGAGE,11.0,DEBTCONSOLIDATION,A,12000,6.92,0.13,N,10,0
19626,28,60000,RENT,13.0,DEBTCONSOLIDATION,B,24250,10.75,0.4,N,5,0
19627,30,45000,MORTGAGE,2.0,EDUCATION,A,3600,6.39,0.08,N,10,0
19628,29,45000,OWN,9.0,VENTURE,A,4800,7.51,0.11,N,8,0
19629,26,92652,RENT,2.0,DEBTCONSOLIDATION,A,10000,7.51,0.11,N,2,0
19630,22,40000,RENT,1.0,PERSONAL,C,7500,11.34,0.19,N,3,0
19631,28,49000,MORTGAGE,8.0,MEDICAL,A,3000,7.66,0.06,N,6,0
19632,22,78411,MORTGAGE,5.0,PERSONAL,A,1700,5.42,0.02,N,4,0
19633,22,120000,MORTGAGE,0.0,EDUCATION,A,6600,7.49,0.06,N,2,0
19634,30,38000,MORTGAGE,6.0,EDUCATION,A,8000,7.14,0.21,N,7,0
19635,25,350000,MORTGAGE,5.0,MEDICAL,B,15000,11.49,0.04,N,3,0
19636,41,50000,RENT,2.0,PERSONAL,C,9000,14.72,0.18,N,12,0
19637,31,60000,MORTGAGE,15.0,HOMEIMPROVEMENT,A,15000,8.49,0.25,N,9,0
19638,22,27000,RENT,0.0,MEDICAL,B,3000,11.14,0.11,N,4,0
19639,27,45000,RENT,4.0,PERSONAL,C,10200,13.16,0.23,Y,10,0
19640,24,48000,MORTGAGE,2.0,DEBTCONSOLIDATION,A,7500,5.99,0.16,N,3,0
19641,25,52000,RENT,4.0,MEDICAL,B,19000,12.18,0.37,N,3,1
19642,27,65000,MORTGAGE,11.0,DEBTCONSOLIDATION,B,3000,11.49,0.05,N,9,0
19643,24,30996,RENT,8.0,HOMEIMPROVEMENT,A,8000,7.14,0.26,N,4,1
19644,43,60000,RENT,2.0,DEBTCONSOLIDATION,C,1600,13.49,0.03,N,17,0
19645,22,25000,RENT,0.0,EDUCATION,B,2050,11.86,0.08,N,2,0
19646,28,52000,RENT,1.0,PERSONAL,C,10000,13.98,0.19,Y,6,0
19647,28,85000,MORTGAGE,0.0,DEBTCONSOLIDATION,A,16000,7.9,0.19,N,6,0
19648,33,43000,RENT,4.0,PERSONAL,A,9800,7.51,0.23,N,8,0
19649,25,72000,MORTGAGE,7.0,MEDICAL,A,8000,7.49,0.11,N,3,0
19650,30,101000,MORTGAGE,1.0,PERSONAL,B,20000,11.48,0.2,N,7,0
19651,23,55000,RENT,3.0,EDUCATION,B,6500,10.99,0.12,N,2,0
19652,26,150000,MORTGAGE,10.0,DEBTCONSOLIDATION,A,14000,7.9,0.09,N,4,0
19653,23,20520,RENT,0.0,MEDICAL,B,5000,9.99,0.24,N,4,0
19654,32,50000,RENT,0.0,MEDICAL,A,5000,6.17,0.1,N,5,0
19655,22,95000,MORTGAGE,6.0,EDUCATION,A,10000,7.9,0.11,N,4,0
19656,24,24000,RENT,0.0,VENTURE,B,5250,11.49,0.22,N,2,0
19657,31,62316,RENT,4.0,MEDICAL,B,10000,9.62,0.16,N,10,0
19658,28,70000,MORTGAGE,13.0,MEDICAL,A,10000,5.42,0.14,N,7,0
19659,34,35000,RENT,2.0,EDUCATION,A,5000,8.9,0.14,N,6,1
19660,24,135000,MORTGAGE,5.0,EDUCATION,B,25000,10.62,0.19,N,3,0
19661,23,60000,MORTGAGE,3.0,EDUCATION,A,3600,7.49,0.06,N,3,0
19662,26,92000,RENT,4.0,VENTURE,A,6500,6.92,0.07,N,2,0
19663,30,92000,MORTGAGE,4.0,VENTURE,C,2400,14.79,0.03,Y,9,0
19664,23,130000,RENT,7.0,VENTURE,B,25000,10.75,0.19,N,2,0
19665,41,25000,RENT,2.0,PERSONAL,C,1800,13.23,0.07,Y,13,0
19666,22,40000,RENT,3.0,DEBTCONSOLIDATION,B,7000,11.49,0.17,N,2,0
19667,29,55000,MORTGAGE,1.0,HOMEIMPROVEMENT,B,5600,11.49,0.1,N,9,0
19668,30,69000,RENT,1.0,HOMEIMPROVEMENT,C,8500,14.22,0.12,Y,9,1
19669,24,90000,MORTGAGE,9.0,PERSONAL,B,24250,11.36,0.27,N,3,0
19670,23,55000,RENT,7.0,VENTURE,B,12000,10.37,0.22,N,2,0
19671,42,24000,RENT,0.0,DEBTCONSOLIDATION,B,6000,11.14,0.25,N,14,0
19672,35,65000,MORTGAGE,19.0,HOMEIMPROVEMENT,B,5000,9.99,0.08,N,7,0
19673,26,47000,RENT,2.0,EDUCATION,C,6250,15.96,0.13,Y,4,0
19674,26,45000,RENT,3.0,MEDICAL,A,9000,7.51,0.2,N,3,0
19675,26,20000,RENT,1.0,VENTURE,B,3100,11.71,0.15,N,4,0
19676,27,40000,RENT,4.0,DEBTCONSOLIDATION,A,15000,7.9,0.38,N,6,1
19677,30,54990,RENT,0.0,EDUCATION,B,2400,10.38,0.04,N,10,0
19678,30,72000,RENT,4.0,HOMEIMPROVEMENT,E,5000,17.99,0.07,Y,10,0
19679,35,46000,MORTGAGE,6.0,EDUCATION,C,10000,14.65,0.22,N,6,1
19680,23,145000,MORTGAGE,0.0,DEBTCONSOLIDATION,A,14400,5.79,0.1,N,2,0
19681,29,43000,RENT,4.0,MEDICAL,C,3000,13.98,0.07,Y,8,0
19682,24,54000,MORTGAGE,8.0,EDUCATION,B,2000,12.69,0.04,N,4,0
19683,37,60000,MORTGAGE,4.0,HOMEIMPROVEMENT,A,5000,8.49,0.08,N,13,0
19684,29,153000,RENT,1.0,HOMEIMPROVEMENT,D,15000,15.7,0.1,N,8,1
19685,28,70000,MORTGAGE,0.0,PERSONAL,C,16000,12.84,0.23,N,10,0
19686,23,56004,MORTGAGE,5.0,MEDICAL,B,5000,10.36,0.09,N,2,0
19687,24,50000,MORTGAGE,6.0,PERSONAL,A,9000,8.49,0.18,N,2,0
19688,26,95000,MORTGAGE,0.0,DEBTCONSOLIDATION,A,5000,6.99,0.05,N,3,0
19689,24,51996,RENT,7.0,DEBTCONSOLIDATION,A,4000,7.68,0.08,N,3,0
19690,22,61500,MORTGAGE,6.0,EDUCATION,B,6000,11.48,0.1,N,2,0
19691,34,36000,RENT,3.0,VENTURE,C,3600,13.49,0.1,N,9,0
19692,23,33017,RENT,4.0,PERSONAL,B,5000,10.39,0.15,N,2,0
19693,34,105000,RENT,3.0,HOMEIMPROVEMENT,E,15000,17.19,0.14,N,10,0
19694,23,32400,OWN,0.0,PERSONAL,C,2500,13.98,0.08,Y,4,0
19695,34,66500,MORTGAGE,12.0,EDUCATION,A,9000,7.43,0.13,N,8,1
19696,24,60000,OWN,6.0,HOMEIMPROVEMENT,D,8500,15.65,0.14,Y,3,0
19697,25,24000,RENT,1.0,VENTURE,D,2700,15.65,0.11,Y,2,1
19698,34,54000,RENT,0.0,DEBTCONSOLIDATION,B,1000,11.48,0.02,N,5,0
19699,23,30000,RENT,1.0,VENTURE,B,5500,10.37,0.18,N,2,0
19700,24,36000,RENT,0.0,MEDICAL,B,2200,12.21,0.06,N,2,0
19701,33,62000,MORTGAGE,8.0,DEBTCONSOLIDATION,A,10000,7.88,0.16,N,10,0
19702,25,57359,RENT,3.0,DEBTCONSOLIDATION,A,6000,5.42,0.1,N,2,0
19703,24,32000,RENT,3.0,VENTURE,B,3000,10.99,0.09,N,4,0
19704,39,60000,MORTGAGE,1.0,DEBTCONSOLIDATION,A,4000,7.68,0.06,N,14,0
19705,26,96000,MORTGAGE,3.0,HOMEIMPROVEMENT,D,25000,14.83,0.26,N,3,0
19706,54,108000,MORTGAGE,8.0,PERSONAL,C,10000,13.06,0.09,Y,19,0
19707,23,30000,RENT,6.0,VENTURE,A,5000,6.62,0.17,N,4,0
19708,25,120000,RENT,0.0,DEBTCONSOLIDATION,C,10000,14.27,0.08,N,3,0
19709,41,38000,RENT,2.0,DEBTCONSOLIDATION,G,10000,18.07,0.26,N,15,1
19710,38,87000,RENT,5.0,VENTURE,C,5000,14.35,0.06,Y,14,0
19711,22,32400,RENT,1.0,PERSONAL,C,4000,15.96,0.12,N,2,1
19712,26,135000,RENT,1.0,VENTURE,B,15000,10.65,0.11,N,4,0
19713,25,85000,MORTGAGE,5.0,VENTURE,C,5000,14.35,0.06,Y,2,0
19714,34,80000,RENT,0.0,VENTURE,A,4800,8.9,0.06,N,7,0
19715,29,30809,RENT,0.0,PERSONAL,C,11200,11.99,0.36,N,6,1
19716,25,80000,RENT,5.0,HOMEIMPROVEMENT,E,6000,16.45,0.07,Y,2,0
19717,24,50000,MORTGAGE,5.0,PERSONAL,B,15000,11.48,0.3,N,2,0
19718,24,42000,MORTGAGE,1.0,HOMEIMPROVEMENT,B,3500,10.65,0.08,N,2,0
19719,30,32000,RENT,0.0,PERSONAL,C,15000,13.16,0.47,Y,9,1
19720,24,65000,MORTGAGE,0.0,MEDICAL,A,11000,6.03,0.17,N,2,0
19721,26,63000,RENT,3.0,HOMEIMPROVEMENT,B,3600,10.74,0.06,N,3,0
19722,28,31000,RENT,3.0,MEDICAL,B,10000,12.42,0.32,N,8,1
19723,22,50000,RENT,6.0,DEBTCONSOLIDATION,C,10000,14.27,0.2,N,3,0
19724,25,90000,MORTGAGE,6.0,MEDICAL,B,10000,9.91,0.11,N,2,0
19725,29,55000,MORTGAGE,1.0,PERSONAL,C,3500,13.35,0.06,N,5,0
19726,22,45000,MORTGAGE,2.0,EDUCATION,B,7200,9.91,0.16,N,4,0
19727,26,130000,RENT,9.0,EDUCATION,B,12000,10.65,0.09,N,3,0
19728,22,40000,RENT,3.0,DEBTCONSOLIDATION,B,11650,11.99,0.29,N,4,0
19729,27,57996,RENT,1.0,VENTURE,C,8000,10.28,0.14,N,6,0
19730,36,56000,MORTGAGE,4.0,DEBTCONSOLIDATION,B,18000,12.18,0.32,N,14,0
19731,28,190000,RENT,0.0,HOMEIMPROVEMENT,B,20000,10.37,0.11,N,5,0
19732,23,95000,RENT,0.0,VENTURE,B,12000,10.37,0.13,N,2,0
19733,32,80000,RENT,0.0,DEBTCONSOLIDATION,B,7400,11.71,0.09,N,6,0
19734,25,55000,MORTGAGE,4.0,DEBTCONSOLIDATION,A,7000,8.49,0.13,N,2,0
19735,26,33000,RENT,10.0,PERSONAL,B,3000,9.99,0.09,N,3,1
19736,24,85000,RENT,2.0,VENTURE,B,8000,10.38,0.09,N,2,0
19737,26,50000,MORTGAGE,10.0,PERSONAL,C,10000,13.92,0.2,Y,3,0
19738,22,27600,MORTGAGE,1.0,VENTURE,B,3250,11.49,0.12,N,4,0
19739,23,42000,MORTGAGE,5.0,MEDICAL,E,5500,17.93,0.13,N,3,1
19740,22,29000,MORTGAGE,0.0,MEDICAL,B,2500,12.53,0.09,N,2,0
19741,38,33000,RENT,3.0,VENTURE,A,10000,8.9,0.3,N,17,0
19742,23,82000,RENT,7.0,EDUCATION,B,6000,11.89,0.07,N,3,0
19743,25,48000,MORTGAGE,0.0,DEBTCONSOLIDATION,C,3600,12.68,0.07,Y,3,0
19744,22,26000,RENT,4.0,PERSONAL,A,3200,7.68,0.13,N,3,0
19745,28,37000,RENT,4.0,PERSONAL,B,10000,11.99,0.27,N,7,0
19746,22,50000,RENT,6.0,EDUCATION,C,9200,13.11,0.18,N,4,0
19747,24,60000,MORTGAGE,8.0,PERSONAL,E,16000,17.19,0.27,Y,4,0
19748,25,54263,RENT,1.0,MEDICAL,C,3500,11.66,0.06,Y,4,0
19749,24,40000,MORTGAGE,1.0,EDUCATION,C,16750,11.66,0.4,N,4,0
19750,21,55000,RENT,5.0,VENTURE,A,9000,7.14,0.16,N,2,0
19751,24,62000,MORTGAGE,4.0,PERSONAL,A,12000,6.91,0.19,N,3,0
19752,22,60000,RENT,4.0,PERSONAL,A,20000,7.49,0.33,N,4,1
19753,47,100000,MORTGAGE,21.0,PERSONAL,A,12000,5.99,0.12,N,17,0
19754,23,70000,RENT,1.0,EDUCATION,C,10000,12.68,0.14,N,2,0
19755,27,52000,RENT,3.0,VENTURE,C,7000,13.11,0.13,N,8,0
19756,28,25000,MORTGAGE,3.0,MEDICAL,A,4750,7.9,0.19,N,8,0
19757,24,24000,OWN,1.0,HOMEIMPROVEMENT,A,9250,8.94,0.39,N,3,0
19758,36,54000,RENT,3.0,DEBTCONSOLIDATION,E,10000,17.39,0.19,Y,16,1
19759,31,50000,MORTGAGE,0.0,MEDICAL,A,6000,7.14,0.12,N,7,0
19760,23,72000,RENT,5.0,MEDICAL,B,17000,10.65,0.25,N,2,0
19761,22,37000,MORTGAGE,6.0,VENTURE,B,4000,10.36,0.11,N,4,0
19762,33,60000,RENT,3.0,DEBTCONSOLIDATION,B,2400,12.69,0.04,N,9,0
19763,28,141000,RENT,2.0,PERSONAL,A,10000,8.94,0.07,N,7,0
19764,29,82000,OTHER,2.0,VENTURE,A,8000,7.4,0.1,N,8,0
19765,22,62900,RENT,6.0,MEDICAL,D,25000,15.37,0.27,N,4,1
19766,27,72000,MORTGAGE,11.0,EDUCATION,A,15000,6.62,0.21,N,5,0
19767,50,112000,MORTGAGE,13.0,PERSONAL,A,5000,5.42,0.04,N,17,0
19768,21,42000,RENT,5.0,PERSONAL,B,9000,11.71,0.21,N,2,0
19769,25,25000,OWN,1.0,MEDICAL,C,5000,12.68,0.2,N,2,0
19770,24,50000,RENT,0.0,MEDICAL,B,14000,10.99,0.28,N,2,0
19771,25,53591,MORTGAGE,9.0,PERSONAL,A,14000,6.62,0.27,N,4,0
19772,22,37200,RENT,4.0,MEDICAL,A,8500,5.79,0.23,N,4,0
19773,25,90000,MORTGAGE,9.0,DEBTCONSOLIDATION,C,24000,13.49,0.27,N,4,0
19774,31,95000,MORTGAGE,7.0,MEDICAL,D,18000,16.49,0.19,Y,7,1
19775,25,97440,RENT,9.0,DEBTCONSOLIDATION,B,15000,7.49,0.15,N,3,0
19776,29,27000,RENT,4.0,MEDICAL,C,7200,13.85,0.26,Y,5,0
19777,32,110000,RENT,0.0,DEBTCONSOLIDATION,A,6000,7.14,0.05,N,10,0
19778,26,64000,RENT,3.0,VENTURE,A,14400,7.88,0.23,N,3,0
19779,30,38000,RENT,0.0,DEBTCONSOLIDATION,A,3000,7.88,0.08,N,10,0
19780,43,39600,RENT,7.0,DEBTCONSOLIDATION,B,3000,12.18,0.08,N,15,1
19781,23,209000,OTHER,1.0,PERSONAL,B,15000,11.12,0.07,N,3,0
19782,22,28500,RENT,2.0,VENTURE,C,2400,13.85,0.09,Y,2,0
19783,23,90000,MORTGAGE,7.0,MEDICAL,B,18000,11.99,0.2,N,3,0
19784,43,35000,RENT,0.0,MEDICAL,B,5000,11.49,0.14,N,16,0
19785,28,60000,MORTGAGE,0.0,PERSONAL,B,6500,10.74,0.11,N,5,0
19786,25,40000,RENT,6.0,EDUCATION,A,4000,5.79,0.1,N,3,0
19787,22,120000,MORTGAGE,0.0,VENTURE,B,19400,12.69,0.17,N,3,0
19788,24,35000,RENT,2.0,VENTURE,B,8000,10.99,0.23,N,2,0
19789,31,75000,RENT,0.0,HOMEIMPROVEMENT,A,3000,9.63,0.04,N,6,0
19790,27,58000,RENT,11.0,DEBTCONSOLIDATION,B,1500,10.37,0.03,N,9,0
19791,27,80000,MORTGAGE,3.0,DEBTCONSOLIDATION,B,5000,9.99,0.06,N,7,0
19792,25,68004,MORTGAGE,9.0,EDUCATION,C,5600,11.66,0.08,Y,4,0
19793,25,70000,RENT,9.0,HOMEIMPROVEMENT,C,15000,13.49,0.21,N,2,0
19794,36,42000,RENT,3.0,EDUCATION,B,10000,10.37,0.24,N,14,0
19795,27,30000,RENT,11.0,MEDICAL,B,5000,10.65,0.17,N,8,0
19796,27,102996,MORTGAGE,9.0,PERSONAL,A,6000,7.88,0.06,N,6,0
19797,29,120000,MORTGAGE,3.0,PERSONAL,D,25000,14.11,0.21,N,9,0
19798,23,65000,MORTGAGE,3.0,EDUCATION,A,13000,7.29,0.2,N,3,0
19799,29,30000,RENT,0.0,MEDICAL,D,4200,14.11,0.14,N,7,1
19800,26,61200,RENT,3.0,MEDICAL,D,8000,17.49,0.11,Y,2,1
19801,22,38000,RENT,4.0,EDUCATION,B,3500,10.75,0.09,N,4,0
19802,39,36000,MORTGAGE,2.0,PERSONAL,D,1500,14.84,0.04,Y,14,0
19803,26,65000,MORTGAGE,10.0,HOMEIMPROVEMENT,B,15000,12.69,0.23,N,4,0
19804,22,36000,RENT,4.0,PERSONAL,C,15000,12.84,0.42,Y,3,1
19805,26,172000,MORTGAGE,0.0,HOMEIMPROVEMENT,C,15000,13.98,0.09,Y,2,0
19806,23,70000,RENT,4.0,PERSONAL,B,12000,11.14,0.17,N,2,0
19807,38,103000,MORTGAGE,1.0,PERSONAL,B,25000,10.74,0.24,N,14,0
19808,24,75000,RENT,4.0,EDUCATION,C,20000,13.22,0.27,N,4,0
19809,32,120000,MORTGAGE,2.0,VENTURE,C,15400,14.79,0.13,Y,7,0
19810,26,30000,RENT,8.0,MEDICAL,C,2800,15.96,0.09,N,3,1
19811,28,50000,RENT,0.0,VENTURE,C,7000,13.22,0.14,N,6,0
19812,24,79800,MORTGAGE,8.0,PERSONAL,B,3500,9.88,0.04,N,3,0
19813,24,80000,MORTGAGE,8.0,EDUCATION,C,5000,13.49,0.06,N,3,0
19814,22,40000,RENT,6.0,VENTURE,D,5000,16.02,0.13,N,4,0
19815,33,51996,RENT,1.0,DEBTCONSOLIDATION,B,20000,12.21,0.38,N,10,1
19816,26,45000,MORTGAGE,10.0,DEBTCONSOLIDATION,B,14000,12.42,0.29,N,3,0
19817,26,75852,MORTGAGE,0.0,DEBTCONSOLIDATION,B,3000,9.99,0.04,N,3,0
19818,23,75000,MORTGAGE,7.0,DEBTCONSOLIDATION,A,15000,7.88,0.2,N,2,0
19819,25,120000,MORTGAGE,9.0,EDUCATION,C,20000,13.8,0.17,Y,3,0
19820,24,133000,MORTGAGE,8.0,VENTURE,A,17500,7.88,0.14,N,2,0
19821,28,44000,RENT,2.0,MEDICAL,D,13000,15.31,0.3,Y,8,1
19822,28,36500,RENT,5.0,EDUCATION,A,7000,5.42,0.19,N,9,0
19823,25,50000,RENT,9.0,DEBTCONSOLIDATION,B,12000,11.71,0.24,N,4,0
19824,22,80000,MORTGAGE,6.0,EDUCATION,C,6400,13.99,0.08,Y,3,0
19825,25,80000,MORTGAGE,5.0,EDUCATION,A,8000,5.99,0.1,N,3,0
19826,29,35000,RENT,0.0,EDUCATION,A,3000,8.49,0.09,N,7,0
19827,24,45996,RENT,0.0,VENTURE,C,14000,13.79,0.31,Y,3,1
19828,21,27600,RENT,1.0,PERSONAL,B,9600,10.62,0.36,N,3,1
19829,36,73580,OWN,11.0,PERSONAL,C,15000,13.48,0.2,Y,14,0
19830,26,70000,RENT,1.0,EDUCATION,B,18000,9.88,0.26,N,4,0
19831,24,45000,MORTGAGE,1.0,DEBTCONSOLIDATION,A,8000,7.88,0.18,N,2,0
19832,22,52800,RENT,6.0,MEDICAL,A,5600,6.76,0.11,N,4,0
19833,25,78000,RENT,3.0,VENTURE,C,14500,12.87,0.19,N,4,0
19834,28,30000,RENT,3.0,DEBTCONSOLIDATION,C,5000,13.79,0.17,Y,8,0
19835,54,45000,RENT,2.0,MEDICAL,D,15000,15.65,0.33,Y,26,1
19836,29,30000,RENT,0.0,DEBTCONSOLIDATION,A,8000,9.32,0.27,N,7,1
19837,23,71000,RENT,4.0,DEBTCONSOLIDATION,C,4200,15.27,0.06,Y,3,0
19838,25,24000,RENT,9.0,PERSONAL,B,3000,12.42,0.13,N,2,0
19839,30,40000,MORTGAGE,1.0,MEDICAL,C,20000,13.92,0.5,Y,6,0
19840,27,60000,MORTGAGE,6.0,DEBTCONSOLIDATION,A,12000,6.03,0.2,N,6,0
19841,50,56100,MORTGAGE,15.0,MEDICAL,D,6000,13.67,0.09,N,13,1
19842,35,60000,MORTGAGE,12.0,PERSONAL,B,7000,10.62,0.12,N,8,0
19843,23,45600,RENT,2.0,EDUCATION,B,6400,10.37,0.14,N,3,0
19844,23,45000,RENT,4.0,PERSONAL,C,14000,12.99,0.31,N,3,1
19845,30,78200,RENT,3.0,MEDICAL,D,15000,15.2,0.16,N,9,1
19846,28,50000,MORTGAGE,8.0,VENTURE,A,5000,8.9,0.1,N,6,0
19847,24,49000,MORTGAGE,8.0,PERSONAL,B,15000,10.25,0.31,N,3,1
19848,24,35004,RENT,3.0,PERSONAL,B,5000,11.49,0.14,N,3,0
19849,35,95000,RENT,0.0,PERSONAL,C,3200,13.72,0.03,N,6,0
19850,23,75000,RENT,5.0,VENTURE,B,5000,11.86,0.07,N,4,0
19851,27,75689,MORTGAGE,11.0,PERSONAL,D,16000,15.33,0.21,Y,7,0
19852,23,40000,RENT,5.0,EDUCATION,B,9600,10.99,0.24,N,3,0
19853,42,30000,MORTGAGE,4.0,HOMEIMPROVEMENT,A,4200,7.49,0.14,N,14,0
19854,22,70000,RENT,6.0,DEBTCONSOLIDATION,C,18000,14.65,0.26,N,2,0
19855,23,80500,RENT,5.0,EDUCATION,B,7200,8.88,0.09,N,4,0
19856,23,36000,MORTGAGE,4.0,VENTURE,A,10000,7.51,0.28,N,3,0
19857,33,126000,MORTGAGE,6.0,VENTURE,D,13200,14.96,0.11,N,10,0
19858,33,90000,MORTGAGE,9.0,DEBTCONSOLIDATION,B,8500,11.58,0.09,N,8,0
19859,43,57000,OWN,0.0,VENTURE,B,14000,9.91,0.25,N,13,0
19860,22,82000,MORTGAGE,4.0,EDUCATION,A,12000,6.76,0.15,N,4,0
19861,23,42000,MORTGAGE,2.0,MEDICAL,A,7200,7.51,0.17,N,3,0
19862,25,34000,RENT,0.0,MEDICAL,C,5000,12.23,0.15,Y,2,0
19863,25,100000,RENT,3.0,MEDICAL,C,12000,13.57,0.12,Y,4,0
19864,23,60000,MORTGAGE,2.0,EDUCATION,B,1500,12.69,0.03,N,2,0
19865,25,64000,MORTGAGE,7.0,MEDICAL,C,2500,13.43,0.04,Y,4,0
19866,27,88000,MORTGAGE,8.0,PERSONAL,B,19000,10.65,0.22,N,10,1
19867,23,59004,RENT,3.0,EDUCATION,B,8000,11.83,0.14,N,3,1
19868,31,93924,RENT,15.0,MEDICAL,B,20000,9.45,0.21,N,8,0
19869,25,60000,OWN,9.0,VENTURE,C,1400,14.27,0.02,N,4,0
19870,31,78305,MORTGAGE,3.0,PERSONAL,B,10000,10.0,0.13,N,8,1
19871,24,60000,MORTGAGE,7.0,PERSONAL,C,10000,13.22,0.17,Y,4,0
19872,47,80000,MORTGAGE,13.0,DEBTCONSOLIDATION,A,15000,6.54,0.19,N,12,0
19873,27,58656,OWN,10.0,EDUCATION,B,15000,11.14,0.26,N,7,0
19874,38,27600,RENT,5.0,MEDICAL,B,1000,10.37,0.04,N,14,0
19875,25,80000,MORTGAGE,3.0,EDUCATION,A,10000,8.0,0.13,N,4,0
19876,22,45000,MORTGAGE,6.0,VENTURE,D,5000,16.0,0.11,N,4,0
19877,22,53000,RENT,2.0,EDUCATION,B,16000,11.83,0.3,N,4,0
19878,32,95000,MORTGAGE,2.0,HOMEIMPROVEMENT,A,12000,5.42,0.13,N,5,0
19879,22,53000,MORTGAGE,3.0,MEDICAL,A,15600,7.9,0.29,N,4,0
19880,23,54400,MORTGAGE,2.0,MEDICAL,D,5000,16.49,0.08,Y,2,1
19881,23,85000,RENT,7.0,VENTURE,B,11000,9.2,0.13,N,3,0
19882,21,24996,RENT,3.0,DEBTCONSOLIDATION,C,6200,12.53,0.25,N,4,0
19883,23,34000,RENT,2.0,DEBTCONSOLIDATION,A,5500,7.66,0.17,N,3,0
19884,23,43288,RENT,7.0,MEDICAL,B,10000,11.12,0.23,N,2,0
19885,25,96000,MORTGAGE,5.0,HOMEIMPROVEMENT,B,8000,9.99,0.08,N,3,0
19886,22,70204,RENT,6.0,VENTURE,B,16000,9.91,0.24,N,2,0
19887,22,28800,RENT,0.0,DEBTCONSOLIDATION,A,6000,7.88,0.21,N,4,0
19888,31,77940,MORTGAGE,3.0,DEBTCONSOLIDATION,B,16250,10.99,0.21,N,5,0
19889,24,42000,RENT,2.0,MEDICAL,A,7000,7.9,0.17,N,4,0
19890,24,55000,RENT,5.0,HOMEIMPROVEMENT,B,7000,10.65,0.13,N,4,0
19891,27,102000,RENT,3.0,DEBTCONSOLIDATION,C,6000,13.99,0.06,Y,10,0
19892,21,62496,RENT,2.0,EDUCATION,A,17000,6.91,0.27,N,4,0
19893,22,72000,RENT,0.0,EDUCATION,B,8000,9.99,0.11,N,4,0
19894,36,80000,MORTGAGE,1.0,PERSONAL,D,21000,15.62,0.26,N,12,0
19895,23,38000,RENT,7.0,EDUCATION,A,6000,7.51,0.16,N,3,0
19896,29,90000,MORTGAGE,9.0,PERSONAL,B,1500,12.42,0.02,N,8,0
19897,22,52000,OWN,6.0,EDUCATION,D,3600,14.84,0.07,Y,2,0
19898,27,56100,RENT,1.0,HOMEIMPROVEMENT,D,3150,14.96,0.05,N,5,1
19899,32,72000,MORTGAGE,6.0,DEBTCONSOLIDATION,C,8000,12.99,0.11,N,8,0
19900,40,42000,MORTGAGE,18.0,VENTURE,B,2500,9.99,0.06,N,14,0
19901,22,35000,RENT,6.0,MEDICAL,B,12000,10.99,0.34,N,4,1
19902,24,50000,MORTGAGE,8.0,DEBTCONSOLIDATION,A,9000,6.62,0.18,N,2,0
19903,27,115000,MORTGAGE,0.0,PERSONAL,B,22000,10.65,0.19,N,9,0
19904,24,52000,RENT,4.0,HOMEIMPROVEMENT,A,10000,7.51,0.19,N,3,0
19905,30,100000,MORTGAGE,0.0,EDUCATION,A,10000,8.38,0.1,N,5,0
19906,47,65000,RENT,3.0,MEDICAL,A,17375,6.99,0.27,N,11,0
19907,24,34500,MORTGAGE,8.0,EDUCATION,A,2000,6.91,0.06,N,2,0
19908,23,48000,RENT,7.0,MEDICAL,C,5000,12.68,0.1,N,4,0
19909,25,35000,RENT,0.0,MEDICAL,C,4500,12.53,0.13,N,3,0
19910,25,57600,MORTGAGE,9.0,MEDICAL,A,4000,5.42,0.07,N,4,0
19911,24,65000,MORTGAGE,2.0,HOMEIMPROVEMENT,B,6000,10.62,0.09,N,2,0
19912,29,43000,MORTGAGE,13.0,PERSONAL,B,10000,9.99,0.23,N,9,0
19913,21,30000,RENT,5.0,PERSONAL,A,4000,8.9,0.13,N,4,0
19914,25,39996,RENT,6.0,VENTURE,A,5000,6.99,0.13,N,4,0
19915,27,33000,RENT,4.0,MEDICAL,B,10000,11.99,0.3,N,8,0
19916,23,48000,MORTGAGE,7.0,VENTURE,A,3000,7.51,0.06,N,4,0
19917,28,60000,MORTGAGE,4.0,DEBTCONSOLIDATION,A,4800,7.9,0.08,N,10,0
19918,27,120000,RENT,11.0,VENTURE,B,17000,10.74,0.14,N,6,0
19919,32,50000,RENT,16.0,HOMEIMPROVEMENT,A,12600,7.49,0.25,N,8,0
19920,24,29232,RENT,1.0,PERSONAL,C,11000,12.73,0.38,N,3,1
19921,27,60000,OWN,11.0,EDUCATION,A,6000,7.14,0.1,N,8,0
19922,25,42000,RENT,2.0,MEDICAL,C,5400,12.99,0.13,Y,2,0
19923,24,30000,MORTGAGE,8.0,EDUCATION,A,9000,7.51,0.3,N,3,0
19924,28,60000,MORTGAGE,0.0,VENTURE,B,15000,12.21,0.25,N,7,0
19925,30,84996,MORTGAGE,13.0,MEDICAL,A,8000,6.03,0.09,N,9,0
19926,34,60000,RENT,8.0,HOMEIMPROVEMENT,A,5000,7.29,0.08,N,9,0
19927,25,110000,MORTGAGE,7.0,PERSONAL,A,10000,7.14,0.09,N,2,0
19928,21,81600,RENT,5.0,MEDICAL,B,14400,9.99,0.18,N,2,0
19929,24,75000,MORTGAGE,6.0,DEBTCONSOLIDATION,C,8400,13.98,0.11,Y,4,0
19930,29,58000,MORTGAGE,5.0,MEDICAL,B,12000,10.65,0.21,N,9,0
19931,27,38000,RENT,2.0,DEBTCONSOLIDATION,B,1500,11.49,0.04,N,10,0
19932,25,110000,MORTGAGE,5.0,VENTURE,B,10000,11.11,0.09,N,3,0
19933,21,52000,MORTGAGE,3.0,VENTURE,A,15250,7.66,0.29,N,2,0
19934,41,35000,MORTGAGE,16.0,HOMEIMPROVEMENT,A,10000,7.74,0.29,N,14,0
19935,27,160000,MORTGAGE,2.0,EDUCATION,B,22000,10.99,0.14,N,8,0
19936,24,60000,RENT,1.0,EDUCATION,B,7000,10.75,0.12,N,3,0
19937,33,95000,RENT,17.0,DEBTCONSOLIDATION,B,21600,10.99,0.23,N,7,0
19938,33,45000,RENT,4.0,HOMEIMPROVEMENT,B,4000,11.49,0.09,N,7,0
19939,23,67000,MORTGAGE,0.0,PERSONAL,B,20000,11.99,0.3,N,2,0
19940,27,60000,MORTGAGE,7.0,VENTURE,B,2500,11.14,0.04,N,6,0
19941,24,45000,MORTGAGE,7.0,EDUCATION,A,8000,6.03,0.18,N,3,0
19942,23,99600,MORTGAGE,4.0,DEBTCONSOLIDATION,B,5000,11.86,0.05,N,3,0
19943,31,24000,MORTGAGE,5.0,PERSONAL,A,10000,7.66,0.42,N,6,0
19944,27,60000,MORTGAGE,1.0,MEDICAL,B,7500,10.36,0.13,N,6,0
19945,32,52000,MORTGAGE,17.0,PERSONAL,A,8000,6.03,0.15,N,10,0
19946,37,65000,RENT,0.0,HOMEIMPROVEMENT,C,6000,13.99,0.09,Y,15,0
19947,37,80722,MORTGAGE,7.0,DEBTCONSOLIDATION,A,8000,5.42,0.11,N,12,0
19948,36,110000,MORTGAGE,5.0,PERSONAL,B,4800,12.69,0.04,N,13,0
19949,23,66996,MORTGAGE,2.0,VENTURE,A,7000,7.51,0.1,N,3,0
19950,32,115000,MORTGAGE,3.0,VENTURE,A,20000,6.91,0.17,N,10,0
19951,26,68000,MORTGAGE,5.0,HOMEIMPROVEMENT,B,3500,12.69,0.05,N,2,0
19952,28,90000,RENT,2.0,PERSONAL,B,20000,11.11,0.22,N,9,0
19953,28,31200,MORTGAGE,1.0,DEBTCONSOLIDATION,B,9000,11.83,0.32,N,10,0
19954,23,48000,RENT,5.0,PERSONAL,B,6500,11.71,0.14,N,4,0
19955,28,75000,MORTGAGE,12.0,HOMEIMPROVEMENT,B,15000,11.14,0.2,N,8,0
19956,23,65000,MORTGAGE,5.0,VENTURE,A,6000,7.49,0.09,N,2,0
19957,23,40000,RENT,0.0,MEDICAL,B,7500,10.71,0.19,N,2,0
19958,25,45000,RENT,2.0,EDUCATION,C,3000,13.8,0.07,N,2,0
19959,26,37000,RENT,1.0,HOMEIMPROVEMENT,A,7500,7.51,0.2,N,4,1
19960,25,42000,RENT,2.0,EDUCATION,B,11000,12.42,0.26,N,4,0
19961,22,31200,RENT,4.0,MEDICAL,B,14000,9.88,0.45,N,2,1
19962,40,60000,RENT,6.0,PERSONAL,B,8000,10.37,0.13,N,11,0
19963,24,62000,MORTGAGE,2.0,PERSONAL,A,10000,7.88,0.16,N,4,0
19964,23,24000,RENT,0.0,MEDICAL,A,5000,6.76,0.2,N,2,0
19965,32,38000,RENT,0.0,MEDICAL,C,10000,13.57,0.26,Y,6,0
19966,23,75000,MORTGAGE,7.0,EDUCATION,A,16000,7.88,0.21,N,2,0
19967,37,120000,MORTGAGE,4.0,MEDICAL,B,5000,10.99,0.04,N,15,0
19968,22,100000,RENT,1.0,EDUCATION,B,5000,9.88,0.05,N,2,0
19969,22,122400,MORTGAGE,6.0,VENTURE,C,10000,13.98,0.08,Y,4,0
19970,32,40000,MORTGAGE,4.0,MEDICAL,C,3000,13.49,0.07,N,9,0
19971,23,60000,MORTGAGE,4.0,EDUCATION,D,1200,16.29,0.02,N,3,0
19972,29,49000,RENT,1.0,MEDICAL,A,3000,7.05,0.06,N,8,0
19973,28,60000,RENT,12.0,MEDICAL,A,12000,7.51,0.2,N,9,0
19974,32,45000,OWN,14.0,DEBTCONSOLIDATION,D,6000,14.96,0.13,Y,9,0
19975,43,60000,RENT,4.0,VENTURE,C,5000,14.22,0.08,Y,17,0
19976,24,130500,MORTGAGE,5.0,DEBTCONSOLIDATION,D,25000,15.31,0.19,N,2,1
19977,21,40000,RENT,0.0,EDUCATION,C,12000,13.49,0.3,N,3,0
19978,22,66000,MORTGAGE,6.0,EDUCATION,A,8800,7.51,0.14,N,3,0
19979,25,60000,RENT,6.0,MEDICAL,A,5000,7.9,0.08,N,3,0
19980,23,44000,RENT,2.0,MEDICAL,C,9000,13.85,0.2,N,4,0
19981,22,65004,MORTGAGE,6.0,MEDICAL,A,6500,5.99,0.1,N,3,0
19982,26,40000,MORTGAGE,11.0,EDUCATION,B,15000,11.71,0.38,N,3,1
19983,35,27996,RENT,14.0,MEDICAL,B,8250,11.26,0.3,N,10,0
19984,23,150000,RENT,7.0,PERSONAL,B,25600,11.71,0.17,N,4,0
19985,48,61500,RENT,3.0,MEDICAL,C,12000,13.23,0.2,N,14,0
19986,27,65000,RENT,4.0,MEDICAL,B,10000,9.99,0.15,N,5,0
19987,22,30000,RENT,0.0,DEBTCONSOLIDATION,D,10000,16.49,0.33,Y,3,1
19988,26,63440,OWN,7.0,VENTURE,A,20000,8.9,0.32,N,2,0
19989,26,55000,RENT,1.0,HOMEIMPROVEMENT,C,4000,11.78,0.07,Y,2,0
19990,28,140000,MORTGAGE,0.0,VENTURE,A,12800,7.88,0.09,N,7,0
19991,28,24000,RENT,0.0,MEDICAL,B,12000,11.36,0.5,N,5,1
19992,22,55000,MORTGAGE,6.0,EDUCATION,C,8000,14.79,0.15,N,4,0
19993,33,75000,MORTGAGE,8.0,PERSONAL,B,25000,10.62,0.33,N,7,0
19994,24,60000,MORTGAGE,8.0,PERSONAL,B,12000,10.99,0.2,N,2,0
19995,27,60000,RENT,4.0,EDUCATION,A,10000,7.51,0.17,N,8,0
19996,25,51000,MORTGAGE,3.0,EDUCATION,E,16750,16.4,0.33,Y,4,0
19997,28,48000,MORTGAGE,1.0,MEDICAL,A,4800,5.42,0.1,N,7,0
19998,40,125000,RENT,3.0,EDUCATION,C,10000,14.27,0.08,N,15,0
19999,29,81000,MORTGAGE,5.0,VENTURE,A,7000,9.32,0.09,N,6,0
20000,25,65000,RENT,3.0,MEDICAL,C,8000,14.72,0.12,N,3,0
20001,22,82000,RENT,4.0,VENTURE,B,20000,10.99,0.24,N,2,0
20002,22,45000,RENT,6.0,EDUCATION,A,5000,5.79,0.11,N,4,0
20003,25,50000,RENT,0.0,VENTURE,A,10000,6.92,0.2,N,2,0
20004,23,50000,RENT,0.0,VENTURE,A,8000,7.29,0.16,N,3,0
20005,27,46800,MORTGAGE,4.0,DEBTCONSOLIDATION,A,6000,7.14,0.13,N,10,0
20006,25,45000,RENT,0.0,VENTURE,A,3800,6.03,0.09,N,4,0
20007,24,35000,RENT,3.0,MEDICAL,B,3000,12.69,0.09,N,2,0
20008,26,40000,RENT,2.0,MEDICAL,B,13000,11.83,0.33,N,4,0
20009,34,72000,OWN,2.0,MEDICAL,A,12000,6.92,0.17,N,10,0
20010,23,45000,RENT,7.0,EDUCATION,C,5000,12.73,0.11,N,2,0
20011,26,50000,MORTGAGE,8.0,EDUCATION,B,8000,10.38,0.16,N,4,0
20012,23,28800,RENT,3.0,EDUCATION,C,1000,14.27,0.03,Y,2,0
20013,22,60000,RENT,5.0,VENTURE,B,9000,11.49,0.15,N,3,0
20014,22,105000,MORTGAGE,6.0,VENTURE,B,12000,10.99,0.11,N,4,0
20015,25,60000,RENT,9.0,EDUCATION,B,15000,11.71,0.25,N,3,0
20016,24,60000,RENT,5.0,HOMEIMPROVEMENT,C,4000,12.98,0.07,Y,2,0
20017,40,120000,MORTGAGE,3.0,HOMEIMPROVEMENT,A,6000,7.14,0.05,N,14,0
20018,23,75500,OWN,2.0,VENTURE,A,7000,6.54,0.09,N,3,0
20019,28,55000,RENT,3.0,PERSONAL,C,7500,13.23,0.14,Y,8,0
20020,25,98004,MORTGAGE,2.0,DEBTCONSOLIDATION,A,10000,7.66,0.1,N,2,0
20021,27,60000,MORTGAGE,0.0,DEBTCONSOLIDATION,A,2000,7.9,0.03,N,7,0
20022,30,74237,MORTGAGE,5.0,HOMEIMPROVEMENT,A,17000,7.88,0.23,N,6,0
20023,44,57000,RENT,0.0,DEBTCONSOLIDATION,B,9000,9.63,0.16,N,14,0
20024,24,40000,RENT,0.0,MEDICAL,B,4000,10.59,0.1,N,4,0
20025,26,92000,RENT,5.0,EDUCATION,B,24000,9.63,0.27,N,4,0
20026,22,63000,MORTGAGE,6.0,EDUCATION,A,5000,7.74,0.08,N,4,0
20027,31,130000,MORTGAGE,3.0,VENTURE,D,25000,15.62,0.19,N,8,0
20028,25,120000,MORTGAGE,5.0,DEBTCONSOLIDATION,A,8000,7.88,0.07,N,3,0
20029,23,80000,MORTGAGE,0.0,EDUCATION,A,3000,7.49,0.04,N,4,0
20030,22,56000,RENT,6.0,MEDICAL,B,15000,10.99,0.27,N,4,1
20031,24,72000,RENT,8.0,PERSONAL,A,20000,8.9,0.28,N,4,0
20032,26,33800,RENT,4.0,MEDICAL,B,13000,11.71,0.38,N,4,1
20033,33,45000,MORTGAGE,3.0,DEBTCONSOLIDATION,A,6800,7.88,0.15,N,6,0
20034,22,30652,RENT,5.0,DEBTCONSOLIDATION,D,7000,14.42,0.23,Y,2,1
20035,25,62900,RENT,9.0,MEDICAL,D,25000,17.58,0.33,N,2,1
20036,30,34000,MORTGAGE,0.0,VENTURE,B,10000,10.95,0.29,N,10,0
20037,23,54000,MORTGAGE,7.0,DEBTCONSOLIDATION,A,9000,5.42,0.17,N,4,0
20038,23,38000,OWN,4.0,VENTURE,A,6400,8.94,0.17,N,4,0
20039,28,95000,MORTGAGE,7.0,PERSONAL,A,12000,7.49,0.13,N,7,0
20040,24,120000,MORTGAGE,8.0,PERSONAL,B,20000,11.11,0.17,N,3,0
20041,27,64000,MORTGAGE,2.0,VENTURE,A,8000,5.79,0.13,N,10,0
20042,23,48000,RENT,4.0,MEDICAL,D,12000,14.54,0.25,Y,2,1
20043,22,50000,MORTGAGE,2.0,EDUCATION,B,2400,11.49,0.05,N,4,0
20044,22,24000,RENT,2.0,EDUCATION,A,3000,7.9,0.13,N,4,0
20045,23,42000,RENT,1.0,EDUCATION,B,12000,10.99,0.29,N,2,0
20046,32,45000,RENT,0.0,DEBTCONSOLIDATION,A,6000,6.99,0.13,N,9,0
20047,23,35004,OWN,7.0,EDUCATION,A,4000,7.51,0.11,N,2,0
20048,36,33195,RENT,0.0,DEBTCONSOLIDATION,C,1600,12.23,0.05,N,14,0
20049,31,26000,RENT,0.0,MEDICAL,C,4000,13.49,0.15,Y,5,0
20050,28,30000,RENT,1.0,PERSONAL,D,12000,16.77,0.4,N,8,1
20051,32,40000,MORTGAGE,2.0,EDUCATION,B,8000,11.36,0.2,N,7,0
20052,38,50000,RENT,0.0,HOMEIMPROVEMENT,D,10000,14.11,0.21,N,12,0
20053,24,85000,RENT,2.0,HOMEIMPROVEMENT,B,5000,10.99,0.06,N,4,0
20054,30,65000,RENT,4.0,EDUCATION,B,8000,12.69,0.12,N,9,0
20055,27,36000,RENT,3.0,MEDICAL,B,10500,10.65,0.29,N,7,0
20056,30,57000,MORTGAGE,3.0,DEBTCONSOLIDATION,A,6000,6.76,0.11,N,8,0
20057,28,35000,RENT,1.0,EDUCATION,C,2400,14.27,0.07,Y,7,0
20058,32,39600,MORTGAGE,2.0,EDUCATION,D,1800,14.09,0.05,N,8,0
20059,27,120000,MORTGAGE,5.0,EDUCATION,C,20000,13.16,0.17,Y,6,0
20060,26,113000,MORTGAGE,10.0,PERSONAL,B,25000,11.58,0.22,N,4,1
20061,26,103000,RENT,2.0,EDUCATION,D,25000,14.65,0.23,N,2,1
20062,25,88200,MORTGAGE,2.0,EDUCATION,B,23000,10.62,0.27,N,2,0
20063,24,24000,RENT,0.0,MEDICAL,C,2000,13.57,0.08,Y,4,0
20064,24,61400,RENT,3.0,VENTURE,C,12250,12.23,0.2,N,4,0
20065,22,50000,MORTGAGE,0.0,EDUCATION,C,10000,13.23,0.2,Y,4,0
20066,28,48000,RENT,0.0,PERSONAL,B,7000,9.76,0.15,N,6,0
20067,26,36000,RENT,2.0,PERSONAL,C,1500,14.72,0.04,Y,3,0
20068,24,45000,RENT,2.0,DEBTCONSOLIDATION,A,9200,7.88,0.2,N,4,0
20069,29,40000,MORTGAGE,1.0,EDUCATION,B,15000,11.36,0.38,N,9,0
20070,24,50000,RENT,0.0,EDUCATION,A,10000,6.92,0.2,N,2,0
20071,24,52500,OWN,0.0,EDUCATION,A,5600,7.37,0.11,N,4,0
20072,22,25000,RENT,1.0,DEBTCONSOLIDATION,B,1600,10.25,0.06,N,2,0
20073,23,140000,RENT,7.0,PERSONAL,A,24000,7.51,0.17,N,2,0
20074,23,36000,MORTGAGE,7.0,MEDICAL,C,4000,13.99,0.11,N,4,0
20075,41,44000,MORTGAGE,10.0,HOMEIMPROVEMENT,A,6000,7.66,0.14,N,15,0
20076,23,66000,RENT,7.0,MEDICAL,B,12000,12.18,0.19,N,2,0
20077,27,80000,RENT,4.0,DEBTCONSOLIDATION,C,10000,13.49,0.13,N,9,0
20078,24,52800,RENT,3.0,VENTURE,B,2400,9.62,0.05,N,4,0
20079,29,48000,OWN,3.0,PERSONAL,C,10000,12.84,0.21,N,10,0
20080,26,36000,RENT,2.0,VENTURE,D,4000,17.27,0.11,Y,2,1
20081,24,79000,RENT,4.0,HOMEIMPROVEMENT,D,2750,12.86,0.04,Y,4,0
20082,26,74900,MORTGAGE,10.0,MEDICAL,D,20000,14.91,0.23,N,3,1
20083,29,28800,RENT,2.0,HOMEIMPROVEMENT,C,3500,13.98,0.13,N,5,1
20084,25,87000,RENT,5.0,EDUCATION,B,15000,12.18,0.17,N,4,0
20085,32,42000,RENT,0.0,PERSONAL,B,5000,10.08,0.12,N,9,0
20086,39,50000,MORTGAGE,2.0,HOMEIMPROVEMENT,A,3000,6.76,0.06,N,11,0
20087,28,25000,RENT,0.0,EDUCATION,B,5500,11.89,0.22,N,8,0
20088,26,95004,MORTGAGE,3.0,PERSONAL,A,16000,7.88,0.18,N,3,0
20089,24,79500,MORTGAGE,3.0,MEDICAL,B,6000,11.36,0.08,N,2,0
20090,25,26400,MORTGAGE,7.0,PERSONAL,C,6000,13.48,0.23,N,4,0
20091,32,62000,RENT,6.0,MEDICAL,C,15000,13.85,0.24,Y,9,0
20092,23,46680,RENT,7.0,PERSONAL,B,4800,11.71,0.1,N,3,0
20093,24,49000,MORTGAGE,8.0,DEBTCONSOLIDATION,D,3000,14.09,0.06,N,2,1
20094,31,90000,RENT,7.0,PERSONAL,D,5975,16.77,0.07,Y,7,0
20095,22,47000,RENT,1.0,MEDICAL,A,10000,6.17,0.21,N,2,0
20096,27,40000,RENT,2.0,DEBTCONSOLIDATION,A,8000,6.17,0.2,N,9,0
20097,25,120000,MORTGAGE,4.0,PERSONAL,C,7500,13.79,0.06,N,4,0
20098,41,40000,RENT,3.0,VENTURE,B,12000,11.49,0.3,N,17,0
20099,23,45000,MORTGAGE,4.0,VENTURE,C,6000,12.99,0.13,N,3,0
20100,41,36000,RENT,2.0,MEDICAL,B,6000,10.74,0.17,N,11,0
20101,27,24000,RENT,1.0,MEDICAL,B,5000,11.86,0.21,N,10,0
20102,40,14400,RENT,0.0,VENTURE,B,2000,10.37,0.14,N,11,0
20103,23,62000,MORTGAGE,4.0,PERSONAL,A,10000,7.51,0.16,N,2,0
20104,27,65000,MORTGAGE,5.0,EDUCATION,A,10000,7.88,0.15,N,8,0
20105,23,39000,RENT,6.0,EDUCATION,C,9600,12.99,0.25,Y,2,0
20106,26,57204,RENT,10.0,HOMEIMPROVEMENT,C,9000,12.53,0.16,Y,4,0
20107,28,30000,RENT,2.0,DEBTCONSOLIDATION,A,3000,7.51,0.1,N,10,0
20108,26,96000,MORTGAGE,0.0,EDUCATION,A,7000,7.74,0.07,N,2,0
20109,23,62000,RENT,7.0,PERSONAL,A,10000,6.99,0.16,N,4,0
20110,23,48000,RENT,5.0,VENTURE,A,5000,7.9,0.1,N,3,0
20111,25,25000,RENT,9.0,MEDICAL,C,12000,12.73,0.48,Y,4,1
20112,29,76000,RENT,3.0,HOMEIMPROVEMENT,E,10000,19.29,0.13,Y,6,0
20113,23,44000,RENT,1.0,MEDICAL,B,7500,9.99,0.17,N,3,0
20114,22,50000,RENT,2.0,PERSONAL,B,5000,10.25,0.1,N,4,0
20115,26,50000,MORTGAGE,0.0,DEBTCONSOLIDATION,A,10000,7.74,0.2,N,2,0
20116,23,69000,RENT,1.0,EDUCATION,A,8000,7.66,0.11,N,4,0
20117,25,45000,RENT,1.0,PERSONAL,B,1000,11.36,0.02,N,2,0
20118,22,73000,RENT,0.0,VENTURE,E,12000,16.4,0.16,N,4,1
20119,22,42000,RENT,3.0,EDUCATION,B,5000,10.37,0.12,N,2,0
20120,33,612000,RENT,3.0,VENTURE,C,7000,12.73,0.12,Y,7,0
20121,23,65000,RENT,0.0,MEDICAL,B,4800,10.99,0.07,N,4,0
20122,24,24000,RENT,2.0,MEDICAL,C,1000,13.49,0.04,N,4,0
20123,24,69996,RENT,9.0,VENTURE,B,3300,12.42,0.05,N,4,0
20124,34,55000,MORTGAGE,8.0,VENTURE,A,10000,5.99,0.18,N,9,0
20125,25,85000,MORTGAGE,8.0,EDUCATION,A,10000,7.49,0.12,N,3,0
20126,30,70000,MORTGAGE,14.0,DEBTCONSOLIDATION,C,8000,13.11,0.11,Y,7,1
20127,29,52000,MORTGAGE,14.0,VENTURE,B,15000,11.86,0.29,N,6,0
20128,41,92000,RENT,4.0,HOMEIMPROVEMENT,A,7000,9.63,0.08,N,15,0
20129,21,25000,RENT,5.0,MEDICAL,C,7500,13.16,0.3,Y,3,1
20130,23,100000,MORTGAGE,5.0,DEBTCONSOLIDATION,A,10000,6.17,0.1,N,3,0
20131,27,80000,RENT,7.0,MEDICAL,A,6000,8.94,0.07,N,10,0
20132,31,40000,RENT,4.0,MEDICAL,B,10000,11.83,0.25,N,9,0
20133,25,60000,MORTGAGE,2.0,VENTURE,B,10000,12.21,0.17,N,4,0
20134,28,40000,RENT,2.0,MEDICAL,C,2000,14.27,0.05,Y,9,0
20135,25,40000,OWN,2.0,MEDICAL,A,7000,8.9,0.17,N,3,0
20136,29,43000,RENT,13.0,MEDICAL,B,5000,9.91,0.12,N,10,0
20137,28,62000,RENT,5.0,HOMEIMPROVEMENT,C,12000,13.49,0.19,Y,8,0
20138,27,54996,RENT,8.0,EDUCATION,A,12000,7.88,0.22,N,10,0
20139,30,21600,RENT,0.0,PERSONAL,A,6500,7.9,0.3,N,9,0
20140,25,40000,RENT,9.0,VENTURE,A,7000,6.62,0.17,N,3,0
20141,40,62400,RENT,4.0,MEDICAL,C,2000,13.8,0.03,Y,16,0
20142,27,82000,MORTGAGE,7.0,VENTURE,A,7000,5.99,0.09,N,8,0
20143,29,150000,MORTGAGE,9.0,VENTURE,C,7500,14.27,0.05,Y,6,0
20144,31,65000,MORTGAGE,3.0,DEBTCONSOLIDATION,C,7000,13.61,0.11,N,9,0
20145,26,70000,RENT,3.0,MEDICAL,A,10000,7.29,0.14,N,3,0
20146,24,14400,OWN,0.0,DEBTCONSOLIDATION,F,5825,18.43,0.43,Y,4,1
20147,27,24000,RENT,1.0,VENTURE,B,2400,10.99,0.1,N,6,0
20148,41,249999,OWN,5.0,HOMEIMPROVEMENT,B,25000,10.25,0.1,N,13,0
20149,31,36000,RENT,3.0,MEDICAL,B,6000,10.36,0.17,N,9,0
20150,37,65000,RENT,3.0,HOMEIMPROVEMENT,C,2400,13.98,0.04,N,13,0
20151,28,52000,MORTGAGE,13.0,VENTURE,B,3300,10.99,0.06,N,9,0
20152,22,60000,RENT,4.0,PERSONAL,A,12000,7.88,0.2,N,4,0
20153,23,120000,MORTGAGE,3.0,VENTURE,A,5000,6.92,0.04,N,4,0
20154,23,49668,RENT,4.0,DEBTCONSOLIDATION,A,10525,7.9,0.21,N,3,0
20155,24,38052,MORTGAGE,5.0,DEBTCONSOLIDATION,A,3000,7.68,0.08,N,2,0
20156,30,25000,RENT,2.0,DEBTCONSOLIDATION,C,5500,13.49,0.22,N,7,0
20157,23,56972,RENT,7.0,MEDICAL,E,15000,16.82,0.26,N,2,1
20158,24,38000,RENT,0.0,PERSONAL,A,12000,7.88,0.32,N,2,1
20159,27,65000,RENT,11.0,EDUCATION,A,10000,7.9,0.15,N,8,0
20160,27,44000,RENT,1.0,VENTURE,C,18000,14.26,0.41,Y,10,1
20161,26,32968,RENT,3.0,PERSONAL,B,4000,9.91,0.12,N,4,0
20162,28,90000,RENT,4.0,EDUCATION,C,6000,11.97,0.07,N,10,0
20163,40,80000,MORTGAGE,2.0,DEBTCONSOLIDATION,B,25000,10.25,0.31,N,11,0
20164,31,59700,MORTGAGE,15.0,HOMEIMPROVEMENT,B,15000,10.99,0.25,N,9,0
20165,27,49000,MORTGAGE,10.0,MEDICAL,A,16000,7.9,0.33,N,6,0
20166,24,48000,RENT,4.0,EDUCATION,C,15000,13.49,0.31,N,2,1
20167,32,30000,RENT,2.0,PERSONAL,B,6200,10.65,0.21,N,5,0
20168,27,45000,RENT,2.0,MEDICAL,B,10400,10.25,0.23,N,5,0
20169,31,125000,MORTGAGE,2.0,MEDICAL,B,10000,10.39,0.08,N,8,0
20170,37,14400,RENT,2.0,MEDICAL,A,1500,6.91,0.1,N,17,0
20171,31,100000,RENT,3.0,PERSONAL,A,10000,6.03,0.1,N,8,0
20172,36,150000,MORTGAGE,2.0,PERSONAL,B,12000,11.86,0.08,N,17,0
20173,30,60000,RENT,13.0,EDUCATION,B,15000,10.74,0.25,N,5,0
20174,23,65000,MORTGAGE,4.0,EDUCATION,C,10000,13.99,0.15,N,4,0
20175,28,40000,RENT,2.0,DEBTCONSOLIDATION,C,10000,14.27,0.25,N,7,0
20176,38,36000,RENT,3.0,PERSONAL,A,10000,8.9,0.28,N,12,0
20177,21,61000,RENT,4.0,EDUCATION,B,5000,10.39,0.08,N,3,0
20178,23,43000,MORTGAGE,3.0,DEBTCONSOLIDATION,A,8000,6.91,0.19,N,4,0
20179,33,40000,RENT,10.0,MEDICAL,A,10000,7.29,0.25,N,6,0
20180,25,80000,MORTGAGE,9.0,VENTURE,B,15000,11.12,0.19,N,3,0
20181,31,39996,RENT,4.0,MEDICAL,A,7200,5.99,0.18,N,9,0
20182,24,121000,MORTGAGE,8.0,HOMEIMPROVEMENT,E,17600,16.35,0.15,Y,3,0
20183,22,40000,RENT,3.0,EDUCATION,C,5000,13.49,0.13,N,2,0
20184,24,69996,RENT,0.0,HOMEIMPROVEMENT,C,6000,14.26,0.09,Y,2,0
20185,27,30000,RENT,11.0,HOMEIMPROVEMENT,C,7000,13.49,0.23,Y,9,0
20186,25,35000,OWN,2.0,VENTURE,C,8000,13.35,0.23,Y,3,0
20187,22,62400,RENT,6.0,PERSONAL,B,14000,8.88,0.22,N,3,0
20188,40,80000,RENT,6.0,PERSONAL,C,5000,12.87,0.06,N,13,0
20189,28,85000,MORTGAGE,12.0,PERSONAL,A,10000,6.92,0.12,N,9,0
20190,22,88500,RENT,3.0,DEBTCONSOLIDATION,C,24250,12.73,0.27,Y,4,0
20191,31,50000,RENT,2.0,DEBTCONSOLIDATION,A,10000,8.94,0.2,N,7,0
20192,24,60000,RENT,2.0,EDUCATION,A,1800,7.9,0.03,N,4,0
20193,22,30000,RENT,4.0,MEDICAL,A,12000,7.66,0.4,N,2,1
20194,26,46800,MORTGAGE,10.0,HOMEIMPROVEMENT,A,2800,7.51,0.06,N,3,0
20195,29,64600,MORTGAGE,12.0,EDUCATION,A,9200,7.88,0.15,N,5,0
20196,33,66300,RENT,6.0,MEDICAL,A,17500,6.54,0.23,N,7,1
20197,23,30000,RENT,2.0,DEBTCONSOLIDATION,A,4000,5.42,0.13,N,2,0
20198,22,38000,RENT,1.0,PERSONAL,B,4500,10.83,0.12,N,3,0
20199,34,54400,MORTGAGE,18.0,MEDICAL,E,20000,16.7,0.39,N,10,1
20200,22,57000,MORTGAGE,1.0,MEDICAL,C,8000,13.27,0.14,N,3,0
20201,22,80000,MORTGAGE,2.0,DEBTCONSOLIDATION,B,5000,10.75,0.06,N,2,0
20202,23,39000,MORTGAGE,7.0,EDUCATION,A,5000,9.32,0.13,N,3,0
20203,42,102000,MORTGAGE,4.0,EDUCATION,A,20000,6.91,0.2,N,13,0
20204,36,100000,MORTGAGE,3.0,DEBTCONSOLIDATION,A,8000,5.79,0.08,N,13,0
20205,23,96500,MORTGAGE,3.0,EDUCATION,C,14500,12.61,0.15,Y,3,0
20206,26,138000,RENT,4.0,HOMEIMPROVEMENT,A,16500,7.88,0.12,N,2,1
20207,25,48000,RENT,0.0,VENTURE,B,6000,10.0,0.13,N,3,0
20208,24,87500,RENT,7.0,DEBTCONSOLIDATION,C,15000,12.68,0.17,Y,4,0
20209,29,68000,MORTGAGE,0.0,PERSONAL,D,6000,15.21,0.09,N,10,0
20210,29,65000,OWN,6.0,HOMEIMPROVEMENT,C,3000,14.27,0.05,N,10,0
20211,22,36000,RENT,0.0,EDUCATION,A,3600,7.51,0.1,N,3,0
20212,24,93600,MORTGAGE,9.0,DEBTCONSOLIDATION,D,20000,14.74,0.2,Y,3,1
20213,26,104000,MORTGAGE,11.0,DEBTCONSOLIDATION,D,15000,15.31,0.14,Y,3,1
20214,26,56700,RENT,9.0,HOMEIMPROVEMENT,B,3000,10.62,0.05,N,2,0
20215,40,75000,MORTGAGE,0.0,VENTURE,A,17600,6.76,0.23,N,17,0
20216,38,30000,RENT,1.0,PERSONAL,C,5000,13.49,0.17,N,16,0
20217,38,72000,OWN,4.0,EDUCATION,B,9000,11.36,0.13,N,14,0
20218,34,54000,RENT,3.0,EDUCATION,B,3000,10.99,0.06,N,10,0
20219,29,65004,RENT,4.0,DEBTCONSOLIDATION,B,25000,11.86,0.38,N,7,1
20220,24,54996,RENT,5.0,PERSONAL,B,9600,11.86,0.17,N,2,0
20221,22,60000,MORTGAGE,6.0,PERSONAL,B,20000,9.99,0.33,N,3,0
20222,36,280000,MORTGAGE,2.0,VENTURE,C,1000,15.96,0.04,N,17,0
20223,28,54000,MORTGAGE,4.0,MEDICAL,D,2000,15.65,0.04,N,9,1
20224,29,140000,MORTGAGE,2.0,DEBTCONSOLIDATION,B,8000,9.88,0.06,N,7,0
20225,35,35100,RENT,2.0,EDUCATION,C,10000,13.48,0.29,Y,6,0
20226,28,24000,RENT,0.0,MEDICAL,B,3000,12.42,0.13,N,6,0
20227,27,50000,MORTGAGE,7.0,VENTURE,A,12000,6.62,0.24,N,8,0
20228,28,32000,RENT,2.0,DEBTCONSOLIDATION,C,12000,11.66,0.38,N,8,1
20229,27,40000,RENT,3.0,PERSONAL,C,5000,13.99,0.13,Y,8,0
20230,28,45000,RENT,12.0,EDUCATION,C,1800,13.11,0.04,Y,10,0
20231,23,65000,MORTGAGE,3.0,MEDICAL,A,15000,7.88,0.23,N,3,0
20232,25,51000,RENT,9.0,DEBTCONSOLIDATION,B,5000,10.65,0.1,N,4,0
20233,23,54000,RENT,7.0,DEBTCONSOLIDATION,A,6000,7.9,0.11,N,2,1
20234,25,30996,RENT,2.0,PERSONAL,A,6000,6.62,0.2,N,3,0
20235,22,44000,RENT,0.0,HOMEIMPROVEMENT,A,2000,7.29,0.05,N,4,1
20236,24,25000,RENT,4.0,MEDICAL,A,5000,7.49,0.2,N,2,0
20237,37,43200,MORTGAGE,18.0,HOMEIMPROVEMENT,A,10000,7.74,0.23,N,12,0
20238,26,24000,MORTGAGE,3.0,EDUCATION,A,7500,5.79,0.32,N,2,0
20239,30,54000,MORTGAGE,8.0,HOMEIMPROVEMENT,A,2000,7.43,0.04,N,5,0
20240,25,120000,MORTGAGE,4.0,MEDICAL,A,6000,6.76,0.05,N,4,0
20241,22,60000,RENT,1.0,EDUCATION,C,9000,12.73,0.15,N,2,0
20242,22,70000,MORTGAGE,3.0,DEBTCONSOLIDATION,A,10000,7.51,0.14,N,3,0
20243,24,36000,RENT,2.0,DEBTCONSOLIDATION,A,4000,7.66,0.11,N,3,0
20244,30,36000,RENT,6.0,VENTURE,B,2400,9.91,0.07,N,10,0
20245,25,90000,RENT,3.0,DEBTCONSOLIDATION,C,13200,12.29,0.15,N,4,0
20246,44,80000,MORTGAGE,5.0,MEDICAL,B,10000,11.14,0.13,N,11,0
20247,21,45000,RENT,3.0,EDUCATION,C,10000,13.49,0.22,Y,3,0
20248,31,50000,RENT,0.0,MEDICAL,A,4500,8.49,0.09,N,6,0
20249,24,96339,MORTGAGE,8.0,PERSONAL,B,12000,11.36,0.13,N,2,0
20250,27,136000,RENT,7.0,VENTURE,D,15000,15.28,0.11,N,5,0
20251,34,60000,MORTGAGE,6.0,MEDICAL,D,10000,15.7,0.17,Y,9,1
20252,23,62900,MORTGAGE,2.0,MEDICAL,D,5000,14.84,0.07,N,4,1
20253,34,42000,RENT,9.0,EDUCATION,D,3000,16.0,0.07,Y,7,0
20254,26,60000,RENT,1.0,PERSONAL,C,9000,12.53,0.15,N,3,0
20255,55,70000,MORTGAGE,1.0,PERSONAL,B,8400,10.99,0.12,N,27,0
20256,31,130000,MORTGAGE,0.0,HOMEIMPROVEMENT,C,15000,12.87,0.12,Y,9,0
20257,21,95000,MORTGAGE,5.0,EDUCATION,A,20000,5.99,0.21,N,3,0
20258,48,160000,MORTGAGE,14.0,PERSONAL,A,20000,6.62,0.13,N,12,0
20259,25,43000,RENT,3.0,MEDICAL,A,18000,7.66,0.42,N,3,1
20260,33,42000,RENT,4.0,MEDICAL,B,6000,11.86,0.14,N,7,0
20261,29,35000,RENT,2.0,PERSONAL,C,9000,13.98,0.26,N,7,0
20262,22,117996,RENT,3.0,EDUCATION,A,16000,7.9,0.14,N,4,0
20263,29,75000,MORTGAGE,3.0,EDUCATION,B,15000,10.37,0.2,N,8,0
20264,39,72000,RENT,0.0,HOMEIMPROVEMENT,A,12000,6.54,0.17,N,16,0
20265,24,30000,RENT,2.0,VENTURE,A,5000,7.9,0.17,N,3,0
20266,44,58000,RENT,11.0,VENTURE,B,7500,12.18,0.13,N,17,0
20267,23,38400,MORTGAGE,7.0,EDUCATION,A,10750,7.51,0.3,N,3,0
20268,30,65000,RENT,5.0,HOMEIMPROVEMENT,C,15000,14.79,0.23,Y,9,0
20269,23,40000,RENT,2.0,EDUCATION,B,6400,9.99,0.16,N,4,0
20270,23,62000,RENT,0.0,EDUCATION,B,8000,10.39,0.14,N,3,0
20271,41,305000,MORTGAGE,13.0,VENTURE,D,2000,14.96,0.07,N,11,0
20272,23,80000,MORTGAGE,8.0,VENTURE,A,15000,6.54,0.19,N,4,0
20273,27,78000,MORTGAGE,6.0,VENTURE,B,17000,12.42,0.22,N,10,0
20274,30,100000,MORTGAGE,13.0,DEBTCONSOLIDATION,A,12000,7.88,0.12,N,8,0
20275,23,55000,MORTGAGE,7.0,MEDICAL,A,6000,7.88,0.11,N,2,0
20276,23,33400,MORTGAGE,3.0,PERSONAL,B,16700,11.11,0.5,N,3,0
20277,25,35000,RENT,1.0,EDUCATION,D,3200,16.29,0.09,N,3,1
20278,23,71400,MORTGAGE,1.0,MEDICAL,D,12000,14.11,0.14,Y,4,1
20279,26,42000,MORTGAGE,4.0,HOMEIMPROVEMENT,C,1000,14.27,0.02,Y,4,1
20280,30,50000,RENT,14.0,VENTURE,C,18000,13.49,0.36,Y,8,1
20281,34,80000,RENT,2.0,EDUCATION,B,5000,11.49,0.06,N,10,0
20282,29,110000,MORTGAGE,13.0,HOMEIMPROVEMENT,A,4000,7.66,0.04,N,9,0
20283,29,32400,RENT,2.0,HOMEIMPROVEMENT,D,1750,15.65,0.05,N,8,1
20284,24,91000,MORTGAGE,8.0,MEDICAL,A,15000,7.88,0.16,N,3,0
20285,22,108000,RENT,1.0,PERSONAL,D,6000,14.42,0.05,N,4,1
20286,26,51600,RENT,10.0,EDUCATION,B,3000,11.86,0.06,N,2,0
20287,39,21600,RENT,0.0,EDUCATION,B,4000,9.99,0.19,N,16,0
20288,25,60000,RENT,2.0,HOMEIMPROVEMENT,C,5000,12.99,0.08,Y,2,0
20289,24,39000,RENT,0.0,MEDICAL,D,15000,16.0,0.41,N,4,1
20290,25,49000,RENT,2.0,HOMEIMPROVEMENT,D,10000,17.58,0.2,N,2,1
20291,23,30000,RENT,6.0,VENTURE,A,4000,8.94,0.13,N,2,0
20292,43,40000,RENT,3.0,PERSONAL,A,8000,5.99,0.2,N,13,0
20293,33,44000,RENT,10.0,PERSONAL,A,10000,5.42,0.23,N,6,0
20294,23,55000,RENT,3.0,MEDICAL,C,6000,13.49,0.11,N,3,0
20295,24,50000,MORTGAGE,5.0,VENTURE,B,6000,9.99,0.12,N,3,0
20296,28,80000,OWN,13.0,VENTURE,A,10000,7.88,0.13,N,10,0
20297,24,70000,MORTGAGE,3.0,PERSONAL,A,10000,6.99,0.14,N,3,0
20298,25,55000,MORTGAGE,9.0,HOMEIMPROVEMENT,B,12000,10.25,0.22,N,4,0
20299,36,55000,MORTGAGE,19.0,DEBTCONSOLIDATION,A,4000,7.9,0.07,N,11,0
20300,33,66996,MORTGAGE,4.0,PERSONAL,A,7000,9.32,0.1,N,10,0
20301,22,36000,OWN,2.0,EDUCATION,B,5000,11.49,0.14,N,3,0
20302,31,38000,RENT,3.0,VENTURE,C,7000,13.49,0.19,N,6,0
20303,30,50000,RENT,5.0,EDUCATION,C,12000,12.73,0.24,N,6,0
20304,22,27600,RENT,3.0,EDUCATION,A,1200,6.76,0.04,N,2,0
20305,31,87000,RENT,2.0,MEDICAL,C,20000,13.48,0.23,Y,6,0
20306,22,60000,RENT,1.0,DEBTCONSOLIDATION,B,5000,9.99,0.08,N,2,0
20307,26,130000,RENT,5.0,PERSONAL,A,10000,7.29,0.08,N,3,0
20308,25,60000,MORTGAGE,2.0,MEDICAL,A,10000,7.88,0.17,N,4,0
20309,36,51000,RENT,1.0,VENTURE,B,2400,11.36,0.05,N,12,0
20310,27,125000,MORTGAGE,11.0,VENTURE,B,21000,10.62,0.17,N,8,0
20311,25,95000,MORTGAGE,9.0,PERSONAL,A,7200,7.9,0.08,N,4,0
20312,26,200000,MORTGAGE,10.0,MEDICAL,B,7500,12.18,0.04,N,3,0
20313,37,75000,RENT,2.0,MEDICAL,C,6000,13.49,0.08,N,11,0
20314,25,36000,RENT,3.0,HOMEIMPROVEMENT,A,6000,7.68,0.17,N,3,0
20315,27,38000,RENT,11.0,PERSONAL,B,8000,11.99,0.21,N,8,0
20316,27,81800,MORTGAGE,6.0,MEDICAL,A,2500,6.39,0.03,N,8,0
20317,38,54000,RENT,7.0,HOMEIMPROVEMENT,C,5000,12.73,0.09,N,16,1
20318,24,105000,MORTGAGE,8.0,DEBTCONSOLIDATION,B,11000,10.99,0.1,N,3,0
20319,24,150000,MORTGAGE,8.0,PERSONAL,C,7000,12.61,0.05,Y,3,0
20320,29,65000,MORTGAGE,3.0,VENTURE,B,10000,11.49,0.15,N,5,0
20321,37,83000,RENT,3.0,DEBTCONSOLIDATION,B,3600,11.99,0.04,N,11,0
20322,21,45200,RENT,1.0,DEBTCONSOLIDATION,A,5000,8.59,0.11,N,3,0
20323,21,55000,RENT,3.0,VENTURE,E,12000,17.06,0.22,N,3,0
20324,25,80000,MORTGAGE,9.0,EDUCATION,A,5000,5.42,0.06,N,4,0
20325,23,34000,RENT,0.0,VENTURE,A,10000,8.94,0.29,N,3,0
20326,22,60000,MORTGAGE,6.0,PERSONAL,A,8000,5.79,0.13,N,4,0
20327,24,80000,RENT,3.0,VENTURE,A,24000,7.49,0.3,N,2,0
20328,23,90000,MORTGAGE,0.0,DEBTCONSOLIDATION,A,4800,7.14,0.05,N,3,0
20329,23,100000,RENT,7.0,EDUCATION,B,25000,11.71,0.25,N,2,0
20330,25,30000,RENT,1.0,MEDICAL,A,6000,9.63,0.2,N,4,0
20331,22,65004,MORTGAGE,6.0,DEBTCONSOLIDATION,A,4200,7.51,0.07,N,3,0
20332,23,48000,RENT,5.0,MEDICAL,B,12000,12.42,0.25,N,2,0
20333,32,235000,MORTGAGE,2.0,PERSONAL,B,25000,12.21,0.11,N,10,0
20334,23,64500,MORTGAGE,0.0,DEBTCONSOLIDATION,C,4000,12.53,0.06,N,4,0
20335,25,42000,RENT,2.0,MEDICAL,A,6000,7.29,0.14,N,3,0
20336,21,58650,RENT,5.0,MEDICAL,B,5000,10.59,0.07,N,4,1
20337,23,75000,MORTGAGE,5.0,MEDICAL,B,16000,9.99,0.21,N,4,0
20338,27,48000,RENT,11.0,PERSONAL,E,8000,16.82,0.17,Y,8,0
20339,28,76000,MORTGAGE,12.0,DEBTCONSOLIDATION,C,12000,13.11,0.16,N,8,0
20340,27,44000,OWN,3.0,EDUCATION,D,15000,16.77,0.34,Y,10,0
20341,25,38400,MORTGAGE,9.0,EDUCATION,C,10000,13.98,0.26,Y,3,0
20342,23,71000,RENT,1.0,EDUCATION,A,19500,7.9,0.28,N,2,0
20343,31,87000,RENT,5.0,VENTURE,C,7500,13.23,0.09,Y,6,0
20344,23,31200,RENT,1.0,EDUCATION,B,4000,11.49,0.13,N,2,0
20345,32,80000,RENT,1.0,DEBTCONSOLIDATION,B,9000,12.42,0.11,N,9,0
20346,26,29000,RENT,10.0,MEDICAL,D,10000,17.58,0.34,Y,2,1
20347,29,40000,RENT,6.0,PERSONAL,C,3600,15.23,0.09,N,10,0
20348,64,106000,MORTGAGE,3.0,DEBTCONSOLIDATION,B,3000,11.58,0.03,N,22,0
20349,22,69638,OWN,4.0,PERSONAL,D,21000,14.84,0.31,Y,4,0
20350,24,66000,RENT,2.0,VENTURE,B,10000,10.96,0.15,N,4,0
20351,38,102000,MORTGAGE,3.0,VENTURE,A,15000,7.88,0.15,N,13,0
20352,36,38000,RENT,2.0,MEDICAL,E,12800,17.04,0.34,Y,14,1
20353,24,28800,MORTGAGE,2.0,EDUCATION,A,9600,5.42,0.33,N,2,0
20354,24,80000,MORTGAGE,8.0,HOMEIMPROVEMENT,A,20000,6.54,0.25,N,4,0
20355,27,69684,MORTGAGE,6.0,DEBTCONSOLIDATION,B,2000,11.49,0.03,N,5,0
20356,26,80000,MORTGAGE,2.0,PERSONAL,B,13000,12.42,0.16,N,4,0
20357,24,75000,MORTGAGE,5.0,PERSONAL,C,12000,13.98,0.16,Y,3,0
20358,22,35000,MORTGAGE,6.0,VENTURE,A,4000,5.99,0.11,N,2,0
20359,26,27600,RENT,2.0,HOMEIMPROVEMENT,C,5000,13.06,0.18,N,4,1
20360,27,108000,RENT,11.0,VENTURE,B,20000,12.53,0.19,N,5,0
20361,23,54000,MORTGAGE,0.0,VENTURE,C,12000,13.47,0.22,N,4,0
20362,29,138000,MORTGAGE,13.0,EDUCATION,A,10000,6.99,0.07,N,10,0
20363,25,55782,MORTGAGE,1.0,EDUCATION,B,20000,12.69,0.37,N,4,0
20364,32,120000,MORTGAGE,14.0,PERSONAL,B,25000,9.99,0.21,N,6,0
20365,23,30000,OWN,7.0,EDUCATION,A,6000,6.62,0.2,N,2,0
20366,33,44004,RENT,2.0,HOMEIMPROVEMENT,A,15000,8.9,0.34,N,5,1
20367,23,80000,MORTGAGE,6.0,DEBTCONSOLIDATION,C,12000,13.61,0.15,Y,4,0
20368,26,70000,RENT,0.0,DEBTCONSOLIDATION,B,25000,11.86,0.36,N,4,1
20369,39,74400,RENT,3.0,DEBTCONSOLIDATION,B,8800,12.42,0.12,N,11,0
20370,23,120000,MORTGAGE,7.0,DEBTCONSOLIDATION,A,4000,7.9,0.03,N,2,0
20371,29,39000,OWN,7.0,VENTURE,B,10000,10.0,0.26,N,7,0
20372,23,20000,RENT,7.0,PERSONAL,B,6000,12.69,0.3,N,3,0
20373,23,160000,MORTGAGE,2.0,EDUCATION,A,25000,7.66,0.16,N,4,0
20374,26,65000,MORTGAGE,10.0,EDUCATION,A,15000,7.88,0.23,N,2,0
20375,26,30000,MORTGAGE,1.0,EDUCATION,C,5825,14.79,0.18,Y,4,0
20376,31,72500,MORTGAGE,3.0,HOMEIMPROVEMENT,B,9000,11.49,0.12,N,10,0
20377,22,85000,RENT,3.0,EDUCATION,A,8400,6.92,0.1,N,4,0
20378,23,86000,MORTGAGE,7.0,MEDICAL,A,10000,6.17,0.12,N,2,0
20379,24,30000,MORTGAGE,3.0,PERSONAL,A,3000,7.29,0.1,N,3,0
20380,25,125000,MORTGAGE,8.0,EDUCATION,B,18000,10.74,0.14,N,2,0
20381,35,133000,MORTGAGE,13.0,EDUCATION,B,15000,12.18,0.11,N,9,1
20382,22,62000,RENT,3.0,EDUCATION,A,12000,5.79,0.19,N,3,0
20383,23,50000,MORTGAGE,5.0,MEDICAL,A,6000,5.42,0.12,N,4,0
20384,40,80000,MORTGAGE,9.0,VENTURE,F,25000,18.67,0.3,N,17,0
20385,23,68004,OWN,4.0,EDUCATION,B,17500,10.39,0.26,N,4,0
20386,23,60000,MORTGAGE,5.0,PERSONAL,B,3000,9.91,0.05,N,3,0
20387,26,60000,RENT,4.0,PERSONAL,A,12600,7.66,0.21,N,4,0
20388,36,138000,MORTGAGE,17.0,VENTURE,A,5000,5.42,0.04,N,17,0
20389,26,31000,RENT,2.0,MEDICAL,B,8000,11.26,0.26,N,3,0
20390,24,99000,MORTGAGE,8.0,MEDICAL,A,12250,7.29,0.12,N,2,0
20391,40,42000,RENT,4.0,VENTURE,A,10000,7.9,0.24,N,15,0
20392,32,52000,MORTGAGE,7.0,PERSONAL,A,3600,7.49,0.07,N,6,0
20393,21,75000,RENT,5.0,MEDICAL,B,10000,11.14,0.13,N,4,0
20394,24,36000,RENT,8.0,MEDICAL,D,8500,15.31,0.24,Y,2,1
20395,36,140004,MORTGAGE,8.0,HOMEIMPROVEMENT,A,8000,6.62,0.06,N,14,0
20396,27,69000,RENT,5.0,PERSONAL,A,6000,6.99,0.09,N,6,0
20397,23,95000,MORTGAGE,7.0,EDUCATION,B,15000,10.36,0.16,N,3,0
20398,24,110000,MORTGAGE,7.0,MEDICAL,B,15000,12.18,0.14,N,3,0
20399,28,44000,RENT,0.0,PERSONAL,D,6000,14.54,0.14,N,7,1
20400,29,57000,RENT,4.0,DEBTCONSOLIDATION,C,15000,13.85,0.26,N,7,0
20401,39,48000,RENT,3.0,EDUCATION,A,4000,7.88,0.08,N,11,0
20402,28,150000,RENT,3.0,VENTURE,D,10000,15.99,0.07,Y,10,1
20403,37,36500,OWN,5.0,PERSONAL,B,3200,10.37,0.09,N,17,0
20404,31,36000,RENT,5.0,MEDICAL,F,14500,19.41,0.4,Y,9,1
20405,43,42000,MORTGAGE,9.0,EDUCATION,B,4500,11.99,0.11,N,17,0
20406,24,98000,MORTGAGE,8.0,HOMEIMPROVEMENT,B,2000,10.59,0.02,N,2,0
20407,30,50000,MORTGAGE,14.0,HOMEIMPROVEMENT,A,3000,7.14,0.06,N,5,0
20408,36,69996,MORTGAGE,2.0,EDUCATION,B,10000,12.69,0.14,N,14,0
20409,37,30996,RENT,1.0,PERSONAL,C,8000,13.79,0.26,N,14,0
20410,27,24000,MORTGAGE,0.0,VENTURE,B,3500,12.21,0.15,N,8,0
20411,30,46000,RENT,0.0,PERSONAL,C,12000,12.61,0.26,N,6,0
20412,22,78400,MORTGAGE,2.0,VENTURE,A,3000,5.99,0.03,N,4,0
20413,22,25000,OWN,6.0,VENTURE,A,9250,7.49,0.37,N,2,0
20414,23,47000,RENT,7.0,PERSONAL,C,15000,12.04,0.32,N,3,1
20415,36,80000,MORTGAGE,1.0,PERSONAL,B,15000,11.36,0.19,N,12,0
20416,35,56000,MORTGAGE,3.0,VENTURE,E,12000,16.4,0.21,N,5,0
20417,24,96000,MORTGAGE,8.0,MEDICAL,A,18000,7.74,0.2,N,2,0
20418,27,22800,RENT,1.0,MEDICAL,B,2500,10.99,0.11,N,10,0
20419,29,38400,RENT,0.0,DEBTCONSOLIDATION,B,4000,10.75,0.11,N,9,0
20420,28,24000,MORTGAGE,12.0,EDUCATION,A,10000,7.51,0.42,N,7,0
20421,24,36000,MORTGAGE,0.0,VENTURE,A,5000,6.62,0.14,N,3,0
20422,30,38000,RENT,5.0,PERSONAL,D,10000,15.37,0.26,N,5,0
20423,24,30000,RENT,1.0,VENTURE,B,7000,10.99,0.23,N,4,0
20424,24,72000,MORTGAGE,5.0,VENTURE,A,6500,5.42,0.09,N,4,0
20425,22,60000,RENT,2.0,PERSONAL,D,10000,15.05,0.17,N,2,1
20426,26,85000,MORTGAGE,10.0,MEDICAL,A,5000,7.51,0.06,N,2,0
20427,28,37000,RENT,2.0,DEBTCONSOLIDATION,A,3000,6.99,0.08,N,10,0
20428,21,30000,RENT,1.0,EDUCATION,B,4000,11.71,0.13,N,4,0
20429,23,75000,MORTGAGE,0.0,VENTURE,A,16000,8.59,0.21,N,4,0
20430,23,60000,RENT,4.0,MEDICAL,C,7000,13.49,0.12,Y,4,0
20431,22,48000,MORTGAGE,7.0,MEDICAL,C,14400,14.35,0.29,Y,3,0
20432,38,200000,MORTGAGE,6.0,MEDICAL,B,15000,11.49,0.07,N,14,0
20433,24,60000,MORTGAGE,7.0,DEBTCONSOLIDATION,A,7200,5.42,0.12,N,2,0
20434,30,30000,RENT,2.0,MEDICAL,C,2000,14.79,0.07,Y,8,0
20435,25,60000,RENT,9.0,DEBTCONSOLIDATION,B,15000,10.99,0.25,N,4,0
20436,24,38000,RENT,8.0,EDUCATION,B,10000,10.83,0.26,N,3,0
20437,24,60000,MORTGAGE,6.0,HOMEIMPROVEMENT,A,11500,7.14,0.18,N,3,0
20438,22,78700,MORTGAGE,6.0,VENTURE,A,10000,7.88,0.13,N,2,0
20439,31,30000,RENT,0.0,MEDICAL,C,5000,12.61,0.17,Y,5,0
20440,28,50000,MORTGAGE,4.0,PERSONAL,B,7500,11.71,0.15,N,7,0
20441,33,35000,RENT,5.0,DEBTCONSOLIDATION,A,8000,7.14,0.23,N,6,0
20442,26,39996,RENT,2.0,EDUCATION,B,5000,11.89,0.13,N,2,0
20443,26,70000,RENT,3.0,DEBTCONSOLIDATION,C,3500,12.84,0.05,Y,4,0
20444,29,75000,RENT,1.0,EDUCATION,B,20000,11.83,0.27,N,9,0
20445,22,30000,RENT,6.0,EDUCATION,A,4000,7.49,0.13,N,2,0
20446,22,40000,RENT,2.0,EDUCATION,C,6000,12.73,0.15,N,3,0
20447,24,113000,RENT,7.0,DEBTCONSOLIDATION,D,9600,15.31,0.08,Y,2,1
20448,22,84000,RENT,2.0,VENTURE,B,10000,11.11,0.12,N,3,0
20449,24,69000,MORTGAGE,9.0,MEDICAL,A,15600,7.49,0.23,N,2,0
20450,29,160000,MORTGAGE,14.0,HOMEIMPROVEMENT,C,24000,13.72,0.15,N,7,0
20451,27,96000,MORTGAGE,4.0,VENTURE,A,15000,6.03,0.16,N,6,0
20452,28,84000,RENT,0.0,DEBTCONSOLIDATION,C,20000,13.92,0.24,N,6,1
20453,22,36000,MORTGAGE,2.0,EDUCATION,A,10000,7.88,0.28,N,3,0
20454,30,72000,RENT,1.0,HOMEIMPROVEMENT,C,8000,13.48,0.11,Y,6,0
20455,21,25000,RENT,0.0,VENTURE,C,11100,13.47,0.44,N,3,1
20456,32,100000,MORTGAGE,12.0,DEBTCONSOLIDATION,B,18000,10.59,0.18,N,9,0
20457,23,90000,MORTGAGE,1.0,EDUCATION,C,10000,13.61,0.11,N,4,0
20458,36,75000,RENT,0.0,VENTURE,C,12000,13.79,0.16,N,15,0
20459,23,75000,MORTGAGE,5.0,PERSONAL,B,12000,9.99,0.16,N,4,0
20460,30,35000,RENT,4.0,PERSONAL,C,8000,14.27,0.23,Y,8,0
20461,26,40000,MORTGAGE,7.0,PERSONAL,A,14000,7.49,0.35,N,2,0
20462,27,45000,RENT,2.0,PERSONAL,B,13000,10.36,0.29,N,8,1
20463,25,27996,RENT,0.0,VENTURE,A,3200,9.63,0.12,N,2,0
20464,22,55000,RENT,1.0,VENTURE,A,2700,6.99,0.05,N,2,0
20465,41,30000,RENT,0.0,PERSONAL,A,1200,8.0,0.04,N,15,0
20466,24,70000,MORTGAGE,3.0,VENTURE,A,4000,8.49,0.06,N,3,0
20467,27,110000,RENT,6.0,VENTURE,C,15000,12.68,0.14,N,6,0
20468,24,34000,RENT,6.0,MEDICAL,D,3600,16.29,0.1,Y,2,1
20469,25,48000,RENT,2.0,DEBTCONSOLIDATION,B,4000,11.36,0.08,N,2,0
20470,29,120000,MORTGAGE,13.0,MEDICAL,A,15000,6.91,0.13,N,8,0
20471,22,22800,OWN,0.0,VENTURE,E,10000,16.45,0.42,N,4,0
20472,37,40000,RENT,5.0,PERSONAL,A,15000,8.9,0.38,N,16,1
20473,22,66000,MORTGAGE,6.0,EDUCATION,C,20000,13.47,0.3,N,2,0
20474,28,57720,MORTGAGE,12.0,DEBTCONSOLIDATION,A,15000,7.49,0.26,N,5,0
20475,22,48000,RENT,6.0,PERSONAL,A,12000,5.99,0.25,N,4,0
20476,23,80000,RENT,4.0,EDUCATION,A,6000,7.49,0.07,N,2,0
20477,36,75996,MORTGAGE,4.0,PERSONAL,B,8000,11.99,0.11,N,13,0
20478,24,66000,RENT,4.0,HOMEIMPROVEMENT,D,10400,14.91,0.16,N,2,0
20479,33,52000,RENT,2.0,VENTURE,B,8000,10.36,0.15,N,5,0
20480,44,60000,MORTGAGE,4.0,EDUCATION,B,7700,11.83,0.13,N,11,0
20481,26,95000,RENT,1.0,DEBTCONSOLIDATION,C,18000,12.73,0.19,N,2,0
20482,23,45432,RENT,7.0,VENTURE,C,5000,12.73,0.11,N,3,0
20483,31,75000,MORTGAGE,6.0,PERSONAL,B,5600,11.99,0.07,N,8,0
20484,33,48000,RENT,4.0,VENTURE,B,5000,11.99,0.1,N,5,0
20485,29,42996,RENT,1.0,PERSONAL,D,12000,16.07,0.28,Y,5,1
20486,24,150000,MORTGAGE,0.0,PERSONAL,A,20000,7.9,0.13,N,3,0
20487,26,60000,MORTGAGE,10.0,PERSONAL,B,7750,12.53,0.13,N,4,0
20488,25,56000,RENT,9.0,VENTURE,D,8000,14.42,0.14,Y,4,0
20489,26,19200,RENT,4.0,EDUCATION,B,6000,10.99,0.31,N,3,1
20490,27,150000,MORTGAGE,11.0,DEBTCONSOLIDATION,A,10000,8.94,0.07,N,9,0
20491,32,60000,MORTGAGE,8.0,VENTURE,A,3000,8.49,0.05,N,7,0
20492,25,57000,RENT,1.0,EDUCATION,B,3200,10.28,0.06,N,3,0
20493,27,45000,RENT,0.0,MEDICAL,A,2400,6.76,0.05,N,6,0
20494,32,25000,RENT,12.0,MEDICAL,A,3000,8.49,0.12,N,8,0
20495,22,40000,RENT,0.0,EDUCATION,A,5000,9.32,0.13,N,3,0
20496,25,62000,MORTGAGE,1.0,EDUCATION,B,10000,11.14,0.16,N,4,0
20497,22,24996,RENT,2.0,DEBTCONSOLIDATION,C,6500,13.61,0.28,N,2,0
20498,26,54000,OWN,0.0,MEDICAL,A,5000,7.49,0.09,N,3,0
20499,51,75000,MORTGAGE,6.0,PERSONAL,A,15000,6.03,0.2,N,20,0
20500,23,30000,RENT,3.0,VENTURE,B,6000,10.75,0.2,N,4,0
20501,23,29100,RENT,3.0,MEDICAL,D,10000,15.95,0.34,Y,3,1
20502,23,45000,OWN,0.0,EDUCATION,A,10000,8.59,0.22,N,3,0
20503,23,100000,MORTGAGE,7.0,PERSONAL,A,7000,6.76,0.07,N,2,0
20504,32,70000,MORTGAGE,5.0,DEBTCONSOLIDATION,B,14000,12.69,0.2,N,9,0
20505,23,54000,RENT,0.0,DEBTCONSOLIDATION,B,6000,10.99,0.11,N,3,1
20506,25,39000,RENT,4.0,MEDICAL,A,1800,8.32,0.05,N,3,0
20507,27,80000,RENT,0.0,HOMEIMPROVEMENT,C,12000,12.61,0.15,N,6,0
20508,29,70000,MORTGAGE,13.0,EDUCATION,A,18000,7.88,0.26,N,8,0
20509,25,60000,MORTGAGE,5.0,DEBTCONSOLIDATION,C,15000,13.49,0.25,N,4,0
20510,39,80300,MORTGAGE,17.0,VENTURE,C,15000,12.84,0.19,Y,17,0
20511,30,29004,RENT,3.0,HOMEIMPROVEMENT,D,4800,15.58,0.16,Y,8,1
20512,25,75000,MORTGAGE,1.0,HOMEIMPROVEMENT,E,10000,18.79,0.13,N,4,0
20513,23,30000,RENT,0.0,VENTURE,B,13250,10.99,0.44,N,2,1
20514,21,42000,MORTGAGE,5.0,EDUCATION,B,5200,11.48,0.12,N,4,0
20515,36,96000,MORTGAGE,0.0,MEDICAL,A,6000,5.42,0.06,N,11,0
20516,38,98000,MORTGAGE,5.0,EDUCATION,B,5000,10.37,0.05,N,14,0
20517,28,35000,RENT,7.0,HOMEIMPROVEMENT,B,3500,11.36,0.1,N,9,0
20518,22,30000,RENT,4.0,HOMEIMPROVEMENT,D,2000,15.62,0.07,Y,4,1
20519,36,33000,RENT,2.0,MEDICAL,A,6000,7.14,0.18,N,13,0
20520,25,88000,MORTGAGE,9.0,HOMEIMPROVEMENT,D,15000,15.99,0.17,N,2,1
20521,27,69000,RENT,1.0,PERSONAL,D,9600,15.37,0.14,Y,6,1
20522,21,43008,OWN,0.0,VENTURE,A,20000,6.62,0.45,N,3,0
20523,33,95000,MORTGAGE,0.0,MEDICAL,A,5000,7.51,0.05,N,7,0
20524,22,49000,MORTGAGE,6.0,EDUCATION,B,5000,12.69,0.1,N,4,0
20525,30,75000,MORTGAGE,1.0,MEDICAL,A,5000,6.92,0.07,N,7,0
20526,30,45000,RENT,15.0,DEBTCONSOLIDATION,A,2200,8.9,0.05,N,6,0
20527,28,62496,RENT,1.0,EDUCATION,C,12000,12.84,0.19,N,6,0
20528,43,97500,MORTGAGE,2.0,MEDICAL,A,9600,5.42,0.1,N,14,0
20529,27,43000,RENT,0.0,VENTURE,B,7800,9.99,0.18,N,8,0
20530,35,38000,RENT,0.0,VENTURE,C,4000,13.06,0.11,N,5,0
20531,22,30000,RENT,2.0,HOMEIMPROVEMENT,B,7000,12.69,0.23,N,4,1
20532,21,87000,MORTGAGE,5.0,EDUCATION,A,12000,5.79,0.14,N,3,0
20533,30,30000,RENT,0.0,MEDICAL,C,2000,13.92,0.07,Y,6,0
20534,27,85000,MORTGAGE,11.0,HOMEIMPROVEMENT,C,10000,13.61,0.12,N,9,0
20535,25,120000,MORTGAGE,9.0,DEBTCONSOLIDATION,A,10000,7.88,0.08,N,2,0
20536,25,47000,RENT,1.0,MEDICAL,B,5000,10.0,0.11,N,4,0
20537,23,60500,OWN,6.0,EDUCATION,C,5000,14.27,0.08,N,4,0
20538,26,70000,MORTGAGE,3.0,PERSONAL,D,15000,15.31,0.21,Y,2,0
20539,35,200000,MORTGAGE,1.0,MEDICAL,A,3000,7.68,0.01,N,10,0
20540,33,135000,MORTGAGE,12.0,VENTURE,B,10000,9.99,0.07,N,9,0
20541,31,96000,MORTGAGE,8.0,MEDICAL,A,4000,6.76,0.04,N,10,0
20542,28,70000,MORTGAGE,4.0,HOMEIMPROVEMENT,A,4500,6.62,0.06,N,8,0
20543,27,85000,MORTGAGE,11.0,DEBTCONSOLIDATION,A,4500,6.54,0.05,N,8,0
20544,22,32644,RENT,5.0,VENTURE,E,13750,16.45,0.42,Y,4,1
20545,27,45000,MORTGAGE,0.0,EDUCATION,A,3000,7.88,0.07,N,6,0
20546,44,56000,MORTGAGE,3.0,DEBTCONSOLIDATION,B,5000,10.38,0.09,N,12,0
20547,25,80000,MORTGAGE,7.0,HOMEIMPROVEMENT,B,12000,10.62,0.15,N,3,0
20548,28,37000,RENT,12.0,MEDICAL,A,10000,6.62,0.27,N,8,0
20549,37,88055,MORTGAGE,20.0,DEBTCONSOLIDATION,B,25000,11.86,0.29,N,11,0
20550,24,95004,MORTGAGE,8.0,EDUCATION,A,16000,5.79,0.17,N,3,0
20551,23,57000,MORTGAGE,5.0,MEDICAL,A,6400,6.03,0.11,N,3,0
20552,22,66000,MORTGAGE,6.0,VENTURE,A,12000,8.9,0.18,N,3,0
20553,23,90000,MORTGAGE,7.0,EDUCATION,B,12000,11.49,0.13,N,2,0
20554,22,50000,MORTGAGE,2.0,VENTURE,A,7000,8.94,0.14,N,2,0
20555,27,70000,MORTGAGE,9.0,DEBTCONSOLIDATION,A,6000,7.66,0.09,N,8,0
20556,28,70000,MORTGAGE,3.0,VENTURE,B,15000,11.86,0.21,N,5,0
20557,23,45000,RENT,1.0,PERSONAL,C,8500,11.78,0.19,Y,3,0
20558,29,66300,MORTGAGE,6.0,MEDICAL,B,9600,11.71,0.13,N,10,1
20559,25,28800,RENT,4.0,MEDICAL,D,12250,14.59,0.43,Y,2,1
20560,27,60000,MORTGAGE,3.0,MEDICAL,A,8000,7.14,0.13,N,9,0
20561,22,69600,MORTGAGE,6.0,PERSONAL,A,1000,6.99,0.02,N,2,0
20562,22,62500,MORTGAGE,6.0,PERSONAL,A,8400,7.88,0.13,N,3,0
20563,40,49500,RENT,0.0,PERSONAL,C,2400,14.27,0.05,Y,13,0
20564,24,82500,RENT,0.0,EDUCATION,A,5000,6.76,0.06,N,2,0
20565,29,98000,MORTGAGE,12.0,EDUCATION,A,6000,7.9,0.06,N,5,0
20566,23,35000,RENT,0.0,VENTURE,B,3000,11.11,0.09,N,4,0
20567,25,60000,MORTGAGE,3.0,DEBTCONSOLIDATION,D,8000,15.99,0.13,N,2,1
20568,24,59000,RENT,5.0,MEDICAL,D,12000,14.96,0.2,N,2,1
20569,23,52108,MORTGAGE,5.0,EDUCATION,C,8000,12.99,0.15,Y,3,0
20570,30,50000,MORTGAGE,5.0,VENTURE,A,12000,7.88,0.24,N,5,0
20571,25,92000,MORTGAGE,9.0,EDUCATION,B,18000,11.48,0.2,N,2,0
20572,36,48996,RENT,2.0,PERSONAL,D,10000,14.11,0.2,N,14,1
20573,33,48996,RENT,5.0,MEDICAL,D,5000,14.96,0.1,Y,9,0
20574,26,85000,MORTGAGE,4.0,EDUCATION,B,12000,12.53,0.14,N,2,0
20575,24,65000,MORTGAGE,3.0,VENTURE,A,7000,7.88,0.11,N,2,0
20576,29,85000,MORTGAGE,0.0,HOMEIMPROVEMENT,C,10000,12.87,0.12,N,5,0
20577,24,40000,RENT,8.0,DEBTCONSOLIDATION,A,10000,8.49,0.25,N,3,0
20578,24,91800,RENT,4.0,MEDICAL,E,10000,16.32,0.09,Y,2,1
20579,24,40000,RENT,5.0,MEDICAL,C,10500,12.61,0.26,N,4,0
20580,30,64900,RENT,14.0,HOMEIMPROVEMENT,B,15000,12.53,0.22,N,6,1
20581,23,56000,RENT,3.0,HOMEIMPROVEMENT,F,12800,18.67,0.22,Y,4,1
20582,28,57000,RENT,6.0,VENTURE,A,6000,9.07,0.11,N,8,0
20583,25,93000,MORTGAGE,3.0,HOMEIMPROVEMENT,C,12000,13.48,0.13,N,4,0
20584,24,120000,MORTGAGE,8.0,PERSONAL,A,8400,7.51,0.07,N,2,0
20585,23,60000,MORTGAGE,7.0,EDUCATION,A,6000,6.99,0.1,N,3,0
20586,27,88560,MORTGAGE,11.0,EDUCATION,C,15000,12.84,0.18,Y,8,0
20587,23,55000,MORTGAGE,3.0,DEBTCONSOLIDATION,B,2500,10.59,0.05,N,2,0
20588,28,42000,RENT,2.0,MEDICAL,A,3000,5.42,0.07,N,5,0
20589,26,90000,MORTGAGE,10.0,EDUCATION,B,25000,11.99,0.28,N,3,0
20590,24,24000,RENT,1.0,EDUCATION,A,2000,7.49,0.08,N,2,0
20591,26,45000,RENT,3.0,MEDICAL,A,1500,7.51,0.03,N,3,0
20592,26,65000,MORTGAGE,10.0,EDUCATION,C,7000,13.98,0.11,Y,2,0
20593,46,36000,RENT,4.0,MEDICAL,B,1500,10.38,0.04,N,11,0
20594,22,70000,MORTGAGE,6.0,VENTURE,E,25000,17.19,0.31,N,2,0
20595,23,130000,RENT,7.0,EDUCATION,B,10000,11.49,0.08,N,3,0
20596,32,55000,RENT,4.0,HOMEIMPROVEMENT,A,8000,7.49,0.15,N,8,0
20597,31,30000,RENT,0.0,DEBTCONSOLIDATION,B,5000,12.69,0.17,N,8,0
20598,30,39000,RENT,13.0,HOMEIMPROVEMENT,C,5500,13.99,0.14,N,10,1
20599,23,54000,MORTGAGE,8.0,VENTURE,A,5000,8.63,0.09,N,2,0
20600,22,55000,MORTGAGE,3.0,EDUCATION,A,5000,8.32,0.09,N,2,0
20601,21,37000,MORTGAGE,5.0,EDUCATION,A,4500,7.49,0.12,N,2,0
20602,28,44500,MORTGAGE,2.0,VENTURE,B,15000,9.45,0.34,N,9,0
20603,27,75000,RENT,2.0,HOMEIMPROVEMENT,B,10000,10.28,0.13,N,8,0
20604,27,75000,RENT,7.0,HOMEIMPROVEMENT,B,7000,11.26,0.09,N,6,0
20605,25,75797,RENT,8.0,MEDICAL,B,5600,10.99,0.07,N,2,0
20606,21,37000,RENT,1.0,VENTURE,E,5000,17.04,0.14,Y,3,1
20607,27,58000,RENT,0.0,EDUCATION,B,10400,10.71,0.18,N,8,0
20608,23,95000,MORTGAGE,4.0,DEBTCONSOLIDATION,B,15000,10.65,0.16,N,4,0
20609,26,56700,RENT,10.0,DEBTCONSOLIDATION,A,15000,6.99,0.26,N,3,0
20610,29,39600,MORTGAGE,9.0,PERSONAL,A,5000,7.88,0.13,N,8,1
20611,22,27000,RENT,5.0,EDUCATION,B,4200,10.37,0.15,N,2,0
20612,27,55000,RENT,3.0,DEBTCONSOLIDATION,C,2200,13.49,0.04,Y,10,0
20613,33,33600,OWN,0.0,PERSONAL,D,3000,17.49,0.1,Y,6,0
20614,28,60000,MORTGAGE,3.0,PERSONAL,A,10000,8.49,0.17,N,9,0
20615,21,50000,RENT,8.0,PERSONAL,D,15000,17.58,0.3,Y,3,0
20616,55,51000,RENT,4.0,VENTURE,A,7500,6.92,0.15,N,28,0
20617,29,60000,RENT,5.0,MEDICAL,A,5000,7.9,0.08,N,5,0
20618,30,50000,RENT,13.0,HOMEIMPROVEMENT,B,2100,11.71,0.04,N,6,0
20619,27,50000,MORTGAGE,1.0,MEDICAL,A,8000,7.14,0.16,N,7,0
20620,29,56000,RENT,4.0,PERSONAL,B,12000,9.63,0.21,N,8,0
20621,24,55000,MORTGAGE,5.0,MEDICAL,B,9500,12.71,0.17,N,4,0
20622,23,31200,MORTGAGE,3.0,VENTURE,A,2100,7.74,0.07,N,3,0
20623,29,48000,MORTGAGE,11.0,MEDICAL,A,7000,7.14,0.15,N,8,0
20624,28,60000,RENT,4.0,DEBTCONSOLIDATION,C,20000,13.98,0.33,N,5,1
20625,21,30000,RENT,1.0,PERSONAL,A,5000,8.9,0.17,N,3,0
20626,26,90000,MORTGAGE,1.0,DEBTCONSOLIDATION,C,21000,14.65,0.23,Y,2,0
20627,25,31000,RENT,3.0,DEBTCONSOLIDATION,D,4000,14.11,0.13,N,4,1
20628,36,42000,RENT,0.0,PERSONAL,B,16000,11.11,0.4,N,13,1
20629,25,49200,RENT,9.0,VENTURE,D,11000,15.21,0.22,Y,2,0
20630,23,69996,RENT,7.0,PERSONAL,B,16000,11.11,0.23,N,4,0
20631,26,75000,RENT,0.0,PERSONAL,A,15000,6.91,0.2,N,3,0
20632,29,382000,MORTGAGE,13.0,EDUCATION,A,9600,5.42,0.25,N,10,0
20633,31,68500,RENT,4.0,HOMEIMPROVEMENT,A,7000,6.03,0.1,N,10,0
20634,25,108600,MORTGAGE,2.0,MEDICAL,C,6000,12.87,0.06,N,3,0
20635,26,35000,RENT,5.0,MEDICAL,B,8500,12.21,0.25,N,4,0
20636,40,86500,RENT,0.0,EDUCATION,B,10000,10.25,0.12,N,14,1
20637,25,56004,RENT,2.0,PERSONAL,B,6000,10.0,0.11,N,3,0
20638,39,54000,RENT,1.0,MEDICAL,B,6000,11.49,0.11,N,16,1
20639,27,120000,MORTGAGE,0.0,EDUCATION,B,7500,10.99,0.07,N,10,0
20640,32,64000,RENT,0.0,VENTURE,C,12000,12.87,0.19,N,9,0
20641,32,48000,RENT,0.0,VENTURE,C,5000,14.27,0.1,N,6,0
20642,31,75000,RENT,2.0,EDUCATION,C,10000,13.11,0.13,Y,5,0
20643,24,50000,RENT,1.0,PERSONAL,C,6400,12.99,0.13,Y,4,0
20644,33,65000,RENT,3.0,HOMEIMPROVEMENT,C,10000,14.27,0.15,Y,7,0
20645,29,33000,RENT,4.0,EDUCATION,A,10000,6.91,0.3,N,10,0
20646,28,70000,MORTGAGE,3.0,PERSONAL,B,3000,10.99,0.04,N,9,0
20647,31,28800,RENT,4.0,PERSONAL,A,5000,6.91,0.17,N,8,0
20648,25,45000,MORTGAGE,5.0,PERSONAL,A,15000,6.91,0.33,N,2,0
20649,25,45000,RENT,3.0,MEDICAL,B,10000,10.65,0.22,N,4,0
20650,22,90000,RENT,2.0,MEDICAL,A,8000,7.51,0.09,N,4,0
20651,29,60000,MORTGAGE,13.0,PERSONAL,A,12000,7.9,0.2,N,8,0
20652,22,59004,RENT,1.0,DEBTCONSOLIDATION,D,20000,14.59,0.34,N,3,1
20653,23,26400,RENT,7.0,VENTURE,A,6000,7.88,0.23,N,3,0
20654,27,75000,RENT,1.0,PERSONAL,B,15000,11.71,0.2,N,10,0
20655,37,104000,OWN,8.0,VENTURE,A,3000,6.17,0.03,N,13,0
20656,23,77350,MORTGAGE,7.0,EDUCATION,B,13800,11.99,0.18,N,3,0
20657,24,24168,RENT,0.0,MEDICAL,D,10625,14.09,0.41,N,3,1
20658,23,80000,RENT,0.0,VENTURE,B,14400,11.36,0.18,N,4,0
20659,25,96000,RENT,1.0,VENTURE,B,15000,10.62,0.16,N,4,0
20660,29,80000,MORTGAGE,5.0,DEBTCONSOLIDATION,A,3000,7.49,0.04,N,7,0
20661,22,60000,MORTGAGE,4.0,PERSONAL,B,10000,11.99,0.17,N,3,0
20662,27,62851,MORTGAGE,3.0,DEBTCONSOLIDATION,B,12000,10.37,0.19,N,6,0
20663,24,70000,RENT,2.0,MEDICAL,B,20000,11.71,0.29,N,2,0
20664,24,49200,RENT,8.0,DEBTCONSOLIDATION,B,4800,10.37,0.1,N,3,1
20665,23,33000,RENT,7.0,MEDICAL,B,5000,11.71,0.15,N,3,0
20666,31,72500,MORTGAGE,15.0,VENTURE,D,10000,13.17,0.14,N,8,0
20667,29,90000,MORTGAGE,13.0,PERSONAL,B,10000,10.99,0.11,N,6,0
20668,31,60000,RENT,1.0,MEDICAL,B,18000,10.25,0.3,N,8,0
20669,33,85000,MORTGAGE,8.0,EDUCATION,C,17600,13.47,0.2,N,8,0
20670,25,35000,RENT,7.0,MEDICAL,B,7000,9.91,0.19,N,2,0
20671,24,180000,OWN,2.0,HOMEIMPROVEMENT,A,6000,5.99,0.03,N,3,0
20672,25,40000,RENT,5.0,PERSONAL,A,10000,7.88,0.25,N,3,0
20673,58,36000,RENT,6.0,PERSONAL,A,13750,8.0,0.38,N,19,1
20674,27,75000,MORTGAGE,11.0,DEBTCONSOLIDATION,A,4000,6.03,0.05,N,7,0
20675,26,36000,MORTGAGE,10.0,MEDICAL,A,6400,6.76,0.18,N,4,0
20676,24,110004,MORTGAGE,2.0,HOMEIMPROVEMENT,D,24000,17.58,0.21,Y,4,0
20677,26,70000,MORTGAGE,9.0,MEDICAL,C,16000,13.99,0.23,Y,2,0
20678,27,105000,MORTGAGE,11.0,VENTURE,C,7500,11.03,0.07,Y,7,0
20679,37,39000,RENT,3.0,PERSONAL,E,5600,18.64,0.14,N,13,1
20680,29,42000,RENT,5.0,VENTURE,A,8000,7.49,0.19,N,8,0
20681,33,50000,RENT,0.0,EDUCATION,C,6400,13.49,0.13,Y,5,0
20682,24,57000,RENT,3.0,MEDICAL,B,3000,10.25,0.05,N,2,0
20683,22,42000,MORTGAGE,6.0,PERSONAL,A,1000,5.42,0.02,N,2,0
20684,22,60000,RENT,2.0,MEDICAL,A,10000,7.88,0.17,N,2,0
20685,26,47000,RENT,4.0,MEDICAL,A,15000,5.99,0.32,N,3,1
20686,31,200000,MORTGAGE,5.0,EDUCATION,B,16000,11.71,0.08,N,9,0
20687,24,52000,MORTGAGE,3.0,VENTURE,A,8000,7.88,0.15,N,2,0
20688,30,56972,MORTGAGE,8.0,PERSONAL,B,5400,9.99,0.09,N,9,1
20689,29,30000,MORTGAGE,2.0,PERSONAL,A,6400,6.76,0.21,N,7,0
20690,36,60000,RENT,5.0,MEDICAL,B,12000,10.37,0.2,N,16,0
20691,26,51600,RENT,4.0,PERSONAL,B,5000,10.0,0.1,N,3,0
20692,25,120000,MORTGAGE,3.0,VENTURE,A,8000,9.63,0.07,N,2,0
20693,25,51000,RENT,5.0,DEBTCONSOLIDATION,A,6600,7.88,0.13,N,3,0
20694,22,45000,RENT,0.0,EDUCATION,C,3000,13.85,0.07,Y,4,0
20695,23,74800,RENT,3.0,DEBTCONSOLIDATION,B,12000,11.11,0.14,N,2,1
20696,47,33000,RENT,0.0,PERSONAL,B,14000,10.75,0.43,N,16,1
20697,27,85000,MORTGAGE,9.0,PERSONAL,B,12000,9.99,0.14,N,6,0
20698,24,75000,MORTGAGE,8.0,VENTURE,A,7200,5.99,0.1,N,4,0
20699,31,92004,MORTGAGE,8.0,DEBTCONSOLIDATION,B,8000,9.63,0.09,N,10,0
20700,29,70000,MORTGAGE,4.0,HOMEIMPROVEMENT,A,12000,7.91,0.17,N,9,0
20701,23,73440,MORTGAGE,7.0,EDUCATION,B,35000,12.42,0.48,N,2,0
20702,24,50000,RENT,4.0,VENTURE,D,4400,16.77,0.09,Y,4,0
20703,22,31000,RENT,0.0,DEBTCONSOLIDATION,A,7200,5.42,0.23,N,2,0
20704,31,41004,RENT,2.0,MEDICAL,A,5000,8.0,0.12,N,5,0
20705,30,120000,MORTGAGE,8.0,VENTURE,C,15000,14.72,0.13,Y,10,0
20706,29,50000,MORTGAGE,0.0,PERSONAL,A,7500,7.88,0.15,N,9,0
20707,22,40000,RENT,2.0,DEBTCONSOLIDATION,A,6000,7.88,0.15,N,2,0
20708,25,100000,OWN,3.0,VENTURE,A,9000,5.79,0.09,N,2,0
20709,22,30000,RENT,0.0,PERSONAL,B,12000,11.83,0.4,N,3,1
20710,23,120000,MORTGAGE,7.0,EDUCATION,A,7200,6.03,0.06,N,3,0
20711,24,140787,MORTGAGE,9.0,HOMEIMPROVEMENT,A,4500,5.42,0.03,N,2,0
20712,26,40000,RENT,3.0,VENTURE,B,2000,11.71,0.05,N,3,0
20713,31,150000,MORTGAGE,3.0,HOMEIMPROVEMENT,B,9600,10.59,0.06,N,9,0
20714,23,75000,RENT,4.0,EDUCATION,C,8000,14.27,0.11,Y,3,0
20715,35,190000,OWN,9.0,HOMEIMPROVEMENT,B,16000,11.26,0.08,N,6,0
20716,25,29004,RENT,0.0,MEDICAL,A,10000,7.51,0.34,N,4,1
20717,30,55000,MORTGAGE,14.0,EDUCATION,A,10000,9.63,0.18,N,10,0
20718,26,60000,RENT,3.0,MEDICAL,A,12000,6.62,0.2,N,3,0
20719,24,30000,RENT,0.0,EDUCATION,A,1000,7.51,0.03,N,3,0
20720,35,200000,RENT,0.0,HOMEIMPROVEMENT,B,16000,11.48,0.08,N,7,0
20721,31,96000,MORTGAGE,15.0,VENTURE,B,4000,11.49,0.04,N,5,0
20722,30,38500,RENT,5.0,DEBTCONSOLIDATION,C,3000,14.27,0.08,N,7,0
20723,22,30000,RENT,0.0,DEBTCONSOLIDATION,B,4000,12.21,0.13,N,2,0
20724,28,125000,MORTGAGE,0.0,DEBTCONSOLIDATION,A,12000,7.49,0.1,N,8,0
20725,23,57996,RENT,0.0,MEDICAL,C,2100,13.61,0.04,N,3,0
20726,23,30000,MORTGAGE,5.0,EDUCATION,B,1925,10.99,0.06,N,3,0
20727,22,49000,RENT,2.0,PERSONAL,D,5000,14.96,0.1,Y,3,1
20728,29,45200,MORTGAGE,2.0,MEDICAL,C,4500,13.06,0.1,Y,10,0
20729,37,105000,RENT,5.0,PERSONAL,B,4800,10.37,0.05,N,17,0
20730,22,74000,RENT,6.0,DEBTCONSOLIDATION,A,16000,7.51,0.22,N,4,1
20731,21,27000,RENT,5.0,MEDICAL,C,6000,13.49,0.22,N,4,0
20732,22,54000,RENT,3.0,MEDICAL,B,9800,10.95,0.19,N,2,0
20733,22,90000,RENT,3.0,MEDICAL,B,12000,11.49,0.13,N,2,0
20734,24,24000,OWN,0.0,MEDICAL,A,5000,7.49,0.21,N,4,0
20735,31,68000,MORTGAGE,2.0,DEBTCONSOLIDATION,A,5000,6.99,0.07,N,5,0
20736,40,60000,MORTGAGE,5.0,PERSONAL,A,2500,7.49,0.04,N,11,0
20737,36,30000,OWN,4.0,VENTURE,A,5000,7.88,0.17,N,17,0
20738,27,42000,RENT,6.0,PERSONAL,A,3000,8.9,0.07,N,7,0
20739,23,50000,MORTGAGE,3.0,MEDICAL,C,8000,12.99,0.16,N,3,0
20740,24,92000,MORTGAGE,8.0,MEDICAL,A,10000,5.99,0.11,N,4,0
20741,24,60000,RENT,3.0,EDUCATION,B,7000,10.59,0.12,N,4,0
20742,24,95000,RENT,2.0,EDUCATION,C,7500,13.22,0.08,N,4,0
20743,27,52000,MORTGAGE,2.0,PERSONAL,A,3000,8.49,0.06,N,8,0
20744,28,100000,RENT,5.0,VENTURE,B,12000,11.71,0.12,N,7,0
20745,28,52000,RENT,12.0,HOMEIMPROVEMENT,B,11000,12.42,0.21,N,7,0
20746,27,50000,RENT,0.0,MEDICAL,A,6000,5.42,0.12,N,5,0
20747,32,130000,MORTGAGE,5.0,MEDICAL,A,6400,6.91,0.05,N,8,0
20748,27,78000,MORTGAGE,11.0,VENTURE,A,12000,6.62,0.15,N,10,0
20749,27,85000,RENT,0.0,MEDICAL,A,6000,7.49,0.07,N,6,0
20750,30,60000,RENT,4.0,EDUCATION,B,8000,11.49,0.13,N,5,0
20751,23,76000,MORTGAGE,4.0,VENTURE,A,13000,8.94,0.17,N,2,0
20752,22,36000,RENT,4.0,PERSONAL,A,5300,7.49,0.15,N,3,0
20753,23,24000,OWN,5.0,VENTURE,B,6000,11.49,0.25,N,2,0
20754,21,54000,RENT,5.0,EDUCATION,B,8000,11.83,0.15,N,3,0
20755,22,44000,RENT,0.0,MEDICAL,D,17000,13.24,0.38,Y,2,1
20756,22,56000,RENT,7.0,MEDICAL,A,11000,7.9,0.19,N,3,0
20757,24,30000,RENT,1.0,MEDICAL,A,5000,6.03,0.17,N,3,0
20758,27,60000,RENT,6.0,VENTURE,B,12000,10.65,0.2,N,7,0
20759,23,40000,OWN,3.0,EDUCATION,A,5000,7.4,0.13,N,2,0
20760,28,54000,RENT,2.0,HOMEIMPROVEMENT,D,6000,14.96,0.11,N,9,1
20761,24,62400,RENT,2.0,VENTURE,C,1500,14.17,0.02,N,3,0
20762,25,78000,MORTGAGE,5.0,VENTURE,B,8000,10.36,0.1,N,3,0
20763,23,69600,OWN,7.0,VENTURE,A,1925,6.99,0.03,N,3,0
20764,26,87220,MORTGAGE,2.0,DEBTCONSOLIDATION,B,3000,12.69,0.03,N,2,0
20765,22,35000,MORTGAGE,7.0,PERSONAL,A,5000,5.99,0.14,N,2,0
20766,21,30000,OWN,0.0,PERSONAL,B,3000,9.63,0.1,N,2,0
20767,23,42000,RENT,1.0,PERSONAL,D,6000,15.62,0.14,N,3,1
20768,29,50000,RENT,1.0,HOMEIMPROVEMENT,A,4000,6.03,0.08,N,10,0
20769,23,57996,RENT,3.0,MEDICAL,A,13000,6.91,0.23,N,3,0
20770,22,36000,RENT,3.0,PERSONAL,B,12000,10.74,0.33,N,2,1
20771,31,55000,MORTGAGE,3.0,EDUCATION,A,8000,8.0,0.15,N,10,0
20772,30,50000,MORTGAGE,2.0,MEDICAL,B,10750,11.12,0.21,N,9,0
20773,24,45888,RENT,5.0,EDUCATION,A,9000,5.79,0.2,N,2,0
20774,27,62000,MORTGAGE,11.0,HOMEIMPROVEMENT,B,10000,11.71,0.16,N,7,0
20775,24,45000,RENT,8.0,DEBTCONSOLIDATION,A,5000,7.51,0.11,N,2,0
20776,27,30000,RENT,2.0,EDUCATION,B,3000,10.75,0.1,N,6,0
20777,25,75500,RENT,3.0,VENTURE,B,7000,10.59,0.09,N,3,0
20778,25,102000,MORTGAGE,0.0,VENTURE,B,10000,10.95,0.1,N,4,0
20779,23,30000,MORTGAGE,7.0,VENTURE,B,4000,10.99,0.13,N,2,0
20780,22,50000,MORTGAGE,6.0,VENTURE,A,15000,8.49,0.3,N,4,0
20781,25,50280,MORTGAGE,4.0,HOMEIMPROVEMENT,A,10000,9.63,0.2,N,3,0
20782,29,59600,MORTGAGE,8.0,PERSONAL,A,1800,5.42,0.03,N,10,0
20783,24,63000,MORTGAGE,8.0,EDUCATION,A,12000,7.51,0.19,N,2,0
20784,28,31000,RENT,0.0,PERSONAL,B,3000,10.65,0.1,N,10,1
20785,24,72000,MORTGAGE,8.0,PERSONAL,C,8000,13.49,0.11,N,4,0
20786,28,60000,RENT,12.0,HOMEIMPROVEMENT,D,10000,15.62,0.17,Y,5,0
20787,27,63000,MORTGAGE,3.0,PERSONAL,C,15000,13.16,0.24,Y,7,0
20788,35,62000,RENT,6.0,VENTURE,B,8400,12.18,0.13,N,6,0
20789,23,65000,RENT,1.0,PERSONAL,C,1200,13.06,0.02,Y,3,0
20790,24,59000,RENT,1.0,DEBTCONSOLIDATION,B,10000,9.63,0.17,N,3,0
20791,28,44720,RENT,0.0,MEDICAL,B,6000,12.69,0.13,N,8,0
20792,26,44000,RENT,2.0,PERSONAL,C,4800,13.57,0.11,Y,4,1
20793,25,50000,RENT,6.0,PERSONAL,C,16000,13.99,0.32,Y,3,1
20794,26,100000,MORTGAGE,2.0,DEBTCONSOLIDATION,B,15000,11.99,0.15,N,2,0
20795,23,14400,RENT,0.0,EDUCATION,C,1500,12.84,0.1,Y,2,0
20796,31,30000,MORTGAGE,1.0,HOMEIMPROVEMENT,C,11200,11.66,0.36,Y,6,1
20797,23,150000,RENT,5.0,PERSONAL,D,12000,14.61,0.08,N,4,0
20798,23,60000,MORTGAGE,7.0,VENTURE,D,12000,16.77,0.2,N,4,0
20799,40,29000,RENT,0.0,EDUCATION,A,1000,8.0,0.03,N,12,0
20800,36,40000,RENT,17.0,DEBTCONSOLIDATION,A,10000,7.88,0.25,N,11,0
20801,27,42000,MORTGAGE,3.0,DEBTCONSOLIDATION,B,10000,10.65,0.24,N,10,0
20802,27,50000,RENT,11.0,MEDICAL,B,6000,9.91,0.12,N,10,0
20803,23,46000,RENT,2.0,PERSONAL,B,18250,10.75,0.38,N,4,1
20804,33,80000,MORTGAGE,2.0,PERSONAL,A,6000,6.17,0.07,N,6,0
20805,41,46000,RENT,2.0,PERSONAL,C,4000,12.53,0.09,N,11,0
20806,27,45727,RENT,3.0,MEDICAL,A,1000,7.29,0.02,N,6,0
20807,22,54500,MORTGAGE,7.0,EDUCATION,A,6000,6.91,0.11,N,3,0
20808,32,75000,MORTGAGE,5.0,MEDICAL,A,10000,7.51,0.13,N,10,0
20809,21,45000,RENT,3.0,VENTURE,A,10000,8.49,0.22,N,4,0
20810,23,70000,MORTGAGE,4.0,EDUCATION,A,6000,7.14,0.09,N,3,0
20811,41,60000,RENT,3.0,VENTURE,C,5000,12.73,0.08,Y,16,0
20812,26,160000,OWN,0.0,VENTURE,B,17400,11.71,0.11,N,4,0
20813,21,37000,RENT,0.0,DEBTCONSOLIDATION,B,2000,10.65,0.05,N,4,0
20814,24,55000,OWN,8.0,EDUCATION,D,8000,15.28,0.15,N,3,0
20815,28,45000,RENT,0.0,MEDICAL,A,7000,8.94,0.16,N,5,0
20816,24,50000,RENT,1.0,HOMEIMPROVEMENT,B,9600,12.69,0.19,N,4,0
20817,23,85000,MORTGAGE,2.0,VENTURE,A,12000,7.88,0.14,N,4,0
20818,30,90000,MORTGAGE,1.0,PERSONAL,A,12000,6.03,0.13,N,5,0
20819,25,70000,OWN,0.0,EDUCATION,B,15000,11.86,0.21,N,4,0
20820,27,78000,RENT,4.0,DEBTCONSOLIDATION,B,12000,11.71,0.15,N,6,0
20821,23,30000,RENT,7.0,MEDICAL,D,10000,15.65,0.33,N,3,1
20822,25,153000,MORTGAGE,1.0,DEBTCONSOLIDATION,A,16800,6.99,0.12,N,4,0
20823,25,88000,MORTGAGE,9.0,PERSONAL,C,9600,13.48,0.11,Y,2,0
20824,31,50000,RENT,4.0,DEBTCONSOLIDATION,B,3000,11.71,0.06,N,10,0
20825,22,55000,RENT,4.0,EDUCATION,C,4000,14.27,0.07,Y,4,0
20826,23,26400,RENT,8.0,DEBTCONSOLIDATION,A,8875,7.9,0.34,N,4,1
20827,31,50000,RENT,4.0,HOMEIMPROVEMENT,B,3600,11.86,0.07,N,10,0
20828,37,70000,RENT,4.0,DEBTCONSOLIDATION,A,7000,8.49,0.1,N,17,0
20829,25,80000,MORTGAGE,9.0,PERSONAL,A,5000,6.99,0.06,N,4,0
20830,27,60000,RENT,6.0,EDUCATION,B,10000,11.71,0.17,N,7,0
20831,23,30000,RENT,3.0,DEBTCONSOLIDATION,B,10000,11.71,0.33,N,2,1
20832,29,42000,RENT,9.0,DEBTCONSOLIDATION,A,18200,7.29,0.4,N,8,1
20833,28,38400,RENT,2.0,MEDICAL,C,6000,13.49,0.16,N,5,0
20834,22,25000,RENT,0.0,DEBTCONSOLIDATION,B,3000,11.86,0.12,N,3,0
20835,24,60000,RENT,4.0,HOMEIMPROVEMENT,B,8400,9.99,0.14,N,3,0
20836,24,54000,MORTGAGE,5.0,HOMEIMPROVEMENT,C,8000,13.23,0.15,N,4,1
20837,21,32000,RENT,6.0,EDUCATION,B,12000,10.99,0.38,N,2,1
20838,22,87000,MORTGAGE,2.0,EDUCATION,C,20000,13.48,0.23,N,4,0
20839,38,47000,RENT,5.0,EDUCATION,C,16400,13.57,0.36,N,15,1
20840,23,39240,RENT,0.0,DEBTCONSOLIDATION,C,1800,12.73,0.05,N,3,0
20841,26,51852,MORTGAGE,9.0,PERSONAL,A,10200,6.03,0.19,N,3,0
20842,24,90000,MORTGAGE,8.0,HOMEIMPROVEMENT,A,6000,6.99,0.07,N,2,0
20843,23,43500,RENT,0.0,EDUCATION,C,3000,12.61,0.07,Y,3,0
20844,29,90000,MORTGAGE,4.0,HOMEIMPROVEMENT,A,10000,6.99,0.11,N,9,0
20845,28,48000,RENT,7.0,PERSONAL,C,10000,13.61,0.21,Y,6,0
20846,22,37200,RENT,5.0,EDUCATION,A,7000,7.14,0.19,N,2,0
20847,32,33600,RENT,5.0,VENTURE,C,6000,13.49,0.18,Y,8,0
20848,27,50000,RENT,11.0,PERSONAL,A,5000,7.14,0.1,N,9,0
20849,23,70000,RENT,7.0,EDUCATION,A,6000,7.49,0.09,N,2,0
20850,25,43000,RENT,0.0,VENTURE,B,6000,10.25,0.14,N,4,0
20851,28,50000,MORTGAGE,0.0,EDUCATION,A,4000,7.14,0.08,N,7,0
20852,31,52000,RENT,2.0,HOMEIMPROVEMENT,A,12000,6.62,0.23,N,7,0
20853,25,35000,RENT,4.0,PERSONAL,A,2400,8.0,0.07,N,3,0
20854,22,34000,MORTGAGE,2.0,DEBTCONSOLIDATION,B,10000,10.37,0.29,N,4,0
20855,27,80000,MORTGAGE,3.0,PERSONAL,B,12000,11.14,0.15,N,9,0
20856,22,100000,MORTGAGE,6.0,VENTURE,A,9500,5.79,0.09,N,2,0
20857,29,90000,MORTGAGE,8.0,PERSONAL,B,12000,12.42,0.13,N,8,0
20858,24,48000,RENT,0.0,EDUCATION,A,8000,5.99,0.17,N,4,1
20859,23,45000,RENT,3.0,VENTURE,B,4000,9.25,0.09,N,4,0
20860,21,37000,RENT,2.0,EDUCATION,A,7000,7.14,0.19,N,3,0
20861,24,45996,RENT,2.0,MEDICAL,B,2000,12.53,0.04,N,2,0
20862,26,42000,MORTGAGE,5.0,MEDICAL,A,10000,7.88,0.24,N,4,0
20863,24,43200,MORTGAGE,8.0,DEBTCONSOLIDATION,B,8500,10.59,0.2,N,4,0
20864,24,40944,RENT,0.0,MEDICAL,B,8200,11.36,0.2,N,8,0
20865,25,49200,RENT,2.0,MEDICAL,C,10000,13.23,0.2,Y,3,0
20866,26,42000,RENT,4.0,EDUCATION,C,15000,13.47,0.36,N,2,1
20867,28,38000,MORTGAGE,2.0,VENTURE,A,10000,7.88,0.26,N,6,0
20868,23,50000,RENT,2.0,EDUCATION,C,7000,14.35,0.14,Y,4,0
20869,24,74004,MORTGAGE,6.0,PERSONAL,D,25000,15.95,0.34,N,4,0
20870,27,73000,MORTGAGE,1.0,HOMEIMPROVEMENT,B,1000,12.69,0.01,N,7,0
20871,25,60000,RENT,9.0,HOMEIMPROVEMENT,C,5000,13.98,0.08,Y,2,0
20872,23,54000,MORTGAGE,7.0,PERSONAL,B,6000,11.86,0.11,N,3,0
20873,28,51000,MORTGAGE,3.0,HOMEIMPROVEMENT,A,2000,8.49,0.04,N,10,0
20874,29,47000,RENT,13.0,MEDICAL,B,6000,10.62,0.13,N,9,0
20875,28,115000,RENT,5.0,PERSONAL,A,7500,7.49,0.06,N,6,0
20876,24,56000,MORTGAGE,8.0,VENTURE,A,20000,6.99,0.36,N,2,0
20877,25,25000,MORTGAGE,1.0,VENTURE,A,10000,7.66,0.4,N,2,0
20878,23,80000,MORTGAGE,7.0,VENTURE,B,7500,11.14,0.09,N,3,0
20879,22,103000,MORTGAGE,6.0,DEBTCONSOLIDATION,D,12800,15.7,0.12,Y,4,1
20880,41,60000,MORTGAGE,8.0,MEDICAL,B,10000,10.25,0.17,N,15,0
20881,26,68004,RENT,10.0,MEDICAL,B,6000,10.99,0.09,N,3,0
20882,32,62000,MORTGAGE,3.0,VENTURE,A,5000,5.79,0.08,N,10,0
20883,22,62000,RENT,2.0,PERSONAL,B,10000,11.71,0.16,N,2,0
20884,23,75000,OWN,7.0,MEDICAL,A,12000,7.29,0.16,N,4,0
20885,37,70000,MORTGAGE,4.0,EDUCATION,A,4000,7.9,0.06,N,13,0
20886,24,80000,MORTGAGE,8.0,VENTURE,C,5000,14.27,0.06,Y,3,0
20887,25,40000,RENT,9.0,VENTURE,C,8000,13.49,0.2,Y,4,0
20888,36,60000,MORTGAGE,3.0,HOMEIMPROVEMENT,C,10200,13.92,0.17,N,11,0
20889,29,60000,MORTGAGE,13.0,EDUCATION,A,7000,8.9,0.12,N,9,0
20890,30,50000,RENT,4.0,VENTURE,C,10000,13.49,0.2,Y,5,0
20891,29,73000,RENT,2.0,DEBTCONSOLIDATION,F,20675,20.89,0.28,Y,5,1
20892,26,53000,RENT,10.0,DEBTCONSOLIDATION,B,2500,8.88,0.05,N,3,0
20893,24,42000,RENT,4.0,MEDICAL,A,3000,7.49,0.07,N,4,0
20894,24,60000,RENT,8.0,MEDICAL,C,15000,13.49,0.25,N,3,0
20895,27,72000,MORTGAGE,6.0,PERSONAL,A,5000,7.14,0.07,N,10,0
20896,28,242400,MORTGAGE,12.0,HOMEIMPROVEMENT,B,35000,11.71,0.15,N,10,1
20897,33,40000,RENT,6.0,PERSONAL,D,8150,14.96,0.2,Y,7,0
20898,23,120000,MORTGAGE,1.0,EDUCATION,D,20000,14.84,0.17,Y,3,0
20899,24,37000,RENT,0.0,EDUCATION,B,10000,11.89,0.27,N,3,0
20900,23,50000,RENT,5.0,MEDICAL,B,6000,11.99,0.12,N,3,0
20901,22,14400,OWN,0.0,PERSONAL,B,6000,9.63,0.04,N,4,0
20902,28,87600,MORTGAGE,4.0,EDUCATION,A,3400,8.49,0.04,N,6,0
20903,22,36000,RENT,4.0,MEDICAL,B,4800,11.71,0.13,N,3,0
20904,29,70000,MORTGAGE,13.0,EDUCATION,A,14000,6.03,0.2,N,10,0
20905,42,55000,OWN,6.0,EDUCATION,C,15000,14.27,0.28,Y,12,0
20906,22,63000,MORTGAGE,6.0,EDUCATION,B,6000,11.83,0.1,N,4,0
20907,27,59000,RENT,11.0,MEDICAL,B,10000,10.2,0.17,N,6,0
20908,22,66000,MORTGAGE,3.0,EDUCATION,A,8500,7.51,0.13,N,2,0
20909,29,32000,RENT,0.0,VENTURE,B,6000,11.49,0.19,N,7,0
20910,29,60000,RENT,4.0,PERSONAL,B,10000,10.37,0.17,N,7,0
20911,22,60000,MORTGAGE,1.0,VENTURE,A,8000,6.03,0.13,N,2,0
20912,23,85000,MORTGAGE,4.0,EDUCATION,A,9600,6.03,0.11,N,3,0
20913,27,60000,MORTGAGE,0.0,MEDICAL,A,6000,6.62,0.1,N,5,0
20914,39,93000,MORTGAGE,1.0,DEBTCONSOLIDATION,D,12000,14.54,0.13,N,12,1
20915,23,38000,RENT,3.0,DEBTCONSOLIDATION,C,5200,13.49,0.14,N,2,0
20916,25,43000,RENT,2.0,MEDICAL,A,13800,7.88,0.31,N,3,1
20917,23,40000,MORTGAGE,7.0,EDUCATION,A,6000,7.4,0.15,N,2,0
20918,30,93500,MORTGAGE,2.0,VENTURE,D,12000,15.21,0.13,Y,7,0
20919,25,65000,RENT,1.0,DEBTCONSOLIDATION,B,5000,11.36,0.08,N,3,0
20920,27,97750,MORTGAGE,9.0,MEDICAL,B,14000,11.99,0.15,N,8,1
20921,28,100000,MORTGAGE,0.0,DEBTCONSOLIDATION,A,8000,8.32,0.08,N,9,0
20922,25,25000,RENT,4.0,DEBTCONSOLIDATION,A,1600,7.88,0.06,N,2,0
20923,29,80000,MORTGAGE,7.0,DEBTCONSOLIDATION,C,5000,13.61,0.06,N,10,0
20924,23,60000,RENT,7.0,EDUCATION,C,24250,11.66,0.39,N,3,1
20925,24,37200,RENT,6.0,DEBTCONSOLIDATION,C,5000,13.49,0.13,Y,3,0
20926,24,70000,MORTGAGE,4.0,EDUCATION,B,2000,9.91,0.03,N,2,0
20927,34,60000,MORTGAGE,18.0,EDUCATION,D,4000,16.29,0.07,Y,5,0
20928,24,55000,RENT,5.0,DEBTCONSOLIDATION,B,1800,11.12,0.03,N,4,0
20929,26,78000,RENT,10.0,MEDICAL,C,25000,13.22,0.32,N,3,1
20930,22,140000,MORTGAGE,0.0,DEBTCONSOLIDATION,B,7500,10.99,0.05,N,3,0
20931,25,96000,RENT,1.0,MEDICAL,A,9500,7.51,0.1,N,4,0
20932,27,62400,RENT,5.0,MEDICAL,A,12000,6.91,0.19,N,5,0
20933,25,45000,MORTGAGE,5.0,HOMEIMPROVEMENT,C,3600,13.16,0.08,Y,2,0
20934,39,26000,OWN,0.0,MEDICAL,C,5000,12.87,0.19,Y,17,0
20935,35,47000,RENT,9.0,MEDICAL,D,9500,14.84,0.2,Y,10,0
20936,27,38400,RENT,0.0,MEDICAL,B,6000,9.25,0.16,N,9,0
20937,40,79701,MORTGAGE,16.0,MEDICAL,D,25000,15.99,0.34,N,17,1
20938,39,37000,RENT,0.0,VENTURE,B,8000,10.95,0.22,N,17,0
20939,24,200000,MORTGAGE,2.0,PERSONAL,B,15000,11.58,0.07,N,3,0
20940,21,28800,RENT,5.0,EDUCATION,A,6000,7.51,0.21,N,3,0
20941,27,60000,MORTGAGE,0.0,DEBTCONSOLIDATION,B,6000,11.58,0.1,N,9,0
20942,26,62500,RENT,2.0,DEBTCONSOLIDATION,B,7200,11.48,0.12,N,4,0
20943,25,51648,RENT,9.0,VENTURE,B,15000,11.86,0.29,N,3,0
20944,37,50000,MORTGAGE,9.0,EDUCATION,A,12000,7.51,0.24,N,12,0
20945,22,80000,MORTGAGE,7.0,EDUCATION,A,6000,6.99,0.07,N,4,0
20946,26,85000,RENT,10.0,VENTURE,B,4200,9.99,0.05,N,3,0
20947,32,18000,RENT,0.0,HOMEIMPROVEMENT,B,1000,10.99,0.05,N,7,1
20948,24,44000,MORTGAGE,0.0,EDUCATION,A,4000,7.14,0.09,N,4,0
20949,31,36000,MORTGAGE,15.0,HOMEIMPROVEMENT,C,16750,13.61,0.47,Y,6,0
20950,28,65000,MORTGAGE,12.0,MEDICAL,B,15000,10.75,0.23,N,8,0
20951,27,160000,MORTGAGE,3.0,MEDICAL,B,35000,9.99,0.22,N,10,0
20952,25,61000,MORTGAGE,3.0,DEBTCONSOLIDATION,B,7500,11.83,0.13,N,3,0
20953,40,130000,MORTGAGE,6.0,MEDICAL,B,11800,11.14,0.09,N,13,0
20954,28,68004,OWN,5.0,MEDICAL,B,3500,11.83,0.05,N,8,0
20955,24,40000,RENT,1.0,EDUCATION,B,3600,9.63,0.09,N,3,0
20956,34,50000,RENT,3.0,DEBTCONSOLIDATION,A,6000,5.79,0.12,N,9,0
20957,32,55000,RENT,7.0,EDUCATION,B,7000,11.71,0.13,N,7,0
20958,36,64000,MORTGAGE,8.0,EDUCATION,D,8000,15.62,0.13,Y,15,1
20959,33,82000,MORTGAGE,3.0,HOMEIMPROVEMENT,C,10000,14.79,0.12,Y,6,0
20960,28,40000,RENT,5.0,MEDICAL,C,10000,13.49,0.25,Y,6,0
20961,34,70000,MORTGAGE,19.0,PERSONAL,A,4000,7.74,0.06,N,8,0
20962,32,54996,RENT,4.0,MEDICAL,D,8000,14.42,0.15,Y,7,1
20963,25,45996,RENT,2.0,VENTURE,C,18000,12.84,0.38,Y,2,1
20964,28,102000,MORTGAGE,12.0,PERSONAL,A,20000,6.54,0.2,N,7,0
20965,21,60000,RENT,0.0,EDUCATION,A,12000,6.91,0.2,N,2,0
20966,22,48000,RENT,6.0,PERSONAL,A,5000,6.91,0.1,N,3,0
20967,30,58000,RENT,13.0,VENTURE,C,14000,13.79,0.24,N,8,0
20968,24,100000,RENT,5.0,DEBTCONSOLIDATION,C,18000,10.59,0.18,N,4,0
20969,23,58650,MORTGAGE,6.0,MEDICAL,D,25000,15.58,0.36,N,4,1
20970,34,52000,MORTGAGE,4.0,HOMEIMPROVEMENT,A,5000,7.51,0.1,N,7,0
20971,39,45000,MORTGAGE,4.0,EDUCATION,A,6000,6.62,0.13,N,11,0
20972,37,84996,MORTGAGE,6.0,PERSONAL,A,2500,6.03,0.03,N,13,0
20973,27,30000,MORTGAGE,11.0,PERSONAL,A,6000,7.49,0.2,N,6,0
20974,24,28800,OWN,8.0,EDUCATION,A,8000,7.66,0.28,N,4,0
20975,22,30000,RENT,6.0,PERSONAL,A,15000,6.62,0.52,N,4,1
20976,24,91800,MORTGAGE,8.0,MEDICAL,B,25000,12.18,0.23,N,4,1
20977,53,85000,RENT,1.0,PERSONAL,A,6000,5.42,0.07,N,25,0
20978,24,130000,MORTGAGE,8.0,EDUCATION,A,7000,6.62,0.05,N,4,0
20979,31,168000,RENT,15.0,EDUCATION,C,10000,15.27,0.06,N,6,0
20980,23,66000,MORTGAGE,7.0,PERSONAL,A,11000,7.49,0.17,N,3,0
20981,24,30000,RENT,2.0,MEDICAL,A,7000,7.9,0.23,N,3,0
20982,25,110000,MORTGAGE,3.0,EDUCATION,B,8000,10.99,0.07,N,2,0
20983,28,120000,RENT,6.0,EDUCATION,B,12000,12.42,0.1,N,9,0
20984,32,80000,MORTGAGE,14.0,EDUCATION,D,15000,15.62,0.19,N,6,0
20985,25,48000,MORTGAGE,5.0,MEDICAL,A,5000,7.88,0.1,N,2,0
20986,27,65000,RENT,0.0,DEBTCONSOLIDATION,B,5600,9.99,0.09,N,5,0
20987,25,73000,RENT,9.0,PERSONAL,B,25000,11.99,0.34,N,4,1
20988,22,28000,MORTGAGE,5.0,DEBTCONSOLIDATION,A,2375,6.92,0.09,N,4,0
20989,23,108000,MORTGAGE,5.0,MEDICAL,C,15000,13.57,0.14,Y,3,0
20990,38,290000,MORTGAGE,1.0,MEDICAL,C,10000,13.47,0.03,N,13,0
20991,28,106925,MORTGAGE,12.0,EDUCATION,B,6000,9.99,0.06,N,9,0
20992,31,138000,MORTGAGE,0.0,DEBTCONSOLIDATION,D,30000,14.91,0.2,N,5,1
20993,24,42000,RENT,4.0,VENTURE,D,8000,14.91,0.19,N,4,0
20994,23,55000,RENT,3.0,EDUCATION,B,4000,11.49,0.07,N,2,0
20995,23,33280,MORTGAGE,5.0,EDUCATION,B,10000,12.69,0.3,N,3,0
20996,34,287300,RENT,1.0,MEDICAL,A,15000,7.4,0.04,N,8,1
20997,36,48000,RENT,2.0,MEDICAL,C,3000,13.92,0.06,N,11,0
20998,42,140300,MORTGAGE,6.0,MEDICAL,C,6000,14.27,0.04,N,17,0
20999,28,59000,OWN,7.0,PERSONAL,B,5000,10.62,0.08,N,6,0
21000,25,59004,RENT,1.0,HOMEIMPROVEMENT,D,20000,14.59,0.34,Y,2,1
21001,23,50000,OWN,2.0,EDUCATION,C,9600,13.99,0.19,N,4,0
21002,25,60000,RENT,7.0,DEBTCONSOLIDATION,B,6000,11.49,0.1,N,4,0
21003,23,32000,RENT,6.0,EDUCATION,A,12000,7.49,0.38,N,4,1
21004,26,75000,MORTGAGE,10.0,PERSONAL,A,9000,7.42,0.12,N,3,0
21005,29,75000,MORTGAGE,13.0,PERSONAL,C,9000,12.99,0.12,Y,10,0
21006,26,120000,MORTGAGE,10.0,DEBTCONSOLIDATION,A,12000,7.88,0.1,N,2,0
21007,32,72000,MORTGAGE,13.0,MEDICAL,A,8000,7.14,0.11,N,10,0
21008,22,57721,MORTGAGE,5.0,DEBTCONSOLIDATION,A,16000,7.88,0.27,N,2,0
21009,29,85000,MORTGAGE,14.0,HOMEIMPROVEMENT,A,9600,5.99,0.11,N,9,0
21010,24,47211,OWN,8.0,EDUCATION,A,10000,8.9,0.21,N,2,0
21011,23,42000,MORTGAGE,4.0,MEDICAL,A,4000,5.42,0.1,N,2,0
21012,22,90000,MORTGAGE,6.0,VENTURE,C,12000,12.99,0.13,Y,2,0
21013,38,38000,RENT,0.0,MEDICAL,C,7000,13.49,0.18,N,12,0
21014,24,115000,RENT,3.0,PERSONAL,B,12000,11.86,0.1,N,4,0
21015,23,50000,RENT,2.0,VENTURE,B,4000,10.62,0.08,N,3,0
21016,30,60000,RENT,16.0,MEDICAL,A,9600,7.88,0.16,N,6,0
21017,22,96000,MORTGAGE,6.0,VENTURE,B,5000,10.62,0.05,N,2,0
21018,24,55000,RENT,8.0,EDUCATION,A,8000,8.49,0.15,N,2,0
21019,22,60000,OWN,2.0,VENTURE,A,5000,8.9,0.08,N,4,0
21020,28,29000,MORTGAGE,11.0,DEBTCONSOLIDATION,E,15250,16.7,0.52,N,6,1
21021,23,75000,MORTGAGE,1.0,EDUCATION,A,6500,6.99,0.09,N,4,0
21022,29,60000,MORTGAGE,7.0,MEDICAL,B,6000,11.49,0.1,N,7,0
21023,24,52000,RENT,8.0,MEDICAL,A,14000,6.91,0.27,N,3,0
21024,22,92000,MORTGAGE,6.0,DEBTCONSOLIDATION,B,12000,10.99,0.13,N,4,0
21025,22,55000,MORTGAGE,2.0,PERSONAL,A,5000,6.62,0.09,N,3,0
21026,30,36000,RENT,5.0,DEBTCONSOLIDATION,C,10000,13.48,0.28,N,7,0
21027,21,15000,OWN,0.0,EDUCATION,C,1000,14.35,0.07,N,3,0
21028,26,40000,MORTGAGE,5.0,EDUCATION,A,14000,7.49,0.35,N,3,0
21029,30,170000,MORTGAGE,7.0,DEBTCONSOLIDATION,B,20000,11.11,0.12,N,8,0
21030,22,42000,RENT,2.0,EDUCATION,D,5000,15.58,0.12,N,2,1
21031,32,780000,MORTGAGE,4.0,MEDICAL,A,10000,8.94,0.01,N,8,0
21032,23,72000,RENT,1.0,EDUCATION,B,10000,9.91,0.14,N,4,0
21033,30,22000,RENT,6.0,MEDICAL,B,4500,11.49,0.21,N,5,0
21034,25,34000,RENT,5.0,HOMEIMPROVEMENT,C,7500,13.11,0.22,N,3,1
21035,29,102300,MORTGAGE,3.0,MEDICAL,D,10000,15.65,0.1,Y,9,1
21036,30,55000,RENT,2.0,HOMEIMPROVEMENT,A,8000,9.32,0.15,N,9,0
21037,25,63000,RENT,9.0,VENTURE,B,2500,9.91,0.04,N,3,0
21038,25,60000,MORTGAGE,5.0,VENTURE,B,7200,12.69,0.12,N,3,0
21039,22,65000,MORTGAGE,2.0,EDUCATION,A,6000,6.03,0.09,N,3,0
21040,22,38700,RENT,6.0,MEDICAL,E,8000,17.14,0.21,N,4,1
21041,26,58000,RENT,1.0,VENTURE,B,13400,10.25,0.22,N,2,0
21042,23,60000,RENT,3.0,EDUCATION,C,6000,12.99,0.1,Y,2,0
21043,22,40000,MORTGAGE,3.0,VENTURE,B,6000,10.37,0.15,N,3,0
21044,33,115000,RENT,3.0,EDUCATION,C,20000,12.53,0.17,N,5,0
21045,24,85000,MORTGAGE,8.0,EDUCATION,A,8400,6.62,0.1,N,4,0
21046,22,25000,RENT,5.0,EDUCATION,A,1800,7.14,0.07,N,3,0
21047,26,60000,RENT,4.0,PERSONAL,B,12000,12.21,0.2,N,2,0
21048,22,100000,MORTGAGE,6.0,DEBTCONSOLIDATION,A,5000,7.51,0.05,N,3,0
21049,26,56605,MORTGAGE,10.0,MEDICAL,B,16000,10.99,0.27,N,4,0
21050,26,160000,MORTGAGE,8.0,VENTURE,C,35000,13.49,0.22,Y,2,0
21051,23,80796,MORTGAGE,3.0,HOMEIMPROVEMENT,A,5000,7.29,0.06,N,4,0
21052,23,64000,MORTGAGE,0.0,EDUCATION,B,4800,10.37,0.08,N,3,0
21053,29,113000,MORTGAGE,13.0,HOMEIMPROVEMENT,B,25000,11.36,0.22,N,9,0
21054,58,70000,RENT,5.0,PERSONAL,A,4500,7.49,0.06,N,19,0
21055,25,60000,MORTGAGE,9.0,MEDICAL,B,13500,9.99,0.23,N,2,0
21056,23,73500,RENT,7.0,EDUCATION,A,6000,6.03,0.08,N,3,0
21057,31,62000,RENT,4.0,VENTURE,B,12000,11.71,0.19,N,7,0
21058,36,70000,MORTGAGE,3.0,HOMEIMPROVEMENT,D,2875,16.29,0.04,N,13,0
21059,23,64800,RENT,5.0,VENTURE,B,2500,9.91,0.04,N,3,0
21060,23,52000,MORTGAGE,6.0,EDUCATION,B,12000,11.11,0.23,N,2,0
21061,29,64600,RENT,1.0,PERSONAL,B,7200,11.99,0.1,N,10,1
21062,24,60000,MORTGAGE,0.0,EDUCATION,B,8400,11.89,0.14,N,3,0
21063,27,64000,MORTGAGE,2.0,DEBTCONSOLIDATION,A,9000,6.92,0.14,N,5,0
21064,23,47233,RENT,7.0,DEBTCONSOLIDATION,B,5000,10.38,0.11,N,4,0
21065,48,37000,OWN,0.0,EDUCATION,C,18500,13.16,0.47,N,13,0
21066,23,90000,MORTGAGE,7.0,VENTURE,A,7000,6.62,0.08,N,2,0
21067,24,60000,MORTGAGE,3.0,EDUCATION,D,9600,15.65,0.16,N,4,0
21068,22,65000,MORTGAGE,3.0,EDUCATION,A,6000,7.51,0.09,N,2,0
21069,23,112500,RENT,1.0,EDUCATION,B,8400,11.14,0.08,N,4,0
21070,22,40000,MORTGAGE,6.0,MEDICAL,B,6000,11.99,0.15,N,2,0
21071,36,78000,MORTGAGE,19.0,HOMEIMPROVEMENT,B,10000,10.37,0.13,N,15,0
21072,21,61900,MORTGAGE,0.0,DEBTCONSOLIDATION,A,1500,6.54,0.03,N,2,0
21073,41,65000,MORTGAGE,3.0,HOMEIMPROVEMENT,B,10000,10.65,0.15,N,16,0
21074,25,60000,MORTGAGE,4.0,MEDICAL,A,10000,7.88,0.17,N,2,0
21075,29,55000,RENT,0.0,VENTURE,B,6000,11.49,0.11,N,6,0
21076,27,72400,MORTGAGE,4.0,PERSONAL,A,3000,7.9,0.04,N,6,0
21077,30,38400,MORTGAGE,1.0,PERSONAL,B,10000,9.91,0.26,N,10,0
21078,22,80004,RENT,6.0,MEDICAL,B,15000,11.71,0.19,N,2,0
21079,26,25000,RENT,2.0,MEDICAL,B,8000,9.91,0.32,N,3,1
21080,41,72000,MORTGAGE,2.0,DEBTCONSOLIDATION,C,6000,15.23,0.08,Y,15,0
21081,27,63000,MORTGAGE,3.0,MEDICAL,B,18000,10.38,0.27,N,8,0
21082,26,65000,RENT,3.0,HOMEIMPROVEMENT,B,20000,9.99,0.31,N,4,0
21083,23,29952,RENT,0.0,HOMEIMPROVEMENT,D,6250,14.54,0.2,N,4,1
21084,31,36000,RENT,0.0,VENTURE,B,6000,11.11,0.17,N,7,0
21085,25,35220,RENT,0.0,MEDICAL,B,10500,11.89,0.3,N,3,0
21086,26,49920,RENT,3.0,PERSONAL,D,10000,15.37,0.2,Y,2,0
21087,24,32000,RENT,5.0,MEDICAL,C,10000,13.49,0.31,Y,3,0
21088,24,89000,MORTGAGE,8.0,EDUCATION,A,14000,6.03,0.16,N,4,0
21089,30,50000,RENT,6.0,EDUCATION,A,6000,6.62,0.12,N,8,0
21090,36,33000,MORTGAGE,2.0,HOMEIMPROVEMENT,B,9600,11.99,0.27,N,16,0
21091,25,60000,MORTGAGE,9.0,VENTURE,B,10000,11.71,0.17,N,3,0
21092,26,51996,RENT,0.0,PERSONAL,B,12000,10.74,0.23,N,3,0
21093,24,50000,MORTGAGE,8.0,DEBTCONSOLIDATION,A,9600,7.51,0.19,N,4,0
21094,24,30000,RENT,0.0,PERSONAL,B,3000,10.99,0.1,N,2,0
21095,23,90000,RENT,1.0,DEBTCONSOLIDATION,C,10000,13.22,0.11,N,3,0
21096,29,48000,MORTGAGE,11.0,HOMEIMPROVEMENT,A,3000,5.42,0.06,N,5,0
21097,27,132000,RENT,8.0,EDUCATION,C,14000,13.49,0.11,Y,10,0
21098,31,54000,RENT,7.0,MEDICAL,B,9600,10.0,0.18,N,6,0
21099,34,80000,RENT,5.0,DEBTCONSOLIDATION,B,5000,11.36,0.06,N,8,0
21100,36,40800,MORTGAGE,8.0,EDUCATION,A,2000,6.99,0.05,N,17,0
21101,23,69996,MORTGAGE,7.0,PERSONAL,B,3000,10.36,0.04,N,3,0
21102,28,44000,MORTGAGE,12.0,EDUCATION,A,4000,8.49,0.09,N,5,0
21103,24,45000,RENT,8.0,MEDICAL,C,10000,12.53,0.22,N,3,0
21104,28,90000,RENT,0.0,EDUCATION,A,12000,6.54,0.13,N,5,0
21105,26,60000,RENT,9.0,PERSONAL,C,7000,12.68,0.12,Y,3,0
21106,25,55000,MORTGAGE,9.0,DEBTCONSOLIDATION,A,16000,6.62,0.29,N,4,0
21107,23,38000,RENT,0.0,VENTURE,B,5000,10.99,0.13,N,2,0
21108,23,70000,MORTGAGE,7.0,EDUCATION,B,8000,11.12,0.11,N,3,0
21109,28,66920,RENT,12.0,DEBTCONSOLIDATION,C,5000,14.26,0.07,N,6,0
21110,36,36000,OWN,2.0,VENTURE,A,5000,6.03,0.14,N,13,0
21111,43,50000,RENT,2.0,PERSONAL,D,18000,13.24,0.36,Y,14,1
21112,22,36000,RENT,3.0,DEBTCONSOLIDATION,A,12800,6.54,0.34,N,4,1
21113,32,90000,RENT,1.0,HOMEIMPROVEMENT,B,10000,12.42,0.11,N,7,0
21114,36,80000,MORTGAGE,5.0,HOMEIMPROVEMENT,C,9000,13.92,0.11,N,17,0
21115,23,75000,RENT,4.0,MEDICAL,A,6000,7.49,0.08,N,4,0
21116,23,30000,RENT,3.0,EDUCATION,B,5000,10.0,0.17,N,3,0
21117,22,34800,RENT,3.0,DEBTCONSOLIDATION,C,4000,13.48,0.11,N,3,0
21118,28,60000,RENT,1.0,MEDICAL,C,4000,13.49,0.07,Y,9,0
21119,27,120000,MORTGAGE,2.0,VENTURE,C,11050,14.27,0.09,N,10,0
21120,26,95000,MORTGAGE,10.0,HOMEIMPROVEMENT,C,35000,12.99,0.37,N,3,0
21121,22,60000,MORTGAGE,6.0,EDUCATION,A,4125,6.17,0.07,N,4,0
21122,27,43200,OWN,11.0,VENTURE,A,9000,7.49,0.21,N,5,0
21123,28,50000,RENT,4.0,DEBTCONSOLIDATION,A,4000,7.68,0.08,N,8,0
21124,27,40000,RENT,11.0,MEDICAL,B,6000,12.42,0.15,N,10,0
21125,33,65000,RENT,14.0,HOMEIMPROVEMENT,B,11200,12.42,0.18,N,5,0
21126,35,60000,RENT,7.0,DEBTCONSOLIDATION,B,9600,11.86,0.16,N,8,0
21127,23,50000,RENT,4.0,EDUCATION,A,10000,6.92,0.2,N,3,0
21128,23,85000,MORTGAGE,7.0,EDUCATION,B,9000,11.71,0.11,N,2,0
21129,23,105500,RENT,3.0,EDUCATION,B,6000,11.99,0.06,N,4,0
21130,26,40800,RENT,4.0,MEDICAL,C,3200,15.23,0.08,Y,4,1
21131,23,86500,MORTGAGE,7.0,EDUCATION,A,10000,7.29,0.12,N,2,0
21132,27,75000,RENT,0.0,HOMEIMPROVEMENT,A,6500,8.9,0.09,N,6,0
21133,25,34000,RENT,2.0,PERSONAL,B,6000,10.65,0.18,N,3,0
21134,28,44900,RENT,2.0,VENTURE,D,5000,15.37,0.11,N,10,1
21135,22,54000,RENT,4.0,VENTURE,C,5000,12.61,0.09,Y,3,0
21136,23,32000,OWN,7.0,PERSONAL,B,6250,12.69,0.19,N,3,0
21137,23,50000,RENT,0.0,EDUCATION,A,4000,8.59,0.08,N,2,0
21138,28,60000,OWN,5.0,HOMEIMPROVEMENT,B,12000,10.37,0.2,N,5,0
21139,22,150000,MORTGAGE,6.0,DEBTCONSOLIDATION,B,5000,11.49,0.03,N,3,0
21140,36,90000,RENT,2.0,EDUCATION,C,7000,13.22,0.08,N,11,0
21141,28,70000,MORTGAGE,6.0,VENTURE,B,10000,9.99,0.14,N,9,0
21142,23,80000,MORTGAGE,7.0,EDUCATION,C,4000,13.49,0.05,Y,3,0
21143,27,50000,MORTGAGE,11.0,DEBTCONSOLIDATION,A,9600,7.51,0.19,N,7,0
21144,29,40000,RENT,0.0,MEDICAL,B,5000,9.45,0.13,N,10,0
21145,30,49600,MORTGAGE,6.0,VENTURE,D,8000,14.96,0.17,N,10,0
21146,28,66000,RENT,5.0,DEBTCONSOLIDATION,D,9600,14.91,0.15,Y,8,1
21147,28,32000,RENT,0.0,PERSONAL,C,12000,13.35,0.38,N,5,1
21148,24,75000,RENT,8.0,EDUCATION,A,8000,7.29,0.11,N,4,0
21149,26,39500,RENT,0.0,EDUCATION,B,3600,10.37,0.09,N,4,0
21150,23,70000,RENT,0.0,MEDICAL,A,5000,8.0,0.07,N,4,0
21151,27,50000,MORTGAGE,0.0,DEBTCONSOLIDATION,A,12000,6.03,0.24,N,6,0
21152,27,52700,RENT,1.0,VENTURE,C,8500,13.49,0.15,N,8,0
21153,22,55000,RENT,6.0,EDUCATION,B,7000,11.49,0.13,N,3,0
21154,24,40000,RENT,8.0,PERSONAL,A,6000,7.51,0.15,N,2,0
21155,23,38000,OWN,4.0,PERSONAL,C,10000,13.23,0.26,N,3,0
21156,25,80000,MORTGAGE,7.0,PERSONAL,A,5000,6.99,0.06,N,2,0
21157,22,55000,RENT,6.0,MEDICAL,B,5000,9.91,0.09,N,2,0
21158,22,47000,RENT,1.0,EDUCATION,E,12600,17.99,0.26,N,3,1
21159,28,30000,RENT,4.0,MEDICAL,A,5000,6.99,0.17,N,5,0
21160,29,54000,MORTGAGE,1.0,MEDICAL,A,10000,7.9,0.19,N,9,1
21161,25,40000,RENT,2.0,VENTURE,C,7000,12.68,0.17,N,2,0
21162,24,174000,MORTGAGE,0.0,VENTURE,A,12000,5.79,0.07,N,2,0
21163,25,88000,RENT,9.0,HOMEIMPROVEMENT,B,10000,11.99,0.11,N,4,1
21164,28,36000,RENT,12.0,VENTURE,E,11200,19.42,0.31,Y,7,1
21165,29,33996,RENT,0.0,EDUCATION,B,1500,12.53,0.04,N,6,0
21166,24,65000,MORTGAGE,0.0,PERSONAL,C,13000,13.49,0.2,Y,4,0
21167,21,70000,MORTGAGE,5.0,EDUCATION,A,10500,5.99,0.15,N,4,0
21168,23,54000,MORTGAGE,4.0,DEBTCONSOLIDATION,D,8500,12.49,0.16,N,2,1
21169,29,18000,RENT,1.0,PERSONAL,B,3000,12.69,0.17,N,8,1
21170,33,45000,RENT,1.0,VENTURE,C,15000,13.16,0.33,N,10,1
21171,23,50000,RENT,5.0,EDUCATION,B,5000,10.36,0.1,N,3,0
21172,26,150000,MORTGAGE,3.0,DEBTCONSOLIDATION,A,24000,7.49,0.16,N,4,0
21173,24,47250,RENT,6.0,EDUCATION,B,12600,11.83,0.27,N,3,0
21174,23,65000,RENT,0.0,VENTURE,C,7150,12.68,0.12,N,3,0
21175,34,143150,MORTGAGE,0.0,MEDICAL,A,12000,9.32,0.08,N,7,0
21176,26,62000,RENT,10.0,PERSONAL,A,8500,8.49,0.14,N,2,0
21177,27,75885,RENT,7.0,PERSONAL,A,3000,9.32,0.04,N,10,0
21178,23,55000,RENT,7.0,VENTURE,B,7000,9.91,0.13,N,3,0
21179,24,24000,OWN,3.0,MEDICAL,C,2500,13.98,0.1,Y,4,0
21180,30,90000,MORTGAGE,14.0,DEBTCONSOLIDATION,B,12000,11.11,0.13,N,9,0
21181,25,65000,MORTGAGE,9.0,PERSONAL,C,7000,13.98,0.11,N,4,0
21182,21,40000,RENT,3.0,EDUCATION,A,10000,7.66,0.25,N,3,0
21183,25,60000,MORTGAGE,3.0,MEDICAL,B,10000,11.26,0.17,N,3,0
21184,28,50000,MORTGAGE,7.0,PERSONAL,A,4000,7.74,0.08,N,5,0
21185,23,140000,MORTGAGE,7.0,VENTURE,A,10000,5.42,0.07,N,3,0
21186,21,60000,RENT,5.0,PERSONAL,A,7000,9.32,0.12,N,2,0
21187,28,110000,MORTGAGE,2.0,EDUCATION,B,12000,10.37,0.11,N,5,0
21188,54,70000,MORTGAGE,5.0,PERSONAL,A,10000,7.9,0.14,N,20,0
21189,34,48000,RENT,5.0,VENTURE,D,6000,13.8,0.13,Y,5,1
21190,33,59617,RENT,4.0,MEDICAL,D,3600,15.33,0.06,N,9,1
21191,27,24000,RENT,2.0,MEDICAL,C,6000,13.48,0.25,N,8,0
21192,25,55000,MORTGAGE,9.0,EDUCATION,B,3600,10.59,0.07,N,2,0
21193,34,30000,RENT,4.0,MEDICAL,A,10000,8.94,0.33,N,6,1
21194,44,30000,RENT,2.0,VENTURE,A,5000,5.79,0.17,N,14,0
21195,38,54000,RENT,2.0,PERSONAL,D,2000,15.62,0.04,Y,14,1
21196,30,24000,MORTGAGE,2.0,MEDICAL,A,1500,6.03,0.06,N,5,0
21197,22,50000,OWN,6.0,VENTURE,C,3000,13.98,0.06,Y,3,0
21198,23,84000,RENT,7.0,PERSONAL,D,30000,18.25,0.36,Y,3,1
21199,25,53000,RENT,5.0,VENTURE,C,5000,13.49,0.09,N,4,0
21200,26,56000,MORTGAGE,10.0,HOMEIMPROVEMENT,A,10000,5.42,0.18,N,4,0
21201,26,60000,OWN,7.0,EDUCATION,D,20000,15.31,0.33,Y,4,0
21202,35,44000,RENT,6.0,PERSONAL,D,4000,17.27,0.09,Y,5,0
21203,55,480000,MORTGAGE,1.0,PERSONAL,A,6000,7.4,0.01,N,26,0
21204,33,42000,OWN,17.0,VENTURE,A,5000,8.49,0.12,N,10,0
21205,26,88970,MORTGAGE,10.0,DEBTCONSOLIDATION,C,20000,12.22,0.22,N,3,0
21206,23,37000,RENT,2.0,MEDICAL,A,2500,7.14,0.07,N,3,0
21207,50,120000,MORTGAGE,2.0,VENTURE,C,4800,12.99,0.04,Y,15,0
21208,37,24000,RENT,0.0,VENTURE,E,1000,17.51,0.04,Y,13,1
21209,26,86500,MORTGAGE,10.0,EDUCATION,A,2500,7.49,0.03,N,2,0
21210,23,42000,OWN,1.0,EDUCATION,C,2000,13.16,0.05,Y,4,0
21211,24,65000,MORTGAGE,3.0,PERSONAL,C,7500,12.61,0.12,N,2,0
21212,24,48000,MORTGAGE,2.0,PERSONAL,D,6000,14.09,0.13,Y,2,1
21213,45,96000,RENT,3.0,HOMEIMPROVEMENT,D,6000,15.05,0.06,Y,11,0
21214,25,70000,MORTGAGE,6.0,EDUCATION,E,15000,16.32,0.21,Y,4,0
21215,31,60000,OWN,14.0,MEDICAL,C,13000,13.57,0.22,N,10,0
21216,32,120000,MORTGAGE,13.0,HOMEIMPROVEMENT,C,7200,14.72,0.06,Y,10,0
21217,22,45000,MORTGAGE,4.0,EDUCATION,A,9000,6.03,0.2,N,2,0
21218,37,36000,RENT,3.0,MEDICAL,D,10000,14.61,0.28,N,15,0
21219,43,80000,RENT,6.0,MEDICAL,B,24000,10.99,0.3,N,11,0
21220,24,91800,MORTGAGE,8.0,MEDICAL,D,25000,16.32,0.23,Y,2,1
21221,22,50000,RENT,6.0,EDUCATION,B,4800,11.49,0.1,N,2,0
21222,24,48000,RENT,0.0,VENTURE,C,7500,13.79,0.16,N,2,0
21223,26,75000,MORTGAGE,5.0,MEDICAL,A,12000,5.42,0.16,N,3,0
21224,22,40000,RENT,3.0,EDUCATION,C,6000,13.49,0.15,N,2,0
21225,32,100000,MORTGAGE,3.0,EDUCATION,B,5000,11.49,0.05,N,9,0
21226,30,70000,RENT,0.0,PERSONAL,B,8000,10.37,0.11,N,6,0
21227,23,70000,RENT,3.0,PERSONAL,A,8400,6.92,0.12,N,4,0
21228,28,47133,MORTGAGE,3.0,PERSONAL,B,5000,10.38,0.11,N,7,0
21229,33,80000,RENT,5.0,PERSONAL,C,22000,11.03,0.28,N,10,0
21230,32,120000,MORTGAGE,3.0,VENTURE,A,12000,8.94,0.1,N,7,0
21231,24,75000,MORTGAGE,8.0,DEBTCONSOLIDATION,A,4000,7.29,0.05,N,2,0
21232,35,63000,RENT,7.0,EDUCATION,C,5000,13.49,0.09,Y,10,0
21233,22,42000,RENT,2.0,PERSONAL,C,10000,13.61,0.24,N,2,1
21234,24,54263,RENT,2.0,EDUCATION,C,3500,13.49,0.06,Y,4,0
21235,25,93500,MORTGAGE,0.0,EDUCATION,C,6000,13.23,0.07,N,4,0
21236,24,61500,RENT,8.0,VENTURE,B,15000,9.91,0.24,N,3,0
21237,37,49000,RENT,2.0,MEDICAL,A,4000,7.88,0.08,N,14,0
21238,39,397800,RENT,5.0,PERSONAL,B,14000,11.48,0.03,N,9,1
21239,23,70000,OWN,7.0,PERSONAL,C,8000,12.73,0.11,N,2,0
21240,26,24216,RENT,1.0,DEBTCONSOLIDATION,C,3500,13.98,0.15,N,3,1
21241,24,45000,RENT,2.0,EDUCATION,A,5200,8.9,0.11,N,4,0
21242,31,30000,RENT,2.0,EDUCATION,A,6400,7.51,0.21,N,10,0
21243,21,51644,MORTGAGE,4.0,EDUCATION,B,18000,11.58,0.35,N,3,0
21244,23,48000,RENT,4.0,PERSONAL,B,2500,10.99,0.05,N,4,0
21245,26,45000,RENT,1.0,VENTURE,C,5000,14.26,0.11,N,2,0
21246,30,120000,RENT,3.0,PERSONAL,B,20000,11.48,0.17,N,8,0
21247,22,50000,MORTGAGE,0.0,PERSONAL,A,6000,7.51,0.12,N,3,0
21248,30,54400,RENT,4.0,MEDICAL,D,5000,15.62,0.08,N,5,1
21249,27,120000,MORTGAGE,3.0,VENTURE,B,3200,10.74,0.03,N,9,0
21250,29,28800,OWN,1.0,PERSONAL,B,8500,11.99,0.3,N,9,0
21251,31,106982,MORTGAGE,5.0,VENTURE,C,20000,13.43,0.19,Y,9,0
21252,30,300000,MORTGAGE,9.0,DEBTCONSOLIDATION,B,20000,11.58,0.07,N,9,0
21253,23,34000,RENT,3.0,EDUCATION,B,5000,10.65,0.15,N,3,0
21254,28,85634,MORTGAGE,12.0,PERSONAL,A,12500,6.17,0.15,N,7,0
21255,26,44390,OWN,5.0,EDUCATION,A,11000,7.9,0.24,N,4,0
21256,31,42000,RENT,0.0,VENTURE,B,5000,10.08,0.12,N,6,0
21257,26,70000,MORTGAGE,4.0,PERSONAL,A,10000,7.29,0.14,N,4,0
21258,30,57700,MORTGAGE,14.0,MEDICAL,B,7000,11.86,0.12,N,8,0
21259,31,81000,MORTGAGE,1.0,PERSONAL,D,7750,13.17,0.1,Y,10,0
21260,33,42000,MORTGAGE,4.0,DEBTCONSOLIDATION,C,1000,15.27,0.02,Y,9,0
21261,24,95000,MORTGAGE,6.0,HOMEIMPROVEMENT,A,18000,7.9,0.19,N,4,0
21262,31,50000,MORTGAGE,5.0,VENTURE,A,5000,7.14,0.1,N,9,0
21263,42,38000,MORTGAGE,5.0,VENTURE,B,8000,10.38,0.21,N,12,0
21264,29,35500,MORTGAGE,3.0,MEDICAL,A,11000,5.79,0.3,N,10,0
21265,24,52728,RENT,8.0,VENTURE,B,5000,9.99,0.09,N,2,0
21266,25,44000,RENT,0.0,DEBTCONSOLIDATION,B,3600,9.63,0.08,N,4,1
21267,25,135000,RENT,4.0,PERSONAL,E,24250,16.7,0.18,Y,3,0
21268,25,95000,MORTGAGE,5.0,DEBTCONSOLIDATION,A,15000,6.03,0.16,N,2,0
21269,34,72500,MORTGAGE,12.0,EDUCATION,A,15000,7.49,0.21,N,6,0
21270,23,80000,RENT,3.0,VENTURE,A,14000,6.62,0.17,N,3,0
21271,27,70000,RENT,2.0,EDUCATION,B,2700,10.99,0.04,N,10,0
21272,24,100000,MORTGAGE,1.0,DEBTCONSOLIDATION,A,12000,5.42,0.12,N,2,0
21273,26,46000,RENT,0.0,PERSONAL,A,6000,7.88,0.13,N,4,0
21274,27,60000,MORTGAGE,3.0,EDUCATION,A,10000,7.88,0.17,N,10,0
21275,26,54000,MORTGAGE,10.0,DEBTCONSOLIDATION,A,8000,7.51,0.15,N,3,0
21276,21,78000,RENT,5.0,PERSONAL,D,15000,14.46,0.19,Y,3,0
21277,29,40000,MORTGAGE,5.0,VENTURE,B,4000,10.36,0.1,N,6,0
21278,29,26400,MORTGAGE,13.0,PERSONAL,A,4500,6.62,0.17,N,10,0
21279,22,36000,MORTGAGE,5.0,HOMEIMPROVEMENT,A,6400,7.14,0.18,N,3,1
21280,30,35000,RENT,2.0,EDUCATION,C,7500,12.87,0.21,Y,8,0
21281,22,62500,RENT,3.0,MEDICAL,B,12000,10.62,0.19,N,2,0
21282,25,80000,RENT,4.0,HOMEIMPROVEMENT,D,9600,16.29,0.12,Y,4,0
21283,22,82500,MORTGAGE,1.0,VENTURE,B,20000,12.18,0.25,N,4,0
21284,22,70000,RENT,6.0,EDUCATION,C,6000,13.16,0.09,N,2,0
21285,22,70000,RENT,6.0,EDUCATION,C,9600,13.23,0.14,Y,4,0
21286,22,37000,RENT,3.0,VENTURE,B,15000,10.25,0.41,N,3,1
21287,23,60000,MORTGAGE,7.0,EDUCATION,D,10000,14.59,0.17,N,2,0
21288,25,66000,MORTGAGE,9.0,EDUCATION,B,15000,11.14,0.23,N,2,0
21289,38,90000,MORTGAGE,8.0,MEDICAL,A,6000,7.49,0.07,N,16,0
21290,25,130000,MORTGAGE,3.0,HOMEIMPROVEMENT,B,16000,10.62,0.12,N,2,0
21291,22,40000,MORTGAGE,6.0,DEBTCONSOLIDATION,B,12000,10.65,0.3,N,4,0
21292,37,31200,RENT,1.0,EDUCATION,A,3000,7.9,0.1,N,14,0
21293,32,35000,RENT,5.0,DEBTCONSOLIDATION,B,8000,10.65,0.23,N,10,0
21294,31,20000,RENT,4.0,EDUCATION,B,6000,10.59,0.3,N,9,0
21295,28,70000,RENT,1.0,MEDICAL,C,10000,14.27,0.14,Y,8,0
21296,24,70000,MORTGAGE,8.0,EDUCATION,A,9000,6.03,0.13,N,4,0
21297,38,25000,RENT,9.0,EDUCATION,C,2000,14.17,0.08,Y,14,0
21298,42,36000,RENT,2.0,MEDICAL,A,1800,6.17,0.05,N,13,0
21299,23,105000,MORTGAGE,4.0,EDUCATION,A,15000,6.03,0.14,N,3,0
21300,32,38300,MORTGAGE,5.0,MEDICAL,B,6500,9.99,0.17,N,3,0
21301,23,100000,MORTGAGE,7.0,EDUCATION,B,25000,10.99,0.25,N,4,0
21302,24,90000,MORTGAGE,3.0,DEBTCONSOLIDATION,A,4800,7.9,0.05,N,4,0
21303,25,70550,RENT,9.0,MEDICAL,D,6000,15.62,0.08,N,4,1
21304,31,67800,MORTGAGE,6.0,DEBTCONSOLIDATION,A,15000,7.66,0.22,N,5,0
21305,24,50000,MORTGAGE,2.0,VENTURE,D,10000,14.74,0.2,N,4,0
21306,26,62900,RENT,3.0,MEDICAL,D,20000,14.84,0.27,N,4,1
21307,24,96050,MORTGAGE,8.0,MEDICAL,D,15000,14.11,0.13,N,4,1
21308,22,30000,OWN,4.0,MEDICAL,C,8000,13.98,0.27,N,3,0
21309,27,80000,MORTGAGE,7.0,HOMEIMPROVEMENT,A,18000,7.9,0.23,N,7,0
21310,24,67440,MORTGAGE,2.0,MEDICAL,B,12000,12.21,0.18,N,3,0
21311,22,70000,RENT,4.0,PERSONAL,A,10000,7.14,0.14,N,3,0
21312,23,30000,RENT,7.0,EDUCATION,B,10000,10.38,0.33,N,2,1
21313,43,62900,RENT,14.0,EDUCATION,D,12000,15.33,0.16,N,11,1
21314,27,30000,MORTGAGE,3.0,MEDICAL,E,10000,16.4,0.33,Y,9,1
21315,23,43000,MORTGAGE,7.0,DEBTCONSOLIDATION,A,10000,5.42,0.23,N,3,0
21316,22,70000,MORTGAGE,6.0,VENTURE,B,6000,10.65,0.09,N,4,0
21317,23,44531,RENT,1.0,MEDICAL,B,15000,10.75,0.34,N,4,1
21318,21,60000,RENT,5.0,DEBTCONSOLIDATION,B,10000,10.65,0.17,N,3,0
21319,21,30000,RENT,5.0,DEBTCONSOLIDATION,B,5600,11.71,0.19,N,4,0
21320,31,40000,MORTGAGE,0.0,HOMEIMPROVEMENT,A,15000,7.51,0.38,N,9,0
21321,41,37000,RENT,2.0,VENTURE,C,1000,14.26,0.03,Y,14,0
21322,22,42000,RENT,3.0,PERSONAL,C,5000,13.8,0.12,N,3,0
21323,26,45000,MORTGAGE,10.0,MEDICAL,B,10000,10.59,0.22,N,4,0
21324,24,72000,RENT,3.0,DEBTCONSOLIDATION,B,2400,10.65,0.03,N,3,0
21325,41,60000,MORTGAGE,7.0,PERSONAL,A,2000,7.9,0.03,N,17,0
21326,22,30000,RENT,3.0,EDUCATION,B,8000,10.59,0.27,N,3,0
21327,26,60000,RENT,0.0,HOMEIMPROVEMENT,A,7200,7.74,0.12,N,4,0
21328,38,60000,MORTGAGE,6.0,DEBTCONSOLIDATION,A,5500,7.51,0.09,N,12,0
21329,36,45000,RENT,2.0,HOMEIMPROVEMENT,C,8000,15.11,0.18,Y,12,1
21330,26,54000,RENT,2.0,PERSONAL,B,2400,11.49,0.04,N,2,1
21331,27,60000,OWN,2.0,VENTURE,B,10000,11.14,0.17,N,7,0
21332,28,35000,MORTGAGE,4.0,MEDICAL,A,15600,6.17,0.43,N,9,0
21333,25,42000,MORTGAGE,4.0,PERSONAL,C,15000,13.16,0.36,N,4,0
21334,23,48000,MORTGAGE,3.0,EDUCATION,A,7800,7.49,0.16,N,2,0
21335,28,69000,OWN,11.0,VENTURE,B,9000,11.49,0.13,N,10,0
21336,28,40000,RENT,1.0,DEBTCONSOLIDATION,A,4000,7.14,0.1,N,6,0
21337,31,31000,MORTGAGE,5.0,VENTURE,B,7200,11.71,0.23,N,7,0
21338,22,65000,MORTGAGE,3.0,EDUCATION,C,10000,13.61,0.15,Y,4,0
21339,34,27259,RENT,2.0,EDUCATION,B,2850,11.89,0.1,N,8,0
21340,26,64800,MORTGAGE,5.0,MEDICAL,B,6000,11.99,0.09,N,2,0
21341,53,48996,RENT,0.0,VENTURE,D,5000,16.77,0.1,Y,23,1
21342,23,60000,MORTGAGE,1.0,VENTURE,B,5000,10.75,0.08,N,4,0
21343,27,78000,MORTGAGE,4.0,HOMEIMPROVEMENT,C,25000,13.43,0.32,Y,10,1
21344,25,44000,RENT,9.0,MEDICAL,C,12750,14.22,0.29,Y,2,1
21345,25,28000,RENT,4.0,MEDICAL,C,7500,12.98,0.29,Y,3,0
21346,26,58650,MORTGAGE,6.0,MEDICAL,D,7500,16.07,0.11,N,4,1
21347,28,52000,RENT,4.0,EDUCATION,B,10000,10.65,0.19,N,9,0
21348,31,70000,RENT,7.0,VENTURE,A,10000,7.66,0.14,N,6,0
21349,27,30000,RENT,7.0,MEDICAL,B,12000,10.99,0.42,N,10,1
21350,24,75000,MORTGAGE,8.0,VENTURE,A,18000,6.91,0.24,N,4,0
21351,24,25000,RENT,1.0,MEDICAL,C,8500,13.16,0.35,Y,4,1
21352,23,64000,MORTGAGE,7.0,MEDICAL,A,10200,9.32,0.16,N,2,0
21353,29,75000,RENT,3.0,DEBTCONSOLIDATION,C,14400,13.49,0.19,Y,7,0
21354,24,32000,RENT,5.0,VENTURE,A,4800,7.49,0.15,N,2,0
21355,26,60000,RENT,5.0,MEDICAL,B,2000,11.71,0.03,N,4,0
21356,23,57500,RENT,0.0,VENTURE,E,3000,17.93,0.05,Y,3,1
21357,23,128400,MORTGAGE,1.0,EDUCATION,C,4000,13.35,0.03,Y,3,0
21358,24,80000,MORTGAGE,5.0,HOMEIMPROVEMENT,B,12000,12.42,0.15,N,4,0
21359,29,79992,MORTGAGE,9.0,DEBTCONSOLIDATION,A,7500,7.14,0.09,N,7,0
21360,30,60000,MORTGAGE,6.0,PERSONAL,C,7500,13.49,0.13,Y,10,0
21361,29,48000,MORTGAGE,4.0,VENTURE,B,10000,10.62,0.21,N,6,0
21362,26,24000,RENT,0.0,DEBTCONSOLIDATION,C,8000,13.99,0.33,Y,2,1
21363,28,52500,MORTGAGE,3.0,HOMEIMPROVEMENT,D,12000,15.7,0.22,N,10,0
21364,31,120000,MORTGAGE,15.0,HOMEIMPROVEMENT,A,10000,5.42,0.08,N,9,0
21365,22,36000,RENT,5.0,PERSONAL,A,8000,7.51,0.22,N,3,0
21366,24,70000,MORTGAGE,0.0,PERSONAL,A,2200,7.9,0.03,N,4,0
21367,26,60000,RENT,10.0,MEDICAL,A,15000,6.91,0.25,N,4,0
21368,23,33000,RENT,7.0,HOMEIMPROVEMENT,D,5200,16.89,0.17,Y,2,1
21369,23,35000,RENT,1.0,VENTURE,C,4800,14.27,0.14,Y,2,0
21370,27,30000,RENT,0.0,DEBTCONSOLIDATION,D,7500,15.31,0.25,Y,7,1
21371,22,60000,OWN,0.0,PERSONAL,A,10000,6.62,0.17,N,2,0
21372,29,40000,RENT,7.0,DEBTCONSOLIDATION,A,3000,7.14,0.07,N,7,0
21373,32,58000,OTHER,3.0,VENTURE,D,5000,15.99,0.08,Y,9,0
21374,27,60000,MORTGAGE,7.0,MEDICAL,A,5000,7.75,0.08,N,6,0
21375,28,95000,MORTGAGE,0.0,VENTURE,C,15000,14.65,0.16,Y,8,0
21376,26,40000,RENT,2.0,VENTURE,A,3500,8.0,0.09,N,3,0
21377,23,26000,RENT,7.0,DEBTCONSOLIDATION,B,4000,10.65,0.15,N,2,0
21378,22,50000,RENT,2.0,EDUCATION,A,6400,6.99,0.13,N,4,0
21379,22,42642,RENT,6.0,EDUCATION,B,10000,11.86,0.23,N,3,0
21380,24,125000,RENT,8.0,PERSONAL,A,10000,7.49,0.08,N,3,0
21381,32,140000,MORTGAGE,16.0,MEDICAL,A,9600,7.29,0.07,N,7,0
21382,34,30000,RENT,0.0,DEBTCONSOLIDATION,B,10000,9.45,0.33,N,5,1
21383,23,75600,RENT,3.0,EDUCATION,C,20000,13.92,0.27,Y,3,0
21384,27,100500,MORTGAGE,11.0,MEDICAL,B,10000,12.69,0.1,N,8,0
21385,27,47300,RENT,4.0,DEBTCONSOLIDATION,C,8500,12.22,0.19,Y,10,0
21386,29,96000,MORTGAGE,13.0,PERSONAL,B,12000,11.14,0.13,N,8,0
21387,33,36000,RENT,3.0,EDUCATION,B,15000,9.88,0.42,N,10,1
21388,37,43000,RENT,15.0,VENTURE,A,11400,8.9,0.26,N,17,0
21389,25,48000,RENT,9.0,MEDICAL,A,4000,7.66,0.08,N,4,0
21390,24,120000,RENT,1.0,EDUCATION,B,12000,10.99,0.1,N,3,0
21391,34,60000,RENT,0.0,DEBTCONSOLIDATION,A,12000,8.94,0.2,N,8,0
21392,29,99000,MORTGAGE,9.0,HOMEIMPROVEMENT,B,12000,10.25,0.12,N,10,0
21393,32,96000,MORTGAGE,1.0,VENTURE,A,5000,7.51,0.05,N,10,0
21394,29,28000,OWN,10.0,EDUCATION,C,14500,13.43,0.5,N,5,0
21395,22,34000,MORTGAGE,6.0,DEBTCONSOLIDATION,B,10000,12.42,0.29,N,4,0
21396,23,56000,OWN,4.0,VENTURE,D,16000,16.32,0.29,Y,3,0
21397,25,60000,RENT,4.0,HOMEIMPROVEMENT,D,12000,14.09,0.19,Y,3,0
21398,23,120000,RENT,1.0,PERSONAL,A,8000,7.51,0.07,N,2,0
21399,24,39990,MORTGAGE,0.0,PERSONAL,A,2400,7.37,0.06,N,2,0
21400,23,75000,OWN,7.0,VENTURE,A,8000,6.03,0.11,N,4,0
21401,27,94000,MORTGAGE,12.0,DEBTCONSOLIDATION,B,15000,11.11,0.16,N,6,0
21402,24,48000,RENT,8.0,PERSONAL,C,12000,13.49,0.25,Y,4,0
21403,27,98000,OWN,11.0,HOMEIMPROVEMENT,C,5000,13.79,0.05,Y,5,0
21404,29,46000,OWN,13.0,HOMEIMPROVEMENT,A,7000,7.49,0.15,N,6,0
21405,29,54000,OWN,0.0,PERSONAL,C,6200,12.99,0.11,Y,5,0
21406,28,50000,MORTGAGE,8.0,DEBTCONSOLIDATION,A,12000,6.03,0.24,N,6,0
21407,27,85000,MORTGAGE,4.0,HOMEIMPROVEMENT,B,13500,11.14,0.17,N,10,0
21408,24,65004,OWN,0.0,VENTURE,B,15000,10.95,0.23,N,3,0
21409,43,45806,RENT,4.0,EDUCATION,B,13000,10.36,0.27,N,12,0
21410,22,30000,RENT,5.0,DEBTCONSOLIDATION,A,7500,8.0,0.25,N,4,0
21411,30,78200,RENT,1.0,EDUCATION,C,7000,13.57,0.09,Y,9,1
21412,25,30000,RENT,1.0,VENTURE,B,8000,12.53,0.27,N,4,0
21413,22,48000,MORTGAGE,2.0,EDUCATION,B,5000,10.65,0.1,N,2,0
21414,30,50000,RENT,4.0,EDUCATION,D,15000,15.2,0.3,N,10,0
21415,25,150000,MORTGAGE,9.0,PERSONAL,B,25000,11.12,0.17,N,2,0
21416,26,50000,RENT,4.0,EDUCATION,B,8000,10.99,0.16,N,2,0
21417,27,53004,RENT,0.0,HOMEIMPROVEMENT,B,20000,10.75,0.38,N,7,1
21418,51,84000,MORTGAGE,6.0,PERSONAL,A,20000,6.54,0.24,N,19,0
21419,21,60000,RENT,5.0,DEBTCONSOLIDATION,B,10000,11.86,0.17,N,4,0
21420,31,95000,MORTGAGE,5.0,MEDICAL,A,6400,6.62,0.07,N,5,0
21421,28,50000,MORTGAGE,10.0,EDUCATION,A,13000,8.94,0.26,N,6,0
21422,32,45000,RENT,3.0,MEDICAL,A,5000,5.79,0.11,N,10,0
21423,29,44000,MORTGAGE,13.0,DEBTCONSOLIDATION,C,1800,14.35,0.04,Y,8,1
21424,25,30000,RENT,4.0,EDUCATION,A,10000,7.88,0.33,N,2,1
21425,35,63000,RENT,7.0,EDUCATION,B,5400,11.49,0.08,N,10,0
21426,23,33000,RENT,1.0,DEBTCONSOLIDATION,A,1500,7.29,0.05,N,4,0
21427,24,59800,OWN,7.0,MEDICAL,D,19500,15.7,0.25,Y,3,0
21428,23,160000,MORTGAGE,8.0,PERSONAL,A,9000,5.42,0.06,N,4,0
21429,35,65000,MORTGAGE,9.0,EDUCATION,B,15000,9.63,0.23,N,5,0
21430,23,67000,RENT,7.0,DEBTCONSOLIDATION,B,20000,12.69,0.3,N,2,0
21431,29,100970,MORTGAGE,7.0,EDUCATION,A,16000,7.51,0.16,N,9,0
21432,26,93000,MORTGAGE,10.0,HOMEIMPROVEMENT,A,5600,6.76,0.06,N,3,0
21433,38,52000,MORTGAGE,2.0,VENTURE,A,3000,7.68,0.06,N,16,0
21434,27,60000,RENT,9.0,DEBTCONSOLIDATION,A,10000,7.14,0.17,N,5,0
21435,27,60000,OWN,1.0,HOMEIMPROVEMENT,D,5000,15.21,0.08,N,8,0
21436,25,100000,MORTGAGE,9.0,EDUCATION,A,6000,7.51,0.06,N,3,0
21437,35,80000,MORTGAGE,19.0,MEDICAL,A,5550,6.99,0.07,N,8,0
21438,23,24996,RENT,2.0,DEBTCONSOLIDATION,E,2500,15.95,0.1,Y,4,1
21439,23,45000,RENT,2.0,MEDICAL,C,5000,13.16,0.11,N,3,0
21440,29,70000,OWN,4.0,EDUCATION,A,8000,7.49,0.11,N,10,0
21441,22,50000,MORTGAGE,3.0,EDUCATION,C,6000,13.8,0.12,Y,4,0
21442,22,45000,RENT,3.0,VENTURE,A,12000,6.91,0.27,N,2,0
21443,32,62000,RENT,16.0,PERSONAL,D,10000,16.77,0.16,Y,7,0
21444,25,39000,RENT,0.0,VENTURE,A,12000,6.54,0.31,N,2,1
21445,46,144000,RENT,4.0,PERSONAL,B,24250,11.83,0.17,N,16,0
21446,25,70000,MORTGAGE,9.0,EDUCATION,C,5000,14.27,0.07,Y,3,0
21447,28,60000,RENT,12.0,MEDICAL,A,6000,7.51,0.1,N,9,1
21448,35,32000,RENT,4.0,MEDICAL,C,1400,13.35,0.05,N,6,0
21449,35,35000,RENT,1.0,DEBTCONSOLIDATION,B,11400,11.49,0.32,N,6,0
21450,23,87000,MORTGAGE,7.0,DEBTCONSOLIDATION,B,10000,11.49,0.11,N,3,0
21451,25,75000,RENT,1.0,EDUCATION,C,16000,13.47,0.21,N,4,0
21452,30,70000,RENT,0.0,VENTURE,A,3000,6.99,0.04,N,7,0
21453,26,120000,OWN,3.0,EDUCATION,A,6000,7.9,0.05,N,2,0
21454,23,83004,MORTGAGE,7.0,VENTURE,B,15000,11.14,0.18,N,4,0
21455,31,85000,RENT,0.0,EDUCATION,A,9000,6.92,0.11,N,10,0
21456,28,110000,RENT,3.0,PERSONAL,D,12000,15.33,0.11,Y,5,0
21457,31,120000,RENT,5.0,HOMEIMPROVEMENT,A,10000,7.51,0.08,N,8,0
21458,31,51996,MORTGAGE,10.0,PERSONAL,A,5000,5.99,0.1,N,7,0
21459,21,60000,RENT,5.0,EDUCATION,D,12800,15.7,0.21,Y,3,0
21460,23,48996,RENT,3.0,PERSONAL,A,5000,6.17,0.1,N,2,0
21461,26,80000,MORTGAGE,10.0,PERSONAL,D,7500,15.99,0.09,Y,3,0
21462,22,60000,RENT,3.0,DEBTCONSOLIDATION,A,7000,7.51,0.12,N,4,0
21463,30,60000,OWN,14.0,PERSONAL,B,4000,11.83,0.07,N,8,0
21464,44,30000,OWN,4.0,VENTURE,B,6000,9.91,0.2,N,13,0
21465,26,58195,RENT,3.0,PERSONAL,B,12000,9.91,0.21,N,3,0
21466,26,40100,RENT,10.0,MEDICAL,C,7175,12.99,0.18,Y,4,0
21467,27,44000,RENT,2.0,MEDICAL,C,1000,14.35,0.02,N,6,0
21468,25,40000,RENT,9.0,VENTURE,A,6000,8.49,0.15,N,4,0
21469,23,59000,RENT,2.0,MEDICAL,E,20000,16.7,0.34,N,2,1
21470,31,43000,RENT,4.0,HOMEIMPROVEMENT,A,10000,8.49,0.23,N,9,0
21471,32,55000,RENT,3.0,PERSONAL,C,3200,13.92,0.06,N,9,0
21472,41,50000,RENT,5.0,EDUCATION,B,6000,11.49,0.12,N,16,0
21473,25,60000,RENT,5.0,PERSONAL,B,7500,10.25,0.12,N,2,0
21474,23,40000,MORTGAGE,7.0,EDUCATION,A,3000,7.29,0.08,N,4,0
21475,26,60000,OWN,10.0,HOMEIMPROVEMENT,B,1200,10.99,0.02,N,2,0
21476,34,20100,OWN,18.0,VENTURE,B,8000,11.48,0.43,N,6,0
21477,40,85000,MORTGAGE,18.0,MEDICAL,B,10000,9.99,0.12,N,12,0
21478,37,40000,RENT,0.0,PERSONAL,A,15000,8.49,0.38,N,15,1
21479,27,50000,MORTGAGE,2.0,EDUCATION,A,2000,5.42,0.04,N,9,0
21480,26,100000,RENT,4.0,HOMEIMPROVEMENT,B,5000,11.36,0.05,N,4,0
21481,23,104550,MORTGAGE,7.0,MEDICAL,D,24000,15.21,0.2,N,3,1
21482,24,24000,RENT,0.0,EDUCATION,C,8875,13.16,0.37,N,2,1
21483,31,62000,MORTGAGE,15.0,HOMEIMPROVEMENT,A,3000,5.42,0.05,N,8,0
21484,28,65000,MORTGAGE,12.0,HOMEIMPROVEMENT,B,20000,10.25,0.31,N,10,0
21485,29,58000,MORTGAGE,11.0,MEDICAL,C,15000,12.73,0.26,Y,6,0
21486,39,28000,OWN,0.0,MEDICAL,B,3250,10.74,0.12,N,14,0
21487,23,57000,MORTGAGE,4.0,VENTURE,B,15000,11.58,0.26,N,3,0
21488,30,34000,RENT,1.0,PERSONAL,B,13000,11.48,0.38,N,6,1
21489,25,64600,MORTGAGE,9.0,VENTURE,A,2500,6.99,0.04,N,3,0
21490,30,60000,RENT,13.0,PERSONAL,C,10000,13.72,0.17,N,6,0
21491,28,42000,RENT,0.0,MEDICAL,B,4000,10.37,0.1,N,5,0
21492,56,71884,OWN,10.0,PERSONAL,B,7425,9.99,0.1,N,11,0
21493,24,125000,RENT,0.0,EDUCATION,B,8000,11.14,0.06,N,4,0
21494,22,70000,RENT,6.0,DEBTCONSOLIDATION,C,10000,14.27,0.14,Y,4,0
21495,30,70000,RENT,3.0,HOMEIMPROVEMENT,A,3600,6.03,0.05,N,6,0
21496,23,80000,RENT,6.0,PERSONAL,B,15000,10.62,0.19,N,2,0
21497,29,25000,RENT,2.0,MEDICAL,A,8500,7.51,0.34,N,9,1
21498,22,128004,RENT,4.0,EDUCATION,B,3000,11.48,0.02,N,3,0
21499,23,95000,RENT,2.0,DEBTCONSOLIDATION,A,7275,6.91,0.08,N,3,0
21500,22,45000,RENT,6.0,DEBTCONSOLIDATION,B,10000,10.99,0.22,N,4,0
21501,26,21000,RENT,3.0,VENTURE,B,5000,9.45,0.24,N,2,0
21502,22,50000,MORTGAGE,4.0,DEBTCONSOLIDATION,B,5000,10.99,0.1,N,3,0
21503,25,96000,MORTGAGE,0.0,HOMEIMPROVEMENT,A,7000,6.99,0.07,N,4,0
21504,26,130000,MORTGAGE,0.0,HOMEIMPROVEMENT,E,5000,17.56,0.04,Y,3,0
21505,31,80000,MORTGAGE,6.0,DEBTCONSOLIDATION,A,10000,7.51,0.13,N,8,0
21506,22,30000,RENT,2.0,VENTURE,D,3250,14.59,0.11,Y,4,1
21507,51,60000,MORTGAGE,1.0,PERSONAL,A,10000,5.42,0.17,N,24,0
21508,23,50000,RENT,4.0,DEBTCONSOLIDATION,B,5000,9.25,0.1,N,3,0
21509,29,115000,MORTGAGE,1.0,HOMEIMPROVEMENT,C,7500,11.34,0.07,Y,8,0
21510,24,65000,MORTGAGE,8.0,DEBTCONSOLIDATION,A,10000,7.49,0.15,N,3,0
21511,22,60000,MORTGAGE,2.0,PERSONAL,B,10000,9.99,0.17,N,4,0
21512,53,25000,RENT,6.0,DEBTCONSOLIDATION,B,8000,10.74,0.32,N,22,1
21513,24,75000,RENT,4.0,VENTURE,A,10000,7.51,0.13,N,4,0
21514,39,60000,RENT,9.0,HOMEIMPROVEMENT,B,15000,11.83,0.25,N,11,0
21515,36,80000,MORTGAGE,9.0,VENTURE,B,10000,10.99,0.13,N,15,0
21516,22,50000,RENT,2.0,EDUCATION,C,7000,13.57,0.14,Y,4,0
21517,24,50000,RENT,8.0,DEBTCONSOLIDATION,B,10000,11.36,0.2,N,4,0
21518,30,85000,RENT,1.0,EDUCATION,A,3000,7.66,0.04,N,7,0
21519,21,25000,RENT,4.0,EDUCATION,A,5000,7.14,0.2,N,3,0
21520,23,45000,OWN,6.0,VENTURE,A,7000,6.99,0.16,N,3,0
21521,23,69000,MORTGAGE,7.0,MEDICAL,B,6400,10.99,0.09,N,3,0
21522,38,40000,MORTGAGE,6.0,VENTURE,B,3200,9.25,0.08,N,17,0
21523,25,110000,RENT,3.0,PERSONAL,C,8000,13.16,0.07,N,4,0
21524,24,51480,RENT,5.0,HOMEIMPROVEMENT,B,8000,11.83,0.16,N,2,0
21525,39,32004,RENT,2.0,VENTURE,B,3600,11.49,0.11,N,12,0
21526,24,70000,RENT,2.0,HOMEIMPROVEMENT,A,6000,7.66,0.09,N,3,0
21527,32,56000,RENT,12.0,MEDICAL,C,15000,12.73,0.27,Y,10,1
21528,28,116000,MORTGAGE,5.0,EDUCATION,B,12000,10.36,0.1,N,8,0
21529,22,34000,RENT,3.0,EDUCATION,C,10000,13.85,0.29,N,2,0
21530,28,100000,MORTGAGE,6.0,MEDICAL,C,15000,12.87,0.15,N,9,0
21531,23,65000,MORTGAGE,0.0,VENTURE,B,10000,11.26,0.15,N,4,0
21532,44,70000,MORTGAGE,3.0,EDUCATION,C,4000,13.92,0.06,Y,12,1
21533,28,48000,MORTGAGE,12.0,EDUCATION,B,8400,12.18,0.17,N,6,0
21534,28,42000,MORTGAGE,0.0,HOMEIMPROVEMENT,A,10000,8.94,0.24,N,9,0
21535,41,74784,MORTGAGE,5.0,HOMEIMPROVEMENT,B,15000,12.18,0.2,N,14,0
21536,22,37000,MORTGAGE,6.0,EDUCATION,A,7500,7.88,0.21,N,3,0
21537,37,45000,MORTGAGE,15.0,DEBTCONSOLIDATION,A,10000,7.51,0.22,N,13,0
21538,22,60000,MORTGAGE,6.0,MEDICAL,B,3000,11.86,0.05,N,4,0
21539,23,68700,RENT,2.0,VENTURE,D,30000,14.98,0.5,Y,4,1
21540,31,70000,MORTGAGE,2.0,EDUCATION,D,25000,11.86,0.36,N,8,0
21541,33,60000,RENT,0.0,VENTURE,B,10000,9.63,0.17,N,9,0
21542,24,90000,MORTGAGE,8.0,VENTURE,A,3000,6.62,0.03,N,3,0
21543,30,60000,RENT,0.0,DEBTCONSOLIDATION,D,14000,15.31,0.23,Y,9,1
21544,27,55000,MORTGAGE,7.0,MEDICAL,A,10425,6.62,0.19,N,7,0
21545,22,55000,MORTGAGE,6.0,EDUCATION,A,10000,8.94,0.18,N,4,0
21546,24,60000,RENT,3.0,HOMEIMPROVEMENT,A,8000,7.9,0.13,N,3,0
21547,23,33321,OWN,4.0,EDUCATION,B,12250,9.63,0.37,N,2,0
21548,23,48000,MORTGAGE,7.0,VENTURE,A,5000,7.29,0.1,N,2,0
21549,33,60000,MORTGAGE,3.0,EDUCATION,B,6000,10.38,0.1,N,5,0
21550,22,62000,MORTGAGE,6.0,EDUCATION,A,12000,7.88,0.19,N,3,0
21551,23,40000,RENT,5.0,PERSONAL,A,10750,5.79,0.27,N,2,0
21552,23,40000,RENT,7.0,PERSONAL,A,5000,6.17,0.13,N,2,0
21553,24,56628,MORTGAGE,0.0,DEBTCONSOLIDATION,B,15000,10.75,0.26,N,2,0
21554,34,135000,MORTGAGE,6.0,MEDICAL,B,8000,10.74,0.06,N,6,0
21555,34,70000,RENT,4.0,EDUCATION,B,7200,9.99,0.1,N,8,0
21556,25,136000,MORTGAGE,9.0,DEBTCONSOLIDATION,A,9600,7.14,0.07,N,2,0
21557,24,60000,MORTGAGE,8.0,VENTURE,A,8000,7.29,0.13,N,4,0
21558,30,72000,MORTGAGE,4.0,MEDICAL,A,3000,7.29,0.04,N,7,0
21559,25,96000,RENT,5.0,HOMEIMPROVEMENT,A,11200,8.9,0.12,N,3,0
21560,32,60000,MORTGAGE,5.0,VENTURE,A,10000,7.49,0.17,N,8,0
21561,23,246725,OWN,4.0,MEDICAL,D,24250,15.31,0.11,Y,2,1
21562,23,32000,RENT,3.0,MEDICAL,C,5000,14.79,0.16,N,4,0
21563,25,70000,MORTGAGE,9.0,DEBTCONSOLIDATION,A,15600,7.9,0.22,N,3,0
21564,24,115000,MORTGAGE,4.0,VENTURE,B,20000,12.21,0.17,N,4,0
21565,25,80000,MORTGAGE,9.0,MEDICAL,A,6000,7.4,0.07,N,4,0
21566,25,42000,RENT,4.0,MEDICAL,B,4000,12.42,0.1,N,3,0
21567,22,54996,MORTGAGE,4.0,MEDICAL,C,15000,13.35,0.27,N,4,0
21568,23,38004,RENT,2.0,DEBTCONSOLIDATION,A,4500,6.91,0.12,N,2,0
21569,30,200000,MORTGAGE,14.0,DEBTCONSOLIDATION,C,15000,11.66,0.08,Y,7,0
21570,37,42000,RENT,0.0,VENTURE,C,10200,11.72,0.25,N,13,0
21571,28,36000,MORTGAGE,2.0,PERSONAL,C,4000,14.35,0.11,N,8,1
21572,32,35000,RENT,1.0,MEDICAL,C,4500,13.49,0.13,Y,9,0
21573,35,74000,RENT,0.0,HOMEIMPROVEMENT,B,20000,11.89,0.27,N,8,1
21574,53,48000,MORTGAGE,7.0,PERSONAL,A,5000,7.49,0.1,N,28,0
21575,32,38000,MORTGAGE,12.0,VENTURE,B,5000,11.36,0.13,N,10,0
21576,27,45000,RENT,1.0,EDUCATION,B,11000,10.59,0.24,N,10,0
21577,24,36000,RENT,0.0,MEDICAL,E,10000,17.56,0.28,N,2,1
21578,37,53400,MORTGAGE,4.0,HOMEIMPROVEMENT,A,13600,6.03,0.25,N,13,0
21579,27,100000,MORTGAGE,5.0,HOMEIMPROVEMENT,B,6000,11.83,0.06,N,10,0
21580,24,59500,MORTGAGE,0.0,MEDICAL,A,4200,5.42,0.07,N,4,0
21581,41,48000,MORTGAGE,3.0,HOMEIMPROVEMENT,B,8000,11.49,0.17,N,12,0
21582,35,30000,RENT,6.0,MEDICAL,A,6000,7.14,0.2,N,10,0
21583,25,31200,RENT,3.0,EDUCATION,B,11200,11.14,0.36,N,4,0
21584,24,60000,RENT,5.0,PERSONAL,D,9800,16.77,0.16,Y,4,0
21585,31,55000,RENT,0.0,MEDICAL,A,15000,8.9,0.27,N,6,0
21586,40,98000,MORTGAGE,5.0,VENTURE,B,10000,11.48,0.1,N,11,0
21587,27,60000,RENT,8.0,VENTURE,B,2000,12.69,0.03,N,8,0
21588,26,43000,RENT,2.0,EDUCATION,C,6500,13.49,0.15,Y,4,0
21589,29,130000,MORTGAGE,2.0,DEBTCONSOLIDATION,B,20000,11.14,0.15,N,10,0
21590,22,75000,RENT,4.0,PERSONAL,A,10000,6.62,0.13,N,3,0
21591,31,60000,MORTGAGE,15.0,DEBTCONSOLIDATION,A,12000,7.29,0.2,N,7,0
21592,22,40000,OWN,6.0,PERSONAL,A,4500,7.14,0.11,N,3,0
21593,25,24000,RENT,4.0,EDUCATION,C,5000,15.96,0.21,N,4,0
21594,23,30000,RENT,0.0,EDUCATION,B,2400,11.71,0.08,N,2,0
21595,22,36000,RENT,1.0,EDUCATION,A,5000,8.94,0.14,N,4,0
21596,22,60000,RENT,2.0,PERSONAL,A,6000,7.88,0.1,N,4,0
21597,40,100000,RENT,1.0,HOMEIMPROVEMENT,A,7000,9.63,0.07,N,17,0
21598,25,80000,RENT,4.0,VENTURE,A,15000,7.9,0.19,N,2,0
21599,30,70000,RENT,0.0,EDUCATION,C,4500,13.61,0.06,N,6,0
21600,21,75576,MORTGAGE,5.0,EDUCATION,B,18000,9.88,0.24,N,3,0
21601,30,70000,RENT,1.0,PERSONAL,B,20000,12.21,0.29,N,9,0
21602,24,50000,RENT,8.0,EDUCATION,A,10000,7.29,0.2,N,2,0
21603,25,60000,RENT,2.0,PERSONAL,C,12000,13.57,0.2,Y,2,0
21604,26,80000,MORTGAGE,5.0,MEDICAL,B,25000,10.99,0.31,N,3,0
21605,25,100000,MORTGAGE,9.0,PERSONAL,A,4800,8.0,0.05,N,4,0
21606,24,29184,RENT,0.0,MEDICAL,A,1800,7.49,0.06,N,4,0
21607,42,54000,RENT,0.0,EDUCATION,D,5000,14.42,0.09,N,17,1
21608,25,80000,RENT,3.0,HOMEIMPROVEMENT,A,7500,9.63,0.09,N,4,0
21609,45,48000,RENT,11.0,MEDICAL,B,7600,10.37,0.16,N,11,0
21610,24,87600,MORTGAGE,8.0,DEBTCONSOLIDATION,C,20000,13.11,0.23,N,3,0
21611,23,54000,RENT,5.0,DEBTCONSOLIDATION,B,18900,11.99,0.34,N,2,1
21612,24,39996,RENT,0.0,PERSONAL,A,3000,7.37,0.08,N,2,0
21613,26,35138,RENT,5.0,VENTURE,D,3600,15.65,0.1,Y,2,1
21614,28,54000,RENT,3.0,HOMEIMPROVEMENT,C,5000,13.8,0.09,Y,10,1
21615,26,75000,RENT,0.0,HOMEIMPROVEMENT,A,20000,6.91,0.27,N,4,0
21616,23,96000,MORTGAGE,7.0,VENTURE,A,4000,8.49,0.04,N,4,0
21617,25,102000,RENT,3.0,EDUCATION,A,20000,6.91,0.2,N,3,0
21618,41,24000,MORTGAGE,5.0,DEBTCONSOLIDATION,C,1500,12.98,0.06,Y,13,0
21619,29,24000,RENT,2.0,EDUCATION,B,1325,10.38,0.06,N,10,1
21620,40,60000,MORTGAGE,12.0,VENTURE,B,10000,10.36,0.17,N,16,0
21621,26,130000,MORTGAGE,0.0,DEBTCONSOLIDATION,A,10000,7.51,0.08,N,4,0
21622,27,35000,RENT,5.0,VENTURE,C,8000,12.84,0.23,N,10,0
21623,37,54000,RENT,2.0,MEDICAL,D,7000,16.89,0.13,Y,17,1
21624,24,69996,MORTGAGE,5.0,VENTURE,B,6000,10.75,0.09,N,2,0
21625,35,51996,OWN,3.0,VENTURE,C,9600,13.98,0.18,Y,6,0
21626,40,55000,MORTGAGE,3.0,EDUCATION,E,12000,15.2,0.22,N,14,0
21627,27,35000,RENT,4.0,VENTURE,C,5000,13.49,0.14,N,7,1
21628,28,60000,MORTGAGE,0.0,MEDICAL,A,7500,5.79,0.13,N,7,0
21629,22,50000,RENT,0.0,EDUCATION,C,5000,13.49,0.1,Y,3,0
21630,22,34000,RENT,0.0,EDUCATION,B,6000,11.99,0.18,N,3,0
21631,24,55000,RENT,8.0,MEDICAL,C,4000,12.99,0.07,N,4,0
21632,29,40000,MORTGAGE,2.0,DEBTCONSOLIDATION,A,12000,7.9,0.3,N,10,0
21633,23,60000,RENT,5.0,DEBTCONSOLIDATION,B,10000,10.65,0.17,N,3,0
21634,35,85000,MORTGAGE,3.0,PERSONAL,B,4000,12.69,0.05,N,8,0
21635,22,50000,MORTGAGE,6.0,EDUCATION,A,8000,5.99,0.16,N,3,0
21636,22,90000,MORTGAGE,6.0,PERSONAL,A,17000,7.88,0.19,N,4,0
21637,33,40000,RENT,2.0,DEBTCONSOLIDATION,A,12000,7.9,0.3,N,8,0
21638,34,35000,MORTGAGE,12.0,DEBTCONSOLIDATION,C,7000,13.35,0.2,N,9,0
21639,36,55000,MORTGAGE,3.0,HOMEIMPROVEMENT,B,8500,9.63,0.15,N,13,0
21640,22,74000,RENT,6.0,DEBTCONSOLIDATION,B,11500,11.71,0.16,N,2,1
21641,26,54660,RENT,2.0,MEDICAL,B,5000,10.62,0.09,N,2,0
21642,26,72000,MORTGAGE,4.0,DEBTCONSOLIDATION,E,12000,15.95,0.17,Y,3,1
21643,33,81800,MORTGAGE,17.0,EDUCATION,B,2400,11.36,0.03,N,8,0
21644,23,95000,MORTGAGE,5.0,DEBTCONSOLIDATION,C,2400,14.27,0.03,Y,2,0
21645,27,110000,MORTGAGE,4.0,VENTURE,B,18000,9.91,0.16,N,8,0
21646,28,35000,RENT,4.0,DEBTCONSOLIDATION,C,4000,12.99,0.11,N,10,0
21647,29,52000,RENT,2.0,PERSONAL,C,4800,13.22,0.09,Y,8,0
21648,27,76000,RENT,4.0,DEBTCONSOLIDATION,A,6000,8.9,0.08,N,9,0
21649,22,39152,MORTGAGE,6.0,EDUCATION,C,3000,13.35,0.07,Y,2,0
21650,23,80000,RENT,5.0,PERSONAL,D,9600,14.46,0.12,Y,2,0
21651,29,50000,MORTGAGE,1.0,EDUCATION,B,5000,10.59,0.1,N,7,0
21652,31,125000,MORTGAGE,0.0,HOMEIMPROVEMENT,A,12000,5.79,0.1,N,7,0
21653,22,28596,RENT,0.0,PERSONAL,B,1500,11.83,0.05,N,3,0
21654,28,38400,OWN,0.0,PERSONAL,C,4000,12.53,0.1,N,8,0
21655,36,44400,MORTGAGE,1.0,PERSONAL,C,2100,13.49,0.05,N,11,0
21656,22,26000,RENT,1.0,VENTURE,B,12000,11.58,0.46,N,4,1
21657,29,68000,MORTGAGE,9.0,HOMEIMPROVEMENT,A,2500,7.88,0.04,N,6,0
21658,24,44000,RENT,2.0,EDUCATION,C,13000,12.68,0.29,Y,4,1
21659,24,78386,OWN,3.0,VENTURE,A,10000,6.91,0.13,N,4,0
21660,26,40000,RENT,0.0,VENTURE,A,12000,7.51,0.3,N,4,0
21661,24,29676,RENT,3.0,EDUCATION,B,5000,10.0,0.16,N,2,0
21662,27,65000,MORTGAGE,11.0,PERSONAL,A,10000,6.99,0.15,N,7,0
21663,23,78000,RENT,4.0,MEDICAL,C,6000,12.99,0.08,N,4,0
21664,22,45000,RENT,2.0,DEBTCONSOLIDATION,B,4000,12.53,0.09,N,3,0
21665,27,121680,MORTGAGE,3.0,HOMEIMPROVEMENT,B,15000,10.37,0.12,N,9,0
21666,27,30000,MORTGAGE,6.0,VENTURE,C,2000,12.99,0.07,Y,7,0
21667,26,35000,RENT,5.0,DEBTCONSOLIDATION,B,7000,10.65,0.2,N,2,0
21668,48,50000,RENT,7.0,MEDICAL,B,4000,11.71,0.08,N,13,0
21669,24,90000,RENT,5.0,DEBTCONSOLIDATION,A,10000,6.54,0.11,N,2,0
21670,25,81120,MORTGAGE,5.0,HOMEIMPROVEMENT,B,12000,10.25,0.15,N,2,0
21671,31,42000,RENT,0.0,MEDICAL,C,1500,12.84,0.04,N,5,1
21672,24,61800,MORTGAGE,6.0,MEDICAL,A,18000,7.29,0.29,N,4,0
21673,28,60000,RENT,3.0,PERSONAL,D,25000,16.32,0.43,Y,8,1
21674,31,56400,RENT,1.0,HOMEIMPROVEMENT,B,4000,9.99,0.07,N,6,1
21675,24,50000,RENT,1.0,EDUCATION,A,13500,6.92,0.26,N,4,0
21676,30,49713,RENT,2.0,DEBTCONSOLIDATION,C,11000,13.11,0.22,Y,10,0
21677,27,65000,RENT,11.0,EDUCATION,D,15000,14.59,0.23,Y,5,0
21678,26,24000,RENT,5.0,DEBTCONSOLIDATION,B,4500,10.99,0.19,N,4,0
21679,33,50000,MORTGAGE,0.0,PERSONAL,C,5600,13.57,0.11,Y,9,0
21680,22,44000,RENT,1.0,HOMEIMPROVEMENT,E,2500,18.79,0.06,N,2,1
21681,23,80000,MORTGAGE,7.0,EDUCATION,A,3000,5.99,0.04,N,2,0
21682,25,73000,RENT,9.0,EDUCATION,C,6500,14.35,0.09,Y,3,0
21683,30,70000,MORTGAGE,14.0,DEBTCONSOLIDATION,A,14000,8.94,0.2,N,10,0
21684,23,75000,RENT,7.0,VENTURE,B,12000,12.42,0.16,N,4,0
21685,27,78000,RENT,5.0,VENTURE,C,15000,14.26,0.19,Y,7,0
21686,24,35000,RENT,0.0,MEDICAL,B,10000,11.26,0.29,N,2,0
21687,32,110000,RENT,0.0,VENTURE,B,13000,11.11,0.12,N,10,0
21688,29,74000,RENT,12.0,DEBTCONSOLIDATION,E,11000,18.79,0.15,Y,5,1
21689,39,119000,OWN,16.0,HOMEIMPROVEMENT,B,35000,12.18,0.29,N,13,0
21690,33,54000,MORTGAGE,3.0,EDUCATION,A,10000,7.88,0.19,N,7,0
21691,24,70000,RENT,1.0,DEBTCONSOLIDATION,A,3000,7.4,0.04,N,4,0
21692,22,70000,MORTGAGE,1.0,EDUCATION,A,13750,7.88,0.2,N,3,0
21693,30,250000,RENT,2.0,DEBTCONSOLIDATION,C,4000,14.22,0.02,Y,9,0
21694,45,40000,OWN,4.0,VENTURE,A,4000,7.51,0.1,N,14,0
21695,22,60000,MORTGAGE,4.0,MEDICAL,A,15000,7.9,0.25,N,2,0
21696,28,70000,RENT,0.0,HOMEIMPROVEMENT,A,10000,8.94,0.14,N,8,0
21697,35,60000,MORTGAGE,3.0,PERSONAL,A,3000,7.14,0.05,N,6,0
21698,23,52000,RENT,1.0,PERSONAL,A,8000,5.42,0.15,N,3,0
21699,23,55000,RENT,7.0,PERSONAL,A,10000,6.03,0.18,N,4,0
21700,29,50000,RENT,4.0,EDUCATION,A,2500,7.14,0.05,N,5,0
21701,25,32000,RENT,3.0,EDUCATION,D,6000,15.21,0.19,N,4,0
21702,23,90000,MORTGAGE,3.0,PERSONAL,B,7000,12.21,0.08,N,4,0
21703,29,150000,MORTGAGE,13.0,MEDICAL,B,20000,11.11,0.13,N,8,0
21704,26,60000,MORTGAGE,5.0,HOMEIMPROVEMENT,B,12500,10.65,0.21,N,2,0
21705,33,58000,RENT,2.0,HOMEIMPROVEMENT,B,13500,11.26,0.23,N,9,1
21706,31,72000,RENT,8.0,DEBTCONSOLIDATION,C,16000,13.06,0.22,Y,5,0
21707,41,43000,RENT,8.0,MEDICAL,B,14000,11.83,0.35,N,14,1
21708,25,32004,RENT,2.0,PERSONAL,C,6000,14.35,0.19,N,4,0
21709,32,70000,MORTGAGE,2.0,VENTURE,B,10000,9.88,0.14,N,9,0
21710,22,58500,MORTGAGE,2.0,EDUCATION,A,4000,5.79,0.07,N,4,0
21711,23,80000,MORTGAGE,5.0,EDUCATION,A,8000,5.99,0.1,N,2,0
21712,24,96000,MORTGAGE,6.0,EDUCATION,C,6000,13.49,0.06,N,4,0
21713,27,76000,OWN,11.0,DEBTCONSOLIDATION,D,7000,14.96,0.09,N,10,0
21714,31,50000,MORTGAGE,5.0,VENTURE,B,8000,12.53,0.16,N,9,0
21715,24,50000,MORTGAGE,8.0,HOMEIMPROVEMENT,A,3600,7.49,0.07,N,4,0
21716,23,76460,MORTGAGE,0.0,DEBTCONSOLIDATION,C,20000,13.98,0.27,Y,4,0
21717,31,42000,RENT,4.0,MEDICAL,C,5000,15.96,0.12,N,10,0
21718,22,27000,RENT,3.0,EDUCATION,B,4000,9.99,0.15,N,3,0
21719,29,95000,MORTGAGE,9.0,VENTURE,A,10000,7.49,0.11,N,10,0
21720,33,55000,MORTGAGE,7.0,MEDICAL,A,9000,7.9,0.16,N,5,0
21721,23,60000,RENT,2.0,PERSONAL,B,25000,11.83,0.42,N,4,1
21722,31,30000,RENT,2.0,VENTURE,C,4000,13.49,0.13,N,9,0
21723,29,91992,RENT,0.0,PERSONAL,C,3350,14.72,0.04,N,7,0
21724,26,30000,RENT,3.0,DEBTCONSOLIDATION,C,3000,14.72,0.1,N,3,0
21725,46,140000,MORTGAGE,7.0,DEBTCONSOLIDATION,A,12000,6.03,0.09,N,15,0
21726,37,150000,RENT,13.0,VENTURE,A,5000,7.9,0.03,N,11,0
21727,32,32000,RENT,2.0,MEDICAL,A,2000,7.29,0.06,N,9,1
21728,29,40000,RENT,1.0,DEBTCONSOLIDATION,B,4000,10.0,0.1,N,6,0
21729,45,55000,MORTGAGE,13.0,PERSONAL,A,4000,6.03,0.07,N,12,0
21730,21,55000,MORTGAGE,0.0,PERSONAL,A,12000,5.79,0.22,N,2,0
21731,33,63996,MORTGAGE,9.0,DEBTCONSOLIDATION,B,2400,10.0,0.04,N,5,0
21732,22,45600,MORTGAGE,0.0,DEBTCONSOLIDATION,A,7200,6.99,0.16,N,2,0
21733,22,30000,RENT,6.0,VENTURE,C,6000,13.49,0.2,Y,2,0
21734,22,35000,RENT,6.0,VENTURE,B,8000,11.12,0.23,N,3,0
21735,29,96339,MORTGAGE,11.0,EDUCATION,A,11100,7.29,0.12,N,7,0
21736,22,60000,RENT,5.0,MEDICAL,B,6000,11.83,0.1,N,3,0
21737,28,96000,MORTGAGE,8.0,VENTURE,A,6000,8.49,0.06,N,6,0
21738,30,100000,MORTGAGE,6.0,HOMEIMPROVEMENT,B,10000,10.74,0.1,N,5,0
21739,45,30000,RENT,1.0,PERSONAL,C,10000,13.48,0.33,Y,11,1
21740,30,104000,MORTGAGE,5.0,EDUCATION,A,6000,7.49,0.06,N,7,0
21741,28,90000,RENT,0.0,MEDICAL,C,15000,13.85,0.17,Y,8,0
21742,24,45000,RENT,6.0,MEDICAL,D,6000,16.49,0.13,Y,4,0
21743,32,35100,MORTGAGE,4.0,EDUCATION,A,1000,7.51,0.03,N,6,0
21744,40,35000,RENT,1.0,MEDICAL,C,3500,14.27,0.1,Y,16,0
21745,36,69000,MORTGAGE,0.0,PERSONAL,C,7800,12.41,0.11,N,15,0
21746,24,122000,MORTGAGE,8.0,HOMEIMPROVEMENT,A,15000,8.49,0.12,N,4,0
21747,36,18000,RENT,0.0,HOMEIMPROVEMENT,E,12000,18.39,0.56,Y,12,1
21748,25,60000,RENT,4.0,DEBTCONSOLIDATION,B,3000,10.99,0.05,N,2,0
21749,23,51000,MORTGAGE,7.0,DEBTCONSOLIDATION,A,23450,7.49,0.43,N,3,0
21750,25,122004,MORTGAGE,9.0,EDUCATION,B,15000,9.99,0.12,N,2,0
21751,31,95000,RENT,4.0,EDUCATION,B,12000,12.42,0.13,N,5,0
21752,25,25000,RENT,6.0,DEBTCONSOLIDATION,B,6000,11.99,0.24,N,4,0
21753,21,65000,MORTGAGE,5.0,EDUCATION,B,15000,10.75,0.23,N,3,0
21754,26,65000,RENT,7.0,PERSONAL,A,14000,8.49,0.22,N,2,0
21755,25,55000,RENT,0.0,EDUCATION,B,5000,10.0,0.09,N,2,0
21756,31,50000,RENT,2.0,VENTURE,C,7000,12.53,0.14,N,7,0
21757,28,50000,MORTGAGE,4.0,DEBTCONSOLIDATION,A,3000,6.92,0.06,N,5,0
21758,24,63000,RENT,5.0,VENTURE,D,12800,17.27,0.21,N,4,0
21759,22,25000,RENT,0.0,EDUCATION,B,3000,9.91,0.12,N,2,0
21760,34,30000,RENT,0.0,VENTURE,D,5000,14.42,0.17,N,5,1
21761,24,55000,MORTGAGE,5.0,MEDICAL,B,15000,11.12,0.27,N,3,0
21762,22,39996,OWN,5.0,EDUCATION,B,15000,11.36,0.38,N,2,0
21763,23,65000,RENT,2.0,MEDICAL,A,3000,8.49,0.05,N,2,0
21764,36,45000,MORTGAGE,2.0,VENTURE,C,10000,13.57,0.22,N,16,0
21765,31,60000,MORTGAGE,14.0,PERSONAL,A,3000,7.88,0.05,N,5,0
21766,25,132000,MORTGAGE,4.0,DEBTCONSOLIDATION,A,10000,7.88,0.08,N,3,0
21767,29,65004,MORTGAGE,4.0,HOMEIMPROVEMENT,A,3500,6.03,0.06,N,6,0
21768,22,42000,MORTGAGE,6.0,VENTURE,B,12500,9.91,0.3,N,3,0
21769,22,67000,MORTGAGE,2.0,PERSONAL,C,16000,13.98,0.24,Y,4,0
21770,29,300000,OWN,11.0,HOMEIMPROVEMENT,A,6000,7.14,0.02,N,5,0
21771,25,60000,MORTGAGE,10.0,HOMEIMPROVEMENT,A,15000,7.29,0.25,N,4,0
21772,28,140000,MORTGAGE,11.0,HOMEIMPROVEMENT,E,25000,15.75,0.18,Y,9,0
21773,32,76254,MORTGAGE,3.0,HOMEIMPROVEMENT,A,14000,7.14,0.18,N,9,0
21774,27,60000,RENT,0.0,EDUCATION,C,3000,14.26,0.05,N,9,0
21775,26,81996,MORTGAGE,10.0,EDUCATION,A,11000,6.17,0.14,N,3,0
21776,31,60000,RENT,5.0,HOMEIMPROVEMENT,C,14000,14.27,0.23,N,6,0
21777,29,65000,MORTGAGE,6.0,DEBTCONSOLIDATION,B,10000,12.42,0.15,N,10,0
21778,42,50000,RENT,3.0,MEDICAL,C,6000,13.22,0.12,N,16,0
21779,24,70000,MORTGAGE,8.0,EDUCATION,A,3500,7.51,0.05,N,4,0
21780,30,55000,RENT,3.0,PERSONAL,C,4500,14.72,0.08,N,7,0
21781,28,30000,OWN,2.0,HOMEIMPROVEMENT,A,10000,5.79,0.33,N,8,0
21782,23,67000,RENT,5.0,DEBTCONSOLIDATION,B,10000,9.99,0.15,N,2,0
21783,28,90000,RENT,1.0,MEDICAL,B,7500,9.76,0.08,N,10,0
21784,29,50400,RENT,5.0,DEBTCONSOLIDATION,D,7500,15.37,0.15,N,10,1
21785,23,37000,RENT,1.0,MEDICAL,B,7000,11.83,0.19,N,2,0
21786,29,30000,RENT,3.0,MEDICAL,A,3000,7.74,0.1,N,10,0
21787,34,75000,RENT,8.0,DEBTCONSOLIDATION,A,10000,6.54,0.13,N,6,0
21788,26,49000,MORTGAGE,3.0,MEDICAL,C,7500,13.49,0.15,Y,4,1
21789,33,24996,RENT,3.0,MEDICAL,B,5000,9.25,0.2,N,5,0
21790,41,33504,RENT,3.0,EDUCATION,C,12000,13.98,0.36,Y,11,1
21791,23,90000,MORTGAGE,7.0,DEBTCONSOLIDATION,A,3000,7.9,0.03,N,2,0
21792,30,50000,OWN,0.0,VENTURE,D,8000,15.95,0.16,Y,8,0
21793,27,50000,MORTGAGE,3.0,DEBTCONSOLIDATION,A,12000,7.29,0.24,N,6,0
21794,37,50000,RENT,0.0,EDUCATION,B,8000,10.62,0.16,N,13,0
21795,22,95000,MORTGAGE,5.0,DEBTCONSOLIDATION,A,5000,6.76,0.05,N,4,0
21796,25,75000,OWN,2.0,VENTURE,D,1200,16.29,0.02,Y,3,0
21797,35,51000,OWN,7.0,VENTURE,B,16000,10.99,0.31,N,10,0
21798,32,45996,RENT,1.0,HOMEIMPROVEMENT,B,1800,11.26,0.04,N,9,0
21799,28,30000,RENT,1.0,MEDICAL,B,14500,11.48,0.48,N,6,1
21800,25,125004,MORTGAGE,0.0,DEBTCONSOLIDATION,A,15000,7.88,0.12,N,2,0
21801,22,50000,RENT,7.0,EDUCATION,C,14000,13.49,0.28,Y,4,0
21802,28,30000,MORTGAGE,4.0,VENTURE,B,3000,11.49,0.1,N,9,0
21803,27,90000,RENT,1.0,VENTURE,B,14000,11.86,0.16,N,9,0
21804,39,57000,MORTGAGE,7.0,EDUCATION,A,6000,6.03,0.11,N,13,0
21805,26,59196,MORTGAGE,10.0,DEBTCONSOLIDATION,B,17500,10.0,0.29,N,3,0
21806,46,55000,MORTGAGE,3.0,VENTURE,B,5000,10.37,0.09,N,13,0
21807,25,48000,RENT,5.0,DEBTCONSOLIDATION,A,3500,6.99,0.07,N,4,0
21808,25,50000,MORTGAGE,2.0,MEDICAL,B,10000,9.99,0.2,N,3,0
21809,40,75996,MORTGAGE,15.0,MEDICAL,A,10000,6.91,0.13,N,16,0
21810,23,33204,RENT,7.0,PERSONAL,C,2000,14.27,0.06,Y,3,0
21811,28,86000,MORTGAGE,4.0,EDUCATION,A,15000,6.91,0.17,N,8,0
21812,32,35000,RENT,3.0,PERSONAL,B,5000,9.88,0.14,N,6,0
21813,27,52128,RENT,0.0,VENTURE,A,13000,8.94,0.25,N,8,0
21814,26,39000,RENT,2.0,VENTURE,D,8000,16.07,0.21,N,2,1
21815,23,55000,MORTGAGE,3.0,EDUCATION,B,15000,11.36,0.27,N,3,0
21816,25,55000,MORTGAGE,5.0,HOMEIMPROVEMENT,A,20000,5.42,0.36,N,2,0
21817,26,70000,RENT,5.0,MEDICAL,B,12000,11.83,0.17,N,3,0
21818,23,50000,MORTGAGE,7.0,VENTURE,A,7000,6.62,0.14,N,3,0
21819,29,60000,RENT,3.0,MEDICAL,B,2400,10.99,0.04,N,5,0
21820,25,33000,RENT,3.0,MEDICAL,C,3000,13.06,0.09,N,3,0
21821,27,90000,RENT,2.0,PERSONAL,B,15000,12.42,0.17,N,10,0
21822,32,42000,RENT,2.0,EDUCATION,B,7400,12.53,0.18,N,8,0
21823,38,48000,MORTGAGE,4.0,VENTURE,B,10000,10.62,0.21,N,11,0
21824,27,65000,MORTGAGE,9.0,DEBTCONSOLIDATION,B,10000,9.88,0.15,N,6,0
21825,27,60000,OWN,0.0,VENTURE,C,24250,13.92,0.4,N,9,0
21826,34,62500,MORTGAGE,2.0,MEDICAL,B,16000,10.99,0.26,N,7,0
21827,28,186480,MORTGAGE,2.0,PERSONAL,A,10000,5.42,0.05,N,29,0
21828,23,58313,RENT,7.0,MEDICAL,F,16000,18.09,0.28,Y,3,1
21829,28,48000,OWN,12.0,VENTURE,B,16000,12.18,0.34,N,8,0
21830,23,66560,MORTGAGE,6.0,VENTURE,A,12500,7.29,0.18,N,3,0
21831,28,90000,RENT,3.0,PERSONAL,B,10000,11.71,0.1,N,5,0
21832,25,61754,MORTGAGE,7.0,MEDICAL,D,12000,15.62,0.17,N,2,1
21833,35,65000,MORTGAGE,7.0,HOMEIMPROVEMENT,A,20000,7.49,0.29,N,7,0
21834,28,75000,RENT,5.0,HOMEIMPROVEMENT,C,12000,14.22,0.16,N,6,0
21835,30,54000,MORTGAGE,0.0,MEDICAL,C,10000,13.72,0.19,Y,8,0
21836,24,60000,MORTGAGE,0.0,DEBTCONSOLIDATION,C,15000,14.65,0.25,Y,2,0
21837,23,78000,MORTGAGE,7.0,VENTURE,D,25000,15.31,0.32,N,4,0
21838,25,130000,RENT,3.0,EDUCATION,B,12000,10.25,0.09,N,3,0
21839,25,100000,MORTGAGE,5.0,DEBTCONSOLIDATION,B,7000,10.25,0.07,N,2,0
21840,23,85000,MORTGAGE,0.0,MEDICAL,A,12000,6.62,0.14,N,4,0
21841,29,36000,OWN,9.0,PERSONAL,B,8000,12.53,0.22,N,5,0
21842,23,50000,RENT,3.0,VENTURE,B,10000,10.75,0.2,N,2,0
21843,30,30000,RENT,1.0,DEBTCONSOLIDATION,B,8000,9.63,0.27,N,6,1
21844,27,35000,RENT,1.0,DEBTCONSOLIDATION,B,4000,10.37,0.11,N,6,0
21845,23,80000,RENT,6.0,PERSONAL,B,10000,11.14,0.13,N,3,0
21846,23,84000,RENT,3.0,EDUCATION,B,10000,10.99,0.12,N,2,0
21847,27,75000,MORTGAGE,4.0,EDUCATION,A,4500,6.76,0.06,N,7,0
21848,30,30000,RENT,8.0,PERSONAL,B,8000,10.14,0.27,N,7,0
21849,34,35000,RENT,0.0,MEDICAL,A,5000,7.74,0.14,N,9,0
21850,24,75000,RENT,1.0,DEBTCONSOLIDATION,A,10000,8.49,0.13,N,2,0
21851,24,62500,RENT,2.0,PERSONAL,B,5000,10.62,0.08,N,4,0
21852,21,62004,RENT,0.0,EDUCATION,A,15000,7.88,0.24,N,4,0
21853,38,48000,MORTGAGE,5.0,VENTURE,A,2500,6.76,0.05,N,12,0
21854,31,80000,RENT,5.0,HOMEIMPROVEMENT,B,15000,11.99,0.19,N,6,0
21855,27,42000,RENT,2.0,EDUCATION,B,10000,9.91,0.24,N,5,0
21856,22,42000,RENT,0.0,PERSONAL,C,3600,14.72,0.09,Y,4,0
21857,38,50000,RENT,3.0,HOMEIMPROVEMENT,A,1000,8.59,0.02,N,17,0
21858,24,34000,RENT,8.0,DEBTCONSOLIDATION,D,10000,15.31,0.29,N,4,1
21859,29,87600,MORTGAGE,11.0,HOMEIMPROVEMENT,C,12000,13.79,0.14,Y,10,0
21860,28,80000,RENT,12.0,VENTURE,E,20000,18.64,0.25,Y,7,0
21861,31,75000,MORTGAGE,5.0,MEDICAL,A,12000,7.51,0.16,N,5,0
21862,23,65000,MORTGAGE,7.0,EDUCATION,A,3000,5.42,0.05,N,2,0
21863,31,30000,RENT,3.0,DEBTCONSOLIDATION,B,10000,11.71,0.33,N,7,1
21864,33,130000,MORTGAGE,7.0,EDUCATION,D,8000,15.99,0.06,N,8,0
21865,24,33996,RENT,8.0,EDUCATION,A,10000,8.0,0.29,N,2,0
21866,38,50400,RENT,3.0,EDUCATION,D,10000,16.89,0.2,N,13,0
21867,33,68000,MORTGAGE,2.0,VENTURE,A,8000,7.88,0.12,N,9,0
21868,22,99996,RENT,6.0,VENTURE,D,8000,14.96,0.08,Y,4,0
21869,31,50000,OWN,14.0,VENTURE,B,12000,11.48,0.24,N,9,0
21870,34,30000,OWN,7.0,EDUCATION,A,6800,6.91,0.22,N,8,0
21871,38,85000,RENT,4.0,MEDICAL,B,14000,10.37,0.16,N,11,0
21872,43,54000,MORTGAGE,0.0,DEBTCONSOLIDATION,A,9000,8.59,0.17,N,14,0
21873,33,42000,RENT,4.0,EDUCATION,C,7000,12.87,0.17,Y,8,0
21874,29,66901,MORTGAGE,13.0,MEDICAL,C,9475,12.73,0.14,N,10,0
21875,31,49000,MORTGAGE,4.0,MEDICAL,B,18225,10.0,0.37,N,6,0
21876,24,62000,MORTGAGE,2.0,HOMEIMPROVEMENT,B,6000,10.0,0.1,N,3,0
21877,28,60000,MORTGAGE,3.0,PERSONAL,B,12000,10.99,0.2,N,5,0
21878,32,62000,MORTGAGE,0.0,VENTURE,C,8400,13.06,0.14,N,6,0
21879,26,45000,RENT,3.0,PERSONAL,B,5000,10.59,0.11,N,2,0
21880,24,33600,RENT,2.0,MEDICAL,B,12000,10.37,0.36,N,2,1
21881,25,72000,MORTGAGE,9.0,EDUCATION,D,9000,16.29,0.13,N,3,0
21882,22,68500,RENT,6.0,EDUCATION,B,8000,12.53,0.12,N,2,0
21883,28,75000,OWN,7.0,HOMEIMPROVEMENT,C,9600,14.17,0.13,Y,5,0
21884,23,60000,RENT,1.0,PERSONAL,B,8000,10.08,0.13,N,2,0
21885,48,80750,RENT,6.0,MEDICAL,D,16800,16.77,0.18,N,16,1
21886,26,55000,RENT,3.0,PERSONAL,A,15200,7.49,0.28,N,2,0
21887,35,56004,RENT,8.0,EDUCATION,D,20000,14.61,0.36,N,10,1
21888,24,55000,RENT,2.0,PERSONAL,A,8400,8.94,0.15,N,3,0
21889,27,90000,MORTGAGE,3.0,HOMEIMPROVEMENT,A,7500,7.29,0.08,N,9,0
21890,25,32000,RENT,1.0,EDUCATION,A,12000,7.9,0.38,N,4,1
21891,29,59000,RENT,3.0,EDUCATION,B,20000,11.49,0.34,N,5,1
21892,30,108000,RENT,1.0,VENTURE,B,7000,10.99,0.06,N,5,0
21893,25,72000,RENT,3.0,VENTURE,A,2400,7.66,0.03,N,3,0
21894,24,77000,RENT,7.0,EDUCATION,D,12000,16.77,0.16,N,4,0
21895,27,50000,RENT,1.0,EDUCATION,A,13000,7.88,0.26,N,8,0
21896,27,80000,MORTGAGE,0.0,VENTURE,A,6000,6.76,0.07,N,8,0
21897,28,56000,RENT,4.0,HOMEIMPROVEMENT,A,9500,6.03,0.17,N,9,0
21898,26,36000,RENT,1.0,PERSONAL,D,14000,14.42,0.4,Y,3,1
21899,22,125004,MORTGAGE,6.0,EDUCATION,A,15000,7.88,0.12,N,4,0
21900,27,33000,RENT,1.0,MEDICAL,B,8000,11.49,0.24,N,7,1
21901,23,50000,RENT,2.0,EDUCATION,A,7000,6.92,0.14,N,4,0
21902,26,35000,MORTGAGE,7.0,DEBTCONSOLIDATION,A,8000,6.91,0.23,N,3,0
21903,37,44000,RENT,4.0,MEDICAL,D,8000,15.33,0.18,N,17,1
21904,23,50000,RENT,7.0,PERSONAL,A,3000,7.05,0.06,N,2,0
21905,27,76300,MORTGAGE,11.0,PERSONAL,A,3000,9.63,0.04,N,5,0
21906,36,80000,MORTGAGE,2.0,DEBTCONSOLIDATION,A,9800,7.88,0.12,N,16,0
21907,28,52000,RENT,13.0,PERSONAL,C,4200,12.98,0.08,N,5,0
21908,33,60000,MORTGAGE,4.0,HOMEIMPROVEMENT,A,3000,5.42,0.05,N,10,0
21909,21,17000,RENT,0.0,PERSONAL,E,4200,16.0,0.26,N,2,1
21910,23,30000,RENT,0.0,VENTURE,A,3000,9.32,0.1,N,2,0
21911,25,39000,RENT,4.0,DEBTCONSOLIDATION,A,7000,5.79,0.18,N,2,0
21912,31,20000,RENT,5.0,VENTURE,B,3200,10.99,0.16,N,8,0
21913,46,57359,MORTGAGE,3.0,DEBTCONSOLIDATION,A,9000,6.92,0.16,N,15,0
21914,22,30000,RENT,6.0,EDUCATION,C,8000,12.99,0.27,Y,4,0
21915,22,32000,RENT,1.0,PERSONAL,B,16000,9.45,0.47,N,2,1
21916,22,35364,MORTGAGE,4.0,EDUCATION,C,10000,13.72,0.28,Y,3,0
21917,28,36000,RENT,2.0,EDUCATION,B,4800,12.53,0.13,N,9,0
21918,25,56000,RENT,2.0,VENTURE,C,12000,13.16,0.21,N,3,0
21919,28,30000,RENT,4.0,PERSONAL,A,5600,7.29,0.19,N,6,0
21920,29,93000,MORTGAGE,7.0,VENTURE,A,2400,6.39,0.03,N,8,0
21921,30,86000,MORTGAGE,14.0,PERSONAL,A,4000,5.42,0.05,N,8,0
21922,22,64700,MORTGAGE,6.0,DEBTCONSOLIDATION,C,12000,13.11,0.19,N,3,0
21923,25,57000,RENT,1.0,HOMEIMPROVEMENT,B,20000,11.83,0.36,N,4,1
21924,32,17000,RENT,3.0,VENTURE,B,3000,11.11,0.17,N,10,1
21925,26,38500,RENT,0.0,DEBTCONSOLIDATION,B,8000,10.74,0.21,N,2,0
21926,33,102000,RENT,4.0,HOMEIMPROVEMENT,C,25000,15.27,0.25,Y,5,0
21927,23,110000,RENT,2.0,EDUCATION,C,10000,14.22,0.09,N,2,0
21928,24,74000,MORTGAGE,7.0,EDUCATION,A,10000,5.42,0.14,N,3,0
21929,22,40000,MORTGAGE,6.0,PERSONAL,C,5000,12.87,0.13,N,4,0
21930,23,48000,RENT,7.0,EDUCATION,B,5000,10.59,0.1,N,3,0
21931,33,58800,RENT,0.0,MEDICAL,A,13000,6.54,0.22,N,8,0
21932,24,66000,RENT,8.0,HOMEIMPROVEMENT,A,20000,6.91,0.3,N,3,0
21933,37,85000,RENT,16.0,EDUCATION,A,10000,7.51,0.12,N,16,0
21934,37,30320,RENT,0.0,VENTURE,B,8000,9.99,0.26,N,12,0
21935,27,60000,RENT,2.0,HOMEIMPROVEMENT,B,3600,11.49,0.06,N,10,0
21936,26,54000,MORTGAGE,4.0,DEBTCONSOLIDATION,C,1500,12.98,0.03,Y,4,0
21937,23,33280,OWN,4.0,EDUCATION,C,6000,13.23,0.18,N,2,0
21938,28,45000,MORTGAGE,12.0,DEBTCONSOLIDATION,C,10000,14.65,0.22,N,7,0
21939,31,36000,MORTGAGE,0.0,PERSONAL,B,5000,11.36,0.14,N,7,0
21940,26,54000,MORTGAGE,10.0,HOMEIMPROVEMENT,A,10000,7.9,0.19,N,3,1
21941,22,48000,MORTGAGE,3.0,PERSONAL,B,24250,9.99,0.51,N,3,0
21942,27,60000,RENT,0.0,VENTURE,A,3000,5.99,0.05,N,10,0
21943,40,36000,RENT,2.0,MEDICAL,B,5000,10.37,0.14,N,16,0
21944,23,120000,MORTGAGE,2.0,EDUCATION,A,10000,5.42,0.08,N,2,0
21945,26,30000,MORTGAGE,2.0,DEBTCONSOLIDATION,A,1000,9.63,0.03,N,3,0
21946,22,120000,MORTGAGE,6.0,PERSONAL,B,14000,10.37,0.12,N,3,0
21947,24,30000,RENT,2.0,MEDICAL,B,3000,9.91,0.1,N,3,0
21948,25,50000,RENT,9.0,EDUCATION,C,3600,14.27,0.07,Y,4,0
21949,26,64800,OWN,10.0,HOMEIMPROVEMENT,B,3500,11.86,0.06,N,4,0
21950,25,50000,RENT,2.0,MEDICAL,B,12000,10.51,0.24,N,3,0
21951,32,71599,RENT,2.0,EDUCATION,C,6000,12.41,0.08,Y,8,0
21952,31,150000,MORTGAGE,9.0,PERSONAL,A,35000,7.49,0.22,N,9,0
21953,80,30000,RENT,7.0,MEDICAL,D,5000,14.96,0.17,N,24,1
21954,24,23000,RENT,2.0,MEDICAL,A,5000,6.54,0.22,N,4,0
21955,23,58800,RENT,7.0,MEDICAL,B,5000,10.75,0.09,N,4,0
21956,31,72000,OWN,9.0,VENTURE,A,11200,5.42,0.16,N,8,0
21957,22,28596,MORTGAGE,5.0,EDUCATION,B,2000,11.46,0.07,N,3,0
21958,38,81000,RENT,7.0,HOMEIMPROVEMENT,B,24000,12.18,0.3,N,11,0
21959,22,30000,RENT,1.0,VENTURE,D,5600,16.77,0.19,N,4,1
21960,35,54000,MORTGAGE,2.0,MEDICAL,C,4000,13.98,0.07,N,10,0
21961,35,60000,RENT,3.0,PERSONAL,B,15000,11.36,0.25,N,9,0
21962,30,130000,MORTGAGE,2.0,EDUCATION,A,18000,7.9,0.14,N,6,0
21963,23,65000,MORTGAGE,7.0,EDUCATION,A,4800,7.51,0.07,N,2,0
21964,27,72000,MORTGAGE,9.0,DEBTCONSOLIDATION,A,5000,6.03,0.07,N,9,0
21965,24,38628,MORTGAGE,4.0,EDUCATION,B,7500,10.65,0.2,N,4,0
21966,45,60000,MORTGAGE,5.0,HOMEIMPROVEMENT,B,14000,9.88,0.23,N,12,0
21967,37,90000,MORTGAGE,0.0,EDUCATION,B,25000,11.49,0.28,N,13,0
21968,21,26400,OWN,6.0,VENTURE,A,7500,8.32,0.28,N,2,0
21969,33,65000,MORTGAGE,8.0,HOMEIMPROVEMENT,A,8000,7.49,0.12,N,9,0
21970,29,72000,MORTGAGE,13.0,EDUCATION,B,10000,10.65,0.14,N,10,0
21971,37,51992,MORTGAGE,9.0,EDUCATION,C,15000,13.98,0.29,N,15,0
21972,25,30000,OWN,0.0,VENTURE,C,4375,11.22,0.15,Y,2,0
21973,22,50000,MORTGAGE,5.0,VENTURE,B,15000,10.99,0.3,N,3,0
21974,37,42000,RENT,0.0,EDUCATION,A,5000,6.99,0.12,N,14,0
21975,24,126000,MORTGAGE,3.0,PERSONAL,A,7000,8.49,0.06,N,2,0
21976,27,52704,MORTGAGE,5.0,MEDICAL,D,4800,14.61,0.09,Y,5,1
21977,25,27040,RENT,0.0,DEBTCONSOLIDATION,A,4000,6.39,0.15,N,3,0
21978,24,75000,RENT,4.0,DEBTCONSOLIDATION,C,10000,13.49,0.13,N,4,0
21979,22,61000,MORTGAGE,6.0,EDUCATION,C,7500,13.99,0.12,N,3,0
21980,38,55000,RENT,3.0,HOMEIMPROVEMENT,C,9000,14.27,0.16,Y,16,0
21981,23,65000,MORTGAGE,7.0,PERSONAL,C,10000,13.61,0.15,N,2,0
21982,25,71500,MORTGAGE,1.0,VENTURE,B,24250,11.12,0.33,N,3,0
21983,30,65000,MORTGAGE,2.0,VENTURE,B,15000,11.12,0.23,N,6,0
21984,23,40000,MORTGAGE,4.0,DEBTCONSOLIDATION,B,1200,9.99,0.03,N,3,0
21985,29,48000,OWN,13.0,DEBTCONSOLIDATION,D,10000,15.31,0.21,Y,9,0
21986,24,110000,MORTGAGE,5.0,PERSONAL,A,12000,6.76,0.11,N,2,0
21987,23,65000,MORTGAGE,6.0,PERSONAL,B,10000,12.21,0.15,N,4,0
21988,27,60000,MORTGAGE,7.0,MEDICAL,A,8000,7.14,0.13,N,7,0
21989,41,48000,RENT,2.0,VENTURE,B,10000,10.62,0.21,N,17,0
21990,33,45000,RENT,2.0,MEDICAL,B,10000,12.42,0.22,N,10,0
21991,23,37000,RENT,2.0,PERSONAL,B,6000,10.36,0.16,N,4,0
21992,21,83000,RENT,0.0,MEDICAL,C,3000,11.97,0.04,N,10,0
21993,27,72576,RENT,1.0,EDUCATION,B,5500,11.99,0.08,N,7,0
21994,26,45000,RENT,3.0,VENTURE,B,6000,10.25,0.13,N,2,0
21995,24,25000,RENT,1.0,VENTURE,B,8000,12.69,0.32,N,2,1
21996,24,60000,RENT,1.0,MEDICAL,B,7500,10.39,0.13,N,3,0
21997,23,40000,RENT,7.0,DEBTCONSOLIDATION,A,7200,5.42,0.18,N,4,0
21998,22,45000,RENT,3.0,VENTURE,D,4000,15.99,0.09,Y,2,0
21999,21,55000,RENT,0.0,HOMEIMPROVEMENT,D,10800,15.2,0.2,N,4,1
22000,27,44004,OWN,2.0,HOMEIMPROVEMENT,A,4000,6.92,0.09,N,6,0
22001,27,104000,MORTGAGE,8.0,VENTURE,B,12000,11.99,0.11,N,5,0
22002,22,79000,RENT,3.0,DEBTCONSOLIDATION,D,25000,15.95,0.32,Y,3,1
22003,24,70000,MORTGAGE,8.0,DEBTCONSOLIDATION,A,4800,7.9,0.07,N,2,0
22004,35,80000,RENT,9.0,PERSONAL,C,20000,13.22,0.25,Y,5,0
22005,26,78000,MORTGAGE,9.0,HOMEIMPROVEMENT,B,12000,11.71,0.15,N,3,1
22006,34,109200,MORTGAGE,18.0,VENTURE,A,6000,8.0,0.05,N,6,0
22007,36,80000,MORTGAGE,5.0,MEDICAL,B,21000,10.99,0.26,N,12,0
22008,34,70000,RENT,5.0,VENTURE,C,24000,13.06,0.35,N,8,0
22009,22,85000,MORTGAGE,2.0,DEBTCONSOLIDATION,B,7000,12.69,0.08,N,3,0
22010,25,80000,MORTGAGE,9.0,PERSONAL,A,1800,6.99,0.02,N,2,0
22011,23,70000,MORTGAGE,4.0,EDUCATION,A,10000,6.03,0.14,N,3,0
22012,29,75000,MORTGAGE,7.0,EDUCATION,A,6000,5.79,0.08,N,5,0
22013,24,85000,RENT,8.0,MEDICAL,C,15000,13.06,0.18,N,4,0
22014,22,70000,MORTGAGE,6.0,MEDICAL,A,3000,7.51,0.04,N,4,0
22015,25,100000,MORTGAGE,2.0,DEBTCONSOLIDATION,A,6000,5.79,0.06,N,4,0
22016,30,90000,MORTGAGE,14.0,VENTURE,B,11000,10.99,0.12,N,8,0
22017,25,39000,RENT,9.0,PERSONAL,D,14000,14.42,0.36,N,2,1
22018,21,139992,MORTGAGE,5.0,DEBTCONSOLIDATION,A,25000,8.9,0.19,N,2,0
22019,25,62500,MORTGAGE,2.0,VENTURE,B,12000,9.91,0.19,N,3,0
22020,29,24000,OWN,13.0,VENTURE,B,3000,10.74,0.13,N,5,0
22021,27,60000,RENT,3.0,VENTURE,A,2500,7.51,0.04,N,5,0
22022,46,28176,RENT,0.0,EDUCATION,C,6000,13.61,0.21,N,17,0
22023,30,33000,RENT,3.0,PERSONAL,B,4800,11.99,0.15,N,7,0
22024,24,67000,RENT,1.0,DEBTCONSOLIDATION,A,3000,6.54,0.04,N,2,0
22025,35,65000,RENT,2.0,DEBTCONSOLIDATION,B,3200,11.71,0.05,N,5,0
22026,26,44664,RENT,10.0,DEBTCONSOLIDATION,C,4800,12.73,0.11,Y,4,0
22027,21,30000,RENT,3.0,DEBTCONSOLIDATION,C,3000,13.61,0.1,Y,2,0
22028,25,110000,MORTGAGE,5.0,MEDICAL,A,12000,5.42,0.11,N,2,0
22029,26,100000,MORTGAGE,10.0,VENTURE,B,15000,11.49,0.15,N,2,0
22030,23,29088,RENT,7.0,MEDICAL,B,7200,11.71,0.25,N,3,0
22031,25,65000,MORTGAGE,9.0,DEBTCONSOLIDATION,A,8250,5.42,0.13,N,2,0
22032,22,27996,RENT,1.0,MEDICAL,C,12250,13.16,0.44,Y,2,1
22033,25,56000,RENT,2.0,DEBTCONSOLIDATION,A,12000,7.88,0.21,N,4,0
22034,28,49992,MORTGAGE,5.0,MEDICAL,D,8000,15.99,0.16,N,7,1
22035,22,63000,RENT,6.0,EDUCATION,B,6000,11.49,0.1,N,2,0
22036,28,85000,MORTGAGE,12.0,PERSONAL,A,10000,5.79,0.12,N,6,0
22037,23,50000,MORTGAGE,7.0,DEBTCONSOLIDATION,C,10000,13.47,0.2,N,3,0
22038,22,42000,RENT,5.0,EDUCATION,A,7000,7.88,0.17,N,2,0
22039,36,29004,RENT,0.0,HOMEIMPROVEMENT,C,1500,12.87,0.05,Y,13,1
22040,29,90000,OWN,13.0,VENTURE,A,10000,7.14,0.11,N,6,0
22041,22,50000,OWN,6.0,EDUCATION,B,3000,11.83,0.06,N,3,0
22042,22,48000,MORTGAGE,3.0,EDUCATION,A,10000,8.49,0.21,N,4,0
22043,20,59000,RENT,1.0,PERSONAL,B,16800,12.42,0.29,N,2,1
22044,21,71000,MORTGAGE,5.0,MEDICAL,B,11000,9.99,0.16,N,3,0
22045,30,120000,MORTGAGE,14.0,HOMEIMPROVEMENT,B,6000,11.49,0.05,N,8,0
22046,36,18000,RENT,3.0,EDUCATION,B,8000,10.75,0.44,N,15,1
22047,31,80000,MORTGAGE,3.0,HOMEIMPROVEMENT,B,15000,12.42,0.18,N,6,0
22048,27,54000,RENT,1.0,MEDICAL,D,10000,15.95,0.19,Y,8,1
22049,23,36000,RENT,1.0,PERSONAL,E,4000,17.93,0.11,N,2,1
22050,25,36000,RENT,0.0,MEDICAL,A,8500,9.32,0.23,N,4,0
22051,53,54000,RENT,1.0,EDUCATION,C,6000,12.68,0.11,N,23,1
22052,27,18000,RENT,2.0,MEDICAL,C,1500,12.61,0.08,Y,8,0
22053,30,36000,RENT,3.0,PERSONAL,D,1675,15.21,0.05,Y,9,0
22054,31,150000,RENT,1.0,MEDICAL,B,5000,9.99,0.03,N,8,0
22055,27,69996,MORTGAGE,11.0,VENTURE,A,3200,7.51,0.05,N,6,0
22056,22,65000,MORTGAGE,6.0,EDUCATION,A,13000,8.94,0.2,N,2,0
22057,23,100000,RENT,1.0,EDUCATION,B,10000,9.99,0.1,N,4,0
22058,30,50000,RENT,3.0,PERSONAL,B,2000,10.99,0.04,N,8,0
22059,23,62000,MORTGAGE,7.0,EDUCATION,A,17600,8.9,0.29,N,3,0
22060,22,54996,RENT,0.0,EDUCATION,B,10000,10.25,0.18,N,4,0
22061,29,145000,MORTGAGE,0.0,PERSONAL,B,7000,10.59,0.05,N,9,0
22062,26,50000,MORTGAGE,10.0,DEBTCONSOLIDATION,A,12000,6.54,0.22,N,3,0
22063,28,60000,RENT,2.0,HOMEIMPROVEMENT,C,6000,12.53,0.1,N,8,0
22064,23,100000,MORTGAGE,2.0,VENTURE,C,16000,14.79,0.16,Y,4,0
22065,23,60000,RENT,7.0,EDUCATION,A,6000,6.99,0.1,N,4,0
22066,29,73000,MORTGAGE,7.0,DEBTCONSOLIDATION,A,12000,7.29,0.16,N,7,0
22067,26,50000,MORTGAGE,5.0,HOMEIMPROVEMENT,A,7000,6.92,0.14,N,3,0
22068,22,80000,MORTGAGE,6.0,VENTURE,A,4800,6.99,0.06,N,3,0
22069,22,43000,RENT,6.0,VENTURE,A,5000,7.43,0.12,N,4,0
22070,23,95000,MORTGAGE,6.0,MEDICAL,B,6500,10.99,0.07,N,2,0
22071,42,70000,MORTGAGE,6.0,DEBTCONSOLIDATION,A,30000,5.99,0.41,N,13,0
22072,24,63000,RENT,4.0,MEDICAL,B,6000,10.74,0.1,N,4,0
22073,24,62400,MORTGAGE,7.0,MEDICAL,B,5500,10.65,0.09,N,3,0
22074,26,95000,MORTGAGE,9.0,VENTURE,A,10000,5.42,0.11,N,2,0
22075,23,60000,RENT,4.0,EDUCATION,C,12500,13.98,0.21,N,4,0
22076,24,50000,RENT,6.0,MEDICAL,A,8000,7.51,0.16,N,4,0
22077,38,123600,MORTGAGE,16.0,EDUCATION,A,12000,6.92,0.1,N,12,0
22078,24,46000,RENT,8.0,DEBTCONSOLIDATION,A,9600,7.29,0.2,N,2,0
22079,23,60000,MORTGAGE,7.0,EDUCATION,A,3500,7.9,0.06,N,3,0
22080,22,50000,MORTGAGE,6.0,VENTURE,B,7000,10.65,0.14,N,4,0
22081,37,55000,RENT,2.0,PERSONAL,B,3000,10.0,0.05,N,14,0
22082,27,64500,RENT,8.0,EDUCATION,B,5600,9.25,0.09,N,9,0
22083,24,66000,RENT,4.0,MEDICAL,C,11200,13.23,0.17,N,3,0
22084,23,24000,RENT,7.0,EDUCATION,A,5600,7.9,0.23,N,2,0
22085,24,58000,MORTGAGE,8.0,VENTURE,A,14400,7.51,0.24,N,3,0
22086,31,30000,RENT,2.0,MEDICAL,B,3000,11.89,0.1,N,8,0
22087,30,75000,MORTGAGE,5.0,VENTURE,D,20000,14.96,0.27,Y,9,0
22088,32,180000,MORTGAGE,16.0,DEBTCONSOLIDATION,A,5000,9.32,0.03,N,7,0
22089,22,90000,MORTGAGE,6.0,EDUCATION,B,6000,12.69,0.07,N,2,0
22090,25,125000,RENT,3.0,EDUCATION,C,10000,12.68,0.08,Y,4,0
22091,27,62000,MORTGAGE,4.0,HOMEIMPROVEMENT,C,12000,13.43,0.19,N,10,0
22092,31,65000,MORTGAGE,15.0,VENTURE,A,15000,7.88,0.23,N,9,0
22093,24,150000,MORTGAGE,2.0,PERSONAL,C,28000,12.99,0.19,N,3,0
22094,30,42000,RENT,13.0,DEBTCONSOLIDATION,C,9000,13.11,0.21,Y,10,0
22095,30,36000,MORTGAGE,2.0,PERSONAL,B,10000,10.62,0.28,N,8,0
22096,23,36000,RENT,8.0,EDUCATION,B,8000,12.69,0.22,N,2,0
22097,37,75996,MORTGAGE,0.0,DEBTCONSOLIDATION,D,12000,13.24,0.16,N,16,1
22098,24,32000,RENT,3.0,VENTURE,C,12000,14.79,0.38,N,3,1
22099,22,50000,RENT,1.0,MEDICAL,C,15000,13.16,0.3,N,4,0
22100,29,30000,RENT,0.0,EDUCATION,A,7000,7.74,0.23,N,9,0
22101,23,24000,RENT,6.0,MEDICAL,D,10000,12.92,0.42,N,2,1
22102,22,85000,MORTGAGE,6.0,MEDICAL,C,6000,13.49,0.07,Y,2,0
22103,23,63000,MORTGAGE,2.0,PERSONAL,C,15000,13.47,0.24,N,2,0
22104,26,62004,RENT,0.0,HOMEIMPROVEMENT,C,10000,13.61,0.16,Y,3,0
22105,27,101004,MORTGAGE,2.0,MEDICAL,A,12000,7.49,0.12,N,9,0
22106,24,55000,RENT,7.0,DEBTCONSOLIDATION,C,12000,13.47,0.22,Y,4,0
22107,28,103000,MORTGAGE,6.0,DEBTCONSOLIDATION,D,3000,15.58,0.03,N,10,0
22108,30,45000,RENT,4.0,MEDICAL,A,14400,8.9,0.32,N,10,1
22109,22,75000,RENT,1.0,MEDICAL,B,25000,10.25,0.32,N,3,1
22110,24,75000,MORTGAGE,5.0,PERSONAL,B,12000,11.49,0.16,N,2,0
22111,33,48000,OWN,1.0,VENTURE,A,6000,8.49,0.13,N,10,0
22112,24,100000,RENT,2.0,DEBTCONSOLIDATION,A,12000,7.49,0.12,N,4,0
22113,31,80000,MORTGAGE,13.0,VENTURE,A,12000,5.79,0.15,N,6,0
22114,22,55000,MORTGAGE,6.0,DEBTCONSOLIDATION,B,3500,10.99,0.06,N,2,0
22115,43,50000,MORTGAGE,2.0,MEDICAL,C,6000,13.49,0.12,Y,11,0
22116,35,75000,RENT,9.0,HOMEIMPROVEMENT,B,5000,10.65,0.07,N,7,0
22117,28,50000,MORTGAGE,5.0,VENTURE,B,17000,10.25,0.34,N,7,0
22118,22,60000,MORTGAGE,2.0,MEDICAL,A,7500,7.88,0.13,N,2,0
22119,28,44000,RENT,0.0,EDUCATION,A,12000,7.49,0.27,N,8,0
22120,25,50000,MORTGAGE,8.0,MEDICAL,B,1200,11.86,0.02,N,3,0
22121,36,97000,MORTGAGE,3.0,MEDICAL,C,5000,13.92,0.05,N,17,0
22122,24,90000,MORTGAGE,2.0,EDUCATION,B,12000,12.18,0.13,N,4,0
22123,32,25000,RENT,1.0,PERSONAL,A,10000,9.63,0.4,N,6,1
22124,22,30000,RENT,4.0,PERSONAL,A,12000,6.17,0.4,N,2,1
22125,23,36000,RENT,3.0,VENTURE,A,4500,6.62,0.13,N,4,0
22126,42,98000,MORTGAGE,26.0,DEBTCONSOLIDATION,D,15000,16.29,0.15,N,14,1
22127,23,36000,RENT,7.0,VENTURE,C,4200,12.73,0.12,Y,2,0
22128,22,40000,MORTGAGE,6.0,EDUCATION,C,14000,12.99,0.35,Y,4,0
22129,26,45000,MORTGAGE,1.0,HOMEIMPROVEMENT,B,5000,11.36,0.11,N,4,0
22130,24,66000,MORTGAGE,5.0,VENTURE,A,10000,7.51,0.15,N,2,0
22131,22,45000,MORTGAGE,5.0,VENTURE,B,5000,12.53,0.11,N,4,0
22132,23,57000,MORTGAGE,7.0,EDUCATION,A,9500,7.9,0.17,N,4,0
22133,36,79000,MORTGAGE,7.0,HOMEIMPROVEMENT,A,13000,6.92,0.17,N,15,0
22134,25,120000,MORTGAGE,9.0,PERSONAL,B,7000,9.99,0.06,N,3,0
22135,27,27120,RENT,0.0,EDUCATION,C,4000,13.11,0.15,Y,8,0
22136,27,50000,RENT,8.0,DEBTCONSOLIDATION,A,4000,7.49,0.08,N,5,0
22137,24,90000,MORTGAGE,8.0,PERSONAL,B,16000,10.99,0.18,N,3,0
22138,28,24000,RENT,0.0,HOMEIMPROVEMENT,C,4000,14.27,0.17,Y,8,1
22139,21,42000,RENT,5.0,PERSONAL,A,8000,7.49,0.19,N,4,0
22140,30,60000,MORTGAGE,7.0,EDUCATION,D,1200,15.99,0.02,Y,6,0
22141,22,73008,MORTGAGE,6.0,EDUCATION,B,10000,10.65,0.14,N,2,0
22142,22,66300,RENT,0.0,MEDICAL,D,20000,16.77,0.26,N,3,1
22143,30,98700,MORTGAGE,6.0,HOMEIMPROVEMENT,C,9600,13.06,0.1,N,9,0
22144,22,72000,MORTGAGE,6.0,EDUCATION,A,14000,5.42,0.19,N,2,0
22145,27,37000,RENT,4.0,MEDICAL,B,10000,12.69,0.27,N,10,0
22146,49,90000,RENT,5.0,EDUCATION,A,15000,7.9,0.17,N,15,0
22147,29,36000,RENT,6.0,VENTURE,D,6000,12.92,0.17,N,7,1
22148,27,100000,MORTGAGE,11.0,EDUCATION,D,16000,16.0,0.17,Y,7,0
22149,29,70000,MORTGAGE,7.0,MEDICAL,C,2000,10.91,0.03,Y,8,0
22150,25,75000,MORTGAGE,9.0,DEBTCONSOLIDATION,B,4000,10.99,0.05,N,3,0
22151,23,107000,MORTGAGE,7.0,DEBTCONSOLIDATION,A,10000,7.51,0.09,N,4,0
22152,36,82359,MORTGAGE,9.0,MEDICAL,B,6600,9.63,0.08,N,11,0
22153,23,36000,RENT,2.0,EDUCATION,A,7000,7.51,0.19,N,4,0
22154,21,30000,RENT,2.0,EDUCATION,A,10000,7.51,0.33,N,3,1
22155,23,65000,MORTGAGE,3.0,EDUCATION,A,10000,7.51,0.15,N,2,0
22156,31,63600,MORTGAGE,15.0,PERSONAL,B,5000,12.42,0.08,N,9,0
22157,21,65000,RENT,2.0,EDUCATION,B,10000,11.71,0.15,N,4,0
22158,23,120000,MORTGAGE,7.0,EDUCATION,A,9500,7.74,0.08,N,2,0
22159,21,30000,RENT,5.0,EDUCATION,B,4500,10.74,0.15,N,4,0
22160,28,90000,RENT,0.0,MEDICAL,A,7000,8.59,0.08,N,10,0
22161,36,60000,RENT,1.0,HOMEIMPROVEMENT,A,20000,7.88,0.33,N,13,1
22162,25,45000,MORTGAGE,8.0,EDUCATION,A,3000,5.79,0.07,N,3,0
22163,24,72000,RENT,8.0,PERSONAL,D,18000,14.42,0.25,N,4,0
22164,27,50000,MORTGAGE,11.0,DEBTCONSOLIDATION,A,2000,7.14,0.04,N,8,0
22165,30,122000,MORTGAGE,14.0,DEBTCONSOLIDATION,D,20000,14.59,0.16,Y,6,1
22166,32,50000,RENT,1.0,MEDICAL,B,12000,10.99,0.24,N,9,0
22167,30,60000,MORTGAGE,5.0,MEDICAL,A,4800,5.99,0.08,N,7,0
22168,54,90000,MORTGAGE,12.0,PERSONAL,A,12000,8.9,0.13,N,28,0
22169,34,107000,OWN,10.0,MEDICAL,A,5000,6.92,0.05,N,8,0
22170,21,42000,RENT,3.0,EDUCATION,C,5000,13.11,0.12,N,2,0
22171,35,85000,RENT,0.0,HOMEIMPROVEMENT,B,7200,10.99,0.08,N,6,0
22172,31,72000,MORTGAGE,4.0,DEBTCONSOLIDATION,A,11200,8.49,0.16,N,7,0
22173,23,69000,RENT,7.0,EDUCATION,A,4500,8.94,0.07,N,2,1
22174,38,200000,MORTGAGE,2.0,PERSONAL,A,7800,5.79,0.04,N,14,0
22175,38,135000,OWN,4.0,VENTURE,C,15500,14.35,0.12,N,12,0
22176,23,62000,MORTGAGE,7.0,VENTURE,C,13000,13.98,0.21,N,2,0
22177,54,155000,MORTGAGE,10.0,PERSONAL,C,8400,14.65,0.05,Y,26,0
22178,21,40000,RENT,1.0,EDUCATION,A,12000,7.51,0.3,N,3,0
22179,25,60000,MORTGAGE,2.0,HOMEIMPROVEMENT,A,10000,8.94,0.17,N,4,0
22180,30,90000,MORTGAGE,14.0,HOMEIMPROVEMENT,C,12000,13.49,0.13,Y,8,0
22181,24,73000,RENT,2.0,PERSONAL,A,6500,8.49,0.09,N,3,0
22182,23,60000,MORTGAGE,7.0,DEBTCONSOLIDATION,A,6500,8.32,0.11,N,3,0
22183,43,80000,MORTGAGE,3.0,HOMEIMPROVEMENT,A,9000,7.88,0.11,N,17,0
22184,22,42000,RENT,5.0,VENTURE,B,8000,11.49,0.19,N,4,0
22185,22,31000,MORTGAGE,3.0,VENTURE,C,1500,14.27,0.05,N,3,0
22186,24,65000,MORTGAGE,8.0,DEBTCONSOLIDATION,B,7000,11.49,0.11,N,4,0
22187,21,70000,MORTGAGE,2.0,PERSONAL,A,8000,7.88,0.11,N,4,0
22188,24,58000,RENT,8.0,MEDICAL,B,12500,10.99,0.23,N,2,0
22189,28,29000,RENT,0.0,PERSONAL,B,4000,11.14,0.14,N,8,1
22190,38,51480,MORTGAGE,4.0,MEDICAL,B,7500,11.83,0.15,N,11,0
22191,26,62000,MORTGAGE,8.0,VENTURE,A,6000,5.99,0.1,N,4,0
22192,23,60000,RENT,5.0,DEBTCONSOLIDATION,B,3000,11.71,0.05,N,3,0
22193,22,37000,RENT,3.0,EDUCATION,B,5000,11.14,0.14,N,4,0
22194,39,47000,RENT,5.0,EDUCATION,B,3200,12.42,0.07,N,12,0
22195,22,36000,MORTGAGE,2.0,VENTURE,B,3500,11.48,0.1,N,3,0
22196,26,24000,RENT,2.0,PERSONAL,D,8000,14.61,0.33,Y,2,1
22197,36,29000,MORTGAGE,2.0,DEBTCONSOLIDATION,C,4800,12.99,0.17,Y,15,1
22198,36,250000,RENT,2.0,EDUCATION,A,35000,8.9,0.14,N,11,0
22199,23,113316,MORTGAGE,0.0,EDUCATION,A,10000,8.94,0.09,N,3,0
22200,26,50000,OWN,0.0,VENTURE,C,3000,13.06,0.06,N,3,0
22201,23,65000,RENT,7.0,DEBTCONSOLIDATION,C,18000,13.11,0.28,Y,4,0
22202,34,44000,RENT,2.0,DEBTCONSOLIDATION,C,5000,13.98,0.11,N,8,0
22203,28,213000,MORTGAGE,7.0,DEBTCONSOLIDATION,B,2400,10.65,0.11,N,6,0
22204,22,115000,MORTGAGE,3.0,EDUCATION,C,14000,12.84,0.12,N,2,0
22205,31,96000,MORTGAGE,2.0,HOMEIMPROVEMENT,B,10000,10.65,0.1,N,9,0
22206,29,70000,MORTGAGE,4.0,PERSONAL,B,20000,10.59,0.29,N,10,0
22207,24,60000,RENT,8.0,DEBTCONSOLIDATION,B,5000,9.91,0.08,N,3,0
22208,23,34000,RENT,2.0,VENTURE,C,10000,13.11,0.29,Y,2,0
22209,23,63189,MORTGAGE,7.0,VENTURE,C,8000,12.23,0.13,Y,2,0
22210,26,55000,RENT,1.0,EDUCATION,C,1500,12.84,0.03,Y,3,0
22211,29,101424,RENT,13.0,PERSONAL,C,2000,12.29,0.02,Y,8,0
22212,22,28500,RENT,0.0,MEDICAL,B,1000,12.53,0.03,N,4,0
22213,22,60000,RENT,5.0,EDUCATION,B,6000,11.49,0.1,N,2,0
22214,33,42000,RENT,2.0,PERSONAL,C,8400,13.99,0.2,N,6,0
22215,24,45000,MORTGAGE,8.0,DEBTCONSOLIDATION,A,4000,6.03,0.09,N,3,0
22216,25,65000,RENT,9.0,DEBTCONSOLIDATION,A,7000,5.79,0.11,N,3,0
22217,23,200000,MORTGAGE,3.0,EDUCATION,A,15000,7.49,0.07,N,4,0
22218,23,50000,MORTGAGE,7.0,VENTURE,A,10000,7.29,0.2,N,3,0
22219,24,119000,RENT,8.0,HOMEIMPROVEMENT,D,21000,15.99,0.18,Y,3,0
22220,25,62000,RENT,2.0,PERSONAL,B,7000,10.74,0.11,N,4,0
22221,24,40000,RENT,5.0,VENTURE,B,8000,9.88,0.2,N,2,0
22222,22,75000,MORTGAGE,6.0,EDUCATION,C,7000,15.23,0.09,Y,3,0
22223,30,84000,MORTGAGE,8.0,HOMEIMPROVEMENT,B,6000,10.36,0.07,N,9,0
22224,25,35000,RENT,0.0,MEDICAL,B,4500,10.65,0.13,N,4,0
22225,22,24000,RENT,6.0,PERSONAL,A,8000,7.88,0.33,N,2,1
22226,22,70000,RENT,2.0,VENTURE,B,14500,11.83,0.2,N,4,0
22227,23,55000,RENT,3.0,MEDICAL,A,12000,7.49,0.22,N,3,0
22228,42,36000,MORTGAGE,16.0,MEDICAL,A,15000,9.63,0.42,N,12,0
22229,36,192000,MORTGAGE,5.0,EDUCATION,A,10000,7.9,0.05,N,16,0
22230,34,51996,OWN,7.0,HOMEIMPROVEMENT,B,3600,11.26,0.07,N,6,0
22231,28,48000,RENT,0.0,EDUCATION,B,15000,11.48,0.31,N,5,1
22232,49,140000,MORTGAGE,0.0,PERSONAL,B,7000,11.99,0.05,N,11,0
22233,23,120000,MORTGAGE,7.0,DEBTCONSOLIDATION,B,10000,11.86,0.08,N,4,0
22234,36,34444,RENT,5.0,VENTURE,C,5500,13.49,0.16,N,12,0
22235,29,60000,MORTGAGE,9.0,EDUCATION,A,10000,7.74,0.17,N,6,0
22236,43,95000,RENT,4.0,EDUCATION,B,4800,10.65,0.05,N,17,0
22237,38,85000,MORTGAGE,6.0,VENTURE,B,5000,11.99,0.06,N,12,0
22238,22,34000,RENT,2.0,DEBTCONSOLIDATION,D,6500,15.95,0.19,Y,3,1
22239,31,75000,MORTGAGE,3.0,VENTURE,A,12000,6.62,0.16,N,10,0
22240,24,60000,MORTGAGE,8.0,EDUCATION,B,13000,10.74,0.22,N,3,0
22241,22,75000,RENT,6.0,PERSONAL,A,10000,6.03,0.13,N,4,0
22242,31,90000,RENT,1.0,EDUCATION,C,8000,13.48,0.09,N,10,0
22243,22,50000,RENT,0.0,EDUCATION,B,6000,10.74,0.12,N,3,0
22244,22,30000,RENT,0.0,EDUCATION,B,8000,11.71,0.27,N,3,0
22245,22,26004,RENT,1.0,EDUCATION,B,8000,11.99,0.29,N,4,0
22246,27,30000,RENT,2.0,MEDICAL,B,7000,9.76,0.23,N,8,0
22247,23,60000,MORTGAGE,7.0,EDUCATION,C,8000,12.73,0.13,Y,3,0
22248,25,40000,RENT,2.0,MEDICAL,A,6000,7.49,0.15,N,3,0
22249,24,40000,MORTGAGE,3.0,MEDICAL,A,10000,5.99,0.25,N,3,0
22250,23,76000,MORTGAGE,3.0,VENTURE,A,15000,8.49,0.2,N,2,0
22251,24,33666,RENT,2.0,PERSONAL,D,8000,14.91,0.24,Y,3,1
22252,32,58000,MORTGAGE,16.0,MEDICAL,A,12000,7.51,0.21,N,7,0
22253,26,20000,RENT,2.0,DEBTCONSOLIDATION,B,4000,11.86,0.2,N,4,0
22254,25,68000,MORTGAGE,1.0,VENTURE,A,10000,6.54,0.15,N,2,0
22255,28,110000,MORTGAGE,12.0,HOMEIMPROVEMENT,B,3000,9.99,0.03,N,7,0
22256,28,21000,RENT,1.0,MEDICAL,A,4000,7.4,0.19,N,5,0
22257,23,70000,OWN,5.0,VENTURE,D,10000,16.29,0.14,N,4,0
22258,23,90000,RENT,4.0,EDUCATION,A,12000,7.49,0.13,N,4,0
22259,25,58000,RENT,1.0,DEBTCONSOLIDATION,B,10000,9.99,0.17,N,3,0
22260,26,39000,MORTGAGE,5.0,VENTURE,A,6000,7.51,0.15,N,3,0
22261,31,54000,RENT,13.0,EDUCATION,B,2000,10.74,0.04,N,10,0
22262,29,32000,RENT,0.0,MEDICAL,D,7400,15.21,0.23,Y,10,1
22263,26,122000,RENT,7.0,HOMEIMPROVEMENT,C,14000,13.48,0.11,N,3,0
22264,26,48000,RENT,6.0,MEDICAL,A,8000,7.29,0.17,N,3,0
22265,24,37308,MORTGAGE,4.0,HOMEIMPROVEMENT,C,4650,15.23,0.13,N,3,1
22266,23,48000,RENT,7.0,DEBTCONSOLIDATION,C,15000,14.26,0.31,N,2,1
22267,38,64000,OWN,9.0,VENTURE,C,14500,15.96,0.23,N,17,0
22268,22,37200,RENT,2.0,VENTURE,B,15000,9.64,0.4,N,4,1
22269,28,75000,MORTGAGE,2.0,MEDICAL,B,10000,12.21,0.13,N,9,0
22270,24,60000,RENT,3.0,EDUCATION,A,5000,6.17,0.08,N,4,0
22271,30,50000,RENT,5.0,MEDICAL,C,2500,13.99,0.05,Y,8,0
22272,29,100000,MORTGAGE,11.0,MEDICAL,B,7000,11.11,0.07,N,8,0
22273,29,82710,RENT,2.0,PERSONAL,C,8000,13.49,0.1,N,10,0
22274,23,85000,RENT,2.0,EDUCATION,B,18000,10.0,0.21,N,4,0
22275,35,48000,RENT,3.0,VENTURE,B,10000,10.65,0.21,N,7,0
22276,22,45000,MORTGAGE,6.0,EDUCATION,A,15000,7.88,0.33,N,4,0
22277,32,24000,RENT,2.0,DEBTCONSOLIDATION,A,4000,7.75,0.17,N,5,1
22278,28,80000,RENT,0.0,MEDICAL,B,5000,10.62,0.06,N,8,0
22279,28,25200,MORTGAGE,4.0,MEDICAL,A,1400,8.49,0.06,N,5,0
22280,35,38400,RENT,0.0,VENTURE,B,4200,9.25,0.11,N,6,0
22281,29,64000,RENT,1.0,EDUCATION,E,20000,18.64,0.31,N,10,1
22282,35,50000,RENT,6.0,EDUCATION,A,11000,7.49,0.22,N,5,0
22283,27,46000,RENT,2.0,MEDICAL,B,5600,11.86,0.12,N,10,0
22284,29,80000,MORTGAGE,13.0,PERSONAL,B,20000,10.62,0.25,N,5,0
22285,25,80000,RENT,3.0,VENTURE,B,2500,9.91,0.03,N,3,0
22286,43,55000,RENT,2.0,MEDICAL,D,4200,16.32,0.08,Y,14,1
22287,24,53500,RENT,0.0,EDUCATION,B,3200,9.62,0.06,N,3,0
22288,24,45000,RENT,4.0,PERSONAL,A,10800,6.03,0.23,N,4,0
22289,24,52000,RENT,1.0,EDUCATION,A,10000,6.91,0.19,N,2,0
22290,24,54000,RENT,8.0,VENTURE,B,3500,10.65,0.06,N,3,0
22291,22,38004,RENT,6.0,PERSONAL,B,3000,11.49,0.08,N,4,0
22292,23,60000,MORTGAGE,7.0,MEDICAL,B,9000,9.62,0.15,N,2,0
22293,31,132000,RENT,1.0,HOMEIMPROVEMENT,B,11200,10.99,0.08,N,7,0
22294,25,48000,RENT,4.0,MEDICAL,A,4000,7.14,0.08,N,3,0
22295,26,35000,RENT,0.0,MEDICAL,A,6600,7.9,0.19,N,4,0
22296,25,45000,RENT,2.0,PERSONAL,B,20000,12.18,0.44,N,4,1
22297,24,44000,RENT,0.0,HOMEIMPROVEMENT,E,10800,14.5,0.24,N,2,1
22298,23,30000,RENT,6.0,EDUCATION,A,1000,7.51,0.03,N,2,0
22299,33,50000,MORTGAGE,1.0,DEBTCONSOLIDATION,C,4000,14.79,0.08,Y,10,0
22300,49,59000,MORTGAGE,4.0,HOMEIMPROVEMENT,E,7500,16.82,0.13,N,12,1
22301,34,52000,MORTGAGE,3.0,HOMEIMPROVEMENT,B,2500,10.65,0.05,N,9,0
22302,28,56000,MORTGAGE,6.0,MEDICAL,B,8000,10.25,0.14,N,10,0
22303,27,30000,RENT,0.0,VENTURE,A,12000,6.91,0.4,N,5,1
22304,22,54000,MORTGAGE,6.0,MEDICAL,A,5000,7.29,0.09,N,2,0
22305,33,100000,MORTGAGE,0.0,MEDICAL,A,7000,6.03,0.07,N,10,0
22306,29,120000,MORTGAGE,0.0,HOMEIMPROVEMENT,A,6000,7.51,0.05,N,6,0
22307,26,92500,RENT,3.0,EDUCATION,B,12000,11.71,0.13,N,4,0
22308,24,100000,MORTGAGE,4.0,PERSONAL,A,5000,5.42,0.05,N,4,0
22309,34,35000,MORTGAGE,5.0,PERSONAL,A,5000,6.62,0.14,N,6,0
22310,27,57996,MORTGAGE,9.0,VENTURE,A,20000,6.91,0.35,N,5,0
22311,21,45000,RENT,5.0,VENTURE,B,10000,9.88,0.22,N,4,0
22312,28,51000,MORTGAGE,7.0,MEDICAL,B,15000,10.0,0.29,N,5,0
22313,29,60000,RENT,2.0,VENTURE,B,15000,10.62,0.25,N,7,0
22314,22,102000,RENT,2.0,DEBTCONSOLIDATION,C,15000,13.22,0.15,N,3,0
22315,30,150000,MORTGAGE,6.0,HOMEIMPROVEMENT,C,12000,13.98,0.08,N,7,0
22316,39,74000,RENT,7.0,VENTURE,D,25000,15.31,0.34,Y,15,1
22317,24,78000,RENT,5.0,HOMEIMPROVEMENT,B,8000,11.83,0.1,N,3,1
22318,29,200000,MORTGAGE,8.0,EDUCATION,A,30000,5.99,0.16,N,6,0
22319,23,35900,RENT,3.0,DEBTCONSOLIDATION,A,6000,7.88,0.17,N,3,0
22320,38,60000,MORTGAGE,6.0,HOMEIMPROVEMENT,C,12000,13.49,0.2,N,16,0
22321,23,42000,RENT,5.0,EDUCATION,B,8000,10.59,0.19,N,3,0
22322,26,60000,RENT,3.0,HOMEIMPROVEMENT,B,9000,10.25,0.15,N,3,0
22323,23,70000,RENT,5.0,EDUCATION,B,8000,10.46,0.11,N,3,0
22324,24,40000,RENT,1.0,MEDICAL,B,15000,9.88,0.38,N,4,1
22325,36,125000,MORTGAGE,2.0,PERSONAL,A,10000,7.51,0.08,N,15,0
22326,41,170000,MORTGAGE,2.0,EDUCATION,C,20000,13.79,0.12,Y,12,0
22327,23,45000,MORTGAGE,7.0,PERSONAL,B,6000,11.49,0.13,N,4,0
22328,25,130000,MORTGAGE,3.0,EDUCATION,A,10000,8.49,0.08,N,3,0
22329,32,30000,RENT,3.0,EDUCATION,C,4500,13.22,0.15,Y,10,0
22330,24,95000,MORTGAGE,3.0,HOMEIMPROVEMENT,A,4800,7.51,0.05,N,4,0
22331,25,60000,MORTGAGE,4.0,MEDICAL,C,5000,12.61,0.08,Y,4,0
22332,31,68000,RENT,6.0,DEBTCONSOLIDATION,B,10000,10.95,0.15,N,6,0
22333,36,48000,RENT,1.0,VENTURE,A,11000,9.63,0.23,N,13,0
22334,32,35000,OWN,16.0,MEDICAL,B,5500,11.99,0.16,N,8,0
22335,23,28800,RENT,5.0,MEDICAL,B,1600,9.88,0.06,N,2,0
22336,31,40000,MORTGAGE,6.0,EDUCATION,B,6000,11.49,0.15,N,8,0
22337,30,120000,MORTGAGE,14.0,VENTURE,A,6000,7.68,0.05,N,7,0
22338,27,75400,MORTGAGE,3.0,EDUCATION,A,6000,7.74,0.08,N,6,0
22339,26,100000,MORTGAGE,10.0,VENTURE,A,15000,8.49,0.15,N,4,0
22340,44,40000,MORTGAGE,18.0,PERSONAL,B,3000,10.38,0.07,N,11,0
22341,29,60000,MORTGAGE,13.0,MEDICAL,B,15000,11.83,0.25,N,10,0
22342,31,90000,RENT,1.0,EDUCATION,B,8000,11.46,0.09,N,7,0
22343,31,100000,MORTGAGE,2.0,DEBTCONSOLIDATION,A,5000,5.42,0.05,N,10,0
22344,23,57700,MORTGAGE,7.0,PERSONAL,A,3500,7.49,0.06,N,2,0
22345,25,180000,MORTGAGE,9.0,DEBTCONSOLIDATION,B,8000,12.42,0.04,N,4,0
22346,26,54996,RENT,2.0,VENTURE,A,7200,9.63,0.13,N,3,0
22347,31,45996,RENT,3.0,HOMEIMPROVEMENT,B,14500,12.18,0.31,N,7,1
22348,28,90000,MORTGAGE,7.0,VENTURE,B,12000,11.86,0.13,N,7,0
22349,35,45000,OWN,4.0,PERSONAL,B,6200,12.21,0.14,N,9,0
22350,27,62050,RENT,3.0,MEDICAL,D,25000,14.59,0.34,Y,5,1
22351,22,45000,RENT,3.0,DEBTCONSOLIDATION,A,6000,7.51,0.13,N,2,0
22352,29,79500,MORTGAGE,9.0,EDUCATION,A,7000,7.49,0.09,N,6,0
22353,22,65004,MORTGAGE,1.0,EDUCATION,A,5500,7.68,0.08,N,3,0
22354,35,90000,MORTGAGE,8.0,VENTURE,A,7000,6.62,0.08,N,7,0
22355,31,64450,RENT,3.0,EDUCATION,C,15000,12.73,0.23,N,7,0
22356,31,30000,RENT,2.0,EDUCATION,D,4200,16.02,0.14,N,5,1
22357,28,110000,MORTGAGE,9.0,PERSONAL,B,3000,11.49,0.03,N,7,0
22358,36,120000,MORTGAGE,2.0,PERSONAL,E,6000,16.35,0.05,N,14,0
22359,33,156000,MORTGAGE,1.0,EDUCATION,C,15000,13.06,0.1,Y,8,0
22360,25,40000,RENT,0.0,EDUCATION,B,15000,10.74,0.38,N,2,1
22361,24,75000,MORTGAGE,4.0,DEBTCONSOLIDATION,A,5000,8.0,0.07,N,2,0
22362,24,40000,OTHER,0.0,VENTURE,B,15000,9.64,0.38,N,4,1
22363,22,42000,RENT,6.0,PERSONAL,A,2400,7.66,0.05,N,2,0
22364,21,34000,OWN,0.0,VENTURE,C,7500,13.85,0.22,N,4,0
22365,24,58380,RENT,0.0,VENTURE,B,5000,9.88,0.09,N,3,0
22366,24,26400,MORTGAGE,8.0,HOMEIMPROVEMENT,B,8000,9.76,0.3,N,3,0
22367,31,100000,MORTGAGE,4.0,MEDICAL,A,7000,5.79,0.07,N,10,0
22368,25,40000,RENT,3.0,MEDICAL,B,12000,9.91,0.3,N,3,0
22369,25,48000,RENT,1.0,DEBTCONSOLIDATION,C,7000,12.87,0.15,Y,4,0
22370,36,24000,RENT,0.0,VENTURE,D,1500,14.61,0.06,N,14,1
22371,34,55000,RENT,3.0,MEDICAL,C,4000,13.98,0.07,Y,8,0
22372,31,48000,RENT,1.0,MEDICAL,D,14125,14.74,0.29,N,6,1
22373,28,66300,MORTGAGE,12.0,DEBTCONSOLIDATION,A,14000,6.03,0.22,N,8,0
22374,26,50000,MORTGAGE,5.0,EDUCATION,C,8500,15.96,0.16,N,4,0
22375,23,59000,MORTGAGE,3.0,PERSONAL,D,3600,16.02,0.06,Y,3,0
22376,22,60000,MORTGAGE,0.0,EDUCATION,B,6000,10.99,0.1,N,3,0
22377,23,33000,RENT,5.0,PERSONAL,B,7500,11.99,0.23,N,4,0
22378,36,63000,MORTGAGE,3.0,HOMEIMPROVEMENT,A,12000,6.03,0.2,N,16,0
22379,29,65000,MORTGAGE,11.0,VENTURE,A,10000,7.49,0.15,N,6,0
22380,26,60000,MORTGAGE,10.0,DEBTCONSOLIDATION,C,3000,12.23,0.05,Y,2,0
22381,21,54000,MORTGAGE,5.0,VENTURE,B,8000,10.62,0.15,N,3,0
22382,22,36000,RENT,3.0,MEDICAL,A,4800,7.49,0.13,N,2,0
22383,35,100000,RENT,1.0,VENTURE,B,12000,10.99,0.12,N,6,0
22384,25,26000,OWN,3.0,VENTURE,A,2000,8.0,0.08,N,4,0
22385,23,78000,MORTGAGE,7.0,DEBTCONSOLIDATION,A,9600,7.51,0.12,N,3,0
22386,27,65000,MORTGAGE,4.0,VENTURE,C,6000,14.35,0.09,N,8,0
22387,21,30000,RENT,1.0,DEBTCONSOLIDATION,B,6000,11.71,0.2,N,2,1
22388,31,36000,RENT,3.0,DEBTCONSOLIDATION,D,5000,14.59,0.14,N,9,1
22389,26,68004,RENT,10.0,DEBTCONSOLIDATION,B,12000,10.0,0.18,N,3,0
22390,24,36000,MORTGAGE,3.0,EDUCATION,C,4800,13.49,0.13,Y,3,0
22391,25,90000,MORTGAGE,9.0,MEDICAL,C,8000,14.79,0.09,N,2,0
22392,38,48000,RENT,2.0,VENTURE,C,7600,12.84,0.16,N,16,0
22393,24,48500,RENT,5.0,DEBTCONSOLIDATION,A,2000,5.42,0.04,N,2,0
22394,24,30000,RENT,0.0,MEDICAL,B,7400,11.86,0.25,N,4,0
22395,22,43680,MORTGAGE,3.0,DEBTCONSOLIDATION,C,15000,12.73,0.34,N,2,1
22396,30,60000,MORTGAGE,12.0,PERSONAL,A,8000,6.62,0.13,N,9,0
22397,25,37200,RENT,2.0,DEBTCONSOLIDATION,A,10000,7.88,0.27,N,4,0
22398,37,50000,OWN,2.0,HOMEIMPROVEMENT,B,18000,9.91,0.36,N,14,0
22399,22,57000,RENT,2.0,EDUCATION,A,2500,8.0,0.04,N,4,0
22400,36,45000,MORTGAGE,18.0,EDUCATION,F,5000,21.74,0.11,Y,17,0
22401,27,102500,MORTGAGE,3.0,HOMEIMPROVEMENT,A,8000,5.79,0.08,N,10,0
22402,26,56000,MORTGAGE,8.0,VENTURE,B,12000,10.38,0.21,N,4,0
22403,23,78625,RENT,3.0,PERSONAL,C,13600,13.61,0.17,N,3,0
22404,33,85000,RENT,4.0,PERSONAL,B,10000,10.25,0.12,N,10,0
22405,25,30000,RENT,6.0,HOMEIMPROVEMENT,D,3600,15.99,0.12,N,3,1
22406,24,60000,MORTGAGE,3.0,DEBTCONSOLIDATION,B,15000,10.74,0.25,N,4,0
22407,28,72000,MORTGAGE,4.0,DEBTCONSOLIDATION,A,7000,8.94,0.1,N,9,0
22408,25,38000,MORTGAGE,5.0,EDUCATION,A,9000,7.14,0.24,N,4,0
22409,22,38004,RENT,3.0,MEDICAL,C,8500,13.11,0.22,N,2,0
22410,24,50000,RENT,4.0,EDUCATION,B,3000,10.65,0.06,N,3,0
22411,24,60000,RENT,0.0,HOMEIMPROVEMENT,C,8000,14.26,0.13,N,3,0
22412,27,60000,MORTGAGE,6.0,HOMEIMPROVEMENT,D,3600,15.21,0.06,Y,5,0
22413,28,60000,RENT,12.0,MEDICAL,C,12000,13.49,0.2,N,6,0
22414,23,66000,RENT,5.0,VENTURE,B,6000,11.86,0.09,N,2,0
22415,23,50000,RENT,0.0,EDUCATION,B,2500,11.71,0.05,N,4,0
22416,29,56000,MORTGAGE,1.0,HOMEIMPROVEMENT,B,12250,11.89,0.21,N,9,0
22417,22,36000,RENT,2.0,MEDICAL,A,6000,7.9,0.17,N,2,0
22418,23,52000,RENT,5.0,VENTURE,B,7000,10.74,0.13,N,3,0
22419,22,45288,MORTGAGE,0.0,PERSONAL,B,10000,11.12,0.22,N,3,0
22420,23,65000,MORTGAGE,5.0,EDUCATION,A,2500,7.49,0.04,N,3,0
22421,27,90000,MORTGAGE,3.0,MEDICAL,B,12000,12.42,0.13,N,9,0
22422,31,84000,MORTGAGE,7.0,DEBTCONSOLIDATION,A,9000,7.66,0.11,N,5,0
22423,28,48000,RENT,3.0,VENTURE,C,8000,14.27,0.17,Y,8,0
22424,23,73000,MORTGAGE,3.0,VENTURE,A,12000,9.63,0.16,N,4,0
22425,21,80000,MORTGAGE,0.0,EDUCATION,C,25000,13.92,0.31,N,2,0
22426,30,70000,RENT,4.0,DEBTCONSOLIDATION,A,7000,6.62,0.1,N,5,0
22427,27,48000,RENT,6.0,VENTURE,B,12000,10.99,0.25,N,7,0
22428,24,120000,MORTGAGE,8.0,EDUCATION,A,8000,7.66,0.07,N,3,0
22429,41,75000,MORTGAGE,5.0,VENTURE,B,4200,12.69,0.06,N,15,0
22430,34,48000,RENT,9.0,EDUCATION,A,16000,5.99,0.32,N,10,1
22431,34,80000,MORTGAGE,2.0,HOMEIMPROVEMENT,B,5000,10.36,0.06,N,6,0
22432,23,120000,MORTGAGE,7.0,EDUCATION,A,8000,5.42,0.07,N,4,0
22433,28,41000,RENT,9.0,DEBTCONSOLIDATION,C,5000,12.87,0.12,Y,7,1
22434,34,120000,MORTGAGE,4.0,VENTURE,C,17625,12.99,0.15,Y,6,0
22435,23,24000,RENT,1.0,MEDICAL,B,6000,11.49,0.25,N,2,0
22436,25,70000,MORTGAGE,4.0,DEBTCONSOLIDATION,A,8000,7.88,0.11,N,3,0
22437,33,14400,RENT,2.0,DEBTCONSOLIDATION,B,2500,12.53,0.17,N,5,1
22438,44,36228,RENT,4.0,MEDICAL,A,2000,7.29,0.06,N,15,0
22439,29,90000,MORTGAGE,13.0,MEDICAL,A,12000,7.9,0.13,N,5,0
22440,33,38400,RENT,3.0,HOMEIMPROVEMENT,B,11000,11.99,0.29,N,6,0
22441,29,35000,MORTGAGE,13.0,MEDICAL,B,8000,11.49,0.23,N,9,0
22442,23,70000,RENT,1.0,VENTURE,B,10000,10.99,0.14,N,3,0
22443,24,115000,MORTGAGE,3.0,VENTURE,B,5000,11.86,0.04,N,3,0
22444,23,55000,RENT,1.0,EDUCATION,A,7500,5.99,0.14,N,2,0
22445,22,53724,RENT,0.0,EDUCATION,C,6400,13.79,0.12,N,2,0
22446,29,50000,MORTGAGE,0.0,PERSONAL,A,12000,6.62,0.24,N,7,0
22447,34,75000,MORTGAGE,7.0,PERSONAL,A,7000,6.03,0.09,N,10,0
22448,33,40000,RENT,11.0,VENTURE,D,15000,15.31,0.38,N,7,1
22449,25,55000,MORTGAGE,10.0,VENTURE,C,5000,13.49,0.09,Y,2,0
22450,29,40000,OWN,1.0,MEDICAL,B,15000,9.64,0.38,N,10,0
22451,21,55000,MORTGAGE,5.0,PERSONAL,C,15000,13.49,0.27,N,3,0
22452,24,115500,MORTGAGE,8.0,HOMEIMPROVEMENT,B,18000,11.14,0.16,N,3,0
22453,22,36000,RENT,1.0,MEDICAL,B,12000,11.71,0.33,N,4,1
22454,22,41682,MORTGAGE,3.0,DEBTCONSOLIDATION,A,18000,7.88,0.43,N,4,0
22455,41,105000,OWN,0.0,VENTURE,D,10400,16.29,0.1,Y,12,0
22456,23,39900,RENT,6.0,PERSONAL,B,12000,11.49,0.3,N,3,0
22457,33,54000,RENT,3.0,EDUCATION,B,15000,11.86,0.28,N,7,1
22458,29,47500,RENT,1.0,HOMEIMPROVEMENT,E,16000,16.82,0.33,N,9,1
22459,36,40000,RENT,2.0,PERSONAL,B,5200,9.99,0.13,N,12,0
22460,21,79000,RENT,0.0,EDUCATION,B,10000,12.18,0.13,N,3,0
22461,32,69996,MORTGAGE,1.0,HOMEIMPROVEMENT,B,10000,11.58,0.14,N,5,0
22462,23,59004,RENT,0.0,DEBTCONSOLIDATION,D,8000,15.58,0.14,N,3,1
22463,24,45600,MORTGAGE,8.0,PERSONAL,A,12000,7.51,0.27,N,4,0
22464,28,65000,MORTGAGE,12.0,HOMEIMPROVEMENT,A,3000,7.51,0.05,N,10,0
22465,25,105000,MORTGAGE,9.0,DEBTCONSOLIDATION,B,6000,10.99,0.06,N,2,0
22466,35,85000,MORTGAGE,5.0,PERSONAL,A,8000,6.62,0.09,N,7,0
22467,26,24000,RENT,5.0,PERSONAL,C,8500,13.11,0.35,N,2,1
22468,26,70000,MORTGAGE,4.0,EDUCATION,D,10000,14.84,0.14,Y,2,0
22469,21,50000,RENT,2.0,PERSONAL,C,10000,14.22,0.2,N,4,0
22470,27,59000,RENT,11.0,MEDICAL,B,10000,11.71,0.17,N,8,0
22471,24,45000,MORTGAGE,8.0,MEDICAL,A,10800,6.17,0.24,N,4,0
22472,29,42000,RENT,2.0,MEDICAL,A,2500,6.76,0.06,N,6,0
22473,31,30000,RENT,3.0,DEBTCONSOLIDATION,A,10000,7.51,0.33,N,7,1
22474,31,50000,MORTGAGE,9.0,DEBTCONSOLIDATION,A,10000,7.88,0.2,N,9,0
22475,24,49000,RENT,3.0,DEBTCONSOLIDATION,D,12000,16.49,0.24,Y,3,1
22476,27,50000,RENT,5.0,DEBTCONSOLIDATION,C,10000,13.49,0.2,Y,6,0
22477,26,60000,RENT,10.0,EDUCATION,B,15000,10.37,0.25,N,2,0
22478,22,46000,MORTGAGE,6.0,DEBTCONSOLIDATION,A,4000,6.76,0.09,N,4,0
22479,24,27000,OWN,7.0,HOMEIMPROVEMENT,D,10000,15.62,0.37,N,3,0
22480,23,100000,RENT,3.0,VENTURE,A,11000,7.29,0.11,N,3,0
22481,42,51000,OWN,11.0,PERSONAL,A,9000,9.32,0.18,N,17,0
22482,27,44000,MORTGAGE,3.0,DEBTCONSOLIDATION,B,15000,10.99,0.34,N,5,1
22483,27,100000,MORTGAGE,2.0,MEDICAL,A,7000,7.14,0.07,N,7,0
22484,34,32000,RENT,2.0,DEBTCONSOLIDATION,B,15000,10.99,0.47,N,6,1
22485,22,62000,RENT,1.0,EDUCATION,C,7000,13.06,0.11,N,3,0
22486,26,60000,MORTGAGE,3.0,DEBTCONSOLIDATION,A,4000,6.99,0.07,N,3,0
22487,23,63000,RENT,1.0,EDUCATION,D,20000,15.65,0.32,Y,3,1
22488,27,60000,MORTGAGE,0.0,PERSONAL,D,6000,15.99,0.1,Y,6,0
22489,27,45000,MORTGAGE,6.0,EDUCATION,B,10000,10.59,0.22,N,6,0
22490,28,78000,MORTGAGE,3.0,DEBTCONSOLIDATION,A,12000,5.42,0.16,N,5,1
22491,24,120000,RENT,0.0,MEDICAL,A,12000,6.62,0.1,N,2,0
22492,38,41000,MORTGAGE,3.0,DEBTCONSOLIDATION,C,6250,12.87,0.15,N,17,0
22493,41,100300,RENT,3.0,MEDICAL,A,7200,8.9,0.06,N,14,0
22494,24,67500,RENT,2.0,DEBTCONSOLIDATION,E,10000,17.19,0.15,N,3,1
22495,47,55000,MORTGAGE,2.0,PERSONAL,A,2000,7.4,0.04,N,16,0
22496,23,55000,RENT,1.0,MEDICAL,B,7500,10.65,0.14,N,4,0
22497,31,90000,RENT,3.0,PERSONAL,B,10000,11.49,0.11,N,6,0
22498,43,72000,RENT,13.0,HOMEIMPROVEMENT,A,8000,7.88,0.11,N,11,0
22499,37,24000,RENT,1.0,MEDICAL,B,5000,11.49,0.21,N,14,0
22500,28,120000,OWN,11.0,VENTURE,B,5000,11.49,0.04,N,5,0
22501,32,76000,RENT,3.0,PERSONAL,C,14000,13.49,0.18,Y,9,0
22502,24,35400,RENT,4.0,EDUCATION,A,12000,7.29,0.34,N,4,1
22503,22,96000,OWN,6.0,VENTURE,B,5000,9.91,0.05,N,3,0
22504,22,52000,MORTGAGE,4.0,EDUCATION,A,12000,7.88,0.23,N,3,0
22505,38,40000,RENT,0.0,EDUCATION,C,6000,13.47,0.15,Y,11,0
22506,39,65000,RENT,3.0,EDUCATION,A,10000,6.17,0.15,N,15,0
22507,22,59000,RENT,7.0,EDUCATION,C,7200,14.72,0.12,Y,3,0
22508,34,24000,RENT,5.0,VENTURE,C,6000,13.49,0.25,N,5,0
22509,25,78000,MORTGAGE,7.0,DEBTCONSOLIDATION,B,15000,11.49,0.19,N,4,0
22510,23,75000,OWN,3.0,PERSONAL,C,10000,13.57,0.13,Y,4,0
22511,34,55272,RENT,5.0,VENTURE,A,4000,5.42,0.07,N,8,0
22512,28,30000,RENT,5.0,HOMEIMPROVEMENT,D,8000,15.58,0.27,Y,9,1
22513,30,86000,RENT,0.0,VENTURE,B,3000,10.37,0.04,N,5,0
22514,24,70000,MORTGAGE,0.0,PERSONAL,B,8000,10.36,0.11,N,2,0
22515,24,24000,RENT,5.0,PERSONAL,B,10000,10.36,0.42,N,4,1
22516,25,32000,RENT,1.0,MEDICAL,A,4000,7.88,0.13,N,3,0
22517,23,60000,MORTGAGE,7.0,PERSONAL,A,8000,7.9,0.13,N,2,0
22518,25,35000,MORTGAGE,9.0,PERSONAL,A,8000,5.42,0.23,N,3,0
22519,28,24996,RENT,3.0,MEDICAL,C,9000,13.16,0.36,N,8,1
22520,22,60000,RENT,4.0,DEBTCONSOLIDATION,B,10000,11.14,0.17,N,4,0
22521,24,45000,RENT,0.0,MEDICAL,C,6000,12.98,0.13,Y,2,0
22522,23,60000,RENT,3.0,MEDICAL,A,8000,6.99,0.13,N,3,0
22523,22,45000,RENT,0.0,EDUCATION,C,5000,13.16,0.11,Y,2,0
22524,26,83000,MORTGAGE,4.0,EDUCATION,A,7800,7.9,0.09,N,2,0
22525,24,42276,MORTGAGE,7.0,HOMEIMPROVEMENT,B,6000,11.89,0.14,N,4,0
22526,21,30000,RENT,3.0,DEBTCONSOLIDATION,A,3000,7.29,0.1,N,2,0
22527,23,77052,RENT,0.0,EDUCATION,B,24250,11.83,0.31,N,4,1
22528,30,36000,RENT,2.0,MEDICAL,A,6000,8.49,0.17,N,10,0
22529,22,27000,RENT,0.0,DEBTCONSOLIDATION,C,1000,12.99,0.04,Y,3,0
22530,24,42200,MORTGAGE,1.0,PERSONAL,B,4750,10.95,0.11,N,4,1
22531,22,38000,RENT,7.0,PERSONAL,A,10000,6.17,0.26,N,3,0
22532,36,60000,MORTGAGE,5.0,HOMEIMPROVEMENT,B,10000,9.63,0.17,N,13,0
22533,25,42000,MORTGAGE,9.0,PERSONAL,B,10000,10.95,0.24,N,4,0
22534,41,50000,RENT,6.0,EDUCATION,C,9000,13.49,0.18,Y,13,0
22535,30,60000,OWN,14.0,EDUCATION,B,16000,12.69,0.27,N,7,0
22536,23,82560,RENT,5.0,PERSONAL,B,5800,9.91,0.07,N,2,0
22537,29,55000,MORTGAGE,9.0,PERSONAL,A,3500,7.88,0.06,N,6,0
22538,31,40000,RENT,2.0,PERSONAL,A,5000,6.92,0.13,N,7,1
22539,30,34000,RENT,4.0,DEBTCONSOLIDATION,D,5500,16.89,0.16,Y,10,1
22540,25,68000,RENT,4.0,DEBTCONSOLIDATION,B,15000,10.25,0.22,N,4,0
22541,24,110000,RENT,3.0,VENTURE,D,12000,15.58,0.11,Y,3,0
22542,29,75000,MORTGAGE,0.0,HOMEIMPROVEMENT,A,7000,7.14,0.09,N,8,0
22543,43,90000,RENT,3.0,MEDICAL,C,10400,14.26,0.12,Y,16,0
22544,28,70000,MORTGAGE,12.0,PERSONAL,A,5000,7.51,0.07,N,6,0
22545,24,100000,RENT,0.0,EDUCATION,D,6000,14.42,0.06,Y,3,1
22546,32,30000,OWN,2.0,MEDICAL,A,3400,7.29,0.11,N,5,0
22547,30,46000,RENT,6.0,MEDICAL,C,6000,13.06,0.13,Y,10,0
22548,28,69996,RENT,0.0,HOMEIMPROVEMENT,A,1500,7.68,0.02,N,7,0
22549,23,49000,RENT,1.0,VENTURE,C,3500,13.43,0.07,N,2,0
22550,29,105000,MORTGAGE,13.0,MEDICAL,A,13000,6.62,0.12,N,8,0
22551,24,42000,OWN,7.0,EDUCATION,A,6000,6.76,0.14,N,4,0
22552,28,93600,RENT,2.0,EDUCATION,B,20000,9.62,0.21,N,5,1
22553,27,105000,MORTGAGE,3.0,DEBTCONSOLIDATION,C,12000,12.53,0.11,Y,9,0
22554,39,62500,RENT,4.0,HOMEIMPROVEMENT,C,4000,13.11,0.06,Y,11,0
22555,22,30000,RENT,6.0,VENTURE,B,5000,10.59,0.17,N,4,0
22556,24,35000,RENT,8.0,VENTURE,B,17650,10.65,0.49,N,4,0
22557,22,35000,RENT,0.0,VENTURE,B,3200,10.37,0.09,N,4,0
22558,25,45600,RENT,0.0,DEBTCONSOLIDATION,C,3000,13.16,0.07,Y,2,0
22559,37,74000,RENT,9.0,EDUCATION,A,13000,8.9,0.17,N,16,0
22560,29,50000,MORTGAGE,5.0,VENTURE,A,6800,7.49,0.15,N,7,0
22561,26,100000,MORTGAGE,10.0,VENTURE,C,18000,13.11,0.18,N,4,0
22562,38,78000,MORTGAGE,4.0,VENTURE,D,15250,14.96,0.2,N,11,1
22563,26,30000,RENT,0.0,VENTURE,B,5000,11.49,0.17,N,2,0
22564,30,72000,MORTGAGE,13.0,EDUCATION,B,1500,11.12,0.02,N,7,0
22565,31,85000,MORTGAGE,4.0,EDUCATION,A,7000,6.03,0.08,N,6,0
22566,28,48000,RENT,2.0,EDUCATION,B,15000,12.42,0.31,N,7,1
22567,46,70000,MORTGAGE,13.0,DEBTCONSOLIDATION,A,6000,5.42,0.09,N,14,0
22568,22,60000,MORTGAGE,5.0,EDUCATION,C,8000,13.49,0.13,Y,4,0
22569,28,90000,MORTGAGE,12.0,PERSONAL,A,12000,7.51,0.13,N,10,0
22570,24,118300,RENT,1.0,PERSONAL,C,18000,12.68,0.16,Y,2,0
22571,33,32990,MORTGAGE,4.0,PERSONAL,B,10000,11.12,0.3,N,9,0
22572,24,52000,RENT,3.0,MEDICAL,C,6000,13.49,0.12,N,2,0
22573,27,54000,RENT,5.0,MEDICAL,A,8000,7.51,0.15,N,10,0
22574,22,46800,RENT,2.0,DEBTCONSOLIDATION,A,7000,6.03,0.15,N,3,0
22575,33,30000,RENT,2.0,HOMEIMPROVEMENT,A,6000,7.51,0.2,N,6,1
22576,22,37000,RENT,3.0,MEDICAL,B,8000,12.69,0.22,N,4,0
22577,24,65000,MORTGAGE,8.0,HOMEIMPROVEMENT,B,8000,11.49,0.12,N,2,0
22578,23,48000,MORTGAGE,7.0,MEDICAL,A,10000,7.74,0.21,N,3,0
22579,29,30000,RENT,7.0,PERSONAL,A,8000,6.91,0.27,N,8,0
22580,41,85000,MORTGAGE,18.0,DEBTCONSOLIDATION,A,12000,7.14,0.14,N,11,0
22581,26,84000,MORTGAGE,2.0,MEDICAL,B,12000,10.99,0.14,N,3,0
22582,32,36000,RENT,2.0,MEDICAL,B,14400,12.42,0.4,N,9,1
22583,38,52000,MORTGAGE,5.0,VENTURE,A,7000,7.51,0.13,N,12,0
22584,24,65000,RENT,3.0,EDUCATION,B,15000,9.99,0.23,N,4,0
22585,22,80000,MORTGAGE,6.0,EDUCATION,C,8000,13.61,0.1,Y,3,0
22586,23,135000,MORTGAGE,7.0,MEDICAL,B,7500,11.83,0.05,N,3,0
22587,22,55000,MORTGAGE,7.0,DEBTCONSOLIDATION,A,14750,8.94,0.27,N,3,0
22588,26,69000,RENT,2.0,HOMEIMPROVEMENT,D,12000,15.7,0.17,Y,3,1
22589,29,110000,RENT,2.0,VENTURE,C,5600,15.27,0.05,N,9,0
22590,28,63550,RENT,12.0,HOMEIMPROVEMENT,B,7000,12.42,0.11,N,8,0
22591,23,40000,RENT,0.0,MEDICAL,B,7500,10.33,0.18,N,4,0
22592,23,38667,RENT,2.0,MEDICAL,C,4800,11.91,0.12,N,3,0
22593,39,85000,MORTGAGE,6.0,DEBTCONSOLIDATION,B,7350,11.12,0.09,N,15,0
22594,27,60000,MORTGAGE,3.0,VENTURE,A,4000,7.68,0.07,N,7,0
22595,24,85000,RENT,0.0,PERSONAL,A,1000,8.0,0.01,N,4,0
22596,23,75800,MORTGAGE,0.0,PERSONAL,A,10000,6.54,0.14,N,4,0
22597,27,72800,MORTGAGE,3.0,HOMEIMPROVEMENT,A,4500,6.76,0.06,N,5,0
22598,29,50000,RENT,3.0,EDUCATION,C,4000,13.85,0.08,N,5,0
22599,33,30000,RENT,0.0,DEBTCONSOLIDATION,C,5000,13.57,0.17,Y,10,1
22600,33,102000,MORTGAGE,8.0,HOMEIMPROVEMENT,A,5000,6.17,0.05,N,7,0
22601,29,60000,RENT,1.0,DEBTCONSOLIDATION,B,7500,10.62,0.13,N,8,0
22602,28,25000,RENT,0.0,MEDICAL,A,7000,6.92,0.28,N,5,0
22603,33,75000,RENT,4.0,VENTURE,B,5000,10.99,0.07,N,10,0
22604,21,42000,RENT,2.0,MEDICAL,B,7000,10.37,0.17,N,3,0
22605,22,38000,RENT,4.0,VENTURE,A,4800,7.29,0.12,N,3,0
22606,34,40000,RENT,0.0,PERSONAL,A,6000,5.42,0.15,N,6,0
22607,24,69996,MORTGAGE,8.0,EDUCATION,A,2000,6.39,0.03,N,2,0
22608,23,42492,RENT,7.0,EDUCATION,B,3600,11.71,0.08,N,3,0
22609,27,35000,RENT,11.0,MEDICAL,A,6400,7.29,0.18,N,8,0
22610,35,50000,MORTGAGE,3.0,VENTURE,C,15000,12.73,0.3,Y,8,0
22611,31,24996,RENT,2.0,MEDICAL,B,6000,10.75,0.24,N,10,0
22612,28,146000,MORTGAGE,12.0,MEDICAL,B,2500,9.99,0.02,N,5,0
22613,23,120000,MORTGAGE,0.0,PERSONAL,A,7500,8.32,0.06,N,4,0
22614,25,63400,OWN,2.0,PERSONAL,D,7000,15.21,0.11,N,4,0
22615,35,47000,OWN,3.0,PERSONAL,A,6000,7.51,0.13,N,6,0
22616,24,86400,RENT,1.0,PERSONAL,B,5000,10.25,0.06,N,2,0
22617,23,72000,MORTGAGE,7.0,MEDICAL,A,10000,6.62,0.14,N,2,0
22618,34,65000,MORTGAGE,6.0,DEBTCONSOLIDATION,A,7000,7.88,0.11,N,8,0
22619,21,42000,OWN,2.0,PERSONAL,D,4800,15.23,0.11,Y,3,0
22620,22,62004,RENT,0.0,EDUCATION,B,18500,12.69,0.3,N,3,0
22621,22,35000,RENT,5.0,PERSONAL,A,1000,7.49,0.03,N,4,0
22622,23,70523,MORTGAGE,8.0,EDUCATION,C,22000,12.72,0.29,Y,4,1
22623,23,120000,RENT,7.0,EDUCATION,B,23000,10.0,0.18,N,4,0
22624,24,97000,MORTGAGE,8.0,PERSONAL,B,7000,9.91,0.07,N,4,0
22625,32,75000,MORTGAGE,14.0,VENTURE,C,16500,13.57,0.21,Y,8,0
22626,29,34000,RENT,2.0,EDUCATION,C,6000,14.17,0.18,N,8,1
22627,30,35364,RENT,8.0,VENTURE,B,12000,9.91,0.33,N,9,1
22628,37,60000,RENT,15.0,DEBTCONSOLIDATION,A,20000,6.54,0.33,N,11,1
22629,28,60000,MORTGAGE,7.0,MEDICAL,A,9000,6.91,0.15,N,6,0
22630,22,40000,OWN,6.0,VENTURE,D,7000,14.91,0.17,Y,3,0
22631,23,60000,RENT,0.0,EDUCATION,A,4000,7.9,0.07,N,4,0
22632,26,70000,MORTGAGE,10.0,MEDICAL,B,5000,11.11,0.07,N,3,0
22633,22,27996,RENT,0.0,PERSONAL,A,10000,8.49,0.36,N,4,1
22634,25,45000,RENT,2.0,DEBTCONSOLIDATION,C,1500,12.53,0.03,Y,4,0
22635,32,25788,OWN,3.0,MEDICAL,B,5400,11.14,0.21,N,6,0
22636,31,75600,MORTGAGE,15.0,DEBTCONSOLIDATION,B,28000,9.91,0.37,N,7,0
22637,24,45000,RENT,4.0,VENTURE,C,10000,12.53,0.22,N,3,0
22638,36,90000,MORTGAGE,21.0,VENTURE,D,25000,15.65,0.28,N,14,0
22639,31,60000,RENT,4.0,DEBTCONSOLIDATION,B,10000,12.42,0.17,N,6,0
22640,26,120000,MORTGAGE,10.0,VENTURE,B,10000,11.71,0.08,N,3,0
22641,22,65000,MORTGAGE,6.0,MEDICAL,A,2200,6.39,0.03,N,3,0
22642,27,75000,MORTGAGE,0.0,HOMEIMPROVEMENT,C,17000,13.49,0.23,Y,7,0
22643,39,110000,OWN,11.0,PERSONAL,A,20000,7.49,0.18,N,17,0
22644,22,108000,MORTGAGE,2.0,DEBTCONSOLIDATION,B,6000,10.38,0.06,N,3,0
22645,32,30000,RENT,3.0,PERSONAL,B,6000,10.99,0.2,N,5,0
22646,33,71000,MORTGAGE,8.0,PERSONAL,A,12000,7.49,0.17,N,9,0
22647,31,70000,MORTGAGE,8.0,HOMEIMPROVEMENT,D,25000,15.57,0.04,N,6,0
22648,26,110000,RENT,1.0,HOMEIMPROVEMENT,C,12000,12.87,0.11,Y,3,0
22649,24,90000,RENT,8.0,DEBTCONSOLIDATION,B,10000,12.69,0.11,N,4,0
22650,24,54000,RENT,5.0,HOMEIMPROVEMENT,B,8000,11.49,0.15,N,4,0
22651,21,68004,MORTGAGE,5.0,PERSONAL,A,4000,6.39,0.06,N,4,0
22652,34,96000,MORTGAGE,9.0,MEDICAL,C,22500,13.92,0.23,N,10,0
22653,39,98000,MORTGAGE,1.0,PERSONAL,A,14000,7.66,0.14,N,12,0
22654,33,35000,RENT,3.0,PERSONAL,A,8000,7.14,0.22,N,6,0
22655,30,55000,RENT,3.0,DEBTCONSOLIDATION,C,5500,14.72,0.1,Y,7,0
22656,26,42000,RENT,5.0,VENTURE,C,3000,13.22,0.07,Y,2,0
22657,23,75000,MORTGAGE,7.0,VENTURE,B,20000,9.63,0.27,N,4,0
22658,24,72000,OWN,8.0,VENTURE,B,12000,11.83,0.17,N,3,0
22659,25,35000,RENT,5.0,DEBTCONSOLIDATION,B,10000,10.99,0.29,N,3,0
22660,23,56500,MORTGAGE,3.0,DEBTCONSOLIDATION,B,19200,11.48,0.37,N,3,0
22661,24,24000,RENT,0.0,EDUCATION,C,5000,13.72,0.21,Y,3,0
22662,28,140000,OWN,12.0,PERSONAL,B,24000,11.71,0.17,N,7,0
22663,22,72000,MORTGAGE,6.0,VENTURE,B,6500,10.99,0.09,N,4,0
22664,21,48000,RENT,2.0,EDUCATION,C,6000,13.61,0.13,Y,2,0
22665,27,56528,OWN,11.0,DEBTCONSOLIDATION,D,8000,15.99,0.14,Y,5,0
22666,23,90000,RENT,5.0,EDUCATION,D,12000,16.29,0.13,N,3,0
22667,25,30000,RENT,0.0,EDUCATION,A,4200,6.76,0.14,N,4,0
22668,31,54000,MORTGAGE,6.0,VENTURE,A,6000,7.88,0.11,N,10,0
22669,30,95000,MORTGAGE,3.0,PERSONAL,A,15000,7.88,0.16,N,9,0
22670,35,38500,RENT,14.0,MEDICAL,B,7500,10.62,0.19,N,6,0
22671,22,64000,RENT,0.0,DEBTCONSOLIDATION,C,8000,13.06,0.13,Y,4,0
22672,28,59004,RENT,0.0,DEBTCONSOLIDATION,D,5000,15.7,0.08,N,7,1
22673,32,70000,RENT,0.0,EDUCATION,C,3600,13.49,0.05,N,8,0
22674,40,95000,MORTGAGE,4.0,PERSONAL,C,6000,12.99,0.06,Y,16,0
22675,24,80000,MORTGAGE,0.0,PERSONAL,B,7500,10.99,0.09,N,4,0
22676,24,95000,RENT,8.0,EDUCATION,B,18000,11.89,0.19,N,3,0
22677,53,50000,RENT,1.0,PERSONAL,C,10000,13.49,0.2,Y,26,0
22678,23,58000,MORTGAGE,0.0,DEBTCONSOLIDATION,C,6550,13.35,0.11,N,3,0
22679,28,49000,RENT,7.0,MEDICAL,B,6000,8.88,0.12,N,6,0
22680,23,26000,RENT,1.0,MEDICAL,B,7100,10.99,0.27,N,2,0
22681,24,72000,MORTGAGE,2.0,VENTURE,A,10000,7.88,0.14,N,4,0
22682,28,78000,RENT,4.0,EDUCATION,B,14000,11.89,0.18,N,5,1
22683,29,60000,RENT,2.0,MEDICAL,C,12000,13.49,0.2,N,9,0
22684,33,54000,MORTGAGE,10.0,VENTURE,B,25000,10.36,0.46,N,10,0
22685,22,48000,OWN,6.0,VENTURE,D,4800,14.96,0.1,N,2,0
22686,36,50000,RENT,0.0,MEDICAL,A,15000,7.9,0.3,N,11,0
22687,27,90000,RENT,3.0,DEBTCONSOLIDATION,A,12000,6.03,0.13,N,8,0
22688,27,78996,RENT,2.0,EDUCATION,D,12000,15.58,0.15,N,6,1
22689,22,54000,MORTGAGE,4.0,DEBTCONSOLIDATION,B,13750,9.62,0.25,N,2,0
22690,29,50000,RENT,5.0,DEBTCONSOLIDATION,A,8000,7.51,0.16,N,10,0
22691,47,35000,RENT,3.0,HOMEIMPROVEMENT,A,14000,7.29,0.4,N,13,1
22692,24,65000,RENT,4.0,HOMEIMPROVEMENT,A,9000,6.03,0.14,N,2,0
22693,22,50000,MORTGAGE,6.0,DEBTCONSOLIDATION,A,12000,8.59,0.24,N,4,0
22694,26,48000,RENT,1.0,MEDICAL,B,7500,10.08,0.16,N,2,0
22695,24,40000,MORTGAGE,8.0,EDUCATION,B,2000,10.83,0.05,N,3,0
22696,26,93000,MORTGAGE,10.0,DEBTCONSOLIDATION,B,17000,10.99,0.19,N,3,0
22697,24,45600,MORTGAGE,5.0,VENTURE,C,6000,13.85,0.13,N,4,0
22698,25,97700,MORTGAGE,4.0,PERSONAL,B,25000,11.83,0.25,N,4,0
22699,36,76000,MORTGAGE,8.0,MEDICAL,B,4400,12.69,0.06,N,15,0
22700,24,100000,OTHER,7.0,PERSONAL,D,16000,16.0,0.16,Y,4,0
22701,48,29000,OWN,0.0,EDUCATION,A,2500,8.49,0.09,N,12,0
22702,25,150000,MORTGAGE,5.0,DEBTCONSOLIDATION,A,7000,7.14,0.05,N,4,0
22703,21,32000,RENT,5.0,PERSONAL,A,9000,7.49,0.28,N,2,0
22704,23,24996,RENT,2.0,DEBTCONSOLIDATION,A,5000,6.03,0.2,N,3,0
22705,28,32000,RENT,1.0,MEDICAL,A,6000,9.63,0.19,N,8,0
22706,39,85000,RENT,5.0,DEBTCONSOLIDATION,A,10000,7.51,0.12,N,11,0
22707,23,65000,RENT,0.0,EDUCATION,B,12000,10.99,0.18,N,2,0
22708,24,200000,MORTGAGE,4.0,DEBTCONSOLIDATION,B,25000,10.99,0.13,N,2,0
22709,28,99000,MORTGAGE,5.0,HOMEIMPROVEMENT,B,12250,9.88,0.12,N,6,0
22710,25,42000,MORTGAGE,2.0,HOMEIMPROVEMENT,B,8000,10.99,0.19,N,4,0
22711,34,105000,MORTGAGE,12.0,EDUCATION,C,10000,13.48,0.1,N,8,0
22712,33,55000,RENT,1.0,EDUCATION,B,4800,12.42,0.09,N,8,0
22713,29,30000,RENT,0.0,PERSONAL,A,6000,5.42,0.2,N,7,1
22714,22,20000,RENT,0.0,PERSONAL,B,5000,11.36,0.25,N,2,1
22715,37,85000,MORTGAGE,4.0,MEDICAL,A,11000,7.51,0.13,N,14,0
22716,33,30000,RENT,0.0,DEBTCONSOLIDATION,A,4200,7.51,0.14,N,5,0
22717,23,30000,MORTGAGE,6.0,PERSONAL,A,3000,5.99,0.1,N,2,0
22718,22,53481,OWN,6.0,EDUCATION,B,11000,9.63,0.21,N,2,0
22719,33,48000,RENT,2.0,DEBTCONSOLIDATION,B,4000,9.99,0.08,N,9,0
22720,22,60000,MORTGAGE,4.0,EDUCATION,A,7000,7.51,0.12,N,4,0
22721,27,57000,MORTGAGE,11.0,HOMEIMPROVEMENT,B,6000,12.69,0.11,N,6,0
22722,28,63000,MORTGAGE,1.0,VENTURE,D,8000,14.54,0.13,Y,5,0
22723,37,125000,RENT,0.0,PERSONAL,B,12000,11.49,0.1,N,14,0
22724,24,35000,RENT,4.0,MEDICAL,A,5000,6.54,0.14,N,2,0
22725,24,51000,MORTGAGE,6.0,HOMEIMPROVEMENT,B,10000,11.71,0.2,N,4,0
22726,25,50000,RENT,2.0,EDUCATION,A,4800,6.03,0.1,N,3,0
22727,24,64000,RENT,8.0,PERSONAL,D,5000,15.33,0.08,Y,2,0
22728,25,72000,RENT,4.0,MEDICAL,B,15000,11.48,0.21,N,3,0
22729,23,55000,RENT,5.0,EDUCATION,B,3000,12.69,0.05,N,4,0
22730,22,45000,RENT,3.0,PERSONAL,A,7000,7.51,0.16,N,3,0
22731,34,75000,MORTGAGE,18.0,HOMEIMPROVEMENT,B,14000,9.63,0.19,N,9,0
22732,35,44000,MORTGAGE,20.0,VENTURE,D,8500,16.32,0.19,N,7,0
22733,25,29004,RENT,5.0,PERSONAL,B,10000,11.83,0.34,N,2,1
22734,34,49200,RENT,1.0,PERSONAL,C,10000,14.79,0.2,N,8,0
22735,24,62200,RENT,0.0,DEBTCONSOLIDATION,B,18200,9.99,0.31,N,3,1
22736,28,84000,MORTGAGE,8.0,DEBTCONSOLIDATION,A,7500,8.63,0.09,N,6,0
22737,27,99000,MORTGAGE,11.0,DEBTCONSOLIDATION,B,7500,9.76,0.08,N,5,0
22738,35,59000,RENT,3.0,VENTURE,A,14500,7.66,0.24,N,8,0
22739,33,41000,RENT,3.0,VENTURE,B,14000,10.0,0.34,N,9,1
22740,39,65000,RENT,6.0,PERSONAL,B,7000,10.74,0.11,N,15,0
22741,24,100000,RENT,5.0,VENTURE,B,15000,10.75,0.15,N,4,0
22742,22,75000,MORTGAGE,3.0,EDUCATION,C,21000,12.53,0.28,N,3,0
22743,22,95000,RENT,3.0,VENTURE,C,17000,14.65,0.18,N,3,0
22744,22,51996,OWN,7.0,VENTURE,B,6000,10.75,0.12,N,3,0
22745,33,76000,RENT,10.0,DEBTCONSOLIDATION,D,7200,16.29,0.09,N,5,1
22746,33,80000,MORTGAGE,7.0,MEDICAL,A,10000,6.62,0.13,N,6,0
22747,26,74000,RENT,10.0,DEBTCONSOLIDATION,B,8000,11.49,0.11,N,3,0
22748,26,39600,MORTGAGE,10.0,DEBTCONSOLIDATION,A,5600,8.9,0.15,N,4,0
22749,36,80000,MORTGAGE,18.0,VENTURE,A,10000,7.51,0.13,N,14,0
22750,25,120000,MORTGAGE,9.0,EDUCATION,B,24000,10.38,0.2,N,3,0
22751,22,36000,MORTGAGE,0.0,EDUCATION,A,8000,7.88,0.22,N,4,0
22752,23,66000,MORTGAGE,7.0,EDUCATION,C,3000,12.99,0.05,N,2,0
22753,27,65000,MORTGAGE,3.0,VENTURE,B,4500,12.42,0.07,N,10,0
22754,44,80160,MORTGAGE,4.0,DEBTCONSOLIDATION,C,14400,13.99,0.18,N,13,1
22755,24,31200,RENT,3.0,DEBTCONSOLIDATION,B,6000,9.99,0.19,N,3,1
22756,25,30000,RENT,0.0,MEDICAL,C,4400,12.87,0.15,Y,4,0
22757,42,80000,RENT,12.0,PERSONAL,B,25000,11.11,0.31,N,12,1
22758,23,49635,RENT,2.0,EDUCATION,E,8200,15.95,0.17,N,2,1
22759,25,70000,MORTGAGE,7.0,DEBTCONSOLIDATION,B,8000,10.99,0.11,N,2,0
22760,30,54000,MORTGAGE,14.0,VENTURE,A,10000,6.62,0.19,N,8,0
22761,33,138000,MORTGAGE,7.0,PERSONAL,C,21600,12.22,0.15,Y,6,0
22762,39,26240,OWN,2.0,PERSONAL,C,5000,13.61,0.19,Y,14,0
22763,52,85000,RENT,3.0,PERSONAL,A,5600,8.49,0.07,N,25,0
22764,22,53000,MORTGAGE,6.0,DEBTCONSOLIDATION,A,16000,7.9,0.3,N,4,0
22765,25,47928,RENT,9.0,PERSONAL,C,15000,13.92,0.31,N,4,0
22766,22,35100,RENT,0.0,EDUCATION,B,2400,10.65,0.07,N,2,0
22767,25,56000,MORTGAGE,3.0,HOMEIMPROVEMENT,C,10000,12.73,0.18,Y,4,1
22768,23,38004,RENT,4.0,PERSONAL,D,6025,15.31,0.17,Y,3,0
22769,31,120000,MORTGAGE,9.0,MEDICAL,A,28000,8.9,0.24,N,10,0
22770,27,75000,RENT,4.0,HOMEIMPROVEMENT,B,9600,9.91,0.13,N,9,0
22771,26,50000,MORTGAGE,9.0,HOMEIMPROVEMENT,B,12000,12.69,0.24,N,3,0
22772,23,78000,RENT,4.0,HOMEIMPROVEMENT,D,6000,16.32,0.08,N,4,1
22773,26,45000,RENT,0.0,MEDICAL,A,10400,6.91,0.23,N,4,0
22774,29,48000,RENT,13.0,MEDICAL,B,3500,12.69,0.07,N,5,0
22775,22,33000,RENT,2.0,DEBTCONSOLIDATION,D,7800,16.77,0.24,N,2,1
22776,52,57000,RENT,1.0,PERSONAL,C,12000,13.49,0.21,N,25,0
22777,27,50000,MORTGAGE,11.0,HOMEIMPROVEMENT,A,11000,5.42,0.21,N,6,0
22778,31,80000,MORTGAGE,3.0,HOMEIMPROVEMENT,A,5000,6.76,0.06,N,9,0
22779,23,81996,MORTGAGE,7.0,PERSONAL,C,6000,14.22,0.08,Y,2,0
22780,25,70000,RENT,0.0,PERSONAL,C,15000,13.16,0.21,N,2,0
22781,23,125000,MORTGAGE,7.0,PERSONAL,A,10000,5.79,0.08,N,3,0
22782,24,60000,RENT,1.0,MEDICAL,A,10000,7.29,0.17,N,4,0
22783,21,36000,MORTGAGE,5.0,MEDICAL,A,15000,7.88,0.4,N,2,0
22784,27,50000,OWN,5.0,HOMEIMPROVEMENT,B,5000,10.62,0.1,N,9,0
22785,37,92000,MORTGAGE,11.0,PERSONAL,C,10000,13.49,0.11,N,13,0
22786,23,52000,RENT,7.0,DEBTCONSOLIDATION,B,13000,10.99,0.25,N,3,0
22787,38,64500,RENT,1.0,VENTURE,A,17000,7.49,0.3,N,15,0
22788,30,41000,MORTGAGE,6.0,VENTURE,A,10000,7.9,0.24,N,9,0
22789,21,15000,RENT,2.0,VENTURE,B,2000,10.74,0.13,N,2,0
22790,43,95000,MORTGAGE,0.0,MEDICAL,B,20000,10.25,0.21,N,13,0
22791,32,36000,RENT,8.0,PERSONAL,A,2500,7.14,0.07,N,6,0
22792,26,55000,RENT,9.0,DEBTCONSOLIDATION,C,8000,13.11,0.15,Y,3,0
22793,25,62500,RENT,0.0,MEDICAL,B,15000,11.89,0.24,N,4,0
22794,26,75000,MORTGAGE,10.0,EDUCATION,A,10000,6.99,0.13,N,2,0
22795,48,60000,RENT,0.0,HOMEIMPROVEMENT,B,15000,11.11,0.25,N,16,0
22796,35,150000,MORTGAGE,2.0,PERSONAL,A,24000,7.9,0.16,N,8,0
22797,24,42000,RENT,2.0,MEDICAL,A,7000,7.88,0.17,N,2,0
22798,39,35000,RENT,2.0,VENTURE,A,5000,9.63,0.14,N,13,0
22799,26,156000,MORTGAGE,9.0,HOMEIMPROVEMENT,B,20000,10.59,0.13,N,2,0
22800,27,36000,RENT,0.0,HOMEIMPROVEMENT,C,15250,13.49,0.42,N,6,1
22801,21,35000,RENT,3.0,EDUCATION,A,7500,5.99,0.21,N,3,0
22802,25,85000,MORTGAGE,5.0,PERSONAL,C,12000,14.79,0.14,Y,2,0
22803,29,50000,RENT,0.0,DEBTCONSOLIDATION,A,5000,6.03,0.1,N,8,0
22804,26,50000,RENT,3.0,EDUCATION,A,4000,8.32,0.08,N,2,0
22805,34,38000,MORTGAGE,10.0,VENTURE,A,7300,7.88,0.19,N,5,0
22806,23,30000,RENT,0.0,VENTURE,A,6000,7.49,0.2,N,3,0
22807,23,40000,RENT,8.0,MEDICAL,A,10000,7.51,0.25,N,4,0
22808,24,72000,MORTGAGE,1.0,DEBTCONSOLIDATION,B,10000,10.99,0.14,N,3,0
22809,22,140000,MORTGAGE,0.0,PERSONAL,B,10000,10.83,0.07,N,3,0
22810,24,70000,RENT,0.0,MEDICAL,C,15000,13.85,0.21,Y,4,0
22811,22,42000,RENT,1.0,VENTURE,D,3600,17.49,0.09,Y,3,1
22812,24,67000,RENT,5.0,DEBTCONSOLIDATION,B,10000,11.71,0.15,N,4,0
22813,29,100000,MORTGAGE,2.0,HOMEIMPROVEMENT,B,15000,11.14,0.15,N,6,0
22814,28,69000,RENT,3.0,EDUCATION,C,3500,14.17,0.05,Y,8,1
22815,27,48686,MORTGAGE,5.0,VENTURE,B,4000,9.99,0.08,N,8,0
22816,32,67000,MORTGAGE,6.0,DEBTCONSOLIDATION,A,10500,6.99,0.15,N,9,0
22817,25,72000,MORTGAGE,9.0,PERSONAL,A,15000,6.76,0.21,N,4,0
22818,22,60000,OWN,6.0,PERSONAL,A,10000,5.79,0.17,N,2,0
22819,22,51000,MORTGAGE,6.0,DEBTCONSOLIDATION,D,1500,14.59,0.03,N,2,1
22820,22,60000,MORTGAGE,6.0,DEBTCONSOLIDATION,B,6000,11.99,0.1,N,3,0
22821,21,50000,MORTGAGE,3.0,MEDICAL,A,3000,5.42,0.06,N,3,0
22822,28,75000,MORTGAGE,8.0,EDUCATION,A,15000,7.9,0.2,N,8,0
22823,33,35000,RENT,3.0,MEDICAL,B,6000,11.99,0.17,N,10,0
22824,27,201000,MORTGAGE,4.0,EDUCATION,B,15000,11.36,0.07,N,8,0
22825,23,62000,MORTGAGE,4.0,DEBTCONSOLIDATION,A,2400,7.66,0.04,N,2,0
22826,28,45600,OWN,3.0,PERSONAL,B,5000,10.38,0.11,N,8,0
22827,21,35000,RENT,1.0,MEDICAL,A,6400,7.51,0.18,N,2,0
22828,24,34000,RENT,1.0,MEDICAL,B,12000,11.89,0.35,N,2,1
22829,28,29120,RENT,1.0,VENTURE,D,5000,15.7,0.17,Y,10,1
22830,39,92000,RENT,5.0,VENTURE,B,15000,10.59,0.16,N,15,0
22831,33,100000,MORTGAGE,6.0,EDUCATION,A,14000,6.03,0.14,N,9,0
22832,23,95000,MORTGAGE,7.0,DEBTCONSOLIDATION,B,18000,10.99,0.19,N,3,0
22833,22,45000,MORTGAGE,6.0,VENTURE,A,20000,6.91,0.44,N,4,0
22834,23,50000,MORTGAGE,3.0,VENTURE,A,5000,7.74,0.1,N,3,0
22835,32,140000,MORTGAGE,16.0,HOMEIMPROVEMENT,A,15000,6.99,0.11,N,6,0
22836,22,60000,MORTGAGE,3.0,EDUCATION,B,16000,10.37,0.27,N,3,0
22837,23,55260,OWN,4.0,EDUCATION,C,13200,11.72,0.24,Y,4,0
22838,23,45000,RENT,0.0,MEDICAL,C,5000,14.26,0.11,Y,3,0
22839,22,44160,OWN,1.0,VENTURE,B,2000,11.11,0.05,N,4,0
22840,29,70000,MORTGAGE,13.0,PERSONAL,A,4800,7.49,0.07,N,7,0
22841,28,30000,RENT,0.0,PERSONAL,B,6000,11.14,0.2,N,8,1
22842,22,30000,RENT,4.0,DEBTCONSOLIDATION,B,7000,10.99,0.23,N,3,0
22843,22,35000,RENT,6.0,PERSONAL,B,8500,10.37,0.24,N,2,1
22844,21,24000,RENT,1.0,EDUCATION,B,2000,9.99,0.08,N,2,0
22845,22,64000,MORTGAGE,0.0,EDUCATION,B,25000,11.83,0.39,N,4,1
22846,36,30000,RENT,0.0,PERSONAL,D,10000,15.99,0.33,N,12,1
22847,26,56400,MORTGAGE,10.0,HOMEIMPROVEMENT,A,7500,8.0,0.13,N,3,0
22848,37,67000,RENT,2.0,VENTURE,B,16000,10.65,0.24,N,15,0
22849,29,78000,MORTGAGE,6.0,VENTURE,B,6000,12.69,0.08,N,8,0
22850,32,44004,RENT,2.0,EDUCATION,D,1800,14.09,0.04,Y,9,1
22851,29,68808,MORTGAGE,1.0,PERSONAL,A,20000,6.17,0.29,N,5,0
22852,24,65000,RENT,2.0,MEDICAL,B,15000,12.42,0.23,N,2,0
22853,36,47004,RENT,4.0,VENTURE,B,10000,11.49,0.21,N,12,0
22854,37,60000,OWN,4.0,PERSONAL,B,20000,12.18,0.33,N,11,0
22855,26,50000,OWN,5.0,EDUCATION,B,10000,11.99,0.2,N,2,0
22856,29,52000,RENT,4.0,EDUCATION,C,15000,13.16,0.29,N,5,0
22857,27,65000,MORTGAGE,11.0,PERSONAL,A,4800,5.42,0.07,N,5,0
22858,34,120000,MORTGAGE,15.0,EDUCATION,B,5000,12.69,0.04,N,6,0
22859,29,70000,MORTGAGE,1.0,DEBTCONSOLIDATION,C,10000,13.49,0.14,Y,8,0
22860,30,36000,RENT,2.0,MEDICAL,A,6000,8.49,0.17,N,8,0
22861,22,51600,MORTGAGE,3.0,EDUCATION,B,4000,10.37,0.08,N,4,0
22862,23,49000,MORTGAGE,7.0,EDUCATION,B,2500,10.99,0.06,N,4,0
22863,49,86500,MORTGAGE,6.0,DEBTCONSOLIDATION,B,14800,9.88,0.18,N,17,0
22864,31,84000,MORTGAGE,5.0,VENTURE,C,15000,13.49,0.18,Y,6,0
22865,25,52000,MORTGAGE,2.0,VENTURE,C,6000,14.79,0.12,Y,2,0
22866,23,54000,RENT,7.0,EDUCATION,B,20000,10.99,0.37,N,4,1
22867,26,122500,MORTGAGE,2.0,DEBTCONSOLIDATION,A,10000,7.88,0.08,N,2,0
22868,23,65004,RENT,0.0,VENTURE,A,6000,8.49,0.09,N,4,0
22869,22,40000,RENT,6.0,MEDICAL,B,2500,11.71,0.06,N,4,0
22870,33,72000,MORTGAGE,7.0,EDUCATION,A,8700,6.92,0.12,N,8,0
22871,28,72000,MORTGAGE,12.0,EDUCATION,A,17000,7.51,0.24,N,8,0
22872,22,69000,MORTGAGE,3.0,EDUCATION,C,16000,13.22,0.23,Y,4,0
22873,27,30000,RENT,8.0,EDUCATION,A,11450,7.9,0.39,N,6,1
22874,31,83000,MORTGAGE,4.0,PERSONAL,A,12000,5.79,0.14,N,6,0
22875,25,73426,MORTGAGE,4.0,VENTURE,C,12000,13.57,0.17,N,3,0
22876,25,60000,RENT,9.0,EDUCATION,A,7000,7.29,0.12,N,3,0
22877,30,70000,RENT,3.0,EDUCATION,C,5000,14.27,0.07,Y,7,0
22878,25,110000,MORTGAGE,9.0,HOMEIMPROVEMENT,A,7500,5.42,0.07,N,4,0
22879,31,30000,RENT,3.0,MEDICAL,B,6000,10.75,0.2,N,10,0
22880,31,74000,RENT,1.0,VENTURE,D,10000,16.77,0.14,Y,8,1
22881,32,95000,MORTGAGE,16.0,HOMEIMPROVEMENT,B,25000,10.08,0.26,N,7,0
22882,33,72800,MORTGAGE,3.0,HOMEIMPROVEMENT,D,15000,14.83,0.19,Y,10,0
22883,24,30000,RENT,6.0,PERSONAL,C,10000,12.23,0.33,Y,4,1
22884,26,25596,RENT,0.0,MEDICAL,B,2000,10.99,0.08,N,4,0
22885,25,59600,MORTGAGE,5.0,EDUCATION,D,6000,16.45,0.1,Y,3,1
22886,24,64000,MORTGAGE,9.0,VENTURE,B,10000,10.65,0.16,N,4,0
22887,38,32000,RENT,0.0,MEDICAL,C,8500,13.23,0.28,N,11,1
22888,28,55000,MORTGAGE,6.0,MEDICAL,B,5000,10.38,0.09,N,7,0
22889,22,30000,RENT,3.0,DEBTCONSOLIDATION,B,4000,9.25,0.13,N,3,0
22890,33,49500,MORTGAGE,6.0,DEBTCONSOLIDATION,A,10000,7.14,0.2,N,5,0
22891,23,72000,RENT,5.0,EDUCATION,A,6000,7.88,0.08,N,4,0
22892,24,35004,RENT,8.0,EDUCATION,A,7500,6.92,0.21,N,2,0
22893,24,125000,MORTGAGE,2.0,HOMEIMPROVEMENT,B,19000,11.48,0.15,N,3,0
22894,24,82560,OWN,9.0,MEDICAL,B,5000,9.91,0.06,N,4,0
22895,26,75000,RENT,6.0,VENTURE,A,18000,7.88,0.24,N,3,0
22896,29,95000,MORTGAGE,6.0,EDUCATION,A,35000,7.9,0.37,N,5,0
22897,23,110000,MORTGAGE,8.0,EDUCATION,B,10000,11.99,0.09,N,3,0
22898,28,100000,RENT,3.0,PERSONAL,B,20000,11.26,0.2,N,8,0
22899,46,185000,MORTGAGE,22.0,VENTURE,A,5000,6.62,0.03,N,13,0
22900,24,40000,RENT,1.0,DEBTCONSOLIDATION,A,4000,7.88,0.1,N,2,0
22901,21,40000,RENT,5.0,MEDICAL,A,6000,7.51,0.15,N,2,0
22902,27,100800,MORTGAGE,0.0,MEDICAL,B,10800,10.75,0.11,N,7,0
22903,26,60000,RENT,0.0,VENTURE,B,12000,10.39,0.2,N,4,0
22904,41,60000,MORTGAGE,4.0,VENTURE,B,15000,11.71,0.25,N,15,0
22905,24,105000,MORTGAGE,2.0,VENTURE,A,30000,8.9,0.28,N,3,0
22906,24,72000,MORTGAGE,9.0,VENTURE,A,3000,6.39,0.04,N,3,0
22907,23,42000,MORTGAGE,7.0,DEBTCONSOLIDATION,D,2000,14.59,0.05,N,4,1
22908,22,30000,RENT,6.0,EDUCATION,B,6000,10.0,0.2,N,4,1
22909,24,48000,RENT,8.0,EDUCATION,A,12000,7.29,0.25,N,2,0
22910,49,80000,RENT,20.0,HOMEIMPROVEMENT,C,17000,14.27,0.21,N,16,0
22911,29,80000,RENT,0.0,DEBTCONSOLIDATION,C,7000,13.22,0.09,N,8,0
22912,37,72000,MORTGAGE,9.0,MEDICAL,B,19000,10.59,0.26,N,16,0
22913,23,30000,RENT,7.0,EDUCATION,C,4000,13.98,0.13,Y,2,0
22914,27,55000,RENT,11.0,PERSONAL,C,8000,13.23,0.15,Y,9,0
22915,22,85000,MORTGAGE,6.0,EDUCATION,B,20000,9.99,0.24,N,3,0
22916,26,78000,RENT,6.0,EDUCATION,D,3000,14.59,0.04,N,3,0
22917,23,42000,MORTGAGE,5.0,VENTURE,B,8000,10.99,0.19,N,3,0
22918,22,40000,RENT,6.0,EDUCATION,A,12000,7.9,0.3,N,3,0
22919,29,55000,MORTGAGE,6.0,PERSONAL,D,5400,16.89,0.1,Y,7,0
22920,23,44000,RENT,0.0,VENTURE,B,12000,8.88,0.27,N,3,0
22921,27,37000,RENT,0.0,MEDICAL,A,5000,8.9,0.14,N,10,0
22922,24,46000,RENT,2.0,MEDICAL,D,8000,16.49,0.17,Y,4,1
22923,26,28500,RENT,3.0,DEBTCONSOLIDATION,A,3500,5.42,0.13,N,4,0
22924,25,95000,RENT,3.0,PERSONAL,A,19200,7.9,0.2,N,4,0
22925,27,48000,MORTGAGE,0.0,DEBTCONSOLIDATION,A,20000,6.54,0.39,N,9,0
22926,24,35000,RENT,2.0,EDUCATION,C,6000,12.68,0.17,Y,3,0
22927,31,26000,RENT,0.0,EDUCATION,C,7500,13.23,0.3,Y,8,0
22928,26,35000,RENT,1.0,PERSONAL,C,10000,14.22,0.29,N,2,0
22929,27,85000,MORTGAGE,12.0,EDUCATION,A,4000,6.03,0.05,N,8,0
22930,22,75000,RENT,3.0,EDUCATION,A,4000,7.49,0.05,N,4,0
22931,25,35000,MORTGAGE,1.0,DEBTCONSOLIDATION,B,6000,10.37,0.17,N,4,0
22932,30,36000,RENT,1.0,MEDICAL,C,6000,14.27,0.17,N,6,0
22933,27,56400,RENT,2.0,EDUCATION,A,7000,8.9,0.12,N,9,0
22934,25,120000,MORTGAGE,5.0,EDUCATION,A,5000,7.88,0.04,N,2,0
22935,29,32000,RENT,3.0,EDUCATION,B,15000,10.99,0.47,N,9,1
22936,26,120000,MORTGAGE,10.0,DEBTCONSOLIDATION,A,15000,8.94,0.13,N,2,0
22937,24,62000,MORTGAGE,7.0,HOMEIMPROVEMENT,A,12000,7.29,0.19,N,4,0
22938,27,145000,MORTGAGE,11.0,DEBTCONSOLIDATION,A,19200,7.49,0.13,N,5,0
22939,42,60000,RENT,11.0,VENTURE,C,8000,15.96,0.13,Y,17,0
22940,32,85000,RENT,0.0,PERSONAL,A,10000,9.32,0.12,N,6,0
22941,27,53724,RENT,1.0,DEBTCONSOLIDATION,A,4500,5.79,0.09,N,7,0
22942,27,33000,RENT,3.0,DEBTCONSOLIDATION,C,3000,13.11,0.09,Y,5,1
22943,27,100000,RENT,1.0,EDUCATION,A,12000,7.51,0.12,N,6,0
22944,32,65000,MORTGAGE,11.0,VENTURE,A,3600,5.42,0.06,N,7,0
22945,27,75000,RENT,0.0,PERSONAL,C,12000,13.49,0.16,Y,8,0
22946,27,57500,MORTGAGE,11.0,DEBTCONSOLIDATION,A,11250,6.62,0.19,N,6,0
22947,22,48000,RENT,0.0,EDUCATION,A,3000,7.49,0.06,N,2,0
22948,23,72000,MORTGAGE,7.0,EDUCATION,C,3200,12.68,0.04,N,4,0
22949,23,78000,RENT,4.0,EDUCATION,B,24000,10.99,0.31,N,2,0
22950,25,49992,RENT,5.0,HOMEIMPROVEMENT,D,8000,15.62,0.16,Y,3,0
22951,23,58200,RENT,2.0,EDUCATION,B,2000,10.38,0.03,N,4,0
22952,28,118000,MORTGAGE,7.0,PERSONAL,D,25000,15.31,0.21,Y,6,1
22953,34,74000,RENT,2.0,PERSONAL,E,12000,16.4,0.16,Y,7,1
22954,21,25000,RENT,3.0,EDUCATION,A,1000,7.29,0.04,N,3,0
22955,26,115000,RENT,5.0,MEDICAL,A,10000,8.9,0.09,N,2,0
22956,22,44004,RENT,6.0,MEDICAL,E,5000,16.32,0.11,N,3,1
22957,37,24000,RENT,2.0,PERSONAL,A,3500,7.88,0.15,N,14,0
22958,28,60000,RENT,4.0,PERSONAL,C,10000,13.57,0.17,N,8,0
22959,29,70000,MORTGAGE,3.0,PERSONAL,A,10000,5.99,0.14,N,5,0
22960,30,72321,OTHER,0.0,HOMEIMPROVEMENT,B,15000,10.36,0.21,N,9,0
22961,22,65004,MORTGAGE,6.0,EDUCATION,A,4000,8.9,0.06,N,3,0
22962,26,120000,MORTGAGE,4.0,VENTURE,A,5000,7.49,0.04,N,2,0
22963,23,46000,RENT,7.0,EDUCATION,B,7000,10.25,0.16,N,2,0
22964,32,69000,MORTGAGE,4.0,DEBTCONSOLIDATION,B,12000,10.99,0.17,N,7,1
22965,24,110004,RENT,8.0,HOMEIMPROVEMENT,B,15000,11.14,0.14,N,4,0
22966,29,60000,MORTGAGE,6.0,DEBTCONSOLIDATION,A,14000,7.88,0.23,N,10,0
22967,30,40000,RENT,4.0,MEDICAL,C,4000,13.57,0.1,Y,9,0
22968,23,36000,RENT,3.0,PERSONAL,B,6000,11.49,0.17,N,2,0
22969,24,50000,RENT,3.0,MEDICAL,A,12000,7.29,0.24,N,2,0
22970,26,40000,RENT,10.0,EDUCATION,A,10000,6.99,0.25,N,2,0
22971,25,77000,RENT,9.0,EDUCATION,B,19600,10.62,0.25,N,2,0
22972,30,50000,RENT,6.0,PERSONAL,C,3600,13.49,0.07,N,10,0
22973,28,50000,RENT,2.0,EDUCATION,C,10000,13.49,0.2,N,7,0
22974,21,20000,RENT,3.0,PERSONAL,B,3000,10.99,0.15,N,4,0
22975,29,39000,RENT,1.0,MEDICAL,C,12000,15.26,0.31,N,7,1
22976,29,135000,MORTGAGE,13.0,HOMEIMPROVEMENT,A,12000,6.92,0.09,N,8,0
22977,37,30000,RENT,7.0,EDUCATION,B,10000,9.25,0.33,N,17,1
22978,28,76000,MORTGAGE,12.0,DEBTCONSOLIDATION,B,13500,9.99,0.18,N,6,0
22979,31,36000,RENT,7.0,EDUCATION,B,10000,9.63,0.28,N,5,0
22980,26,30000,RENT,3.0,PERSONAL,B,12000,11.71,0.4,N,3,1
22981,25,120000,MORTGAGE,3.0,VENTURE,A,10000,5.99,0.08,N,3,0
22982,26,44000,RENT,3.0,MEDICAL,A,6000,7.49,0.14,N,4,0
22983,26,74000,RENT,2.0,EDUCATION,D,10000,16.07,0.14,N,3,1
22984,34,40000,RENT,2.0,EDUCATION,B,3000,11.83,0.07,N,10,0
22985,24,70000,RENT,0.0,VENTURE,B,10000,10.25,0.14,N,2,0
22986,61,60000,MORTGAGE,11.0,PERSONAL,C,2000,13.61,0.03,Y,19,0
22987,29,200000,MORTGAGE,13.0,MEDICAL,B,25000,10.08,0.12,N,8,0
22988,25,46000,RENT,4.0,DEBTCONSOLIDATION,C,6000,13.23,0.13,Y,3,0
22989,25,50000,RENT,9.0,DEBTCONSOLIDATION,A,5000,6.03,0.1,N,3,0
22990,22,65000,MORTGAGE,5.0,MEDICAL,B,10000,9.76,0.15,N,4,0
22991,30,51420,RENT,0.0,PERSONAL,C,10400,12.84,0.22,Y,10,0
22992,23,90000,RENT,2.0,PERSONAL,B,12000,11.26,0.13,N,2,0
22993,35,100000,MORTGAGE,13.0,EDUCATION,A,12000,7.88,0.12,N,6,0
22994,32,60000,MORTGAGE,17.0,VENTURE,B,26000,9.91,0.43,N,6,0
22995,27,37000,MORTGAGE,0.0,DEBTCONSOLIDATION,A,2000,7.66,0.05,N,6,0
22996,25,72000,MORTGAGE,9.0,DEBTCONSOLIDATION,A,17000,6.03,0.24,N,2,0
22997,23,63000,MORTGAGE,7.0,DEBTCONSOLIDATION,A,12000,7.29,0.19,N,4,0
22998,36,62000,MORTGAGE,3.0,EDUCATION,B,10000,9.51,0.16,N,12,0
22999,24,35880,RENT,2.0,PERSONAL,A,5000,7.51,0.14,N,4,0
23000,30,85332,RENT,3.0,VENTURE,C,14000,13.11,0.16,Y,5,0
23001,27,90000,MORTGAGE,6.0,HOMEIMPROVEMENT,A,10700,7.14,0.12,N,6,0
23002,22,95000,RENT,3.0,VENTURE,B,16000,11.48,0.18,N,2,0
23003,23,60000,MORTGAGE,7.0,EDUCATION,A,8500,6.03,0.14,N,4,0
23004,22,54000,RENT,6.0,VENTURE,E,9000,18.64,0.17,N,2,1
23005,42,66725,RENT,3.0,MEDICAL,D,9000,16.29,0.11,Y,13,1
23006,24,60000,RENT,3.0,EDUCATION,A,20000,7.88,0.33,N,2,1
23007,24,76500,MORTGAGE,1.0,MEDICAL,B,13650,10.74,0.17,N,2,0
23008,27,52000,RENT,11.0,EDUCATION,A,10000,6.92,0.19,N,5,0
23009,27,75000,MORTGAGE,4.0,PERSONAL,A,6000,6.76,0.08,N,9,0
23010,22,70000,RENT,4.0,MEDICAL,A,10000,6.99,0.14,N,3,0
23011,22,48500,RENT,6.0,MEDICAL,C,18000,12.29,0.37,Y,2,1
23012,24,25200,RENT,1.0,MEDICAL,D,7000,15.99,0.28,Y,3,1
23013,22,95000,MORTGAGE,6.0,EDUCATION,A,15000,5.79,0.16,N,2,0
23014,26,80000,MORTGAGE,2.0,MEDICAL,B,10000,9.63,0.13,N,2,0
23015,37,50000,RENT,12.0,DEBTCONSOLIDATION,C,9000,13.11,0.18,N,11,0
23016,42,60000,OWN,0.0,PERSONAL,D,12000,15.21,0.2,Y,14,0
23017,22,60000,RENT,0.0,EDUCATION,B,5000,10.25,0.08,N,3,0
23018,42,28800,MORTGAGE,2.0,PERSONAL,C,6000,13.43,0.21,Y,14,0
23019,30,29000,RENT,14.0,MEDICAL,A,2500,7.4,0.09,N,6,1
23020,22,39000,RENT,1.0,PERSONAL,D,5000,14.84,0.13,N,3,1
23021,22,69500,MORTGAGE,2.0,EDUCATION,D,7000,14.96,0.1,Y,2,0
23022,24,88000,MORTGAGE,4.0,VENTURE,E,15000,17.04,0.17,Y,2,0
23023,31,45000,MORTGAGE,15.0,DEBTCONSOLIDATION,A,15000,6.54,0.33,N,6,0
23024,27,36000,RENT,3.0,PERSONAL,C,3000,13.49,0.08,N,7,1
23025,29,80000,MORTGAGE,3.0,HOMEIMPROVEMENT,B,15000,11.49,0.19,N,8,0
23026,24,108000,RENT,4.0,EDUCATION,B,25000,10.74,0.23,N,3,0
23027,37,56000,MORTGAGE,0.0,DEBTCONSOLIDATION,F,15000,17.26,0.27,Y,12,1
23028,26,94800,MORTGAGE,1.0,VENTURE,B,6000,12.69,0.06,N,3,0
23029,33,19000,RENT,1.0,DEBTCONSOLIDATION,D,4000,15.62,0.21,N,9,1
23030,35,68004,RENT,3.0,PERSONAL,D,17000,16.49,0.26,N,9,0
23031,23,52000,MORTGAGE,5.0,VENTURE,B,10000,10.37,0.19,N,3,0
23032,27,48000,RENT,1.0,MEDICAL,B,8700,10.71,0.18,N,10,1
23033,29,90000,MORTGAGE,4.0,VENTURE,A,12000,7.88,0.13,N,10,0
23034,32,130000,RENT,9.0,PERSONAL,B,17600,10.36,0.14,N,9,0
23035,27,58000,RENT,11.0,HOMEIMPROVEMENT,B,1800,9.99,0.03,N,9,0
23036,23,39000,RENT,8.0,PERSONAL,B,9250,12.21,0.25,N,4,0
23037,26,25000,RENT,3.0,VENTURE,B,5000,9.99,0.2,N,2,0
23038,23,48180,RENT,1.0,VENTURE,C,6000,13.98,0.12,Y,4,0
23039,25,23196,MORTGAGE,0.0,HOMEIMPROVEMENT,B,7500,11.89,0.32,N,4,0
23040,30,84000,MORTGAGE,4.0,EDUCATION,B,10000,10.75,0.12,N,5,0
23041,32,50000,OWN,16.0,HOMEIMPROVEMENT,A,8000,7.49,0.16,N,10,0
23042,28,72000,MORTGAGE,6.0,DEBTCONSOLIDATION,B,6000,9.91,0.08,N,5,0
23043,31,90000,MORTGAGE,13.0,PERSONAL,C,12000,12.73,0.13,N,8,0
23044,22,40000,RENT,6.0,DEBTCONSOLIDATION,B,15000,11.71,0.38,N,4,1
23045,28,114996,MORTGAGE,8.0,DEBTCONSOLIDATION,B,15000,11.14,0.13,N,7,0
23046,28,75000,MORTGAGE,5.0,PERSONAL,A,15000,7.9,0.2,N,7,0
23047,25,71000,RENT,0.0,DEBTCONSOLIDATION,C,8500,12.53,0.12,Y,3,0
23048,28,69996,RENT,12.0,HOMEIMPROVEMENT,A,25000,5.42,0.35,N,6,1
23049,23,88500,MORTGAGE,3.0,EDUCATION,B,12000,10.38,0.14,N,4,0
23050,25,32400,RENT,1.0,MEDICAL,B,4800,9.99,0.15,N,4,0
23051,26,30000,RENT,1.0,DEBTCONSOLIDATION,D,3000,15.33,0.1,Y,4,1
23052,24,62400,RENT,8.0,VENTURE,B,20000,10.65,0.32,N,4,1
23053,37,26000,RENT,1.0,MEDICAL,B,10000,10.99,0.38,N,12,1
23054,27,65000,RENT,3.0,HOMEIMPROVEMENT,C,12000,13.35,0.18,Y,7,0
23055,24,40000,RENT,0.0,MEDICAL,B,15000,11.71,0.38,N,2,1
23056,28,110000,MORTGAGE,12.0,HOMEIMPROVEMENT,B,25000,11.12,0.23,N,10,0
23057,25,44000,MORTGAGE,1.0,MEDICAL,A,2200,6.76,0.05,N,2,0
23058,22,72000,RENT,2.0,MEDICAL,A,6000,7.9,0.08,N,4,0
23059,27,50000,RENT,0.0,DEBTCONSOLIDATION,C,4000,12.99,0.08,Y,6,0
23060,22,36000,MORTGAGE,6.0,VENTURE,A,4000,5.42,0.11,N,2,0
23061,23,55512,RENT,4.0,MEDICAL,C,19550,13.61,0.34,Y,2,1
23062,23,50000,RENT,1.0,EDUCATION,B,4800,11.71,0.1,N,3,0
23063,26,36000,RENT,2.0,DEBTCONSOLIDATION,D,10000,14.74,0.28,Y,3,1
23064,23,50000,RENT,7.0,VENTURE,B,7000,10.37,0.14,N,2,0
23065,28,30000,OWN,0.0,EDUCATION,D,3000,15.7,0.1,Y,9,0
23066,23,40000,RENT,4.0,EDUCATION,A,4000,7.88,0.1,N,4,0
23067,24,98000,RENT,0.0,VENTURE,E,18000,17.39,0.18,Y,4,1
23068,33,90000,MORTGAGE,1.0,EDUCATION,A,5600,5.42,0.06,N,6,0
23069,25,40000,RENT,6.0,EDUCATION,C,5000,12.99,0.13,Y,3,0
23070,26,50000,OWN,10.0,VENTURE,B,2000,12.69,0.04,N,4,0
23071,22,54996,RENT,0.0,HOMEIMPROVEMENT,D,10000,14.11,0.18,Y,3,1
23072,29,44000,RENT,4.0,VENTURE,A,12000,7.29,0.27,N,5,0
23073,26,84000,MORTGAGE,10.0,EDUCATION,A,10000,6.92,0.12,N,4,0
23074,29,120000,RENT,0.0,VENTURE,B,12000,11.71,0.1,N,5,0
23075,32,70000,RENT,3.0,MEDICAL,B,2000,11.86,0.03,N,6,0
23076,23,85000,MORTGAGE,1.0,MEDICAL,A,10000,7.51,0.12,N,2,0
23077,31,24000,RENT,0.0,MEDICAL,A,6000,8.9,0.25,N,10,0
23078,26,39996,RENT,3.0,EDUCATION,B,1200,10.37,0.03,N,2,0
23079,23,51600,MORTGAGE,1.0,DEBTCONSOLIDATION,A,6000,8.94,0.12,N,2,0
23080,22,50000,MORTGAGE,6.0,DEBTCONSOLIDATION,B,5000,11.36,0.1,N,4,0
23081,26,60000,RENT,5.0,PERSONAL,B,15000,11.99,0.25,N,3,1
23082,29,100000,OWN,9.0,MEDICAL,A,10000,8.59,0.1,N,8,0
23083,33,60000,RENT,4.0,PERSONAL,B,10000,11.11,0.17,N,9,0
23084,24,52000,RENT,3.0,MEDICAL,C,7000,13.92,0.13,Y,4,0
23085,23,20000,RENT,3.0,EDUCATION,B,1750,10.95,0.09,N,2,0
23086,34,78000,MORTGAGE,0.0,HOMEIMPROVEMENT,C,8000,12.98,0.1,Y,8,0
23087,28,85000,RENT,0.0,EDUCATION,B,12000,9.99,0.14,N,6,0
23088,22,35000,RENT,0.0,MEDICAL,B,6500,10.75,0.19,N,4,0
23089,30,48996,RENT,4.0,DEBTCONSOLIDATION,D,5000,15.99,0.1,N,10,1
23090,28,140000,RENT,4.0,HOMEIMPROVEMENT,C,15000,13.16,0.11,N,6,0
23091,26,27000,RENT,0.0,HOMEIMPROVEMENT,A,6000,8.0,0.22,N,4,0
23092,21,50000,RENT,5.0,MEDICAL,A,7300,7.88,0.15,N,4,0
23093,29,80000,RENT,0.0,HOMEIMPROVEMENT,B,13000,10.99,0.16,N,5,0
23094,23,50000,MORTGAGE,4.0,VENTURE,B,8850,10.14,0.17,N,2,0
23095,24,70000,RENT,3.0,EDUCATION,A,10000,6.62,0.14,N,2,0
23096,29,65000,MORTGAGE,3.0,HOMEIMPROVEMENT,A,10000,5.42,0.15,N,6,0
23097,22,55000,MORTGAGE,1.0,PERSONAL,A,15000,5.79,0.27,N,2,0
23098,27,26400,OWN,4.0,PERSONAL,A,8000,7.51,0.3,N,8,0
23099,21,85000,MORTGAGE,5.0,PERSONAL,A,5000,7.43,0.06,N,3,0
23100,33,36000,RENT,4.0,DEBTCONSOLIDATION,C,5000,13.61,0.14,N,10,0
23101,23,57000,MORTGAGE,7.0,MEDICAL,C,6500,13.04,0.11,Y,2,1
23102,32,75000,OWN,3.0,EDUCATION,B,16000,10.99,0.21,N,9,0
23103,23,92000,MORTGAGE,7.0,EDUCATION,A,5000,8.0,0.05,N,4,0
23104,36,110000,MORTGAGE,7.0,VENTURE,A,10000,6.03,0.09,N,13,0
23105,24,55000,MORTGAGE,8.0,PERSONAL,A,3000,5.42,0.05,N,2,0
23106,22,95000,MORTGAGE,4.0,DEBTCONSOLIDATION,C,25000,12.73,0.26,Y,3,0
23107,28,48000,RENT,4.0,MEDICAL,C,5000,12.99,0.1,Y,9,0
23108,40,110000,RENT,2.0,MEDICAL,A,6000,8.94,0.05,N,13,0
23109,23,40000,RENT,1.0,MEDICAL,C,5000,13.85,0.13,Y,2,0
23110,29,60000,MORTGAGE,0.0,PERSONAL,C,6000,12.23,0.1,Y,6,0
23111,37,72000,RENT,3.0,MEDICAL,B,12000,10.74,0.17,N,17,0
23112,30,100000,RENT,5.0,VENTURE,A,6000,7.14,0.06,N,9,0
23113,26,70000,MORTGAGE,6.0,HOMEIMPROVEMENT,A,4000,7.66,0.06,N,4,0
23114,28,65454,MORTGAGE,13.0,DEBTCONSOLIDATION,B,8500,10.99,0.13,N,7,0
23115,25,89000,OWN,9.0,VENTURE,C,10000,12.99,0.11,Y,4,0
23116,27,75000,RENT,2.0,DEBTCONSOLIDATION,C,8600,12.99,0.12,Y,7,0
23117,29,69996,MORTGAGE,7.0,HOMEIMPROVEMENT,B,3000,11.49,0.04,N,8,0
23118,36,60000,MORTGAGE,9.0,HOMEIMPROVEMENT,B,15000,11.86,0.25,N,11,0
23119,23,30000,OWN,2.0,EDUCATION,B,10000,9.91,0.33,N,4,0
23120,23,40000,RENT,5.0,EDUCATION,A,5400,7.29,0.14,N,4,0
23121,23,54000,RENT,7.0,DEBTCONSOLIDATION,A,5000,7.29,0.09,N,3,0
23122,30,75000,RENT,2.0,HOMEIMPROVEMENT,D,12000,16.29,0.16,N,6,0
23123,28,60000,RENT,5.0,VENTURE,C,8000,12.73,0.13,Y,10,0
23124,45,118400,MORTGAGE,6.0,EDUCATION,A,12400,6.62,0.1,N,13,0
23125,23,57500,RENT,2.0,EDUCATION,A,3200,5.42,0.06,N,4,0
23126,31,90000,RENT,10.0,DEBTCONSOLIDATION,B,10000,12.21,0.11,N,6,0
23127,28,60000,MORTGAGE,12.0,DEBTCONSOLIDATION,A,12000,7.49,0.2,N,6,0
23128,28,50000,MORTGAGE,3.0,HOMEIMPROVEMENT,D,4000,15.62,0.08,N,5,0
23129,25,75000,RENT,0.0,HOMEIMPROVEMENT,A,9000,7.49,0.12,N,4,0
23130,30,50600,RENT,9.0,PERSONAL,B,12000,9.91,0.24,N,6,0
23131,23,50000,RENT,5.0,EDUCATION,A,10000,7.88,0.2,N,3,0
23132,29,108000,MORTGAGE,9.0,HOMEIMPROVEMENT,B,15000,10.59,0.14,N,9,1
23133,36,60000,RENT,0.0,PERSONAL,A,12000,5.79,0.2,N,14,0
23134,23,50000,MORTGAGE,4.0,EDUCATION,A,8000,7.51,0.16,N,4,0
23135,22,80000,MORTGAGE,6.0,VENTURE,A,6000,5.79,0.07,N,2,0
23136,23,75000,MORTGAGE,5.0,EDUCATION,A,15000,7.49,0.2,N,4,0
23137,30,77000,MORTGAGE,9.0,HOMEIMPROVEMENT,A,5400,7.29,0.07,N,7,0
23138,26,32000,MORTGAGE,10.0,MEDICAL,C,3500,11.97,0.11,N,2,0
23139,29,90000,OWN,13.0,HOMEIMPROVEMENT,C,10000,12.87,0.11,N,5,0
23140,30,42000,RENT,5.0,VENTURE,B,2000,11.49,0.05,N,8,0
23141,36,40000,MORTGAGE,2.0,DEBTCONSOLIDATION,A,7000,7.29,0.17,N,16,0
23142,24,52800,MORTGAGE,2.0,EDUCATION,D,10800,15.21,0.21,N,2,0
23143,28,40000,RENT,4.0,DEBTCONSOLIDATION,A,4000,7.49,0.1,N,10,0
23144,22,60000,OWN,6.0,EDUCATION,C,15000,13.79,0.25,Y,4,0
23145,25,36000,RENT,4.0,MEDICAL,B,8400,11.71,0.23,N,4,0
23146,24,28800,RENT,2.0,MEDICAL,A,3000,7.51,0.1,N,2,0
23147,23,70000,RENT,2.0,MEDICAL,B,7200,9.62,0.1,N,3,0
23148,25,60000,RENT,2.0,DEBTCONSOLIDATION,B,10000,10.65,0.17,N,2,0
23149,52,60000,OWN,0.0,PERSONAL,A,5000,8.94,0.08,N,18,0
23150,22,55000,RENT,6.0,VENTURE,B,6000,10.62,0.11,N,2,0
23151,24,39000,OWN,2.0,PERSONAL,D,5000,14.84,0.13,N,4,0
23152,22,33000,MORTGAGE,6.0,MEDICAL,A,2000,7.9,0.06,N,4,0
23153,23,30000,RENT,0.0,DEBTCONSOLIDATION,B,1000,11.71,0.03,N,2,1
23154,35,82000,MORTGAGE,5.0,VENTURE,A,10000,7.51,0.12,N,8,0
23155,23,62000,RENT,7.0,PERSONAL,A,6000,7.9,0.1,N,4,0
23156,38,60000,RENT,0.0,EDUCATION,C,4000,13.11,0.07,N,12,0
23157,36,60000,MORTGAGE,2.0,DEBTCONSOLIDATION,A,15000,7.88,0.25,N,14,0
23158,29,60000,RENT,13.0,DEBTCONSOLIDATION,A,23000,6.17,0.38,N,8,1
23159,24,72000,OWN,7.0,HOMEIMPROVEMENT,C,2400,13.57,0.03,Y,3,0
23160,23,157500,RENT,1.0,PERSONAL,B,5000,12.69,0.03,N,2,0
23161,22,58650,RENT,6.0,MEDICAL,A,5000,7.9,0.07,N,4,1
23162,29,135000,MORTGAGE,2.0,MEDICAL,A,10800,7.51,0.08,N,9,0
23163,25,88000,RENT,9.0,HOMEIMPROVEMENT,D,15000,17.27,0.17,N,4,1
23164,24,80000,MORTGAGE,6.0,VENTURE,B,12000,9.99,0.15,N,4,0
23165,26,55000,MORTGAGE,10.0,DEBTCONSOLIDATION,A,4000,7.29,0.07,N,3,0
23166,25,65100,MORTGAGE,3.0,MEDICAL,C,9000,14.79,0.14,Y,2,0
23167,24,69996,RENT,4.0,EDUCATION,B,10000,11.99,0.14,N,3,0
23168,29,80000,RENT,3.0,EDUCATION,B,7000,11.99,0.09,N,5,0
23169,32,70550,RENT,5.0,PERSONAL,D,14000,16.89,0.18,Y,5,0
23170,29,75000,MORTGAGE,3.0,DEBTCONSOLIDATION,A,10000,6.54,0.13,N,5,0
23171,23,70000,MORTGAGE,7.0,VENTURE,B,8000,10.99,0.11,N,4,0
23172,24,50000,RENT,1.0,DEBTCONSOLIDATION,B,3000,9.99,0.06,N,4,0
23173,25,120000,RENT,2.0,HOMEIMPROVEMENT,A,3000,7.49,0.03,N,4,0
23174,22,30000,RENT,3.0,EDUCATION,B,12000,11.36,0.4,N,3,1
23175,22,50000,RENT,0.0,EDUCATION,A,7000,7.9,0.14,N,3,0
23176,27,50000,RENT,6.0,PERSONAL,B,3600,11.36,0.07,N,5,0
23177,31,90000,MORTGAGE,4.0,MEDICAL,B,15000,12.42,0.17,N,8,0
23178,35,43000,RENT,6.0,EDUCATION,C,17000,13.49,0.39,N,10,1
23179,37,115000,RENT,2.0,VENTURE,A,17500,7.88,0.16,N,12,0
23180,36,110000,RENT,1.0,MEDICAL,B,15000,10.0,0.14,N,13,0
23181,24,80000,MORTGAGE,1.0,VENTURE,A,8000,9.63,0.1,N,4,0
23182,22,30000,RENT,0.0,VENTURE,D,6000,12.61,0.2,N,3,1
23183,36,84000,MORTGAGE,20.0,PERSONAL,B,20000,10.62,0.24,N,17,0
23184,23,82500,MORTGAGE,8.0,DEBTCONSOLIDATION,A,21000,7.9,0.26,N,2,0
23185,23,36000,RENT,7.0,EDUCATION,C,6000,14.27,0.17,N,4,0
23186,27,34000,RENT,1.0,VENTURE,C,12000,13.48,0.35,N,7,1
23187,42,44000,RENT,1.0,MEDICAL,A,10000,9.32,0.23,N,14,1
23188,28,30000,RENT,7.0,PERSONAL,B,7000,9.62,0.23,N,7,0
23189,29,40000,RENT,4.0,MEDICAL,A,14000,8.49,0.35,N,9,1
23190,22,54000,RENT,4.0,VENTURE,D,5200,17.27,0.1,N,2,1
23191,36,52000,RENT,1.0,EDUCATION,A,10000,9.63,0.19,N,11,0
23192,25,60000,MORTGAGE,9.0,PERSONAL,B,3000,11.71,0.05,N,4,0
23193,29,40000,MORTGAGE,8.0,HOMEIMPROVEMENT,A,6000,7.14,0.15,N,6,0
23194,27,100000,MORTGAGE,1.0,HOMEIMPROVEMENT,B,15000,11.58,0.15,N,9,0
23195,22,90000,MORTGAGE,5.0,VENTURE,B,17000,11.49,0.19,N,4,0
23196,33,19200,RENT,0.0,PERSONAL,B,4000,11.71,0.21,N,5,1
23197,24,33996,RENT,4.0,EDUCATION,D,5000,14.84,0.15,N,2,0
23198,23,40000,RENT,0.0,PERSONAL,A,5000,8.49,0.13,N,4,0
23199,26,75000,MORTGAGE,3.0,PERSONAL,A,12000,5.99,0.16,N,3,0
23200,29,50000,MORTGAGE,2.0,HOMEIMPROVEMENT,B,20000,10.65,0.4,N,9,0
23201,24,44000,RENT,6.0,DEBTCONSOLIDATION,C,7000,13.11,0.16,Y,2,1
23202,22,47928,RENT,6.0,MEDICAL,A,6500,7.14,0.14,N,3,0
23203,41,50000,MORTGAGE,5.0,HOMEIMPROVEMENT,B,6000,11.36,0.12,N,17,0
23204,30,91800,MORTGAGE,14.0,MEDICAL,D,10000,16.89,0.09,Y,5,1
23205,22,47000,RENT,2.0,VENTURE,A,4000,9.32,0.08,N,4,0
23206,44,90000,MORTGAGE,14.0,MEDICAL,B,8000,10.38,0.09,N,11,0
23207,27,81120,MORTGAGE,6.0,HOMEIMPROVEMENT,A,18000,7.9,0.22,N,7,0
23208,21,31200,RENT,0.0,DEBTCONSOLIDATION,E,8000,16.0,0.26,Y,2,1
23209,33,35000,OWN,0.0,MEDICAL,B,3000,12.42,0.09,N,9,0
23210,24,50000,RENT,2.0,HOMEIMPROVEMENT,A,8000,7.49,0.16,N,4,0
23211,24,140000,RENT,8.0,MEDICAL,B,25000,11.83,0.18,N,3,0
23212,34,95000,MORTGAGE,18.0,PERSONAL,C,2400,13.48,0.03,Y,7,0
23213,22,36000,RENT,2.0,EDUCATION,B,6500,11.11,0.18,N,4,0
23214,22,52000,RENT,4.0,PERSONAL,A,20000,7.51,0.38,N,2,1
23215,24,60000,RENT,3.0,PERSONAL,A,1000,7.51,0.02,N,4,0
23216,24,36000,RENT,2.0,DEBTCONSOLIDATION,D,9000,16.77,0.25,N,4,1
23217,28,80000,RENT,0.0,PERSONAL,B,5000,10.59,0.06,N,9,0
23218,26,150000,RENT,2.0,MEDICAL,A,14000,6.03,0.09,N,2,0
23219,61,80000,RENT,3.0,MEDICAL,D,25000,14.96,0.31,N,23,1
23220,37,108000,MORTGAGE,12.0,VENTURE,C,10000,12.87,0.09,N,13,0
23221,25,65004,MORTGAGE,1.0,PERSONAL,C,4000,13.47,0.06,Y,2,0
23222,32,99996,MORTGAGE,16.0,HOMEIMPROVEMENT,A,7000,7.14,0.07,N,10,0
23223,39,115000,MORTGAGE,7.0,VENTURE,C,15000,13.06,0.13,Y,13,0
23224,24,80000,OWN,5.0,HOMEIMPROVEMENT,A,16000,7.49,0.2,N,2,0
23225,25,32000,MORTGAGE,3.0,PERSONAL,B,7000,10.99,0.22,N,3,0
23226,24,12000,RENT,2.0,EDUCATION,D,2000,15.65,0.17,Y,2,1
23227,25,35000,RENT,3.0,MEDICAL,B,9000,10.59,0.27,N,3,0
23228,22,114000,RENT,2.0,MEDICAL,B,5000,12.18,0.04,N,4,0
23229,25,25200,RENT,2.0,DEBTCONSOLIDATION,D,10000,16.02,0.39,N,3,1
23230,21,42000,MORTGAGE,5.0,DEBTCONSOLIDATION,A,15000,5.42,0.36,N,4,0
23231,38,60000,RENT,2.0,EDUCATION,B,3600,10.59,0.07,N,12,0
23232,33,85000,MORTGAGE,5.0,VENTURE,C,6000,14.65,0.07,N,6,0
23233,22,90000,MORTGAGE,6.0,PERSONAL,B,10000,11.71,0.11,N,3,0
23234,35,45600,MORTGAGE,5.0,MEDICAL,C,2000,13.48,0.04,N,10,0
23235,27,24000,RENT,0.0,EDUCATION,B,5000,11.36,0.21,N,5,0
23236,28,40000,RENT,1.0,EDUCATION,C,4800,14.22,0.12,Y,8,0
23237,24,28590,RENT,7.0,DEBTCONSOLIDATION,D,9000,15.65,0.31,Y,4,1
23238,29,60000,MORTGAGE,4.0,EDUCATION,D,1500,16.77,0.03,N,9,0
23239,24,55000,RENT,5.0,HOMEIMPROVEMENT,B,12000,10.65,0.22,N,3,0
23240,22,69000,RENT,3.0,PERSONAL,D,9600,15.99,0.14,N,4,0
23241,21,65000,RENT,5.0,EDUCATION,B,9600,11.49,0.15,N,3,0
23242,22,45000,OWN,3.0,MEDICAL,B,4800,11.99,0.11,N,3,0
23243,27,80000,MORTGAGE,2.0,PERSONAL,A,2000,5.99,0.03,N,10,0
23244,32,50000,RENT,0.0,MEDICAL,A,3000,6.03,0.06,N,7,0
23245,24,24000,RENT,1.0,MEDICAL,B,5000,10.99,0.21,N,2,0
23246,31,43000,MORTGAGE,15.0,EDUCATION,A,7500,7.49,0.17,N,8,0
23247,23,120000,MORTGAGE,7.0,EDUCATION,A,5000,7.49,0.04,N,3,0
23248,26,45000,RENT,10.0,DEBTCONSOLIDATION,B,15200,11.48,0.33,N,3,1
23249,25,45000,RENT,2.0,EDUCATION,B,4000,10.36,0.09,N,3,0
23250,26,30000,RENT,5.0,EDUCATION,C,3200,13.11,0.11,Y,2,0
23251,25,85000,MORTGAGE,5.0,EDUCATION,B,6500,10.99,0.08,N,2,0
23252,25,50000,MORTGAGE,9.0,HOMEIMPROVEMENT,D,16000,14.42,0.32,N,3,0
23253,22,50000,RENT,3.0,EDUCATION,A,15000,8.49,0.3,N,4,0
23254,22,50000,MORTGAGE,6.0,EDUCATION,C,3000,13.99,0.06,N,3,0
23255,25,56000,RENT,5.0,DEBTCONSOLIDATION,B,12100,9.91,0.21,N,4,0
23256,24,50000,RENT,5.0,PERSONAL,A,3000,6.62,0.06,N,2,0
23257,21,28000,OWN,5.0,EDUCATION,A,10000,7.88,0.36,N,3,0
23258,26,60000,RENT,3.0,VENTURE,B,25000,10.37,0.42,N,4,1
23259,26,69996,RENT,10.0,EDUCATION,B,12000,11.11,0.17,N,4,0
23260,23,55000,RENT,5.0,EDUCATION,E,4500,17.14,0.08,N,3,0
23261,44,70000,RENT,3.0,HOMEIMPROVEMENT,D,6000,16.02,0.09,N,15,0
23262,23,72000,MORTGAGE,7.0,VENTURE,C,3000,13.49,0.04,Y,3,0
23263,23,120000,RENT,3.0,EDUCATION,A,5000,7.9,0.04,N,4,0
23264,33,56148,MORTGAGE,14.0,PERSONAL,B,16800,11.11,0.25,N,9,0
23265,25,150000,MORTGAGE,5.0,PERSONAL,A,12000,6.99,0.08,N,4,0
23266,23,80000,MORTGAGE,1.0,MEDICAL,C,5000,13.47,0.06,Y,4,0
23267,24,95000,MORTGAGE,8.0,EDUCATION,C,17000,13.22,0.18,N,3,0
23268,26,54000,OWN,2.0,MEDICAL,E,20000,15.95,0.37,Y,2,1
23269,24,34200,RENT,6.0,MEDICAL,A,4750,7.51,0.14,N,3,0
23270,37,110000,MORTGAGE,2.0,PERSONAL,C,6000,13.49,0.05,Y,11,0
23271,34,54000,RENT,11.0,HOMEIMPROVEMENT,B,15000,11.36,0.28,N,9,0
23272,23,50000,RENT,7.0,EDUCATION,B,7200,10.65,0.14,N,4,0
23273,33,40000,RENT,0.0,MEDICAL,A,4000,7.88,0.1,N,5,0
23274,25,57600,MORTGAGE,9.0,DEBTCONSOLIDATION,C,4000,12.41,0.07,Y,4,0
23275,23,55000,MORTGAGE,2.0,EDUCATION,A,2000,8.49,0.04,N,2,0
23276,38,144600,OWN,3.0,VENTURE,B,24250,10.62,0.17,N,14,0
23277,24,70000,MORTGAGE,4.0,VENTURE,A,6000,5.99,0.09,N,4,0
23278,29,60000,MORTGAGE,7.0,PERSONAL,A,5000,8.49,0.08,N,9,0
23279,25,100000,MORTGAGE,9.0,MEDICAL,C,15000,13.85,0.15,Y,4,0
23280,38,102960,MORTGAGE,2.0,DEBTCONSOLIDATION,A,16000,7.88,0.16,N,14,0
23281,31,24000,OWN,7.0,HOMEIMPROVEMENT,A,6000,5.42,0.25,N,8,0
23282,25,90000,MORTGAGE,3.0,DEBTCONSOLIDATION,C,7500,11.28,0.08,Y,4,0
23283,51,75000,MORTGAGE,2.0,PERSONAL,B,19200,9.99,0.26,N,24,0
23284,23,36996,MORTGAGE,7.0,MEDICAL,A,10000,7.49,0.27,N,2,0
23285,23,60000,MORTGAGE,3.0,PERSONAL,B,5000,11.48,0.08,N,2,0
23286,37,65000,MORTGAGE,5.0,PERSONAL,B,12000,12.21,0.18,N,17,0
23287,23,51600,MORTGAGE,1.0,PERSONAL,B,4800,10.59,0.09,N,3,0
23288,26,51000,RENT,10.0,EDUCATION,B,1000,10.99,0.02,N,2,0
23289,33,50000,RENT,0.0,PERSONAL,C,6000,13.22,0.12,N,8,0
23290,22,30000,MORTGAGE,6.0,EDUCATION,C,12000,13.49,0.4,Y,4,0
23291,23,24000,RENT,0.0,DEBTCONSOLIDATION,F,3000,18.43,0.13,Y,4,1
23292,28,52800,MORTGAGE,6.0,VENTURE,A,3200,5.79,0.06,N,9,0
23293,29,125000,RENT,3.0,EDUCATION,B,12000,10.0,0.1,N,8,0
23294,30,47952,RENT,3.0,VENTURE,A,6000,8.9,0.13,N,5,0
23295,30,60000,RENT,3.0,VENTURE,A,9000,8.49,0.15,N,9,0
23296,27,60000,RENT,4.0,EDUCATION,C,8000,12.61,0.13,Y,5,0
23297,29,60000,MORTGAGE,0.0,DEBTCONSOLIDATION,A,5000,5.79,0.08,N,7,0
23298,32,70000,RENT,2.0,MEDICAL,B,10000,10.99,0.14,N,10,0
23299,30,73000,MORTGAGE,4.0,DEBTCONSOLIDATION,D,14000,16.49,0.19,Y,8,1
23300,23,64000,RENT,7.0,PERSONAL,D,10000,16.89,0.16,N,4,0
23301,35,60000,MORTGAGE,2.0,EDUCATION,D,15000,15.31,0.25,N,8,0
23302,23,62000,MORTGAGE,2.0,DEBTCONSOLIDATION,A,12500,7.88,0.2,N,4,0
23303,27,84000,RENT,5.0,MEDICAL,A,4000,6.91,0.05,N,8,0
23304,38,42000,MORTGAGE,8.0,EDUCATION,D,8000,15.58,0.19,N,14,1
23305,24,100000,MORTGAGE,8.0,DEBTCONSOLIDATION,B,3000,12.53,0.03,N,2,0
23306,29,60000,OWN,13.0,MEDICAL,A,12000,7.29,0.2,N,8,0
23307,34,60000,MORTGAGE,18.0,PERSONAL,A,6000,7.14,0.1,N,7,0
23308,25,84000,RENT,7.0,EDUCATION,B,6500,10.99,0.08,N,4,0
23309,22,57000,RENT,1.0,EDUCATION,C,6000,12.84,0.11,N,3,0
23310,26,54000,MORTGAGE,9.0,MEDICAL,A,5000,6.99,0.09,N,3,0
23311,28,43000,RENT,6.0,MEDICAL,C,15000,14.26,0.37,N,10,1
23312,23,71004,MORTGAGE,6.0,DEBTCONSOLIDATION,C,6625,13.57,0.09,N,4,0
23313,24,60000,RENT,8.0,PERSONAL,B,10000,10.36,0.17,N,4,0
23314,22,82000,MORTGAGE,6.0,EDUCATION,B,6000,8.88,0.07,N,4,0
23315,29,75000,RENT,1.0,VENTURE,B,10000,10.99,0.13,N,6,0
23316,26,44000,MORTGAGE,1.0,EDUCATION,B,15000,10.99,0.34,N,4,0
23317,23,60000,RENT,3.0,EDUCATION,A,10000,6.03,0.17,N,3,0
23318,27,120000,RENT,0.0,MEDICAL,B,15000,11.49,0.13,N,5,0
23319,21,28200,RENT,2.0,PERSONAL,D,2500,15.58,0.09,N,4,1
23320,22,28000,MORTGAGE,6.0,DEBTCONSOLIDATION,A,1250,6.54,0.04,N,2,0
23321,23,40000,RENT,0.0,EDUCATION,A,8000,7.29,0.2,N,3,0
23322,21,39600,RENT,3.0,DEBTCONSOLIDATION,A,4000,6.91,0.1,N,4,0
23323,23,90000,MORTGAGE,4.0,MEDICAL,B,8400,11.14,0.09,N,4,0
23324,23,36000,RENT,7.0,EDUCATION,B,1000,11.49,0.03,N,2,0
23325,23,97500,MORTGAGE,0.0,MEDICAL,A,5000,7.49,0.05,N,4,0
23326,33,112000,MORTGAGE,15.0,PERSONAL,B,9000,11.14,0.08,N,9,0
23327,23,95000,RENT,0.0,MEDICAL,B,4800,10.99,0.05,N,4,0
23328,22,45600,MORTGAGE,0.0,MEDICAL,B,11500,11.86,0.27,N,2,0
23329,22,50000,RENT,0.0,DEBTCONSOLIDATION,A,10000,7.88,0.2,N,4,0
23330,25,37676,RENT,4.0,VENTURE,B,7500,12.69,0.21,N,2,0
23331,29,32640,MORTGAGE,0.0,VENTURE,A,3000,7.74,0.09,N,7,0
23332,23,50000,RENT,7.0,EDUCATION,C,15000,13.22,0.3,Y,2,0
23333,27,24996,RENT,1.0,DEBTCONSOLIDATION,B,7200,9.99,0.29,N,7,1
23334,49,45000,RENT,8.0,PERSONAL,C,14000,14.72,0.31,N,16,0
23335,28,70000,MORTGAGE,5.0,MEDICAL,A,8000,7.88,0.11,N,9,0
23336,27,90000,MORTGAGE,4.0,EDUCATION,A,9000,7.14,0.1,N,10,0
23337,31,25000,RENT,2.0,HOMEIMPROVEMENT,A,1500,8.94,0.06,N,6,1
23338,24,60000,MORTGAGE,0.0,MEDICAL,D,6500,14.96,0.1,Y,3,1
23339,30,75000,MORTGAGE,0.0,VENTURE,B,24000,11.83,0.32,N,5,0
23340,25,65000,RENT,9.0,MEDICAL,B,7200,10.37,0.11,N,2,0
23341,34,32000,RENT,5.0,MEDICAL,B,15000,10.99,0.47,N,9,1
23342,24,98000,RENT,0.0,EDUCATION,C,6000,15.96,0.06,Y,3,1
23343,23,52000,RENT,0.0,PERSONAL,A,10000,9.38,0.19,N,4,1
23344,41,50000,MORTGAGE,3.0,DEBTCONSOLIDATION,A,5000,6.03,0.1,N,15,0
23345,35,140000,OWN,0.0,EDUCATION,C,16000,15.96,0.11,Y,9,0
23346,56,34000,MORTGAGE,8.0,MEDICAL,E,8000,16.77,0.24,N,20,1
23347,24,95000,MORTGAGE,7.0,PERSONAL,A,35000,7.9,0.37,N,2,0
23348,29,100000,MORTGAGE,2.0,VENTURE,A,15000,6.17,0.15,N,8,0
23349,24,72000,RENT,1.0,EDUCATION,C,8000,12.99,0.11,N,4,0
23350,42,30000,RENT,8.0,HOMEIMPROVEMENT,E,7750,15.88,0.26,Y,13,0
23351,28,65000,MORTGAGE,5.0,HOMEIMPROVEMENT,A,12000,6.99,0.18,N,5,0
23352,43,72000,RENT,0.0,VENTURE,A,7000,6.91,0.1,N,17,0
23353,27,34000,RENT,5.0,DEBTCONSOLIDATION,B,11000,12.21,0.31,N,10,1
23354,22,42000,MORTGAGE,6.0,PERSONAL,A,7200,7.29,0.17,N,4,0
23355,21,42000,RENT,4.0,EDUCATION,B,6600,11.71,0.16,N,3,0
23356,31,52000,RENT,11.0,EDUCATION,E,11500,17.93,0.21,N,7,0
23357,23,123000,MORTGAGE,7.0,VENTURE,C,24250,13.11,0.19,N,2,0
23358,28,69960,MORTGAGE,10.0,PERSONAL,B,15000,11.71,0.22,N,9,0
23359,23,74000,MORTGAGE,2.0,EDUCATION,A,12000,7.88,0.16,N,4,0
23360,26,45806,RENT,5.0,EDUCATION,A,11000,7.51,0.24,N,3,0
23361,23,64000,MORTGAGE,7.0,EDUCATION,A,10000,7.49,0.16,N,3,0
23362,28,60000,RENT,4.0,PERSONAL,C,4000,13.49,0.07,Y,7,0
23363,28,90000,MORTGAGE,0.0,VENTURE,B,15000,11.12,0.17,N,9,0
23364,27,60000,OWN,11.0,HOMEIMPROVEMENT,B,15000,10.99,0.25,N,9,0
23365,37,50000,RENT,21.0,HOMEIMPROVEMENT,B,8000,11.71,0.16,N,15,0
23366,28,52000,RENT,6.0,VENTURE,A,12000,8.9,0.23,N,6,0
23367,27,28800,OWN,2.0,MEDICAL,A,10000,8.94,0.35,N,8,0
23368,29,180000,MORTGAGE,1.0,HOMEIMPROVEMENT,B,25000,10.95,0.13,N,10,0
23369,22,35000,OWN,6.0,MEDICAL,B,5000,11.11,0.14,N,3,0
23370,29,70000,RENT,2.0,EDUCATION,A,20000,6.91,0.29,N,9,0
23371,24,85000,RENT,3.0,DEBTCONSOLIDATION,C,12000,13.49,0.14,N,4,0
23372,29,63000,RENT,5.0,HOMEIMPROVEMENT,C,9500,14.22,0.15,N,10,0
23373,27,40000,RENT,3.0,DEBTCONSOLIDATION,B,4800,11.99,0.12,N,8,0
23374,23,60000,RENT,7.0,PERSONAL,C,5000,13.49,0.08,Y,3,0
23375,24,55000,RENT,0.0,PERSONAL,A,4000,7.88,0.07,N,2,0
23376,24,110000,RENT,0.0,VENTURE,B,13000,9.91,0.12,N,4,0
23377,23,36000,OWN,5.0,VENTURE,C,6000,12.84,0.17,Y,2,0
23378,24,50000,MORTGAGE,8.0,HOMEIMPROVEMENT,A,16000,7.74,0.32,N,3,0
23379,28,42900,RENT,12.0,MEDICAL,A,12000,7.29,0.28,N,10,0
23380,26,36000,RENT,1.0,VENTURE,C,5000,14.22,0.14,N,2,0
23381,30,110000,MORTGAGE,11.0,HOMEIMPROVEMENT,A,3000,6.03,0.03,N,9,0
23382,30,115000,MORTGAGE,5.0,PERSONAL,D,5000,14.84,0.04,Y,7,0
23383,21,24996,OWN,5.0,VENTURE,A,5000,7.49,0.2,N,4,0
23384,34,41004,OWN,1.0,PERSONAL,B,3600,8.88,0.09,N,10,0
23385,28,65000,RENT,6.0,HOMEIMPROVEMENT,B,10000,11.71,0.15,N,8,0
23386,43,80000,MORTGAGE,3.0,VENTURE,A,10000,6.62,0.13,N,17,0
23387,36,71400,RENT,18.0,MEDICAL,C,19200,13.48,0.22,Y,12,1
23388,41,45000,MORTGAGE,2.0,DEBTCONSOLIDATION,B,5100,12.69,0.12,N,16,0
23389,36,35000,RENT,3.0,MEDICAL,B,8000,11.26,0.23,N,14,0
23390,24,42000,RENT,3.0,MEDICAL,B,11200,10.99,0.27,N,4,0
23391,37,36000,RENT,21.0,EDUCATION,A,11200,7.88,0.31,N,17,1
23392,24,55000,MORTGAGE,8.0,DEBTCONSOLIDATION,A,5000,7.9,0.09,N,2,1
23393,28,35000,MORTGAGE,12.0,HOMEIMPROVEMENT,A,4800,5.42,0.14,N,8,0
23394,26,55000,MORTGAGE,7.0,MEDICAL,A,8000,6.03,0.15,N,2,0
23395,23,58800,RENT,0.0,EDUCATION,A,5500,6.54,0.09,N,2,0
23396,22,80000,RENT,0.0,EDUCATION,B,3000,10.99,0.04,N,2,0
23397,30,180000,MORTGAGE,14.0,DEBTCONSOLIDATION,A,25000,9.32,0.15,N,5,0
23398,21,68000,RENT,5.0,PERSONAL,C,1000,13.49,0.01,N,2,0
23399,31,30288,OWN,15.0,PERSONAL,A,7000,8.94,0.23,N,8,0
23400,40,60000,OWN,5.0,VENTURE,C,25000,11.97,0.42,Y,12,0
23401,28,50000,MORTGAGE,5.0,PERSONAL,D,8000,15.99,0.16,N,8,0
23402,31,65000,MORTGAGE,15.0,DEBTCONSOLIDATION,B,7000,10.59,0.11,N,9,0
23403,23,33000,RENT,3.0,EDUCATION,B,2000,10.99,0.06,N,2,0
23404,21,42000,RENT,2.0,PERSONAL,C,7000,14.65,0.17,Y,4,0
23405,22,180000,MORTGAGE,2.0,EDUCATION,B,28000,10.65,0.16,N,4,0
23406,25,60000,RENT,0.0,DEBTCONSOLIDATION,B,16000,11.71,0.27,N,4,0
23407,29,60000,RENT,4.0,DEBTCONSOLIDATION,B,12000,10.99,0.2,N,5,0
23408,36,50000,RENT,2.0,PERSONAL,C,3000,13.61,0.06,Y,12,0
23409,34,130000,MORTGAGE,16.0,DEBTCONSOLIDATION,A,9000,6.76,0.07,N,6,0
23410,30,75000,MORTGAGE,14.0,MEDICAL,A,10000,9.63,0.13,N,6,0
23411,31,100000,MORTGAGE,1.0,MEDICAL,C,15000,12.04,0.15,N,10,0
23412,22,80000,MORTGAGE,3.0,MEDICAL,A,5000,7.51,0.06,N,2,0
23413,23,48000,RENT,5.0,MEDICAL,B,10000,12.18,0.21,N,3,0
23414,28,60000,OWN,5.0,MEDICAL,A,12000,5.42,0.2,N,7,0
23415,25,70000,MORTGAGE,9.0,VENTURE,A,12000,7.49,0.17,N,3,0
23416,28,110000,MORTGAGE,3.0,DEBTCONSOLIDATION,B,12000,12.18,0.11,N,5,0
23417,31,90000,RENT,0.0,VENTURE,B,12000,10.74,0.13,N,7,0
23418,61,106000,MORTGAGE,10.0,PERSONAL,B,9000,10.38,0.08,N,26,0
23419,21,90000,MORTGAGE,5.0,EDUCATION,A,16000,7.66,0.18,N,4,0
23420,32,120000,MORTGAGE,7.0,EDUCATION,B,13000,12.69,0.11,N,10,0
23421,23,28800,RENT,2.0,EDUCATION,A,7000,7.49,0.24,N,2,0
23422,30,54000,MORTGAGE,14.0,DEBTCONSOLIDATION,B,12000,9.99,0.22,N,5,0
23423,30,50000,RENT,3.0,EDUCATION,C,12000,13.61,0.24,N,6,0
23424,27,45336,MORTGAGE,11.0,MEDICAL,A,7750,6.91,0.17,N,5,0
23425,22,42000,MORTGAGE,6.0,DEBTCONSOLIDATION,D,7500,15.62,0.18,N,2,1
23426,23,42000,RENT,3.0,VENTURE,C,6000,12.84,0.14,N,3,0
23427,25,35000,RENT,5.0,PERSONAL,C,9600,13.16,0.27,N,3,0
23428,32,45996,RENT,5.0,MEDICAL,C,5000,13.16,0.11,N,10,1
23429,31,78000,RENT,5.0,PERSONAL,B,4200,10.75,0.05,N,8,0
23430,37,97500,MORTGAGE,6.0,PERSONAL,A,13000,5.42,0.14,N,12,0
23431,22,78000,RENT,7.0,DEBTCONSOLIDATION,E,21000,16.35,0.27,N,4,1
23432,27,80000,MORTGAGE,2.0,EDUCATION,B,10000,12.18,0.13,N,7,0
23433,28,105600,MORTGAGE,10.0,EDUCATION,B,14400,11.71,0.13,N,10,0
23434,23,75000,MORTGAGE,0.0,PERSONAL,A,12000,6.62,0.16,N,3,0
23435,36,125000,MORTGAGE,7.0,DEBTCONSOLIDATION,A,10200,6.03,0.09,N,13,0
23436,44,130000,RENT,13.0,HOMEIMPROVEMENT,B,5000,10.65,0.04,N,15,0
23437,29,85000,MORTGAGE,4.0,PERSONAL,D,24000,14.96,0.28,N,6,0
23438,24,35000,RENT,3.0,MEDICAL,C,12000,13.57,0.35,Y,2,0
23439,28,27600,RENT,0.0,MEDICAL,A,7000,7.49,0.25,N,5,0
23440,33,28000,RENT,5.0,VENTURE,C,7500,13.11,0.27,N,9,0
23441,26,100000,RENT,1.0,EDUCATION,A,5000,7.49,0.05,N,2,0
23442,26,57000,MORTGAGE,7.0,EDUCATION,B,9500,10.37,0.17,N,4,0
23443,22,36000,RENT,0.0,MEDICAL,C,10000,14.27,0.28,N,4,0
23444,24,54000,RENT,7.0,DEBTCONSOLIDATION,D,12000,15.62,0.22,N,3,1
23445,29,24000,RENT,4.0,DEBTCONSOLIDATION,B,3000,10.37,0.13,N,5,0
23446,23,120000,MORTGAGE,1.0,DEBTCONSOLIDATION,B,6000,11.49,0.05,N,4,0
23447,23,38004,MORTGAGE,6.0,DEBTCONSOLIDATION,D,15000,15.57,0.39,Y,2,1
23448,27,63000,MORTGAGE,2.0,DEBTCONSOLIDATION,A,4000,8.9,0.06,N,6,0
23449,42,65000,RENT,3.0,MEDICAL,C,7000,13.35,0.11,Y,17,0
23450,26,46000,MORTGAGE,8.0,EDUCATION,E,15000,17.19,0.34,N,2,1
23451,22,44400,RENT,3.0,VENTURE,A,5400,9.32,0.13,N,3,0
23452,22,50000,MORTGAGE,6.0,VENTURE,C,4000,13.49,0.08,Y,4,0
23453,25,85000,RENT,9.0,VENTURE,A,2000,9.32,0.02,N,2,0
23454,27,80000,RENT,6.0,VENTURE,A,10000,7.29,0.13,N,5,0
23455,23,36000,RENT,0.0,MEDICAL,B,5000,11.36,0.14,N,2,0
23456,23,120000,MORTGAGE,7.0,EDUCATION,A,7000,7.14,0.06,N,3,0
23457,28,100000,MORTGAGE,11.0,PERSONAL,B,12000,11.11,0.12,N,5,0
23458,21,31200,RENT,4.0,EDUCATION,B,3000,9.96,0.1,N,2,0
23459,27,30000,RENT,6.0,VENTURE,B,14500,9.88,0.48,N,5,1
23460,22,27000,RENT,6.0,MEDICAL,B,6000,9.88,0.22,N,2,0
23461,22,56000,RENT,6.0,EDUCATION,A,10000,8.9,0.18,N,2,0
23462,23,65000,MORTGAGE,7.0,VENTURE,A,6000,7.49,0.09,N,2,0
23463,24,46000,MORTGAGE,8.0,EDUCATION,D,9500,14.61,0.2,N,3,0
23464,32,155000,MORTGAGE,6.0,MEDICAL,A,25000,7.9,0.16,N,10,0
23465,23,84000,MORTGAGE,4.0,EDUCATION,A,20000,7.49,0.24,N,4,0
23466,23,85000,RENT,7.0,DEBTCONSOLIDATION,B,10000,8.88,0.12,N,3,0
23467,28,42000,RENT,2.0,VENTURE,B,4000,11.49,0.1,N,7,0
23468,28,30000,OWN,2.0,PERSONAL,D,11500,15.21,0.38,N,5,0
23469,27,100000,MORTGAGE,11.0,VENTURE,B,12000,10.99,0.12,N,10,0
23470,32,36000,OWN,16.0,VENTURE,A,4200,5.99,0.12,N,4,0
23471,27,47000,OWN,6.0,DEBTCONSOLIDATION,D,4000,15.95,0.09,N,7,0
23472,29,91000,OWN,5.0,EDUCATION,B,15000,12.42,0.16,N,6,0
23473,22,65000,RENT,6.0,EDUCATION,A,9000,7.49,0.14,N,2,0
23474,37,50000,MORTGAGE,3.0,VENTURE,A,10000,7.88,0.2,N,17,0
23475,23,34000,RENT,4.0,EDUCATION,A,10000,7.9,0.29,N,2,0
23476,28,40000,MORTGAGE,11.0,PERSONAL,A,3000,5.99,0.07,N,8,0
23477,29,54000,RENT,4.0,DEBTCONSOLIDATION,E,16000,16.45,0.32,N,6,1
23478,43,98004,MORTGAGE,11.0,VENTURE,A,5000,8.49,0.05,N,15,0
23479,27,110000,RENT,2.0,DEBTCONSOLIDATION,A,2500,7.88,0.02,N,8,0
23480,36,60000,MORTGAGE,3.0,DEBTCONSOLIDATION,A,2000,5.79,0.03,N,15,0
23481,25,71004,RENT,9.0,PERSONAL,D,20000,16.77,0.28,N,3,0
23482,22,75000,MORTGAGE,5.0,VENTURE,A,15000,9.63,0.2,N,3,0
23483,23,48756,RENT,2.0,PERSONAL,B,4800,11.36,0.1,N,8,0
23484,27,108000,MORTGAGE,8.0,HOMEIMPROVEMENT,A,11000,8.94,0.1,N,7,0
23485,22,44000,RENT,2.0,MEDICAL,C,2000,13.22,0.04,N,2,1
23486,33,111000,MORTGAGE,4.0,EDUCATION,B,6400,10.37,0.06,N,5,0
23487,23,46800,MORTGAGE,7.0,EDUCATION,B,2800,10.28,0.06,N,2,0
23488,21,30000,RENT,6.0,DEBTCONSOLIDATION,B,7500,10.99,0.25,N,3,0
23489,31,24000,RENT,3.0,PERSONAL,C,13000,13.85,0.48,N,10,1
23490,24,90000,MORTGAGE,0.0,EDUCATION,B,5000,11.49,0.06,N,4,0
23491,27,120000,MORTGAGE,11.0,HOMEIMPROVEMENT,D,25000,15.62,0.21,N,10,0
23492,38,35000,RENT,0.0,DEBTCONSOLIDATION,B,5600,11.11,0.16,N,16,0
23493,22,45000,RENT,6.0,EDUCATION,A,12000,7.9,0.27,N,2,0
23494,43,55000,MORTGAGE,17.0,HOMEIMPROVEMENT,A,17500,8.94,0.31,N,13,0
23495,43,85500,RENT,0.0,DEBTCONSOLIDATION,B,8000,10.62,0.09,N,11,0
23496,24,65000,RENT,4.0,PERSONAL,A,7000,7.88,0.11,N,4,0
23497,27,46800,RENT,0.0,EDUCATION,B,6800,10.65,0.14,N,7,0
23498,28,40000,MORTGAGE,8.0,HOMEIMPROVEMENT,A,3000,6.76,0.07,N,5,0
23499,23,38400,MORTGAGE,0.0,VENTURE,B,3000,10.99,0.08,N,4,0
23500,27,125000,MORTGAGE,9.0,VENTURE,A,35000,7.9,0.28,N,10,0
23501,30,60000,MORTGAGE,1.0,HOMEIMPROVEMENT,A,7200,8.0,0.12,N,6,0
23502,27,60000,OWN,2.0,PERSONAL,B,8000,12.53,0.13,N,6,0
23503,28,120000,MORTGAGE,11.0,VENTURE,B,15000,9.99,0.13,N,5,0
23504,32,100000,MORTGAGE,0.0,EDUCATION,A,12800,6.92,0.13,N,6,0
23505,38,40000,RENT,2.0,EDUCATION,C,7200,13.22,0.18,Y,11,0
23506,22,60000,RENT,4.0,VENTURE,D,8000,15.28,0.13,Y,2,0
23507,31,34040,RENT,1.0,EDUCATION,A,5000,5.42,0.15,N,10,1
23508,21,45000,OWN,5.0,VENTURE,C,5000,13.43,0.11,Y,3,0
23509,41,79000,RENT,4.0,DEBTCONSOLIDATION,B,10000,10.37,0.13,N,15,0
23510,34,36000,RENT,1.0,EDUCATION,C,7500,11.28,0.2,Y,8,1
23511,22,50000,RENT,6.0,DEBTCONSOLIDATION,A,10000,6.17,0.2,N,4,0
23512,23,62400,RENT,3.0,MEDICAL,C,20000,13.23,0.32,N,4,1
23513,27,65000,MORTGAGE,11.0,DEBTCONSOLIDATION,A,10000,6.03,0.15,N,8,0
23514,24,85000,MORTGAGE,8.0,HOMEIMPROVEMENT,A,8000,7.14,0.09,N,3,0
23515,39,31200,RENT,2.0,DEBTCONSOLIDATION,A,3000,7.49,0.1,N,16,0
23516,25,48000,MORTGAGE,9.0,PERSONAL,A,4000,8.49,0.08,N,3,0
23517,28,90000,MORTGAGE,12.0,EDUCATION,B,15000,11.12,0.17,N,8,0
23518,29,35000,MORTGAGE,2.0,HOMEIMPROVEMENT,A,9800,6.62,0.27,N,6,0
23519,25,60000,MORTGAGE,9.0,PERSONAL,B,5000,11.86,0.08,N,4,0
23520,22,69996,RENT,1.0,VENTURE,C,8000,12.84,0.11,N,4,0
23521,23,50000,RENT,0.0,EDUCATION,B,8000,10.59,0.16,N,4,0
23522,32,60000,RENT,0.0,EDUCATION,B,10000,11.11,0.17,N,5,0
23523,27,64500,MORTGAGE,2.0,EDUCATION,B,12000,10.37,0.19,N,10,0
23524,35,46000,RENT,4.0,MEDICAL,C,6000,13.99,0.13,N,8,0
23525,25,40000,RENT,9.0,MEDICAL,A,10000,8.49,0.25,N,3,0
23526,27,100000,MORTGAGE,2.0,MEDICAL,A,10000,6.54,0.1,N,6,0
23527,25,120000,MORTGAGE,9.0,PERSONAL,B,21600,11.11,0.18,N,3,0
23528,21,38604,RENT,0.0,PERSONAL,B,10500,10.36,0.27,N,3,1
23529,22,75000,RENT,6.0,DEBTCONSOLIDATION,B,15000,10.65,0.2,N,3,0
23530,23,54000,RENT,7.0,EDUCATION,E,20000,16.7,0.37,N,3,1
23531,29,61250,OTHER,10.0,VENTURE,B,5200,12.53,0.08,N,7,0
23532,26,40000,RENT,5.0,MEDICAL,B,16000,11.71,0.4,N,2,1
23533,22,50000,MORTGAGE,6.0,VENTURE,A,11000,7.88,0.23,N,4,0
23534,34,30000,MORTGAGE,0.0,DEBTCONSOLIDATION,C,2400,13.57,0.08,Y,7,0
23535,28,150000,MORTGAGE,12.0,DEBTCONSOLIDATION,A,7000,6.03,0.05,N,5,0
23536,30,70000,RENT,5.0,VENTURE,B,10000,12.42,0.14,N,8,0
23537,46,70000,MORTGAGE,6.0,DEBTCONSOLIDATION,A,6000,6.03,0.09,N,16,0
23538,41,58000,RENT,2.0,DEBTCONSOLIDATION,D,16000,16.77,0.29,Y,13,1
23539,26,70000,RENT,2.0,VENTURE,B,10000,9.91,0.14,N,4,0
23540,33,38160,MORTGAGE,5.0,MEDICAL,A,12000,8.9,0.31,N,5,0
23541,24,45000,RENT,4.0,MEDICAL,B,2000,11.49,0.04,N,4,0
23542,21,40000,RENT,1.0,HOMEIMPROVEMENT,D,20000,15.45,0.5,Y,2,1
23543,23,60000,OWN,5.0,PERSONAL,E,12000,16.45,0.2,Y,3,0
23544,32,60000,MORTGAGE,12.0,EDUCATION,A,11000,5.42,0.18,N,8,0
23545,24,52000,RENT,0.0,DEBTCONSOLIDATION,C,8000,12.73,0.15,N,2,0
23546,30,70000,MORTGAGE,0.0,VENTURE,B,15000,11.14,0.21,N,7,0
23547,22,54400,MORTGAGE,7.0,MEDICAL,D,25000,15.62,0.4,N,4,1
23548,24,150000,MORTGAGE,8.0,MEDICAL,A,10000,7.88,0.07,N,3,0
23549,25,54000,MORTGAGE,2.0,VENTURE,C,6000,13.48,0.11,N,4,0
23550,24,51400,MORTGAGE,4.0,DEBTCONSOLIDATION,A,9000,7.74,0.17,N,3,0
23551,26,90000,RENT,3.0,HOMEIMPROVEMENT,A,10000,7.51,0.11,N,2,0
23552,25,78000,MORTGAGE,9.0,VENTURE,B,5000,9.25,0.06,N,2,0
23553,25,120000,MORTGAGE,5.0,VENTURE,A,5000,6.17,0.04,N,3,0
23554,25,52500,MORTGAGE,2.0,DEBTCONSOLIDATION,A,8000,7.88,0.15,N,4,0
23555,45,110000,MORTGAGE,8.0,EDUCATION,B,3000,9.62,0.03,N,13,0
23556,25,48000,OWN,9.0,DEBTCONSOLIDATION,D,5000,15.33,0.1,Y,4,0
23557,38,30000,RENT,1.0,MEDICAL,A,14800,9.32,0.49,N,14,1
23558,32,55000,MORTGAGE,7.0,DEBTCONSOLIDATION,A,4000,5.42,0.07,N,9,0
23559,31,50000,MORTGAGE,6.0,EDUCATION,B,8500,9.99,0.17,N,6,0
23560,27,57500,MORTGAGE,11.0,MEDICAL,A,6000,8.49,0.1,N,6,0
23561,43,47760,RENT,7.0,MEDICAL,B,15000,10.65,0.32,N,12,1
23562,26,44000,RENT,2.0,HOMEIMPROVEMENT,E,7000,19.42,0.16,Y,3,1
23563,23,70000,RENT,7.0,EDUCATION,A,12000,6.91,0.17,N,2,0
23564,24,35000,RENT,9.0,DEBTCONSOLIDATION,B,12200,12.21,0.04,N,2,0
23565,23,77927,MORTGAGE,7.0,EDUCATION,B,10000,9.99,0.13,N,2,0
23566,25,68000,MORTGAGE,1.0,PERSONAL,C,10000,14.26,0.15,N,3,0
23567,24,65000,RENT,1.0,EDUCATION,A,7000,7.88,0.11,N,3,0
23568,28,120000,MORTGAGE,11.0,EDUCATION,C,10000,13.06,0.08,Y,7,0
23569,36,41600,RENT,4.0,EDUCATION,C,5000,12.68,0.13,Y,15,0
23570,38,96000,MORTGAGE,8.0,EDUCATION,C,15000,14.65,0.16,Y,12,0
23571,26,66000,RENT,2.0,EDUCATION,B,15000,11.83,0.23,N,4,0
23572,37,45000,MORTGAGE,2.0,EDUCATION,A,6000,7.88,0.13,N,14,0
23573,29,36000,RENT,4.0,MEDICAL,D,10000,16.29,0.28,N,5,0
23574,27,19200,RENT,0.0,HOMEIMPROVEMENT,D,5500,14.46,0.27,Y,5,1
23575,36,55000,MORTGAGE,2.0,VENTURE,C,12000,13.85,0.22,N,15,0
23576,21,32000,RENT,6.0,EDUCATION,A,6000,7.51,0.19,N,4,0
23577,22,50000,RENT,3.0,DEBTCONSOLIDATION,A,22000,7.49,0.44,N,2,1
23578,26,114000,MORTGAGE,2.0,DEBTCONSOLIDATION,C,10000,13.35,0.09,N,3,0
23579,23,49000,RENT,2.0,VENTURE,B,16000,11.71,0.32,N,2,1
23580,40,60000,RENT,5.0,EDUCATION,B,5000,11.86,0.08,N,12,0
23581,27,55000,MORTGAGE,11.0,HOMEIMPROVEMENT,C,10000,13.92,0.18,Y,8,0
23582,23,110000,MORTGAGE,2.0,EDUCATION,B,2500,9.99,0.02,N,2,0
23583,24,105000,MORTGAGE,8.0,EDUCATION,A,5500,8.49,0.05,N,4,0
23584,24,48000,RENT,4.0,EDUCATION,C,5000,13.72,0.1,Y,3,0
23585,25,22800,RENT,3.0,MEDICAL,B,2000,11.36,0.09,N,3,0
23586,23,50000,MORTGAGE,0.0,VENTURE,B,10000,11.71,0.2,N,2,0
23587,23,60000,RENT,4.0,EDUCATION,B,12500,11.86,0.21,N,4,0
23588,25,155000,MORTGAGE,9.0,PERSONAL,B,25000,9.91,0.16,N,4,0
23589,33,36000,OWN,2.0,PERSONAL,A,6500,8.49,0.18,N,7,0
23590,23,60000,MORTGAGE,7.0,EDUCATION,C,6000,12.68,0.1,N,2,0
23591,32,82000,RENT,1.0,MEDICAL,A,6000,7.88,0.07,N,6,0
23592,24,82800,MORTGAGE,2.0,VENTURE,C,20000,11.22,0.25,Y,3,0
23593,23,36000,OWN,5.0,VENTURE,A,3000,7.51,0.09,N,3,0
23594,36,77000,MORTGAGE,2.0,MEDICAL,A,3000,7.9,0.04,N,15,0
23595,22,60000,RENT,6.0,DEBTCONSOLIDATION,D,15000,14.59,0.25,N,3,1
23596,32,60000,MORTGAGE,5.0,EDUCATION,B,7000,12.69,0.12,N,8,0
23597,27,110000,RENT,3.0,DEBTCONSOLIDATION,B,10000,9.99,0.09,N,8,0
23598,25,58000,MORTGAGE,9.0,HOMEIMPROVEMENT,D,14000,14.96,0.25,N,3,0
23599,32,39184,MORTGAGE,5.0,MEDICAL,B,6000,11.99,0.15,N,6,0
23600,28,65000,MORTGAGE,3.0,EDUCATION,B,7000,11.49,0.11,N,8,0
23601,30,65000,RENT,7.0,DEBTCONSOLIDATION,B,10000,12.69,0.15,N,7,0
23602,22,50000,RENT,3.0,PERSONAL,C,10000,13.49,0.2,Y,4,0
23603,30,85000,MORTGAGE,3.0,EDUCATION,A,12800,7.88,0.16,N,7,0
23604,23,67500,RENT,7.0,EDUCATION,C,2400,15.23,0.04,N,3,0
23605,22,54000,MORTGAGE,4.0,MEDICAL,A,9000,6.62,0.17,N,4,0
23606,21,40000,RENT,5.0,VENTURE,A,14000,6.91,0.35,N,4,1
23607,23,48000,MORTGAGE,7.0,MEDICAL,B,1500,12.18,0.03,N,2,0
23608,31,50000,OWN,7.0,MEDICAL,A,2000,6.92,0.04,N,8,0
23609,27,55000,MORTGAGE,11.0,DEBTCONSOLIDATION,A,4000,7.49,0.07,N,8,0
23610,33,52000,RENT,2.0,PERSONAL,E,20000,16.7,0.38,Y,8,1
23611,27,120000,MORTGAGE,0.0,HOMEIMPROVEMENT,B,10000,10.38,0.08,N,7,0
23612,30,95000,OWN,13.0,VENTURE,C,4800,13.48,0.05,Y,7,0
23613,43,96000,MORTGAGE,0.0,EDUCATION,D,9000,14.46,0.09,Y,12,0
23614,24,74004,MORTGAGE,6.0,VENTURE,A,7125,7.49,0.1,N,2,0
23615,30,105000,MORTGAGE,1.0,HOMEIMPROVEMENT,B,12000,11.49,0.11,N,8,0
23616,23,60000,MORTGAGE,5.0,PERSONAL,A,8000,7.51,0.13,N,2,0
23617,39,60000,MORTGAGE,7.0,MEDICAL,B,12000,11.11,0.2,N,16,0
23618,29,125000,MORTGAGE,5.0,PERSONAL,A,5000,7.14,0.04,N,10,0
23619,40,60000,RENT,0.0,EDUCATION,B,17000,11.71,0.28,N,13,0
23620,22,82000,MORTGAGE,1.0,EDUCATION,C,24000,12.53,0.3,N,4,0
23621,21,24996,OWN,5.0,EDUCATION,A,8000,7.51,0.32,N,3,0
23622,27,170000,MORTGAGE,11.0,DEBTCONSOLIDATION,B,8000,10.08,0.04,N,6,0
23623,26,47000,RENT,0.0,PERSONAL,C,8000,12.61,0.17,Y,3,0
23624,22,42000,RENT,3.0,MEDICAL,B,2400,10.25,0.06,N,3,0
23625,38,30000,RENT,0.0,EDUCATION,B,7000,8.88,0.23,N,15,0
23626,23,69996,OWN,7.0,VENTURE,C,6000,13.98,0.09,Y,3,0
23627,21,52000,RENT,2.0,MEDICAL,C,18000,13.85,0.35,Y,2,1
23628,22,39996,RENT,6.0,MEDICAL,B,12000,10.59,0.3,N,2,0
23629,35,78000,MORTGAGE,19.0,EDUCATION,B,10000,9.99,0.13,N,10,0
23630,25,72000,MORTGAGE,9.0,PERSONAL,A,10200,7.49,0.15,N,4,0
23631,27,38400,RENT,3.0,PERSONAL,B,3000,10.59,0.08,N,9,0
23632,32,54000,RENT,5.0,HOMEIMPROVEMENT,A,7000,7.49,0.13,N,6,0
23633,34,60000,MORTGAGE,15.0,HOMEIMPROVEMENT,C,8400,13.49,0.14,Y,6,0
23634,34,32000,RENT,0.0,MEDICAL,A,6000,9.63,0.19,N,5,0
23635,28,78000,RENT,0.0,MEDICAL,A,12000,5.79,0.15,N,5,0
23636,35,76596,MORTGAGE,17.0,HOMEIMPROVEMENT,D,16800,14.42,0.23,N,6,0
23637,23,24000,RENT,0.0,EDUCATION,C,7000,13.49,0.29,N,3,0
23638,32,50000,RENT,2.0,MEDICAL,B,4000,11.86,0.08,N,8,0
23639,23,74000,MORTGAGE,7.0,EDUCATION,A,12000,7.51,0.16,N,3,0
23640,22,45000,RENT,6.0,EDUCATION,B,6000,11.49,0.13,N,4,0
23641,25,93000,RENT,0.0,MEDICAL,A,12000,7.29,0.13,N,2,0
23642,51,98000,MORTGAGE,12.0,PERSONAL,C,8000,13.49,0.08,Y,30,0
23643,23,30000,RENT,1.0,PERSONAL,D,5000,15.99,0.17,Y,2,1
23644,21,60000,RENT,5.0,DEBTCONSOLIDATION,B,20000,11.83,0.33,N,2,1
23645,28,30000,RENT,3.0,MEDICAL,A,6000,8.94,0.2,N,8,0
23646,22,45000,RENT,0.0,EDUCATION,B,8000,9.99,0.18,N,3,0
23647,26,45000,RENT,5.0,MEDICAL,C,15000,13.98,0.33,N,2,1
23648,37,36000,RENT,2.0,VENTURE,C,3600,12.99,0.1,Y,16,0
23649,47,55000,RENT,3.0,MEDICAL,A,14000,8.59,0.25,N,16,0
23650,22,36000,RENT,5.0,DEBTCONSOLIDATION,A,7000,7.9,0.19,N,3,0
23651,23,40000,MORTGAGE,7.0,EDUCATION,B,4000,11.49,0.1,N,3,0
23652,32,48000,RENT,4.0,DEBTCONSOLIDATION,B,10000,9.88,0.21,N,10,0
23653,22,53000,MORTGAGE,1.0,PERSONAL,B,10000,9.62,0.19,N,3,0
23654,26,24000,RENT,0.0,VENTURE,C,5600,13.49,0.24,Y,4,0
23655,23,44000,RENT,5.0,MEDICAL,E,9400,17.19,0.21,Y,2,1
23656,21,30000,RENT,3.0,EDUCATION,B,6000,9.99,0.2,N,3,0
23657,23,45000,RENT,0.0,EDUCATION,C,5000,13.49,0.11,Y,2,0
23658,37,60000,MORTGAGE,3.0,PERSONAL,B,12000,10.38,0.2,N,12,0
23659,29,48000,RENT,11.0,MEDICAL,A,3000,5.42,0.06,N,7,0
23660,31,175000,MORTGAGE,0.0,HOMEIMPROVEMENT,A,3000,7.4,0.02,N,6,0
23661,22,62250,RENT,3.0,PERSONAL,E,24000,16.45,0.38,Y,3,1
23662,23,65000,RENT,3.0,EDUCATION,B,7000,9.99,0.11,N,2,0
23663,30,35000,OWN,2.0,VENTURE,B,10000,10.99,0.29,N,10,0
23664,30,70000,RENT,0.0,MEDICAL,A,14000,8.49,0.2,N,7,0
23665,21,45000,MORTGAGE,5.0,VENTURE,B,6000,11.71,0.13,N,3,0
23666,30,40000,RENT,14.0,MEDICAL,B,6000,12.18,0.15,N,5,0
23667,23,42000,RENT,7.0,DEBTCONSOLIDATION,C,12500,14.72,0.3,Y,4,0
23668,23,75000,MORTGAGE,7.0,VENTURE,A,7000,6.99,0.09,N,2,0
23669,25,85000,RENT,9.0,PERSONAL,A,20000,6.54,0.24,N,2,0
23670,23,36225,RENT,2.0,MEDICAL,B,5000,9.88,0.14,N,4,0
23671,39,30000,RENT,2.0,VENTURE,D,5200,17.58,0.17,Y,17,1
23672,24,33000,OWN,8.0,VENTURE,C,6400,11.34,0.19,N,4,0
23673,23,65000,MORTGAGE,4.0,PERSONAL,A,10000,6.62,0.15,N,4,0
23674,26,50000,RENT,5.0,HOMEIMPROVEMENT,B,10000,12.69,0.2,N,3,0
23675,33,35000,RENT,0.0,VENTURE,B,3500,12.53,0.1,N,9,0
23676,26,45000,MORTGAGE,7.0,HOMEIMPROVEMENT,A,9000,6.17,0.2,N,4,0
23677,32,50000,MORTGAGE,5.0,EDUCATION,A,4000,7.14,0.08,N,10,0
23678,32,65000,RENT,16.0,PERSONAL,B,8000,8.88,0.12,N,9,0
23679,27,70000,MORTGAGE,11.0,DEBTCONSOLIDATION,A,6000,7.88,0.09,N,10,0
23680,29,85000,RENT,13.0,VENTURE,B,10000,12.21,0.12,N,8,0
23681,27,45000,MORTGAGE,11.0,VENTURE,A,4000,7.49,0.09,N,9,0
23682,23,54800,RENT,0.0,EDUCATION,A,8000,9.63,0.15,N,3,0
23683,37,63000,MORTGAGE,8.0,PERSONAL,B,10000,10.51,0.16,N,16,0
23684,32,90000,MORTGAGE,3.0,MEDICAL,B,12000,10.99,0.13,N,10,0
23685,25,48000,MORTGAGE,0.0,VENTURE,A,6000,5.99,0.13,N,3,0
23686,22,18240,OWN,0.0,PERSONAL,A,5500,6.62,0.3,N,2,0
23687,27,60000,MORTGAGE,11.0,HOMEIMPROVEMENT,A,2500,6.17,0.04,N,9,0
23688,24,40000,RENT,8.0,MEDICAL,C,5000,15.27,0.13,Y,3,0
23689,36,40800,MORTGAGE,0.0,MEDICAL,A,6000,8.59,0.15,N,14,0
23690,38,54000,MORTGAGE,12.0,HOMEIMPROVEMENT,A,5000,7.51,0.09,N,11,0
23691,25,66000,RENT,3.0,PERSONAL,B,16000,12.18,0.25,N,2,0
23692,27,60000,RENT,0.0,DEBTCONSOLIDATION,B,8000,10.25,0.13,N,6,0
23693,21,70000,MORTGAGE,5.0,DEBTCONSOLIDATION,C,3000,13.49,0.04,N,3,0
23694,24,79000,RENT,1.0,EDUCATION,C,10000,14.65,0.13,N,4,0
23695,22,42000,RENT,1.0,MEDICAL,B,12000,12.53,0.29,N,3,0
23696,33,90000,MORTGAGE,3.0,DEBTCONSOLIDATION,A,8000,6.03,0.09,N,7,0
23697,34,84000,MORTGAGE,5.0,VENTURE,C,20000,13.49,0.24,Y,5,0
23698,23,90000,MORTGAGE,7.0,PERSONAL,A,5000,5.42,0.06,N,4,0
23699,49,120000,MORTGAGE,4.0,EDUCATION,B,30000,10.37,0.25,N,12,0
23700,30,120000,RENT,14.0,DEBTCONSOLIDATION,A,17400,9.32,0.14,N,9,0
23701,28,75000,MORTGAGE,12.0,MEDICAL,A,10000,6.03,0.13,N,7,0
23702,27,45000,MORTGAGE,4.0,MEDICAL,A,6000,7.49,0.13,N,7,0
23703,38,30000,RENT,3.0,PERSONAL,A,2500,6.03,0.08,N,12,0
23704,28,90000,MORTGAGE,6.0,MEDICAL,A,15600,7.9,0.17,N,10,0
23705,25,70360,RENT,6.0,MEDICAL,A,10000,8.94,0.14,N,2,0
23706,30,44000,MORTGAGE,3.0,DEBTCONSOLIDATION,D,10000,15.95,0.23,N,9,1
23707,22,80000,RENT,5.0,EDUCATION,C,4500,13.49,0.06,Y,4,0
23708,23,40800,MORTGAGE,5.0,PERSONAL,A,2000,5.42,0.05,N,4,0
23709,25,45000,RENT,2.0,MEDICAL,B,2000,9.91,0.04,N,2,0
23710,26,135000,MORTGAGE,10.0,PERSONAL,A,10000,6.99,0.07,N,3,0
23711,24,47250,RENT,5.0,EDUCATION,A,12600,5.79,0.27,N,3,0
23712,65,185000,MORTGAGE,3.0,PERSONAL,A,3500,7.88,0.02,N,9,0
23713,26,60000,RENT,0.0,DEBTCONSOLIDATION,C,5000,13.72,0.08,N,4,0
23714,23,74800,MORTGAGE,7.0,PERSONAL,B,20000,10.59,0.25,N,3,0
23715,27,66800,MORTGAGE,4.0,MEDICAL,A,9600,7.29,0.14,N,8,0
23716,25,48000,RENT,5.0,MEDICAL,A,7200,8.59,0.15,N,3,0
23717,23,28000,OTHER,1.0,MEDICAL,C,9000,12.84,0.32,N,4,1
23718,33,110000,MORTGAGE,3.0,DEBTCONSOLIDATION,B,7000,12.21,0.06,N,10,0
23719,22,49000,MORTGAGE,6.0,EDUCATION,D,15250,13.36,0.3,Y,2,0
23720,27,120000,MORTGAGE,11.0,HOMEIMPROVEMENT,B,20000,11.12,0.17,N,6,0
23721,22,75000,MORTGAGE,3.0,MEDICAL,B,20000,10.37,0.27,N,4,0
23722,25,57600,RENT,3.0,DEBTCONSOLIDATION,C,6000,12.61,0.1,N,3,0
23723,31,34000,RENT,0.0,DEBTCONSOLIDATION,C,7500,13.22,0.22,N,8,1
23724,27,50000,RENT,1.0,EDUCATION,B,5125,9.99,0.1,N,10,0
23725,31,45000,MORTGAGE,15.0,PERSONAL,C,10400,13.06,0.23,Y,6,0
23726,26,60000,MORTGAGE,5.0,DEBTCONSOLIDATION,A,12000,9.63,0.2,N,3,0
23727,26,110000,MORTGAGE,1.0,HOMEIMPROVEMENT,A,12000,6.91,0.11,N,4,0
23728,23,99855,RENT,2.0,VENTURE,E,15000,17.06,0.15,N,4,0
23729,33,45000,RENT,2.0,VENTURE,D,8000,14.96,0.18,N,10,1
23730,25,93000,RENT,9.0,VENTURE,B,12000,10.62,0.13,N,3,0
23731,22,25000,RENT,4.0,PERSONAL,A,3600,6.99,0.14,N,2,0
23732,37,62500,RENT,21.0,VENTURE,D,25000,16.02,0.4,Y,15,1
23733,24,30000,MORTGAGE,3.0,VENTURE,C,3600,11.34,0.12,N,4,0
23734,23,140000,MORTGAGE,5.0,EDUCATION,C,10000,13.49,0.07,Y,3,0
23735,22,38000,RENT,5.0,VENTURE,A,4000,6.76,0.11,N,2,0
23736,34,80000,RENT,5.0,PERSONAL,B,15000,12.42,0.19,N,7,0
23737,26,85900,MORTGAGE,5.0,VENTURE,A,5000,8.9,0.06,N,3,0
23738,24,90100,MORTGAGE,6.0,MEDICAL,C,13000,13.11,0.12,Y,3,1
23739,23,78000,MORTGAGE,7.0,PERSONAL,A,9500,5.79,0.12,N,4,0
23740,25,95000,RENT,1.0,HOMEIMPROVEMENT,A,12000,7.88,0.13,N,2,0
23741,24,55000,RENT,0.0,DEBTCONSOLIDATION,A,10000,8.94,0.18,N,2,0
23742,22,40000,RENT,0.0,EDUCATION,C,1500,12.61,0.04,Y,2,0
23743,28,125000,MORTGAGE,10.0,VENTURE,B,21000,11.99,0.17,N,9,0
23744,35,80000,RENT,5.0,DEBTCONSOLIDATION,B,13000,9.91,0.16,N,7,0
23745,23,107400,MORTGAGE,7.0,MEDICAL,C,17500,15.27,0.15,Y,4,1
23746,24,130000,MORTGAGE,9.0,DEBTCONSOLIDATION,C,8000,12.99,0.06,N,2,0
23747,24,33996,RENT,1.0,PERSONAL,D,6000,12.92,0.18,N,3,1
23748,23,34000,RENT,7.0,MEDICAL,B,11000,10.37,0.32,N,4,1
23749,36,61656,RENT,7.0,PERSONAL,B,15000,10.62,0.24,N,13,0
23750,23,140000,OWN,7.0,EDUCATION,B,24250,11.83,0.17,N,3,0
23751,31,50000,RENT,5.0,VENTURE,C,6000,13.49,0.12,N,6,0
23752,31,29000,RENT,0.0,HOMEIMPROVEMENT,D,12000,15.05,0.39,N,2,1
23753,23,24000,RENT,2.0,DEBTCONSOLIDATION,A,8000,7.88,0.33,N,3,0
23754,24,40000,RENT,0.0,MEDICAL,B,6000,11.14,0.15,N,2,0
23755,30,43200,RENT,13.0,PERSONAL,B,18000,10.75,0.41,N,7,1
23756,30,85000,RENT,1.0,EDUCATION,B,12000,12.18,0.14,N,5,0
23757,30,110000,MORTGAGE,1.0,VENTURE,B,15000,10.37,0.14,N,5,0
23758,25,62500,RENT,9.0,DEBTCONSOLIDATION,B,11200,11.71,0.18,N,2,0
23759,28,57000,MORTGAGE,12.0,HOMEIMPROVEMENT,A,9500,5.42,0.17,N,5,0
23760,35,52000,RENT,0.0,EDUCATION,C,6500,13.06,0.13,N,7,0
23761,32,100000,MORTGAGE,0.0,MEDICAL,A,10000,8.49,0.1,N,6,0
23762,24,63000,RENT,3.0,PERSONAL,E,21000,18.39,0.35,N,4,1
23763,28,42240,OWN,2.0,MEDICAL,C,12000,13.06,0.28,Y,7,0
23764,33,34000,RENT,2.0,DEBTCONSOLIDATION,B,9000,10.38,0.26,N,7,1
23765,25,28000,RENT,1.0,HOMEIMPROVEMENT,C,7000,12.29,0.25,Y,4,1
23766,23,25000,RENT,0.0,PERSONAL,B,6000,10.25,0.22,N,4,0
23767,26,150000,RENT,0.0,VENTURE,C,12000,13.8,0.08,N,4,0
23768,26,57200,MORTGAGE,5.0,HOMEIMPROVEMENT,B,7500,10.36,0.13,N,2,0
23769,26,126000,RENT,0.0,EDUCATION,A,8000,7.88,0.06,N,2,0
23770,26,75000,RENT,4.0,EDUCATION,A,15000,6.92,0.2,N,3,0
23771,22,41000,RENT,6.0,EDUCATION,A,5000,7.9,0.12,N,2,0
23772,25,30000,RENT,6.0,PERSONAL,D,4000,16.29,0.13,N,4,1
23773,24,57192,MORTGAGE,4.0,MEDICAL,A,8000,7.51,0.14,N,2,0
23774,22,70000,RENT,5.0,DEBTCONSOLIDATION,A,6000,7.9,0.09,N,2,0
23775,22,120000,RENT,6.0,MEDICAL,B,5000,10.74,0.04,N,3,0
23776,28,36000,MORTGAGE,12.0,HOMEIMPROVEMENT,C,4800,12.73,0.13,Y,10,0
23777,27,47484,MORTGAGE,2.0,DEBTCONSOLIDATION,B,8000,11.36,0.17,N,7,0
23778,23,85000,MORTGAGE,7.0,VENTURE,C,5000,12.99,0.06,N,2,0
23779,28,54400,MORTGAGE,2.0,MEDICAL,D,5000,16.49,0.08,N,9,1
23780,23,60000,RENT,5.0,EDUCATION,A,7000,7.9,0.12,N,2,0
23781,22,60000,RENT,5.0,EDUCATION,C,3500,12.53,0.06,Y,2,0
23782,22,50000,RENT,5.0,EDUCATION,A,7000,5.79,0.14,N,3,0
23783,25,40000,RENT,9.0,DEBTCONSOLIDATION,B,13250,10.99,0.33,N,4,1
23784,22,49700,MORTGAGE,0.0,MEDICAL,B,12000,10.62,0.24,N,4,0
23785,27,75000,MORTGAGE,4.0,MEDICAL,A,6800,6.54,0.09,N,8,0
23786,21,30000,MORTGAGE,5.0,PERSONAL,B,7200,9.88,0.24,N,2,0
23787,21,24000,MORTGAGE,5.0,EDUCATION,B,1000,9.91,0.04,N,2,0
23788,24,25000,OWN,0.0,VENTURE,C,5600,13.11,0.22,Y,4,0
23789,21,33600,RENT,3.0,VENTURE,A,6000,6.91,0.18,N,2,0
23790,25,35000,RENT,4.0,MEDICAL,B,4000,11.11,0.11,N,4,0
23791,36,59000,MORTGAGE,6.0,EDUCATION,C,10000,14.27,0.17,N,15,1
23792,27,40000,RENT,5.0,DEBTCONSOLIDATION,A,7300,7.88,0.19,N,5,0
23793,29,180000,MORTGAGE,5.0,EDUCATION,C,15000,14.27,0.08,N,8,0
23794,24,55000,RENT,5.0,EDUCATION,B,8000,10.0,0.15,N,3,0
23795,38,40000,OWN,0.0,PERSONAL,A,8000,6.17,0.2,N,13,0
23796,25,52000,MORTGAGE,10.0,PERSONAL,B,9500,12.69,0.18,N,2,0
23797,23,33504,MORTGAGE,3.0,EDUCATION,A,6000,7.75,0.18,N,4,0
23798,26,120000,MORTGAGE,6.0,VENTURE,A,12500,6.03,0.1,N,3,0
23799,29,70000,RENT,2.0,VENTURE,B,4000,10.99,0.06,N,6,0
23800,36,27000,RENT,5.0,DEBTCONSOLIDATION,C,8000,13.92,0.3,N,13,0
23801,36,92000,MORTGAGE,0.0,VENTURE,C,15000,13.92,0.16,N,12,0
23802,40,140000,RENT,5.0,HOMEIMPROVEMENT,A,14000,7.88,0.1,N,13,0
23803,24,70000,RENT,2.0,EDUCATION,B,6000,10.59,0.09,N,3,0
23804,27,40000,RENT,7.0,PERSONAL,A,5000,7.29,0.13,N,8,0
23805,29,52000,RENT,0.0,PERSONAL,C,5000,13.23,0.1,N,7,0
23806,24,62000,RENT,8.0,HOMEIMPROVEMENT,B,4500,11.83,0.07,N,3,0
23807,26,60000,RENT,0.0,HOMEIMPROVEMENT,C,12500,14.35,0.21,Y,2,0
23808,29,66300,RENT,4.0,MEDICAL,E,30000,19.42,0.38,N,8,1
23809,22,90000,MORTGAGE,2.0,EDUCATION,B,10000,11.86,0.11,N,2,0
23810,32,60000,RENT,6.0,PERSONAL,B,10000,10.75,0.17,N,5,0
23811,33,78000,MORTGAGE,8.0,DEBTCONSOLIDATION,D,15000,14.61,0.19,N,7,1
23812,30,50000,MORTGAGE,3.0,HOMEIMPROVEMENT,A,15000,7.51,0.3,N,6,0
23813,40,60000,RENT,2.0,MEDICAL,C,15000,13.11,0.25,Y,14,0
23814,24,62100,MORTGAGE,8.0,PERSONAL,B,9500,11.71,0.15,N,2,0
23815,26,36996,RENT,3.0,PERSONAL,A,5300,7.49,0.15,N,3,0
23816,27,45000,RENT,7.0,VENTURE,A,7500,8.94,0.17,N,10,0
23817,37,98000,RENT,15.0,EDUCATION,B,12000,10.99,0.12,N,13,0
23818,25,83000,RENT,2.0,DEBTCONSOLIDATION,C,16000,12.87,0.19,N,3,0
23819,21,35000,MORTGAGE,2.0,EDUCATION,C,6000,15.23,0.17,N,4,0
23820,24,54000,RENT,1.0,EDUCATION,A,4025,6.76,0.07,N,4,0
23821,22,65000,RENT,1.0,PERSONAL,A,8000,6.03,0.12,N,3,0
23822,24,52000,RENT,0.0,EDUCATION,B,14000,11.89,0.27,N,3,0
23823,36,120000,MORTGAGE,2.0,MEDICAL,A,14400,7.29,0.12,N,15,0
23824,24,60000,MORTGAGE,8.0,EDUCATION,A,10000,7.9,0.17,N,2,0
23825,24,100300,RENT,2.0,MEDICAL,D,25000,15.33,0.21,Y,4,1
23826,28,65000,RENT,12.0,VENTURE,A,2000,7.51,0.03,N,10,0
23827,30,26400,RENT,4.0,PERSONAL,C,10000,13.49,0.38,N,6,1
23828,22,54000,RENT,6.0,PERSONAL,B,8000,10.0,0.15,N,4,1
23829,22,51996,RENT,6.0,PERSONAL,A,9600,7.14,0.18,N,4,0
23830,30,68000,RENT,4.0,EDUCATION,B,7400,10.99,0.11,N,7,0
23831,34,70000,MORTGAGE,8.0,HOMEIMPROVEMENT,A,12000,7.49,0.17,N,7,0
23832,30,46800,MORTGAGE,5.0,MEDICAL,A,5000,6.99,0.11,N,8,0
23833,23,40000,OWN,2.0,EDUCATION,B,6400,11.36,0.16,N,4,0
23834,22,60000,RENT,2.0,EDUCATION,B,15000,10.99,0.25,N,2,0
23835,27,70000,MORTGAGE,11.0,MEDICAL,B,3500,10.99,0.05,N,5,0
23836,27,56000,MORTGAGE,11.0,HOMEIMPROVEMENT,A,12000,7.51,0.21,N,9,0
23837,29,30000,RENT,0.0,PERSONAL,A,10000,7.51,0.33,N,5,1
23838,27,100000,MORTGAGE,6.0,PERSONAL,B,20000,11.86,0.2,N,8,0
23839,25,75000,RENT,1.0,VENTURE,A,6500,7.29,0.09,N,2,0
23840,21,42500,RENT,3.0,DEBTCONSOLIDATION,C,7000,12.87,0.16,Y,2,0
23841,22,19680,RENT,2.0,EDUCATION,D,7750,14.83,0.39,N,2,1
23842,38,30000,RENT,0.0,EDUCATION,D,9000,14.61,0.3,N,12,1
23843,23,122000,MORTGAGE,5.0,EDUCATION,B,20000,11.26,0.16,N,4,0
23844,34,56400,RENT,2.0,EDUCATION,C,7000,12.87,0.12,N,10,0
23845,24,35000,RENT,2.0,DEBTCONSOLIDATION,B,8000,12.53,0.23,N,4,0
23846,30,36000,RENT,0.0,PERSONAL,C,4000,13.92,0.11,Y,7,0
23847,31,16800,MORTGAGE,0.0,PERSONAL,B,6600,11.49,0.39,N,6,0
23848,37,48000,RENT,0.0,MEDICAL,B,12000,9.99,0.25,N,11,0
23849,33,43000,MORTGAGE,1.0,MEDICAL,C,15000,12.84,0.35,Y,6,0
23850,24,102540,MORTGAGE,7.0,EDUCATION,A,2000,6.42,0.02,N,2,0
23851,35,36000,RENT,3.0,MEDICAL,B,5000,9.99,0.14,N,5,0
23852,22,55000,MORTGAGE,6.0,EDUCATION,B,2000,11.36,0.04,N,3,0
23853,26,80000,MORTGAGE,11.0,DEBTCONSOLIDATION,C,6000,13.49,0.07,Y,2,0
23854,25,80000,RENT,3.0,DEBTCONSOLIDATION,C,21000,13.06,0.26,N,4,0
23855,23,54996,RENT,6.0,DEBTCONSOLIDATION,B,13750,9.62,0.26,N,4,0
23856,26,114000,RENT,0.0,EDUCATION,A,14000,5.99,0.13,N,3,1
23857,25,52000,MORTGAGE,4.0,HOMEIMPROVEMENT,C,3600,13.47,0.07,Y,3,0
23858,33,40000,OWN,0.0,MEDICAL,C,12000,13.48,0.3,Y,9,0
23859,27,28500,RENT,2.0,EDUCATION,A,12000,8.94,0.41,N,7,1
23860,36,59813,MORTGAGE,6.0,MEDICAL,E,20000,17.74,0.28,N,11,1
23861,39,53000,OWN,4.0,MEDICAL,B,3600,11.12,0.07,N,16,0
23862,36,60000,RENT,5.0,PERSONAL,A,15000,7.88,0.25,N,12,0
23863,23,35000,RENT,1.0,MEDICAL,C,13250,13.49,0.38,N,3,1
23864,57,30000,RENT,1.0,PERSONAL,D,6000,14.96,0.2,Y,23,1
23865,30,110000,MORTGAGE,4.0,HOMEIMPROVEMENT,A,6000,6.62,0.05,N,6,0
23866,24,100000,MORTGAGE,0.0,MEDICAL,B,12000,10.99,0.12,N,3,0
23867,22,60000,RENT,3.0,EDUCATION,C,8000,13.16,0.13,N,2,0
23868,28,24000,RENT,1.0,EDUCATION,A,1600,6.99,0.07,N,10,0
23869,24,60000,MORTGAGE,8.0,VENTURE,D,2500,14.91,0.04,N,2,0
23870,34,55000,MORTGAGE,2.0,EDUCATION,B,10000,11.89,0.18,N,8,0
23871,26,35000,RENT,3.0,MEDICAL,C,6000,13.49,0.17,N,3,0
23872,33,53000,MORTGAGE,3.0,VENTURE,B,6000,9.91,0.11,N,7,0
23873,25,200000,RENT,0.0,EDUCATION,B,10000,9.99,0.05,N,2,0
23874,28,95000,RENT,1.0,HOMEIMPROVEMENT,A,20000,7.9,0.21,N,6,0
23875,28,50000,RENT,8.0,VENTURE,A,5000,7.88,0.1,N,10,0
23876,22,30000,RENT,0.0,PERSONAL,D,5000,14.42,0.17,N,4,1
23877,32,80000,RENT,12.0,HOMEIMPROVEMENT,B,10000,9.99,0.12,N,5,0
23878,37,32000,OWN,15.0,PERSONAL,A,6600,6.54,0.2,N,15,0
23879,22,56000,MORTGAGE,6.0,VENTURE,C,15000,14.35,0.27,N,4,0
23880,22,50000,RENT,5.0,EDUCATION,B,10000,9.63,0.2,N,4,0
23881,24,90000,MORTGAGE,0.0,VENTURE,C,10000,12.87,0.11,Y,4,0
23882,42,480000,MORTGAGE,6.0,MEDICAL,A,6500,5.42,0.01,N,11,0
23883,39,80000,MORTGAGE,1.0,HOMEIMPROVEMENT,B,6000,11.11,0.07,N,16,0
23884,39,55000,OWN,5.0,VENTURE,B,2000,12.53,0.04,N,11,0
23885,44,57240,MORTGAGE,14.0,PERSONAL,A,2000,6.62,0.04,N,11,0
23886,32,50000,RENT,3.0,VENTURE,C,3000,13.48,0.06,Y,5,0
23887,26,120000,MORTGAGE,5.0,EDUCATION,A,4000,7.14,0.03,N,4,0
23888,25,56160,MORTGAGE,2.0,PERSONAL,B,8000,9.99,0.14,N,2,0
23889,28,25000,RENT,2.0,VENTURE,B,7000,12.21,0.27,N,5,0
23890,44,140000,RENT,24.0,HOMEIMPROVEMENT,A,9600,6.91,0.07,N,14,0
23891,29,85000,MORTGAGE,2.0,MEDICAL,B,12000,11.71,0.14,N,6,0
23892,32,50000,MORTGAGE,4.0,EDUCATION,A,10000,7.14,0.2,N,9,0
23893,23,45000,RENT,5.0,MEDICAL,B,3600,10.59,0.08,N,4,0
23894,28,61289,MORTGAGE,12.0,PERSONAL,A,20000,8.88,0.32,N,10,0
23895,22,50000,RENT,4.0,EDUCATION,A,10000,5.79,0.2,N,2,0
23896,22,35004,OWN,3.0,EDUCATION,A,3600,8.0,0.1,N,2,0
23897,35,120000,MORTGAGE,9.0,PERSONAL,B,7000,10.65,0.05,N,8,0
23898,25,70000,MORTGAGE,9.0,PERSONAL,B,8000,11.49,0.11,N,2,0
23899,27,72000,RENT,6.0,EDUCATION,A,5000,6.54,0.07,N,10,0
23900,47,42000,RENT,2.0,EDUCATION,A,4000,5.42,0.1,N,17,0
23901,22,42000,RENT,0.0,EDUCATION,B,3000,11.36,0.07,N,3,0
23902,25,100000,MORTGAGE,9.0,PERSONAL,A,25000,7.9,0.25,N,4,0
23903,24,78500,OWN,8.0,HOMEIMPROVEMENT,A,8000,6.17,0.1,N,4,0
23904,30,60000,MORTGAGE,2.0,EDUCATION,D,10000,15.65,0.17,N,9,0
23905,48,60000,RENT,0.0,MEDICAL,F,8000,18.25,0.12,N,13,1
23906,32,83000,OWN,2.0,VENTURE,D,25000,15.95,0.3,N,9,0
23907,32,50000,RENT,3.0,PERSONAL,C,6000,13.49,0.12,N,8,0
23908,23,69000,RENT,0.0,EDUCATION,B,15000,11.26,0.22,N,2,0
23909,27,38004,MORTGAGE,5.0,EDUCATION,B,2500,12.18,0.06,N,6,0
23910,31,66000,RENT,15.0,VENTURE,A,5000,6.03,0.08,N,5,0
23911,24,48000,MORTGAGE,8.0,VENTURE,B,11000,9.88,0.23,N,4,0
23912,37,50000,RENT,0.0,EDUCATION,B,10000,9.45,0.2,N,12,0
23913,24,50000,MORTGAGE,8.0,DEBTCONSOLIDATION,B,3000,10.99,0.06,N,3,0
23914,26,60000,MORTGAGE,10.0,DEBTCONSOLIDATION,C,3000,13.47,0.05,N,3,0
23915,27,78000,MORTGAGE,0.0,VENTURE,A,5000,6.99,0.06,N,8,0
23916,25,50000,RENT,4.0,DEBTCONSOLIDATION,B,9600,10.0,0.19,N,2,0
23917,43,62400,MORTGAGE,0.0,VENTURE,D,10000,14.46,0.15,Y,15,0
23918,28,36000,RENT,0.0,VENTURE,C,5000,13.48,0.14,Y,6,0
23919,22,60000,RENT,3.0,DEBTCONSOLIDATION,C,7000,12.53,0.12,Y,4,0
23920,31,56000,RENT,7.0,VENTURE,A,8500,7.51,0.15,N,7,0
23921,22,95000,MORTGAGE,6.0,DEBTCONSOLIDATION,C,14200,13.49,0.14,Y,4,0
23922,22,25000,RENT,6.0,MEDICAL,D,8000,15.65,0.32,Y,2,1
23923,25,28800,MORTGAGE,3.0,DEBTCONSOLIDATION,B,14750,11.12,0.49,N,3,0
23924,26,30000,RENT,4.0,DEBTCONSOLIDATION,B,12000,10.38,0.4,N,4,1
23925,24,73000,RENT,0.0,PERSONAL,D,14000,16.29,0.19,Y,2,1
23926,30,85000,MORTGAGE,6.0,VENTURE,A,12000,7.49,0.14,N,5,0
23927,25,50000,MORTGAGE,7.0,PERSONAL,A,10000,5.99,0.2,N,4,0
23928,36,38000,RENT,10.0,EDUCATION,A,5000,5.42,0.13,N,13,0
23929,27,49268,RENT,11.0,PERSONAL,B,12000,11.11,0.24,N,7,0
23930,29,150000,MORTGAGE,7.0,DEBTCONSOLIDATION,A,7500,7.49,0.05,N,10,0
23931,34,60000,RENT,4.0,PERSONAL,B,20000,12.18,0.33,N,9,1
23932,24,50000,RENT,2.0,HOMEIMPROVEMENT,C,8000,13.49,0.16,N,2,0
23933,31,81600,RENT,0.0,VENTURE,B,3000,9.63,0.04,N,6,0
23934,26,50000,RENT,5.0,EDUCATION,A,15000,7.9,0.3,N,2,0
23935,22,74000,MORTGAGE,6.0,PERSONAL,A,8500,6.62,0.11,N,4,0
23936,30,66300,MORTGAGE,11.0,MEDICAL,D,20000,14.83,0.26,N,7,1
23937,26,66400,RENT,6.0,MEDICAL,A,6000,7.14,0.09,N,4,0
23938,36,38500,RENT,1.0,MEDICAL,A,3000,8.49,0.08,N,12,0
23939,42,38000,RENT,2.0,MEDICAL,D,5000,13.36,0.13,Y,17,0
23940,22,51684,RENT,0.0,VENTURE,B,4000,11.49,0.08,N,4,0
23941,28,69736,OWN,12.0,EDUCATION,B,2500,9.91,0.04,N,9,0
23942,28,48500,MORTGAGE,3.0,VENTURE,D,8000,15.99,0.16,N,7,0
23943,24,75000,MORTGAGE,4.0,DEBTCONSOLIDATION,A,8000,5.99,0.11,N,2,0
23944,22,42000,RENT,6.0,PERSONAL,E,4000,17.51,0.1,Y,2,1
23945,28,35000,OWN,3.0,EDUCATION,A,2000,7.49,0.06,N,8,0
23946,24,48000,RENT,5.0,VENTURE,C,11000,14.27,0.23,Y,2,0
23947,30,21600,RENT,5.0,EDUCATION,A,5200,5.99,0.24,N,6,0
23948,29,70000,RENT,3.0,EDUCATION,E,8000,16.82,0.11,N,8,0
23949,30,110000,MORTGAGE,14.0,DEBTCONSOLIDATION,A,2000,7.29,0.02,N,6,0
23950,23,42000,RENT,0.0,MEDICAL,A,9000,6.03,0.21,N,4,0
23951,25,50000,MORTGAGE,3.0,DEBTCONSOLIDATION,A,5000,8.07,0.1,N,3,0
23952,24,80000,RENT,8.0,DEBTCONSOLIDATION,B,20000,11.89,0.25,N,3,0
23953,30,80000,OWN,14.0,VENTURE,C,5000,13.48,0.06,N,9,0
23954,22,63000,RENT,6.0,MEDICAL,C,2000,13.47,0.03,N,2,0
23955,25,54000,RENT,9.0,MEDICAL,B,20000,9.63,0.37,N,3,1
23956,28,90000,MORTGAGE,11.0,VENTURE,D,12000,14.61,0.13,Y,8,0
23957,35,32000,RENT,1.0,MEDICAL,B,7200,11.99,0.23,N,10,0
23958,27,100000,MORTGAGE,4.0,MEDICAL,A,5000,8.32,0.05,N,7,0
23959,35,72000,RENT,17.0,PERSONAL,B,5600,11.11,0.07,N,5,0
23960,22,70000,RENT,6.0,EDUCATION,A,8000,6.03,0.11,N,4,0
23961,24,90000,RENT,8.0,HOMEIMPROVEMENT,B,12000,9.91,0.13,N,3,0
23962,27,37000,RENT,1.0,EDUCATION,B,11000,10.99,0.3,N,7,0
23963,38,110000,RENT,3.0,HOMEIMPROVEMENT,C,14000,13.48,0.13,N,16,0
23964,24,55000,MORTGAGE,3.0,DEBTCONSOLIDATION,B,4000,11.71,0.07,N,3,0
23965,24,48000,RENT,8.0,DEBTCONSOLIDATION,A,7000,7.49,0.15,N,4,0
23966,41,52000,RENT,3.0,MEDICAL,C,3000,13.98,0.06,Y,12,0
23967,22,50000,RENT,6.0,EDUCATION,D,3000,15.99,0.06,N,4,0
23968,47,31836,RENT,1.0,VENTURE,C,6400,14.35,0.2,N,16,0
23969,30,70000,MORTGAGE,0.0,HOMEIMPROVEMENT,B,3000,11.48,0.04,N,7,0
23970,30,57996,MORTGAGE,2.0,MEDICAL,C,12250,13.16,0.21,Y,5,0
23971,23,54000,RENT,7.0,MEDICAL,A,10000,7.51,0.19,N,2,0
23972,22,56400,RENT,2.0,EDUCATION,A,4000,8.49,0.07,N,4,0
23973,23,50000,RENT,4.0,EDUCATION,B,5000,10.75,0.1,N,4,0
23974,27,102500,MORTGAGE,3.0,HOMEIMPROVEMENT,B,6000,10.59,0.06,N,6,0
23975,24,75000,RENT,4.0,MEDICAL,A,10000,6.54,0.13,N,3,0
23976,24,180000,RENT,0.0,HOMEIMPROVEMENT,B,20000,12.42,0.11,N,2,0
23977,31,35000,RENT,6.0,EDUCATION,D,7500,17.58,0.21,Y,10,0
23978,24,72444,MORTGAGE,7.0,PERSONAL,B,25000,11.71,0.35,N,3,0
23979,26,56964,MORTGAGE,2.0,MEDICAL,C,5000,12.99,0.09,N,2,0
23980,27,82000,MORTGAGE,11.0,PERSONAL,A,10000,7.51,0.12,N,6,0
23981,22,24000,OWN,1.0,PERSONAL,D,5000,15.37,0.21,Y,4,0
23982,22,44000,RENT,0.0,MEDICAL,D,5600,15.99,0.12,Y,3,1
23983,25,50000,RENT,9.0,DEBTCONSOLIDATION,C,8000,13.49,0.16,N,3,0
23984,42,100000,MORTGAGE,0.0,DEBTCONSOLIDATION,C,15000,14.26,0.15,Y,16,0
23985,28,40000,MORTGAGE,2.0,DEBTCONSOLIDATION,A,5000,7.29,0.13,N,8,0
23986,37,60000,RENT,3.0,PERSONAL,C,5000,13.99,0.08,Y,17,0
23987,33,60000,RENT,4.0,MEDICAL,B,2000,10.99,0.03,N,10,0
23988,23,70000,MORTGAGE,2.0,VENTURE,C,5000,15.23,0.07,N,2,0
23989,28,30000,RENT,4.0,VENTURE,C,5000,13.49,0.17,Y,7,0
23990,23,78500,MORTGAGE,7.0,DEBTCONSOLIDATION,B,4800,10.99,0.06,N,3,0
23991,25,65000,RENT,2.0,VENTURE,B,12000,9.91,0.18,N,2,0
23992,29,100000,MORTGAGE,3.0,MEDICAL,B,10000,12.18,0.1,N,10,0
23993,24,35004,RENT,1.0,DEBTCONSOLIDATION,A,7000,7.88,0.21,N,3,0
23994,24,65000,RENT,0.0,PERSONAL,A,7000,7.29,0.11,N,4,0
23995,22,54000,MORTGAGE,6.0,PERSONAL,B,10000,9.99,0.19,N,2,0
23996,35,97750,MORTGAGE,5.0,MEDICAL,A,20000,6.54,0.17,N,6,1
23997,37,45000,RENT,5.0,PERSONAL,A,10000,6.62,0.22,N,13,0
23998,24,60000,RENT,3.0,HOMEIMPROVEMENT,B,20000,11.12,0.33,N,2,0
23999,23,88000,MORTGAGE,8.0,MEDICAL,A,9700,6.62,0.11,N,4,0
24000,22,60000,MORTGAGE,7.0,DEBTCONSOLIDATION,A,10000,7.66,0.17,N,2,0
24001,24,60000,MORTGAGE,8.0,MEDICAL,B,12000,9.83,0.2,N,3,0
24002,24,60000,RENT,8.0,PERSONAL,B,15000,11.71,0.25,N,3,0
24003,23,60000,MORTGAGE,7.0,VENTURE,A,5000,7.9,0.08,N,3,0
24004,33,70000,RENT,5.0,EDUCATION,D,10000,16.29,0.14,Y,8,0
24005,37,85000,MORTGAGE,0.0,VENTURE,C,12000,13.16,0.14,N,12,0
24006,27,60000,RENT,4.0,DEBTCONSOLIDATION,B,20000,11.48,0.33,N,9,1
24007,22,45149,MORTGAGE,7.0,EDUCATION,A,9000,5.99,0.2,N,4,0
24008,24,90000,MORTGAGE,8.0,PERSONAL,C,15000,12.84,0.17,Y,2,0
24009,22,50000,MORTGAGE,4.0,EDUCATION,B,9600,9.91,0.19,N,4,0
24010,30,60000,RENT,2.0,PERSONAL,B,10000,11.11,0.17,N,8,0
24011,27,48000,RENT,0.0,MEDICAL,B,5000,10.62,0.1,N,7,0
24012,22,74337,RENT,0.0,DEBTCONSOLIDATION,A,16000,7.49,0.22,N,4,0
24013,22,62400,RENT,6.0,EDUCATION,B,12000,11.36,0.19,N,4,0
24014,21,42000,RENT,0.0,EDUCATION,A,10400,7.88,0.25,N,4,0
24015,41,22800,RENT,0.0,MEDICAL,B,5075,10.25,0.22,N,15,0
24016,22,40000,RENT,3.0,EDUCATION,B,6400,10.65,0.16,N,2,0
24017,33,83500,MORTGAGE,1.0,DEBTCONSOLIDATION,B,10000,9.91,0.12,N,5,0
24018,39,85000,RENT,0.0,EDUCATION,A,4000,7.66,0.05,N,11,0
24019,24,48000,MORTGAGE,8.0,DEBTCONSOLIDATION,B,4800,10.99,0.1,N,2,0
24020,23,37500,RENT,3.0,EDUCATION,A,1375,6.91,0.04,N,4,0
24021,29,50000,RENT,8.0,PERSONAL,C,7000,12.84,0.14,N,7,0
24022,23,36000,RENT,7.0,MEDICAL,A,7000,9.63,0.19,N,2,0
24023,37,77954,RENT,9.0,DEBTCONSOLIDATION,C,15000,12.73,0.18,N,16,0
24024,27,50000,MORTGAGE,3.0,PERSONAL,A,10000,6.92,0.2,N,8,0
24025,21,36000,RENT,5.0,EDUCATION,B,10000,10.99,0.28,N,2,0
24026,29,90000,MORTGAGE,13.0,VENTURE,C,14000,13.35,0.16,N,6,0
24027,30,80000,MORTGAGE,0.0,HOMEIMPROVEMENT,B,12000,11.86,0.15,N,8,0
24028,27,53000,RENT,4.0,MEDICAL,C,15000,13.79,0.28,Y,9,0
24029,26,52000,RENT,3.0,DEBTCONSOLIDATION,D,4200,14.59,0.08,N,2,1
24030,21,54000,RENT,5.0,EDUCATION,A,9000,8.49,0.17,N,4,0
24031,29,24000,OWN,0.0,EDUCATION,A,4000,6.62,0.17,N,5,0
24032,22,37000,RENT,3.0,MEDICAL,B,3500,10.25,0.1,N,4,0
24033,24,80000,RENT,8.0,DEBTCONSOLIDATION,A,7000,7.51,0.09,N,4,0
24034,24,66000,MORTGAGE,8.0,DEBTCONSOLIDATION,D,25000,12.92,0.38,N,3,1
24035,25,90000,MORTGAGE,9.0,EDUCATION,A,20000,6.62,0.22,N,2,0
24036,30,24000,RENT,4.0,EDUCATION,C,5500,14.72,0.23,N,7,0
24037,27,35000,RENT,5.0,MEDICAL,C,1500,13.49,0.04,N,8,0
24038,25,50000,RENT,1.0,EDUCATION,C,4000,14.26,0.08,Y,3,0
24039,23,60000,OWN,0.0,PERSONAL,A,1800,8.07,0.03,N,3,0
24040,27,120000,RENT,1.0,HOMEIMPROVEMENT,C,10000,13.49,0.08,Y,6,0
24041,36,104606,MORTGAGE,8.0,VENTURE,D,15000,15.28,0.14,N,12,0
24042,30,71400,MORTGAGE,13.0,EDUCATION,B,5000,11.49,0.07,N,8,0
24043,40,200000,RENT,5.0,PERSONAL,B,16000,11.14,0.08,N,13,0
24044,33,80000,MORTGAGE,17.0,MEDICAL,B,13000,10.36,0.16,N,10,0
24045,33,33000,MORTGAGE,1.0,DEBTCONSOLIDATION,A,8000,5.42,0.24,N,7,0
24046,31,80000,MORTGAGE,15.0,DEBTCONSOLIDATION,B,12000,11.14,0.15,N,7,0
24047,30,55000,RENT,4.0,EDUCATION,D,25000,15.65,0.45,Y,9,1
24048,24,80000,MORTGAGE,0.0,MEDICAL,A,3000,6.92,0.04,N,2,0
24049,22,40000,RENT,3.0,VENTURE,B,10400,11.71,0.26,N,3,0
24050,28,33600,RENT,12.0,DEBTCONSOLIDATION,D,11000,14.09,0.33,Y,5,1
24051,24,49000,RENT,5.0,PERSONAL,B,12000,9.99,0.24,N,3,1
24052,26,45600,RENT,3.0,PERSONAL,B,12000,10.38,0.26,N,4,0
24053,23,60000,RENT,0.0,VENTURE,A,6000,7.4,0.1,N,2,0
24054,33,48000,MORTGAGE,2.0,VENTURE,A,6000,6.17,0.13,N,5,0
24055,28,48000,OWN,2.0,MEDICAL,B,3200,11.83,0.07,N,5,0
24056,23,55000,RENT,5.0,EDUCATION,C,3000,12.99,0.05,Y,2,0
24057,27,45000,MORTGAGE,2.0,EDUCATION,B,5600,10.65,0.12,N,8,0
24058,36,115000,MORTGAGE,16.0,PERSONAL,E,10000,15.68,0.09,Y,15,0
24059,29,120000,MORTGAGE,13.0,MEDICAL,B,8200,11.49,0.07,N,9,0
24060,35,37000,RENT,2.0,PERSONAL,B,7000,9.99,0.19,N,6,0
24061,29,80000,RENT,3.0,MEDICAL,C,10000,13.85,0.13,N,10,0
24062,24,45000,MORTGAGE,4.0,DEBTCONSOLIDATION,C,8000,13.11,0.18,N,2,0
24063,25,72996,MORTGAGE,9.0,PERSONAL,B,15000,10.38,0.21,N,3,0
24064,23,45000,RENT,6.0,HOMEIMPROVEMENT,D,10000,15.99,0.22,Y,2,1
24065,24,28000,OWN,8.0,MEDICAL,A,12000,7.51,0.43,N,3,0
24066,24,40000,RENT,0.0,MEDICAL,B,2000,10.99,0.05,N,4,0
24067,26,108000,RENT,1.0,VENTURE,B,14000,10.25,0.13,N,3,0
24068,24,25000,MORTGAGE,0.0,EDUCATION,D,2000,14.11,0.08,N,3,0
24069,22,65000,OWN,3.0,EDUCATION,A,6000,7.49,0.09,N,2,0
24070,27,58650,MORTGAGE,2.0,MEDICAL,B,9500,10.36,0.14,N,8,0
24071,23,72000,MORTGAGE,7.0,MEDICAL,B,6000,11.48,0.08,N,2,0
24072,21,40000,RENT,5.0,PERSONAL,A,7500,5.42,0.19,N,3,0
24073,37,75996,MORTGAGE,9.0,EDUCATION,B,10000,11.99,0.13,N,12,0
24074,27,55000,RENT,1.0,VENTURE,B,3000,12.21,0.05,N,7,0
24075,32,150000,RENT,11.0,EDUCATION,C,12000,13.49,0.08,Y,7,0
24076,31,49000,RENT,5.0,MEDICAL,A,7200,5.42,0.15,N,8,0
24077,24,33996,RENT,8.0,DEBTCONSOLIDATION,D,5000,15.37,0.15,Y,3,1
24078,29,85000,MORTGAGE,9.0,MEDICAL,A,10000,5.42,0.12,N,7,0
24079,26,75000,MORTGAGE,3.0,HOMEIMPROVEMENT,B,7200,11.86,0.1,N,3,0
24080,26,82656,MORTGAGE,10.0,DEBTCONSOLIDATION,A,6000,7.91,0.07,N,4,0
24081,31,50000,MORTGAGE,7.0,DEBTCONSOLIDATION,A,8000,8.0,0.16,N,6,0
24082,28,150000,MORTGAGE,3.0,EDUCATION,B,25000,10.74,0.17,N,10,0
24083,39,110000,MORTGAGE,7.0,HOMEIMPROVEMENT,D,16000,16.32,0.15,N,12,0
24084,35,45000,RENT,12.0,MEDICAL,B,12000,9.91,0.27,N,7,0
24085,38,70000,RENT,7.0,EDUCATION,C,9000,12.87,0.13,Y,11,0
24086,32,120000,MORTGAGE,3.0,EDUCATION,C,4700,12.99,0.04,Y,8,0
24087,33,70000,MORTGAGE,12.0,VENTURE,A,6000,7.88,0.09,N,9,0
24088,24,150000,MORTGAGE,8.0,EDUCATION,A,12000,6.91,0.08,N,2,0
24089,27,45378,MORTGAGE,8.0,VENTURE,A,6000,7.49,0.13,N,10,0
24090,24,90000,MORTGAGE,5.0,MEDICAL,A,12000,5.42,0.13,N,2,0
24091,32,40000,RENT,16.0,DEBTCONSOLIDATION,C,6000,13.49,0.15,Y,10,0
24092,34,97700,MORTGAGE,9.0,DEBTCONSOLIDATION,A,10625,9.32,0.11,N,10,0
24093,44,130000,MORTGAGE,1.0,MEDICAL,B,11000,10.99,0.08,N,17,0
24094,35,36000,MORTGAGE,3.0,EDUCATION,A,6000,7.66,0.17,N,5,0
24095,32,96000,MORTGAGE,3.0,VENTURE,B,10000,10.99,0.1,N,10,0
24096,21,40000,RENT,4.0,EDUCATION,A,3500,8.0,0.09,N,2,0
24097,26,90000,RENT,2.0,MEDICAL,A,12000,7.49,0.13,N,3,0
24098,33,120000,MORTGAGE,11.0,PERSONAL,A,2000,6.39,0.02,N,6,0
24099,24,121000,RENT,0.0,DEBTCONSOLIDATION,A,3000,7.66,0.02,N,4,0
24100,35,150000,MORTGAGE,2.0,DEBTCONSOLIDATION,B,5000,10.59,0.03,N,8,0
24101,25,60000,RENT,0.0,HOMEIMPROVEMENT,B,15000,10.99,0.25,N,4,0
24102,39,90000,MORTGAGE,7.0,MEDICAL,A,8000,5.42,0.09,N,13,0
24103,43,68000,MORTGAGE,8.0,DEBTCONSOLIDATION,A,7050,9.63,0.11,N,14,0
24104,23,50000,RENT,2.0,DEBTCONSOLIDATION,A,5000,9.32,0.1,N,4,0
24105,27,120000,MORTGAGE,11.0,HOMEIMPROVEMENT,B,15000,11.11,0.13,N,10,0
24106,34,75000,RENT,2.0,PERSONAL,B,18000,10.99,0.25,N,8,0
24107,25,90000,RENT,2.0,MEDICAL,B,12000,11.71,0.13,N,4,0
24108,21,28800,RENT,2.0,EDUCATION,C,5000,11.91,0.17,N,3,0
24109,38,60000,MORTGAGE,9.0,EDUCATION,B,7500,8.88,0.12,N,11,0
24110,22,32000,RENT,3.0,VENTURE,A,15000,6.54,0.47,N,4,1
24111,25,54000,MORTGAGE,9.0,VENTURE,A,10000,7.9,0.19,N,2,0
24112,25,35000,OWN,3.0,HOMEIMPROVEMENT,B,8000,10.08,0.23,N,3,0
24113,27,56000,RENT,2.0,PERSONAL,D,10000,16.32,0.18,Y,10,1
24114,22,72000,MORTGAGE,4.0,EDUCATION,C,8000,13.72,0.11,Y,3,0
24115,26,66300,RENT,3.0,MEDICAL,D,22000,16.77,0.28,N,2,1
24116,23,50000,MORTGAGE,7.0,MEDICAL,C,3500,13.61,0.07,Y,2,0
24117,27,42000,RENT,3.0,DEBTCONSOLIDATION,D,12000,16.77,0.29,N,6,1
24118,26,57738,MORTGAGE,7.0,EDUCATION,B,4800,11.49,0.08,N,3,0
24119,32,50000,RENT,3.0,HOMEIMPROVEMENT,C,5500,13.35,0.11,Y,10,0
24120,24,53000,RENT,5.0,HOMEIMPROVEMENT,B,10000,10.74,0.19,N,2,0
24121,23,32004,RENT,3.0,MEDICAL,D,10000,15.58,0.31,N,4,1
24122,22,53000,MORTGAGE,5.0,DEBTCONSOLIDATION,C,10000,14.72,0.19,Y,3,0
24123,25,76000,MORTGAGE,9.0,PERSONAL,B,4900,10.99,0.07,N,4,0
24124,23,51996,RENT,7.0,DEBTCONSOLIDATION,B,15000,11.36,0.29,N,2,0
24125,23,72000,MORTGAGE,7.0,DEBTCONSOLIDATION,A,7000,7.66,0.1,N,4,0
24126,25,35000,MORTGAGE,9.0,VENTURE,A,6400,5.42,0.18,N,4,0
24127,23,78000,MORTGAGE,7.0,DEBTCONSOLIDATION,A,3500,7.49,0.04,N,2,0
24128,22,40000,RENT,0.0,MEDICAL,B,11000,10.74,0.29,N,2,0
24129,23,43000,RENT,5.0,VENTURE,A,10000,7.88,0.23,N,3,0
24130,29,44000,OWN,0.0,HOMEIMPROVEMENT,B,10000,12.69,0.23,N,9,0
24131,23,26004,MORTGAGE,0.0,VENTURE,A,2000,8.49,0.08,N,2,0
24132,24,51996,RENT,0.0,DEBTCONSOLIDATION,A,1500,9.63,0.03,N,4,0
24133,22,36000,RENT,6.0,MEDICAL,B,4000,11.86,0.11,N,3,0
24134,23,70000,MORTGAGE,7.0,DEBTCONSOLIDATION,A,5000,7.9,0.07,N,4,0
24135,33,45000,RENT,17.0,VENTURE,D,7000,16.29,0.16,Y,7,0
24136,21,30000,RENT,2.0,PERSONAL,B,5000,11.86,0.17,N,2,0
24137,25,56004,OWN,9.0,MEDICAL,B,13000,9.62,0.23,N,2,0
24138,23,100000,MORTGAGE,4.0,VENTURE,A,6000,7.66,0.06,N,3,0
24139,30,63750,RENT,7.0,HOMEIMPROVEMENT,D,8400,17.58,0.14,Y,6,0
24140,21,56000,RENT,5.0,VENTURE,C,20000,12.61,0.36,N,3,1
24141,29,50000,RENT,3.0,HOMEIMPROVEMENT,B,3000,10.99,0.06,N,6,0
24142,26,53321,RENT,11.0,PERSONAL,C,10000,13.16,0.18,N,2,0
24143,24,48645,RENT,6.0,PERSONAL,D,10000,14.91,0.2,N,2,0
24144,22,40000,MORTGAGE,6.0,DEBTCONSOLIDATION,B,8000,11.11,0.2,N,2,0
24145,32,50000,RENT,5.0,DEBTCONSOLIDATION,B,6400,10.62,0.13,N,8,0
24146,26,120000,RENT,3.0,VENTURE,B,5000,10.74,0.04,N,4,0
24147,30,70000,MORTGAGE,4.0,MEDICAL,A,8000,6.99,0.11,N,10,0
24148,28,100000,MORTGAGE,12.0,EDUCATION,B,25000,9.76,0.25,N,6,0
24149,33,90000,MORTGAGE,5.0,MEDICAL,B,25000,11.36,0.28,N,10,0
24150,26,69000,RENT,3.0,MEDICAL,A,5000,7.14,0.08,N,2,0
24151,25,120000,RENT,6.0,HOMEIMPROVEMENT,A,10000,5.79,0.08,N,2,0
24152,26,140000,MORTGAGE,10.0,PERSONAL,A,6000,7.9,0.04,N,4,0
24153,22,92000,MORTGAGE,6.0,EDUCATION,B,6000,12.69,0.07,N,4,0
24154,21,38400,RENT,5.0,EDUCATION,B,15000,11.99,0.39,N,2,1
24155,27,42000,RENT,2.0,MEDICAL,A,3000,9.63,0.07,N,9,0
24156,32,48000,MORTGAGE,16.0,PERSONAL,B,6000,10.59,0.13,N,10,0
24157,23,80000,RENT,7.0,MEDICAL,C,15000,13.43,0.19,N,4,0
24158,27,39996,RENT,4.0,DEBTCONSOLIDATION,B,12000,10.37,0.3,N,7,1
24159,38,200000,MORTGAGE,4.0,VENTURE,A,10000,6.03,0.05,N,14,0
24160,33,36000,MORTGAGE,1.0,DEBTCONSOLIDATION,B,6000,10.74,0.17,N,7,0
24161,26,80000,MORTGAGE,2.0,PERSONAL,A,9000,9.63,0.11,N,2,0
24162,22,36000,MORTGAGE,4.0,EDUCATION,A,11500,7.88,0.32,N,3,0
24163,24,109000,MORTGAGE,6.0,HOMEIMPROVEMENT,A,15000,8.9,0.14,N,3,0
24164,29,45000,RENT,4.0,DEBTCONSOLIDATION,A,1900,5.42,0.04,N,7,0
24165,23,85000,RENT,2.0,MEDICAL,C,10000,11.03,0.12,N,3,0
24166,23,65000,RENT,7.0,PERSONAL,A,16000,7.51,0.25,N,2,1
24167,24,60000,OWN,8.0,EDUCATION,A,24000,7.49,0.4,N,2,0
24168,22,69000,MORTGAGE,4.0,PERSONAL,D,15000,15.33,0.22,Y,3,0
24169,26,75000,RENT,5.0,PERSONAL,B,7000,10.25,0.09,N,2,0
24170,24,55000,MORTGAGE,5.0,EDUCATION,A,8000,7.49,0.15,N,2,0
24171,39,72000,MORTGAGE,2.0,VENTURE,A,7000,6.99,0.1,N,15,0
24172,22,50000,RENT,6.0,DEBTCONSOLIDATION,C,6000,14.27,0.12,N,2,0
24173,25,66000,RENT,6.0,HOMEIMPROVEMENT,B,3000,12.42,0.05,N,4,0
24174,27,72000,MORTGAGE,11.0,EDUCATION,A,10000,7.51,0.14,N,5,0
24175,22,43000,RENT,6.0,PERSONAL,A,3800,7.88,0.09,N,2,0
24176,24,45000,MORTGAGE,8.0,MEDICAL,B,4000,10.99,0.09,N,3,0
24177,22,55000,RENT,6.0,MEDICAL,B,8000,11.12,0.15,N,2,0
24178,23,42000,MORTGAGE,4.0,PERSONAL,D,10500,15.99,0.25,N,2,0
24179,39,75000,RENT,4.0,HOMEIMPROVEMENT,C,10000,12.53,0.13,N,11,0
24180,27,120000,MORTGAGE,6.0,EDUCATION,B,10000,9.99,0.08,N,7,0
24181,26,48000,RENT,4.0,MEDICAL,A,9600,7.51,0.2,N,3,0
24182,31,48000,RENT,13.0,MEDICAL,B,1500,11.99,0.03,N,10,0
24183,34,120000,MORTGAGE,18.0,VENTURE,A,6000,6.91,0.05,N,5,0
24184,30,70000,MORTGAGE,5.0,DEBTCONSOLIDATION,A,14000,7.88,0.19,N,5,0
24185,22,42500,RENT,2.0,DEBTCONSOLIDATION,A,8000,7.49,0.19,N,4,0
24186,30,62496,RENT,7.0,HOMEIMPROVEMENT,B,12000,9.88,0.19,N,7,0
24187,38,60000,RENT,5.0,HOMEIMPROVEMENT,A,10000,7.9,0.17,N,13,0
24188,25,40000,RENT,6.0,MEDICAL,C,9000,13.49,0.23,N,4,0
24189,46,78000,RENT,7.0,PERSONAL,A,25000,7.9,0.31,N,13,1
24190,23,48000,RENT,5.0,MEDICAL,B,10000,9.99,0.21,N,3,0
24191,33,100000,RENT,6.0,DEBTCONSOLIDATION,A,12475,7.29,0.13,N,8,0
24192,23,50000,RENT,4.0,VENTURE,A,6000,8.94,0.12,N,4,0
24193,22,60000,OWN,6.0,MEDICAL,A,6000,7.14,0.1,N,2,0
24194,43,48255,RENT,3.0,MEDICAL,C,2000,12.98,0.04,Y,11,0
24195,23,40000,RENT,2.0,VENTURE,B,3000,10.25,0.07,N,3,0
24196,22,55000,MORTGAGE,6.0,EDUCATION,B,7500,10.99,0.14,N,2,0
24197,26,35000,RENT,4.0,MEDICAL,C,6000,13.99,0.17,N,3,0
24198,37,12996,OWN,15.0,MEDICAL,D,2250,14.96,0.16,Y,13,0
24199,37,125000,RENT,3.0,HOMEIMPROVEMENT,A,9000,7.88,0.07,N,13,0
24200,22,37000,MORTGAGE,3.0,VENTURE,B,4000,10.08,0.11,N,3,0
24201,24,52000,RENT,1.0,DEBTCONSOLIDATION,C,7000,12.53,0.13,N,3,0
24202,26,55000,MORTGAGE,2.0,DEBTCONSOLIDATION,C,3500,13.23,0.06,Y,4,0
24203,30,46654,RENT,14.0,PERSONAL,D,14400,15.21,0.3,N,9,0
24204,27,102500,MORTGAGE,4.0,PERSONAL,B,6000,10.99,0.06,N,10,0
24205,25,35000,RENT,2.0,DEBTCONSOLIDATION,A,12000,7.88,0.34,N,3,0
24206,32,66143,RENT,5.0,HOMEIMPROVEMENT,B,2400,10.99,0.04,N,7,1
24207,30,51992,RENT,14.0,MEDICAL,B,15000,11.99,0.29,N,8,0
24208,28,27000,RENT,0.0,DEBTCONSOLIDATION,C,6000,13.11,0.22,Y,5,0
24209,25,60000,MORTGAGE,9.0,EDUCATION,D,1800,16.49,0.03,Y,4,0
24210,28,34000,RENT,6.0,PERSONAL,A,6000,5.99,0.18,N,5,1
24211,39,120000,MORTGAGE,10.0,MEDICAL,A,8000,6.62,0.07,N,11,0
24212,27,44000,OWN,11.0,MEDICAL,B,6000,10.36,0.14,N,5,0
24213,28,50000,MORTGAGE,4.0,EDUCATION,C,15000,15.96,0.3,N,7,0
24214,43,50000,RENT,35.0,DEBTCONSOLIDATION,A,9000,5.42,0.18,N,16,0
24215,30,72000,MORTGAGE,15.0,PERSONAL,A,12250,7.51,0.17,N,5,0
24216,31,100000,RENT,0.0,MEDICAL,B,20000,11.36,0.2,N,5,0
24217,25,36000,RENT,2.0,DEBTCONSOLIDATION,B,4000,10.59,0.11,N,2,0
24218,22,75000,RENT,4.0,VENTURE,B,10000,11.48,0.13,N,3,0
24219,34,120000,MORTGAGE,1.0,EDUCATION,B,15000,9.99,0.13,N,6,0
24220,23,29000,MORTGAGE,7.0,MEDICAL,B,10000,12.42,0.34,N,2,1
24221,37,65000,RENT,19.0,EDUCATION,A,12000,7.9,0.18,N,13,0
24222,22,125000,RENT,0.0,EDUCATION,B,24000,11.36,0.19,N,3,0
24223,29,84000,MORTGAGE,6.0,EDUCATION,C,7500,13.22,0.09,Y,6,0
24224,23,30000,RENT,4.0,VENTURE,B,6000,12.42,0.2,N,2,0
24225,22,56400,OWN,6.0,PERSONAL,D,4000,16.29,0.07,Y,2,0
24226,24,54996,RENT,2.0,EDUCATION,B,10800,11.86,0.2,N,2,0
24227,28,75000,RENT,4.0,VENTURE,C,12000,12.53,0.16,N,7,0
24228,23,120000,MORTGAGE,7.0,EDUCATION,A,4000,6.39,0.03,N,4,0
24229,27,66000,RENT,7.0,PERSONAL,A,12000,7.9,0.18,N,10,0
24230,23,55000,RENT,3.0,MEDICAL,A,6500,9.07,0.12,N,2,0
24231,37,70000,OWN,21.0,PERSONAL,B,8000,10.08,0.11,N,12,0
24232,24,42000,RENT,1.0,MEDICAL,B,6000,10.37,0.14,N,2,0
24233,30,76800,MORTGAGE,14.0,DEBTCONSOLIDATION,A,6400,7.49,0.08,N,6,0
24234,27,50000,MORTGAGE,12.0,DEBTCONSOLIDATION,A,6000,7.88,0.12,N,8,0
24235,33,72000,MORTGAGE,4.0,EDUCATION,A,9600,5.99,0.14,N,8,0
24236,25,86000,MORTGAGE,9.0,EDUCATION,A,8000,6.99,0.09,N,4,0
24237,29,40800,OWN,13.0,EDUCATION,B,3500,11.99,0.09,N,5,0
24238,22,75000,MORTGAGE,6.0,PERSONAL,B,6500,11.11,0.09,N,2,0
24239,27,75333,MORTGAGE,1.0,MEDICAL,B,15000,10.99,0.2,N,5,0
24240,29,54000,RENT,3.0,PERSONAL,C,13200,12.73,0.24,N,8,1
24241,22,30000,RENT,2.0,EDUCATION,A,6400,6.91,0.21,N,3,0
24242,37,58000,RENT,2.0,EDUCATION,C,12000,13.16,0.21,N,13,0
24243,24,28800,RENT,1.0,MEDICAL,E,5000,17.93,0.17,Y,2,1
24244,33,30000,OWN,3.0,HOMEIMPROVEMENT,A,4000,7.74,0.13,N,9,0
24245,26,30000,MORTGAGE,0.0,HOMEIMPROVEMENT,B,6000,10.99,0.2,N,3,0
24246,25,79000,MORTGAGE,0.0,DEBTCONSOLIDATION,A,9000,5.79,0.11,N,2,0
24247,23,85000,RENT,0.0,EDUCATION,B,12000,11.49,0.14,N,4,0
24248,32,38004,RENT,6.0,MEDICAL,B,4000,12.18,0.11,N,7,0
24249,23,60000,RENT,3.0,EDUCATION,A,9000,6.91,0.15,N,2,0
24250,29,87000,RENT,2.0,EDUCATION,B,20000,11.36,0.23,N,9,0
24251,24,50000,RENT,4.0,PERSONAL,D,8400,15.99,0.17,N,4,0
24252,25,80500,MORTGAGE,3.0,DEBTCONSOLIDATION,B,6000,9.63,0.07,N,2,0
24253,27,50000,MORTGAGE,11.0,DEBTCONSOLIDATION,A,6000,8.49,0.12,N,8,0
24254,30,125000,MORTGAGE,14.0,HOMEIMPROVEMENT,A,20000,7.88,0.16,N,8,0
24255,22,91000,MORTGAGE,1.0,DEBTCONSOLIDATION,B,10000,10.99,0.11,N,2,0
24256,28,30000,MORTGAGE,8.0,EDUCATION,A,5000,6.03,0.17,N,5,0
24257,25,43200,RENT,0.0,MEDICAL,C,4200,13.72,0.1,N,2,0
24258,32,155000,MORTGAGE,9.0,EDUCATION,B,25000,10.74,0.16,N,6,0
24259,23,150000,RENT,6.0,PERSONAL,C,6400,13.92,0.04,Y,3,1
24260,24,50000,RENT,2.0,HOMEIMPROVEMENT,C,9000,13.61,0.18,N,3,0
24261,44,80000,MORTGAGE,5.0,HOMEIMPROVEMENT,A,35000,7.9,0.44,N,12,0
24262,24,60132,RENT,7.0,PERSONAL,A,10000,9.32,0.17,N,2,0
24263,24,90000,OWN,5.0,DEBTCONSOLIDATION,D,4800,14.09,0.05,Y,3,0
24264,39,90000,MORTGAGE,7.0,VENTURE,A,10000,7.51,0.11,N,12,0
24265,31,52500,MORTGAGE,6.0,VENTURE,A,12000,7.51,0.23,N,5,0
24266,73,40000,RENT,0.0,MEDICAL,B,1800,11.36,0.04,N,21,0
24267,25,55000,MORTGAGE,10.0,HOMEIMPROVEMENT,D,8600,16.49,0.15,Y,3,0
24268,28,80000,MORTGAGE,12.0,VENTURE,A,10000,6.62,0.13,N,10,0
24269,28,43200,MORTGAGE,12.0,MEDICAL,B,7800,10.99,0.18,N,5,0
24270,41,24000,RENT,2.0,PERSONAL,B,4500,10.99,0.19,N,15,0
24271,33,50000,OWN,2.0,PERSONAL,C,12000,13.98,0.24,N,7,0
24272,22,43200,OWN,7.0,PERSONAL,A,6000,7.68,0.14,N,3,0
24273,30,90000,MORTGAGE,11.0,EDUCATION,A,10000,7.88,0.11,N,10,0
24274,32,75000,MORTGAGE,16.0,PERSONAL,A,10000,7.88,0.13,N,9,0
24275,30,48000,MORTGAGE,6.0,PERSONAL,C,6000,13.49,0.13,N,6,0
24276,28,150000,RENT,1.0,PERSONAL,A,8000,7.74,0.05,N,6,0
24277,29,72000,RENT,0.0,HOMEIMPROVEMENT,B,16000,12.18,0.22,N,9,0
24278,31,45000,RENT,2.0,MEDICAL,E,6000,17.19,0.13,Y,6,1
24279,31,120000,MORTGAGE,6.0,VENTURE,A,30000,7.74,0.25,N,10,0
24280,25,85000,MORTGAGE,2.0,EDUCATION,C,7500,11.03,0.09,Y,3,0
24281,24,50000,RENT,2.0,HOMEIMPROVEMENT,B,5000,9.99,0.1,N,4,0
24282,25,57500,RENT,1.0,PERSONAL,C,8500,12.53,0.16,N,2,0
24283,24,85000,RENT,8.0,EDUCATION,B,22000,11.58,0.26,N,4,1
24284,22,40000,RENT,3.0,DEBTCONSOLIDATION,B,2000,10.37,0.05,N,4,0
24285,25,55000,RENT,9.0,EDUCATION,B,20000,10.99,0.38,N,2,1
24286,27,69000,OTHER,11.0,HOMEIMPROVEMENT,E,16000,16.32,0.23,Y,8,0
24287,22,55000,RENT,1.0,MEDICAL,A,6500,6.99,0.12,N,3,0
24288,34,70000,MORTGAGE,4.0,MEDICAL,C,3500,15.96,0.05,Y,5,0
24289,22,60000,RENT,5.0,DEBTCONSOLIDATION,B,9600,9.91,0.16,N,4,0
24290,22,46000,RENT,7.0,EDUCATION,D,9000,15.05,0.2,N,2,1
24291,24,34000,RENT,3.0,MEDICAL,A,6000,7.9,0.18,N,2,0
24292,24,34000,MORTGAGE,6.0,DEBTCONSOLIDATION,D,2500,15.62,0.07,Y,3,1
24293,34,52700,MORTGAGE,3.0,HOMEIMPROVEMENT,B,14750,10.37,0.28,N,9,0
24294,27,90000,MORTGAGE,11.0,DEBTCONSOLIDATION,B,15000,11.11,0.17,N,6,0
24295,32,130000,MORTGAGE,10.0,PERSONAL,C,12000,13.57,0.09,Y,10,0
24296,25,65000,MORTGAGE,9.0,MEDICAL,A,10000,6.03,0.15,N,2,0
24297,28,35000,RENT,0.0,PERSONAL,B,4000,10.65,0.11,N,10,0
24298,29,50000,RENT,3.0,HOMEIMPROVEMENT,B,12000,9.25,0.24,N,8,0
24299,22,30000,MORTGAGE,5.0,MEDICAL,A,7200,8.9,0.24,N,4,0
24300,22,45000,RENT,7.0,EDUCATION,B,5000,10.65,0.11,N,3,0
24301,24,175000,RENT,3.0,MEDICAL,B,15000,11.58,0.09,N,2,0
24302,23,80000,MORTGAGE,0.0,EDUCATION,C,15000,13.57,0.19,Y,3,0
24303,23,70000,MORTGAGE,5.0,VENTURE,A,10000,8.59,0.14,N,3,0
24304,32,53000,MORTGAGE,16.0,DEBTCONSOLIDATION,A,12000,6.17,0.23,N,10,0
24305,23,140000,MORTGAGE,2.0,PERSONAL,B,20000,12.21,0.14,N,2,0
24306,25,75000,MORTGAGE,7.0,MEDICAL,B,6000,11.49,0.08,N,3,0
24307,21,21200,RENT,0.0,EDUCATION,A,6000,9.32,0.28,N,4,0
24308,24,74909,MORTGAGE,8.0,MEDICAL,B,14000,9.99,0.16,N,4,1
24309,25,58000,RENT,4.0,MEDICAL,C,4000,13.99,0.07,N,2,0
24310,31,69000,RENT,6.0,HOMEIMPROVEMENT,A,16000,7.9,0.24,N,10,0
24311,24,38500,RENT,1.0,DEBTCONSOLIDATION,B,3000,11.83,0.08,N,2,1
24312,24,80000,MORTGAGE,8.0,EDUCATION,A,4000,6.62,0.05,N,2,0
24313,37,84000,RENT,11.0,HOMEIMPROVEMENT,B,3500,12.69,0.04,N,13,0
24314,22,75000,MORTGAGE,6.0,EDUCATION,C,10750,13.47,0.14,Y,2,0
24315,35,78000,RENT,2.0,DEBTCONSOLIDATION,C,3000,12.73,0.04,N,8,0
24316,23,36000,RENT,1.0,DEBTCONSOLIDATION,C,8000,14.35,0.22,N,4,0
24317,28,60000,RENT,2.0,MEDICAL,B,7000,10.59,0.12,N,10,0
24318,29,90000,MORTGAGE,5.0,VENTURE,A,6000,7.88,0.07,N,5,0
24319,23,85296,MORTGAGE,7.0,EDUCATION,A,7200,5.99,0.08,N,3,0
24320,40,150000,MORTGAGE,4.0,MEDICAL,B,5200,12.69,0.03,N,11,0
24321,27,82500,MORTGAGE,2.0,VENTURE,D,11000,15.65,0.13,N,9,0
24322,30,43000,MORTGAGE,5.0,DEBTCONSOLIDATION,A,10625,7.29,0.24,N,7,0
24323,24,90000,RENT,8.0,DEBTCONSOLIDATION,B,14000,11.49,0.16,N,4,0
24324,38,65000,RENT,3.0,EDUCATION,C,5000,13.47,0.08,Y,13,0
24325,32,397800,MORTGAGE,16.0,DEBTCONSOLIDATION,C,14000,12.99,0.36,N,8,0
24326,23,70000,MORTGAGE,7.0,VENTURE,B,3500,10.0,0.05,N,2,0
24327,30,54000,MORTGAGE,14.0,HOMEIMPROVEMENT,B,9500,11.58,0.18,N,6,0
24328,27,52500,MORTGAGE,0.0,EDUCATION,C,5000,15.79,0.1,N,7,0
24329,27,75000,MORTGAGE,7.0,VENTURE,C,3500,14.27,0.05,N,6,0
24330,22,48504,RENT,3.0,MEDICAL,C,15000,13.48,0.33,N,4,1
24331,27,38000,MORTGAGE,0.0,PERSONAL,A,6000,7.68,0.16,N,6,0
24332,39,32000,MORTGAGE,13.0,PERSONAL,A,6000,5.42,0.19,N,15,0
24333,23,88000,RENT,1.0,HOMEIMPROVEMENT,F,24000,17.26,0.28,N,3,1
24334,23,35000,RENT,0.0,MEDICAL,A,4800,7.88,0.14,N,2,0
24335,70,14400,RENT,0.0,MEDICAL,B,2000,10.65,0.14,N,21,0
24336,23,60000,MORTGAGE,6.0,VENTURE,C,7000,12.99,0.12,Y,3,0
24337,25,53000,RENT,3.0,VENTURE,C,6000,13.79,0.11,Y,2,0
24338,23,60000,RENT,3.0,PERSONAL,A,10000,6.91,0.17,N,4,0
24339,25,72000,RENT,3.0,MEDICAL,B,9700,9.63,0.14,N,4,0
24340,22,65700,MORTGAGE,3.0,EDUCATION,C,6800,12.84,0.1,N,4,0
24341,21,100000,MORTGAGE,5.0,EDUCATION,A,8000,7.51,0.08,N,4,0
24342,25,80000,MORTGAGE,9.0,DEBTCONSOLIDATION,A,10000,7.88,0.12,N,4,0
24343,37,48000,RENT,4.0,VENTURE,C,8000,12.68,0.17,N,14,0
24344,23,74000,MORTGAGE,1.0,HOMEIMPROVEMENT,A,6000,7.49,0.08,N,4,1
24345,24,50000,RENT,3.0,MEDICAL,A,5000,6.92,0.1,N,2,0
24346,27,60000,MORTGAGE,9.0,DEBTCONSOLIDATION,C,2500,14.65,0.04,Y,5,0
24347,29,68000,MORTGAGE,13.0,HOMEIMPROVEMENT,A,20000,6.54,0.29,N,6,0
24348,22,42000,MORTGAGE,7.0,VENTURE,A,5000,6.62,0.12,N,3,0
24349,25,120000,MORTGAGE,9.0,HOMEIMPROVEMENT,A,10000,6.92,0.08,N,2,0
24350,46,65000,MORTGAGE,5.0,MEDICAL,B,8000,10.99,0.12,N,17,0
24351,24,140000,MORTGAGE,7.0,EDUCATION,B,25000,10.62,0.18,N,2,0
24352,26,65000,MORTGAGE,2.0,VENTURE,A,5000,7.88,0.08,N,4,0
24353,28,36000,MORTGAGE,8.0,EDUCATION,E,10000,16.7,0.28,N,6,1
24354,29,60000,MORTGAGE,5.0,EDUCATION,A,18000,7.88,0.3,N,7,0
24355,27,84906,OWN,11.0,VENTURE,A,4000,6.39,0.05,N,6,0
24356,32,59363,RENT,2.0,MEDICAL,C,6000,12.68,0.1,Y,6,0
24357,23,50000,RENT,2.0,PERSONAL,B,7000,10.71,0.14,N,4,0
24358,33,52809,RENT,2.0,DEBTCONSOLIDATION,B,13000,11.49,0.25,N,7,0
24359,32,75000,RENT,6.0,HOMEIMPROVEMENT,A,15000,6.17,0.2,N,6,0
24360,23,90000,RENT,7.0,DEBTCONSOLIDATION,B,25000,12.69,0.28,N,2,0
24361,22,60000,MORTGAGE,2.0,MEDICAL,A,12000,7.49,0.2,N,3,0
24362,22,38000,RENT,2.0,DEBTCONSOLIDATION,B,3000,11.48,0.08,N,3,0
24363,23,47700,RENT,0.0,PERSONAL,B,10000,10.0,0.21,N,2,0
24364,25,19200,RENT,2.0,HOMEIMPROVEMENT,C,3500,14.17,0.18,Y,3,1
24365,27,20000,OWN,4.0,VENTURE,B,5000,9.99,0.25,N,9,0
24366,29,36000,RENT,5.0,MEDICAL,B,4000,12.42,0.11,N,9,0
24367,29,108000,RENT,1.0,VENTURE,D,5000,15.65,0.05,N,7,1
24368,41,48996,RENT,5.0,MEDICAL,A,12000,7.29,0.24,N,17,0
24369,24,60000,MORTGAGE,8.0,EDUCATION,B,4000,11.49,0.07,N,2,0
24370,24,54000,RENT,5.0,DEBTCONSOLIDATION,D,1500,14.84,0.03,Y,4,1
24371,23,85000,RENT,3.0,MEDICAL,A,8000,9.32,0.09,N,2,0
24372,24,30000,MORTGAGE,0.0,VENTURE,B,4000,10.37,0.13,N,4,0
24373,28,50000,RENT,3.0,DEBTCONSOLIDATION,B,4000,11.71,0.08,N,10,0
24374,32,80000,RENT,7.0,MEDICAL,A,12000,7.49,0.15,N,6,0
24375,22,87000,MORTGAGE,2.0,EDUCATION,B,15000,10.25,0.17,N,4,0
24376,23,55000,RENT,5.0,MEDICAL,A,5400,8.9,0.1,N,3,0
24377,35,42000,MORTGAGE,2.0,PERSONAL,D,2000,15.62,0.05,Y,8,1
24378,24,135000,MORTGAGE,2.0,PERSONAL,B,6000,11.36,0.04,N,4,0
24379,23,100000,MORTGAGE,4.0,VENTURE,B,10000,10.65,0.1,N,4,0
24380,26,80730,MORTGAGE,7.0,HOMEIMPROVEMENT,A,9600,7.66,0.12,N,2,0
24381,36,80000,MORTGAGE,0.0,PERSONAL,C,23500,14.35,0.3,N,15,0
24382,22,71000,MORTGAGE,6.0,EDUCATION,A,5300,7.88,0.07,N,2,0
24383,24,35000,OWN,6.0,HOMEIMPROVEMENT,A,10400,7.51,0.3,N,4,0
24384,28,60000,MORTGAGE,1.0,HOMEIMPROVEMENT,B,15000,9.88,0.25,N,7,0
24385,23,60000,MORTGAGE,7.0,EDUCATION,B,4900,11.36,0.08,N,3,0
24386,22,45000,RENT,6.0,PERSONAL,B,5000,11.49,0.11,N,2,0
24387,23,65000,RENT,1.0,EDUCATION,A,8000,6.91,0.12,N,2,0
24388,24,43200,MORTGAGE,8.0,PERSONAL,D,10000,16.77,0.23,Y,2,0
24389,38,60000,OWN,2.0,PERSONAL,A,5000,7.51,0.08,N,14,0
24390,30,75000,RENT,4.0,HOMEIMPROVEMENT,B,11650,11.99,0.16,N,8,0
24391,22,30000,RENT,6.0,EDUCATION,B,3000,10.99,0.1,N,4,0
24392,23,59000,RENT,3.0,VENTURE,C,10000,14.65,0.17,N,3,1
24393,24,120000,RENT,1.0,DEBTCONSOLIDATION,C,9200,14.79,0.08,N,2,0
24394,25,78000,MORTGAGE,9.0,MEDICAL,B,8000,10.62,0.1,N,3,0
24395,33,94500,MORTGAGE,10.0,HOMEIMPROVEMENT,A,14400,5.42,0.16,N,9,0
24396,21,24000,OWN,0.0,PERSONAL,B,2400,11.71,0.1,N,3,0
24397,21,40000,RENT,5.0,MEDICAL,B,5000,10.37,0.13,N,3,0
24398,25,74000,MORTGAGE,2.0,HOMEIMPROVEMENT,D,10000,14.11,0.14,Y,2,1
24399,37,51000,RENT,6.0,MEDICAL,C,16000,13.98,0.31,Y,14,1
24400,28,100000,MORTGAGE,4.0,MEDICAL,A,10000,7.49,0.1,N,8,0
24401,23,50000,RENT,7.0,EDUCATION,B,3000,11.49,0.06,N,2,0
24402,30,100000,MORTGAGE,6.0,HOMEIMPROVEMENT,A,7000,8.9,0.07,N,8,0
24403,27,100000,MORTGAGE,3.0,PERSONAL,B,18000,9.88,0.18,N,9,0
24404,23,120000,MORTGAGE,7.0,VENTURE,C,25000,14.22,0.21,N,4,0
24405,24,60000,MORTGAGE,3.0,MEDICAL,B,12000,9.62,0.2,N,2,0
24406,25,35000,RENT,2.0,PERSONAL,D,16000,14.59,0.45,Y,2,1
24407,22,40000,RENT,6.0,EDUCATION,A,9000,7.49,0.23,N,4,0
24408,27,30000,RENT,3.0,DEBTCONSOLIDATION,B,14000,12.69,0.48,N,8,1
24409,23,36000,RENT,4.0,EDUCATION,A,15000,6.99,0.42,N,4,1
24410,22,44000,RENT,7.0,DEBTCONSOLIDATION,A,10000,6.92,0.23,N,3,0
24411,31,80000,MORTGAGE,6.0,PERSONAL,A,7000,6.54,0.09,N,5,0
24412,27,34000,RENT,2.0,HOMEIMPROVEMENT,A,12000,7.88,0.36,N,10,1
24413,27,36000,RENT,3.0,EDUCATION,D,5000,14.61,0.14,N,5,0
24414,48,29004,RENT,2.0,HOMEIMPROVEMENT,D,6000,15.62,0.21,Y,12,1
24415,23,50000,RENT,4.0,VENTURE,D,10000,14.42,0.2,Y,4,0
24416,29,36000,RENT,2.0,DEBTCONSOLIDATION,B,12000,11.14,0.33,N,7,1
24417,23,78132,MORTGAGE,6.0,DEBTCONSOLIDATION,D,8000,14.42,0.1,Y,4,1
24418,22,40000,OWN,0.0,VENTURE,B,10000,12.53,0.25,N,4,0
24419,29,65000,MORTGAGE,6.0,PERSONAL,A,6000,7.75,0.09,N,8,0
24420,21,62400,RENT,0.0,EDUCATION,D,4000,14.61,0.06,Y,4,1
24421,24,80000,MORTGAGE,8.0,PERSONAL,B,2500,10.74,0.03,N,4,0
24422,22,32000,MORTGAGE,0.0,VENTURE,A,13000,5.99,0.44,N,4,0
24423,24,58000,RENT,1.0,VENTURE,C,1600,12.98,0.03,Y,4,0
24424,27,100300,MORTGAGE,0.0,MEDICAL,D,25000,15.62,0.21,N,7,1
24425,41,68000,OWN,13.0,EDUCATION,B,12000,12.69,0.18,N,11,0
24426,24,25500,RENT,3.0,VENTURE,C,3500,12.84,0.14,N,2,0
24427,32,109200,MORTGAGE,10.0,MEDICAL,A,2300,7.9,0.02,N,7,0
24428,22,48000,RENT,1.0,PERSONAL,B,16750,11.99,0.35,N,4,1
24429,24,95000,MORTGAGE,8.0,HOMEIMPROVEMENT,A,10000,7.51,0.11,N,2,0
24430,27,60000,MORTGAGE,6.0,PERSONAL,B,10000,9.88,0.17,N,6,0
24431,22,36000,RENT,2.0,EDUCATION,A,4000,7.49,0.11,N,2,0
24432,22,44000,RENT,2.0,MEDICAL,D,3000,15.05,0.07,N,4,1
24433,30,45000,RENT,1.0,MEDICAL,B,1500,11.36,0.03,N,7,0
24434,25,84000,MORTGAGE,9.0,DEBTCONSOLIDATION,B,15000,12.18,0.18,N,2,0
24435,24,77500,RENT,0.0,VENTURE,B,16000,10.99,0.21,N,2,0
24436,22,41160,RENT,1.0,MEDICAL,C,4000,13.98,0.1,Y,4,0
24437,39,50000,MORTGAGE,4.0,PERSONAL,B,12000,11.58,0.24,N,15,0
24438,24,80000,MORTGAGE,2.0,DEBTCONSOLIDATION,A,10800,7.51,0.14,N,2,0
24439,21,29004,RENT,5.0,DEBTCONSOLIDATION,B,6000,11.26,0.21,N,2,0
24440,30,35004,RENT,0.0,MEDICAL,C,10000,12.53,0.28,N,7,0
24441,26,25000,MORTGAGE,5.0,MEDICAL,B,10000,10.65,0.4,N,3,0
24442,36,60000,MORTGAGE,2.0,DEBTCONSOLIDATION,A,10000,6.91,0.17,N,15,0
24443,22,36000,RENT,0.0,PERSONAL,B,5000,11.89,0.14,N,2,0
24444,34,30500,RENT,1.0,EDUCATION,B,7200,9.62,0.23,N,5,0
24445,31,85000,MORTGAGE,5.0,PERSONAL,B,4500,10.99,0.05,N,8,0
24446,33,105000,MORTGAGE,13.0,HOMEIMPROVEMENT,B,12000,11.36,0.11,N,7,0
24447,32,72000,RENT,3.0,MEDICAL,A,10000,8.49,0.14,N,7,0
24448,37,29000,RENT,1.0,EDUCATION,A,11000,8.59,0.36,N,13,1
24449,29,125000,MORTGAGE,5.0,MEDICAL,A,10000,7.51,0.08,N,7,0
24450,24,29000,RENT,6.0,PERSONAL,C,10200,12.53,0.34,N,3,1
24451,29,48000,RENT,5.0,DEBTCONSOLIDATION,C,10000,14.26,0.21,Y,10,0
24452,31,80000,MORTGAGE,9.0,VENTURE,C,16000,12.73,0.2,Y,9,0
24453,25,71000,MORTGAGE,7.0,DEBTCONSOLIDATION,B,5300,11.49,0.07,N,4,0
24454,28,50000,RENT,2.0,PERSONAL,B,7500,12.18,0.15,N,10,0
24455,29,70000,MORTGAGE,13.0,EDUCATION,A,4000,5.42,0.06,N,5,0
24456,25,102000,RENT,3.0,EDUCATION,A,9200,8.94,0.09,N,3,0
24457,32,39000,RENT,4.0,DEBTCONSOLIDATION,D,2400,15.58,0.06,Y,9,1
24458,22,60000,MORTGAGE,3.0,DEBTCONSOLIDATION,A,8000,7.29,0.13,N,4,0
24459,27,57240,OWN,2.0,EDUCATION,B,15000,10.99,0.26,N,5,0
24460,31,60000,MORTGAGE,2.0,EDUCATION,A,8000,7.66,0.13,N,6,0
24461,32,88000,MORTGAGE,2.0,PERSONAL,A,15600,6.17,0.18,N,10,0
24462,32,180000,RENT,4.0,EDUCATION,B,20000,11.48,0.11,N,5,0
24463,23,31000,RENT,7.0,EDUCATION,A,10000,8.49,0.32,N,3,1
24464,24,70000,MORTGAGE,8.0,EDUCATION,B,15000,11.49,0.21,N,4,0
24465,23,75000,MORTGAGE,3.0,VENTURE,B,16100,11.49,0.21,N,4,0
24466,23,95000,RENT,1.0,MEDICAL,A,7500,8.63,0.08,N,4,0
24467,37,90000,RENT,5.0,EDUCATION,A,7200,8.9,0.08,N,14,0
24468,32,43000,RENT,3.0,EDUCATION,C,8000,13.35,0.19,Y,7,0
24469,27,80000,RENT,5.0,MEDICAL,B,22000,10.59,0.28,N,7,0
24470,24,110000,RENT,4.0,MEDICAL,B,9000,10.99,0.08,N,4,0
24471,25,76654,RENT,8.0,HOMEIMPROVEMENT,B,21000,9.88,0.28,N,3,1
24472,24,40000,RENT,4.0,MEDICAL,A,3500,7.9,0.09,N,3,0
24473,26,50800,RENT,7.0,MEDICAL,E,18000,16.0,0.35,Y,3,1
24474,24,42000,RENT,4.0,MEDICAL,A,3000,8.9,0.07,N,4,0
24475,22,40000,MORTGAGE,6.0,VENTURE,B,15000,12.18,0.38,N,3,0
24476,32,80000,MORTGAGE,9.0,PERSONAL,C,9000,12.99,0.11,N,9,0
24477,26,64000,RENT,8.0,DEBTCONSOLIDATION,D,9000,16.02,0.14,N,2,1
24478,22,48000,MORTGAGE,2.0,EDUCATION,B,5000,12.18,0.1,N,3,0
24479,22,60000,RENT,1.0,EDUCATION,B,25000,10.99,0.42,N,3,1
24480,22,57000,RENT,3.0,VENTURE,B,7500,10.25,0.13,N,2,0
24481,29,120000,MORTGAGE,10.0,PERSONAL,A,10000,7.14,0.08,N,8,0
24482,28,153000,MORTGAGE,1.0,DEBTCONSOLIDATION,B,23100,11.48,0.15,N,9,1
24483,39,92200,RENT,7.0,VENTURE,E,16000,16.35,0.17,N,13,0
24484,23,30000,MORTGAGE,3.0,PERSONAL,A,4800,7.49,0.16,N,3,0
24485,22,75000,RENT,0.0,EDUCATION,A,11100,8.94,0.15,N,4,0
24486,22,30252,OWN,4.0,HOMEIMPROVEMENT,C,10000,15.23,0.33,N,4,1
24487,39,90000,MORTGAGE,2.0,PERSONAL,A,12000,7.49,0.13,N,15,0
24488,31,39996,RENT,4.0,DEBTCONSOLIDATION,D,2400,17.27,0.06,N,6,1
24489,25,120000,MORTGAGE,5.0,HOMEIMPROVEMENT,B,20000,11.14,0.17,N,3,0
24490,21,37008,RENT,0.0,DEBTCONSOLIDATION,B,3000,11.48,0.08,N,4,0
24491,33,83200,RENT,18.0,HOMEIMPROVEMENT,D,13000,15.7,0.16,Y,10,0
24492,24,34000,MORTGAGE,1.0,VENTURE,A,12250,5.79,0.35,N,2,0
24493,28,48000,MORTGAGE,4.0,HOMEIMPROVEMENT,C,15000,13.98,0.31,Y,8,0
24494,23,50000,RENT,5.0,PERSONAL,D,10000,17.58,0.2,Y,3,0
24495,28,60000,RENT,12.0,DEBTCONSOLIDATION,A,20000,6.54,0.33,N,8,1
24496,25,52000,RENT,1.0,HOMEIMPROVEMENT,B,7000,11.99,0.13,N,4,1
24497,22,54000,RENT,5.0,PERSONAL,D,16000,16.49,0.3,Y,4,1
24498,29,96000,MORTGAGE,4.0,PERSONAL,B,12000,11.49,0.13,N,9,0
24499,22,83800,RENT,2.0,DEBTCONSOLIDATION,D,25000,15.95,0.3,Y,4,1
24500,23,30000,RENT,4.0,EDUCATION,C,3000,13.98,0.1,Y,2,0
24501,22,65000,RENT,1.0,EDUCATION,A,7000,7.88,0.11,N,4,0
24502,22,51500,RENT,1.0,VENTURE,A,4000,7.9,0.08,N,2,0
24503,51,35000,MORTGAGE,4.0,PERSONAL,B,8000,10.99,0.23,N,22,0
24504,36,24000,RENT,2.0,MEDICAL,B,4000,11.49,0.17,N,13,0
24505,22,61000,MORTGAGE,6.0,MEDICAL,A,7200,7.9,0.11,N,2,0
24506,23,120000,OWN,7.0,EDUCATION,B,8000,10.99,0.07,N,2,0
24507,26,80171,MORTGAGE,3.0,VENTURE,C,16500,14.72,0.2,N,4,0
24508,23,86000,MORTGAGE,4.0,EDUCATION,A,15000,8.49,0.17,N,2,0
24509,25,42000,MORTGAGE,2.0,EDUCATION,A,10000,6.62,0.24,N,2,0
24510,24,102000,MORTGAGE,8.0,PERSONAL,B,12250,9.99,0.12,N,2,0
24511,28,36000,RENT,12.0,VENTURE,B,6000,11.11,0.17,N,7,0
24512,22,24000,RENT,6.0,EDUCATION,D,8000,14.74,0.33,N,2,1
24513,21,34404,RENT,2.0,DEBTCONSOLIDATION,D,4000,15.33,0.12,Y,4,1
24514,26,46180,MORTGAGE,1.0,PERSONAL,B,2500,10.99,0.06,N,3,0
24515,31,36000,RENT,14.0,PERSONAL,C,5000,12.68,0.14,Y,7,0
24516,29,84996,MORTGAGE,13.0,MEDICAL,A,6000,6.99,0.07,N,5,0
24517,24,54996,RENT,6.0,MEDICAL,C,15000,14.35,0.28,N,2,0
24518,30,87000,MORTGAGE,1.0,HOMEIMPROVEMENT,A,14000,9.32,0.16,N,9,0
24519,23,60000,RENT,7.0,PERSONAL,A,5500,7.49,0.09,N,4,0
24520,41,65707,MORTGAGE,20.0,MEDICAL,E,8500,16.35,0.12,N,11,1
24521,27,45000,RENT,2.0,HOMEIMPROVEMENT,D,8000,16.32,0.18,N,9,1
24522,27,60000,RENT,6.0,MEDICAL,A,12000,6.03,0.2,N,7,0
24523,26,65000,RENT,0.0,HOMEIMPROVEMENT,A,7000,8.59,0.11,N,4,0
24524,31,38896,RENT,12.0,EDUCATION,B,8125,10.59,0.21,N,6,0
24525,36,60000,MORTGAGE,3.0,DEBTCONSOLIDATION,B,7000,11.49,0.12,N,14,0
24526,23,92000,MORTGAGE,7.0,EDUCATION,A,12000,7.66,0.13,N,3,0
24527,23,65000,MORTGAGE,7.0,MEDICAL,A,8000,8.49,0.12,N,3,0
24528,29,45000,RENT,0.0,PERSONAL,A,15000,7.9,0.33,N,6,1
24529,24,32000,RENT,1.0,MEDICAL,B,9000,11.11,0.28,N,2,1
24530,32,25000,MORTGAGE,1.0,HOMEIMPROVEMENT,B,4000,10.65,0.16,N,7,0
24531,24,70000,MORTGAGE,3.0,VENTURE,B,12000,10.74,0.17,N,3,0
24532,22,70000,MORTGAGE,5.0,DEBTCONSOLIDATION,A,6000,9.32,0.09,N,3,0
24533,32,26400,MORTGAGE,12.0,DEBTCONSOLIDATION,D,3000,16.29,0.11,N,7,1
24534,23,33504,RENT,7.0,PERSONAL,A,4000,6.99,0.12,N,2,1
24535,22,75000,RENT,2.0,EDUCATION,C,6000,13.47,0.08,N,4,0
24536,24,70000,MORTGAGE,8.0,DEBTCONSOLIDATION,B,25000,11.86,0.36,N,2,0
24537,24,50000,MORTGAGE,8.0,DEBTCONSOLIDATION,A,6000,6.99,0.12,N,2,0
24538,22,56004,MORTGAGE,2.0,DEBTCONSOLIDATION,B,10000,11.36,0.18,N,4,0
24539,22,140000,MORTGAGE,6.0,MEDICAL,C,15000,12.61,0.11,Y,3,0
24540,37,60000,RENT,13.0,MEDICAL,B,1800,11.26,0.03,N,12,0
24541,25,69996,RENT,9.0,DEBTCONSOLIDATION,B,6000,9.91,0.09,N,3,0
24542,28,80500,RENT,3.0,VENTURE,C,12000,12.53,0.15,Y,5,0
24543,29,30000,RENT,3.0,PERSONAL,C,5000,13.72,0.17,Y,10,0
24544,33,42000,RENT,5.0,EDUCATION,C,8000,14.27,0.19,N,6,0
24545,25,75000,RENT,7.0,EDUCATION,B,6375,9.62,0.09,N,3,0
24546,24,45000,RENT,0.0,VENTURE,B,12000,10.38,0.27,N,2,0
24547,36,33000,RENT,1.0,MEDICAL,B,6000,9.25,0.18,N,13,0
24548,29,40000,RENT,6.0,MEDICAL,B,12000,9.99,0.3,N,7,0
24549,23,120000,RENT,1.0,EDUCATION,B,25000,11.71,0.21,N,3,0
24550,23,51996,MORTGAGE,3.0,MEDICAL,D,8000,15.58,0.15,N,3,1
24551,22,100000,RENT,2.0,DEBTCONSOLIDATION,C,8000,14.35,0.08,N,3,0
24552,21,40000,RENT,3.0,DEBTCONSOLIDATION,B,10000,11.71,0.25,N,2,0
24553,37,150000,MORTGAGE,15.0,HOMEIMPROVEMENT,B,7200,11.14,0.05,N,11,0
24554,37,55488,RENT,4.0,MEDICAL,D,4500,15.21,0.08,N,15,1
24555,27,201000,MORTGAGE,4.0,DEBTCONSOLIDATION,A,12000,7.29,0.06,N,5,0
24556,36,65000,RENT,4.0,DEBTCONSOLIDATION,B,3000,10.36,0.05,N,13,0
24557,23,85000,RENT,0.0,EDUCATION,B,8000,11.71,0.09,N,4,0
24558,24,85000,MORTGAGE,2.0,HOMEIMPROVEMENT,A,4800,7.29,0.06,N,2,0
24559,27,30000,RENT,2.0,DEBTCONSOLIDATION,B,10000,11.49,0.33,N,5,1
24560,26,60000,RENT,6.0,VENTURE,B,10000,9.88,0.17,N,3,0
24561,41,52000,MORTGAGE,0.0,PERSONAL,A,2500,8.94,0.05,N,15,0
24562,25,77000,RENT,2.0,EDUCATION,B,22000,11.36,0.32,N,4,1
24563,23,80000,MORTGAGE,4.0,PERSONAL,F,10000,18.43,0.13,N,2,0
24564,23,75000,RENT,1.0,PERSONAL,C,10000,13.57,0.13,Y,3,0
24565,27,88000,RENT,4.0,VENTURE,C,10000,12.87,0.11,Y,6,0
24566,23,187000,OWN,5.0,PERSONAL,A,10000,8.9,0.05,N,4,0
24567,29,70000,RENT,0.0,DEBTCONSOLIDATION,B,6000,12.42,0.09,N,6,0
24568,32,33000,RENT,16.0,MEDICAL,C,8500,13.11,0.25,Y,6,0
24569,25,100000,MORTGAGE,9.0,PERSONAL,A,8000,5.79,0.08,N,4,0
24570,24,74000,RENT,6.0,EDUCATION,C,6500,13.99,0.09,Y,3,0
24571,29,72000,MORTGAGE,11.0,VENTURE,A,10000,7.9,0.14,N,9,0
24572,23,30000,MORTGAGE,4.0,MEDICAL,C,10000,14.22,0.33,Y,2,0
24573,36,100000,MORTGAGE,0.0,MEDICAL,A,12000,7.14,0.12,N,17,0
24574,40,200000,MORTGAGE,2.0,DEBTCONSOLIDATION,A,10000,7.9,0.05,N,14,0
24575,26,49200,OWN,8.0,PERSONAL,C,6000,13.49,0.12,Y,3,0
24576,27,30000,RENT,3.0,MEDICAL,A,6000,7.49,0.2,N,10,0
24577,26,62467,RENT,1.0,VENTURE,B,5500,10.36,0.09,N,3,0
24578,31,110000,MORTGAGE,6.0,MEDICAL,B,5000,9.99,0.05,N,10,0
24579,24,60000,MORTGAGE,7.0,MEDICAL,A,6500,7.49,0.11,N,3,0
24580,25,37000,RENT,3.0,PERSONAL,B,16000,11.11,0.46,N,2,1
24581,25,24000,RENT,2.0,MEDICAL,C,9000,13.79,0.4,N,2,1
24582,24,30000,OWN,2.0,PERSONAL,A,6000,8.59,0.2,N,3,0
24583,24,65000,MORTGAGE,2.0,EDUCATION,B,4800,12.69,0.07,N,4,0
24584,25,165500,RENT,1.0,MEDICAL,B,20000,11.11,0.12,N,3,0
24585,27,50000,RENT,0.0,MEDICAL,B,3600,11.71,0.07,N,10,0
24586,46,77604,RENT,1.0,EDUCATION,C,6500,12.87,0.08,Y,16,0
24587,23,85000,MORTGAGE,7.0,DEBTCONSOLIDATION,B,18000,11.71,0.21,N,3,0
24588,40,40000,MORTGAGE,4.0,MEDICAL,A,10000,5.99,0.25,N,16,0
24589,27,24000,MORTGAGE,0.0,HOMEIMPROVEMENT,A,6000,6.54,0.25,N,7,1
24590,24,55000,MORTGAGE,1.0,MEDICAL,B,4750,11.99,0.08,N,2,0
24591,29,65000,MORTGAGE,3.0,DEBTCONSOLIDATION,B,8000,10.99,0.12,N,8,0
24592,28,65000,MORTGAGE,12.0,HOMEIMPROVEMENT,B,13000,10.99,0.2,N,7,0
24593,30,32000,RENT,0.0,VENTURE,B,4800,10.59,0.15,N,10,0
24594,27,24000,RENT,0.0,MEDICAL,B,1800,11.86,0.07,N,6,0
24595,22,45000,MORTGAGE,2.0,EDUCATION,A,10000,7.14,0.22,N,2,0
24596,23,28800,RENT,3.0,EDUCATION,A,5000,7.51,0.17,N,2,0
24597,33,90000,RENT,0.0,PERSONAL,B,5600,11.99,0.06,N,6,0
24598,31,56000,MORTGAGE,4.0,EDUCATION,C,10000,12.29,0.18,N,5,0
24599,24,33000,RENT,0.0,HOMEIMPROVEMENT,B,7500,10.39,0.23,N,2,1
24600,30,51996,RENT,5.0,DEBTCONSOLIDATION,C,4600,13.99,0.09,Y,10,0
24601,30,100000,RENT,13.0,MEDICAL,B,12000,9.99,0.12,N,10,0
24602,33,78000,MORTGAGE,8.0,VENTURE,A,5000,7.14,0.06,N,10,0
24603,22,32400,RENT,0.0,MEDICAL,C,1200,13.85,0.04,Y,3,0
24604,23,60000,RENT,2.0,PERSONAL,B,8000,10.59,0.13,N,2,0
24605,29,106000,MORTGAGE,13.0,PERSONAL,C,10000,14.27,0.09,N,10,0
24606,25,90000,MORTGAGE,0.0,EDUCATION,B,15000,10.39,0.17,N,3,0
24607,22,50000,MORTGAGE,3.0,PERSONAL,B,10000,10.99,0.2,N,4,0
24608,28,31200,RENT,2.0,DEBTCONSOLIDATION,B,10000,10.38,0.32,N,8,1
24609,30,60000,RENT,5.0,HOMEIMPROVEMENT,B,10000,9.25,0.17,N,6,0
24610,24,24000,RENT,1.0,PERSONAL,C,10000,13.85,0.42,N,4,1
24611,27,59004,RENT,4.0,HOMEIMPROVEMENT,D,20000,14.84,0.34,Y,10,1
24612,35,60000,MORTGAGE,8.0,VENTURE,A,3600,8.49,0.06,N,9,0
24613,52,30000,RENT,0.0,DEBTCONSOLIDATION,A,10625,6.99,0.35,N,28,1
24614,22,48000,MORTGAGE,6.0,DEBTCONSOLIDATION,B,17000,9.99,0.35,N,3,0
24615,41,130000,OWN,4.0,VENTURE,C,25000,13.22,0.19,N,13,0
24616,40,53000,RENT,7.0,PERSONAL,D,12000,16.77,0.23,N,16,0
24617,21,31000,RENT,2.0,PERSONAL,B,5000,10.99,0.16,N,4,1
24618,27,38400,MORTGAGE,8.0,DEBTCONSOLIDATION,B,13000,10.99,0.33,N,8,0
24619,27,60000,MORTGAGE,10.0,DEBTCONSOLIDATION,E,8000,16.45,0.13,N,6,1
24620,23,75000,RENT,2.0,VENTURE,A,7500,9.32,0.1,N,4,0
24621,22,48000,RENT,3.0,DEBTCONSOLIDATION,B,8000,10.59,0.17,N,2,0
24622,27,50000,RENT,11.0,EDUCATION,A,8000,6.03,0.16,N,5,0
24623,22,66000,MORTGAGE,6.0,EDUCATION,A,6000,7.49,0.09,N,3,0
24624,24,62000,MORTGAGE,5.0,VENTURE,A,2000,8.49,0.03,N,4,0
24625,23,70000,MORTGAGE,0.0,EDUCATION,B,6000,12.21,0.09,N,2,0
24626,26,38400,MORTGAGE,5.0,MEDICAL,A,10000,7.9,0.26,N,2,0
24627,21,62000,RENT,0.0,DEBTCONSOLIDATION,B,3000,8.7,0.05,N,4,0
24628,28,55000,MORTGAGE,3.0,MEDICAL,A,4200,5.79,0.08,N,9,0
24629,29,54000,OWN,1.0,MEDICAL,A,12000,6.03,0.22,N,6,0
24630,26,100000,MORTGAGE,0.0,VENTURE,A,12000,8.94,0.12,N,4,0
24631,25,85000,MORTGAGE,3.0,EDUCATION,D,3500,14.61,0.04,N,3,0
24632,27,60000,MORTGAGE,9.0,DEBTCONSOLIDATION,B,16500,10.38,0.28,N,7,0
24633,21,40000,RENT,3.0,MEDICAL,B,5000,11.71,0.13,N,4,0
24634,21,40000,RENT,2.0,MEDICAL,C,6000,13.48,0.15,N,2,0
24635,31,40000,MORTGAGE,3.0,HOMEIMPROVEMENT,B,9600,11.49,0.24,N,7,0
24636,29,30000,RENT,0.0,EDUCATION,C,10000,12.53,0.33,N,8,1
24637,22,45000,MORTGAGE,4.0,DEBTCONSOLIDATION,A,7200,9.38,0.16,N,3,0
24638,29,36000,RENT,4.0,PERSONAL,A,5300,6.62,0.15,N,5,0
24639,28,50000,MORTGAGE,12.0,PERSONAL,A,10000,6.03,0.2,N,8,0
24640,38,150000,RENT,0.0,DEBTCONSOLIDATION,B,20000,10.0,0.13,N,14,0
24641,37,75000,MORTGAGE,7.0,VENTURE,A,6825,5.42,0.09,N,15,0
24642,26,45000,RENT,4.0,VENTURE,A,7000,5.42,0.16,N,4,0
24643,31,144000,MORTGAGE,15.0,EDUCATION,C,6000,14.72,0.04,N,9,0
24644,23,70000,MORTGAGE,7.0,DEBTCONSOLIDATION,A,6000,7.14,0.09,N,3,0
24645,23,46000,RENT,6.0,MEDICAL,D,7200,16.29,0.15,Y,2,0
24646,24,60000,RENT,2.0,PERSONAL,A,20000,7.51,0.33,N,2,1
24647,26,70000,MORTGAGE,3.0,DEBTCONSOLIDATION,B,5000,10.37,0.07,N,4,0
24648,28,29112,OWN,3.0,MEDICAL,B,7000,10.37,0.24,N,6,0
24649,23,18720,RENT,2.0,HOMEIMPROVEMENT,D,6000,14.84,0.32,N,4,1
24650,39,80004,RENT,3.0,PERSONAL,B,6000,9.91,0.07,N,17,0
24651,27,38000,RENT,2.0,MEDICAL,A,8000,7.51,0.21,N,7,0
24652,23,54000,MORTGAGE,4.0,MEDICAL,C,5000,14.22,0.09,N,4,1
24653,32,60000,MORTGAGE,16.0,MEDICAL,A,8000,5.79,0.13,N,8,0
24654,31,72400,MORTGAGE,4.0,EDUCATION,E,25000,17.99,0.35,Y,10,0
24655,28,120000,MORTGAGE,4.0,VENTURE,A,12000,5.79,0.1,N,5,0
24656,30,60000,MORTGAGE,2.0,HOMEIMPROVEMENT,D,7000,14.09,0.12,N,9,0
24657,23,48000,RENT,8.0,DEBTCONSOLIDATION,A,10000,7.51,0.21,N,2,0
24658,26,48000,RENT,7.0,DEBTCONSOLIDATION,B,3000,9.99,0.06,N,2,0
24659,24,40000,RENT,3.0,EDUCATION,C,1200,14.22,0.03,Y,3,0
24660,34,91000,OWN,19.0,VENTURE,B,15000,11.71,0.16,N,8,0
24661,24,28560,OWN,5.0,PERSONAL,B,2400,12.69,0.08,N,2,0
24662,22,53000,RENT,1.0,EDUCATION,A,6800,8.49,0.13,N,2,0
24663,23,35004,RENT,5.0,EDUCATION,B,5000,10.75,0.14,N,4,0
24664,27,40440,RENT,4.0,EDUCATION,C,8000,12.73,0.2,Y,5,0
24665,34,120000,MORTGAGE,18.0,EDUCATION,A,10000,6.03,0.08,N,5,0
24666,24,38500,MORTGAGE,0.0,HOMEIMPROVEMENT,A,8500,7.75,0.22,N,4,0
24667,39,45000,MORTGAGE,2.0,VENTURE,A,4000,5.79,0.09,N,15,0
24668,22,70000,MORTGAGE,6.0,EDUCATION,A,4000,8.9,0.06,N,2,0
24669,22,78000,MORTGAGE,6.0,HOMEIMPROVEMENT,B,20000,12.18,0.26,N,3,1
24670,23,52800,RENT,1.0,EDUCATION,A,5600,7.29,0.11,N,3,0
24671,26,83004,RENT,6.0,DEBTCONSOLIDATION,B,12000,9.91,0.14,N,3,0
24672,25,150000,MORTGAGE,4.0,PERSONAL,A,12000,6.62,0.08,N,4,0
24673,25,75000,RENT,2.0,DEBTCONSOLIDATION,A,12000,7.51,0.16,N,4,0
24674,35,107000,RENT,4.0,EDUCATION,A,8000,6.76,0.07,N,10,0
24675,30,34000,RENT,8.0,PERSONAL,B,10000,10.65,0.29,N,8,0
24676,25,70000,RENT,0.0,DEBTCONSOLIDATION,B,12000,10.99,0.17,N,2,0
24677,24,113000,MORTGAGE,2.0,DEBTCONSOLIDATION,B,12000,10.25,0.11,N,2,0
24678,23,70000,RENT,0.0,VENTURE,A,5600,7.9,0.08,N,4,0
24679,53,110000,MORTGAGE,1.0,PERSONAL,A,5000,7.51,0.05,N,28,0
24680,23,30000,RENT,4.0,EDUCATION,B,6000,9.99,0.2,N,3,0
24681,22,35000,RENT,6.0,MEDICAL,B,5000,10.99,0.14,N,3,0
24682,25,75000,MORTGAGE,9.0,HOMEIMPROVEMENT,A,6000,6.03,0.08,N,2,0
24683,25,99996,MORTGAGE,9.0,MEDICAL,B,12000,10.38,0.12,N,3,0
24684,30,50000,RENT,11.0,HOMEIMPROVEMENT,A,10000,6.62,0.2,N,8,0
24685,24,56000,MORTGAGE,1.0,VENTURE,A,20000,5.99,0.36,N,4,0
24686,22,30000,RENT,0.0,VENTURE,D,14000,15.62,0.47,N,3,1
24687,23,70000,MORTGAGE,2.0,DEBTCONSOLIDATION,A,5000,5.42,0.07,N,2,0
24688,23,72000,MORTGAGE,7.0,DEBTCONSOLIDATION,A,6000,6.54,0.08,N,3,0
24689,29,65000,RENT,1.0,HOMEIMPROVEMENT,A,5600,5.79,0.09,N,10,0
24690,38,175000,MORTGAGE,13.0,VENTURE,B,15000,10.62,0.09,N,15,0
24691,23,65000,RENT,0.0,DEBTCONSOLIDATION,D,16000,14.42,0.25,N,3,1
24692,28,140000,MORTGAGE,4.0,VENTURE,B,5000,10.37,0.04,N,5,0
24693,29,30000,RENT,12.0,MEDICAL,B,9600,11.71,0.32,N,5,1
24694,23,110000,MORTGAGE,0.0,PERSONAL,A,10000,6.92,0.09,N,2,0
24695,28,54996,MORTGAGE,10.0,DEBTCONSOLIDATION,B,13750,11.14,0.25,N,8,0
24696,28,43200,RENT,0.0,MEDICAL,C,5000,12.87,0.12,Y,10,0
24697,23,35000,RENT,1.0,MEDICAL,A,5600,7.9,0.16,N,2,0
24698,24,34000,RENT,4.0,DEBTCONSOLIDATION,D,5000,14.09,0.15,N,4,1
24699,25,24000,RENT,2.0,MEDICAL,C,5000,12.99,0.21,N,3,0
24700,31,48000,RENT,5.0,PERSONAL,C,14000,12.98,0.3,Y,8,0
24701,24,40000,RENT,3.0,DEBTCONSOLIDATION,C,8000,14.35,0.2,N,2,0
24702,47,75000,MORTGAGE,7.0,PERSONAL,A,10000,5.42,0.13,N,12,0
24703,25,55000,MORTGAGE,7.0,EDUCATION,B,10000,12.42,0.18,N,2,0
24704,30,42000,MORTGAGE,14.0,VENTURE,C,8000,15.23,0.19,N,9,0
24705,23,43000,RENT,2.0,MEDICAL,A,2500,7.88,0.06,N,3,0
24706,24,32004,RENT,5.0,PERSONAL,C,5000,13.23,0.16,N,3,0
24707,33,60000,RENT,4.0,HOMEIMPROVEMENT,B,3000,10.59,0.05,N,5,0
24708,32,50000,RENT,3.0,PERSONAL,A,9000,5.79,0.18,N,9,0
24709,23,55000,OWN,7.0,VENTURE,A,1000,6.99,0.02,N,2,0
24710,24,121000,MORTGAGE,2.0,PERSONAL,A,12000,7.51,0.1,N,3,0
24711,26,54000,RENT,5.0,HOMEIMPROVEMENT,E,19000,16.35,0.35,N,4,1
24712,22,80000,RENT,5.0,EDUCATION,C,6000,14.17,0.07,N,4,0
24713,21,43200,RENT,3.0,EDUCATION,A,5000,6.92,0.12,N,4,0
24714,28,60000,MORTGAGE,12.0,HOMEIMPROVEMENT,B,10000,10.99,0.17,N,7,0
24715,27,64000,MORTGAGE,11.0,VENTURE,D,9000,14.09,0.14,Y,9,0
24716,22,36000,RENT,3.0,EDUCATION,C,12000,13.85,0.33,N,3,1
24717,23,40000,RENT,2.0,DEBTCONSOLIDATION,B,2000,10.99,0.05,N,4,0
24718,29,62400,RENT,4.0,VENTURE,E,14900,16.82,0.22,Y,7,0
24719,22,38004,RENT,2.0,EDUCATION,A,4500,7.49,0.12,N,3,0
24720,27,60000,MORTGAGE,0.0,DEBTCONSOLIDATION,B,5000,11.26,0.08,N,10,0
24721,23,35000,RENT,1.0,VENTURE,B,1800,11.11,0.05,N,3,0
24722,26,50000,MORTGAGE,4.0,DEBTCONSOLIDATION,B,6000,11.99,0.12,N,4,0
24723,22,40000,RENT,6.0,PERSONAL,C,12000,13.11,0.3,Y,2,0
24724,23,24000,RENT,0.0,MEDICAL,C,8000,13.47,0.33,N,2,1
24725,23,24000,RENT,2.0,MEDICAL,B,5000,10.59,0.21,N,2,0
24726,23,72000,MORTGAGE,5.0,MEDICAL,A,10000,6.03,0.14,N,3,0
24727,32,80000,RENT,5.0,MEDICAL,B,7000,10.99,0.09,N,7,0
24728,23,35000,RENT,1.0,PERSONAL,B,2000,10.99,0.06,N,2,0
24729,34,30000,RENT,2.0,MEDICAL,B,7000,10.75,0.23,N,5,0
24730,23,32000,RENT,0.0,PERSONAL,A,10800,7.29,0.34,N,4,1
24731,28,53000,RENT,13.0,PERSONAL,C,15000,14.26,0.28,N,10,0
24732,24,55000,MORTGAGE,2.0,HOMEIMPROVEMENT,A,3000,6.62,0.05,N,4,0
24733,27,120000,MORTGAGE,11.0,VENTURE,A,3600,7.49,0.03,N,10,0
24734,25,85000,RENT,3.0,PERSONAL,A,4200,7.49,0.05,N,3,0
24735,27,38000,RENT,11.0,MEDICAL,B,7000,10.65,0.18,N,5,0
24736,22,40000,MORTGAGE,6.0,DEBTCONSOLIDATION,A,7000,7.14,0.17,N,2,0
24737,35,84996,OWN,14.0,HOMEIMPROVEMENT,B,9000,9.63,0.11,N,10,0
24738,22,45000,RENT,3.0,EDUCATION,C,6000,12.61,0.13,Y,2,0
24739,28,58650,MORTGAGE,1.0,HOMEIMPROVEMENT,C,15400,10.28,0.22,N,6,0
24740,25,70000,MORTGAGE,2.0,DEBTCONSOLIDATION,A,6000,6.62,0.09,N,3,0
24741,22,65000,MORTGAGE,6.0,EDUCATION,A,8000,6.92,0.12,N,4,0
24742,41,37200,RENT,5.0,PERSONAL,C,6000,13.49,0.16,Y,17,1
24743,22,100000,MORTGAGE,5.0,PERSONAL,A,20000,7.88,0.2,N,3,0
24744,23,44000,RENT,2.0,EDUCATION,C,4000,15.23,0.09,N,3,0
24745,25,60000,RENT,8.0,PERSONAL,B,8500,11.14,0.14,N,3,0
24746,36,45000,RENT,2.0,MEDICAL,C,5000,13.92,0.11,N,13,0
24747,64,50000,RENT,11.0,EDUCATION,D,9600,14.83,0.19,N,22,0
24748,27,50000,RENT,4.0,VENTURE,A,7200,8.9,0.14,N,8,0
24749,26,120000,MORTGAGE,5.0,VENTURE,C,20000,13.22,0.17,N,4,0
24750,26,69764,RENT,10.0,MEDICAL,C,15000,13.85,0.21,N,2,1
24751,21,44000,MORTGAGE,5.0,VENTURE,B,13000,10.99,0.29,N,3,0
24752,31,30000,RENT,0.0,PERSONAL,C,10000,13.48,0.33,Y,6,1
24753,23,52800,RENT,7.0,VENTURE,D,7200,14.84,0.13,Y,3,0
24754,29,27996,RENT,2.0,MEDICAL,B,1500,11.49,0.06,N,8,0
24755,28,79700,MORTGAGE,12.0,PERSONAL,A,10000,9.63,0.13,N,6,0
24756,23,52800,MORTGAGE,8.0,EDUCATION,A,6350,6.99,0.12,N,4,0
24757,23,45000,OWN,2.0,EDUCATION,D,6000,15.62,0.13,Y,3,0
24758,47,47000,MORTGAGE,9.0,VENTURE,A,10000,6.62,0.21,N,15,0
24759,24,106839,MORTGAGE,9.0,DEBTCONSOLIDATION,A,14000,7.88,0.13,N,2,0
24760,22,80000,MORTGAGE,4.0,EDUCATION,B,2500,10.59,0.03,N,3,0
24761,25,54000,RENT,1.0,PERSONAL,A,10000,7.9,0.19,N,3,1
24762,22,32000,RENT,0.0,EDUCATION,C,4500,13.61,0.14,N,4,0
24763,30,100000,MORTGAGE,7.0,MEDICAL,A,10000,8.59,0.1,N,8,0
24764,27,57996,RENT,1.0,DEBTCONSOLIDATION,A,10400,9.32,0.18,N,5,0
24765,22,48996,RENT,4.0,MEDICAL,D,10800,14.96,0.21,Y,2,1
24766,29,120000,MORTGAGE,4.0,HOMEIMPROVEMENT,C,4000,13.72,0.03,Y,10,0
24767,24,34000,RENT,2.0,PERSONAL,C,6000,14.27,0.18,Y,3,1
24768,29,74196,MORTGAGE,0.0,VENTURE,B,4000,11.26,0.05,N,7,0
24769,29,100000,RENT,3.0,HOMEIMPROVEMENT,A,15000,8.94,0.15,N,9,0
24770,26,44000,RENT,4.0,MEDICAL,E,5000,16.95,0.11,Y,3,1
24771,26,62000,MORTGAGE,10.0,PERSONAL,A,11000,7.51,0.18,N,3,0
24772,26,55200,MORTGAGE,3.0,DEBTCONSOLIDATION,A,3000,6.76,0.05,N,4,0
24773,24,45600,OWN,8.0,VENTURE,A,3000,7.66,0.07,N,4,0
24774,23,41496,MORTGAGE,7.0,VENTURE,B,7300,9.45,0.17,N,3,0
24775,23,100000,MORTGAGE,3.0,DEBTCONSOLIDATION,A,10000,5.42,0.1,N,3,0
24776,35,48000,RENT,6.0,MEDICAL,B,5000,11.14,0.1,N,5,0
24777,23,32000,RENT,5.0,MEDICAL,A,7000,7.14,0.22,N,4,0
24778,35,90000,RENT,5.0,VENTURE,B,8500,10.62,0.09,N,5,0
24779,25,60000,RENT,1.0,PERSONAL,C,12000,13.49,0.2,N,3,0
24780,28,80000,RENT,3.0,PERSONAL,C,6000,13.06,0.07,N,10,0
24781,24,85000,OWN,4.0,EDUCATION,C,9600,13.35,0.11,Y,2,0
24782,25,54000,RENT,5.0,VENTURE,C,10000,13.85,0.19,N,3,0
24783,27,37076,RENT,2.0,PERSONAL,A,12000,8.49,0.32,N,8,1
24784,27,80000,MORTGAGE,4.0,DEBTCONSOLIDATION,C,5000,13.98,0.06,N,10,0
24785,27,75000,MORTGAGE,2.0,EDUCATION,C,8000,12.84,0.11,N,8,0
24786,23,33000,RENT,4.0,VENTURE,B,5000,9.99,0.15,N,3,0
24787,29,60000,RENT,9.0,DEBTCONSOLIDATION,A,5000,7.88,0.08,N,9,0
24788,27,48000,RENT,1.0,DEBTCONSOLIDATION,A,7800,8.49,0.16,N,6,0
24789,32,62000,RENT,16.0,DEBTCONSOLIDATION,B,15000,10.25,0.24,N,7,0
24790,27,45000,RENT,8.0,MEDICAL,A,4000,5.79,0.09,N,10,0
24791,22,36000,RENT,0.0,EDUCATION,C,11300,12.87,0.31,Y,4,1
24792,26,49000,MORTGAGE,1.0,MEDICAL,B,2400,9.83,0.05,N,2,0
24793,22,60000,RENT,1.0,PERSONAL,B,9000,12.42,0.15,N,4,0
24794,21,25000,RENT,0.0,HOMEIMPROVEMENT,B,7000,12.69,0.28,N,2,1
24795,23,35000,OWN,8.0,EDUCATION,B,7000,9.99,0.2,N,2,0
24796,22,93000,MORTGAGE,6.0,VENTURE,E,12000,16.82,0.13,Y,2,0
24797,27,69900,MORTGAGE,7.0,VENTURE,A,25000,7.49,0.36,N,7,0
24798,24,150000,RENT,0.0,HOMEIMPROVEMENT,A,7000,7.9,0.05,N,3,0
24799,26,30000,RENT,1.0,MEDICAL,B,5000,10.75,0.17,N,4,1
24800,29,48000,MORTGAGE,13.0,VENTURE,B,5000,10.74,0.1,N,10,0
24801,22,45000,OWN,6.0,EDUCATION,A,12000,8.94,0.27,N,4,0
24802,27,125000,MORTGAGE,2.0,DEBTCONSOLIDATION,C,10000,13.49,0.08,N,5,0
24803,41,56100,RENT,23.0,MEDICAL,D,18000,16.0,0.27,N,16,1
24804,25,153600,MORTGAGE,9.0,DEBTCONSOLIDATION,A,18000,6.03,0.12,N,3,0
24805,37,85000,MORTGAGE,14.0,MEDICAL,A,14000,7.51,0.16,N,11,0
24806,22,24000,MORTGAGE,2.0,DEBTCONSOLIDATION,C,1450,13.22,0.06,Y,2,0
24807,33,30000,MORTGAGE,5.0,DEBTCONSOLIDATION,B,13000,11.99,0.43,N,10,0
24808,23,74000,RENT,7.0,EDUCATION,A,10000,8.94,0.14,N,2,0
24809,25,96000,MORTGAGE,9.0,MEDICAL,C,21600,13.49,0.23,Y,2,0
24810,30,57996,MORTGAGE,14.0,DEBTCONSOLIDATION,A,8000,9.32,0.14,N,9,0
24811,24,57000,MORTGAGE,5.0,HOMEIMPROVEMENT,A,6000,7.49,0.11,N,4,0
24812,22,60000,MORTGAGE,6.0,EDUCATION,D,12000,14.83,0.2,Y,2,0
24813,22,100000,MORTGAGE,3.0,EDUCATION,A,1000,6.76,0.01,N,2,0
24814,24,50000,MORTGAGE,8.0,PERSONAL,A,10000,7.49,0.2,N,4,0
24815,22,92001,RENT,6.0,VENTURE,A,5000,8.0,0.05,N,2,0
24816,27,142000,RENT,3.0,VENTURE,D,15000,16.07,0.11,N,8,0
24817,23,120000,RENT,7.0,EDUCATION,A,5000,7.51,0.04,N,2,0
24818,23,42000,RENT,2.0,VENTURE,E,12000,16.0,0.32,Y,2,1
24819,24,50000,OWN,8.0,PERSONAL,A,6000,6.03,0.12,N,3,0
24820,28,30000,OWN,1.0,PERSONAL,B,7500,10.96,0.25,N,5,0
24821,25,48000,RENT,3.0,EDUCATION,B,3000,11.36,0.06,N,2,0
24822,21,30000,RENT,3.0,PERSONAL,B,8000,12.53,0.27,N,3,0
24823,35,54000,RENT,1.0,DEBTCONSOLIDATION,C,8000,14.35,0.15,N,10,1
24824,24,70000,MORTGAGE,8.0,DEBTCONSOLIDATION,A,17000,6.03,0.24,N,2,0
24825,31,60000,RENT,1.0,DEBTCONSOLIDATION,D,15000,16.77,0.25,Y,6,1
24826,25,70000,RENT,5.0,VENTURE,D,9000,15.62,0.13,Y,4,0
24827,27,63000,MORTGAGE,6.0,PERSONAL,A,10000,7.49,0.16,N,9,0
24828,23,102000,RENT,7.0,PERSONAL,B,25000,11.71,0.25,N,3,0
24829,24,70000,RENT,3.0,PERSONAL,C,25000,13.99,0.36,Y,3,1
24830,24,80000,RENT,0.0,MEDICAL,B,5000,11.36,0.06,N,4,0
24831,25,85000,MORTGAGE,0.0,HOMEIMPROVEMENT,A,10000,7.66,0.12,N,4,0
24832,31,50000,RENT,0.0,MEDICAL,B,6000,10.65,0.12,N,10,0
24833,23,48000,OWN,7.0,PERSONAL,C,6000,15.27,0.13,N,4,0
24834,23,65000,MORTGAGE,7.0,PERSONAL,B,6000,10.38,0.09,N,4,0
24835,34,100000,MORTGAGE,7.0,PERSONAL,A,6000,5.42,0.06,N,5,0
24836,22,35000,OWN,6.0,MEDICAL,C,4800,14.27,0.14,Y,2,0
24837,30,36000,RENT,3.0,MEDICAL,A,15000,7.49,0.42,N,6,1
24838,23,65000,MORTGAGE,7.0,VENTURE,B,20000,11.71,0.31,N,3,0
24839,23,100000,MORTGAGE,4.0,EDUCATION,C,6000,11.97,0.06,N,3,0
24840,37,75000,MORTGAGE,3.0,PERSONAL,A,18000,6.92,0.24,N,17,0
24841,42,45000,MORTGAGE,9.0,MEDICAL,B,5000,9.99,0.11,N,11,0
24842,32,72000,MORTGAGE,6.0,PERSONAL,A,5000,7.49,0.07,N,7,0
24843,30,80000,RENT,1.0,HOMEIMPROVEMENT,A,12000,8.9,0.15,N,5,0
24844,26,38400,RENT,7.0,MEDICAL,C,5000,15.23,0.13,N,2,0
24845,22,70000,RENT,4.0,EDUCATION,C,10000,13.85,0.14,Y,2,0
24846,24,62400,RENT,8.0,PERSONAL,B,20000,11.99,0.32,N,4,1
24847,37,33000,MORTGAGE,0.0,HOMEIMPROVEMENT,A,5000,8.94,0.15,N,15,0
24848,26,37200,RENT,0.0,MEDICAL,D,6000,14.96,0.16,N,2,1
24849,33,30000,RENT,1.0,EDUCATION,A,10000,8.94,0.33,N,6,1
24850,25,75600,RENT,9.0,MEDICAL,C,10500,12.09,0.15,Y,3,0
24851,26,44000,RENT,6.0,PERSONAL,B,11000,10.37,0.26,N,4,1
24852,36,80000,RENT,0.0,DEBTCONSOLIDATION,C,8000,13.61,0.1,N,15,0
24853,25,120000,MORTGAGE,0.0,HOMEIMPROVEMENT,A,10000,9.32,0.08,N,2,0
24854,29,39000,RENT,5.0,VENTURE,B,15000,10.99,0.38,N,7,1
24855,22,39000,RENT,1.0,MEDICAL,B,10000,11.99,0.26,N,2,1
24856,26,70000,MORTGAGE,1.0,DEBTCONSOLIDATION,B,3000,12.69,0.04,N,3,0
24857,24,51000,RENT,8.0,PERSONAL,A,11500,7.49,0.22,N,3,0
24858,25,75000,RENT,6.0,DEBTCONSOLIDATION,A,10000,7.51,0.13,N,2,0
24859,22,56000,MORTGAGE,5.0,EDUCATION,B,9000,10.65,0.16,N,2,0
24860,28,36000,RENT,4.0,MEDICAL,E,12500,18.79,0.35,N,9,1
24861,26,38000,RENT,3.0,PERSONAL,C,10000,12.68,0.26,N,4,0
24862,27,41004,MORTGAGE,4.0,PERSONAL,A,5000,7.49,0.12,N,6,0
24863,38,60000,RENT,4.0,PERSONAL,B,9000,11.99,0.15,N,14,0
24864,33,80000,MORTGAGE,0.0,PERSONAL,A,6000,5.42,0.07,N,7,0
24865,23,28000,RENT,3.0,EDUCATION,A,3000,6.99,0.11,N,2,0
24866,23,30000,RENT,4.0,EDUCATION,A,10000,5.79,0.33,N,2,1
24867,24,51000,MORTGAGE,1.0,MEDICAL,D,10000,16.29,0.2,N,4,1
24868,23,40000,MORTGAGE,7.0,PERSONAL,A,4000,6.62,0.1,N,3,0
24869,54,85000,RENT,7.0,PERSONAL,A,35000,8.9,0.41,N,24,1
24870,27,90000,RENT,11.0,PERSONAL,D,23400,18.25,0.24,N,5,0
24871,45,100000,MORTGAGE,6.0,VENTURE,A,10000,7.51,0.1,N,12,0
24872,21,65000,MORTGAGE,0.0,PERSONAL,B,6000,10.99,0.09,N,4,0
24873,35,41604,MORTGAGE,11.0,VENTURE,A,15000,7.88,0.36,N,9,0
24874,23,62165,RENT,7.0,PERSONAL,B,10800,8.88,0.17,N,3,0
24875,26,140000,RENT,2.0,EDUCATION,A,18000,8.9,0.13,N,2,0
24876,29,238000,RENT,1.0,DEBTCONSOLIDATION,B,10000,11.71,0.04,N,10,1
24877,31,120000,RENT,14.0,HOMEIMPROVEMENT,B,30000,10.99,0.25,N,5,0
24878,23,105000,MORTGAGE,7.0,DEBTCONSOLIDATION,A,12400,5.42,0.12,N,3,0
24879,23,48000,RENT,1.0,DEBTCONSOLIDATION,B,1300,10.65,0.03,N,3,0
24880,29,85000,MORTGAGE,10.0,PERSONAL,B,4650,9.91,0.05,N,6,0
24881,26,63500,MORTGAGE,3.0,EDUCATION,A,4000,9.63,0.06,N,2,0
24882,22,25000,RENT,2.0,MEDICAL,A,7000,8.9,0.28,N,4,0
24883,22,50000,RENT,2.0,DEBTCONSOLIDATION,A,5600,9.32,0.11,N,3,0
24884,23,60000,MORTGAGE,7.0,DEBTCONSOLIDATION,A,12000,5.79,0.2,N,2,0
24885,21,27996,RENT,1.0,PERSONAL,C,4100,14.27,0.15,N,4,0
24886,22,58000,RENT,3.0,EDUCATION,B,12000,10.65,0.21,N,2,0
24887,23,73524,MORTGAGE,7.0,EDUCATION,A,14000,6.92,0.19,N,4,0
24888,24,18000,RENT,0.0,MEDICAL,B,3500,11.49,0.19,N,4,1
24889,34,100000,MORTGAGE,0.0,MEDICAL,A,12000,5.79,0.12,N,6,0
24890,21,25000,RENT,3.0,EDUCATION,A,3000,6.76,0.12,N,2,0
24891,23,60000,MORTGAGE,7.0,MEDICAL,A,10000,7.88,0.17,N,2,0
24892,23,90000,RENT,5.0,DEBTCONSOLIDATION,A,10000,8.49,0.11,N,2,0
24893,23,78000,RENT,1.0,MEDICAL,B,3000,9.96,0.04,N,2,0
24894,43,125000,RENT,5.0,EDUCATION,B,20000,10.62,0.16,N,17,0
24895,27,30000,RENT,2.0,VENTURE,B,10000,10.38,0.33,N,7,1
24896,25,105000,MORTGAGE,3.0,EDUCATION,A,20000,6.91,0.19,N,3,0
24897,33,72000,MORTGAGE,6.0,PERSONAL,B,12000,9.99,0.17,N,5,0
24898,24,70000,MORTGAGE,8.0,VENTURE,B,24250,11.12,0.37,N,4,0
24899,30,63500,OWN,3.0,PERSONAL,A,2400,6.03,0.04,N,7,0
24900,24,50000,RENT,0.0,DEBTCONSOLIDATION,B,3600,11.49,0.07,N,2,0
24901,28,97781,MORTGAGE,12.0,DEBTCONSOLIDATION,A,20000,7.51,0.19,N,9,0
24902,22,42500,RENT,6.0,PERSONAL,B,12000,12.21,0.28,N,3,0
24903,25,48000,RENT,9.0,MEDICAL,C,12000,13.48,0.25,Y,3,0
24904,21,60000,MORTGAGE,5.0,PERSONAL,A,3400,8.0,0.06,N,4,0
24905,31,85000,RENT,0.0,EDUCATION,A,4000,9.63,0.05,N,7,0
24906,26,53000,MORTGAGE,1.0,PERSONAL,C,3000,15.23,0.06,N,2,0
24907,41,59500,MORTGAGE,18.0,MEDICAL,B,9600,11.71,0.15,N,15,1
24908,36,150000,OWN,14.0,EDUCATION,D,25000,17.58,0.17,N,17,0
24909,27,36000,MORTGAGE,6.0,EDUCATION,C,6000,12.98,0.17,N,10,0
24910,40,75000,MORTGAGE,0.0,EDUCATION,B,10000,10.95,0.13,N,14,0
24911,43,480000,MORTGAGE,3.0,MEDICAL,A,6500,8.94,0.01,N,14,0
24912,38,48000,MORTGAGE,3.0,EDUCATION,B,5000,11.36,0.1,N,17,0
24913,28,100000,MORTGAGE,2.0,MEDICAL,B,12000,12.21,0.12,N,5,0
24914,22,45000,RENT,6.0,PERSONAL,D,2050,15.95,0.04,Y,4,0
24915,26,45000,RENT,0.0,MEDICAL,A,4500,7.14,0.1,N,4,0
24916,50,72000,RENT,9.0,DEBTCONSOLIDATION,B,12000,10.37,0.17,N,12,0
24917,26,180000,MORTGAGE,2.0,PERSONAL,B,18000,9.99,0.1,N,4,0
24918,24,44000,RENT,0.0,HOMEIMPROVEMENT,D,5000,14.91,0.11,Y,2,1
24919,22,50000,RENT,0.0,EDUCATION,C,5000,13.43,0.1,N,3,0
24920,25,65004,RENT,0.0,EDUCATION,D,20000,14.59,0.31,N,2,1
24921,22,36000,RENT,2.0,VENTURE,B,15000,10.99,0.42,N,2,1
24922,25,84000,MORTGAGE,2.0,HOMEIMPROVEMENT,C,25000,11.78,0.3,Y,2,0
24923,27,54000,MORTGAGE,2.0,DEBTCONSOLIDATION,D,15000,16.07,0.28,N,10,1
24924,31,47000,RENT,0.0,MEDICAL,A,6000,8.9,0.13,N,9,0
24925,24,41000,RENT,3.0,PERSONAL,A,8000,7.88,0.2,N,3,0
24926,23,63000,MORTGAGE,5.0,EDUCATION,B,8000,10.62,0.13,N,3,0
24927,33,120000,MORTGAGE,3.0,VENTURE,A,12000,7.88,0.1,N,9,0
24928,22,50000,RENT,2.0,EDUCATION,B,4800,11.89,0.1,N,4,0
24929,25,66000,RENT,5.0,PERSONAL,B,6000,9.25,0.09,N,3,0
24930,22,60000,MORTGAGE,3.0,MEDICAL,A,1500,5.99,0.03,N,2,0
24931,29,44000,RENT,1.0,MEDICAL,C,5000,12.99,0.11,Y,6,0
24932,21,36000,RENT,5.0,VENTURE,B,10000,10.37,0.28,N,3,0
24933,29,32000,RENT,1.0,PERSONAL,C,9000,13.16,0.28,Y,9,1
24934,31,60000,RENT,1.0,MEDICAL,B,3000,10.37,0.05,N,6,0
24935,23,38400,RENT,7.0,MEDICAL,C,16000,13.06,0.42,N,4,1
24936,28,95000,MORTGAGE,12.0,DEBTCONSOLIDATION,A,6000,7.88,0.06,N,8,0
24937,27,66000,RENT,1.0,VENTURE,B,20000,11.48,0.3,N,6,0
24938,36,160000,MORTGAGE,20.0,VENTURE,B,25000,11.49,0.16,N,14,0
24939,31,45000,RENT,0.0,EDUCATION,B,10000,10.59,0.22,N,5,0
24940,22,109000,MORTGAGE,6.0,MEDICAL,A,15000,6.91,0.14,N,2,0
24941,26,55000,RENT,10.0,HOMEIMPROVEMENT,B,10400,11.71,0.19,N,4,0
24942,22,60000,OWN,6.0,EDUCATION,B,5000,9.91,0.08,N,3,0
24943,41,80000,MORTGAGE,18.0,HOMEIMPROVEMENT,D,25000,15.65,0.31,N,16,0
24944,23,36000,RENT,3.0,VENTURE,C,5000,12.99,0.14,N,3,0
24945,23,140000,MORTGAGE,4.0,EDUCATION,B,15000,11.71,0.11,N,4,0
24946,25,42000,RENT,4.0,VENTURE,B,3000,11.49,0.07,N,4,0
24947,25,48000,RENT,2.0,DEBTCONSOLIDATION,D,2400,13.12,0.05,Y,4,0
24948,29,85596,MORTGAGE,13.0,DEBTCONSOLIDATION,B,9600,10.0,0.11,N,9,0
24949,21,31970,RENT,1.0,VENTURE,C,4750,13.85,0.15,N,2,0
24950,22,33000,RENT,5.0,DEBTCONSOLIDATION,C,1000,13.49,0.03,Y,4,0
24951,23,43000,MORTGAGE,5.0,EDUCATION,B,8800,10.59,0.2,N,3,0
24952,23,62000,RENT,7.0,EDUCATION,A,10000,6.99,0.16,N,2,0
24953,23,51996,MORTGAGE,5.0,DEBTCONSOLIDATION,A,3500,8.59,0.07,N,2,0
24954,27,40000,RENT,4.0,PERSONAL,D,9000,16.77,0.23,N,5,0
24955,35,65000,MORTGAGE,4.0,DEBTCONSOLIDATION,D,7000,15.62,0.11,Y,9,1
24956,26,26400,RENT,0.0,MEDICAL,B,2500,11.36,0.09,N,4,0
24957,23,120000,RENT,7.0,VENTURE,A,20000,7.14,0.17,N,3,0
24958,26,72000,MORTGAGE,7.0,HOMEIMPROVEMENT,A,5000,5.42,0.07,N,4,0
24959,21,45000,RENT,3.0,EDUCATION,A,10000,7.88,0.22,N,3,0
24960,25,18000,RENT,2.0,PERSONAL,B,3000,12.21,0.17,N,3,1
24961,21,37000,RENT,2.0,MEDICAL,B,3000,11.71,0.08,N,2,0
24962,25,65000,RENT,2.0,DEBTCONSOLIDATION,A,6000,7.51,0.09,N,2,0
24963,25,80000,RENT,5.0,VENTURE,B,18000,11.12,0.23,N,4,0
24964,25,50000,OWN,0.0,VENTURE,D,4000,14.61,0.08,N,4,0
24965,25,32535,RENT,9.0,MEDICAL,B,4000,10.95,0.12,N,3,0
24966,23,70000,MORTGAGE,7.0,EDUCATION,B,3000,10.59,0.04,N,3,0
24967,28,72000,MORTGAGE,3.0,HOMEIMPROVEMENT,B,12000,11.49,0.17,N,8,0
24968,22,37308,MORTGAGE,5.0,EDUCATION,A,7000,7.14,0.19,N,3,0
24969,22,40000,MORTGAGE,0.0,PERSONAL,A,3000,6.62,0.07,N,3,0
24970,38,55000,RENT,3.0,EDUCATION,D,10200,16.89,0.18,Y,11,0
24971,29,65000,MORTGAGE,4.0,DEBTCONSOLIDATION,A,6000,6.17,0.09,N,8,0
24972,22,24000,MORTGAGE,6.0,MEDICAL,A,4000,6.62,0.17,N,2,0
24973,23,33000,RENT,3.0,EDUCATION,A,6000,7.66,0.18,N,4,1
24974,24,40000,RENT,8.0,PERSONAL,A,7000,7.14,0.17,N,2,0
24975,43,60000,MORTGAGE,17.0,HOMEIMPROVEMENT,C,2000,13.49,0.03,Y,16,0
24976,29,120000,MORTGAGE,8.0,PERSONAL,B,4000,10.37,0.03,N,8,0
24977,24,35000,RENT,0.0,VENTURE,B,3000,11.49,0.09,N,3,0
24978,24,70000,MORTGAGE,2.0,PERSONAL,B,8000,11.99,0.11,N,4,0
24979,28,30000,MORTGAGE,1.0,EDUCATION,A,5000,9.32,0.17,N,6,0
24980,21,39996,OWN,5.0,EDUCATION,A,15000,6.17,0.38,N,2,0
24981,22,36996,RENT,4.0,VENTURE,B,5000,10.75,0.14,N,3,0
24982,32,42000,RENT,8.0,EDUCATION,C,6000,13.49,0.14,N,6,0
24983,23,72000,RENT,7.0,VENTURE,B,10000,10.95,0.14,N,4,0
24984,33,40000,MORTGAGE,4.0,VENTURE,C,15000,13.49,0.38,Y,9,0
24985,31,95000,MORTGAGE,3.0,VENTURE,B,5000,10.99,0.05,N,5,0
24986,26,30000,MORTGAGE,4.0,EDUCATION,B,5000,10.38,0.17,N,2,0
24987,22,90000,MORTGAGE,5.0,VENTURE,B,10000,10.74,0.11,N,2,0
24988,30,60000,RENT,1.0,DEBTCONSOLIDATION,C,8000,13.61,0.13,Y,5,0
24989,22,60000,MORTGAGE,6.0,PERSONAL,B,16000,10.99,0.27,N,2,0
24990,24,75840,RENT,2.0,EDUCATION,E,24000,16.45,0.33,N,2,1
24991,26,55000,MORTGAGE,1.0,MEDICAL,C,3000,12.53,0.05,N,2,0
24992,25,48000,MORTGAGE,2.0,VENTURE,D,8000,15.57,0.17,N,4,0
24993,26,42000,MORTGAGE,2.0,DEBTCONSOLIDATION,A,5000,7.29,0.12,N,3,0
24994,26,30000,RENT,0.0,HOMEIMPROVEMENT,D,6000,15.31,0.2,Y,3,1
24995,28,37500,RENT,3.0,DEBTCONSOLIDATION,B,2400,10.37,0.06,N,8,0
24996,25,28800,RENT,1.0,VENTURE,B,1700,11.48,0.06,N,4,0
24997,22,40000,RENT,6.0,EDUCATION,B,7500,12.69,0.19,N,3,0
24998,51,96000,MORTGAGE,2.0,PERSONAL,A,10000,6.99,0.1,N,24,0
24999,23,65000,MORTGAGE,7.0,VENTURE,A,8000,6.99,0.12,N,3,0
25000,23,50000,RENT,7.0,EDUCATION,A,10000,7.88,0.2,N,4,0
25001,29,30000,OWN,0.0,PERSONAL,B,4200,10.65,0.14,N,10,0
25002,27,50000,MORTGAGE,3.0,EDUCATION,A,5000,7.74,0.1,N,5,0
25003,30,51996,RENT,15.0,MEDICAL,B,2500,11.71,0.05,N,5,0
25004,23,55000,RENT,0.0,MEDICAL,B,8000,9.88,0.15,N,4,0
25005,24,30000,RENT,0.0,MEDICAL,A,5600,7.4,0.19,N,3,0
25006,22,96000,RENT,4.0,VENTURE,A,10000,7.51,0.1,N,4,0
25007,23,75000,RENT,7.0,VENTURE,C,10000,13.49,0.13,Y,2,0
25008,21,120000,RENT,4.0,EDUCATION,B,6000,10.59,0.05,N,2,0
25009,25,60000,MORTGAGE,6.0,DEBTCONSOLIDATION,A,10000,8.9,0.17,N,2,0
25010,30,55000,RENT,1.0,EDUCATION,D,20000,14.61,0.36,Y,10,1
25011,22,48000,MORTGAGE,1.0,MEDICAL,A,7500,7.29,0.16,N,4,0
25012,23,76000,MORTGAGE,7.0,DEBTCONSOLIDATION,A,6250,5.79,0.08,N,3,0
25013,24,40000,RENT,3.0,EDUCATION,A,2500,8.49,0.06,N,2,0
25014,23,42000,RENT,4.0,EDUCATION,C,2500,13.61,0.06,Y,2,0
25015,27,26400,RENT,0.0,EDUCATION,C,8000,13.49,0.3,N,8,0
25016,25,30000,RENT,2.0,DEBTCONSOLIDATION,C,7000,13.92,0.23,Y,3,0
25017,25,24600,RENT,0.0,MEDICAL,C,2000,13.99,0.08,N,3,0
25018,38,35220,RENT,2.0,DEBTCONSOLIDATION,A,4000,7.29,0.11,N,12,0
25019,27,110000,MORTGAGE,7.0,VENTURE,A,14000,6.91,0.13,N,8,0
25020,24,25000,RENT,8.0,EDUCATION,B,3200,9.91,0.13,N,3,0
25021,29,50000,RENT,4.0,EDUCATION,B,10000,10.62,0.2,N,9,0
25022,28,40000,RENT,2.0,DEBTCONSOLIDATION,B,4000,10.36,0.1,N,5,0
25023,22,30000,RENT,2.0,EDUCATION,D,3500,15.65,0.12,N,2,1
25024,25,108000,RENT,1.0,VENTURE,B,33000,10.65,0.28,N,4,1
25025,32,48000,RENT,0.0,MEDICAL,C,10000,13.16,0.21,N,5,0
25026,26,24996,OWN,3.0,PERSONAL,B,8000,11.58,0.32,N,4,0
25027,30,90000,MORTGAGE,5.0,MEDICAL,B,23750,10.38,0.26,N,9,0
25028,30,100000,MORTGAGE,14.0,MEDICAL,A,14000,8.49,0.14,N,9,0
25029,25,60000,MORTGAGE,9.0,EDUCATION,C,6000,13.49,0.1,Y,2,0
25030,30,50000,RENT,15.0,MEDICAL,B,5000,9.99,0.1,N,7,0
25031,34,110000,MORTGAGE,5.0,DEBTCONSOLIDATION,A,15000,6.91,0.14,N,6,0
25032,24,120000,MORTGAGE,8.0,EDUCATION,A,10000,7.49,0.08,N,4,0
25033,29,65000,MORTGAGE,5.0,VENTURE,A,10000,7.51,0.15,N,10,0
25034,32,40000,RENT,0.0,PERSONAL,C,2500,14.72,0.06,N,5,0
25035,32,90000,RENT,6.0,VENTURE,B,5000,11.11,0.06,N,5,0
25036,26,50000,RENT,10.0,DEBTCONSOLIDATION,B,6000,11.99,0.12,N,4,0
25037,41,170000,MORTGAGE,15.0,HOMEIMPROVEMENT,A,10000,5.79,0.06,N,13,0
25038,28,33000,RENT,3.0,PERSONAL,B,5500,10.36,0.17,N,9,0
25039,34,40000,RENT,2.0,MEDICAL,B,15000,11.48,0.38,N,8,1
25040,28,50000,RENT,2.0,VENTURE,A,3000,7.74,0.06,N,7,0
25041,33,60000,OWN,12.0,HOMEIMPROVEMENT,B,8000,10.65,0.13,N,5,0
25042,22,60000,MORTGAGE,3.0,DEBTCONSOLIDATION,A,7000,6.91,0.12,N,2,0
25043,28,40000,MORTGAGE,12.0,EDUCATION,B,12000,11.83,0.3,N,8,0
25044,28,26400,RENT,6.0,DEBTCONSOLIDATION,A,3800,9.32,0.15,N,6,0
25045,24,55000,RENT,4.0,PERSONAL,B,17000,10.99,0.31,N,2,1
25046,24,34200,MORTGAGE,0.0,MEDICAL,A,4000,5.79,0.12,N,2,0
25047,22,50000,RENT,3.0,MEDICAL,B,12000,10.37,0.24,N,2,0
25048,26,111996,MORTGAGE,0.0,DEBTCONSOLIDATION,B,12000,11.26,0.11,N,3,0
25049,31,60000,RENT,3.0,VENTURE,B,6000,10.74,0.1,N,5,0
25050,27,70000,MORTGAGE,4.0,MEDICAL,B,10000,10.99,0.14,N,10,0
25051,23,65000,MORTGAGE,8.0,VENTURE,A,9000,6.03,0.14,N,4,0
25052,23,45000,MORTGAGE,3.0,EDUCATION,D,18250,14.11,0.4,N,3,0
25053,23,48000,OWN,7.0,MEDICAL,C,1000,15.27,0.02,Y,3,0
25054,28,74500,RENT,9.0,DEBTCONSOLIDATION,C,9000,12.53,0.12,N,8,0
25055,31,66000,RENT,4.0,DEBTCONSOLIDATION,D,6400,15.62,0.1,N,7,1
25056,23,50000,RENT,1.0,MEDICAL,B,5000,10.37,0.1,N,3,0
25057,25,29000,MORTGAGE,6.0,VENTURE,C,3500,14.17,0.12,N,3,0
25058,22,52800,MORTGAGE,2.0,VENTURE,B,7000,10.99,0.13,N,4,0
25059,26,85000,MORTGAGE,5.0,PERSONAL,A,12000,8.9,0.14,N,4,0
25060,36,72000,RENT,0.0,MEDICAL,A,18000,7.88,0.25,N,13,0
25061,27,60000,MORTGAGE,11.0,MEDICAL,C,14000,12.73,0.23,Y,7,0
25062,24,38400,RENT,3.0,VENTURE,A,3500,7.9,0.09,N,4,0
25063,21,153000,MORTGAGE,1.0,DEBTCONSOLIDATION,D,1825,15.62,0.01,N,4,1
25064,22,30000,RENT,4.0,HOMEIMPROVEMENT,B,5500,10.99,0.18,N,4,1
25065,23,60000,MORTGAGE,7.0,EDUCATION,B,21000,10.38,0.35,N,3,0
25066,23,30000,MORTGAGE,4.0,EDUCATION,B,1500,9.91,0.05,N,4,0
25067,23,65000,RENT,2.0,PERSONAL,B,12000,10.65,0.18,N,2,0
25068,28,65000,RENT,12.0,MEDICAL,C,6000,15.23,0.09,Y,9,0
25069,23,62000,MORTGAGE,7.0,EDUCATION,A,8000,7.49,0.13,N,4,0
25070,24,63000,OWN,8.0,HOMEIMPROVEMENT,A,13475,7.49,0.24,N,3,0
25071,32,80000,MORTGAGE,6.0,DEBTCONSOLIDATION,A,8000,7.49,0.1,N,9,0
25072,25,60000,RENT,5.0,EDUCATION,B,10000,10.37,0.17,N,2,0
25073,31,60000,MORTGAGE,2.0,MEDICAL,C,2000,13.35,0.03,Y,9,0
25074,23,42000,RENT,1.0,PERSONAL,B,2000,9.63,0.05,N,2,0
25075,32,75000,MORTGAGE,13.0,VENTURE,B,5000,10.99,0.07,N,6,0
25076,26,65000,RENT,1.0,DEBTCONSOLIDATION,C,10000,13.49,0.15,N,4,0
25077,28,35000,RENT,6.0,MEDICAL,A,10000,9.63,0.29,N,5,0
25078,22,30000,OWN,0.0,EDUCATION,B,15000,11.48,0.5,N,4,0
25079,25,38000,RENT,0.0,EDUCATION,C,7500,12.87,0.19,Y,4,0
25080,23,26400,RENT,1.0,EDUCATION,B,10000,10.99,0.38,N,2,1
25081,29,110000,MORTGAGE,9.0,DEBTCONSOLIDATION,C,20000,13.79,0.18,Y,6,0
25082,21,30000,RENT,0.0,EDUCATION,A,5000,7.74,0.17,N,2,0
25083,23,54000,RENT,5.0,PERSONAL,B,9300,11.71,0.18,N,2,1
25084,30,62000,RENT,2.0,DEBTCONSOLIDATION,A,3000,6.03,0.05,N,9,0
25085,23,30000,RENT,3.0,MEDICAL,C,6500,13.49,0.22,N,2,0
25086,24,45000,RENT,1.0,VENTURE,C,6000,12.87,0.13,Y,2,0
25087,26,70000,RENT,4.0,VENTURE,D,15000,16.49,0.21,N,3,0
25088,26,60000,RENT,4.0,EDUCATION,D,15000,14.96,0.25,Y,4,0
25089,24,50000,RENT,5.0,VENTURE,D,6000,14.42,0.12,Y,2,0
25090,47,45000,RENT,4.0,VENTURE,B,10800,11.99,0.24,N,17,0
25091,24,39000,RENT,1.0,PERSONAL,C,1000,13.49,0.03,Y,2,1
25092,29,30000,RENT,0.0,PERSONAL,A,10000,7.49,0.33,N,7,1
25093,25,49200,MORTGAGE,7.0,EDUCATION,B,6000,10.0,0.12,N,2,0
25094,33,40000,RENT,5.0,PERSONAL,B,7200,11.99,0.18,N,7,1
25095,23,120000,MORTGAGE,7.0,EDUCATION,C,25000,13.61,0.21,Y,3,0
25096,24,56000,OWN,0.0,MEDICAL,B,15000,8.88,0.27,N,2,0
25097,27,42000,OWN,4.0,HOMEIMPROVEMENT,B,5000,11.58,0.12,N,10,0
25098,23,42000,RENT,7.0,PERSONAL,A,10000,6.03,0.24,N,4,0
25099,28,72000,RENT,1.0,DEBTCONSOLIDATION,B,15000,11.99,0.21,N,7,0
25100,24,69000,MORTGAGE,9.0,DEBTCONSOLIDATION,D,10000,15.62,0.14,Y,3,1
25101,22,50000,MORTGAGE,6.0,VENTURE,C,5000,13.49,0.1,Y,4,0
25102,41,88000,MORTGAGE,13.0,DEBTCONSOLIDATION,B,25000,8.88,0.28,N,17,0
25103,24,40000,RENT,0.0,EDUCATION,A,4800,6.99,0.12,N,2,0
25104,26,46800,RENT,0.0,EDUCATION,C,6000,15.23,0.13,N,2,1
25105,31,72000,MORTGAGE,5.0,VENTURE,A,6000,7.14,0.08,N,10,0
25106,24,60000,RENT,8.0,PERSONAL,B,12000,9.99,0.2,N,2,0
25107,26,30000,RENT,4.0,MEDICAL,A,5000,8.9,0.17,N,2,0
25108,23,44000,MORTGAGE,0.0,PERSONAL,C,5000,11.34,0.11,N,4,0
25109,26,106000,RENT,10.0,MEDICAL,B,6000,9.99,0.06,N,4,0
25110,23,70000,MORTGAGE,7.0,PERSONAL,B,4400,9.99,0.06,N,2,0
25111,21,29000,RENT,1.0,DEBTCONSOLIDATION,B,11200,12.42,0.4,N,4,1
25112,32,36000,RENT,1.0,VENTURE,D,9000,18.25,0.25,Y,6,1
25113,22,65000,MORTGAGE,0.0,DEBTCONSOLIDATION,B,12000,12.69,0.18,N,2,0
25114,22,37000,RENT,2.0,EDUCATION,A,10000,7.66,0.27,N,4,0
25115,28,94050,MORTGAGE,6.0,HOMEIMPROVEMENT,D,20000,14.96,0.21,Y,6,1
25116,58,42000,RENT,2.0,VENTURE,A,15000,6.54,0.36,N,21,1
25117,25,75996,MORTGAGE,9.0,DEBTCONSOLIDATION,B,8000,11.12,0.11,N,4,0
25118,38,62000,OWN,5.0,VENTURE,A,5000,6.99,0.08,N,16,0
25119,25,60000,RENT,9.0,HOMEIMPROVEMENT,B,10000,11.71,0.17,N,2,0
25120,30,39000,RENT,0.0,DEBTCONSOLIDATION,D,12000,16.29,0.31,N,7,1
25121,24,30000,RENT,0.0,DEBTCONSOLIDATION,B,7000,10.74,0.23,N,4,1
25122,40,60000,MORTGAGE,7.0,MEDICAL,A,3000,7.74,0.05,N,13,0
25123,41,54000,RENT,5.0,MEDICAL,D,12000,16.49,0.22,Y,13,1
25124,25,60000,MORTGAGE,9.0,MEDICAL,C,5000,14.79,0.08,Y,3,0
25125,36,55992,MORTGAGE,3.0,HOMEIMPROVEMENT,B,11000,12.21,0.2,N,12,0
25126,23,40000,RENT,4.0,MEDICAL,A,4000,9.63,0.1,N,4,0
25127,24,30000,RENT,4.0,MEDICAL,A,8000,7.51,0.27,N,2,0
25128,27,100000,MORTGAGE,9.0,DEBTCONSOLIDATION,B,24250,11.36,0.24,N,7,0
25129,22,75000,RENT,2.0,VENTURE,B,25000,10.75,0.33,N,3,1
25130,25,91000,MORTGAGE,9.0,EDUCATION,A,10000,8.49,0.11,N,2,0
25131,26,45000,RENT,1.0,MEDICAL,C,5400,13.11,0.12,Y,4,1
25132,24,62400,RENT,3.0,PERSONAL,A,12000,6.62,0.19,N,2,0
25133,27,60000,RENT,6.0,EDUCATION,B,5000,12.69,0.08,N,7,0
25134,30,45000,RENT,0.0,DEBTCONSOLIDATION,B,5000,10.99,0.11,N,5,0
25135,35,48000,MORTGAGE,19.0,VENTURE,B,5600,11.71,0.12,N,9,0
25136,28,70000,MORTGAGE,12.0,VENTURE,B,5000,10.99,0.07,N,9,0
25137,41,61000,RENT,2.0,VENTURE,A,7500,8.0,0.12,N,15,0
25138,22,26000,RENT,3.0,VENTURE,C,4000,14.26,0.15,N,4,0
25139,28,42000,MORTGAGE,12.0,EDUCATION,A,8000,7.14,0.19,N,6,0
25140,28,110000,MORTGAGE,2.0,EDUCATION,C,6000,13.23,0.05,Y,9,0
25141,26,39600,RENT,10.0,EDUCATION,B,4800,10.99,0.12,N,2,1
25142,32,96000,MORTGAGE,11.0,EDUCATION,B,17000,11.48,0.16,N,10,0
25143,22,50000,MORTGAGE,4.0,EDUCATION,D,2000,15.62,0.04,Y,3,0
25144,22,48000,MORTGAGE,3.0,EDUCATION,A,4000,6.92,0.08,N,3,0
25145,24,33500,RENT,2.0,VENTURE,C,11200,13.23,0.33,N,3,1
25146,31,60000,MORTGAGE,5.0,HOMEIMPROVEMENT,A,6400,6.91,0.11,N,8,0
25147,26,75000,RENT,10.0,HOMEIMPROVEMENT,A,3000,5.99,0.04,N,4,0
25148,23,50000,OWN,5.0,VENTURE,B,5000,12.69,0.1,N,2,0
25149,22,18720,RENT,2.0,DEBTCONSOLIDATION,C,3000,13.16,0.19,Y,2,1
25150,24,75000,RENT,6.0,PERSONAL,B,10000,11.99,0.13,N,2,0
25151,27,60000,MORTGAGE,0.0,MEDICAL,B,12000,10.99,0.2,N,10,0
25152,22,201000,MORTGAGE,6.0,EDUCATION,B,13000,11.83,0.07,N,4,0
25153,24,60000,RENT,1.0,HOMEIMPROVEMENT,C,15000,13.49,0.25,Y,4,0
25154,23,50000,MORTGAGE,7.0,EDUCATION,A,12000,7.66,0.24,N,3,0
25155,24,50000,MORTGAGE,6.0,VENTURE,A,12000,6.62,0.24,N,2,0
25156,24,75000,RENT,4.0,MEDICAL,A,10000,8.59,0.13,N,3,0
25157,22,30000,MORTGAGE,3.0,VENTURE,B,14200,11.14,0.47,N,4,0
25158,36,100000,MORTGAGE,15.0,MEDICAL,B,25000,9.63,0.25,N,15,0
25159,26,72000,MORTGAGE,10.0,PERSONAL,C,7000,13.92,0.1,Y,2,0
25160,21,50000,MORTGAGE,4.0,EDUCATION,A,10000,6.03,0.2,N,4,0
25161,30,69000,MORTGAGE,13.0,PERSONAL,C,5000,12.68,0.07,N,7,0
25162,43,100000,MORTGAGE,5.0,VENTURE,B,15000,9.88,0.15,N,17,0
25163,42,65000,RENT,6.0,DEBTCONSOLIDATION,C,10000,12.98,0.15,Y,14,0
25164,34,50000,OWN,3.0,VENTURE,A,15000,7.51,0.3,N,9,0
25165,33,94000,MORTGAGE,17.0,VENTURE,A,4200,6.99,0.04,N,8,0
25166,28,80000,MORTGAGE,12.0,HOMEIMPROVEMENT,A,6000,9.63,0.07,N,8,0
25167,24,52000,OWN,8.0,VENTURE,A,3000,7.05,0.06,N,2,0
25168,22,42000,RENT,0.0,MEDICAL,B,10000,10.37,0.24,N,4,0
25169,24,31200,RENT,4.0,EDUCATION,B,7000,11.99,0.22,N,3,1
25170,22,30000,MORTGAGE,6.0,VENTURE,A,10625,8.49,0.35,N,3,0
25171,25,70000,RENT,0.0,HOMEIMPROVEMENT,A,6000,7.14,0.09,N,2,0
25172,29,92004,MORTGAGE,12.0,EDUCATION,A,6000,9.63,0.07,N,6,0
25173,29,71520,RENT,0.0,EDUCATION,E,7000,16.82,0.1,N,8,1
25174,27,130000,MORTGAGE,2.0,MEDICAL,A,16000,7.88,0.12,N,5,0
25175,31,32000,RENT,15.0,MEDICAL,C,4800,14.27,0.15,N,5,0
25176,23,148000,RENT,0.0,PERSONAL,D,24250,15.31,0.16,N,4,1
25177,36,78000,MORTGAGE,9.0,VENTURE,C,18000,13.49,0.23,Y,11,0
25178,25,100000,MORTGAGE,9.0,PERSONAL,C,6000,12.68,0.06,N,3,0
25179,24,59000,RENT,1.0,MEDICAL,D,20000,14.11,0.33,N,2,1
25180,23,59000,RENT,5.0,VENTURE,C,14000,13.8,0.24,N,4,0
25181,22,37000,RENT,6.0,DEBTCONSOLIDATION,B,3000,10.36,0.08,N,4,0
25182,24,80000,RENT,5.0,PERSONAL,C,5000,13.49,0.06,Y,4,0
25183,23,96000,MORTGAGE,7.0,EDUCATION,A,10000,7.29,0.1,N,4,0
25184,24,44004,MORTGAGE,5.0,HOMEIMPROVEMENT,A,7500,8.0,0.16,N,2,1
25185,24,27000,OWN,1.0,HOMEIMPROVEMENT,D,7500,16.29,0.28,Y,2,0
25186,27,150000,RENT,2.0,MEDICAL,B,12000,11.86,0.08,N,7,0
25187,36,69000,MORTGAGE,20.0,VENTURE,A,10000,6.99,0.14,N,11,0
25188,25,121000,MORTGAGE,3.0,VENTURE,A,2000,8.9,0.02,N,4,0
25189,25,60000,RENT,5.0,VENTURE,B,5600,9.99,0.09,N,2,0
25190,24,80000,MORTGAGE,8.0,HOMEIMPROVEMENT,B,6000,10.37,0.07,N,3,0
25191,31,50000,RENT,5.0,DEBTCONSOLIDATION,A,10000,8.49,0.2,N,7,0
25192,23,29000,RENT,2.0,MEDICAL,A,6000,6.17,0.21,N,3,0
25193,22,60000,RENT,1.0,EDUCATION,A,7200,8.9,0.12,N,4,0
25194,36,120000,MORTGAGE,2.0,EDUCATION,B,3600,11.83,0.03,N,16,0
25195,24,90000,RENT,0.0,HOMEIMPROVEMENT,A,10000,8.94,0.11,N,3,0
25196,25,30000,OWN,1.0,MEDICAL,A,3000,7.51,0.1,N,3,0
25197,32,60000,MORTGAGE,15.0,DEBTCONSOLIDATION,A,8500,7.14,0.15,N,9,0
25198,24,44000,RENT,2.0,PERSONAL,D,8000,14.84,0.18,N,2,1
25199,23,30000,RENT,7.0,VENTURE,A,10000,7.51,0.33,N,2,1
25200,24,72500,MORTGAGE,1.0,VENTURE,B,6000,12.53,0.09,N,2,0
25201,26,46000,MORTGAGE,1.0,PERSONAL,A,6000,7.88,0.13,N,3,0
25202,31,80000,RENT,15.0,DEBTCONSOLIDATION,C,15000,13.06,0.19,N,10,0
25203,34,24000,RENT,4.0,MEDICAL,A,4500,6.62,0.19,N,6,0
25204,24,85000,RENT,0.0,HOMEIMPROVEMENT,A,16000,8.59,0.19,N,4,0
25205,29,60000,MORTGAGE,4.0,VENTURE,A,14000,7.51,0.23,N,6,0
25206,25,48000,MORTGAGE,5.0,VENTURE,A,4000,5.42,0.08,N,3,0
25207,28,20000,RENT,0.0,PERSONAL,B,2500,9.76,0.13,N,5,0
25208,25,54000,MORTGAGE,9.0,DEBTCONSOLIDATION,B,5000,10.99,0.09,N,4,0
25209,26,64000,RENT,6.0,EDUCATION,D,10000,15.62,0.16,Y,2,1
25210,21,45150,RENT,5.0,EDUCATION,E,17000,14.18,0.36,N,2,1
25211,22,39996,RENT,3.0,VENTURE,A,10000,5.79,0.25,N,3,0
25212,35,762000,RENT,3.0,PERSONAL,B,8000,11.71,0.01,N,9,0
25213,25,50000,RENT,9.0,HOMEIMPROVEMENT,D,6200,13.87,0.12,Y,4,0
25214,26,105000,MORTGAGE,9.0,DEBTCONSOLIDATION,C,10300,13.49,0.1,N,3,0
25215,51,140000,MORTGAGE,3.0,PERSONAL,A,12000,7.88,0.09,N,22,0
25216,25,45000,RENT,9.0,EDUCATION,B,8400,10.0,0.19,N,2,0
25217,22,90000,RENT,6.0,EDUCATION,B,12000,10.99,0.13,N,3,0
25218,24,70000,MORTGAGE,8.0,HOMEIMPROVEMENT,A,12000,7.88,0.17,N,3,0
25219,24,50000,MORTGAGE,8.0,EDUCATION,E,5500,16.7,0.11,Y,2,0
25220,29,45000,RENT,2.0,MEDICAL,C,10000,14.27,0.22,N,8,0
25221,33,90000,MORTGAGE,2.0,MEDICAL,A,12000,7.51,0.13,N,10,0
25222,29,72500,MORTGAGE,1.0,MEDICAL,A,5000,7.29,0.07,N,7,0
25223,36,54000,RENT,0.0,MEDICAL,D,24000,14.61,0.44,Y,12,1
25224,25,57700,MORTGAGE,0.0,HOMEIMPROVEMENT,A,4000,6.76,0.07,N,4,0
25225,26,105000,MORTGAGE,2.0,EDUCATION,A,6000,7.51,0.06,N,3,0
25226,35,75000,RENT,7.0,DEBTCONSOLIDATION,B,15000,12.18,0.2,N,10,0
25227,27,100000,RENT,4.0,VENTURE,D,25000,15.21,0.25,N,6,0
25228,30,63000,RENT,1.0,VENTURE,C,3000,13.99,0.05,N,10,0
25229,30,50000,OWN,3.0,VENTURE,A,5000,5.99,0.1,N,7,0
25230,21,60000,MORTGAGE,5.0,EDUCATION,A,8000,7.88,0.13,N,3,0
25231,24,75000,MORTGAGE,8.0,EDUCATION,D,3000,14.74,0.04,Y,2,0
25232,36,50004,RENT,6.0,PERSONAL,C,6250,15.27,0.12,Y,12,0
25233,23,58650,MORTGAGE,8.0,DEBTCONSOLIDATION,C,19750,13.16,0.29,N,4,0
25234,23,32000,RENT,1.0,EDUCATION,A,6000,7.9,0.19,N,4,0
25235,30,110000,MORTGAGE,6.0,DEBTCONSOLIDATION,B,12000,10.0,0.11,N,5,0
25236,32,60000,RENT,5.0,DEBTCONSOLIDATION,A,5400,7.29,0.09,N,10,0
25237,24,58000,RENT,2.0,HOMEIMPROVEMENT,C,5000,13.06,0.09,N,3,0
25238,25,65000,RENT,4.0,MEDICAL,B,24000,10.65,0.37,N,3,1
25239,23,71400,RENT,7.0,MEDICAL,B,16000,12.69,0.2,N,3,1
25240,33,55000,MORTGAGE,3.0,DEBTCONSOLIDATION,A,3600,7.14,0.07,N,8,0
25241,24,61800,MORTGAGE,5.0,DEBTCONSOLIDATION,B,5000,10.65,0.08,N,4,0
25242,27,29000,RENT,6.0,MEDICAL,C,5000,12.99,0.17,Y,6,0
25243,23,66000,RENT,7.0,VENTURE,B,10000,10.25,0.15,N,3,0
25244,25,60000,MORTGAGE,3.0,PERSONAL,B,6000,11.49,0.1,N,3,0
25245,31,28800,RENT,2.0,DEBTCONSOLIDATION,B,9600,10.37,0.33,N,8,1
25246,42,134000,MORTGAGE,2.0,PERSONAL,B,8000,9.99,0.06,N,11,0
25247,23,80000,MORTGAGE,5.0,EDUCATION,B,10000,12.42,0.13,N,3,0
25248,26,85000,MORTGAGE,6.0,DEBTCONSOLIDATION,A,7000,7.88,0.08,N,3,0
25249,22,110000,MORTGAGE,6.0,DEBTCONSOLIDATION,B,12000,10.99,0.11,N,4,0
25250,27,115000,RENT,2.0,EDUCATION,C,10000,14.22,0.09,Y,5,0
25251,34,100000,RENT,14.0,PERSONAL,E,10000,16.4,0.1,Y,7,0
25252,34,52000,MORTGAGE,2.0,PERSONAL,A,7000,7.88,0.13,N,7,0
25253,22,45000,MORTGAGE,6.0,MEDICAL,B,10000,10.99,0.22,N,2,0
25254,27,45000,RENT,11.0,MEDICAL,B,6000,11.71,0.13,N,8,0
25255,23,36000,RENT,2.0,MEDICAL,C,4000,12.99,0.11,Y,3,0
25256,27,150000,MORTGAGE,4.0,PERSONAL,A,3000,7.14,0.02,N,6,0
25257,25,71604,RENT,1.0,PERSONAL,B,7200,10.95,0.1,N,3,0
25258,32,60000,RENT,3.0,MEDICAL,B,4800,10.62,0.08,N,10,0
25259,25,180000,MORTGAGE,3.0,EDUCATION,A,9000,7.9,0.05,N,2,0
25260,43,120000,MORTGAGE,27.0,PERSONAL,B,9600,9.99,0.08,N,17,0
25261,39,78000,MORTGAGE,0.0,MEDICAL,C,10000,13.06,0.13,Y,12,0
25262,26,90000,RENT,9.0,PERSONAL,B,12000,12.18,0.13,N,3,1
25263,33,18700,RENT,2.0,MEDICAL,A,1500,7.37,0.08,N,6,0
25264,23,45000,RENT,2.0,EDUCATION,C,3000,13.49,0.07,Y,4,0
25265,28,63000,RENT,12.0,DEBTCONSOLIDATION,A,10000,8.94,0.16,N,6,0
25266,22,70000,MORTGAGE,2.0,EDUCATION,B,12000,11.89,0.16,N,4,0
25267,24,113000,MORTGAGE,4.0,DEBTCONSOLIDATION,B,25000,12.53,0.22,N,3,0
25268,27,42000,RENT,2.0,VENTURE,A,5000,6.99,0.12,N,6,0
25269,23,80000,RENT,5.0,EDUCATION,B,6000,10.99,0.07,N,3,0
25270,30,48500,RENT,5.0,MEDICAL,C,7500,13.23,0.15,N,7,0
25271,27,60000,RENT,1.0,DEBTCONSOLIDATION,B,10000,10.25,0.17,N,7,0
25272,27,60000,RENT,5.0,VENTURE,A,8000,7.14,0.13,N,6,0
25273,28,50000,MORTGAGE,6.0,DEBTCONSOLIDATION,A,8000,6.62,0.16,N,5,0
25274,21,65000,MORTGAGE,5.0,PERSONAL,A,6000,5.99,0.09,N,2,0
25275,25,125000,MORTGAGE,6.0,EDUCATION,A,25000,7.49,0.2,N,4,0
25276,29,60000,RENT,4.0,HOMEIMPROVEMENT,B,2400,11.49,0.04,N,9,0
25277,23,73000,MORTGAGE,1.0,DEBTCONSOLIDATION,B,10000,10.74,0.14,N,3,0
25278,29,90000,RENT,2.0,EDUCATION,C,8000,12.99,0.09,N,9,0
25279,32,60000,MORTGAGE,3.0,PERSONAL,C,4000,13.49,0.07,N,7,0
25280,36,90000,RENT,0.0,VENTURE,C,5000,13.57,0.06,N,15,0
25281,22,80000,MORTGAGE,0.0,PERSONAL,A,10000,7.51,0.13,N,2,0
25282,53,110000,OWN,6.0,VENTURE,C,25000,14.35,0.23,Y,30,0
25283,36,60000,RENT,5.0,PERSONAL,D,9600,15.31,0.16,Y,16,0
25284,23,34000,RENT,1.0,EDUCATION,C,12000,12.84,0.35,N,3,1
25285,21,50270,RENT,5.0,VENTURE,A,9000,7.49,0.18,N,3,0
25286,25,48000,RENT,0.0,VENTURE,C,15000,13.11,0.31,Y,4,1
25287,30,80000,MORTGAGE,5.0,VENTURE,A,8000,6.62,0.1,N,8,0
25288,21,36000,RENT,5.0,MEDICAL,C,4750,12.41,0.13,Y,3,0
25289,37,174996,MORTGAGE,11.0,MEDICAL,B,6500,12.69,0.04,N,15,0
25290,33,62400,MORTGAGE,17.0,HOMEIMPROVEMENT,D,9000,14.74,0.15,Y,9,1
25291,29,110000,RENT,5.0,VENTURE,C,6000,12.73,0.05,Y,5,0
25292,33,120000,RENT,3.0,PERSONAL,E,6000,18.39,0.05,Y,8,0
25293,22,48000,MORTGAGE,6.0,MEDICAL,A,7500,7.49,0.16,N,4,0
25294,26,70000,MORTGAGE,5.0,EDUCATION,B,12000,10.99,0.17,N,4,0
25295,24,60000,RENT,3.0,HOMEIMPROVEMENT,C,9000,13.61,0.15,N,2,0
25296,34,88512,MORTGAGE,2.0,EDUCATION,C,3000,10.28,0.03,N,10,0
25297,26,74000,OWN,7.0,HOMEIMPROVEMENT,A,5000,8.49,0.07,N,2,0
25298,24,44000,RENT,0.0,PERSONAL,C,15000,13.99,0.34,Y,3,1
25299,35,54000,RENT,14.0,VENTURE,D,14900,15.7,0.27,N,7,0
25300,27,26300,RENT,1.0,EDUCATION,A,7500,9.63,0.29,N,6,1
25301,26,42000,RENT,0.0,EDUCATION,B,5000,11.11,0.12,N,3,0
25302,26,50426,RENT,0.0,MEDICAL,A,4200,8.0,0.08,N,4,0
25303,28,37000,MORTGAGE,1.0,VENTURE,A,3000,7.14,0.08,N,5,0
25304,26,65000,RENT,3.0,EDUCATION,B,15000,10.59,0.23,N,3,0
25305,23,69764,RENT,0.0,HOMEIMPROVEMENT,B,1500,11.14,0.02,N,2,1
25306,23,62500,RENT,3.0,DEBTCONSOLIDATION,D,5000,16.02,0.08,Y,4,1
25307,25,40000,OWN,2.0,VENTURE,A,10000,7.51,0.25,N,2,0
25308,22,54000,MORTGAGE,7.0,VENTURE,B,7500,11.36,0.14,N,3,0
25309,37,90000,RENT,2.0,PERSONAL,C,16000,13.06,0.18,Y,4,0
25310,22,55000,RENT,7.0,DEBTCONSOLIDATION,B,7200,11.71,0.13,N,4,0
25311,35,30000,RENT,2.0,VENTURE,D,10000,15.31,0.33,Y,5,1
25312,23,29000,RENT,5.0,EDUCATION,B,4000,12.69,0.14,N,4,1
25313,34,12000,RENT,0.0,MEDICAL,C,3000,13.92,0.25,Y,7,1
25314,35,160000,MORTGAGE,9.0,EDUCATION,A,24000,7.9,0.15,N,5,0
25315,22,66000,MORTGAGE,5.0,VENTURE,B,10000,10.25,0.15,N,2,0
25316,22,55000,RENT,6.0,VENTURE,B,5000,9.99,0.09,N,4,0
25317,25,110400,MORTGAGE,9.0,EDUCATION,B,3000,11.49,0.03,N,3,0
25318,22,39000,RENT,4.0,EDUCATION,D,7200,17.49,0.18,N,2,1
25319,22,59000,RENT,6.0,VENTURE,D,5000,14.84,0.08,N,3,0
25320,23,120000,MORTGAGE,2.0,DEBTCONSOLIDATION,A,18400,8.9,0.15,N,4,0
25321,25,30000,RENT,3.0,MEDICAL,B,5000,10.74,0.17,N,2,0
25322,31,150000,RENT,5.0,DEBTCONSOLIDATION,D,20000,14.74,0.13,Y,8,0
25323,30,60000,RENT,6.0,HOMEIMPROVEMENT,B,4800,10.0,0.08,N,7,0
25324,25,33996,RENT,4.0,DEBTCONSOLIDATION,A,5500,7.88,0.17,N,4,0
25325,33,60000,MORTGAGE,1.0,PERSONAL,B,15000,11.83,0.25,N,9,0
25326,26,75000,RENT,8.0,VENTURE,D,7500,15.37,0.1,Y,3,0
25327,23,39480,OWN,7.0,EDUCATION,A,7000,7.51,0.18,N,2,0
25328,26,39000,RENT,0.0,VENTURE,A,5000,7.9,0.13,N,3,0
25329,25,30000,RENT,4.0,EDUCATION,D,10000,15.31,0.33,N,2,1
25330,27,107800,OWN,11.0,EDUCATION,C,5200,14.65,0.05,N,6,0
25331,21,40000,MORTGAGE,5.0,EDUCATION,B,15000,11.99,0.38,N,3,0
25332,42,75873,MORTGAGE,13.0,MEDICAL,A,13200,7.29,0.17,N,15,0
25333,26,60000,RENT,10.0,DEBTCONSOLIDATION,B,25000,10.25,0.42,N,3,1
25334,41,45000,RENT,1.0,PERSONAL,B,6500,10.65,0.15,N,12,0
25335,33,70000,MORTGAGE,17.0,PERSONAL,C,2500,13.57,0.03,N,5,0
25336,33,95004,MORTGAGE,2.0,PERSONAL,C,9000,13.35,0.1,Y,9,0
25337,29,105000,MORTGAGE,6.0,VENTURE,B,10000,11.71,0.1,N,9,0
25338,27,43000,RENT,2.0,DEBTCONSOLIDATION,A,9600,9.32,0.22,N,9,0
25339,24,100000,MORTGAGE,4.0,EDUCATION,A,12000,6.03,0.12,N,4,0
25340,22,75000,RENT,6.0,MEDICAL,A,8000,6.17,0.11,N,3,0
25341,24,42000,RENT,2.0,MEDICAL,A,12000,7.9,0.29,N,2,0
25342,29,80000,MORTGAGE,13.0,MEDICAL,A,10000,6.99,0.13,N,10,0
25343,23,70000,MORTGAGE,4.0,MEDICAL,A,12000,6.03,0.17,N,2,0
25344,28,78000,RENT,2.0,EDUCATION,B,14000,11.71,0.18,N,7,0
25345,40,31000,RENT,0.0,MEDICAL,B,10000,10.38,0.32,N,11,1
25346,24,50000,MORTGAGE,0.0,PERSONAL,A,15000,7.9,0.3,N,4,0
25347,22,27000,RENT,5.0,VENTURE,C,9600,13.85,0.35,N,3,1
25348,32,60000,MORTGAGE,5.0,EDUCATION,D,16000,14.11,0.27,N,8,0
25349,27,60000,RENT,7.0,MEDICAL,B,12000,11.36,0.2,N,7,0
25350,27,65000,MORTGAGE,11.0,DEBTCONSOLIDATION,A,5500,7.51,0.08,N,5,0
25351,23,80000,MORTGAGE,7.0,MEDICAL,C,4400,14.79,0.06,Y,4,0
25352,32,24000,RENT,0.0,HOMEIMPROVEMENT,D,1500,14.42,0.06,N,7,1
25353,23,200000,MORTGAGE,2.0,EDUCATION,A,12000,8.59,0.06,N,3,0
25354,25,35000,OWN,9.0,MEDICAL,A,1000,7.4,0.03,N,2,0
25355,22,50000,RENT,5.0,DEBTCONSOLIDATION,C,3000,13.49,0.06,Y,2,0
25356,34,60000,MORTGAGE,5.0,MEDICAL,A,15000,7.88,0.25,N,10,0
25357,46,60000,RENT,1.0,VENTURE,B,10000,9.91,0.17,N,16,0
25358,22,60000,RENT,0.0,EDUCATION,A,6000,7.29,0.1,N,4,0
25359,34,60000,RENT,3.0,PERSONAL,C,10000,13.61,0.17,N,5,0
25360,38,60000,MORTGAGE,4.0,EDUCATION,C,15000,13.49,0.25,N,14,0
25361,25,35400,MORTGAGE,0.0,DEBTCONSOLIDATION,D,12000,15.65,0.34,N,3,1
25362,27,122000,RENT,0.0,EDUCATION,C,7500,11.03,0.06,Y,10,0
25363,44,75000,RENT,3.0,EDUCATION,D,7000,16.29,0.09,Y,15,0
25364,21,24000,RENT,5.0,EDUCATION,B,5000,10.99,0.21,N,3,0
25365,27,60000,RENT,4.0,DEBTCONSOLIDATION,C,10000,13.61,0.17,N,6,0
25366,25,110000,MORTGAGE,9.0,DEBTCONSOLIDATION,B,25000,9.99,0.23,N,3,0
25367,39,55000,RENT,3.0,PERSONAL,D,4000,16.77,0.07,N,13,0
25368,23,39000,RENT,2.0,PERSONAL,D,6000,15.62,0.15,Y,3,1
25369,24,30000,RENT,8.0,PERSONAL,A,5000,7.9,0.17,N,2,0
25370,37,90000,RENT,9.0,HOMEIMPROVEMENT,B,5000,11.11,0.06,N,15,0
25371,23,53774,RENT,7.0,EDUCATION,A,6000,7.49,0.11,N,3,0
25372,42,36000,RENT,5.0,MEDICAL,B,5000,10.65,0.14,N,14,0
25373,22,39000,RENT,7.0,DEBTCONSOLIDATION,B,10000,11.71,0.26,N,2,0
25374,25,129996,MORTGAGE,9.0,VENTURE,A,3000,7.49,0.03,N,3,0
25375,23,30000,RENT,1.0,VENTURE,A,4000,7.49,0.13,N,2,1
25376,36,55000,MORTGAGE,3.0,HOMEIMPROVEMENT,A,4800,7.14,0.09,N,11,0
25377,23,62000,MORTGAGE,7.0,EDUCATION,A,7500,7.51,0.12,N,3,0
25378,26,45000,MORTGAGE,4.0,EDUCATION,A,7000,6.62,0.16,N,3,0
25379,22,30000,RENT,2.0,HOMEIMPROVEMENT,D,5000,16.02,0.17,Y,2,1
25380,29,100000,RENT,2.0,DEBTCONSOLIDATION,A,5000,5.42,0.05,N,9,0
25381,34,70000,MORTGAGE,5.0,EDUCATION,D,5000,14.61,0.07,Y,7,1
25382,22,70000,MORTGAGE,6.0,EDUCATION,A,11600,6.03,0.17,N,4,0
25383,23,96000,MORTGAGE,3.0,PERSONAL,A,4000,7.49,0.04,N,3,0
25384,29,80000,MORTGAGE,13.0,DEBTCONSOLIDATION,A,20000,6.91,0.25,N,5,0
25385,27,70000,MORTGAGE,0.0,DEBTCONSOLIDATION,A,14000,7.29,0.2,N,5,0
25386,23,36000,RENT,8.0,EDUCATION,C,12000,13.11,0.33,Y,4,0
25387,24,75000,MORTGAGE,8.0,DEBTCONSOLIDATION,A,6500,6.62,0.09,N,4,0
25388,23,72100,MORTGAGE,4.0,PERSONAL,B,15000,10.75,0.21,N,3,0
25389,23,42000,RENT,0.0,EDUCATION,C,1000,14.65,0.02,N,2,0
25390,23,39000,MORTGAGE,2.0,PERSONAL,D,1300,15.2,0.33,Y,3,0
25391,34,95000,RENT,2.0,EDUCATION,A,5000,8.49,0.05,N,9,0
25392,34,40000,MORTGAGE,8.0,DEBTCONSOLIDATION,C,7500,12.22,0.19,Y,8,0
25393,22,45000,MORTGAGE,2.0,PERSONAL,B,10000,10.36,0.22,N,4,0
25394,46,50000,MORTGAGE,0.0,PERSONAL,A,3500,7.49,0.07,N,11,0
25395,32,26400,RENT,0.0,PERSONAL,B,4800,10.74,0.18,N,5,0
25396,29,70000,OWN,2.0,VENTURE,B,10000,9.88,0.14,N,8,0
25397,23,34800,MORTGAGE,3.0,DEBTCONSOLIDATION,A,9600,8.94,0.27,N,4,0
25398,30,52000,MORTGAGE,3.0,DEBTCONSOLIDATION,C,15500,14.72,0.31,Y,10,0
25399,29,54000,MORTGAGE,2.0,DEBTCONSOLIDATION,A,7800,7.14,0.14,N,8,0
25400,48,19200,OWN,1.0,PERSONAL,B,9600,9.51,0.52,N,16,1
25401,31,49000,MORTGAGE,0.0,MEDICAL,D,4800,15.62,0.1,Y,7,1
25402,27,50000,MORTGAGE,3.0,VENTURE,C,12000,13.8,0.24,N,5,0
25403,24,33600,MORTGAGE,8.0,MEDICAL,A,1000,6.76,0.03,N,4,0
25404,22,45000,RENT,0.0,MEDICAL,A,1375,6.99,0.03,N,2,0
25405,22,63300,MORTGAGE,3.0,EDUCATION,A,24000,7.9,0.38,N,4,0
25406,28,120000,MORTGAGE,12.0,DEBTCONSOLIDATION,C,14500,13.16,0.12,Y,9,0
25407,23,60000,RENT,1.0,VENTURE,A,3000,8.49,0.05,N,2,0
25408,25,130000,MORTGAGE,1.0,VENTURE,B,5000,11.83,0.04,N,4,0
25409,23,80000,MORTGAGE,0.0,EDUCATION,A,18000,7.49,0.23,N,2,0
25410,29,75000,MORTGAGE,9.0,EDUCATION,A,16000,6.03,0.21,N,9,0
25411,42,141000,MORTGAGE,0.0,MEDICAL,B,10000,10.99,0.07,N,12,0
25412,23,49800,RENT,5.0,MEDICAL,B,2400,11.83,0.05,N,3,0
25413,23,56000,MORTGAGE,7.0,DEBTCONSOLIDATION,D,5000,14.54,0.09,N,3,1
25414,23,97000,MORTGAGE,4.0,EDUCATION,B,4800,9.25,0.05,N,4,0
25415,26,54263,RENT,5.0,HOMEIMPROVEMENT,C,3500,11.66,0.06,N,4,0
25416,23,36200,RENT,5.0,EDUCATION,B,9000,9.99,0.25,N,2,0
25417,38,75000,MORTGAGE,16.0,VENTURE,A,10000,6.62,0.13,N,13,0
25418,24,42000,MORTGAGE,8.0,PERSONAL,B,8000,12.69,0.19,N,3,0
25419,31,84300,RENT,4.0,MEDICAL,A,12000,5.79,0.14,N,10,0
25420,22,65004,MORTGAGE,5.0,PERSONAL,A,4000,5.99,0.06,N,4,0
25421,23,55200,RENT,0.0,EDUCATION,D,15250,14.42,0.28,N,3,1
25422,26,70000,RENT,1.0,EDUCATION,A,15000,7.9,0.21,N,3,0
25423,35,45000,RENT,2.0,DEBTCONSOLIDATION,C,1800,12.61,0.04,Y,8,0
25424,36,48000,RENT,4.0,DEBTCONSOLIDATION,D,15000,15.99,0.31,N,17,1
25425,41,60000,RENT,3.0,DEBTCONSOLIDATION,C,2400,13.49,0.04,Y,16,0
25426,22,40000,RENT,2.0,EDUCATION,A,6000,9.32,0.15,N,3,0
25427,24,80000,MORTGAGE,6.0,DEBTCONSOLIDATION,A,16000,6.17,0.2,N,4,0
25428,25,52000,RENT,5.0,MEDICAL,B,6000,9.62,0.12,N,2,0
25429,48,98000,MORTGAGE,7.0,VENTURE,B,25000,9.91,0.25,N,12,0
25430,22,40000,RENT,3.0,DEBTCONSOLIDATION,B,7200,10.59,0.18,N,4,0
25431,22,96000,MORTGAGE,0.0,EDUCATION,C,15000,13.49,0.16,Y,4,0
25432,34,57500,RENT,6.0,VENTURE,B,5000,10.59,0.08,N,6,0
25433,22,25000,RENT,4.0,MEDICAL,D,8000,16.02,0.32,Y,4,1
25434,22,60000,MORTGAGE,6.0,DEBTCONSOLIDATION,A,5500,7.14,0.09,N,4,0
25435,23,70000,MORTGAGE,7.0,VENTURE,B,13000,10.62,0.19,N,2,0
25436,40,150000,MORTGAGE,5.0,VENTURE,A,12000,7.29,0.08,N,17,0
25437,28,57600,MORTGAGE,12.0,HOMEIMPROVEMENT,A,10000,5.42,0.17,N,6,0
25438,22,60000,RENT,5.0,DEBTCONSOLIDATION,B,3500,10.99,0.06,N,2,0
25439,22,60000,MORTGAGE,5.0,EDUCATION,A,7200,8.9,0.12,N,4,0
25440,25,75000,MORTGAGE,0.0,HOMEIMPROVEMENT,A,6000,5.79,0.08,N,2,0
25441,23,47000,RENT,6.0,EDUCATION,C,22000,13.43,0.44,Y,4,1
25442,25,42000,RENT,0.0,EDUCATION,C,5000,13.49,0.12,N,2,0
25443,29,46000,MORTGAGE,10.0,PERSONAL,B,6000,10.65,0.13,N,10,0
25444,25,30000,RENT,3.0,DEBTCONSOLIDATION,A,5000,7.49,0.17,N,3,0
25445,24,67000,MORTGAGE,5.0,HOMEIMPROVEMENT,B,7000,9.99,0.1,N,4,0
25446,39,85000,MORTGAGE,3.0,HOMEIMPROVEMENT,B,12000,10.37,0.14,N,13,0
25447,21,30000,RENT,2.0,VENTURE,B,5000,12.18,0.17,N,2,1
25448,24,75000,MORTGAGE,4.0,EDUCATION,A,12000,5.79,0.16,N,4,0
25449,22,47004,RENT,6.0,MEDICAL,C,7500,11.03,0.16,Y,2,0
25450,34,24000,MORTGAGE,6.0,EDUCATION,B,5000,11.86,0.21,N,5,0
25451,35,64000,MORTGAGE,14.0,MEDICAL,A,5600,8.9,0.08,N,6,0
25452,24,97750,MORTGAGE,8.0,EDUCATION,B,14000,10.75,0.15,N,4,0
25453,28,60000,MORTGAGE,0.0,DEBTCONSOLIDATION,A,5000,6.62,0.08,N,8,0
25454,24,97850,RENT,4.0,HOMEIMPROVEMENT,A,10000,6.99,0.1,N,3,0
25455,40,70000,MORTGAGE,0.0,MEDICAL,C,5000,11.78,0.07,Y,11,0
25456,22,96000,MORTGAGE,4.0,EDUCATION,B,12000,9.91,0.13,N,3,0
25457,23,40000,RENT,2.0,VENTURE,B,2000,11.36,0.05,N,3,0
25458,26,39516,RENT,0.0,EDUCATION,C,5000,12.87,0.13,N,4,0
25459,23,45000,RENT,2.0,EDUCATION,A,8000,7.51,0.18,N,2,0
25460,48,32004,RENT,3.0,DEBTCONSOLIDATION,B,15000,10.99,0.47,N,16,1
25461,47,120000,MORTGAGE,3.0,DEBTCONSOLIDATION,D,10000,14.96,0.08,Y,11,0
25462,24,28500,RENT,1.0,VENTURE,C,1600,13.99,0.06,Y,3,0
25463,22,48000,MORTGAGE,6.0,VENTURE,A,6000,7.9,0.13,N,2,0
25464,30,30000,MORTGAGE,14.0,DEBTCONSOLIDATION,A,7000,7.51,0.23,N,9,0
25465,25,55000,MORTGAGE,9.0,DEBTCONSOLIDATION,A,7000,7.49,0.13,N,4,0
25466,21,36000,RENT,5.0,MEDICAL,A,5000,7.51,0.14,N,2,0
25467,35,27000,RENT,5.0,VENTURE,C,4800,12.99,0.18,N,10,0
25468,23,60000,RENT,0.0,MEDICAL,B,5000,9.91,0.08,N,4,0
25469,55,36000,MORTGAGE,0.0,EDUCATION,A,8000,8.32,0.22,N,28,0
25470,23,75000,MORTGAGE,1.0,PERSONAL,D,15000,14.96,0.2,N,3,0
25471,38,80000,MORTGAGE,10.0,MEDICAL,A,5000,7.29,0.06,N,13,0
25472,37,54000,RENT,2.0,MEDICAL,A,4000,7.9,0.07,N,14,0
25473,23,57600,MORTGAGE,8.0,VENTURE,C,1200,15.23,0.02,Y,2,0
25474,28,121000,MORTGAGE,4.0,PERSONAL,A,12000,7.51,0.1,N,7,0
25475,33,48000,RENT,2.0,PERSONAL,B,10000,10.65,0.21,N,5,0
25476,23,80000,MORTGAGE,0.0,EDUCATION,D,16000,14.42,0.2,Y,4,0
25477,22,54000,RENT,4.0,MEDICAL,C,8000,13.98,0.15,N,3,0
25478,35,130000,MORTGAGE,15.0,PERSONAL,B,10200,11.49,0.08,N,6,0
25479,33,60000,MORTGAGE,5.0,EDUCATION,A,7000,6.91,0.12,N,9,0
25480,27,55000,MORTGAGE,11.0,DEBTCONSOLIDATION,A,9000,5.42,0.16,N,8,0
25481,24,88900,OWN,8.0,MEDICAL,B,4000,11.48,0.05,N,4,0
25482,27,31000,RENT,1.0,MEDICAL,A,13000,6.91,0.44,N,6,1
25483,39,70000,RENT,9.0,EDUCATION,B,18000,11.89,0.26,N,11,0
25484,23,65000,RENT,3.0,EDUCATION,B,7500,11.49,0.12,N,2,0
25485,37,47000,MORTGAGE,1.0,DEBTCONSOLIDATION,B,3000,10.74,0.06,N,11,0
25486,23,24996,RENT,2.0,VENTURE,C,6000,12.98,0.24,Y,2,0
25487,36,140000,MORTGAGE,5.0,VENTURE,A,20000,6.91,0.14,N,15,0
25488,28,98000,MORTGAGE,4.0,MEDICAL,A,35000,7.9,0.36,N,9,1
25489,23,100000,MORTGAGE,5.0,MEDICAL,B,15000,11.12,0.15,N,2,0
25490,37,55000,RENT,0.0,DEBTCONSOLIDATION,A,4000,7.14,0.07,N,17,0
25491,23,62400,RENT,7.0,VENTURE,C,15000,14.17,0.24,N,4,0
25492,26,60000,MORTGAGE,6.0,MEDICAL,A,3500,6.76,0.06,N,3,0
25493,22,65000,RENT,5.0,MEDICAL,A,12000,5.79,0.18,N,4,0
25494,22,40000,RENT,1.0,PERSONAL,A,4000,7.43,0.1,N,4,0
25495,41,70000,MORTGAGE,17.0,EDUCATION,A,8000,5.79,0.11,N,17,0
25496,24,58000,OWN,8.0,EDUCATION,B,15000,12.18,0.26,N,3,0
25497,36,58000,MORTGAGE,2.0,MEDICAL,C,15000,13.85,0.26,N,14,0
25498,25,61828,OWN,10.0,VENTURE,E,7000,18.79,0.11,N,3,0
25499,73,42000,RENT,7.0,PERSONAL,D,13750,14.96,0.32,N,24,1
25500,24,60000,MORTGAGE,6.0,HOMEIMPROVEMENT,A,3500,7.68,0.06,N,2,0
25501,25,45000,RENT,0.0,MEDICAL,A,1800,7.49,0.04,N,3,0
25502,28,43000,RENT,6.0,MEDICAL,A,4500,7.49,0.1,N,7,0
25503,35,90000,MORTGAGE,0.0,VENTURE,C,4000,13.98,0.04,Y,7,0
25504,29,40500,RENT,1.0,VENTURE,A,6475,6.62,0.16,N,9,0
25505,26,52000,MORTGAGE,2.0,EDUCATION,A,10000,6.62,0.19,N,2,0
25506,25,24996,RENT,0.0,EDUCATION,C,10750,12.53,0.44,Y,2,1
25507,24,60000,RENT,9.0,HOMEIMPROVEMENT,A,9600,5.79,0.16,N,3,0
25508,34,40000,RENT,4.0,EDUCATION,B,2500,11.49,0.06,N,10,0
25509,28,60000,MORTGAGE,12.0,HOMEIMPROVEMENT,A,6000,9.63,0.1,N,8,0
25510,24,42000,RENT,5.0,PERSONAL,C,5000,12.99,0.12,N,4,0
25511,29,108000,RENT,0.0,PERSONAL,E,10000,16.35,0.09,Y,5,1
25512,38,70000,RENT,0.0,EDUCATION,A,10000,8.59,0.14,N,15,0
25513,39,30000,RENT,3.0,EDUCATION,B,8000,12.42,0.27,N,16,0
25514,22,37000,RENT,0.0,VENTURE,B,5500,10.65,0.15,N,3,0
25515,28,200000,MORTGAGE,5.0,MEDICAL,A,12000,7.88,0.06,N,10,0
25516,34,21600,OWN,0.0,EDUCATION,B,5275,11.71,0.25,N,8,0
25517,33,55000,OWN,7.0,HOMEIMPROVEMENT,B,14400,11.14,0.27,N,9,0
25518,39,72000,RENT,2.0,VENTURE,B,5000,11.86,0.07,N,16,0
25519,26,45000,RENT,4.0,EDUCATION,A,11200,7.29,0.25,N,4,0
25520,24,28140,RENT,0.0,VENTURE,E,7500,15.68,0.28,Y,3,1
25521,22,45504,OWN,2.0,EDUCATION,A,9000,7.49,0.2,N,4,0
25522,31,60000,MORTGAGE,2.0,VENTURE,A,6000,6.03,0.1,N,5,0
25523,23,75000,RENT,0.0,EDUCATION,C,12000,13.16,0.16,N,2,0
25524,43,175436,MORTGAGE,1.0,DEBTCONSOLIDATION,B,7000,9.91,0.04,N,10,0
25525,26,104800,OWN,10.0,MEDICAL,A,1450,9.32,0.01,N,3,0
25526,26,100000,MORTGAGE,0.0,PERSONAL,B,20000,12.69,0.2,N,4,0
25527,21,36000,OWN,3.0,EDUCATION,D,5000,15.99,0.14,Y,4,0
25528,28,112000,MORTGAGE,12.0,DEBTCONSOLIDATION,A,12000,7.51,0.11,N,7,0
25529,29,31000,RENT,0.0,EDUCATION,C,8000,13.72,0.26,Y,8,0
25530,40,100000,MORTGAGE,6.0,EDUCATION,A,18000,6.99,0.18,N,14,0
25531,29,80000,MORTGAGE,13.0,MEDICAL,A,10000,7.14,0.13,N,10,0
25532,23,65000,MORTGAGE,8.0,DEBTCONSOLIDATION,A,6000,6.03,0.09,N,2,0
25533,28,96000,MORTGAGE,6.0,MEDICAL,A,12000,6.03,0.13,N,7,0
25534,24,55000,MORTGAGE,8.0,HOMEIMPROVEMENT,A,5000,7.49,0.09,N,2,0
25535,25,29120,RENT,0.0,DEBTCONSOLIDATION,B,6000,10.75,0.2,N,3,0
25536,28,40000,RENT,1.0,PERSONAL,A,5000,5.99,0.13,N,8,0
25537,28,75000,RENT,9.0,VENTURE,B,12000,10.62,0.16,N,9,0
25538,25,55000,RENT,6.0,EDUCATION,B,5000,12.69,0.09,N,2,0
25539,41,95000,MORTGAGE,17.0,HOMEIMPROVEMENT,A,4000,5.99,0.04,N,16,0
25540,27,52000,RENT,11.0,VENTURE,B,1600,9.91,0.03,N,9,0
25541,27,125000,RENT,2.0,PERSONAL,A,14000,7.49,0.11,N,5,0
25542,29,60000,MORTGAGE,9.0,HOMEIMPROVEMENT,A,18000,7.9,0.3,N,6,0
25543,22,40000,OWN,1.0,PERSONAL,B,7000,11.48,0.17,N,2,0
25544,21,50760,MORTGAGE,2.0,DEBTCONSOLIDATION,A,12000,7.29,0.24,N,3,0
25545,27,35000,RENT,4.0,MEDICAL,A,8000,7.9,0.23,N,6,0
25546,25,55200,RENT,2.0,VENTURE,A,4000,6.76,0.07,N,3,0
25547,31,100000,RENT,6.0,PERSONAL,A,17000,6.03,0.17,N,9,0
25548,31,150000,MORTGAGE,14.0,HOMEIMPROVEMENT,A,7000,7.49,0.05,N,5,0
25549,22,40000,MORTGAGE,5.0,VENTURE,B,1500,10.99,0.04,N,2,0
25550,22,90000,MORTGAGE,6.0,EDUCATION,B,10000,9.91,0.11,N,4,0
25551,21,28550,RENT,3.0,EDUCATION,C,8500,14.35,0.29,Y,2,0
25552,37,24000,RENT,0.0,VENTURE,C,2400,13.06,0.1,Y,11,0
25553,30,56400,RENT,1.0,EDUCATION,C,8000,13.61,0.14,Y,7,1
25554,24,40000,RENT,5.0,VENTURE,B,5000,12.69,0.13,N,4,0
25555,22,60000,RENT,2.0,EDUCATION,C,9600,14.22,0.16,Y,4,0
25556,23,60000,MORTGAGE,0.0,HOMEIMPROVEMENT,D,5000,14.59,0.08,N,3,0
25557,22,67200,RENT,6.0,VENTURE,B,8000,10.0,0.12,N,2,0
25558,23,65000,MORTGAGE,2.0,VENTURE,D,20000,15.31,0.31,N,4,0
25559,27,120000,MORTGAGE,11.0,DEBTCONSOLIDATION,B,25000,11.49,0.21,N,9,0
25560,22,38400,RENT,0.0,EDUCATION,B,3200,10.59,0.08,N,2,0
25561,30,55000,MORTGAGE,8.0,DEBTCONSOLIDATION,B,15000,10.59,0.27,N,8,0
25562,26,120000,MORTGAGE,6.0,HOMEIMPROVEMENT,C,2500,13.92,0.02,Y,4,0
25563,30,72000,RENT,0.0,VENTURE,C,6000,13.49,0.08,Y,6,0
25564,23,69996,OWN,7.0,PERSONAL,B,14000,11.99,0.21,N,2,0
25565,25,50000,RENT,9.0,HOMEIMPROVEMENT,E,3000,16.32,0.06,Y,2,0
25566,21,48000,RENT,5.0,PERSONAL,B,12000,10.0,0.25,N,2,0
25567,26,53004,MORTGAGE,4.0,EDUCATION,A,14650,7.49,0.27,N,3,0
25568,36,51000,MORTGAGE,1.0,DEBTCONSOLIDATION,A,2000,7.29,0.04,N,16,0
25569,22,45000,RENT,1.0,EDUCATION,C,10000,13.22,0.22,Y,2,0
25570,25,37004,MORTGAGE,5.0,DEBTCONSOLIDATION,A,5000,7.14,0.13,N,4,0
25571,25,50866,RENT,9.0,PERSONAL,D,20000,17.58,0.39,N,3,1
25572,25,60000,RENT,9.0,VENTURE,C,8000,13.98,0.13,N,2,0
25573,23,117832,MORTGAGE,2.0,VENTURE,C,12500,13.16,0.11,N,4,0
25574,24,65000,MORTGAGE,2.0,EDUCATION,A,6400,8.49,0.1,N,2,0
25575,25,90000,RENT,3.0,HOMEIMPROVEMENT,B,7500,10.62,0.08,N,2,0
25576,22,55000,MORTGAGE,1.0,DEBTCONSOLIDATION,A,8000,6.62,0.15,N,4,0
25577,31,25000,MORTGAGE,1.0,VENTURE,B,2050,11.86,0.08,N,9,0
25578,26,36000,RENT,1.0,MEDICAL,B,4000,10.37,0.11,N,2,0
25579,24,72000,MORTGAGE,8.0,PERSONAL,B,5000,9.99,0.07,N,3,0
25580,22,35000,RENT,2.0,EDUCATION,B,6000,12.53,0.17,N,4,0
25581,22,30000,OWN,2.0,VENTURE,D,5000,14.84,0.17,N,4,0
25582,27,58000,MORTGAGE,3.0,PERSONAL,A,6500,5.79,0.11,N,6,0
25583,22,60000,RENT,3.0,VENTURE,A,17000,7.88,0.27,N,2,1
25584,22,54000,MORTGAGE,6.0,VENTURE,C,10000,13.79,0.19,N,2,1
25585,26,50000,RENT,5.0,HOMEIMPROVEMENT,B,12000,9.99,0.24,N,4,0
25586,26,98000,MORTGAGE,10.0,MEDICAL,A,5000,5.42,0.05,N,2,0
25587,29,78000,RENT,8.0,HOMEIMPROVEMENT,C,25000,13.49,0.32,N,8,1
25588,25,45000,RENT,0.0,VENTURE,C,12500,13.16,0.28,N,4,0
25589,22,54000,MORTGAGE,6.0,MEDICAL,A,10000,5.79,0.19,N,2,0
25590,34,90000,OWN,18.0,VENTURE,A,13000,5.99,0.15,N,10,0
25591,29,42000,RENT,8.0,VENTURE,C,8000,14.35,0.19,N,7,0
25592,23,39000,RENT,7.0,HOMEIMPROVEMENT,D,11500,17.49,0.3,N,4,1
25593,25,90000,MORTGAGE,3.0,HOMEIMPROVEMENT,A,12000,7.88,0.13,N,4,0
25594,23,18000,RENT,1.0,PERSONAL,B,5500,11.71,0.31,N,2,1
25595,22,52000,RENT,1.0,EDUCATION,C,10000,13.22,0.19,N,2,0
25596,27,60000,RENT,11.0,HOMEIMPROVEMENT,D,2500,15.95,0.04,Y,8,1
25597,23,24000,RENT,7.0,EDUCATION,A,6000,5.42,0.25,N,3,0
25598,28,72000,MORTGAGE,12.0,VENTURE,B,16000,11.49,0.22,N,5,0
25599,33,72000,MORTGAGE,4.0,EDUCATION,A,5000,7.14,0.07,N,9,0
25600,38,220836,MORTGAGE,10.0,DEBTCONSOLIDATION,B,9000,11.49,0.04,N,12,0
25601,32,50000,MORTGAGE,16.0,PERSONAL,B,11100,10.59,0.22,N,9,0
25602,29,57996,MORTGAGE,2.0,EDUCATION,C,2500,13.72,0.04,Y,5,0
25603,23,50000,RENT,5.0,DEBTCONSOLIDATION,C,7200,14.79,0.14,N,4,0
25604,25,60000,RENT,3.0,MEDICAL,B,5000,12.18,0.08,N,2,0
25605,31,90000,MORTGAGE,4.0,VENTURE,B,10000,11.99,0.11,N,10,0
25606,23,63410,RENT,7.0,EDUCATION,E,20000,17.51,0.31,Y,2,1
25607,40,64000,MORTGAGE,8.0,MEDICAL,B,5500,10.62,0.08,N,14,0
25608,23,18000,RENT,0.0,MEDICAL,B,3000,11.71,0.17,N,3,1
25609,33,50000,MORTGAGE,17.0,HOMEIMPROVEMENT,C,13000,13.98,0.26,N,9,0
25610,22,60000,MORTGAGE,5.0,PERSONAL,B,6000,11.48,0.1,N,3,0
25611,22,30000,MORTGAGE,2.0,EDUCATION,B,12000,12.42,0.4,N,4,0
25612,46,80000,RENT,4.0,DEBTCONSOLIDATION,A,9000,6.92,0.11,N,13,0
25613,26,38208,RENT,4.0,DEBTCONSOLIDATION,B,2500,9.63,0.06,N,2,0
25614,31,40000,MORTGAGE,6.0,MEDICAL,A,6500,6.17,0.15,N,10,0
25615,58,97000,OWN,5.0,PERSONAL,D,25000,16.77,0.26,Y,19,0
25616,34,38000,RENT,0.0,VENTURE,C,5100,14.79,0.14,Y,6,0
25617,22,44000,RENT,2.0,VENTURE,B,8000,10.36,0.18,N,2,0
25618,38,60000,MORTGAGE,8.0,EDUCATION,A,15000,6.03,0.25,N,11,0
25619,28,88000,RENT,0.0,HOMEIMPROVEMENT,E,25000,17.88,0.27,Y,8,1
25620,29,98000,MORTGAGE,3.0,VENTURE,A,12000,7.51,0.12,N,9,0
25621,23,48000,MORTGAGE,7.0,EDUCATION,B,1400,9.62,0.03,N,2,0
25622,36,40800,MORTGAGE,2.0,PERSONAL,C,2000,12.61,0.05,Y,13,0
25623,22,45000,RENT,6.0,EDUCATION,B,10000,9.99,0.22,N,2,0
25624,23,90000,MORTGAGE,0.0,MEDICAL,A,10000,7.14,0.11,N,2,0
25625,28,48000,RENT,4.0,EDUCATION,B,5000,10.59,0.1,N,8,0
25626,29,60000,RENT,2.0,VENTURE,A,10000,8.94,0.17,N,7,0
25627,33,100000,MORTGAGE,3.0,MEDICAL,D,20000,16.0,0.2,N,10,0
25628,23,70000,MORTGAGE,7.0,DEBTCONSOLIDATION,B,9000,11.83,0.13,N,3,0
25629,25,63000,MORTGAGE,9.0,EDUCATION,A,10400,6.62,0.18,N,2,0
25630,26,31200,RENT,5.0,MEDICAL,A,14000,6.99,0.45,N,2,1
25631,37,24000,RENT,0.0,EDUCATION,A,5575,6.62,0.22,N,14,0
25632,25,40000,MORTGAGE,2.0,DEBTCONSOLIDATION,B,3500,10.36,0.09,N,2,0
25633,31,100000,MORTGAGE,1.0,HOMEIMPROVEMENT,C,14000,12.84,0.14,N,6,0
25634,22,45000,MORTGAGE,6.0,VENTURE,A,6000,6.62,0.13,N,2,0
25635,24,50000,MORTGAGE,3.0,PERSONAL,A,12000,7.9,0.24,N,3,0
25636,23,54000,OWN,1.0,VENTURE,G,6000,19.16,0.11,N,3,0
25637,27,65000,MORTGAGE,9.0,DEBTCONSOLIDATION,A,3600,7.49,0.06,N,9,0
25638,23,75000,RENT,3.0,VENTURE,B,16000,11.49,0.21,N,3,0
25639,33,36000,RENT,5.0,EDUCATION,B,6000,11.49,0.17,N,7,0
25640,41,110000,MORTGAGE,4.0,PERSONAL,A,9200,6.03,0.08,N,11,0
25641,41,69000,RENT,1.0,PERSONAL,A,4500,8.59,0.06,N,15,0
25642,25,31200,RENT,2.0,EDUCATION,A,7500,6.62,0.24,N,3,0
25643,30,39996,MORTGAGE,2.0,VENTURE,A,10000,5.79,0.25,N,10,0
25644,30,83000,RENT,3.0,DEBTCONSOLIDATION,B,10000,11.99,0.12,N,7,0
25645,22,65000,RENT,6.0,VENTURE,A,7000,5.79,0.11,N,2,0
25646,48,90000,MORTGAGE,0.0,HOMEIMPROVEMENT,A,12000,6.62,0.13,N,11,0
25647,27,100000,MORTGAGE,4.0,HOMEIMPROVEMENT,A,6000,7.14,0.06,N,5,0
25648,28,100000,MORTGAGE,3.0,DEBTCONSOLIDATION,A,10000,5.79,0.1,N,7,0
25649,29,34000,RENT,0.0,DEBTCONSOLIDATION,A,3000,7.29,0.09,N,8,1
25650,22,38500,RENT,2.0,PERSONAL,B,12000,10.71,0.32,N,2,1
25651,25,120000,MORTGAGE,1.0,EDUCATION,C,8000,12.61,0.07,N,2,0
25652,32,120000,MORTGAGE,16.0,PERSONAL,B,5000,10.75,0.04,N,9,0
25653,22,54000,MORTGAGE,3.0,DEBTCONSOLIDATION,C,8000,13.23,0.15,Y,4,0
25654,52,27000,RENT,6.0,MEDICAL,C,6000,12.73,0.22,Y,25,0
25655,30,38000,MORTGAGE,14.0,DEBTCONSOLIDATION,B,10000,10.37,0.26,N,8,0
25656,26,69846,MORTGAGE,2.0,EDUCATION,B,21600,10.37,0.31,N,8,0
25657,24,80000,OWN,8.0,MEDICAL,B,20000,11.83,0.25,N,3,0
25658,30,162000,MORTGAGE,14.0,DEBTCONSOLIDATION,A,25000,6.03,0.15,N,8,0
25659,33,75000,MORTGAGE,6.0,PERSONAL,B,15000,10.99,0.2,N,7,0
25660,35,70000,OWN,6.0,HOMEIMPROVEMENT,D,15000,15.99,0.21,N,7,0
25661,26,102000,MORTGAGE,6.0,VENTURE,B,6000,9.99,0.06,N,3,0
25662,24,78504,RENT,9.0,HOMEIMPROVEMENT,B,25000,12.42,0.32,N,4,1
25663,26,34000,MORTGAGE,10.0,HOMEIMPROVEMENT,C,4200,14.17,0.12,N,4,1
25664,23,54000,RENT,7.0,PERSONAL,A,9600,7.9,0.18,N,2,0
25665,32,130000,MORTGAGE,9.0,DEBTCONSOLIDATION,B,5000,12.42,0.04,N,7,1
25666,24,32000,RENT,2.0,PERSONAL,A,5000,8.0,0.16,N,2,0
25667,37,93600,RENT,3.0,DEBTCONSOLIDATION,A,6000,7.88,0.06,N,13,0
25668,26,29000,RENT,2.0,MEDICAL,B,5100,11.49,0.17,N,4,0
25669,22,41000,MORTGAGE,4.0,EDUCATION,A,11500,5.79,0.28,N,2,0
25670,29,130000,MORTGAGE,7.0,DEBTCONSOLIDATION,C,4000,13.49,0.03,Y,6,0
25671,30,55200,RENT,2.0,VENTURE,B,15000,10.08,0.27,N,8,0
25672,28,98056,MORTGAGE,0.0,VENTURE,D,6000,14.96,0.06,Y,6,0
25673,22,39000,RENT,3.0,MEDICAL,A,5000,6.99,0.13,N,2,0
25674,28,95000,MORTGAGE,7.0,DEBTCONSOLIDATION,A,4000,7.88,0.04,N,7,0
25675,22,60000,MORTGAGE,6.0,VENTURE,C,5600,13.49,0.09,N,4,0
25676,23,60000,RENT,4.0,DEBTCONSOLIDATION,B,5000,10.59,0.08,N,2,0
25677,24,90000,MORTGAGE,0.0,MEDICAL,A,10000,7.51,0.11,N,4,0
25678,23,50000,RENT,5.0,PERSONAL,B,10000,10.95,0.2,N,3,0
25679,26,25000,RENT,1.0,MEDICAL,C,5000,13.11,0.2,N,3,1
25680,43,85000,MORTGAGE,5.0,DEBTCONSOLIDATION,A,10400,8.9,0.12,N,17,0
25681,23,120000,MORTGAGE,7.0,MEDICAL,C,8000,14.79,0.07,Y,3,0
25682,22,60000,MORTGAGE,5.0,EDUCATION,A,12000,6.03,0.2,N,4,0
25683,25,130000,MORTGAGE,8.0,HOMEIMPROVEMENT,B,20000,12.21,0.15,N,3,0
25684,33,60000,RENT,7.0,VENTURE,B,12000,10.99,0.2,N,7,0
25685,29,54000,MORTGAGE,13.0,MEDICAL,A,12000,8.49,0.22,N,8,0
25686,26,63000,MORTGAGE,10.0,EDUCATION,C,12000,13.49,0.19,N,2,0
25687,25,60000,MORTGAGE,9.0,HOMEIMPROVEMENT,B,12000,10.65,0.2,N,3,0
25688,26,135000,MORTGAGE,10.0,PERSONAL,B,8000,12.42,0.06,N,3,0
25689,39,90000,MORTGAGE,0.0,VENTURE,A,4500,7.51,0.05,N,16,0
25690,27,59000,MORTGAGE,11.0,VENTURE,A,10000,5.42,0.17,N,7,0
25691,22,63816,MORTGAGE,2.0,DEBTCONSOLIDATION,A,3500,6.39,0.05,N,4,0
25692,23,45996,MORTGAGE,7.0,EDUCATION,B,10000,10.75,0.22,N,3,0
25693,21,26400,RENT,3.0,VENTURE,B,8000,8.88,0.3,N,2,0
25694,28,150000,RENT,3.0,VENTURE,B,24000,11.71,0.16,N,7,0
25695,26,65000,RENT,0.0,EDUCATION,B,3000,12.69,0.05,N,2,0
25696,22,60000,MORTGAGE,3.0,MEDICAL,A,3500,7.49,0.06,N,4,0
25697,23,48000,MORTGAGE,7.0,VENTURE,B,6000,10.99,0.13,N,3,0
25698,26,26400,RENT,6.0,PERSONAL,C,5000,12.23,0.19,Y,2,0
25699,24,110000,MORTGAGE,1.0,PERSONAL,C,4000,13.16,0.04,N,2,0
25700,23,43000,RENT,2.0,MEDICAL,A,4000,7.51,0.09,N,4,0
25701,26,50000,RENT,2.0,HOMEIMPROVEMENT,C,10000,14.27,0.2,Y,3,0
25702,23,49000,MORTGAGE,7.0,EDUCATION,A,3500,7.49,0.07,N,3,0
25703,26,24000,RENT,0.0,MEDICAL,C,2400,13.49,0.1,Y,2,0
25704,22,37000,MORTGAGE,3.0,DEBTCONSOLIDATION,A,13225,7.9,0.38,N,4,0
25705,23,32968,RENT,2.0,MEDICAL,B,4800,10.95,0.15,N,3,1
25706,22,45000,MORTGAGE,7.0,EDUCATION,A,5400,7.29,0.12,N,2,0
25707,23,28000,RENT,3.0,MEDICAL,C,4000,13.57,0.14,N,2,0
25708,21,72000,MORTGAGE,5.0,PERSONAL,A,9000,6.62,0.13,N,4,0
25709,30,60000,MORTGAGE,14.0,PERSONAL,A,6000,7.14,0.1,N,8,0
25710,50,36000,RENT,6.0,MEDICAL,A,5000,7.49,0.14,N,17,0
25711,28,40000,RENT,5.0,VENTURE,B,3600,8.88,0.09,N,7,0
25712,30,65000,MORTGAGE,9.0,VENTURE,A,8000,7.49,0.13,N,6,0
25713,29,100000,MORTGAGE,13.0,HOMEIMPROVEMENT,B,10000,10.99,0.1,N,8,0
25714,27,75000,MORTGAGE,0.0,PERSONAL,A,6000,6.92,0.08,N,10,0
25715,24,95000,RENT,5.0,PERSONAL,C,10000,15.23,0.11,N,3,0
25716,26,52000,OWN,3.0,EDUCATION,A,6000,8.9,0.12,N,2,0
25717,22,114000,MORTGAGE,6.0,VENTURE,C,9950,13.06,0.09,N,4,0
25718,28,55200,MORTGAGE,2.0,VENTURE,A,3000,7.43,0.05,N,5,0
25719,27,48000,OWN,11.0,VENTURE,B,4700,10.0,0.1,N,6,0
25720,24,75200,OWN,5.0,EDUCATION,A,4000,7.14,0.05,N,4,0
25721,25,100000,MORTGAGE,9.0,EDUCATION,A,7000,6.92,0.07,N,2,0
25722,24,65000,MORTGAGE,8.0,PERSONAL,B,10000,9.99,0.15,N,3,0
25723,25,90000,RENT,9.0,HOMEIMPROVEMENT,B,12000,10.59,0.13,N,2,0
25724,24,49200,MORTGAGE,8.0,VENTURE,A,2500,7.74,0.05,N,3,0
25725,28,60000,RENT,4.0,DEBTCONSOLIDATION,B,4000,9.91,0.07,N,5,0
25726,24,60000,RENT,1.0,DEBTCONSOLIDATION,C,10000,13.49,0.17,N,2,0
25727,25,80000,MORTGAGE,9.0,MEDICAL,A,12800,6.54,0.16,N,3,0
25728,25,48000,MORTGAGE,7.0,EDUCATION,D,10000,16.29,0.21,Y,3,0
25729,24,85392,RENT,8.0,EDUCATION,A,9600,7.29,0.11,N,3,0
25730,26,75000,MORTGAGE,4.0,HOMEIMPROVEMENT,A,20000,6.17,0.27,N,4,0
25731,23,70000,RENT,5.0,EDUCATION,C,5400,13.49,0.08,Y,4,0
25732,22,40000,RENT,1.0,EDUCATION,B,4800,10.25,0.12,N,2,0
25733,26,42000,OWN,4.0,PERSONAL,B,2500,10.99,0.06,N,3,0
25734,32,55000,MORTGAGE,3.0,MEDICAL,A,3000,6.39,0.05,N,6,0
25735,22,49000,OWN,6.0,MEDICAL,D,7000,14.96,0.14,Y,3,0
25736,25,56500,MORTGAGE,9.0,EDUCATION,A,10000,9.32,0.18,N,3,0
25737,22,100000,MORTGAGE,0.0,DEBTCONSOLIDATION,C,4000,12.87,0.04,Y,2,0
25738,28,60000,MORTGAGE,12.0,HOMEIMPROVEMENT,A,10000,7.9,0.17,N,6,0
25739,25,69000,OWN,3.0,VENTURE,E,10000,17.14,0.14,Y,3,0
25740,25,42000,RENT,1.0,PERSONAL,B,13000,11.58,0.31,N,3,1
25741,24,65000,MORTGAGE,7.0,HOMEIMPROVEMENT,B,7200,10.65,0.11,N,2,0
25742,25,80000,MORTGAGE,9.0,EDUCATION,A,13000,6.03,0.16,N,2,0
25743,27,75000,MORTGAGE,6.0,MEDICAL,B,15000,10.99,0.2,N,7,0
25744,23,36000,MORTGAGE,7.0,PERSONAL,B,2400,11.49,0.07,N,3,0
25745,27,90000,MORTGAGE,4.0,PERSONAL,A,6000,7.51,0.07,N,8,0
25746,28,75000,MORTGAGE,12.0,HOMEIMPROVEMENT,B,5000,11.49,0.07,N,7,0
25747,23,75000,MORTGAGE,0.0,DEBTCONSOLIDATION,A,10000,7.51,0.13,N,2,0
25748,25,90000,RENT,0.0,EDUCATION,B,5000,11.71,0.06,N,3,0
25749,24,65000,OWN,3.0,HOMEIMPROVEMENT,A,15000,6.17,0.23,N,3,0
25750,39,72000,MORTGAGE,17.0,EDUCATION,C,16000,14.72,0.22,Y,17,1
25751,27,100000,MORTGAGE,11.0,EDUCATION,B,12000,10.99,0.12,N,9,0
25752,36,60000,MORTGAGE,3.0,EDUCATION,A,6000,7.51,0.1,N,12,0
25753,32,80000,MORTGAGE,0.0,VENTURE,A,8000,7.88,0.1,N,9,0
25754,31,85000,RENT,2.0,MEDICAL,B,13000,12.42,0.15,N,7,0
25755,22,102000,MORTGAGE,2.0,EDUCATION,A,18000,8.49,0.18,N,4,0
25756,27,52000,MORTGAGE,11.0,VENTURE,A,10000,7.51,0.19,N,8,0
25757,36,47000,OWN,3.0,PERSONAL,A,5000,9.63,0.11,N,11,0
25758,25,78000,MORTGAGE,3.0,DEBTCONSOLIDATION,A,8000,6.99,0.1,N,3,0
25759,26,47000,OWN,2.0,EDUCATION,B,25000,11.11,0.53,N,4,0
25760,22,45000,RENT,3.0,DEBTCONSOLIDATION,C,12000,12.87,0.27,N,2,0
25761,23,90000,MORTGAGE,1.0,VENTURE,B,5500,10.71,0.06,N,4,0
25762,33,96000,RENT,3.0,VENTURE,C,12000,12.99,0.13,N,10,0
25763,22,24000,RENT,1.0,EDUCATION,B,3500,10.99,0.15,N,3,0
25764,26,50000,MORTGAGE,10.0,EDUCATION,B,10000,10.95,0.2,N,3,0
25765,23,37000,RENT,2.0,EDUCATION,B,6600,12.69,0.19,N,2,0
25766,24,60000,MORTGAGE,4.0,MEDICAL,B,2000,11.49,0.03,N,3,0
25767,26,84996,MORTGAGE,3.0,EDUCATION,A,10000,8.0,0.12,N,4,0
25768,32,56000,RENT,7.0,HOMEIMPROVEMENT,B,15000,10.39,0.28,N,7,0
25769,21,26400,MORTGAGE,5.0,PERSONAL,A,5000,7.51,0.19,N,3,0
25770,30,36000,RENT,3.0,PERSONAL,A,10000,5.99,0.28,N,9,0
25771,22,66000,MORTGAGE,4.0,VENTURE,B,10000,10.62,0.15,N,4,0
25772,24,90000,MORTGAGE,6.0,MEDICAL,B,15000,11.36,0.17,N,4,0
25773,26,41000,RENT,8.0,DEBTCONSOLIDATION,A,15000,6.17,0.37,N,3,1
25774,25,62400,MORTGAGE,1.0,HOMEIMPROVEMENT,B,15000,11.14,0.25,N,2,0
25775,22,60000,MORTGAGE,3.0,VENTURE,A,6000,7.88,0.1,N,4,0
25776,23,70000,RENT,3.0,PERSONAL,A,12000,6.03,0.17,N,4,0
25777,22,60000,RENT,6.0,EDUCATION,A,3600,7.49,0.06,N,2,0
25778,30,42000,RENT,2.0,PERSONAL,B,2000,9.25,0.05,N,8,0
25779,30,40000,MORTGAGE,6.0,HOMEIMPROVEMENT,D,12000,15.58,0.3,N,7,0
25780,41,70000,RENT,2.0,VENTURE,C,4000,13.23,0.06,Y,11,0
25781,22,42000,RENT,6.0,DEBTCONSOLIDATION,B,4800,11.12,0.11,N,2,0
25782,36,50000,MORTGAGE,2.0,DEBTCONSOLIDATION,A,12000,7.29,0.24,N,15,0
25783,22,75000,RENT,0.0,EDUCATION,A,3500,9.32,0.05,N,4,0
25784,21,24996,RENT,2.0,MEDICAL,D,5000,14.09,0.2,N,3,1
25785,34,28704,RENT,0.0,MEDICAL,B,5000,9.63,0.17,N,10,0
25786,27,31200,RENT,5.0,EDUCATION,C,5000,13.99,0.16,Y,8,0
25787,30,72000,RENT,0.0,DEBTCONSOLIDATION,B,16000,11.99,0.22,N,6,0
25788,27,80000,MORTGAGE,11.0,MEDICAL,A,6000,7.9,0.07,N,5,0
25789,24,50000,MORTGAGE,8.0,EDUCATION,C,4500,12.99,0.09,N,4,0
25790,37,85000,RENT,1.0,HOMEIMPROVEMENT,C,9500,12.87,0.11,Y,12,0
25791,30,50000,MORTGAGE,0.0,EDUCATION,A,6000,6.05,0.12,N,10,0
25792,22,44004,OWN,6.0,MEDICAL,C,1200,13.11,0.03,N,2,0
25793,24,36000,RENT,5.0,MEDICAL,D,12000,16.32,0.33,Y,4,1
25794,25,42996,RENT,5.0,VENTURE,B,7200,9.62,0.17,N,2,0
25795,39,43200,MORTGAGE,2.0,PERSONAL,B,6000,10.59,0.14,N,14,0
25796,36,78000,MORTGAGE,4.0,EDUCATION,A,6000,7.14,0.08,N,13,0
25797,22,60000,MORTGAGE,6.0,MEDICAL,B,5000,12.69,0.08,N,2,0
25798,27,120000,MORTGAGE,11.0,DEBTCONSOLIDATION,A,16000,7.49,0.13,N,7,0
25799,29,100000,MORTGAGE,7.0,MEDICAL,A,16500,7.88,0.17,N,6,0
25800,22,40000,OWN,4.0,VENTURE,C,8000,14.35,0.2,Y,4,0
25801,23,33996,RENT,3.0,PERSONAL,A,15000,6.17,0.44,N,3,1
25802,33,66000,RENT,9.0,EDUCATION,D,25000,15.33,0.38,Y,10,1
25803,31,31200,RENT,2.0,VENTURE,A,6800,7.9,0.21,N,6,0
25804,28,86000,RENT,7.0,DEBTCONSOLIDATION,B,4300,12.69,0.05,N,6,0
25805,25,52700,MORTGAGE,3.0,VENTURE,B,3200,10.37,0.06,N,4,0
25806,28,70000,MORTGAGE,4.0,VENTURE,B,25000,10.99,0.36,N,10,0
25807,25,40000,RENT,9.0,PERSONAL,A,13000,7.9,0.33,N,2,1
25808,27,60000,MORTGAGE,11.0,HOMEIMPROVEMENT,A,6000,6.03,0.1,N,9,0
25809,28,120000,MORTGAGE,12.0,PERSONAL,A,6000,5.42,0.05,N,5,0
25810,23,55000,RENT,2.0,MEDICAL,D,9000,15.65,0.16,N,4,1
25811,29,58000,MORTGAGE,13.0,VENTURE,A,12000,7.88,0.21,N,7,0
25812,26,49500,MORTGAGE,8.0,MEDICAL,C,1500,11.78,0.03,Y,4,0
25813,25,80000,RENT,3.0,PERSONAL,B,12000,11.71,0.15,N,4,0
25814,41,54000,RENT,5.0,HOMEIMPROVEMENT,B,6000,12.69,0.11,N,13,0
25815,24,60000,RENT,6.0,VENTURE,B,24000,10.99,0.42,N,2,1
25816,25,65000,MORTGAGE,9.0,VENTURE,A,13600,7.88,0.2,N,3,0
25817,27,52000,MORTGAGE,0.0,PERSONAL,A,6000,5.42,0.12,N,7,0
25818,26,120000,MORTGAGE,10.0,MEDICAL,B,8000,10.65,0.07,N,4,0
25819,25,50000,RENT,7.0,PERSONAL,A,10000,6.54,0.2,N,3,0
25820,23,34000,MORTGAGE,3.0,VENTURE,C,6800,12.53,0.2,Y,4,1
25821,22,51319,MORTGAGE,0.0,PERSONAL,A,4000,8.49,0.08,N,4,0
25822,28,52000,RENT,2.0,MEDICAL,B,8000,11.99,0.15,N,5,0
25823,43,48956,RENT,0.0,MEDICAL,B,2800,10.37,0.06,N,14,0
25824,37,74000,MORTGAGE,1.0,HOMEIMPROVEMENT,B,10000,9.63,0.14,N,17,0
25825,30,80000,MORTGAGE,2.0,PERSONAL,A,9600,6.99,0.11,N,9,0
25826,23,49000,RENT,2.0,EDUCATION,B,16000,11.99,0.33,N,4,1
25827,26,110000,MORTGAGE,0.0,HOMEIMPROVEMENT,A,15000,6.17,0.13,N,4,0
25828,37,26000,RENT,2.0,EDUCATION,B,7500,11.83,0.3,N,12,0
25829,23,84000,MORTGAGE,7.0,MEDICAL,B,12000,11.11,0.14,N,2,0
25830,53,75000,MORTGAGE,7.0,PERSONAL,B,20000,11.12,0.27,N,30,0
25831,30,40000,RENT,4.0,MEDICAL,A,9000,5.79,0.23,N,10,0
25832,58,20000,RENT,2.0,PERSONAL,A,4000,8.94,0.2,N,19,0
25833,23,45000,RENT,2.0,DEBTCONSOLIDATION,A,12000,7.88,0.27,N,3,0
25834,23,42000,RENT,7.0,EDUCATION,A,10000,7.49,0.24,N,3,0
25835,32,39000,RENT,3.0,DEBTCONSOLIDATION,A,9000,7.49,0.23,N,7,0
25836,32,27996,RENT,3.0,PERSONAL,B,10000,10.62,0.36,N,10,1
25837,25,66000,MORTGAGE,9.0,VENTURE,B,25000,10.99,0.38,N,4,0
25838,24,33000,RENT,2.0,MEDICAL,A,6800,7.51,0.21,N,3,0
25839,50,120000,MORTGAGE,19.0,HOMEIMPROVEMENT,C,25000,12.84,0.21,N,12,0
25840,23,48000,MORTGAGE,7.0,DEBTCONSOLIDATION,A,5000,8.9,0.1,N,2,0
25841,22,80000,MORTGAGE,6.0,EDUCATION,B,24000,10.99,0.3,N,3,0
25842,25,35000,OWN,4.0,VENTURE,B,8000,10.38,0.23,N,2,0
25843,29,38000,RENT,0.0,EDUCATION,B,4000,11.89,0.11,N,5,0
25844,23,75000,RENT,0.0,EDUCATION,B,15000,10.37,0.2,N,3,0
25845,27,44000,MORTGAGE,2.0,DEBTCONSOLIDATION,E,15000,16.35,0.34,N,10,1
25846,24,30000,RENT,1.0,VENTURE,B,10000,9.99,0.33,N,4,1
25847,25,60000,MORTGAGE,9.0,EDUCATION,A,9500,6.03,0.16,N,2,0
25848,21,38000,RENT,6.0,DEBTCONSOLIDATION,D,11750,15.95,0.29,Y,2,1
25849,26,70254,RENT,3.0,PERSONAL,A,3500,7.68,0.05,N,4,0
25850,22,56000,MORTGAGE,3.0,EDUCATION,A,8000,7.88,0.14,N,2,0
25851,22,36000,MORTGAGE,6.0,PERSONAL,D,10000,15.62,0.28,N,3,0
25852,25,65000,RENT,0.0,DEBTCONSOLIDATION,B,14400,12.18,0.22,N,3,0
25853,33,26400,RENT,1.0,EDUCATION,C,1500,13.61,0.06,N,7,0
25854,34,38400,MORTGAGE,17.0,VENTURE,A,6000,7.29,0.16,N,6,0
25855,23,96000,MORTGAGE,2.0,EDUCATION,A,12000,6.91,0.13,N,3,0
25856,23,91200,MORTGAGE,5.0,PERSONAL,B,12000,11.49,0.13,N,4,0
25857,25,50000,RENT,2.0,PERSONAL,B,20000,11.48,0.4,N,4,1
25858,27,90000,MORTGAGE,0.0,DEBTCONSOLIDATION,A,6500,8.0,0.07,N,7,0
25859,26,25000,RENT,2.0,PERSONAL,C,3000,11.66,0.12,N,4,0
25860,24,110000,MORTGAGE,8.0,PERSONAL,B,5000,11.11,0.05,N,2,0
25861,27,60000,RENT,2.0,MEDICAL,C,7000,13.49,0.12,N,7,0
25862,38,20000,RENT,2.0,VENTURE,D,1000,14.59,0.05,Y,15,0
25863,26,69000,MORTGAGE,10.0,MEDICAL,A,10000,8.94,0.14,N,4,0
25864,26,25000,RENT,3.0,VENTURE,B,3600,11.11,0.14,N,4,0
25865,26,100000,MORTGAGE,4.0,MEDICAL,B,15000,11.36,0.15,N,2,0
25866,25,65500,RENT,2.0,MEDICAL,C,8000,12.84,0.12,N,3,0
25867,27,60000,RENT,11.0,PERSONAL,B,10000,10.36,0.17,N,8,0
25868,29,45000,MORTGAGE,0.0,EDUCATION,A,5000,7.14,0.11,N,9,0
25869,30,55680,RENT,4.0,DEBTCONSOLIDATION,D,4000,14.09,0.07,N,9,0
25870,22,141000,MORTGAGE,0.0,PERSONAL,A,15000,7.49,0.11,N,3,0
25871,23,39000,OWN,7.0,VENTURE,C,16000,13.49,0.41,Y,4,0
25872,28,45000,MORTGAGE,0.0,HOMEIMPROVEMENT,B,9000,10.25,0.2,N,7,0
25873,25,54000,MORTGAGE,1.0,MEDICAL,B,12000,10.99,0.22,N,2,1
25874,24,80000,MORTGAGE,2.0,DEBTCONSOLIDATION,B,9000,10.99,0.11,N,4,0
25875,22,30000,RENT,2.0,DEBTCONSOLIDATION,B,3500,11.86,0.12,N,4,0
25876,24,115000,RENT,3.0,PERSONAL,B,28000,9.91,0.24,N,4,0
25877,27,32000,RENT,3.0,MEDICAL,D,5000,14.84,0.16,Y,5,0
25878,24,90000,RENT,6.0,EDUCATION,D,25000,14.09,0.28,Y,2,0
25879,22,62000,MORTGAGE,6.0,VENTURE,A,5000,6.03,0.08,N,3,0
25880,24,75000,RENT,0.0,VENTURE,A,12000,7.51,0.16,N,3,0
25881,22,130000,MORTGAGE,2.0,PERSONAL,B,10000,11.36,0.08,N,3,0
25882,26,67000,OWN,4.0,EDUCATION,B,3500,12.18,0.05,N,4,0
25883,21,34000,RENT,4.0,EDUCATION,B,10000,11.71,0.29,N,4,0
25884,22,38004,RENT,1.0,EDUCATION,B,3000,11.49,0.08,N,4,0
25885,22,50000,RENT,6.0,DEBTCONSOLIDATION,B,12000,11.71,0.24,N,4,0
25886,27,57000,MORTGAGE,11.0,VENTURE,C,7500,11.97,0.13,N,7,0
25887,35,72000,RENT,11.0,EDUCATION,C,6000,13.23,0.08,Y,7,0
25888,23,109000,RENT,5.0,DEBTCONSOLIDATION,A,12000,7.51,0.11,N,4,0
25889,28,52000,RENT,10.0,PERSONAL,B,7500,12.69,0.14,N,6,1
25890,22,40000,MORTGAGE,6.0,VENTURE,A,6000,7.66,0.15,N,2,0
25891,29,50000,RENT,2.0,HOMEIMPROVEMENT,A,3000,9.63,0.06,N,5,0
25892,25,48000,MORTGAGE,9.0,HOMEIMPROVEMENT,A,12000,8.94,0.25,N,4,0
25893,54,30000,OWN,1.0,PERSONAL,B,2100,12.53,0.07,N,27,0
25894,27,84000,MORTGAGE,11.0,PERSONAL,A,6000,7.88,0.07,N,8,0
25895,29,90000,MORTGAGE,13.0,MEDICAL,B,12000,10.74,0.13,N,6,0
25896,22,47580,MORTGAGE,7.0,EDUCATION,C,21250,13.49,0.44,N,2,0
25897,23,45000,MORTGAGE,7.0,MEDICAL,C,2000,12.61,0.04,Y,4,0
25898,23,42000,RENT,0.0,EDUCATION,A,12800,7.51,0.3,N,3,0
25899,24,45000,MORTGAGE,6.0,PERSONAL,A,4800,7.88,0.11,N,2,0
25900,24,47000,RENT,8.0,MEDICAL,B,13000,11.36,0.29,N,2,0
25901,21,40000,OWN,0.0,EDUCATION,C,14000,13.22,0.35,Y,2,0
25902,30,70000,RENT,1.0,MEDICAL,C,10000,14.65,0.14,N,5,0
25903,23,49000,MORTGAGE,7.0,HOMEIMPROVEMENT,B,5600,11.49,0.12,N,2,1
25904,22,42000,RENT,1.0,VENTURE,A,10000,7.51,0.24,N,2,0
25905,28,61000,MORTGAGE,12.0,MEDICAL,A,12000,6.17,0.2,N,8,0
25906,23,43000,RENT,7.0,MEDICAL,B,5000,11.71,0.12,N,3,0
25907,22,59363,RENT,3.0,EDUCATION,C,6000,13.22,0.1,N,4,0
25908,26,30000,MORTGAGE,3.0,MEDICAL,C,6000,14.22,0.2,N,2,0
25909,23,78300,MORTGAGE,7.0,EDUCATION,A,7000,6.03,0.09,N,3,0
25910,26,40000,MORTGAGE,5.0,HOMEIMPROVEMENT,A,8000,5.99,0.2,N,2,0
25911,31,53000,MORTGAGE,0.0,PERSONAL,E,12000,17.99,0.23,N,7,1
25912,23,85000,RENT,4.0,MEDICAL,B,6000,10.65,0.07,N,3,0
25913,48,50000,RENT,0.0,EDUCATION,B,10000,10.99,0.2,N,16,0
25914,23,130000,MORTGAGE,7.0,EDUCATION,C,5000,13.22,0.04,N,3,0
25915,23,57996,RENT,4.0,EDUCATION,C,5000,12.84,0.09,Y,2,0
25916,25,38400,RENT,6.0,DEBTCONSOLIDATION,B,2400,10.99,0.06,N,3,0
25917,30,30000,RENT,3.0,DEBTCONSOLIDATION,C,6000,14.79,0.2,N,8,0
25918,22,60500,RENT,3.0,EDUCATION,D,9000,14.11,0.15,N,4,0
25919,32,48000,RENT,1.0,DEBTCONSOLIDATION,B,10000,10.59,0.21,N,5,0
25920,22,30000,RENT,5.0,PERSONAL,A,10000,5.79,0.33,N,4,1
25921,32,53000,RENT,4.0,EDUCATION,B,15000,10.62,0.28,N,10,0
25922,21,50000,MORTGAGE,5.0,DEBTCONSOLIDATION,A,3000,7.51,0.06,N,3,0
25923,31,70000,MORTGAGE,3.0,HOMEIMPROVEMENT,C,9000,13.92,0.13,N,9,0
25924,44,40000,RENT,6.0,HOMEIMPROVEMENT,B,12000,10.65,0.3,N,11,0
25925,44,55000,MORTGAGE,4.0,VENTURE,B,5000,11.49,0.09,N,14,0
25926,24,40000,RENT,5.0,PERSONAL,A,2000,7.9,0.05,N,4,0
25927,26,110000,MORTGAGE,2.0,PERSONAL,B,25000,11.11,0.23,N,3,0
25928,34,65000,RENT,5.0,DEBTCONSOLIDATION,A,6500,8.9,0.1,N,5,0
25929,23,130000,RENT,2.0,DEBTCONSOLIDATION,A,8000,7.51,0.06,N,3,0
25930,22,60000,MORTGAGE,3.0,EDUCATION,A,5000,5.99,0.08,N,2,0
25931,32,62900,MORTGAGE,3.0,MEDICAL,D,20000,15.31,0.27,N,5,1
25932,23,44000,RENT,2.0,HOMEIMPROVEMENT,D,6000,16.29,0.14,N,4,1
25933,34,67500,RENT,3.0,DEBTCONSOLIDATION,A,7000,6.92,0.1,N,5,0
25934,42,160000,MORTGAGE,12.0,HOMEIMPROVEMENT,A,14000,5.42,0.09,N,12,0
25935,28,41000,RENT,5.0,DEBTCONSOLIDATION,C,12000,12.87,0.29,Y,6,0
25936,27,120000,MORTGAGE,7.0,EDUCATION,A,10000,7.14,0.08,N,5,0
25937,24,54996,RENT,0.0,MEDICAL,C,12000,12.87,0.22,Y,2,0
25938,24,77000,MORTGAGE,8.0,DEBTCONSOLIDATION,B,15000,10.25,0.19,N,3,1
25939,37,70000,MORTGAGE,7.0,EDUCATION,B,20000,11.36,0.29,N,11,0
25940,34,70000,RENT,4.0,DEBTCONSOLIDATION,B,16000,10.62,0.23,N,5,0
25941,46,37290,RENT,16.0,DEBTCONSOLIDATION,B,5500,10.99,0.15,N,16,0
25942,24,48000,RENT,4.0,MEDICAL,D,6000,16.89,0.13,N,3,1
25943,24,48000,RENT,2.0,MEDICAL,A,5000,6.54,0.1,N,4,0
25944,24,40000,RENT,0.0,MEDICAL,C,4000,13.99,0.1,Y,2,0
25945,26,45432,RENT,3.0,VENTURE,A,8000,6.62,0.18,N,3,0
25946,23,33000,RENT,0.0,EDUCATION,B,6000,12.69,0.18,N,3,0
25947,24,30000,RENT,0.0,PERSONAL,B,3500,11.89,0.11,N,3,1
25948,30,35000,RENT,1.0,MEDICAL,B,8000,9.63,0.23,N,9,0
25949,24,36000,RENT,2.0,VENTURE,C,10000,14.72,0.28,Y,3,0
25950,34,44000,RENT,0.0,MEDICAL,C,7500,13.23,0.17,N,10,1
25951,25,30000,RENT,1.0,MEDICAL,C,5000,13.79,0.17,Y,3,0
25952,22,74196,RENT,5.0,VENTURE,B,18125,11.11,0.25,N,2,0
25953,24,50000,MORTGAGE,2.0,DEBTCONSOLIDATION,C,9600,13.16,0.19,N,2,0
25954,23,55000,MORTGAGE,7.0,EDUCATION,A,10000,6.03,0.18,N,2,0
25955,29,42000,MORTGAGE,5.0,EDUCATION,A,2500,7.88,0.06,N,7,0
25956,23,65000,RENT,7.0,VENTURE,A,10000,7.51,0.15,N,4,0
25957,29,110000,MORTGAGE,13.0,PERSONAL,C,7500,13.98,0.07,Y,7,0
25958,23,42000,RENT,7.0,VENTURE,B,10000,9.96,0.24,N,2,0
25959,25,889000,MORTGAGE,9.0,EDUCATION,B,4000,11.49,0.05,N,3,0
25960,33,35000,OWN,5.0,PERSONAL,B,7200,11.99,0.21,N,6,0
25961,28,99800,MORTGAGE,11.0,PERSONAL,D,25000,15.33,0.25,N,9,0
25962,22,24000,RENT,0.0,EDUCATION,D,9600,14.61,0.39,N,4,1
25963,22,93240,MORTGAGE,6.0,PERSONAL,A,7000,9.63,0.08,N,4,0
25964,24,54000,OWN,8.0,EDUCATION,B,7000,9.91,0.13,N,2,0
25965,28,39456,OWN,12.0,VENTURE,A,12000,7.29,0.31,N,9,0
25966,42,63500,MORTGAGE,3.0,DEBTCONSOLIDATION,A,4500,7.49,0.07,N,14,0
25967,33,128000,MORTGAGE,11.0,DEBTCONSOLIDATION,A,9600,7.29,0.07,N,10,1
25968,22,30000,RENT,1.0,EDUCATION,B,2000,12.18,0.07,N,4,0
25969,21,35000,RENT,5.0,PERSONAL,B,7200,11.99,0.21,N,3,0
25970,24,50000,RENT,3.0,HOMEIMPROVEMENT,B,5000,9.88,0.1,N,2,0
25971,27,62000,RENT,5.0,VENTURE,B,3000,10.65,0.05,N,6,0
25972,24,72000,MORTGAGE,8.0,PERSONAL,B,4200,9.99,0.06,N,3,0
25973,32,36000,RENT,9.0,DEBTCONSOLIDATION,B,7000,9.91,0.19,N,5,0
25974,45,100000,MORTGAGE,6.0,MEDICAL,C,6000,13.47,0.06,Y,17,0
25975,27,54516,RENT,6.0,VENTURE,D,5000,15.7,0.09,N,10,0
25976,24,33996,RENT,0.0,VENTURE,D,10000,14.96,0.29,Y,2,1
25977,22,50000,MORTGAGE,5.0,DEBTCONSOLIDATION,A,3000,6.03,0.06,N,4,0
25978,24,30000,RENT,0.0,MEDICAL,C,3000,13.99,0.1,N,4,0
25979,31,75000,RENT,4.0,DEBTCONSOLIDATION,B,10000,10.65,0.13,N,5,0
25980,22,52780,RENT,3.0,MEDICAL,B,7000,9.91,0.13,N,4,0
25981,34,100000,MORTGAGE,17.0,VENTURE,A,12000,7.88,0.12,N,10,0
25982,23,51996,RENT,7.0,MEDICAL,A,1500,7.51,0.03,N,2,0
25983,23,38004,OWN,5.0,VENTURE,A,10000,7.88,0.26,N,3,0
25984,23,70000,RENT,0.0,VENTURE,B,10000,10.65,0.14,N,3,0
25985,24,84996,RENT,2.0,PERSONAL,C,4500,12.23,0.05,Y,4,0
25986,66,80000,RENT,0.0,PERSONAL,A,15000,7.9,0.18,N,24,0
25987,25,52000,RENT,1.0,HOMEIMPROVEMENT,A,9000,6.99,0.17,N,4,0
25988,22,48000,RENT,3.0,VENTURE,C,8000,12.99,0.17,Y,2,0
25989,32,98450,MORTGAGE,11.0,MEDICAL,B,21000,10.95,0.22,N,6,0
25990,22,55000,MORTGAGE,6.0,EDUCATION,A,7500,8.9,0.14,N,3,0
25991,44,60000,OWN,6.0,VENTURE,A,5000,6.03,0.08,N,11,0
25992,26,84000,MORTGAGE,5.0,HOMEIMPROVEMENT,B,6000,12.69,0.07,N,4,0
25993,25,57600,RENT,9.0,DEBTCONSOLIDATION,A,3000,6.62,0.05,N,3,0
25994,27,65000,RENT,6.0,EDUCATION,A,6000,8.49,0.09,N,9,0
25995,27,43000,OWN,11.0,PERSONAL,B,5000,10.99,0.12,N,8,0
25996,29,50000,RENT,2.0,VENTURE,A,4000,7.68,0.08,N,9,0
25997,22,40800,RENT,6.0,MEDICAL,D,3500,16.49,0.09,N,4,0
25998,40,53000,RENT,6.0,PERSONAL,C,6800,12.84,0.13,N,11,0
25999,23,63800,MORTGAGE,7.0,EDUCATION,B,5000,9.99,0.08,N,3,0
26000,23,44000,MORTGAGE,5.0,EDUCATION,C,5500,12.29,0.13,N,4,1
26001,22,20000,RENT,2.0,PERSONAL,B,5000,9.88,0.25,N,2,0
26002,25,63324,MORTGAGE,8.0,DEBTCONSOLIDATION,B,24000,11.83,0.38,N,3,0
26003,21,75000,OWN,5.0,EDUCATION,A,8000,7.51,0.11,N,4,0
26004,27,65000,MORTGAGE,3.0,EDUCATION,C,10000,13.49,0.15,Y,5,0
26005,27,42000,RENT,0.0,MEDICAL,C,4000,13.98,0.1,Y,7,0
26006,34,60000,MORTGAGE,5.0,DEBTCONSOLIDATION,A,1500,6.03,0.03,N,7,0
26007,24,50000,RENT,8.0,EDUCATION,B,3000,10.99,0.06,N,3,0
26008,36,74360,MORTGAGE,0.0,EDUCATION,C,3000,14.35,0.04,N,13,0
26009,35,90000,MORTGAGE,7.0,MEDICAL,A,15000,6.91,0.17,N,8,0
26010,27,90000,MORTGAGE,11.0,HOMEIMPROVEMENT,B,12000,10.74,0.13,N,6,0
26011,31,30000,RENT,0.0,MEDICAL,B,6000,12.42,0.2,N,6,0
26012,38,30000,RENT,4.0,EDUCATION,B,5000,9.63,0.17,N,15,0
26013,35,77500,RENT,3.0,DEBTCONSOLIDATION,B,7500,10.08,0.1,N,7,0
26014,30,57000,RENT,2.0,DEBTCONSOLIDATION,B,5500,9.25,0.1,N,9,0
26015,30,120000,RENT,14.0,EDUCATION,A,5000,8.0,0.04,N,6,0
26016,26,61440,MORTGAGE,8.0,PERSONAL,A,6000,7.9,0.1,N,3,0
26017,23,60000,MORTGAGE,7.0,MEDICAL,A,6000,8.9,0.1,N,4,0
26018,27,85000,MORTGAGE,3.0,MEDICAL,B,20000,10.36,0.24,N,9,0
26019,31,75000,MORTGAGE,11.0,HOMEIMPROVEMENT,A,10500,7.49,0.14,N,6,0
26020,28,62000,MORTGAGE,3.0,MEDICAL,B,2000,10.62,0.03,N,10,0
26021,24,78000,MORTGAGE,3.0,EDUCATION,A,8500,5.79,0.11,N,2,0
26022,26,122000,MORTGAGE,10.0,VENTURE,C,14000,13.48,0.11,N,4,0
26023,25,52000,OWN,9.0,VENTURE,A,10000,8.49,0.19,N,2,0
26024,22,47000,RENT,6.0,EDUCATION,B,17000,10.62,0.36,N,3,1
26025,31,85000,MORTGAGE,15.0,HOMEIMPROVEMENT,B,10000,11.49,0.12,N,6,0
26026,25,85296,MORTGAGE,9.0,HOMEIMPROVEMENT,C,15000,13.92,0.18,Y,4,0
26027,26,44000,OWN,10.0,PERSONAL,D,18225,14.61,0.41,Y,2,0
26028,27,59000,RENT,2.0,HOMEIMPROVEMENT,D,12000,15.99,0.2,Y,7,1
26029,27,61000,MORTGAGE,11.0,PERSONAL,A,4800,7.49,0.08,N,5,0
26030,45,19200,RENT,0.0,MEDICAL,B,2000,10.59,0.1,N,12,0
26031,23,91800,RENT,7.0,MEDICAL,E,15000,16.32,0.14,Y,4,1
26032,23,44196,RENT,8.0,MEDICAL,C,4000,13.06,0.09,N,2,0
26033,22,52000,MORTGAGE,6.0,PERSONAL,A,10800,8.49,0.22,N,4,0
26034,36,60000,OWN,6.0,MEDICAL,A,2000,8.49,0.03,N,13,0
26035,22,55000,MORTGAGE,2.0,VENTURE,A,10000,7.49,0.18,N,2,0
26036,26,100000,MORTGAGE,0.0,DEBTCONSOLIDATION,C,15000,13.85,0.15,N,3,0
26037,23,38400,RENT,2.0,EDUCATION,B,5000,9.63,0.13,N,2,0
26038,26,45000,MORTGAGE,4.0,EDUCATION,A,2400,5.79,0.05,N,4,0
26039,43,78000,MORTGAGE,4.0,PERSONAL,A,10000,7.14,0.13,N,13,1
26040,28,120000,OTHER,12.0,VENTURE,A,3800,7.9,0.03,N,7,0
26041,22,91000,MORTGAGE,5.0,EDUCATION,B,8000,10.36,0.09,N,3,0
26042,27,87000,RENT,5.0,PERSONAL,B,15000,10.62,0.17,N,5,0
26043,27,91080,MORTGAGE,4.0,HOMEIMPROVEMENT,D,19200,15.37,0.21,N,10,0
26044,29,90000,MORTGAGE,1.0,DEBTCONSOLIDATION,A,6000,8.49,0.07,N,10,0
26045,22,30000,RENT,6.0,EDUCATION,A,3000,7.88,0.1,N,3,0
26046,27,37000,RENT,5.0,MEDICAL,B,6000,10.65,0.16,N,5,0
26047,26,66000,RENT,7.0,MEDICAL,B,6000,10.37,0.09,N,2,0
26048,22,54000,MORTGAGE,6.0,MEDICAL,A,5000,7.68,0.09,N,3,0
26049,25,150000,MORTGAGE,9.0,PERSONAL,C,7500,14.27,0.05,Y,4,0
26050,32,24000,RENT,0.0,PERSONAL,C,4000,12.99,0.17,Y,9,0
26051,25,235000,RENT,9.0,VENTURE,B,25000,10.59,0.11,N,4,0
26052,24,65000,MORTGAGE,8.0,HOMEIMPROVEMENT,B,7000,11.49,0.11,N,3,0
26053,30,95000,MORTGAGE,3.0,HOMEIMPROVEMENT,A,5000,6.03,0.05,N,6,0
26054,27,38000,MORTGAGE,5.0,PERSONAL,A,4000,7.51,0.11,N,6,0
26055,21,40000,RENT,5.0,EDUCATION,C,15000,12.99,0.38,Y,3,1
26056,27,68000,RENT,4.0,HOMEIMPROVEMENT,C,20000,13.49,0.29,N,6,0
26057,28,120000,RENT,13.0,VENTURE,C,2000,15.23,0.02,Y,5,0
26058,28,106000,MORTGAGE,10.0,HOMEIMPROVEMENT,C,5000,14.27,0.05,N,7,0
26059,25,52000,RENT,0.0,VENTURE,B,5000,9.99,0.1,N,3,0
26060,25,120000,OWN,9.0,PERSONAL,B,3500,10.74,0.03,N,3,0
26061,27,65000,RENT,4.0,MEDICAL,A,10000,9.32,0.15,N,9,0
26062,24,100000,RENT,4.0,DEBTCONSOLIDATION,B,12000,9.99,0.12,N,2,0
26063,23,60000,RENT,5.0,EDUCATION,A,10500,7.29,0.17,N,3,0
26064,29,32000,RENT,6.0,PERSONAL,C,6000,13.49,0.19,N,5,1
26065,23,31200,RENT,7.0,PERSONAL,B,9000,10.99,0.29,N,3,0
26066,22,35000,RENT,5.0,PERSONAL,C,3500,13.61,0.1,N,2,0
26067,31,85000,MORTGAGE,15.0,PERSONAL,A,12000,7.51,0.14,N,9,0
26068,26,65000,MORTGAGE,10.0,VENTURE,A,15000,6.91,0.23,N,4,0
26069,41,46151,RENT,4.0,PERSONAL,B,7000,11.48,0.15,N,17,0
26070,43,60000,RENT,12.0,PERSONAL,B,5000,10.99,0.08,N,11,0
26071,27,98004,MORTGAGE,11.0,DEBTCONSOLIDATION,C,2500,13.99,0.03,N,9,0
26072,40,85000,MORTGAGE,3.0,HOMEIMPROVEMENT,B,25000,12.18,0.29,N,16,0
26073,28,150000,MORTGAGE,12.0,EDUCATION,A,25000,6.91,0.17,N,6,0
26074,23,64500,RENT,1.0,PERSONAL,C,12000,13.99,0.19,Y,3,0
26075,30,60000,OWN,0.0,MEDICAL,C,12000,15.96,0.2,Y,5,0
26076,46,69000,MORTGAGE,13.0,VENTURE,A,10000,8.9,0.14,N,17,0
26077,23,100000,RENT,3.0,DEBTCONSOLIDATION,A,4000,7.43,0.04,N,3,0
26078,23,95000,MORTGAGE,5.0,PERSONAL,D,15000,14.42,0.16,N,3,0
26079,22,100000,RENT,5.0,VENTURE,A,20000,6.91,0.2,N,2,0
26080,21,48602,RENT,0.0,MEDICAL,A,9500,8.59,0.2,N,4,0
26081,26,75000,RENT,6.0,VENTURE,B,12000,10.99,0.16,N,2,0
26082,24,35000,MORTGAGE,8.0,VENTURE,A,12000,7.49,0.34,N,2,0
26083,23,70000,MORTGAGE,4.0,VENTURE,A,8400,6.99,0.12,N,4,0
26084,24,65000,MORTGAGE,8.0,VENTURE,B,15000,10.25,0.23,N,4,0
26085,24,52000,RENT,8.0,EDUCATION,B,3600,12.53,0.07,N,4,0
26086,33,60000,MORTGAGE,4.0,EDUCATION,A,8000,7.88,0.13,N,8,0
26087,26,125000,RENT,1.0,DEBTCONSOLIDATION,A,6500,6.76,0.05,N,3,0
26088,33,35000,RENT,3.0,EDUCATION,E,7000,18.39,0.2,N,8,0
26089,28,40000,MORTGAGE,3.0,VENTURE,A,1500,6.76,0.04,N,7,0
26090,32,144000,MORTGAGE,16.0,VENTURE,E,35000,18.39,0.24,N,10,0
26091,35,44000,RENT,2.0,VENTURE,E,7500,16.32,0.17,N,5,1
26092,35,36000,RENT,2.0,DEBTCONSOLIDATION,A,3000,6.62,0.08,N,6,0
26093,24,85000,RENT,5.0,PERSONAL,B,9600,10.99,0.11,N,4,0
26094,29,49000,RENT,4.0,EDUCATION,B,14000,10.65,0.29,N,5,0
26095,43,98000,OWN,18.0,PERSONAL,B,15000,11.83,0.15,N,15,0
26096,24,100000,RENT,3.0,VENTURE,B,12000,9.99,0.12,N,3,0
26097,23,38400,OWN,1.0,VENTURE,A,6500,5.42,0.17,N,2,0
26098,22,60000,RENT,4.0,VENTURE,B,6000,10.36,0.1,N,4,0
26099,36,48500,RENT,4.0,MEDICAL,C,15000,13.85,0.31,N,13,1
26100,22,39000,RENT,2.0,PERSONAL,B,6000,11.86,0.15,N,3,0
26101,23,59475,RENT,4.0,MEDICAL,D,3000,15.7,0.05,Y,2,1
26102,21,120000,MORTGAGE,5.0,EDUCATION,A,20000,6.91,0.17,N,4,0
26103,27,54000,MORTGAGE,11.0,MEDICAL,A,5000,5.42,0.09,N,8,0
26104,30,102300,MORTGAGE,9.0,PERSONAL,A,8800,7.14,0.09,N,6,0
26105,33,24000,OWN,2.0,MEDICAL,A,2000,6.99,0.08,N,10,0
26106,24,90000,RENT,2.0,DEBTCONSOLIDATION,A,10000,7.51,0.11,N,4,0
26107,28,33600,RENT,5.0,VENTURE,D,5000,16.89,0.15,N,5,0
26108,24,110000,RENT,0.0,PERSONAL,B,2500,9.91,0.02,N,3,0
26109,23,78000,RENT,1.0,DEBTCONSOLIDATION,B,25000,11.11,0.32,N,4,1
26110,22,58992,RENT,6.0,VENTURE,A,3000,7.37,0.05,N,4,0
26111,27,64000,RENT,0.0,EDUCATION,C,12400,13.11,0.19,N,5,0
26112,30,49000,MORTGAGE,14.0,HOMEIMPROVEMENT,B,6500,11.49,0.13,N,9,0
26113,40,25000,OWN,2.0,PERSONAL,B,5000,9.62,0.2,N,15,0
26114,37,88000,RENT,18.0,PERSONAL,C,8000,15.96,0.09,Y,11,0
26115,21,54996,MORTGAGE,0.0,VENTURE,C,9000,13.85,0.16,Y,3,0
26116,21,35000,OWN,5.0,PERSONAL,B,8000,10.65,0.23,N,4,0
26117,28,48000,MORTGAGE,7.0,VENTURE,A,2500,5.42,0.05,N,5,0
26118,24,54000,MORTGAGE,8.0,MEDICAL,D,5400,14.42,0.1,N,2,1
26119,22,50000,RENT,4.0,EDUCATION,B,8000,9.63,0.16,N,3,0
26120,23,71500,MORTGAGE,7.0,VENTURE,A,9250,8.32,0.13,N,2,0
26121,38,62400,MORTGAGE,7.0,PERSONAL,B,20000,10.99,0.32,N,17,0
26122,32,38000,MORTGAGE,6.0,EDUCATION,D,5400,14.61,0.13,Y,10,0
26123,30,50400,RENT,9.0,EDUCATION,D,12000,16.89,0.24,N,9,1
26124,29,75000,OWN,13.0,VENTURE,B,15000,12.69,0.2,N,5,0
26125,43,56000,RENT,41.0,HOMEIMPROVEMENT,B,2000,10.99,0.04,N,14,0
26126,27,62000,MORTGAGE,2.0,MEDICAL,D,9250,16.07,0.15,N,6,0
26127,28,74000,RENT,2.0,HOMEIMPROVEMENT,D,12000,15.95,0.16,N,5,1
26128,25,60000,RENT,3.0,HOMEIMPROVEMENT,A,15000,8.94,0.25,N,4,0
26129,30,60000,RENT,7.0,VENTURE,B,10000,10.65,0.17,N,8,0
26130,27,38000,RENT,11.0,MEDICAL,B,5000,9.91,0.13,N,6,0
26131,36,85000,RENT,3.0,HOMEIMPROVEMENT,A,3250,7.9,0.04,N,14,0
26132,25,40000,OWN,4.0,EDUCATION,B,6000,11.71,0.15,N,4,0
26133,22,41900,RENT,3.0,EDUCATION,C,10500,12.22,0.25,Y,3,0
26134,40,68000,MORTGAGE,4.0,HOMEIMPROVEMENT,A,3500,5.42,0.05,N,14,0
26135,22,20000,OWN,5.0,EDUCATION,B,5000,10.99,0.25,N,2,0
26136,36,56500,RENT,1.0,PERSONAL,B,15000,11.48,0.27,N,15,0
26137,27,38250,RENT,2.0,VENTURE,A,5500,7.51,0.14,N,5,0
26138,33,80000,RENT,13.0,VENTURE,A,6000,6.99,0.07,N,8,0
26139,27,114000,MORTGAGE,6.0,PERSONAL,C,8300,13.23,0.07,N,7,0
26140,29,40000,RENT,2.0,MEDICAL,C,1200,12.53,0.03,N,6,0
26141,46,90000,RENT,3.0,MEDICAL,A,7000,8.94,0.08,N,15,0
26142,26,82300,RENT,1.0,VENTURE,A,3500,9.32,0.04,N,3,0
26143,25,250000,RENT,5.0,DEBTCONSOLIDATION,C,5000,13.99,0.02,N,4,0
26144,27,80000,MORTGAGE,11.0,VENTURE,C,12000,13.49,0.15,Y,6,0
26145,22,18000,RENT,2.0,DEBTCONSOLIDATION,C,3200,12.99,0.18,N,3,1
26146,25,40000,MORTGAGE,9.0,PERSONAL,A,9000,8.94,0.22,N,3,0
26147,23,40000,RENT,0.0,PERSONAL,A,10000,6.54,0.25,N,4,0
26148,23,57000,MORTGAGE,7.0,MEDICAL,C,20000,12.68,0.35,N,3,0
26149,23,45000,OWN,7.0,EDUCATION,D,7000,16.29,0.16,Y,2,0
26150,24,38168,RENT,5.0,PERSONAL,A,9600,7.88,0.26,N,3,0
26151,28,48000,RENT,12.0,MEDICAL,C,2000,12.99,0.04,Y,7,0
26152,27,51996,RENT,7.0,VENTURE,B,11200,10.36,0.22,N,5,0
26153,27,100000,RENT,2.0,VENTURE,A,9000,8.94,0.09,N,6,0
26154,23,54000,MORTGAGE,7.0,VENTURE,A,8500,7.14,0.16,N,3,0
26155,22,30000,RENT,0.0,PERSONAL,C,12250,12.23,0.42,N,4,1
26156,22,63208,RENT,6.0,DEBTCONSOLIDATION,D,4000,15.28,0.06,N,2,1
26157,21,58000,MORTGAGE,5.0,PERSONAL,A,5000,6.54,0.09,N,4,0
26158,29,40000,OWN,3.0,VENTURE,A,7000,6.03,0.17,N,9,0
26159,23,35000,RENT,8.0,VENTURE,A,14000,7.9,0.39,N,3,1
26160,30,20000,RENT,5.0,EDUCATION,C,4000,13.11,0.2,Y,6,0
26161,26,100000,MORTGAGE,10.0,MEDICAL,A,12000,7.51,0.12,N,2,0
26162,29,39000,RENT,5.0,PERSONAL,A,6000,7.49,0.15,N,5,0
26163,22,45000,RENT,6.0,EDUCATION,B,7000,10.0,0.16,N,4,0
26164,27,64000,RENT,3.0,DEBTCONSOLIDATION,D,10000,14.42,0.16,Y,6,1
26165,30,54000,RENT,14.0,DEBTCONSOLIDATION,C,6000,15.96,0.11,Y,10,1
26166,27,40000,RENT,3.0,MEDICAL,B,4000,11.89,0.1,N,7,0
26167,24,70000,RENT,1.0,VENTURE,B,6000,9.99,0.09,N,4,0
26168,30,120000,MORTGAGE,6.0,PERSONAL,A,14000,6.99,0.12,N,6,0
26169,39,28452,RENT,1.0,MEDICAL,B,1500,11.58,0.05,N,12,0
26170,25,51600,OWN,1.0,VENTURE,B,13000,12.53,0.25,N,4,0
26171,59,85000,RENT,2.0,PERSONAL,A,8000,7.66,0.09,N,19,0
26172,36,31200,RENT,0.0,PERSONAL,B,10000,10.37,0.32,N,15,1
26173,31,140000,MORTGAGE,9.0,HOMEIMPROVEMENT,B,25000,10.59,0.18,N,5,0
26174,30,30000,RENT,3.0,VENTURE,C,5000,14.26,0.17,Y,8,0
26175,29,120000,RENT,4.0,VENTURE,B,20000,12.42,0.17,N,6,0
26176,26,45000,RENT,0.0,HOMEIMPROVEMENT,C,5000,15.27,0.11,N,3,1
26177,23,47000,RENT,0.0,EDUCATION,A,6000,7.51,0.13,N,4,0
26178,25,50000,RENT,6.0,PERSONAL,A,3000,7.51,0.06,N,3,0
26179,22,53000,MORTGAGE,6.0,PERSONAL,A,6500,5.99,0.12,N,3,0
26180,30,105000,MORTGAGE,4.0,EDUCATION,A,7500,7.14,0.07,N,6,0
26181,41,72800,RENT,1.0,MEDICAL,A,20000,6.54,0.28,N,15,0
26182,23,55000,MORTGAGE,5.0,EDUCATION,B,3200,12.18,0.06,N,2,0
26183,24,70000,MORTGAGE,8.0,EDUCATION,A,4000,5.42,0.06,N,2,0
26184,30,136000,MORTGAGE,2.0,VENTURE,B,2400,10.65,0.02,N,9,0
26185,28,33000,RENT,2.0,PERSONAL,A,10000,7.66,0.3,N,6,1
26186,23,36000,RENT,2.0,DEBTCONSOLIDATION,A,6400,8.49,0.18,N,2,0
26187,22,28080,RENT,6.0,EDUCATION,A,13000,8.9,0.47,N,3,1
26188,29,25000,RENT,3.0,MEDICAL,A,4000,7.49,0.16,N,7,0
26189,24,65000,MORTGAGE,3.0,PERSONAL,A,8000,7.14,0.12,N,3,0
26190,32,45000,RENT,4.0,MEDICAL,A,4000,7.51,0.09,N,9,0
26191,25,24000,OWN,1.0,MEDICAL,D,5500,14.96,0.23,Y,3,1
26192,22,79000,MORTGAGE,3.0,EDUCATION,B,10000,11.11,0.13,N,3,0
26193,31,75000,MORTGAGE,8.0,MEDICAL,A,5625,6.03,0.07,N,5,0
26194,22,45000,RENT,0.0,EDUCATION,C,10400,14.27,0.24,Y,3,0
26195,28,25000,RENT,4.0,MEDICAL,C,8000,13.79,0.32,N,7,1
26196,24,60000,MORTGAGE,5.0,PERSONAL,A,8000,7.51,0.13,N,4,0
26197,23,110000,MORTGAGE,7.0,VENTURE,A,7000,7.74,0.06,N,3,0
26198,37,40000,RENT,9.0,PERSONAL,B,10000,10.99,0.25,N,15,0
26199,23,60000,MORTGAGE,4.0,EDUCATION,A,15000,7.9,0.25,N,4,0
26200,22,48000,RENT,4.0,MEDICAL,D,8000,14.96,0.17,N,4,1
26201,23,50000,MORTGAGE,7.0,DEBTCONSOLIDATION,B,12000,10.99,0.24,N,2,0
26202,29,78000,RENT,1.0,EDUCATION,B,6000,9.63,0.08,N,5,0
26203,22,54000,MORTGAGE,5.0,EDUCATION,B,6000,11.49,0.11,N,2,0
26204,23,50000,RENT,5.0,PERSONAL,B,6000,10.0,0.12,N,2,0
26205,23,42000,OWN,2.0,MEDICAL,C,4000,15.23,0.1,Y,2,0
26206,34,56400,OWN,8.0,VENTURE,B,7000,11.83,0.12,N,5,0
26207,26,143000,MORTGAGE,5.0,MEDICAL,A,7000,6.99,0.05,N,2,0
26208,24,39000,RENT,6.0,MEDICAL,A,4000,7.88,0.1,N,2,0
26209,23,54000,MORTGAGE,5.0,DEBTCONSOLIDATION,C,5000,12.73,0.09,N,3,0
26210,25,47500,RENT,0.0,MEDICAL,B,5500,10.71,0.11,N,3,0
26211,26,72000,MORTGAGE,10.0,MEDICAL,B,10000,11.48,0.14,N,4,0
26212,45,90000,RENT,3.0,VENTURE,C,16000,13.22,0.18,Y,13,0
26213,27,61656,MORTGAGE,0.0,HOMEIMPROVEMENT,B,15000,11.11,0.24,N,9,0
26214,29,32000,RENT,1.0,PERSONAL,C,2000,13.61,0.06,Y,6,1
26215,24,78000,RENT,4.0,HOMEIMPROVEMENT,E,5000,16.35,0.06,N,4,0
26216,23,94800,MORTGAGE,8.0,DEBTCONSOLIDATION,B,3600,10.37,0.04,N,2,0
26217,23,78000,MORTGAGE,5.0,MEDICAL,B,12000,12.18,0.15,N,2,0
26218,29,65000,RENT,3.0,HOMEIMPROVEMENT,A,8000,5.79,0.12,N,9,0
26219,22,35364,RENT,6.0,MEDICAL,C,10000,14.79,0.28,N,4,0
26220,32,58000,RENT,0.0,DEBTCONSOLIDATION,C,13000,13.48,0.22,Y,6,0
26221,38,81000,RENT,2.0,DEBTCONSOLIDATION,F,25000,19.04,0.31,Y,14,1
26222,22,59000,RENT,5.0,VENTURE,E,25000,17.93,0.41,Y,2,1
26223,48,95000,MORTGAGE,2.0,MEDICAL,B,25000,10.99,0.26,N,14,0
26224,23,130000,MORTGAGE,7.0,EDUCATION,A,15000,6.03,0.12,N,2,0
26225,22,60000,RENT,2.0,EDUCATION,C,8000,12.68,0.13,N,2,0
26226,23,45000,RENT,0.0,DEBTCONSOLIDATION,B,1500,11.48,0.03,N,2,0
26227,24,30000,RENT,2.0,MEDICAL,C,4000,11.34,0.13,Y,2,0
26228,23,78000,RENT,1.0,HOMEIMPROVEMENT,E,2000,18.79,0.03,N,3,1
26229,24,38000,RENT,3.0,PERSONAL,C,3200,13.23,0.08,N,4,0
26230,25,74700,MORTGAGE,5.0,DEBTCONSOLIDATION,B,24250,10.62,0.32,N,3,0
26231,25,80000,RENT,8.0,VENTURE,D,12000,14.09,0.15,Y,2,0
26232,25,75000,RENT,2.0,DEBTCONSOLIDATION,C,15000,12.61,0.2,Y,4,0
26233,22,78000,MORTGAGE,6.0,DEBTCONSOLIDATION,C,15000,14.27,0.19,N,4,1
26234,33,55000,MORTGAGE,4.0,MEDICAL,A,6000,7.9,0.11,N,9,0
26235,36,90000,RENT,0.0,PERSONAL,C,7000,13.22,0.08,Y,15,0
26236,23,70000,RENT,6.0,DEBTCONSOLIDATION,C,2000,13.72,0.03,Y,3,0
26237,21,40000,MORTGAGE,5.0,EDUCATION,B,5000,10.08,0.13,N,2,0
26238,24,70000,RENT,8.0,PERSONAL,B,10000,10.99,0.14,N,4,0
26239,22,99600,MORTGAGE,6.0,PERSONAL,A,5000,7.14,0.05,N,3,0
26240,26,60000,MORTGAGE,10.0,HOMEIMPROVEMENT,A,14000,7.51,0.23,N,4,0
26241,23,52000,MORTGAGE,4.0,EDUCATION,A,5200,8.94,0.1,N,4,0
26242,26,110000,RENT,7.0,DEBTCONSOLIDATION,B,9600,10.65,0.09,N,4,0
26243,30,50000,MORTGAGE,4.0,PERSONAL,B,12000,10.99,0.24,N,10,0
26244,23,60000,RENT,3.0,EDUCATION,A,2500,6.76,0.04,N,2,0
26245,25,35100,RENT,9.0,VENTURE,C,1000,13.98,0.03,N,2,0
26246,22,60000,MORTGAGE,6.0,MEDICAL,A,6000,5.99,0.1,N,3,0
26247,24,93200,MORTGAGE,8.0,VENTURE,B,8000,8.88,0.09,N,2,0
26248,28,40000,RENT,9.0,MEDICAL,C,7500,14.27,0.19,Y,5,0
26249,35,100000,MORTGAGE,5.0,PERSONAL,A,10000,7.66,0.1,N,9,0
26250,23,130000,RENT,3.0,EDUCATION,B,14000,10.99,0.11,N,2,0
26251,30,79820,RENT,4.0,EDUCATION,C,16000,13.16,0.21,Y,9,0
26252,21,80000,MORTGAGE,5.0,EDUCATION,A,11000,7.51,0.14,N,2,0
26253,24,275000,MORTGAGE,5.0,HOMEIMPROVEMENT,B,10000,11.48,0.04,N,4,0
26254,26,57000,MORTGAGE,10.0,HOMEIMPROVEMENT,C,9000,14.65,0.16,N,3,1
26255,23,46800,MORTGAGE,7.0,DEBTCONSOLIDATION,D,6000,15.21,0.13,Y,3,1
26256,25,59600,RENT,9.0,HOMEIMPROVEMENT,A,6000,5.99,0.1,N,2,0
26257,22,55000,RENT,7.0,VENTURE,A,10000,7.9,0.19,N,3,0
26258,23,60000,RENT,7.0,MEDICAL,B,15000,11.86,0.25,N,2,0
26259,21,36000,RENT,2.0,PERSONAL,B,15000,10.25,0.42,N,4,1
26260,28,35004,RENT,3.0,PERSONAL,C,5000,13.23,0.14,N,7,0
26261,23,50000,MORTGAGE,8.0,EDUCATION,A,10000,7.51,0.2,N,2,0
26262,41,60000,MORTGAGE,5.0,HOMEIMPROVEMENT,A,10000,7.51,0.17,N,13,0
26263,25,30000,MORTGAGE,6.0,PERSONAL,A,9500,6.99,0.32,N,2,0
26264,30,60000,RENT,5.0,DEBTCONSOLIDATION,A,6000,7.88,0.1,N,5,0
26265,24,54000,MORTGAGE,4.0,MEDICAL,A,6000,7.68,0.11,N,3,0
26266,29,36000,RENT,6.0,MEDICAL,E,10000,20.3,0.28,Y,9,1
26267,22,40000,RENT,2.0,DEBTCONSOLIDATION,C,5000,12.87,0.13,N,4,0
26268,25,120000,MORTGAGE,9.0,EDUCATION,A,7000,7.68,0.06,N,3,0
26269,35,20000,RENT,0.0,MEDICAL,A,5500,8.59,0.28,N,10,0
26270,25,37000,RENT,2.0,MEDICAL,A,7000,8.9,0.19,N,2,0
26271,24,65000,MORTGAGE,4.0,VENTURE,A,12000,6.62,0.18,N,2,0
26272,28,60000,RENT,0.0,PERSONAL,C,5000,14.65,0.08,Y,5,0
26273,29,91800,RENT,3.0,MEDICAL,D,30000,14.96,0.28,Y,10,1
26274,28,54000,RENT,5.0,EDUCATION,A,6000,7.66,0.11,N,6,0
26275,25,40800,MORTGAGE,6.0,HOMEIMPROVEMENT,C,6000,13.48,0.15,Y,2,0
26276,22,30000,RENT,3.0,EDUCATION,C,4000,13.92,0.13,N,2,0
26277,26,25600,RENT,5.0,EDUCATION,C,5000,15.96,0.2,N,4,0
26278,28,60000,MORTGAGE,12.0,HOMEIMPROVEMENT,A,10000,7.88,0.17,N,5,0
26279,23,80000,RENT,7.0,EDUCATION,B,6000,11.49,0.07,N,3,0
26280,27,75000,MORTGAGE,11.0,PERSONAL,A,9500,6.03,0.13,N,6,0
26281,23,24000,OWN,0.0,VENTURE,C,4800,12.53,0.2,Y,2,0
26282,24,55000,RENT,8.0,VENTURE,A,8000,7.49,0.15,N,3,0
26283,27,56244,RENT,0.0,MEDICAL,C,12000,14.22,0.21,N,10,0
26284,33,78200,MORTGAGE,0.0,MEDICAL,A,13000,6.54,0.15,N,10,0
26285,38,80000,MORTGAGE,8.0,PERSONAL,A,10000,7.49,0.13,N,15,0
26286,22,72000,OWN,4.0,PERSONAL,B,12000,12.53,0.17,N,2,0
26287,28,65000,RENT,4.0,HOMEIMPROVEMENT,B,20000,10.37,0.31,N,9,1
26288,24,79992,RENT,2.0,DEBTCONSOLIDATION,A,6000,7.88,0.08,N,3,0
26289,23,28800,RENT,0.0,MEDICAL,A,8000,7.51,0.28,N,3,0
26290,56,80000,MORTGAGE,3.0,EDUCATION,A,12000,6.62,0.15,N,20,0
26291,23,25000,RENT,0.0,VENTURE,A,8000,7.9,0.32,N,4,1
26292,48,50000,OWN,0.0,VENTURE,A,5000,7.43,0.1,N,12,0
26293,25,120000,MORTGAGE,9.0,PERSONAL,C,20000,13.57,0.17,Y,4,0
26294,24,110000,OWN,7.0,VENTURE,A,9000,7.14,0.08,N,3,0
26295,27,78000,MORTGAGE,2.0,DEBTCONSOLIDATION,A,3000,7.14,0.04,N,6,0
26296,23,99996,MORTGAGE,3.0,VENTURE,B,4800,11.49,0.05,N,2,0
26297,26,60000,MORTGAGE,3.0,PERSONAL,A,5000,7.14,0.08,N,4,0
26298,32,66384,MORTGAGE,3.0,VENTURE,A,16000,7.88,0.25,N,10,0
26299,22,70000,MORTGAGE,7.0,MEDICAL,A,15000,7.29,0.21,N,2,0
26300,23,75000,MORTGAGE,7.0,EDUCATION,B,12000,10.99,0.16,N,2,0
26301,24,70000,MORTGAGE,1.0,EDUCATION,B,8000,9.91,0.11,N,3,0
26302,30,60000,MORTGAGE,1.0,VENTURE,B,10000,12.21,0.17,N,5,0
26303,25,65000,MORTGAGE,9.0,PERSONAL,B,14400,11.71,0.22,N,2,0
26304,24,135000,MORTGAGE,2.0,HOMEIMPROVEMENT,A,10000,8.94,0.07,N,4,0
26305,23,50000,RENT,7.0,VENTURE,B,10000,10.59,0.2,N,4,0
26306,26,45000,RENT,1.0,PERSONAL,B,5275,10.37,0.12,N,2,0
26307,24,170000,MORTGAGE,1.0,VENTURE,B,7500,11.83,0.04,N,4,0
26308,26,38004,RENT,0.0,EDUCATION,A,6600,7.88,0.17,N,2,0
26309,26,52500,MORTGAGE,10.0,HOMEIMPROVEMENT,B,4000,10.37,0.08,N,2,0
26310,23,47000,RENT,0.0,DEBTCONSOLIDATION,B,10000,10.37,0.21,N,4,0
26311,24,41600,MORTGAGE,0.0,DEBTCONSOLIDATION,B,12000,10.62,0.29,N,3,0
26312,25,51600,MORTGAGE,5.0,HOMEIMPROVEMENT,B,5000,10.59,0.1,N,3,0
26313,23,60000,MORTGAGE,7.0,PERSONAL,A,5000,7.51,0.08,N,3,0
26314,23,50000,MORTGAGE,5.0,EDUCATION,A,6000,6.91,0.12,N,3,0
26315,23,90000,RENT,4.0,EDUCATION,B,4800,10.99,0.05,N,3,0
26316,23,60000,RENT,5.0,EDUCATION,A,5000,8.49,0.08,N,4,0
26317,25,46000,OWN,9.0,MEDICAL,D,10000,14.96,0.22,Y,3,0
26318,22,60000,RENT,6.0,EDUCATION,B,5000,11.86,0.08,N,4,0
26319,27,45000,RENT,0.0,MEDICAL,C,10000,12.68,0.22,Y,8,0
26320,31,24000,OWN,1.0,VENTURE,B,2000,11.14,0.08,N,6,0
26321,24,62000,MORTGAGE,0.0,VENTURE,A,8400,6.62,0.14,N,3,0
26322,26,38004,RENT,3.0,MEDICAL,B,10000,10.99,0.26,N,2,0
26323,22,30000,RENT,1.0,EDUCATION,C,6000,13.49,0.2,Y,3,0
26324,28,65000,MORTGAGE,12.0,HOMEIMPROVEMENT,A,4500,6.03,0.07,N,7,0
26325,22,37200,RENT,4.0,EDUCATION,B,10000,10.36,0.27,N,2,1
26326,24,52000,RENT,8.0,EDUCATION,D,2500,15.7,0.05,N,3,0
26327,30,108820,RENT,4.0,EDUCATION,B,20000,9.63,0.18,N,8,0
26328,22,52500,RENT,0.0,EDUCATION,C,16000,13.11,0.31,Y,2,1
26329,31,54996,RENT,0.0,MEDICAL,A,12000,8.59,0.22,N,5,0
26330,39,158000,MORTGAGE,13.0,HOMEIMPROVEMENT,A,11000,8.49,0.07,N,15,0
26331,22,60000,RENT,3.0,EDUCATION,A,7000,7.14,0.12,N,3,0
26332,42,95000,RENT,6.0,VENTURE,A,5000,8.9,0.05,N,17,0
26333,28,73000,RENT,4.0,EDUCATION,E,9000,17.19,0.13,Y,7,1
26334,30,30000,RENT,3.0,MEDICAL,C,6000,14.22,0.2,N,8,1
26335,28,40000,RENT,6.0,EDUCATION,B,6000,10.99,0.15,N,8,0
26336,23,80000,MORTGAGE,7.0,MEDICAL,C,8000,13.22,0.1,Y,3,0
26337,28,78000,MORTGAGE,3.0,VENTURE,D,20000,14.61,0.25,Y,10,1
26338,25,72000,MORTGAGE,9.0,VENTURE,A,15000,7.9,0.21,N,2,0
26339,28,78000,MORTGAGE,12.0,VENTURE,C,3000,13.99,0.04,N,10,0
26340,25,200000,MORTGAGE,0.0,HOMEIMPROVEMENT,B,20000,10.99,0.1,N,3,0
26341,22,50000,RENT,2.0,EDUCATION,C,10000,13.16,0.2,Y,2,0
26342,26,29400,RENT,1.0,EDUCATION,B,7750,10.62,0.26,N,3,0
26343,23,70000,MORTGAGE,2.0,VENTURE,A,6000,8.49,0.09,N,4,0
26344,22,27000,RENT,2.0,EDUCATION,A,5000,7.9,0.18,N,2,0
26345,23,24000,RENT,2.0,DEBTCONSOLIDATION,A,4000,7.9,0.17,N,2,0
26346,27,50000,MORTGAGE,2.0,HOMEIMPROVEMENT,B,4000,9.76,0.08,N,5,0
26347,22,40000,RENT,0.0,DEBTCONSOLIDATION,C,7000,12.73,0.17,Y,3,0
26348,30,200000,MORTGAGE,4.0,PERSONAL,A,10000,7.14,0.05,N,10,0
26349,28,55000,RENT,12.0,MEDICAL,B,15000,11.48,0.27,N,7,0
26350,21,45000,MORTGAGE,5.0,EDUCATION,B,7000,12.21,0.16,N,2,0
26351,25,33996,RENT,1.0,PERSONAL,D,7500,12.92,0.24,Y,3,1
26352,24,45000,RENT,0.0,MEDICAL,B,10000,10.25,0.22,N,2,0
26353,22,60000,MORTGAGE,5.0,DEBTCONSOLIDATION,B,6600,10.99,0.11,N,4,0
26354,24,63000,RENT,8.0,PERSONAL,C,3000,13.98,0.05,N,2,0
26355,24,37200,RENT,1.0,PERSONAL,C,15000,13.98,0.41,N,3,1
26356,28,60000,MORTGAGE,12.0,PERSONAL,C,2500,12.61,0.04,Y,6,0
26357,21,30000,RENT,5.0,EDUCATION,A,5000,7.88,0.17,N,2,0
26358,37,60000,MORTGAGE,7.0,PERSONAL,A,16000,7.9,0.27,N,14,0
26359,32,95000,MORTGAGE,5.0,VENTURE,A,5000,7.51,0.05,N,9,0
26360,25,120000,MORTGAGE,9.0,HOMEIMPROVEMENT,C,10000,12.99,0.08,N,4,0
26361,21,24000,RENT,1.0,EDUCATION,A,6000,7.51,0.25,N,4,0
26362,22,80004,MORTGAGE,7.0,EDUCATION,B,10000,11.12,0.12,N,2,0
26363,24,75000,MORTGAGE,2.0,EDUCATION,A,5000,5.79,0.07,N,4,0
26364,51,57996,MORTGAGE,6.0,DEBTCONSOLIDATION,D,5000,15.21,0.09,Y,22,1
26365,37,44000,RENT,11.0,MEDICAL,A,7000,7.49,0.16,N,13,1
26366,32,52000,MORTGAGE,6.0,DEBTCONSOLIDATION,C,2500,14.65,0.05,Y,7,0
26367,26,29000,RENT,3.0,VENTURE,B,7750,10.99,0.27,N,2,0
26368,28,75000,RENT,5.0,HOMEIMPROVEMENT,A,12000,6.17,0.16,N,7,0
26369,28,70000,RENT,12.0,PERSONAL,C,5000,13.16,0.07,Y,10,0
26370,26,38000,RENT,10.0,PERSONAL,B,10000,12.21,0.26,N,2,0
26371,22,25000,MORTGAGE,6.0,MEDICAL,A,6200,6.03,0.26,N,4,0
26372,30,58800,RENT,9.0,PERSONAL,B,5000,10.36,0.09,N,7,1
26373,21,110000,RENT,5.0,VENTURE,A,10000,7.66,0.09,N,4,0
26374,25,36000,MORTGAGE,7.0,HOMEIMPROVEMENT,A,7400,7.9,0.22,N,2,0
26375,23,60000,RENT,3.0,EDUCATION,B,8000,9.99,0.13,N,4,0
26376,36,45000,MORTGAGE,3.0,PERSONAL,B,5000,11.12,0.11,N,12,0
26377,35,24000,RENT,4.0,MEDICAL,D,1000,16.29,0.04,N,6,0
26378,22,60000,MORTGAGE,7.0,EDUCATION,B,6000,11.99,0.1,N,3,0
26379,43,50000,MORTGAGE,0.0,PERSONAL,A,5000,7.74,0.1,N,16,0
26380,31,50000,RENT,1.0,MEDICAL,C,8000,12.68,0.16,N,10,0
26381,22,43200,RENT,0.0,MEDICAL,C,10000,11.66,0.23,Y,4,0
26382,23,65000,MORTGAGE,7.0,PERSONAL,B,10000,9.91,0.15,N,3,0
26383,27,125000,MORTGAGE,3.0,VENTURE,D,24000,14.96,0.19,N,8,0
26384,26,19200,RENT,2.0,EDUCATION,C,2500,13.61,0.13,N,4,1
26385,23,50000,OWN,1.0,PERSONAL,D,7500,15.58,0.15,N,3,0
26386,32,68000,MORTGAGE,16.0,PERSONAL,A,6000,9.63,0.09,N,9,0
26387,22,90000,MORTGAGE,6.0,VENTURE,A,10000,6.99,0.11,N,4,0
26388,23,70000,MORTGAGE,5.0,EDUCATION,B,6000,11.12,0.09,N,4,0
26389,22,60000,RENT,1.0,EDUCATION,B,20000,10.99,0.33,N,3,0
26390,22,26880,RENT,4.0,EDUCATION,C,1600,13.85,0.06,Y,3,0
26391,28,42000,RENT,12.0,EDUCATION,B,10000,10.65,0.24,N,7,0
26392,33,68000,MORTGAGE,17.0,VENTURE,A,8000,6.99,0.12,N,10,0
26393,25,61476,RENT,4.0,MEDICAL,A,9200,8.49,0.15,N,4,0
26394,31,75000,MORTGAGE,5.0,PERSONAL,C,10000,13.57,0.13,Y,7,0
26395,23,33996,RENT,6.0,EDUCATION,B,5000,10.0,0.15,N,3,0
26396,21,60000,RENT,6.0,DEBTCONSOLIDATION,B,6000,9.25,0.1,N,2,0
26397,29,60000,MORTGAGE,13.0,PERSONAL,D,15000,14.74,0.25,Y,8,0
26398,31,84000,MORTGAGE,6.0,MEDICAL,A,1000,7.9,0.01,N,6,0
26399,38,85000,MORTGAGE,6.0,PERSONAL,A,8000,7.51,0.09,N,14,0
26400,30,150000,MORTGAGE,6.0,VENTURE,B,25000,11.48,0.17,N,9,0
26401,36,55000,MORTGAGE,6.0,EDUCATION,B,3000,10.99,0.05,N,13,0
26402,30,70000,MORTGAGE,2.0,PERSONAL,A,5000,6.03,0.07,N,10,0
26403,29,75000,RENT,0.0,PERSONAL,C,16400,13.49,0.22,Y,7,0
26404,39,84000,MORTGAGE,20.0,VENTURE,B,5000,10.59,0.06,N,17,0
26405,30,80000,RENT,3.0,VENTURE,D,14000,14.96,0.17,Y,8,0
26406,25,60000,MORTGAGE,3.0,DEBTCONSOLIDATION,A,10000,8.9,0.17,N,4,0
26407,22,60000,RENT,6.0,MEDICAL,B,8000,11.99,0.13,N,3,0
26408,23,90000,MORTGAGE,4.0,VENTURE,A,10000,6.62,0.11,N,2,0
26409,28,78000,MORTGAGE,3.0,EDUCATION,A,3000,6.92,0.04,N,9,0
26410,38,120000,MORTGAGE,2.0,DEBTCONSOLIDATION,A,20000,6.54,0.17,N,15,0
26411,32,29000,RENT,0.0,VENTURE,B,2800,10.0,0.09,N,9,0
26412,29,48000,RENT,6.0,MEDICAL,B,11000,9.91,0.23,N,10,0
26413,23,36000,RENT,4.0,EDUCATION,A,8000,5.42,0.22,N,2,0
26414,23,53004,MORTGAGE,1.0,EDUCATION,B,7000,9.25,0.14,N,4,0
26415,35,45000,RENT,7.0,MEDICAL,C,7800,13.49,0.17,Y,6,0
26416,23,30996,RENT,7.0,DEBTCONSOLIDATION,B,3000,9.63,0.1,N,4,0
26417,37,72000,RENT,7.0,HOMEIMPROVEMENT,A,6400,7.14,0.09,N,13,0
26418,23,69000,RENT,7.0,VENTURE,B,6000,9.99,0.09,N,3,0
26419,22,35000,RENT,0.0,DEBTCONSOLIDATION,B,10000,9.91,0.29,N,3,0
26420,21,30000,RENT,6.0,EDUCATION,C,3000,13.61,0.1,N,3,0
26421,25,108000,RENT,1.0,PERSONAL,D,4500,16.89,0.04,Y,4,1
26422,36,54000,RENT,2.0,HOMEIMPROVEMENT,E,10000,15.95,0.19,N,14,1
26423,24,28000,RENT,8.0,MEDICAL,A,5000,7.29,0.18,N,2,0
26424,21,56000,RENT,5.0,MEDICAL,B,6000,9.62,0.11,N,3,0
26425,41,31000,MORTGAGE,2.0,MEDICAL,B,5200,10.36,0.17,N,17,0
26426,22,73000,MORTGAGE,6.0,VENTURE,A,7500,6.03,0.1,N,3,0
26427,29,40000,RENT,6.0,HOMEIMPROVEMENT,A,2000,8.0,0.05,N,8,1
26428,30,69000,RENT,2.0,MEDICAL,B,15000,11.71,0.22,N,8,0
26429,34,72000,MORTGAGE,6.0,HOMEIMPROVEMENT,A,7400,5.42,0.1,N,9,0
26430,22,120000,RENT,6.0,EDUCATION,A,10000,6.03,0.08,N,2,0
26431,26,65000,MORTGAGE,10.0,PERSONAL,D,6000,16.29,0.09,N,2,0
26432,28,65000,MORTGAGE,3.0,MEDICAL,A,10000,7.49,0.15,N,6,0
26433,22,45000,RENT,2.0,MEDICAL,D,12275,12.61,0.27,N,3,1
26434,28,75000,MORTGAGE,12.0,VENTURE,A,14000,6.03,0.19,N,7,0
26435,24,80000,MORTGAGE,8.0,PERSONAL,D,14400,14.96,0.17,Y,2,0
26436,22,105000,MORTGAGE,6.0,DEBTCONSOLIDATION,B,11200,12.69,0.11,N,4,0
26437,22,45000,MORTGAGE,0.0,PERSONAL,A,3000,8.9,0.07,N,2,0
26438,27,51996,RENT,11.0,EDUCATION,B,4000,10.65,0.08,N,8,0
26439,34,25000,RENT,4.0,PERSONAL,D,2000,15.33,0.08,N,6,1
26440,22,36000,MORTGAGE,6.0,DEBTCONSOLIDATION,B,4000,12.69,0.11,N,2,0
26441,30,60000,MORTGAGE,11.0,EDUCATION,A,15000,7.9,0.25,N,9,0
26442,25,114000,MORTGAGE,2.0,EDUCATION,B,8000,11.71,0.07,N,4,0
26443,29,60000,RENT,0.0,DEBTCONSOLIDATION,C,3000,12.53,0.05,N,9,0
26444,22,50000,RENT,5.0,PERSONAL,B,10000,10.99,0.2,N,4,0
26445,52,180000,RENT,1.0,VENTURE,A,14000,5.79,0.08,N,20,0
26446,36,24000,RENT,1.0,EDUCATION,C,1450,14.27,0.06,Y,14,1
26447,23,74029,RENT,7.0,EDUCATION,B,3000,11.83,0.04,N,3,0
26448,30,77000,RENT,6.0,EDUCATION,A,5500,7.88,0.07,N,8,0
26449,23,48000,RENT,3.0,DEBTCONSOLIDATION,D,15000,15.21,0.31,N,4,1
26450,25,94500,MORTGAGE,3.0,PERSONAL,C,8000,13.92,0.08,Y,2,0
26451,32,58000,OWN,0.0,VENTURE,A,3500,7.49,0.06,N,6,0
26452,26,75000,MORTGAGE,4.0,VENTURE,A,16000,8.59,0.22,N,4,0
26453,33,60000,MORTGAGE,4.0,EDUCATION,B,15000,10.75,0.25,N,10,1
26454,41,60000,RENT,3.0,VENTURE,C,6000,14.27,0.1,Y,15,0
26455,23,90000,RENT,4.0,MEDICAL,A,16000,7.9,0.18,N,4,0
26456,35,50000,MORTGAGE,1.0,MEDICAL,B,6400,11.71,0.13,N,5,0
26457,39,60000,MORTGAGE,5.0,DEBTCONSOLIDATION,B,20000,12.69,0.33,N,17,0
26458,30,92004,MORTGAGE,11.0,DEBTCONSOLIDATION,B,24250,11.86,0.26,N,10,0
26459,27,85500,MORTGAGE,1.0,EDUCATION,C,17000,13.11,0.2,N,6,0
26460,49,27000,RENT,12.0,EDUCATION,B,3500,11.71,0.13,N,17,1
26461,36,53500,RENT,1.0,VENTURE,B,3200,11.12,0.06,N,17,0
26462,25,54000,RENT,1.0,HOMEIMPROVEMENT,D,6000,16.49,0.11,Y,4,1
26463,24,50000,MORTGAGE,8.0,PERSONAL,C,5000,14.27,0.1,Y,4,0
26464,28,100000,MORTGAGE,7.0,EDUCATION,C,8750,13.99,0.09,Y,7,0
26465,28,50000,RENT,0.0,MEDICAL,D,8000,15.62,0.16,Y,10,1
26466,24,80000,RENT,8.0,EDUCATION,C,10000,13.92,0.13,Y,2,0
26467,38,24000,MORTGAGE,0.0,EDUCATION,A,1800,7.74,0.07,N,15,0
26468,52,125000,MORTGAGE,2.0,MEDICAL,B,17000,8.88,0.14,N,25,0
26469,38,80000,MORTGAGE,2.0,PERSONAL,B,12000,10.62,0.15,N,14,0
26470,25,85596,RENT,4.0,VENTURE,B,6000,10.95,0.07,N,2,0
26471,34,60000,RENT,7.0,DEBTCONSOLIDATION,C,9000,15.23,0.15,Y,7,0
26472,29,50000,RENT,3.0,VENTURE,C,5000,13.49,0.1,Y,10,0
26473,29,75000,RENT,3.0,HOMEIMPROVEMENT,A,4200,8.49,0.06,N,6,0
26474,38,78000,RENT,3.0,DEBTCONSOLIDATION,C,15000,13.49,0.19,N,14,0
26475,33,60000,MORTGAGE,2.0,MEDICAL,A,8325,7.51,0.14,N,8,0
26476,21,50000,RENT,2.0,VENTURE,A,9000,5.99,0.18,N,3,0
26477,21,42000,RENT,3.0,MEDICAL,B,14000,11.83,0.32,N,3,1
26478,27,102000,MORTGAGE,11.0,MEDICAL,C,18000,12.99,0.18,N,6,0
26479,23,60000,MORTGAGE,4.0,PERSONAL,B,19500,12.18,0.31,N,2,0
26480,23,60000,MORTGAGE,7.0,MEDICAL,B,5000,10.65,0.08,N,4,0
26481,22,75000,RENT,7.0,PERSONAL,B,6000,11.58,0.08,N,3,0
26482,22,39996,RENT,5.0,DEBTCONSOLIDATION,B,5000,10.36,0.13,N,3,0
26483,26,55000,RENT,2.0,MEDICAL,B,8500,9.99,0.15,N,4,0
26484,24,130000,RENT,6.0,DEBTCONSOLIDATION,A,4800,7.9,0.35,N,3,1
26485,25,33000,RENT,5.0,DEBTCONSOLIDATION,B,3000,10.0,0.09,N,2,0
26486,35,67000,OWN,7.0,PERSONAL,C,4200,13.57,0.06,Y,6,0
26487,46,76872,MORTGAGE,3.0,DEBTCONSOLIDATION,C,15000,14.65,0.2,N,4,0
26488,25,42000,OWN,9.0,MEDICAL,C,5000,14.22,0.12,Y,4,0
26489,28,60000,RENT,0.0,DEBTCONSOLIDATION,A,4800,8.9,0.08,N,8,0
26490,22,42000,RENT,0.0,MEDICAL,B,1600,10.37,0.04,N,2,0
26491,28,45000,RENT,1.0,EDUCATION,C,12000,14.26,0.27,N,6,0
26492,22,50000,RENT,4.0,EDUCATION,B,20000,10.37,0.4,N,2,1
26493,24,55000,RENT,5.0,VENTURE,B,4000,11.58,0.07,N,2,0
26494,24,45000,RENT,8.0,MEDICAL,A,6000,7.9,0.13,N,2,0
26495,29,97000,MORTGAGE,6.0,MEDICAL,B,10000,11.71,0.1,N,7,0
26496,23,90000,MORTGAGE,7.0,PERSONAL,B,4500,10.59,0.05,N,2,0
26497,22,60000,RENT,6.0,MEDICAL,A,10700,5.99,0.18,N,3,0
26498,23,60000,MORTGAGE,3.0,DEBTCONSOLIDATION,A,2000,6.54,0.03,N,4,0
26499,40,150000,RENT,8.0,HOMEIMPROVEMENT,B,15000,10.25,0.1,N,13,0
26500,52,51850,RENT,9.0,MEDICAL,D,3600,14.11,0.06,N,28,1
26501,37,110000,MORTGAGE,0.0,PERSONAL,A,10000,8.9,0.09,N,17,0
26502,24,50000,MORTGAGE,5.0,MEDICAL,A,8000,8.49,0.16,N,3,0
26503,25,68000,RENT,5.0,EDUCATION,A,15000,7.9,0.22,N,4,0
26504,28,50000,RENT,0.0,PERSONAL,B,4000,11.48,0.08,N,7,0
26505,22,53000,MORTGAGE,6.0,DEBTCONSOLIDATION,A,7000,7.14,0.13,N,3,0
26506,29,66000,RENT,7.0,HOMEIMPROVEMENT,A,10000,6.62,0.15,N,5,0
26507,24,35000,RENT,2.0,PERSONAL,B,7200,10.65,0.21,N,2,0
26508,25,73000,RENT,1.0,VENTURE,D,12000,14.61,0.16,N,3,1
26509,25,41000,RENT,1.0,DEBTCONSOLIDATION,A,6400,7.51,0.16,N,4,0
26510,27,52000,RENT,4.0,HOMEIMPROVEMENT,B,8000,10.59,0.15,N,8,0
26511,30,33000,RENT,5.0,PERSONAL,B,4000,11.49,0.12,N,10,0
26512,30,60000,MORTGAGE,2.0,HOMEIMPROVEMENT,A,8000,5.79,0.13,N,10,0
26513,25,120000,RENT,5.0,HOMEIMPROVEMENT,E,10000,17.93,0.08,Y,3,0
26514,27,68000,RENT,4.0,VENTURE,B,1600,10.74,0.02,N,5,0
26515,26,81204,MORTGAGE,6.0,EDUCATION,B,9100,12.69,0.11,N,3,1
26516,23,55000,RENT,7.0,MEDICAL,A,3000,6.99,0.05,N,3,0
26517,27,39000,MORTGAGE,0.0,PERSONAL,D,3000,13.55,0.08,N,10,1
26518,24,60000,RENT,4.0,PERSONAL,A,10000,8.49,0.17,N,3,0
26519,39,50000,RENT,0.0,DEBTCONSOLIDATION,A,2500,7.29,0.05,N,16,0
26520,26,47000,MORTGAGE,4.0,DEBTCONSOLIDATION,D,8000,16.49,0.17,Y,3,1
26521,33,75500,RENT,3.0,VENTURE,B,3000,10.99,0.04,N,8,0
26522,24,45500,RENT,8.0,EDUCATION,B,2000,12.42,0.04,N,2,0
26523,23,42000,RENT,2.0,PERSONAL,B,6000,10.37,0.14,N,2,1
26524,27,50000,RENT,5.0,VENTURE,A,9600,7.51,0.19,N,10,0
26525,24,30000,RENT,0.0,VENTURE,B,9000,11.48,0.3,N,3,0
26526,23,70000,MORTGAGE,4.0,EDUCATION,A,10000,6.03,0.14,N,2,0
26527,23,36000,RENT,0.0,EDUCATION,C,3600,13.22,0.1,Y,2,0
26528,29,60000,MORTGAGE,0.0,VENTURE,B,24500,12.53,0.4,N,8,0
26529,33,50000,RENT,4.0,MEDICAL,A,13000,8.9,0.26,N,10,0
26530,40,31200,MORTGAGE,0.0,HOMEIMPROVEMENT,A,2100,8.94,0.07,N,15,1
26531,36,52000,MORTGAGE,2.0,EDUCATION,C,6000,13.49,0.12,N,11,0
26532,27,90000,MORTGAGE,0.0,VENTURE,D,15000,15.7,0.17,Y,5,0
26533,35,38000,OTHER,0.0,DEBTCONSOLIDATION,B,3500,11.58,0.09,N,9,0
26534,27,98004,RENT,0.0,DEBTCONSOLIDATION,A,3600,7.49,0.39,N,6,1
26535,35,90000,RENT,1.0,PERSONAL,B,6000,9.99,0.07,N,7,0
26536,23,54000,RENT,0.0,DEBTCONSOLIDATION,C,5000,13.61,0.09,N,3,0
26537,23,30000,RENT,4.0,EDUCATION,C,4000,12.61,0.13,N,3,0
26538,28,97000,MORTGAGE,4.0,PERSONAL,C,20000,12.29,0.21,Y,7,0
26539,28,30000,RENT,0.0,EDUCATION,C,7000,13.72,0.23,N,8,0
26540,27,65000,RENT,2.0,PERSONAL,A,15000,7.88,0.23,N,10,0
26541,23,78000,RENT,0.0,HOMEIMPROVEMENT,E,20000,16.35,0.26,Y,4,1
26542,26,75000,RENT,4.0,VENTURE,A,8000,7.49,0.11,N,4,0
26543,23,50000,RENT,1.0,EDUCATION,B,12500,11.48,0.25,N,4,0
26544,33,103250,RENT,4.0,HOMEIMPROVEMENT,A,12000,5.79,0.12,N,5,0
26545,28,68000,MORTGAGE,5.0,VENTURE,A,6000,7.51,0.09,N,5,0
26546,36,44004,RENT,2.0,MEDICAL,D,10000,14.61,0.23,N,11,1
26547,22,43000,MORTGAGE,6.0,EDUCATION,B,8400,10.0,0.19,N,3,0
26548,25,55000,MORTGAGE,2.0,VENTURE,A,10000,7.51,0.18,N,3,0
26549,27,59000,MORTGAGE,11.0,PERSONAL,A,10000,7.51,0.17,N,8,0
26550,24,50000,RENT,5.0,DEBTCONSOLIDATION,A,5000,5.79,0.1,N,3,0
26551,28,140000,RENT,0.0,EDUCATION,A,12000,6.03,0.09,N,10,0
26552,33,56004,RENT,2.0,MEDICAL,A,8500,6.17,0.15,N,7,0
26553,24,55000,RENT,8.0,EDUCATION,D,9000,14.54,0.16,N,3,0
26554,52,50000,RENT,5.0,PERSONAL,B,2000,9.91,0.04,N,25,0
26555,28,90000,MORTGAGE,5.0,HOMEIMPROVEMENT,A,12000,7.51,0.13,N,7,0
26556,23,55000,RENT,3.0,EDUCATION,B,4000,10.37,0.07,N,2,0
26557,32,60000,MORTGAGE,0.0,PERSONAL,A,8400,7.51,0.14,N,9,0
26558,30,56100,RENT,9.0,MEDICAL,C,16000,13.47,0.24,Y,10,1
26559,26,30000,RENT,1.0,HOMEIMPROVEMENT,D,14400,15.05,0.48,Y,2,1
26560,24,40000,RENT,0.0,EDUCATION,B,6000,10.25,0.15,N,2,0
26561,28,106300,MORTGAGE,11.0,MEDICAL,A,20000,6.54,0.19,N,7,0
26562,23,90096,RENT,0.0,HOMEIMPROVEMENT,C,10150,11.97,0.11,N,3,1
26563,28,51000,RENT,3.0,MEDICAL,D,8800,15.58,0.17,Y,9,1
26564,32,32000,RENT,4.0,MEDICAL,B,12000,11.36,0.38,N,5,1
26565,29,40000,RENT,2.0,EDUCATION,C,6000,13.49,0.15,N,6,0
26566,25,85000,MORTGAGE,4.0,HOMEIMPROVEMENT,A,10000,8.07,0.12,N,3,0
26567,37,108288,MORTGAGE,3.0,EDUCATION,A,10000,7.51,0.09,N,17,0
26568,29,32000,RENT,5.0,MEDICAL,A,4900,7.29,0.16,N,6,0
26569,30,82438,OWN,14.0,HOMEIMPROVEMENT,C,15000,13.92,0.18,Y,10,0
26570,22,60000,MORTGAGE,4.0,EDUCATION,B,10000,9.62,0.17,N,3,0
26571,26,72000,MORTGAGE,10.0,VENTURE,A,8000,7.51,0.11,N,3,0
26572,34,31200,MORTGAGE,4.0,PERSONAL,C,1000,13.72,0.03,N,9,0
26573,36,120000,MORTGAGE,2.0,VENTURE,A,6000,8.94,0.05,N,16,0
26574,24,48000,RENT,0.0,VENTURE,B,3500,11.86,0.07,N,3,0
26575,22,90000,RENT,2.0,VENTURE,B,16000,11.86,0.18,N,2,0
26576,33,45000,RENT,0.0,MEDICAL,B,4000,9.25,0.09,N,6,0
26577,23,55000,RENT,7.0,EDUCATION,C,4200,14.27,0.08,Y,3,0
26578,24,120000,MORTGAGE,2.0,HOMEIMPROVEMENT,C,23000,13.06,0.19,N,3,0
26579,24,55000,MORTGAGE,3.0,PERSONAL,B,10000,11.36,0.18,N,2,0
26580,27,50000,MORTGAGE,3.0,PERSONAL,A,3000,6.99,0.06,N,8,0
26581,38,50000,OWN,4.0,PERSONAL,A,7000,8.59,0.14,N,13,0
26582,26,96000,RENT,5.0,HOMEIMPROVEMENT,B,10000,11.99,0.1,N,2,0
26583,24,50000,RENT,8.0,MEDICAL,E,16000,16.77,0.32,N,2,1
26584,24,65000,RENT,2.0,EDUCATION,B,10000,10.59,0.15,N,3,0
26585,22,27996,RENT,0.0,MEDICAL,B,5000,10.25,0.18,N,4,0
26586,29,85000,RENT,0.0,PERSONAL,C,20000,12.73,0.24,N,8,0
26587,27,85000,RENT,7.0,DEBTCONSOLIDATION,B,24200,11.99,0.26,N,7,0
26588,30,110000,RENT,1.0,MEDICAL,A,12000,8.94,0.11,N,10,0
26589,36,62472,RENT,2.0,PERSONAL,C,5500,12.73,0.09,N,15,0
26590,38,69000,RENT,0.0,HOMEIMPROVEMENT,D,4000,14.59,0.06,N,14,1
26591,22,29000,RENT,5.0,VENTURE,A,4200,8.49,0.14,N,4,0
26592,22,60000,OWN,5.0,VENTURE,E,12000,18.39,0.2,N,4,0
26593,31,105000,MORTGAGE,15.0,VENTURE,A,5000,6.99,0.05,N,5,0
26594,25,48996,RENT,5.0,EDUCATION,D,12000,14.96,0.24,Y,2,0
26595,28,65000,MORTGAGE,5.0,PERSONAL,A,18000,6.03,0.29,N,7,0
26596,23,29000,RENT,8.0,MEDICAL,B,10000,9.91,0.34,N,2,1
26597,23,30000,RENT,0.0,EDUCATION,A,8000,6.17,0.27,N,2,0
26598,26,42000,RENT,3.0,MEDICAL,A,5000,6.91,0.12,N,2,0
26599,23,50000,MORTGAGE,6.0,VENTURE,B,10000,10.99,0.2,N,3,0
26600,23,46800,MORTGAGE,2.0,EDUCATION,C,15000,13.99,0.32,Y,3,1
26601,22,60000,RENT,3.0,VENTURE,A,15000,7.9,0.25,N,2,0
26602,23,47000,RENT,4.0,VENTURE,A,5000,7.66,0.11,N,3,0
26603,27,60000,MORTGAGE,7.0,HOMEIMPROVEMENT,B,12000,12.21,0.2,N,10,0
26604,26,47000,MORTGAGE,3.0,DEBTCONSOLIDATION,A,11500,7.14,0.25,N,3,0
26605,35,50000,RENT,0.0,EDUCATION,B,9250,10.74,0.19,N,7,0
26606,31,80000,MORTGAGE,5.0,PERSONAL,A,12000,7.88,0.15,N,10,0
26607,44,55000,MORTGAGE,5.0,HOMEIMPROVEMENT,B,6000,10.65,0.11,N,15,0
26608,24,33600,RENT,2.0,DEBTCONSOLIDATION,B,5000,11.49,0.15,N,4,1
26609,23,85000,MORTGAGE,4.0,MEDICAL,A,7000,5.79,0.08,N,3,0
26610,29,106000,MORTGAGE,13.0,MEDICAL,B,20000,10.99,0.19,N,6,0
26611,25,45000,RENT,9.0,DEBTCONSOLIDATION,D,5000,15.33,0.11,Y,2,1
26612,33,65000,OWN,1.0,HOMEIMPROVEMENT,B,10000,11.49,0.15,N,7,0
26613,32,44000,MORTGAGE,0.0,HOMEIMPROVEMENT,C,5000,13.11,0.11,Y,5,0
26614,24,30000,RENT,0.0,HOMEIMPROVEMENT,B,4000,11.89,0.13,N,4,1
26615,24,43000,RENT,8.0,MEDICAL,D,15000,15.7,0.34,N,3,1
26616,27,65000,MORTGAGE,2.0,PERSONAL,A,7000,7.14,0.11,N,9,0
26617,22,50000,RENT,7.0,VENTURE,A,6000,5.79,0.12,N,3,0
26618,27,68700,RENT,11.0,HOMEIMPROVEMENT,B,18000,10.99,0.27,N,10,1
26619,21,70000,MORTGAGE,5.0,VENTURE,A,11000,7.9,0.16,N,3,0
26620,30,65000,RENT,0.0,VENTURE,B,3600,10.59,0.06,N,10,0
26621,23,71500,RENT,0.0,MEDICAL,B,23200,8.88,0.33,N,3,1
26622,28,90000,MORTGAGE,12.0,MEDICAL,A,12000,7.51,0.13,N,7,0
26623,24,49000,RENT,7.0,DEBTCONSOLIDATION,D,3500,14.59,0.07,N,3,1
26624,33,35000,RENT,17.0,VENTURE,A,6000,7.9,0.17,N,10,0
26625,27,58752,RENT,5.0,DEBTCONSOLIDATION,C,3000,12.98,0.05,N,7,0
26626,28,157500,MORTGAGE,3.0,DEBTCONSOLIDATION,B,25000,11.86,0.16,N,8,0
26627,24,32000,MORTGAGE,3.0,MEDICAL,E,5000,16.82,0.16,Y,2,1
26628,23,60000,MORTGAGE,7.0,MEDICAL,B,15000,11.83,0.25,N,3,0
26629,50,45000,RENT,6.0,MEDICAL,B,12000,10.99,0.27,N,12,0
26630,26,75000,RENT,2.0,MEDICAL,A,2000,7.74,0.03,N,2,0
26631,27,34200,RENT,1.0,MEDICAL,C,4000,13.49,0.12,N,8,0
26632,25,70000,RENT,7.0,PERSONAL,B,12000,11.12,0.17,N,2,0
26633,27,36000,RENT,4.0,MEDICAL,A,5000,7.51,0.14,N,8,0
26634,33,140000,MORTGAGE,1.0,MEDICAL,A,12000,7.88,0.09,N,9,0
26635,26,65000,MORTGAGE,1.0,HOMEIMPROVEMENT,A,7000,7.9,0.11,N,2,0
26636,26,68500,MORTGAGE,3.0,VENTURE,A,10000,7.51,0.15,N,4,0
26637,28,60000,RENT,4.0,HOMEIMPROVEMENT,B,12000,12.69,0.2,N,10,0
26638,23,48000,MORTGAGE,7.0,PERSONAL,A,10000,6.03,0.21,N,2,0
26639,22,60000,MORTGAGE,2.0,VENTURE,B,5500,11.89,0.09,N,4,0
26640,47,85000,RENT,0.0,EDUCATION,C,10000,12.87,0.12,N,13,0
26641,35,30000,RENT,2.0,DEBTCONSOLIDATION,A,6000,6.62,0.2,N,7,0
26642,22,24960,RENT,2.0,EDUCATION,A,2500,7.51,0.1,N,3,0
26643,22,72000,MORTGAGE,6.0,EDUCATION,B,24000,12.69,0.33,N,4,0
26644,22,107000,MORTGAGE,5.0,MEDICAL,A,10000,8.0,0.09,N,2,0
26645,36,100000,MORTGAGE,2.0,VENTURE,C,12000,13.48,0.12,N,15,0
26646,27,50000,RENT,5.0,VENTURE,B,8000,10.99,0.16,N,7,0
26647,28,70000,RENT,2.0,EDUCATION,A,10000,9.63,0.14,N,9,0
26648,22,54000,RENT,6.0,DEBTCONSOLIDATION,B,20000,11.71,0.37,N,4,1
26649,26,45000,MORTGAGE,1.0,VENTURE,B,3600,10.71,0.08,N,3,0
26650,29,125000,MORTGAGE,4.0,VENTURE,B,12000,10.65,0.1,N,10,0
26651,23,39000,RENT,2.0,EDUCATION,A,5000,7.49,0.13,N,4,0
26652,23,90000,MORTGAGE,0.0,VENTURE,C,10000,12.61,0.11,N,2,0
26653,22,100000,MORTGAGE,2.0,MEDICAL,A,5125,9.63,0.05,N,4,0
26654,24,55000,OWN,8.0,PERSONAL,C,1000,13.49,0.02,Y,4,0
26655,25,60000,MORTGAGE,3.0,DEBTCONSOLIDATION,A,7000,9.63,0.12,N,3,0
26656,21,45000,MORTGAGE,5.0,PERSONAL,B,5000,10.74,0.11,N,2,0
26657,21,40000,RENT,5.0,VENTURE,C,10000,13.49,0.25,Y,2,0
26658,28,60000,RENT,13.0,DEBTCONSOLIDATION,B,11200,10.99,0.19,N,6,0
26659,26,33996,RENT,11.0,EDUCATION,A,6000,8.0,0.18,N,4,0
26660,29,70000,MORTGAGE,1.0,MEDICAL,A,4000,6.76,0.06,N,10,0
26661,24,98300,MORTGAGE,8.0,VENTURE,C,5000,12.23,0.05,N,4,0
26662,22,54000,RENT,4.0,MEDICAL,C,5500,14.27,0.1,N,2,0
26663,22,125004,RENT,0.0,MEDICAL,C,12000,13.11,0.1,Y,2,0
26664,51,130000,MORTGAGE,6.0,PERSONAL,A,7500,5.79,0.06,N,18,0
26665,32,131000,MORTGAGE,0.0,HOMEIMPROVEMENT,B,7800,10.59,0.06,N,10,0
26666,28,140000,MORTGAGE,12.0,MEDICAL,A,14000,6.03,0.1,N,8,0
26667,25,59000,RENT,2.0,PERSONAL,D,20000,15.65,0.34,Y,3,1
26668,34,120000,MORTGAGE,9.0,HOMEIMPROVEMENT,C,15000,13.61,0.13,Y,10,0
26669,23,45000,RENT,4.0,EDUCATION,B,6000,11.86,0.13,N,2,0
26670,22,62366,RENT,5.0,DEBTCONSOLIDATION,B,10000,12.53,0.16,N,3,0
26671,25,49000,RENT,3.0,EDUCATION,A,3000,7.66,0.06,N,4,0
26672,25,70000,RENT,1.0,VENTURE,B,10000,10.65,0.14,N,2,0
26673,22,34000,RENT,1.0,DEBTCONSOLIDATION,D,4000,16.77,0.12,N,3,1
26674,38,30000,RENT,0.0,DEBTCONSOLIDATION,A,9000,7.51,0.3,N,15,0
26675,64,150000,RENT,0.0,PERSONAL,C,24000,15.96,0.16,Y,25,0
26676,26,75000,OWN,10.0,PERSONAL,B,15250,9.25,0.2,N,2,0
26677,29,24000,OWN,2.0,HOMEIMPROVEMENT,C,1200,14.79,0.05,Y,9,0
26678,25,77000,MORTGAGE,9.0,DEBTCONSOLIDATION,D,3000,16.89,0.04,N,2,1
26679,36,49000,RENT,3.0,DEBTCONSOLIDATION,B,16000,10.37,0.33,N,14,1
26680,24,60000,RENT,2.0,DEBTCONSOLIDATION,B,12500,10.59,0.21,N,2,0
26681,31,75000,MORTGAGE,5.0,MEDICAL,B,13225,10.99,0.18,N,9,0
26682,26,47000,MORTGAGE,6.0,PERSONAL,B,5200,10.74,0.11,N,2,0
26683,26,75000,MORTGAGE,3.0,VENTURE,B,24000,10.75,0.32,N,2,0
26684,27,65000,RENT,11.0,PERSONAL,A,20000,6.54,0.31,N,7,1
26685,28,38400,RENT,2.0,MEDICAL,B,5000,10.65,0.13,N,9,0
26686,23,70000,RENT,3.0,EDUCATION,A,12000,6.62,0.17,N,2,0
26687,34,56000,RENT,4.0,EDUCATION,A,5000,7.29,0.09,N,5,0
26688,35,43200,MORTGAGE,9.0,EDUCATION,A,6000,5.42,0.14,N,9,0
26689,26,30000,MORTGAGE,2.0,EDUCATION,B,5000,10.75,0.17,N,4,0
26690,29,57600,MORTGAGE,13.0,EDUCATION,C,7875,14.72,0.13,Y,5,0
26691,23,72000,MORTGAGE,7.0,PERSONAL,A,4800,7.14,0.07,N,2,0
26692,35,55000,RENT,3.0,HOMEIMPROVEMENT,B,17000,10.74,0.31,N,5,1
26693,30,92001,MORTGAGE,1.0,PERSONAL,B,4000,11.11,0.04,N,7,0
26694,28,75000,MORTGAGE,9.0,MEDICAL,A,18000,8.94,0.24,N,5,0
26695,22,60000,RENT,1.0,EDUCATION,B,12000,9.91,0.2,N,3,0
26696,23,31200,RENT,6.0,VENTURE,B,8500,12.42,0.27,N,2,0
26697,22,27000,RENT,5.0,PERSONAL,A,10000,6.54,0.37,N,4,1
26698,27,34800,RENT,4.0,VENTURE,C,5000,13.22,0.14,Y,9,0
26699,22,62000,OWN,6.0,VENTURE,C,7500,14.17,0.12,N,4,0
26700,25,140000,OWN,3.0,VENTURE,B,14000,12.53,0.1,N,3,0
26701,24,65000,MORTGAGE,0.0,VENTURE,A,15000,8.94,0.23,N,3,0
26702,24,65000,MORTGAGE,8.0,MEDICAL,A,7500,6.62,0.12,N,4,0
26703,30,84000,MORTGAGE,12.0,DEBTCONSOLIDATION,B,20000,11.11,0.24,N,10,0
26704,24,74800,RENT,8.0,MEDICAL,B,25000,11.12,0.28,N,4,1
26705,24,33195,RENT,3.0,DEBTCONSOLIDATION,B,1800,9.63,0.05,N,3,1
26706,37,55000,RENT,2.0,VENTURE,B,3000,11.71,0.05,N,13,0
26707,27,43000,MORTGAGE,11.0,HOMEIMPROVEMENT,A,5800,5.42,0.14,N,5,0
26708,24,47211,OWN,2.0,HOMEIMPROVEMENT,A,6000,7.88,0.13,N,3,0
26709,27,45000,MORTGAGE,11.0,PERSONAL,B,14000,10.65,0.31,N,9,0
26710,25,30000,RENT,2.0,PERSONAL,C,3000,13.48,0.1,N,2,0
26711,23,100000,MORTGAGE,0.0,EDUCATION,A,3000,7.68,0.03,N,4,0
26712,28,86000,MORTGAGE,4.0,DEBTCONSOLIDATION,B,15000,11.12,0.18,N,9,0
26713,26,69996,MORTGAGE,10.0,VENTURE,B,5000,11.86,0.08,N,3,0
26714,28,62000,RENT,1.0,HOMEIMPROVEMENT,A,11000,8.94,0.18,N,9,0
26715,54,69000,RENT,1.0,VENTURE,C,12000,12.68,0.17,N,26,0
26716,25,57504,MORTGAGE,6.0,HOMEIMPROVEMENT,C,17000,13.98,0.3,Y,4,0
26717,24,50000,MORTGAGE,6.0,HOMEIMPROVEMENT,B,13000,10.99,0.26,N,3,0
26718,31,54000,RENT,0.0,HOMEIMPROVEMENT,C,5000,13.23,0.09,N,5,1
26719,24,57000,MORTGAGE,8.0,DEBTCONSOLIDATION,A,12800,7.14,0.21,N,2,0
26720,29,48880,RENT,2.0,PERSONAL,A,5500,7.49,0.11,N,7,1
26721,27,80000,MORTGAGE,11.0,DEBTCONSOLIDATION,B,11000,10.74,0.13,N,6,0
26722,24,110004,MORTGAGE,8.0,DEBTCONSOLIDATION,B,20000,9.88,0.18,N,2,0
26723,23,42000,RENT,3.0,MEDICAL,C,11300,13.16,0.27,N,3,0
26724,26,86000,RENT,6.0,HOMEIMPROVEMENT,A,8400,8.94,0.1,N,4,0
26725,31,57000,RENT,15.0,PERSONAL,C,12000,15.27,0.21,Y,9,0
26726,23,30000,RENT,1.0,VENTURE,C,5000,14.72,0.17,Y,4,0
26727,21,21000,RENT,2.0,PERSONAL,C,4500,13.99,0.21,Y,3,0
26728,30,75000,MORTGAGE,14.0,VENTURE,A,3000,7.4,0.04,N,9,0
26729,23,70550,MORTGAGE,1.0,MEDICAL,D,17000,16.07,0.19,Y,4,1
26730,27,48000,RENT,2.0,MEDICAL,B,16400,10.62,0.33,N,10,1
26731,22,78000,MORTGAGE,6.0,DEBTCONSOLIDATION,B,3500,10.75,0.04,N,4,0
26732,27,66996,RENT,4.0,VENTURE,A,7000,9.63,0.1,N,9,0
26733,27,40000,RENT,1.0,PERSONAL,A,6000,8.49,0.15,N,6,0
26734,22,48000,MORTGAGE,6.0,EDUCATION,B,13000,10.99,0.28,N,4,0
26735,26,48000,RENT,1.0,MEDICAL,C,2000,13.49,0.04,Y,2,0
26736,49,105000,RENT,4.0,HOMEIMPROVEMENT,C,24000,13.92,0.23,N,15,0
26737,22,35000,RENT,3.0,MEDICAL,B,10000,10.25,0.29,N,2,0
26738,34,50000,MORTGAGE,8.0,HOMEIMPROVEMENT,B,4400,10.59,0.09,N,10,0
26739,21,78000,MORTGAGE,4.0,HOMEIMPROVEMENT,C,12000,13.48,0.15,N,2,1
26740,27,60000,MORTGAGE,11.0,PERSONAL,A,17000,7.9,0.28,N,9,0
26741,22,51996,RENT,6.0,PERSONAL,C,8400,13.99,0.16,Y,2,0
26742,22,30000,MORTGAGE,6.0,PERSONAL,B,5500,11.99,0.17,N,2,0
26743,37,69996,RENT,0.0,VENTURE,B,4800,10.2,0.07,N,13,0
26744,22,60000,MORTGAGE,6.0,EDUCATION,A,6000,7.29,0.1,N,3,0
26745,22,96000,RENT,6.0,MEDICAL,A,15000,7.88,0.16,N,4,0
26746,24,140000,MORTGAGE,8.0,PERSONAL,A,7200,7.29,0.05,N,2,0
26747,22,100000,MORTGAGE,5.0,VENTURE,D,16000,15.62,0.16,N,2,0
26748,25,150000,RENT,5.0,HOMEIMPROVEMENT,A,5000,8.94,0.03,N,4,0
26749,26,65000,MORTGAGE,10.0,VENTURE,B,6000,11.12,0.09,N,2,0
26750,28,80000,RENT,0.0,HOMEIMPROVEMENT,C,6000,13.79,0.07,N,8,0
26751,24,70000,OWN,5.0,HOMEIMPROVEMENT,A,10000,7.29,0.14,N,2,0
26752,40,85000,MORTGAGE,7.0,MEDICAL,B,7500,11.86,0.09,N,16,0
26753,25,70000,MORTGAGE,3.0,VENTURE,A,7000,9.32,0.1,N,2,0
26754,23,96000,MORTGAGE,7.0,VENTURE,D,25000,14.54,0.26,Y,4,1
26755,27,115752,MORTGAGE,8.0,DEBTCONSOLIDATION,B,10000,11.36,0.09,N,7,0
26756,30,30000,RENT,5.0,EDUCATION,B,6000,11.71,0.2,N,8,0
26757,26,178008,MORTGAGE,11.0,MEDICAL,A,10000,5.42,0.06,N,3,0
26758,24,40000,RENT,3.0,MEDICAL,C,4000,13.49,0.1,N,2,0
26759,24,80000,MORTGAGE,2.0,VENTURE,A,16000,6.03,0.19,N,4,0
26760,26,85000,MORTGAGE,5.0,VENTURE,B,4200,9.88,0.05,N,3,0
26761,24,56784,OWN,3.0,MEDICAL,D,12000,14.96,0.21,Y,3,0
26762,27,65000,MORTGAGE,0.0,DEBTCONSOLIDATION,B,15000,10.38,0.23,N,7,0
26763,28,65000,RENT,2.0,MEDICAL,B,8000,10.95,0.12,N,5,0
26764,38,36000,RENT,3.0,DEBTCONSOLIDATION,A,5000,8.49,0.14,N,15,0
26765,23,50400,RENT,3.0,DEBTCONSOLIDATION,B,1800,10.99,0.04,N,2,0
26766,25,85000,MORTGAGE,9.0,EDUCATION,B,14000,10.65,0.16,N,3,0
26767,26,30000,RENT,0.0,MEDICAL,B,7200,11.71,0.24,N,4,0
26768,32,40000,MORTGAGE,1.0,EDUCATION,A,9500,7.75,0.24,N,6,0
26769,24,57240,RENT,0.0,VENTURE,B,1800,11.26,0.03,N,4,0
26770,23,60000,RENT,2.0,EDUCATION,B,10000,9.99,0.17,N,4,0
26771,26,85500,MORTGAGE,10.0,DEBTCONSOLIDATION,B,18000,10.0,0.21,N,3,0
26772,28,35004,RENT,3.0,MEDICAL,B,9000,10.37,0.25,N,9,0
26773,48,50000,MORTGAGE,1.0,PERSONAL,A,10000,7.14,0.2,N,11,0
26774,21,33000,RENT,4.0,DEBTCONSOLIDATION,A,3200,6.62,0.1,N,4,0
26775,22,50000,RENT,5.0,PERSONAL,B,10000,11.14,0.2,N,4,0
26776,25,60000,RENT,1.0,EDUCATION,A,9000,7.88,0.15,N,4,0
26777,28,44000,RENT,4.0,DEBTCONSOLIDATION,B,10400,12.69,0.24,N,10,0
26778,27,68000,MORTGAGE,7.0,PERSONAL,A,6000,7.49,0.09,N,7,0
26779,29,54996,MORTGAGE,0.0,DEBTCONSOLIDATION,A,5000,6.92,0.09,N,6,0
26780,32,49000,RENT,2.0,DEBTCONSOLIDATION,D,4800,14.84,0.1,Y,6,1
26781,22,45000,RENT,2.0,MEDICAL,B,15000,10.99,0.33,N,4,0
26782,23,44000,RENT,7.0,PERSONAL,D,4000,14.11,0.09,N,2,0
26783,25,33996,RENT,0.0,MEDICAL,C,8400,13.47,0.25,N,2,0
26784,32,90000,MORTGAGE,7.0,MEDICAL,B,12000,10.59,0.13,N,5,0
26785,23,31200,MORTGAGE,4.0,EDUCATION,B,8500,10.59,0.27,N,2,0
26786,26,58000,RENT,2.0,VENTURE,A,15000,9.63,0.26,N,2,0
26787,29,105000,MORTGAGE,0.0,DEBTCONSOLIDATION,A,30000,8.9,0.29,N,6,0
26788,23,25700,RENT,4.0,EDUCATION,C,5200,13.49,0.19,N,4,0
26789,24,73000,OTHER,4.0,PERSONAL,B,11000,11.86,0.15,N,4,1
26790,30,70000,MORTGAGE,6.0,DEBTCONSOLIDATION,C,16000,14.65,0.23,N,9,0
26791,21,68000,MORTGAGE,5.0,MEDICAL,A,10000,6.03,0.15,N,2,0
26792,30,28800,RENT,2.0,MEDICAL,B,6000,11.49,0.21,N,8,0
26793,22,72000,MORTGAGE,6.0,DEBTCONSOLIDATION,A,5000,7.51,0.07,N,4,0
26794,23,52000,RENT,3.0,VENTURE,C,7000,13.79,0.13,Y,2,0
26795,23,46500,RENT,4.0,EDUCATION,B,5000,10.37,0.11,N,4,1
26796,25,72204,OTHER,2.0,VENTURE,C,16000,12.53,0.22,Y,2,0
26797,23,42000,RENT,0.0,EDUCATION,C,1500,12.29,0.04,N,4,0
26798,22,50000,MORTGAGE,6.0,EDUCATION,A,6000,7.51,0.12,N,4,0
26799,22,42000,RENT,2.0,DEBTCONSOLIDATION,A,5000,8.07,0.12,N,4,0
26800,44,130000,RENT,5.0,VENTURE,C,12000,13.8,0.09,Y,13,0
26801,48,50000,MORTGAGE,7.0,EDUCATION,A,10000,7.74,0.2,N,17,0
26802,27,99518,MORTGAGE,11.0,PERSONAL,A,6000,6.62,0.06,N,6,0
26803,30,111000,RENT,11.0,DEBTCONSOLIDATION,E,13000,16.32,0.12,N,9,1
26804,24,130000,MORTGAGE,0.0,PERSONAL,B,25000,11.49,0.19,N,4,0
26805,26,60000,RENT,4.0,VENTURE,B,10000,10.25,0.17,N,4,0
26806,23,50000,RENT,2.0,EDUCATION,C,3000,13.49,0.06,Y,3,0
26807,24,87550,MORTGAGE,8.0,MEDICAL,B,12500,11.48,0.13,N,2,0
26808,26,95000,MORTGAGE,6.0,PERSONAL,A,15000,7.49,0.16,N,3,0
26809,30,108000,MORTGAGE,5.0,HOMEIMPROVEMENT,C,10000,14.27,0.09,N,7,0
26810,36,90000,MORTGAGE,9.0,VENTURE,D,14000,15.65,0.16,Y,15,0
26811,25,33600,RENT,5.0,VENTURE,B,10000,11.49,0.3,N,2,0
26812,30,90000,RENT,4.0,MEDICAL,B,20000,11.99,0.22,N,9,0
26813,22,31200,RENT,0.0,EDUCATION,B,3000,10.99,0.1,N,4,0
26814,26,40000,RENT,0.0,MEDICAL,C,4800,13.49,0.12,N,3,0
26815,29,42000,MORTGAGE,5.0,HOMEIMPROVEMENT,A,8000,9.63,0.19,N,9,0
26816,28,80000,MORTGAGE,11.0,DEBTCONSOLIDATION,B,5000,10.38,0.06,N,5,0
26817,27,50000,OWN,3.0,MEDICAL,B,18200,10.99,0.36,N,7,0
26818,25,28800,RENT,0.0,PERSONAL,C,6000,12.68,0.21,Y,2,0
26819,23,26400,RENT,0.0,EDUCATION,C,1500,14.72,0.06,Y,4,1
26820,23,68004,RENT,7.0,EDUCATION,C,16000,12.87,0.24,N,4,0
26821,23,54000,MORTGAGE,7.0,MEDICAL,A,10000,7.49,0.19,N,4,0
26822,28,85000,MORTGAGE,12.0,EDUCATION,A,10000,7.9,0.12,N,10,0
26823,32,19200,RENT,2.0,VENTURE,D,5000,18.25,0.26,Y,7,1
26824,42,55000,MORTGAGE,21.0,DEBTCONSOLIDATION,A,9000,7.49,0.16,N,13,0
26825,33,70000,RENT,0.0,EDUCATION,C,3000,14.35,0.04,Y,7,0
26826,25,225000,MORTGAGE,4.0,VENTURE,B,25000,11.83,0.11,N,2,0
26827,34,120000,RENT,4.0,EDUCATION,A,14000,8.49,0.12,N,9,0
26828,22,65000,MORTGAGE,6.0,PERSONAL,A,7000,6.99,0.11,N,4,0
26829,26,77100,MORTGAGE,4.0,EDUCATION,B,15000,9.63,0.19,N,3,0
26830,26,96000,MORTGAGE,6.0,PERSONAL,C,7500,13.92,0.08,N,4,0
26831,27,140000,MORTGAGE,11.0,PERSONAL,D,12000,14.59,0.09,Y,7,0
26832,32,95000,MORTGAGE,12.0,HOMEIMPROVEMENT,B,7125,9.99,0.08,N,5,0
26833,21,45432,MORTGAGE,5.0,EDUCATION,A,4600,8.94,0.1,N,2,0
26834,23,31000,MORTGAGE,6.0,PERSONAL,C,11600,13.99,0.4,Y,4,1
26835,22,30000,RENT,0.0,DEBTCONSOLIDATION,C,4000,13.49,0.13,Y,2,0
26836,22,27000,RENT,0.0,HOMEIMPROVEMENT,D,2925,15.62,0.11,Y,2,1
26837,25,54000,MORTGAGE,9.0,HOMEIMPROVEMENT,B,20000,9.25,0.37,N,2,1
26838,24,80000,RENT,0.0,MEDICAL,A,16000,5.99,0.2,N,4,0
26839,42,26000,OWN,2.0,EDUCATION,A,5000,8.59,0.19,N,17,0
26840,26,70000,MORTGAGE,10.0,EDUCATION,A,5000,6.99,0.07,N,4,0
26841,22,72000,MORTGAGE,6.0,EDUCATION,C,10000,14.27,0.14,Y,4,0
26842,27,56000,MORTGAGE,5.0,DEBTCONSOLIDATION,A,5500,7.49,0.1,N,5,0
26843,43,90000,MORTGAGE,9.0,DEBTCONSOLIDATION,A,5600,6.99,0.06,N,12,0
26844,23,30000,RENT,7.0,EDUCATION,A,4800,6.03,0.16,N,4,0
26845,25,39996,RENT,3.0,MEDICAL,C,5000,12.41,0.13,Y,2,0
26846,28,46800,MORTGAGE,12.0,MEDICAL,B,6000,12.69,0.13,N,7,0
26847,26,93000,RENT,2.0,HOMEIMPROVEMENT,B,10000,10.99,0.11,N,3,0
26848,23,97000,MORTGAGE,0.0,DEBTCONSOLIDATION,C,10000,14.65,0.1,Y,2,0
26849,23,65000,MORTGAGE,7.0,EDUCATION,B,5500,11.49,0.08,N,2,0
26850,32,100000,MORTGAGE,7.0,EDUCATION,A,15000,8.94,0.15,N,9,0
26851,29,120000,MORTGAGE,4.0,VENTURE,A,6000,6.76,0.05,N,5,0
26852,25,70000,RENT,4.0,VENTURE,B,4000,9.99,0.06,N,4,0
26853,25,72000,RENT,1.0,MEDICAL,C,6000,13.35,0.08,Y,2,0
26854,26,44000,OWN,10.0,PERSONAL,D,9800,15.99,0.23,N,3,0
26855,25,100000,MORTGAGE,9.0,VENTURE,A,10000,7.49,0.1,N,4,0
26856,24,91800,MORTGAGE,8.0,MEDICAL,B,5000,11.36,0.05,N,3,1
26857,24,96000,MORTGAGE,5.0,MEDICAL,A,15000,7.9,0.16,N,3,0
26858,23,75000,RENT,0.0,DEBTCONSOLIDATION,B,12500,11.48,0.17,N,3,0
26859,22,70000,MORTGAGE,2.0,DEBTCONSOLIDATION,A,13000,9.38,0.18,N,4,0
26860,24,70000,RENT,0.0,DEBTCONSOLIDATION,A,6000,7.29,0.09,N,4,0
26861,28,72000,MORTGAGE,13.0,PERSONAL,A,20000,6.54,0.28,N,8,0
26862,28,40000,RENT,8.0,EDUCATION,D,11000,15.31,0.28,N,6,1
26863,27,62900,RENT,11.0,MEDICAL,D,4500,14.46,0.06,N,6,1
26864,30,36000,MORTGAGE,3.0,DEBTCONSOLIDATION,A,6000,8.59,0.17,N,5,0
26865,37,62000,MORTGAGE,5.0,HOMEIMPROVEMENT,B,12000,12.42,0.19,N,15,0
26866,33,38000,RENT,0.0,VENTURE,B,6000,10.99,0.16,N,6,0
26867,28,22000,RENT,0.0,VENTURE,A,4000,6.39,0.18,N,7,0
26868,24,120000,RENT,8.0,VENTURE,A,23000,6.91,0.19,N,3,0
26869,25,33000,RENT,2.0,EDUCATION,A,3000,8.0,0.09,N,4,0
26870,32,48000,MORTGAGE,3.0,EDUCATION,A,14000,8.9,0.29,N,9,0
26871,23,60000,MORTGAGE,3.0,VENTURE,A,5000,6.99,0.08,N,3,0
26872,27,42000,RENT,11.0,MEDICAL,B,7000,11.36,0.17,N,7,0
26873,25,60000,RENT,2.0,DEBTCONSOLIDATION,B,6500,9.25,0.11,N,4,0
26874,24,43200,OWN,6.0,MEDICAL,A,12250,8.94,0.28,N,4,0
26875,35,62500,MORTGAGE,3.0,MEDICAL,B,4000,11.36,0.06,N,5,0
26876,22,70000,RENT,6.0,EDUCATION,A,12000,7.88,0.17,N,2,0
26877,29,40720,RENT,0.0,VENTURE,D,10000,14.42,0.25,N,9,1
26878,30,45000,RENT,6.0,DEBTCONSOLIDATION,B,6800,11.86,0.15,N,5,0
26879,23,51000,MORTGAGE,6.0,MEDICAL,D,15000,16.77,0.29,Y,3,1
26880,36,48000,OWN,4.0,EDUCATION,C,1500,13.92,0.03,N,12,0
26881,36,54000,RENT,2.0,DEBTCONSOLIDATION,D,10000,14.11,0.19,N,15,1
26882,22,27180,RENT,0.0,DEBTCONSOLIDATION,A,5500,5.99,0.2,N,4,0
26883,24,37000,RENT,4.0,PERSONAL,A,4200,8.59,0.13,N,3,0
26884,23,72000,MORTGAGE,1.0,MEDICAL,B,16000,10.99,0.22,N,4,0
26885,28,50000,MORTGAGE,9.0,HOMEIMPROVEMENT,A,8800,7.51,0.18,N,5,0
26886,29,80000,MORTGAGE,0.0,PERSONAL,B,5000,10.0,0.06,N,8,0
26887,22,54000,MORTGAGE,6.0,PERSONAL,A,5000,6.03,0.09,N,3,0
26888,27,36300,MORTGAGE,3.0,PERSONAL,A,5500,7.68,0.16,N,10,0
26889,36,75000,RENT,8.0,EDUCATION,B,20000,11.48,0.27,N,13,0
26890,24,34000,RENT,0.0,EDUCATION,B,16000,12.69,0.48,N,2,1
26891,31,35000,RENT,0.0,MEDICAL,A,4000,7.29,0.11,N,10,0
26892,41,70000,MORTGAGE,5.0,DEBTCONSOLIDATION,A,10000,7.9,0.14,N,15,0
26893,26,96000,MORTGAGE,9.0,HOMEIMPROVEMENT,A,4000,6.39,0.04,N,4,0
26894,28,70000,MORTGAGE,6.0,PERSONAL,C,6000,15.96,0.09,Y,5,0
26895,23,60000,RENT,0.0,VENTURE,D,20000,14.54,0.33,Y,4,1
26896,26,145000,RENT,3.0,PERSONAL,B,10000,10.59,0.07,N,4,0
26897,25,24000,OWN,3.0,MEDICAL,A,5600,6.54,0.23,N,2,0
26898,25,34000,MORTGAGE,2.0,PERSONAL,D,6000,15.7,0.18,Y,4,1
26899,23,58752,RENT,4.0,DEBTCONSOLIDATION,A,10000,6.03,0.17,N,2,0
26900,34,60353,RENT,13.0,EDUCATION,B,8500,11.36,0.14,N,7,0
26901,24,55000,RENT,2.0,DEBTCONSOLIDATION,A,8000,7.14,0.15,N,2,0
26902,22,250000,MORTGAGE,5.0,EDUCATION,B,35000,11.83,0.16,N,3,0
26903,22,65000,RENT,0.0,EDUCATION,B,20000,12.42,0.31,N,4,0
26904,27,62000,MORTGAGE,11.0,DEBTCONSOLIDATION,A,5000,7.66,0.08,N,5,0
26905,24,33600,RENT,1.0,MEDICAL,D,13750,14.46,0.42,Y,2,1
26906,29,70000,MORTGAGE,1.0,HOMEIMPROVEMENT,A,7000,8.94,0.1,N,9,0
26907,28,35000,RENT,12.0,VENTURE,A,13000,7.49,0.37,N,8,1
26908,23,73000,RENT,7.0,PERSONAL,D,5000,14.59,0.07,N,2,1
26909,23,150000,MORTGAGE,0.0,PERSONAL,A,8000,7.14,0.05,N,2,0
26910,24,38000,RENT,4.0,MEDICAL,A,9000,9.63,0.24,N,2,0
26911,43,180000,RENT,20.0,MEDICAL,B,4600,9.99,0.01,N,17,0
26912,22,60000,RENT,0.0,MEDICAL,C,20000,13.79,0.33,Y,4,0
26913,29,72000,RENT,2.0,DEBTCONSOLIDATION,C,10000,12.53,0.14,Y,9,0
26914,26,76500,RENT,4.0,EDUCATION,D,9000,14.84,0.11,N,4,0
26915,37,25200,RENT,21.0,VENTURE,C,6000,13.98,0.24,Y,14,0
26916,22,70000,MORTGAGE,6.0,EDUCATION,B,9000,11.71,0.13,N,2,0
26917,23,54000,RENT,3.0,MEDICAL,A,4000,9.63,0.07,N,4,0
26918,29,60000,MORTGAGE,4.0,VENTURE,A,11500,6.03,0.19,N,7,0
26919,44,189996,OWN,0.0,PERSONAL,B,24000,11.83,0.13,N,12,0
26920,36,34000,RENT,4.0,EDUCATION,C,5000,12.84,0.15,Y,14,1
26921,31,105000,MORTGAGE,3.0,DEBTCONSOLIDATION,C,35000,14.22,0.35,N,8,0
26922,30,95000,MORTGAGE,6.0,VENTURE,A,12000,8.94,0.13,N,5,0
26923,43,48000,MORTGAGE,4.0,EDUCATION,A,7000,7.88,0.15,N,14,0
26924,23,50000,OWN,2.0,PERSONAL,A,5000,8.94,0.1,N,2,0
26925,23,42000,RENT,6.0,EDUCATION,B,5000,10.99,0.12,N,3,0
26926,24,60000,MORTGAGE,1.0,DEBTCONSOLIDATION,A,5000,7.29,0.08,N,4,0
26927,38,34000,RENT,8.0,HOMEIMPROVEMENT,B,10000,10.99,0.29,N,16,0
26928,25,45000,MORTGAGE,2.0,DEBTCONSOLIDATION,C,10000,12.98,0.22,N,2,0
26929,24,32000,RENT,0.0,PERSONAL,A,5600,7.51,0.18,N,2,0
26930,26,56000,RENT,10.0,HOMEIMPROVEMENT,D,15000,14.54,0.27,N,2,0
26931,32,70000,MORTGAGE,16.0,MEDICAL,A,6000,7.49,0.09,N,9,0
26932,32,179000,RENT,4.0,HOMEIMPROVEMENT,D,25000,15.21,0.14,N,9,0
26933,22,42000,RENT,6.0,EDUCATION,B,12000,10.65,0.29,N,3,0
26934,28,170000,RENT,12.0,DEBTCONSOLIDATION,B,20000,10.75,0.11,N,8,0
26935,24,24000,RENT,0.0,MEDICAL,E,9250,14.75,0.39,N,2,1
26936,27,37000,RENT,0.0,VENTURE,C,8000,13.16,0.22,Y,8,0
26937,24,58650,MORTGAGE,2.0,MEDICAL,D,10000,16.89,0.14,N,4,1
26938,42,60000,RENT,1.0,EDUCATION,B,15000,11.12,0.25,N,13,0
26939,22,70000,MORTGAGE,6.0,DEBTCONSOLIDATION,B,5000,12.53,0.07,N,2,0
26940,27,50000,RENT,11.0,DEBTCONSOLIDATION,E,18000,16.77,0.36,N,7,1
26941,27,63844,RENT,3.0,DEBTCONSOLIDATION,A,20000,6.54,0.31,N,12,0
26942,26,63000,MORTGAGE,2.0,EDUCATION,A,9500,7.51,0.15,N,4,0
26943,25,40000,RENT,0.0,DEBTCONSOLIDATION,C,15250,13.98,0.38,Y,2,1
26944,24,78000,RENT,0.0,HOMEIMPROVEMENT,B,19500,9.25,0.24,N,3,0
26945,25,80000,MORTGAGE,9.0,EDUCATION,A,10000,7.14,0.13,N,2,0
26946,25,50000,MORTGAGE,0.0,PERSONAL,D,1500,16.07,0.03,Y,3,0
26947,24,75000,MORTGAGE,1.0,PERSONAL,E,12000,15.68,0.16,Y,2,0
26948,24,118000,OWN,8.0,MEDICAL,A,4000,5.42,0.03,N,4,0
26949,23,60000,RENT,2.0,VENTURE,B,9600,12.18,0.16,N,3,0
26950,28,120000,MORTGAGE,12.0,PERSONAL,B,15000,11.14,0.13,N,9,0
26951,22,60000,MORTGAGE,5.0,EDUCATION,B,13000,10.25,0.22,N,2,0
26952,22,40000,RENT,1.0,VENTURE,A,6000,7.9,0.15,N,3,0
26953,31,55000,MORTGAGE,15.0,PERSONAL,B,12000,10.59,0.22,N,6,0
26954,29,56400,RENT,1.0,DEBTCONSOLIDATION,A,2500,5.79,0.04,N,7,0
26955,25,87000,RENT,9.0,EDUCATION,B,25000,10.99,0.29,N,3,0
26956,24,65000,MORTGAGE,8.0,MEDICAL,B,6000,10.59,0.09,N,3,0
26957,22,72000,RENT,0.0,DEBTCONSOLIDATION,A,5000,5.42,0.07,N,4,0
26958,23,30000,RENT,7.0,EDUCATION,C,6000,14.72,0.2,Y,2,0
26959,22,85000,MORTGAGE,6.0,EDUCATION,A,6000,7.88,0.07,N,4,0
26960,28,35000,MORTGAGE,2.0,DEBTCONSOLIDATION,A,12500,7.29,0.38,N,6,0
26961,27,27000,RENT,4.0,EDUCATION,A,5000,8.0,0.19,N,8,0
26962,25,65000,MORTGAGE,10.0,EDUCATION,A,6500,5.79,0.1,N,4,0
26963,24,60000,OWN,5.0,VENTURE,B,17000,12.42,0.28,N,3,0
26964,27,40000,RENT,6.0,DEBTCONSOLIDATION,A,8000,7.49,0.2,N,5,0
26965,29,65000,MORTGAGE,5.0,HOMEIMPROVEMENT,B,10000,10.65,0.15,N,6,0
26966,28,123000,MORTGAGE,1.0,PERSONAL,C,8000,14.26,0.07,N,10,0
26967,37,37500,RENT,5.0,MEDICAL,D,10000,16.29,0.27,N,16,0
26968,35,65100,MORTGAGE,3.0,MEDICAL,C,15000,13.48,0.22,Y,10,0
26969,30,150000,MORTGAGE,13.0,PERSONAL,C,10000,13.61,0.07,N,9,0
26970,26,30000,RENT,2.0,DEBTCONSOLIDATION,A,12000,8.9,0.4,N,3,1
26971,27,80000,MORTGAGE,2.0,DEBTCONSOLIDATION,A,6000,5.42,0.07,N,6,0
26972,31,30000,RENT,1.0,EDUCATION,B,10000,11.14,0.33,N,9,1
26973,22,24000,RENT,3.0,MEDICAL,B,5000,10.62,0.21,N,4,0
26974,27,72000,MORTGAGE,11.0,PERSONAL,B,7000,9.99,0.1,N,10,0
26975,22,45000,RENT,6.0,MEDICAL,A,7000,7.88,0.15,N,4,0
26976,22,38400,RENT,5.0,DEBTCONSOLIDATION,C,4200,13.61,0.11,Y,4,0
26977,24,110000,MORTGAGE,8.0,DEBTCONSOLIDATION,A,6000,6.17,0.05,N,4,0
26978,23,50000,RENT,0.0,VENTURE,B,3000,10.59,0.06,N,3,0
26979,29,48000,RENT,13.0,PERSONAL,C,14000,15.23,0.29,Y,6,0
26980,24,95000,MORTGAGE,5.0,MEDICAL,B,13000,9.88,0.14,N,4,0
26981,43,65000,MORTGAGE,1.0,HOMEIMPROVEMENT,B,6000,11.99,0.09,N,16,0
26982,22,72000,MORTGAGE,4.0,MEDICAL,C,12000,12.87,0.17,Y,3,0
26983,32,30000,RENT,2.0,DEBTCONSOLIDATION,B,3000,11.49,0.1,N,7,0
26984,31,73200,RENT,5.0,EDUCATION,A,10000,7.14,0.14,N,8,0
26985,22,33000,RENT,3.0,PERSONAL,B,5000,11.86,0.15,N,3,0
26986,36,45000,MORTGAGE,2.0,HOMEIMPROVEMENT,C,5000,13.99,0.11,N,11,0
26987,26,65000,MORTGAGE,0.0,HOMEIMPROVEMENT,D,30000,15.99,0.46,N,2,0
26988,22,42000,RENT,1.0,MEDICAL,A,6000,7.88,0.14,N,4,0
26989,31,71400,MORTGAGE,3.0,VENTURE,C,10000,14.17,0.14,N,7,0
26990,22,128004,MORTGAGE,2.0,EDUCATION,A,6000,6.91,0.05,N,2,0
26991,30,48400,RENT,4.0,VENTURE,C,3000,12.61,0.06,N,8,0
26992,34,143000,RENT,1.0,HOMEIMPROVEMENT,E,20000,17.04,0.14,Y,5,0
26993,22,70000,MORTGAGE,6.0,EDUCATION,A,4000,7.42,0.06,N,2,0
26994,31,48000,OWN,0.0,VENTURE,B,5000,10.08,0.1,N,7,0
26995,39,57000,OWN,0.0,EDUCATION,B,3000,10.51,0.05,N,13,0
26996,26,59000,MORTGAGE,5.0,HOMEIMPROVEMENT,C,9000,13.99,0.15,N,3,1
26997,55,36000,RENT,0.0,MEDICAL,A,2000,6.03,0.06,N,21,0
26998,37,70000,OWN,4.0,HOMEIMPROVEMENT,C,8000,13.35,0.11,Y,15,0
26999,25,60000,MORTGAGE,6.0,DEBTCONSOLIDATION,B,7000,9.76,0.12,N,3,0
27000,23,30000,RENT,3.0,DEBTCONSOLIDATION,C,5000,13.61,0.17,Y,3,0
27001,24,39000,RENT,3.0,DEBTCONSOLIDATION,C,8000,11.34,0.21,N,4,1
27002,24,30000,RENT,1.0,VENTURE,D,10000,15.58,0.33,N,2,1
27003,22,50000,RENT,4.0,EDUCATION,D,6000,16.77,0.12,Y,3,0
27004,30,54000,MORTGAGE,3.0,PERSONAL,A,2000,7.9,0.04,N,6,0
27005,26,42000,RENT,4.0,PERSONAL,D,10000,16.07,0.24,N,4,0
27006,23,44000,RENT,7.0,PERSONAL,A,7000,7.51,0.16,N,2,0
27007,31,135000,MORTGAGE,8.0,HOMEIMPROVEMENT,B,16000,10.99,0.12,N,8,0
27008,28,35000,RENT,0.0,MEDICAL,B,1000,11.26,0.03,N,6,0
27009,29,50960,RENT,6.0,PERSONAL,D,1500,15.28,0.03,N,10,0
27010,26,30000,MORTGAGE,8.0,MEDICAL,C,5000,12.23,0.17,Y,3,1
27011,44,123600,MORTGAGE,16.0,EDUCATION,A,12000,6.92,0.1,N,16,0
27012,23,62900,MORTGAGE,5.0,MEDICAL,E,7500,15.57,0.1,Y,3,1
27013,24,48000,RENT,8.0,DEBTCONSOLIDATION,B,5000,10.65,0.1,N,4,0
27014,27,50000,RENT,2.0,DEBTCONSOLIDATION,B,3600,11.99,0.07,N,6,0
27015,40,48000,RENT,15.0,PERSONAL,C,3000,11.78,0.06,Y,17,0
27016,35,37000,RENT,5.0,MEDICAL,A,17000,7.88,0.46,N,6,1
27017,25,60000,RENT,8.0,PERSONAL,B,8000,11.36,0.13,N,2,0
27018,29,42000,RENT,1.0,PERSONAL,D,6000,14.42,0.14,Y,7,1
27019,27,85000,MORTGAGE,4.0,HOMEIMPROVEMENT,A,10000,5.99,0.12,N,6,0
27020,24,100000,MORTGAGE,5.0,VENTURE,D,13200,16.77,0.13,Y,4,0
27021,24,85000,MORTGAGE,1.0,VENTURE,B,10500,12.69,0.12,N,3,0
27022,30,75000,MORTGAGE,14.0,VENTURE,A,7000,7.14,0.09,N,8,0
27023,29,40000,RENT,2.0,VENTURE,B,18000,9.91,0.45,N,8,1
27024,23,26400,RENT,5.0,EDUCATION,B,4750,12.69,0.17,N,2,0
27025,26,65000,MORTGAGE,0.0,EDUCATION,A,4000,6.76,0.06,N,3,0
27026,24,75000,RENT,3.0,DEBTCONSOLIDATION,B,5000,9.25,0.07,N,4,0
27027,44,125000,MORTGAGE,4.0,EDUCATION,C,12500,12.87,0.1,N,11,0
27028,28,30000,RENT,0.0,VENTURE,D,14000,14.96,0.47,N,5,1
27029,21,31000,MORTGAGE,5.0,EDUCATION,C,5000,12.09,0.16,Y,3,0
27030,37,40000,RENT,1.0,HOMEIMPROVEMENT,B,7000,9.99,0.17,N,12,0
27031,37,42000,RENT,0.0,DEBTCONSOLIDATION,B,4000,10.37,0.1,N,12,0
27032,24,70000,MORTGAGE,5.0,HOMEIMPROVEMENT,B,6000,11.26,0.09,N,3,0
27033,27,75000,RENT,3.0,HOMEIMPROVEMENT,B,5000,10.25,0.07,N,6,0
27034,22,28800,RENT,3.0,DEBTCONSOLIDATION,A,5675,7.9,0.2,N,3,0
27035,28,49000,MORTGAGE,12.0,DEBTCONSOLIDATION,A,14000,7.88,0.29,N,5,0
27036,22,42000,RENT,4.0,EDUCATION,B,4000,9.63,0.1,N,4,0
27037,23,73500,RENT,3.0,MEDICAL,C,7500,15.23,0.1,Y,3,0
27038,28,45000,RENT,5.0,VENTURE,D,7000,15.58,0.16,N,7,0
27039,27,70000,RENT,4.0,EDUCATION,A,4000,8.0,0.06,N,6,0
27040,22,39000,RENT,0.0,EDUCATION,D,15000,12.92,0.38,N,3,1
27041,27,74029,RENT,0.0,DEBTCONSOLIDATION,B,3000,10.36,0.04,N,7,0
27042,21,70000,RENT,5.0,EDUCATION,B,10000,10.37,0.14,N,2,0
27043,24,54000,RENT,5.0,PERSONAL,D,6000,16.49,0.11,Y,2,1
27044,27,45000,MORTGAGE,3.0,DEBTCONSOLIDATION,A,8000,9.32,0.18,N,9,0
27045,23,60000,RENT,7.0,HOMEIMPROVEMENT,D,25475,16.29,0.42,N,4,1
27046,36,84000,RENT,5.0,EDUCATION,D,21000,15.31,0.25,N,15,0
27047,26,150000,MORTGAGE,6.0,HOMEIMPROVEMENT,B,25000,10.74,0.17,N,3,0
27048,34,39672,RENT,18.0,DEBTCONSOLIDATION,D,16750,15.28,0.42,N,7,1
27049,26,125000,MORTGAGE,0.0,PERSONAL,A,8000,7.51,0.06,N,2,0
27050,28,70000,RENT,0.0,PERSONAL,A,5000,6.17,0.07,N,9,0
27051,26,73000,MORTGAGE,0.0,PERSONAL,A,14400,8.59,0.2,N,3,0
27052,24,72000,RENT,8.0,PERSONAL,B,16000,11.71,0.22,N,2,0
27053,28,53326,MORTGAGE,5.0,MEDICAL,A,9000,7.14,0.17,N,7,0
27054,28,35000,RENT,12.0,PERSONAL,B,6500,10.65,0.18,N,5,0
27055,29,150000,MORTGAGE,1.0,DEBTCONSOLIDATION,A,8000,7.9,0.05,N,6,0
27056,22,59000,RENT,4.0,VENTURE,C,4800,13.99,0.08,N,2,1
27057,30,40000,MORTGAGE,8.0,DEBTCONSOLIDATION,A,10000,6.62,0.25,N,7,0
27058,30,55000,MORTGAGE,5.0,DEBTCONSOLIDATION,A,12000,6.03,0.22,N,9,0
27059,22,40000,MORTGAGE,0.0,EDUCATION,A,5000,8.0,0.13,N,4,0
27060,23,84000,MORTGAGE,7.0,DEBTCONSOLIDATION,D,21000,14.11,0.25,Y,4,1
27061,23,64800,RENT,7.0,PERSONAL,C,7000,15.96,0.11,Y,2,0
27062,28,63000,RENT,6.0,MEDICAL,C,11200,13.49,0.18,N,10,0
27063,29,43200,OWN,13.0,VENTURE,A,5000,6.99,0.12,N,6,0
27064,22,42000,RENT,6.0,DEBTCONSOLIDATION,A,3200,8.49,0.08,N,4,1
27065,47,42000,MORTGAGE,1.0,PERSONAL,B,1500,12.21,0.04,N,14,0
27066,25,67000,RENT,9.0,DEBTCONSOLIDATION,D,20000,15.05,0.3,Y,4,1
27067,28,110000,MORTGAGE,5.0,PERSONAL,A,5000,6.03,0.05,N,8,0
27068,26,54000,MORTGAGE,10.0,MEDICAL,B,5000,10.0,0.09,N,4,0
27069,22,65000,MORTGAGE,2.0,MEDICAL,A,8000,7.49,0.12,N,3,0
27070,30,60000,MORTGAGE,7.0,DEBTCONSOLIDATION,C,5000,15.27,0.08,Y,8,0
27071,28,90000,MORTGAGE,9.0,HOMEIMPROVEMENT,A,6500,5.99,0.07,N,7,0
27072,46,42000,OWN,29.0,EDUCATION,D,9000,14.96,0.21,Y,17,0
27073,29,78000,MORTGAGE,2.0,VENTURE,C,6000,13.22,0.08,N,7,1
27074,29,85000,RENT,4.0,MEDICAL,B,24000,12.69,0.28,N,5,0
27075,39,60000,RENT,5.0,PERSONAL,A,10000,7.49,0.17,N,15,0
27076,28,58000,RENT,4.0,MEDICAL,B,12000,9.91,0.21,N,6,0
27077,36,44000,RENT,3.0,HOMEIMPROVEMENT,B,10000,11.36,0.23,N,16,1
27078,33,69000,RENT,2.0,DEBTCONSOLIDATION,D,10000,16.77,0.14,Y,9,1
27079,23,71000,RENT,3.0,MEDICAL,A,6000,7.29,0.08,N,2,0
27080,21,30000,RENT,1.0,VENTURE,A,12250,6.54,0.41,N,3,1
27081,22,90000,RENT,6.0,EDUCATION,C,20000,13.49,0.22,Y,2,0
27082,24,60000,RENT,0.0,HOMEIMPROVEMENT,C,11500,13.49,0.19,Y,2,0
27083,23,50000,RENT,7.0,EDUCATION,B,15000,9.99,0.3,N,3,0
27084,22,36000,MORTGAGE,5.0,PERSONAL,D,4500,16.29,0.13,N,2,0
27085,21,30000,RENT,3.0,DEBTCONSOLIDATION,A,3000,8.94,0.1,N,4,0
27086,26,62004,RENT,4.0,VENTURE,B,12000,11.49,0.19,N,3,0
27087,29,55000,MORTGAGE,2.0,HOMEIMPROVEMENT,B,7500,11.48,0.14,N,9,0
27088,26,62130,MORTGAGE,5.0,HOMEIMPROVEMENT,A,8400,7.9,0.14,N,2,0
27089,34,80000,RENT,0.0,PERSONAL,A,30000,7.29,0.38,N,10,1
27090,38,75000,MORTGAGE,7.0,EDUCATION,C,15000,12.68,0.2,N,13,0
27091,23,100000,RENT,1.0,PERSONAL,C,20000,13.57,0.2,N,3,0
27092,32,81400,RENT,2.0,VENTURE,D,20000,14.84,0.25,Y,8,1
27093,24,50000,MORTGAGE,8.0,PERSONAL,B,3000,10.37,0.06,N,2,0
27094,27,40000,RENT,2.0,DEBTCONSOLIDATION,B,8000,10.74,0.2,N,9,0
27095,23,75000,RENT,3.0,MEDICAL,A,20000,5.79,0.27,N,2,0
27096,22,56004,RENT,0.0,EDUCATION,B,15000,11.26,0.27,N,3,0
27097,27,25000,RENT,2.0,PERSONAL,B,6500,11.11,0.28,N,8,0
27098,39,65000,RENT,3.0,PERSONAL,A,17500,6.54,0.27,N,17,0
27099,38,30000,RENT,0.0,DEBTCONSOLIDATION,D,1500,14.61,0.05,Y,15,1
27100,21,30000,RENT,1.0,PERSONAL,B,7200,11.71,0.23,N,4,0
27101,23,54000,RENT,7.0,MEDICAL,C,10000,14.27,0.19,Y,2,0
27102,27,72000,OWN,4.0,HOMEIMPROVEMENT,B,2400,12.69,0.03,N,5,0
27103,23,48000,MORTGAGE,7.0,VENTURE,B,4800,10.74,0.1,N,3,0
27104,25,35000,RENT,5.0,EDUCATION,B,6000,11.71,0.17,N,2,0
27105,37,63996,MORTGAGE,4.0,VENTURE,B,6000,10.75,0.1,N,12,0
27106,28,54600,RENT,5.0,DEBTCONSOLIDATION,A,5600,7.49,0.11,N,7,0
27107,26,60000,MORTGAGE,3.0,DEBTCONSOLIDATION,A,6000,7.51,0.1,N,4,0
27108,22,42000,RENT,6.0,EDUCATION,A,5000,6.91,0.12,N,2,1
27109,26,39600,RENT,7.0,DEBTCONSOLIDATION,D,5600,14.96,0.14,N,2,1
27110,26,96000,MORTGAGE,0.0,DEBTCONSOLIDATION,C,15000,13.48,0.16,N,3,0
27111,29,38004,RENT,5.0,VENTURE,E,4000,19.42,0.11,Y,10,1
27112,32,61000,RENT,1.0,DEBTCONSOLIDATION,B,1200,9.99,0.02,N,7,0
27113,27,43200,RENT,4.0,EDUCATION,C,10000,14.26,0.23,Y,6,0
27114,24,62900,RENT,8.0,MEDICAL,D,12000,15.62,0.16,N,2,1
27115,33,34999,MORTGAGE,7.0,PERSONAL,A,12000,9.63,0.34,N,10,0
27116,29,70000,MORTGAGE,13.0,MEDICAL,A,7000,7.88,0.1,N,9,0
27117,29,25000,RENT,2.0,EDUCATION,B,3000,12.53,0.12,N,10,0
27118,32,40000,RENT,0.0,DEBTCONSOLIDATION,B,15000,11.89,0.38,N,5,1
27119,22,14400,RENT,3.0,HOMEIMPROVEMENT,B,6000,10.99,0.42,N,4,1
27120,29,42000,RENT,1.0,EDUCATION,A,1200,8.9,0.03,N,10,0
27121,23,75000,RENT,7.0,EDUCATION,A,14000,7.9,0.19,N,3,0
27122,21,40000,RENT,3.0,PERSONAL,C,7000,14.22,0.17,N,4,0
27123,25,151800,MORTGAGE,1.0,EDUCATION,A,20000,8.49,0.14,N,3,1
27124,22,54000,MORTGAGE,6.0,DEBTCONSOLIDATION,D,6500,16.77,0.12,N,2,1
27125,31,96000,MORTGAGE,4.0,DEBTCONSOLIDATION,B,10000,12.69,0.1,N,6,0
27126,24,120000,MORTGAGE,0.0,DEBTCONSOLIDATION,B,8275,9.01,0.07,N,3,0
27127,31,48000,MORTGAGE,7.0,EDUCATION,A,4800,8.9,0.1,N,5,1
27128,29,27000,MORTGAGE,1.0,VENTURE,B,5000,12.21,0.19,N,10,0
27129,45,28320,RENT,4.0,VENTURE,D,8700,14.61,0.31,N,12,1
27130,26,70000,OWN,7.0,HOMEIMPROVEMENT,B,14000,10.37,0.2,N,3,0
27131,28,25000,RENT,1.0,PERSONAL,B,9450,10.65,0.36,N,10,1
27132,23,66000,RENT,0.0,DEBTCONSOLIDATION,C,10000,14.27,0.15,N,4,0
27133,36,44000,MORTGAGE,8.0,DEBTCONSOLIDATION,A,17000,8.9,0.39,N,11,1
27134,43,95950,MORTGAGE,5.0,VENTURE,A,12500,5.79,0.15,N,17,0
27135,23,55000,MORTGAGE,2.0,DEBTCONSOLIDATION,B,7200,10.59,0.13,N,2,0
27136,34,67092,MORTGAGE,11.0,PERSONAL,C,9000,11.59,0.13,Y,9,0
27137,22,40000,RENT,0.0,DEBTCONSOLIDATION,A,12000,6.54,0.3,N,4,1
27138,22,70000,RENT,2.0,EDUCATION,B,20000,11.86,0.29,N,4,0
27139,28,39000,RENT,4.0,VENTURE,B,4000,10.25,0.1,N,9,0
27140,28,150000,MORTGAGE,12.0,DEBTCONSOLIDATION,A,7200,7.51,0.05,N,9,0
27141,35,57000,RENT,2.0,MEDICAL,G,20000,20.17,0.36,Y,9,1
27142,23,54000,MORTGAGE,3.0,EDUCATION,B,7000,10.65,0.13,N,2,0
27143,25,70000,RENT,9.0,HOMEIMPROVEMENT,B,25000,9.62,0.36,N,3,1
27144,25,88000,RENT,1.0,MEDICAL,A,9000,8.94,0.1,N,3,0
27145,28,54000,RENT,5.0,VENTURE,B,20000,11.12,0.37,N,5,1
27146,22,60000,RENT,5.0,PERSONAL,D,20000,16.77,0.33,N,4,1
27147,23,45000,RENT,0.0,DEBTCONSOLIDATION,A,4000,7.29,0.09,N,4,0
27148,25,48000,MORTGAGE,8.0,MEDICAL,A,10500,8.94,0.22,N,2,0
27149,28,60000,RENT,12.0,MEDICAL,B,5000,12.42,0.08,N,6,0
27150,27,60000,RENT,11.0,MEDICAL,B,6000,9.99,0.1,N,5,0
27151,33,70000,MORTGAGE,4.0,DEBTCONSOLIDATION,A,5600,5.42,0.08,N,10,0
27152,28,72000,RENT,4.0,HOMEIMPROVEMENT,B,15000,12.42,0.21,N,6,0
27153,35,55000,RENT,7.0,VENTURE,D,15000,16.32,0.27,Y,7,0
27154,23,110000,MORTGAGE,7.0,EDUCATION,A,12000,5.79,0.11,N,2,0
27155,24,120000,MORTGAGE,8.0,HOMEIMPROVEMENT,A,2400,5.42,0.02,N,2,0
27156,22,36000,MORTGAGE,0.0,PERSONAL,B,12000,10.37,0.33,N,3,0
27157,24,62400,RENT,1.0,DEBTCONSOLIDATION,D,9600,16.32,0.15,N,2,1
27158,22,48000,RENT,2.0,PERSONAL,B,10000,12.18,0.21,N,2,0
27159,24,50000,MORTGAGE,8.0,HOMEIMPROVEMENT,A,9600,7.51,0.19,N,2,0
27160,21,35000,RENT,5.0,EDUCATION,C,5000,15.23,0.14,N,2,0
27161,29,47000,RENT,2.0,EDUCATION,B,12000,10.0,0.26,N,10,0
27162,25,54000,MORTGAGE,5.0,HOMEIMPROVEMENT,A,5000,5.42,0.09,N,2,0
27163,25,24000,OWN,2.0,PERSONAL,A,1200,7.4,0.05,N,4,1
27164,43,60000,MORTGAGE,2.0,MEDICAL,B,2150,10.37,0.04,N,11,0
27165,31,96000,MORTGAGE,1.0,HOMEIMPROVEMENT,A,11000,7.49,0.11,N,10,0
27166,24,28800,RENT,0.0,EDUCATION,A,5000,7.51,0.17,N,4,0
27167,23,56000,MORTGAGE,4.0,EDUCATION,B,12800,10.75,0.22,N,3,0
27168,23,40000,RENT,1.0,DEBTCONSOLIDATION,D,2500,16.0,0.06,N,2,1
27169,23,45000,MORTGAGE,7.0,VENTURE,A,7000,7.74,0.16,N,2,0
27170,37,80000,OWN,8.0,HOMEIMPROVEMENT,A,10000,6.03,0.13,N,14,0
27171,26,36000,RENT,7.0,MEDICAL,B,15000,10.62,0.4,N,4,1
27172,23,36000,OWN,7.0,PERSONAL,D,17500,15.21,0.48,Y,2,0
27173,31,75000,MORTGAGE,4.0,EDUCATION,A,18000,7.9,0.24,N,10,0
27174,22,27036,RENT,3.0,DEBTCONSOLIDATION,C,6000,13.22,0.22,N,3,0
27175,24,40000,MORTGAGE,3.0,DEBTCONSOLIDATION,B,6000,10.99,0.15,N,2,0
27176,28,41000,RENT,0.0,MEDICAL,A,12000,7.9,0.29,N,6,0
27177,22,36000,MORTGAGE,6.0,EDUCATION,A,2500,7.14,0.07,N,4,0
27178,29,92700,MORTGAGE,13.0,DEBTCONSOLIDATION,C,1500,13.06,0.02,Y,9,0
27179,25,43200,RENT,1.0,EDUCATION,B,10000,9.91,0.23,N,4,0
27180,33,68000,MORTGAGE,2.0,DEBTCONSOLIDATION,B,6500,11.99,0.1,N,9,0
27181,36,90000,MORTGAGE,5.0,HOMEIMPROVEMENT,C,15000,14.27,0.17,Y,11,0
27182,25,50000,OWN,1.0,EDUCATION,A,2400,7.66,0.05,N,2,0
27183,29,100000,MORTGAGE,5.0,VENTURE,A,14000,7.88,0.14,N,5,0
27184,33,44000,RENT,2.0,MEDICAL,D,11000,15.21,0.26,N,9,1
27185,28,51996,RENT,1.0,PERSONAL,C,4000,13.98,0.08,Y,8,0
27186,24,35000,RENT,4.0,VENTURE,B,10000,11.49,0.29,N,4,0
27187,31,55000,MORTGAGE,15.0,PERSONAL,A,11000,5.42,0.2,N,5,0
27188,48,87988,MORTGAGE,16.0,DEBTCONSOLIDATION,D,25000,16.32,0.31,Y,17,1
27189,27,40000,RENT,0.0,MEDICAL,D,5000,15.31,0.13,N,7,0
27190,27,105000,RENT,6.0,HOMEIMPROVEMENT,B,24000,12.69,0.23,N,6,0
27191,27,60000,RENT,4.0,PERSONAL,B,10000,11.14,0.17,N,8,0
27192,28,70000,MORTGAGE,12.0,HOMEIMPROVEMENT,A,15000,6.62,0.2,N,8,0
27193,25,160000,RENT,9.0,PERSONAL,D,7500,14.96,0.05,N,3,0
27194,29,80000,MORTGAGE,4.0,PERSONAL,A,10000,6.99,0.13,N,10,0
27195,22,63000,MORTGAGE,1.0,MEDICAL,C,10000,12.73,0.16,N,3,0
27196,22,53000,RENT,0.0,EDUCATION,C,10000,13.22,0.19,N,4,0
27197,21,25000,MORTGAGE,5.0,VENTURE,A,5500,7.51,0.21,N,2,0
27198,40,49000,RENT,2.0,EDUCATION,C,10000,13.11,0.2,Y,14,1
27199,30,69000,MORTGAGE,0.0,DEBTCONSOLIDATION,D,15000,14.96,0.22,Y,5,1
27200,22,60000,MORTGAGE,4.0,EDUCATION,A,7000,6.92,0.12,N,2,0
27201,51,120000,MORTGAGE,1.0,PERSONAL,A,6000,7.51,0.05,N,30,0
27202,32,90000,MORTGAGE,9.0,MEDICAL,A,5000,8.0,0.06,N,6,0
27203,25,100000,MORTGAGE,1.0,HOMEIMPROVEMENT,A,7000,6.76,0.07,N,3,0
27204,28,48000,MORTGAGE,10.0,DEBTCONSOLIDATION,A,7000,6.54,0.15,N,6,0
27205,23,90000,MORTGAGE,7.0,DEBTCONSOLIDATION,A,15000,7.51,0.17,N,4,0
27206,31,43288,RENT,7.0,EDUCATION,C,10000,12.87,0.23,N,2,0
27207,24,60000,RENT,8.0,MEDICAL,B,7000,9.99,0.12,N,4,0
27208,32,30000,RENT,1.0,PERSONAL,A,6000,7.88,0.2,N,6,0
27209,23,40000,MORTGAGE,7.0,MEDICAL,B,4800,11.71,0.12,N,4,0
27210,23,24000,OWN,5.0,VENTURE,B,6000,11.83,0.25,N,2,0
27211,28,73700,RENT,3.0,DEBTCONSOLIDATION,F,5000,18.25,0.06,Y,6,1
27212,26,105000,MORTGAGE,6.0,PERSONAL,A,6000,7.74,0.06,N,3,0
27213,23,35004,RENT,1.0,DEBTCONSOLIDATION,D,5000,15.95,0.14,N,4,1
27214,24,60000,MORTGAGE,6.0,DEBTCONSOLIDATION,B,3500,10.25,0.06,N,2,0
27215,23,60000,OWN,7.0,MEDICAL,A,10000,8.94,0.17,N,2,0
27216,22,42000,MORTGAGE,2.0,MEDICAL,B,3000,9.76,0.07,N,2,0
27217,31,121000,MORTGAGE,15.0,HOMEIMPROVEMENT,C,18400,13.48,0.15,Y,5,0
27218,38,65000,MORTGAGE,2.0,MEDICAL,A,3000,5.42,0.05,N,11,0
27219,30,170000,MORTGAGE,14.0,EDUCATION,A,15000,8.94,0.09,N,5,0
27220,23,53796,RENT,1.0,DEBTCONSOLIDATION,B,12000,10.96,0.23,N,2,0
27221,27,81000,MORTGAGE,11.0,PERSONAL,D,12000,14.59,0.15,Y,5,0
27222,26,60000,MORTGAGE,0.0,HOMEIMPROVEMENT,A,8500,9.63,0.14,N,4,0
27223,22,57000,MORTGAGE,6.0,VENTURE,A,6000,7.14,0.11,N,4,0
27224,25,52800,MORTGAGE,2.0,PERSONAL,A,5600,7.29,0.11,N,4,0
27225,50,72000,MORTGAGE,2.0,HOMEIMPROVEMENT,F,21000,21.36,0.28,N,11,1
27226,25,42000,RENT,1.0,MEDICAL,B,3000,10.99,0.07,N,2,0
27227,29,65000,MORTGAGE,2.0,MEDICAL,C,10000,12.73,0.15,N,6,0
27228,22,50000,RENT,7.0,VENTURE,B,4800,10.99,0.1,N,4,0
27229,25,59000,MORTGAGE,2.0,EDUCATION,A,4000,7.14,0.07,N,4,0
27230,23,42000,RENT,5.0,VENTURE,B,12000,9.63,0.29,N,3,0
27231,26,72000,MORTGAGE,10.0,VENTURE,B,6000,10.01,0.08,N,4,0
27232,39,54000,RENT,0.0,PERSONAL,C,4000,13.23,0.07,N,12,1
27233,21,40000,OWN,3.0,EDUCATION,B,9600,11.26,0.24,N,4,0
27234,66,100000,MORTGAGE,2.0,PERSONAL,B,11200,9.91,0.11,N,27,0
27235,27,81960,MORTGAGE,11.0,HOMEIMPROVEMENT,A,15000,6.03,0.18,N,5,0
27236,25,100000,RENT,0.0,EDUCATION,A,10000,5.42,0.1,N,2,0
27237,37,122000,MORTGAGE,9.0,VENTURE,A,6000,7.51,0.05,N,11,0
27238,37,58500,RENT,4.0,EDUCATION,C,4000,13.49,0.07,Y,13,0
27239,34,72960,MORTGAGE,2.0,MEDICAL,B,10000,10.99,0.14,N,8,0
27240,25,45000,RENT,4.0,DEBTCONSOLIDATION,B,2000,11.49,0.04,N,3,0
27241,22,30000,RENT,3.0,EDUCATION,A,5000,6.62,0.17,N,4,0
27242,23,85000,MORTGAGE,7.0,DEBTCONSOLIDATION,B,10000,11.71,0.12,N,4,0
27243,27,45000,RENT,9.0,VENTURE,B,20000,11.48,0.44,N,8,1
27244,25,56000,MORTGAGE,7.0,MEDICAL,C,8000,14.65,0.14,Y,2,0
27245,22,72000,MORTGAGE,7.0,DEBTCONSOLIDATION,A,7000,7.49,0.1,N,4,0
27246,22,73000,RENT,0.0,DEBTCONSOLIDATION,D,6000,15.62,0.08,Y,3,1
27247,37,45000,RENT,1.0,MEDICAL,B,10000,12.21,0.22,N,13,0
27248,28,26000,OWN,1.0,VENTURE,D,8000,14.61,0.31,Y,8,0
27249,31,50000,RENT,5.0,PERSONAL,B,9500,10.65,0.19,N,7,0
27250,28,175000,MORTGAGE,7.0,PERSONAL,C,23000,14.65,0.14,Y,7,0
27251,22,42000,RENT,6.0,HOMEIMPROVEMENT,D,8400,16.49,0.2,Y,4,1
27252,22,81204,MORTGAGE,6.0,MEDICAL,B,2800,11.49,0.03,N,4,1
27253,29,63000,MORTGAGE,3.0,VENTURE,C,7200,13.06,0.12,Y,8,0
27254,28,26000,RENT,2.0,PERSONAL,D,5000,12.92,0.19,N,6,1
27255,40,33600,RENT,15.0,MEDICAL,B,7000,9.63,0.21,N,16,1
27256,25,83004,MORTGAGE,9.0,DEBTCONSOLIDATION,A,5000,9.32,0.06,N,3,0
27257,24,27000,RENT,0.0,MEDICAL,B,4800,11.99,0.17,N,4,0
27258,25,108000,MORTGAGE,8.0,EDUCATION,A,3500,5.42,0.03,N,2,0
27259,24,54000,MORTGAGE,8.0,MEDICAL,A,10000,7.66,0.19,N,3,0
27260,24,30000,RENT,2.0,VENTURE,B,10000,10.99,0.33,N,4,0
27261,29,72000,MORTGAGE,3.0,VENTURE,A,6000,6.92,0.08,N,8,0
27262,22,65000,RENT,6.0,EDUCATION,A,10000,7.66,0.15,N,4,0
27263,24,70000,RENT,3.0,EDUCATION,A,10000,8.9,0.14,N,2,0
27264,22,60000,OTHER,4.0,PERSONAL,A,7200,8.94,0.12,N,2,0
27265,31,110000,RENT,3.0,VENTURE,C,8000,13.98,0.07,N,6,0
27266,26,180000,MORTGAGE,6.0,MEDICAL,A,14000,7.49,0.08,N,2,0
27267,29,42000,RENT,4.0,MEDICAL,A,12000,6.62,0.29,N,9,0
27268,41,45000,RENT,1.0,DEBTCONSOLIDATION,C,4000,13.48,0.09,N,11,0
27269,24,40000,MORTGAGE,5.0,DEBTCONSOLIDATION,A,3850,5.42,0.1,N,3,0
27270,22,50000,MORTGAGE,6.0,PERSONAL,B,19425,10.59,0.4,N,3,0
27271,26,95000,MORTGAGE,10.0,VENTURE,C,19000,12.99,0.2,N,4,0
27272,53,80000,RENT,5.0,PERSONAL,C,5500,14.65,0.07,Y,30,0
27273,31,37000,RENT,14.0,MEDICAL,C,5000,12.99,0.14,Y,10,0
27274,23,48000,RENT,5.0,EDUCATION,B,14000,11.26,0.28,N,2,0
27275,26,34200,RENT,0.0,PERSONAL,A,2800,6.99,0.08,N,2,0
27276,22,75000,MORTGAGE,6.0,EDUCATION,C,10000,12.68,0.13,Y,4,0
27277,28,80000,MORTGAGE,2.0,HOMEIMPROVEMENT,A,9000,9.63,0.11,N,5,0
27278,24,93200,RENT,1.0,HOMEIMPROVEMENT,A,10000,8.94,0.11,N,3,0
27279,23,36000,RENT,7.0,PERSONAL,A,1050,7.51,0.03,N,3,0
27280,26,70000,MORTGAGE,10.0,DEBTCONSOLIDATION,B,10000,10.65,0.14,N,4,0
27281,24,70000,RENT,6.0,PERSONAL,C,4000,13.49,0.06,N,2,0
27282,26,74000,RENT,3.0,EDUCATION,B,25000,11.86,0.34,N,3,1
27283,22,60000,RENT,3.0,EDUCATION,F,2500,19.13,0.04,Y,4,0
27284,28,79400,OWN,12.0,HOMEIMPROVEMENT,A,9000,7.88,0.11,N,9,0
27285,29,95000,RENT,0.0,MEDICAL,A,5000,7.43,0.05,N,6,0
27286,26,75000,MORTGAGE,10.0,HOMEIMPROVEMENT,B,15000,10.0,0.2,N,3,0
27287,23,26000,RENT,2.0,EDUCATION,B,7500,9.88,0.3,N,2,0
27288,22,36000,RENT,0.0,PERSONAL,A,4000,7.4,0.11,N,2,0
27289,25,62400,RENT,4.0,EDUCATION,D,12000,14.84,0.19,N,3,0
27290,27,62900,MORTGAGE,3.0,MEDICAL,E,12000,16.35,0.16,Y,8,1
27291,32,37440,RENT,3.0,MEDICAL,B,8000,10.37,0.21,N,10,0
27292,23,80000,MORTGAGE,7.0,VENTURE,A,12000,7.88,0.15,N,3,0
27293,26,72000,MORTGAGE,10.0,EDUCATION,B,10000,10.0,0.14,N,4,0
27294,22,37000,RENT,6.0,MEDICAL,A,7200,6.92,0.19,N,4,0
27295,21,50000,RENT,5.0,PERSONAL,B,5000,10.37,0.1,N,4,0
27296,26,55000,MORTGAGE,11.0,MEDICAL,B,6000,11.12,0.11,N,3,0
27297,28,108000,MORTGAGE,6.0,EDUCATION,A,10000,7.14,0.09,N,9,0
27298,37,52000,RENT,5.0,MEDICAL,B,12000,9.91,0.23,N,16,0
27299,24,50000,RENT,0.0,VENTURE,A,6400,5.99,0.13,N,3,0
27300,23,50000,MORTGAGE,0.0,EDUCATION,C,9500,12.87,0.19,Y,2,0
27301,21,25200,RENT,0.0,PERSONAL,A,4000,8.49,0.16,N,2,0
27302,33,35100,MORTGAGE,9.0,EDUCATION,C,8400,13.47,0.24,N,10,0
27303,24,36000,RENT,3.0,MEDICAL,B,15000,10.74,0.43,N,4,1
27304,23,45000,MORTGAGE,7.0,MEDICAL,A,8500,7.29,0.19,N,2,0
27305,29,78000,MORTGAGE,4.0,VENTURE,A,6000,6.99,0.08,N,6,0
27306,23,60000,MORTGAGE,7.0,EDUCATION,B,14000,10.59,0.23,N,2,0
27307,25,59000,RENT,2.0,MEDICAL,A,5000,6.17,0.08,N,2,0
27308,28,30000,RENT,2.0,HOMEIMPROVEMENT,C,8000,13.57,0.27,N,7,1
27309,42,72000,RENT,26.0,VENTURE,A,8000,7.51,0.11,N,15,0
27310,31,30000,RENT,5.0,EDUCATION,B,7500,11.99,0.25,N,7,0
27311,24,57000,RENT,3.0,PERSONAL,D,10000,14.11,0.18,N,2,0
27312,24,30000,RENT,5.0,DEBTCONSOLIDATION,B,8000,10.74,0.27,N,2,0
27313,25,30000,RENT,1.0,EDUCATION,C,10000,13.16,0.33,Y,4,1
27314,23,91000,RENT,3.0,PERSONAL,B,18000,8.88,0.2,N,2,0
27315,24,50000,RENT,1.0,VENTURE,C,2800,13.49,0.06,Y,2,0
27316,26,75000,MORTGAGE,10.0,DEBTCONSOLIDATION,A,6500,6.76,0.09,N,4,0
27317,37,59000,RENT,0.0,EDUCATION,D,5400,13.99,0.09,N,15,1
27318,38,40000,RENT,3.0,VENTURE,B,7000,9.99,0.17,N,15,0
27319,23,39996,RENT,2.0,PERSONAL,B,12000,9.63,0.3,N,2,0
27320,27,30000,RENT,4.0,DEBTCONSOLIDATION,A,10000,6.54,0.33,N,7,1
27321,23,32000,MORTGAGE,7.0,MEDICAL,D,6000,14.96,0.19,Y,2,1
27322,23,26000,RENT,1.0,MEDICAL,B,4000,9.76,0.15,N,4,0
27323,24,40000,RENT,4.0,PERSONAL,B,6000,12.69,0.15,N,4,0
27324,37,75000,RENT,4.0,VENTURE,B,14000,9.88,0.19,N,11,0
27325,22,31200,RENT,2.0,EDUCATION,A,8500,6.91,0.27,N,3,0
27326,25,45000,MORTGAGE,9.0,PERSONAL,A,10000,7.51,0.22,N,3,0
27327,55,88000,RENT,2.0,EDUCATION,E,15000,17.88,0.17,Y,23,1
27328,25,85000,MORTGAGE,9.0,VENTURE,A,9000,7.51,0.11,N,2,0
27329,23,90000,MORTGAGE,7.0,EDUCATION,C,15000,13.61,0.17,Y,3,0
27330,27,34000,RENT,0.0,MEDICAL,B,1200,9.91,0.04,N,7,0
27331,27,120000,RENT,1.0,EDUCATION,B,10000,10.37,0.08,N,6,0
27332,24,38000,RENT,1.0,VENTURE,C,8000,13.16,0.21,Y,4,0
27333,32,115000,MORTGAGE,14.0,PERSONAL,B,9925,11.14,0.09,N,10,0
27334,23,30000,MORTGAGE,7.0,VENTURE,B,9200,12.42,0.32,N,3,0
27335,25,24000,RENT,0.0,MEDICAL,A,5000,8.94,0.21,N,2,0
27336,21,60000,MORTGAGE,5.0,VENTURE,C,22000,13.49,0.37,N,3,0
27337,25,36000,OWN,5.0,HOMEIMPROVEMENT,B,4000,11.14,0.11,N,4,0
27338,24,75000,RENT,1.0,DEBTCONSOLIDATION,C,9100,13.79,0.12,Y,2,0
27339,27,42000,MORTGAGE,9.0,VENTURE,A,4000,8.94,0.1,N,7,0
27340,32,150000,MORTGAGE,16.0,HOMEIMPROVEMENT,A,12000,5.99,0.08,N,9,0
27341,29,42000,RENT,4.0,VENTURE,B,17500,11.48,0.45,N,5,1
27342,34,50000,RENT,0.0,DEBTCONSOLIDATION,B,10800,8.88,0.22,N,5,0
27343,29,35000,RENT,4.0,PERSONAL,D,3600,14.54,0.1,N,7,0
27344,26,26000,OWN,0.0,HOMEIMPROVEMENT,A,8000,6.62,0.31,N,2,0
27345,23,80004,MORTGAGE,7.0,EDUCATION,A,3600,6.39,0.04,N,4,0
27346,28,45996,MORTGAGE,12.0,HOMEIMPROVEMENT,D,6000,15.58,0.13,Y,6,1
27347,22,87000,MORTGAGE,0.0,MEDICAL,A,10000,6.62,0.11,N,2,0
27348,23,30000,RENT,4.0,VENTURE,C,3000,13.92,0.1,Y,2,0
27349,25,54996,MORTGAGE,8.0,PERSONAL,B,8000,11.86,0.15,N,2,0
27350,22,37000,RENT,0.0,PERSONAL,C,5000,13.79,0.14,Y,3,0
27351,30,50000,OWN,5.0,HOMEIMPROVEMENT,C,8000,13.43,0.16,Y,9,0
27352,23,96000,OWN,4.0,PERSONAL,B,10000,12.69,0.1,N,2,0
27353,27,47233,RENT,12.0,DEBTCONSOLIDATION,A,5000,7.43,0.11,N,8,0
27354,32,54000,RENT,2.0,DEBTCONSOLIDATION,A,4000,7.29,0.07,N,5,0
27355,24,40000,RENT,0.0,EDUCATION,B,11000,11.83,0.28,N,3,0
27356,25,109000,MORTGAGE,9.0,DEBTCONSOLIDATION,C,15000,12.73,0.14,N,3,0
27357,23,45000,RENT,0.0,DEBTCONSOLIDATION,C,1200,13.8,0.03,N,2,0
27358,32,38000,RENT,4.0,PERSONAL,D,12000,15.21,0.31,N,8,1
27359,46,84000,MORTGAGE,1.0,MEDICAL,B,12000,11.89,0.14,N,16,0
27360,37,40000,RENT,4.0,HOMEIMPROVEMENT,C,17000,13.48,0.42,N,11,1
27361,26,80000,RENT,10.0,HOMEIMPROVEMENT,A,6000,7.51,0.07,N,3,0
27362,31,40000,OWN,1.0,MEDICAL,A,6400,9.32,0.16,N,6,0
27363,27,80000,MORTGAGE,7.0,MEDICAL,B,15000,11.26,0.19,N,5,0
27364,45,85500,RENT,2.0,EDUCATION,C,19000,13.11,0.22,Y,14,0
27365,35,90000,MORTGAGE,0.0,DEBTCONSOLIDATION,B,7000,9.25,0.08,N,9,0
27366,36,65000,MORTGAGE,2.0,PERSONAL,B,6000,11.49,0.09,N,13,0
27367,29,58000,RENT,1.0,VENTURE,B,4000,11.12,0.07,N,6,0
27368,23,62000,OWN,3.0,PERSONAL,A,6000,7.88,0.1,N,2,0
27369,25,69000,RENT,9.0,EDUCATION,B,25000,11.49,0.36,N,2,1
27370,24,90000,MORTGAGE,0.0,EDUCATION,A,10000,7.51,0.11,N,2,0
27371,23,141000,MORTGAGE,7.0,MEDICAL,B,25000,11.12,0.18,N,4,0
27372,22,60000,MORTGAGE,6.0,EDUCATION,A,18000,8.9,0.3,N,3,0
27373,23,65004,RENT,0.0,PERSONAL,C,3000,12.87,0.05,Y,3,0
27374,22,50000,RENT,6.0,MEDICAL,A,6000,6.99,0.12,N,4,0
27375,30,38004,RENT,2.0,MEDICAL,D,6000,14.11,0.16,Y,8,1
27376,34,28800,RENT,5.0,EDUCATION,D,5000,16.29,0.17,N,6,0
27377,26,59000,MORTGAGE,4.0,EDUCATION,B,20000,10.25,0.34,N,2,0
27378,25,75000,MORTGAGE,4.0,VENTURE,B,12000,9.91,0.16,N,2,0
27379,21,40000,RENT,3.0,EDUCATION,B,5000,11.86,0.13,N,3,0
27380,40,45760,MORTGAGE,2.0,PERSONAL,B,9125,11.11,0.2,N,11,0
27381,34,71000,RENT,5.0,HOMEIMPROVEMENT,D,4000,16.0,0.06,Y,6,1
27382,40,60000,RENT,5.0,MEDICAL,B,10000,10.59,0.17,N,17,0
27383,28,56000,RENT,4.0,DEBTCONSOLIDATION,C,20000,12.99,0.36,Y,10,1
27384,25,65000,RENT,0.0,MEDICAL,B,7000,9.99,0.11,N,2,0
27385,43,29004,RENT,5.0,MEDICAL,B,6000,11.99,0.21,N,16,0
27386,30,82500,RENT,5.0,VENTURE,A,2500,8.9,0.03,N,10,0
27387,30,74000,RENT,13.0,PERSONAL,B,1800,10.75,0.02,N,7,0
27388,27,59000,MORTGAGE,6.0,MEDICAL,B,4800,10.36,0.08,N,5,0
27389,22,42000,MORTGAGE,6.0,PERSONAL,B,10000,11.83,0.24,N,2,1
27390,24,50000,RENT,1.0,DEBTCONSOLIDATION,A,10000,6.54,0.2,N,3,0
27391,21,25000,RENT,0.0,EDUCATION,A,6000,7.14,0.24,N,2,0
27392,23,62900,MORTGAGE,5.0,MEDICAL,E,20000,17.51,0.27,N,2,1
27393,22,45000,RENT,0.0,EDUCATION,C,5000,12.68,0.11,N,2,0
27394,30,62000,MORTGAGE,2.0,DEBTCONSOLIDATION,B,15000,10.25,0.24,N,6,0
27395,22,30000,RENT,1.0,EDUCATION,C,5000,12.53,0.17,N,3,0
27396,24,87000,RENT,3.0,EDUCATION,A,10000,7.29,0.11,N,2,0
27397,26,45000,RENT,0.0,MEDICAL,C,8000,14.65,0.18,N,4,0
27398,28,72000,RENT,5.0,MEDICAL,B,6400,10.37,0.09,N,9,0
27399,40,32000,RENT,0.0,MEDICAL,C,10000,13.49,0.31,N,16,1
27400,25,50000,MORTGAGE,1.0,PERSONAL,A,12000,7.29,0.24,N,3,0
27401,27,38400,MORTGAGE,2.0,MEDICAL,B,5000,10.99,0.13,N,6,0
27402,30,120000,MORTGAGE,8.0,HOMEIMPROVEMENT,A,12000,7.51,0.1,N,9,0
27403,31,36000,MORTGAGE,15.0,MEDICAL,C,5000,13.99,0.14,Y,8,0
27404,22,90000,RENT,5.0,MEDICAL,B,20000,11.49,0.22,N,2,0
27405,28,90000,MORTGAGE,13.0,VENTURE,B,10000,10.65,0.11,N,10,0
27406,23,70000,RENT,5.0,EDUCATION,B,2000,11.49,0.03,N,2,0
27407,22,40000,MORTGAGE,3.0,EDUCATION,A,12000,6.54,0.3,N,4,0
27408,28,65000,MORTGAGE,3.0,HOMEIMPROVEMENT,B,15000,10.25,0.23,N,7,0
27409,22,33000,RENT,3.0,PERSONAL,C,9000,14.27,0.27,Y,3,0
27410,38,120000,MORTGAGE,13.0,MEDICAL,A,10000,8.59,0.08,N,14,0
27411,23,56000,RENT,3.0,PERSONAL,E,10000,16.35,0.18,N,4,0
27412,24,84000,RENT,0.0,DEBTCONSOLIDATION,D,5000,14.96,0.06,N,3,1
27413,23,54000,MORTGAGE,7.0,EDUCATION,A,8000,5.42,0.15,N,4,0
27414,22,75500,MORTGAGE,6.0,MEDICAL,B,7000,10.65,0.09,N,2,0
27415,24,48000,RENT,6.0,EDUCATION,B,10000,10.99,0.21,N,2,0
27416,24,62400,RENT,7.0,HOMEIMPROVEMENT,C,8500,14.65,0.14,N,3,1
27417,33,60000,RENT,1.0,PERSONAL,B,5000,9.91,0.08,N,7,0
27418,26,45000,RENT,4.0,PERSONAL,A,3000,7.74,0.07,N,3,0
27419,28,55000,RENT,0.0,HOMEIMPROVEMENT,B,3000,10.74,0.05,N,6,0
27420,26,72000,RENT,3.0,EDUCATION,C,6500,13.47,0.09,Y,2,0
27421,22,72000,RENT,6.0,VENTURE,E,15000,16.7,0.21,Y,3,1
27422,27,40000,RENT,1.0,DEBTCONSOLIDATION,A,1500,7.68,0.04,N,8,0
27423,28,60000,OWN,4.0,EDUCATION,B,12000,12.18,0.2,N,7,0
27424,25,66000,MORTGAGE,4.0,DEBTCONSOLIDATION,D,15000,16.89,0.23,Y,2,1
27425,25,184000,OWN,2.0,EDUCATION,A,2500,9.32,0.01,N,3,0
27426,54,170000,MORTGAGE,6.0,PERSONAL,E,20000,19.69,0.12,N,20,0
27427,25,35000,RENT,6.0,DEBTCONSOLIDATION,D,5800,14.59,0.16,N,2,1
27428,24,40000,RENT,8.0,MEDICAL,B,12000,10.99,0.3,N,4,0
27429,22,70000,RENT,6.0,DEBTCONSOLIDATION,B,2500,10.0,0.04,N,4,0
27430,29,59000,MORTGAGE,9.0,HOMEIMPROVEMENT,A,10000,7.88,0.17,N,8,0
27431,23,37000,RENT,3.0,DEBTCONSOLIDATION,C,14000,13.49,0.37,N,4,1
27432,25,80000,MORTGAGE,9.0,VENTURE,B,9000,10.99,0.11,N,4,0
27433,25,14400,RENT,1.0,PERSONAL,C,4750,13.85,0.33,N,2,1
27434,22,77000,RENT,6.0,EDUCATION,B,25000,11.86,0.32,N,2,0
27435,22,75000,MORTGAGE,6.0,EDUCATION,B,7000,11.71,0.09,N,3,0
27436,39,28500,RENT,1.0,DEBTCONSOLIDATION,D,7500,15.33,0.27,N,15,1
27437,27,34000,RENT,0.0,PERSONAL,C,10000,13.16,0.29,N,10,1
27438,24,75000,RENT,0.0,MEDICAL,B,20000,11.11,0.27,N,4,0
27439,22,80000,RENT,1.0,EDUCATION,C,20000,13.92,0.25,N,2,0
27440,23,80000,MORTGAGE,7.0,MEDICAL,B,16000,11.99,0.2,N,2,0
27441,30,47000,MORTGAGE,3.0,DEBTCONSOLIDATION,A,5000,7.14,0.11,N,6,0
27442,22,50000,RENT,6.0,MEDICAL,A,10000,7.29,0.2,N,4,0
27443,31,90000,MORTGAGE,2.0,PERSONAL,C,5000,14.27,0.06,Y,9,0
27444,29,60000,MORTGAGE,13.0,DEBTCONSOLIDATION,A,8000,7.49,0.13,N,6,0
27445,22,40000,RENT,6.0,VENTURE,C,10500,14.27,0.25,N,4,0
27446,23,75000,MORTGAGE,0.0,VENTURE,B,10000,9.25,0.13,N,4,0
27447,26,125000,RENT,6.0,MEDICAL,E,14000,14.82,0.11,Y,3,0
27448,22,45000,RENT,5.0,EDUCATION,B,2500,11.99,0.05,N,4,0
27449,22,60000,MORTGAGE,6.0,DEBTCONSOLIDATION,A,17500,6.54,0.29,N,4,0
27450,41,39000,RENT,3.0,MEDICAL,D,5000,14.96,0.13,Y,15,0
27451,24,60500,MORTGAGE,8.0,DEBTCONSOLIDATION,A,15000,6.03,0.24,N,4,0
27452,38,51000,RENT,4.0,VENTURE,B,12000,9.88,0.24,N,15,0
27453,24,65000,RENT,7.0,EDUCATION,D,3000,15.62,0.05,N,3,0
27454,25,54996,MORTGAGE,0.0,HOMEIMPROVEMENT,C,7500,12.61,0.14,N,3,0
27455,25,85100,RENT,4.0,EDUCATION,A,4500,7.51,0.05,N,2,0
27456,29,62000,RENT,9.0,DEBTCONSOLIDATION,B,10000,10.25,0.16,N,8,0
27457,23,36000,RENT,2.0,MEDICAL,B,11000,12.21,0.32,N,3,1
27458,28,80000,RENT,3.0,VENTURE,C,10000,13.16,0.13,Y,9,0
27459,38,39000,MORTGAGE,3.0,PERSONAL,B,16000,11.83,0.41,N,17,0
27460,31,91800,MORTGAGE,5.0,MEDICAL,D,24625,16.32,0.23,Y,5,1
27461,36,61717,MORTGAGE,7.0,EDUCATION,B,15000,11.48,0.24,N,11,0
27462,31,30000,RENT,5.0,MEDICAL,B,6000,12.42,0.2,N,7,0
27463,22,35000,RENT,1.0,DEBTCONSOLIDATION,C,10000,13.47,0.29,N,4,0
27464,37,98000,MORTGAGE,3.0,DEBTCONSOLIDATION,A,5000,7.68,0.05,N,16,0
27465,22,50000,OWN,6.0,PERSONAL,B,9000,11.48,0.18,N,3,0
27466,22,62000,RENT,6.0,PERSONAL,A,5000,6.03,0.08,N,4,0
27467,24,47412,MORTGAGE,8.0,VENTURE,C,5000,12.84,0.11,N,2,0
27468,21,30000,RENT,3.0,DEBTCONSOLIDATION,A,3000,7.29,0.1,N,4,0
27469,24,60000,MORTGAGE,8.0,DEBTCONSOLIDATION,A,10000,6.03,0.17,N,3,0
27470,26,50000,RENT,0.0,PERSONAL,C,12000,13.48,0.24,Y,4,0
27471,29,60000,MORTGAGE,8.0,VENTURE,C,8400,13.48,0.14,Y,8,0
27472,22,63500,MORTGAGE,0.0,PERSONAL,A,5200,7.4,0.08,N,4,0
27473,22,30000,RENT,2.0,EDUCATION,B,5000,10.36,0.17,N,2,0
27474,22,41700,MORTGAGE,7.0,EDUCATION,A,6500,6.03,0.16,N,4,0
27475,30,74004,RENT,1.0,DEBTCONSOLIDATION,D,24000,14.84,0.31,N,6,1
27476,27,50000,MORTGAGE,0.0,DEBTCONSOLIDATION,B,6000,10.99,0.12,N,6,0
27477,23,59000,RENT,7.0,MEDICAL,C,19000,13.48,0.33,Y,2,1
27478,24,60000,MORTGAGE,8.0,PERSONAL,A,11000,9.32,0.18,N,4,1
27479,58,74000,OWN,5.0,VENTURE,B,4400,11.48,0.06,N,28,0
27480,22,60000,RENT,4.0,DEBTCONSOLIDATION,A,6000,7.29,0.1,N,3,0
27481,23,30000,RENT,1.0,MEDICAL,B,10000,11.99,0.33,N,4,1
27482,41,32000,RENT,1.0,PERSONAL,C,7500,13.48,0.23,Y,17,1
27483,22,60000,MORTGAGE,6.0,EDUCATION,A,5000,6.62,0.08,N,3,0
27484,37,60000,RENT,0.0,VENTURE,B,25850,12.69,0.43,N,15,1
27485,33,90000,RENT,4.0,MEDICAL,C,10000,13.98,0.11,N,10,0
27486,28,60000,RENT,5.0,MEDICAL,B,5500,10.65,0.09,N,10,0
27487,28,55000,RENT,4.0,HOMEIMPROVEMENT,C,8000,13.49,0.15,N,5,0
27488,26,54000,RENT,4.0,PERSONAL,B,3600,11.49,0.07,N,3,0
27489,25,30000,MORTGAGE,4.0,EDUCATION,C,3000,14.27,0.1,Y,4,0
27490,21,25000,RENT,2.0,MEDICAL,B,7000,9.25,0.28,N,2,0
27491,24,36000,RENT,1.0,DEBTCONSOLIDATION,B,3000,11.71,0.08,N,2,0
27492,30,87600,MORTGAGE,5.0,PERSONAL,A,12000,7.49,0.14,N,8,0
27493,22,60000,RENT,2.0,PERSONAL,C,5600,13.85,0.09,N,4,0
27494,30,50000,RENT,5.0,HOMEIMPROVEMENT,A,8000,7.14,0.16,N,6,0
27495,30,65000,MORTGAGE,14.0,MEDICAL,A,12000,5.42,0.18,N,7,0
27496,21,30000,RENT,5.0,EDUCATION,B,6000,11.99,0.2,N,3,0
27497,23,29000,RENT,7.0,DEBTCONSOLIDATION,B,4000,10.74,0.14,N,2,1
27498,39,30000,OWN,6.0,MEDICAL,A,4500,8.49,0.15,N,16,0
27499,21,55000,MORTGAGE,5.0,EDUCATION,A,10000,6.03,0.18,N,3,0
27500,23,71496,RENT,4.0,EDUCATION,B,11000,9.99,0.15,N,2,0
27501,24,120000,RENT,4.0,HOMEIMPROVEMENT,B,15000,11.48,0.13,N,3,0
27502,24,42000,RENT,0.0,DEBTCONSOLIDATION,B,2000,10.25,0.05,N,3,0
27503,24,79700,MORTGAGE,5.0,HOMEIMPROVEMENT,B,7000,9.99,0.09,N,2,0
27504,32,36000,MORTGAGE,10.0,EDUCATION,B,5250,10.99,0.15,N,6,0
27505,22,24000,OWN,2.0,VENTURE,B,5000,11.49,0.21,N,3,0
27506,23,48000,MORTGAGE,4.0,DEBTCONSOLIDATION,C,1400,14.79,0.03,Y,3,0
27507,23,75000,RENT,2.0,MEDICAL,C,8000,13.47,0.11,N,2,0
27508,27,120000,MORTGAGE,11.0,MEDICAL,A,10000,7.49,0.08,N,7,0
27509,23,110000,MORTGAGE,7.0,MEDICAL,B,25000,10.99,0.23,N,4,0
27510,25,90000,RENT,1.0,EDUCATION,B,9000,12.53,0.1,N,3,0
27511,25,61200,RENT,2.0,MEDICAL,B,10000,9.91,0.16,N,2,1
27512,36,55000,MORTGAGE,4.0,DEBTCONSOLIDATION,A,3000,7.88,0.05,N,14,0
27513,36,45996,RENT,2.0,VENTURE,E,15000,16.0,0.33,Y,12,1
27514,42,100000,MORTGAGE,11.0,VENTURE,B,3000,11.49,0.03,N,16,0
27515,36,67000,MORTGAGE,5.0,VENTURE,B,2500,10.99,0.04,N,14,0
27516,32,54000,RENT,2.0,HOMEIMPROVEMENT,B,5200,9.99,0.1,N,7,0
27517,24,62400,RENT,8.0,MEDICAL,C,20000,13.85,0.32,N,3,1
27518,22,35000,MORTGAGE,6.0,EDUCATION,B,2000,11.49,0.06,N,3,0
27519,33,24000,MORTGAGE,17.0,MEDICAL,A,7000,7.74,0.29,N,9,0
27520,24,133119,MORTGAGE,9.0,DEBTCONSOLIDATION,A,25000,6.54,0.19,N,4,0
27521,29,24000,RENT,0.0,MEDICAL,C,2000,13.49,0.08,Y,5,0
27522,23,74880,RENT,7.0,MEDICAL,D,2500,14.96,0.03,Y,2,1
27523,22,39000,RENT,1.0,PERSONAL,D,3000,14.84,0.08,Y,4,1
27524,29,78000,RENT,0.0,HOMEIMPROVEMENT,B,20000,11.49,0.26,N,7,1
27525,23,45000,RENT,2.0,EDUCATION,A,6575,7.51,0.15,N,3,0
27526,24,31000,RENT,4.0,HOMEIMPROVEMENT,A,5600,6.54,0.17,N,3,1
27527,24,60000,MORTGAGE,6.0,PERSONAL,B,5000,10.99,0.08,N,4,0
27528,23,60000,RENT,2.0,DEBTCONSOLIDATION,B,10000,10.37,0.17,N,4,0
27529,23,45000,RENT,7.0,EDUCATION,B,1800,10.59,0.04,N,4,0
27530,22,60000,MORTGAGE,6.0,DEBTCONSOLIDATION,A,2400,8.49,0.04,N,2,0
27531,25,45000,MORTGAGE,6.0,MEDICAL,C,5000,14.27,0.11,Y,3,0
27532,25,73000,MORTGAGE,0.0,DEBTCONSOLIDATION,A,9600,6.92,0.14,N,4,0
27533,28,75000,MORTGAGE,8.0,EDUCATION,A,10000,7.51,0.13,N,10,0
27534,22,48000,RENT,5.0,PERSONAL,C,5000,13.99,0.1,Y,4,0
27535,25,78200,MORTGAGE,2.0,MEDICAL,E,24000,16.45,0.26,N,3,1
27536,29,54000,MORTGAGE,13.0,PERSONAL,A,10000,7.51,0.19,N,6,0
27537,23,24000,RENT,0.0,EDUCATION,C,5000,12.87,0.21,Y,3,0
27538,30,95000,MORTGAGE,14.0,VENTURE,C,13000,13.72,0.14,N,6,0
27539,29,54000,RENT,13.0,DEBTCONSOLIDATION,C,8000,13.49,0.15,Y,9,0
27540,23,30000,RENT,1.0,EDUCATION,C,5000,14.35,0.17,Y,2,0
27541,24,60000,RENT,8.0,HOMEIMPROVEMENT,A,15000,7.88,0.25,N,2,0
27542,32,91000,MORTGAGE,5.0,MEDICAL,A,12000,5.42,0.13,N,7,0
27543,32,53000,MORTGAGE,16.0,VENTURE,A,6000,7.29,0.11,N,9,0
27544,25,42000,RENT,3.0,VENTURE,A,7000,5.42,0.17,N,4,0
27545,24,75000,OWN,8.0,VENTURE,B,25000,12.18,0.33,N,3,0
27546,27,65000,RENT,11.0,PERSONAL,D,5000,14.96,0.08,N,9,0
27547,23,36000,RENT,3.0,MEDICAL,A,9000,6.62,0.25,N,3,0
27548,28,160000,RENT,0.0,EDUCATION,C,20000,13.98,0.13,N,10,0
27549,23,93000,RENT,1.0,DEBTCONSOLIDATION,A,12000,7.9,0.13,N,2,0
27550,25,150000,MORTGAGE,9.0,PERSONAL,A,9000,7.49,0.06,N,2,0
27551,22,55000,RENT,3.0,MEDICAL,A,14000,8.59,0.25,N,2,0
27552,23,82000,RENT,4.0,EDUCATION,C,20000,13.06,0.24,Y,4,0
27553,28,29000,RENT,0.0,VENTURE,D,6000,14.61,0.21,Y,8,1
27554,27,43495,MORTGAGE,3.0,EDUCATION,B,10800,10.99,0.25,N,10,0
27555,24,35000,RENT,0.0,EDUCATION,A,3200,9.63,0.09,N,2,0
27556,29,42000,RENT,3.0,VENTURE,B,4500,10.62,0.11,N,8,0
27557,22,47800,MORTGAGE,0.0,EDUCATION,B,1500,11.48,0.03,N,3,0
27558,26,78000,RENT,6.0,DEBTCONSOLIDATION,C,7000,12.54,0.09,Y,3,0
27559,27,80000,MORTGAGE,6.0,VENTURE,B,15000,10.99,0.19,N,7,0
27560,24,72000,OWN,3.0,PERSONAL,D,20000,14.42,0.28,Y,2,0
27561,32,64000,MORTGAGE,5.0,VENTURE,D,15000,16.49,0.23,N,9,0
27562,24,42000,RENT,4.0,VENTURE,B,3000,11.71,0.07,N,4,0
27563,29,20000,RENT,0.0,EDUCATION,B,6000,11.71,0.3,N,10,0
27564,23,90000,RENT,3.0,MEDICAL,B,20000,11.48,0.22,N,2,0
27565,28,60000,RENT,2.0,DEBTCONSOLIDATION,D,16800,15.65,0.28,Y,10,1
27566,24,74400,RENT,1.0,DEBTCONSOLIDATION,C,3500,12.87,0.05,N,3,0
27567,27,75000,RENT,3.0,EDUCATION,B,12000,9.91,0.16,N,7,0
27568,22,60000,RENT,2.0,EDUCATION,A,1000,7.88,0.02,N,3,0
27569,26,40000,RENT,0.0,PERSONAL,B,3000,9.91,0.07,N,3,0
27570,24,60000,RENT,0.0,VENTURE,E,20000,18.39,0.38,N,4,1
27571,26,48000,RENT,1.0,MEDICAL,A,4800,7.51,0.1,N,2,0
27572,28,90000,RENT,4.0,PERSONAL,B,12000,10.99,0.13,N,8,0
27573,24,40000,RENT,2.0,DEBTCONSOLIDATION,B,3600,11.12,0.09,N,2,0
27574,22,60000,MORTGAGE,6.0,EDUCATION,B,13000,10.65,0.22,N,4,0
27575,31,60000,RENT,1.0,DEBTCONSOLIDATION,B,3000,9.99,0.05,N,6,0
27576,28,75000,MORTGAGE,4.0,VENTURE,A,12000,8.9,0.16,N,10,0
27577,35,90000,RENT,5.0,VENTURE,B,25000,10.99,0.28,N,7,0
27578,27,80000,MORTGAGE,2.0,PERSONAL,C,10000,13.49,0.13,N,7,0
27579,28,84000,MORTGAGE,12.0,HOMEIMPROVEMENT,C,10000,14.65,0.12,N,10,0
27580,21,55000,MORTGAGE,6.0,MEDICAL,B,5000,12.69,0.09,N,4,0
27581,31,80000,MORTGAGE,5.0,EDUCATION,A,12000,7.9,0.15,N,10,0
27582,23,27000,RENT,2.0,PERSONAL,B,6000,10.75,0.22,N,3,0
27583,27,120000,MORTGAGE,0.0,VENTURE,A,7200,7.29,0.06,N,7,0
27584,22,60000,RENT,3.0,EDUCATION,B,3000,12.18,0.05,N,2,0
27585,22,52000,RENT,6.0,EDUCATION,B,12000,11.36,0.23,N,4,0
27586,35,40000,RENT,0.0,VENTURE,C,15000,13.11,0.38,N,10,1
27587,29,55000,MORTGAGE,3.0,MEDICAL,B,10000,11.49,0.18,N,7,0
27588,23,48000,RENT,4.0,EDUCATION,B,7000,10.62,0.15,N,3,0
27589,26,53000,RENT,1.0,VENTURE,B,10000,9.88,0.19,N,2,0
27590,22,48000,RENT,6.0,EDUCATION,B,7000,11.86,0.15,N,2,0
27591,23,70000,MORTGAGE,3.0,PERSONAL,A,12000,6.99,0.17,N,2,0
27592,25,100000,MORTGAGE,0.0,VENTURE,C,15000,13.57,0.15,N,4,0
27593,34,38014,MORTGAGE,6.0,HOMEIMPROVEMENT,B,10000,10.38,0.26,N,7,0
27594,22,35000,MORTGAGE,5.0,EDUCATION,A,4000,7.9,0.11,N,3,0
27595,23,60000,MORTGAGE,7.0,MEDICAL,A,8000,9.32,0.13,N,4,0
27596,29,48000,MORTGAGE,3.0,PERSONAL,A,3000,6.76,0.06,N,7,0
27597,36,32000,MORTGAGE,1.0,VENTURE,C,3600,13.22,0.11,N,13,0
27598,37,100000,MORTGAGE,3.0,EDUCATION,A,12000,7.51,0.12,N,13,0
27599,31,58000,RENT,15.0,VENTURE,B,4000,11.14,0.07,N,5,0
27600,24,120000,MORTGAGE,5.0,MEDICAL,B,10000,9.99,0.08,N,2,0
27601,39,75000,MORTGAGE,15.0,VENTURE,B,6775,11.14,0.09,N,17,0
27602,29,64500,RENT,4.0,EDUCATION,B,5000,11.89,0.08,N,9,0
27603,29,60000,RENT,4.0,PERSONAL,E,12000,16.63,0.2,Y,9,0
27604,22,57460,MORTGAGE,1.0,EDUCATION,B,10500,9.99,0.18,N,3,0
27605,28,30000,RENT,4.0,EDUCATION,A,8000,6.99,0.27,N,9,0
27606,27,44004,RENT,2.0,VENTURE,D,12000,14.09,0.27,Y,9,1
27607,25,53000,MORTGAGE,9.0,HOMEIMPROVEMENT,B,12000,11.99,0.23,N,3,0
27608,26,65000,MORTGAGE,5.0,VENTURE,B,24000,11.83,0.37,N,2,0
27609,36,60000,RENT,7.0,DEBTCONSOLIDATION,B,5000,10.62,0.08,N,15,0
27610,24,57600,MORTGAGE,3.0,HOMEIMPROVEMENT,A,4000,7.68,0.07,N,3,0
27611,26,48000,RENT,6.0,EDUCATION,A,2400,7.88,0.05,N,3,0
27612,22,27996,RENT,2.0,PERSONAL,E,4800,18.64,0.18,N,4,1
27613,32,27600,RENT,5.0,MEDICAL,D,7500,15.58,0.27,N,6,1
27614,25,30500,RENT,0.0,MEDICAL,C,10000,12.53,0.33,N,3,1
27615,27,30000,MORTGAGE,0.0,DEBTCONSOLIDATION,A,10000,7.51,0.33,N,7,0
27616,34,98000,RENT,10.0,DEBTCONSOLIDATION,B,5000,12.69,0.05,N,6,0
27617,25,38400,RENT,5.0,MEDICAL,B,14125,11.49,0.36,N,2,1
27618,25,80000,MORTGAGE,7.0,MEDICAL,C,10000,13.47,0.13,Y,2,0
27619,32,30000,RENT,3.0,DEBTCONSOLIDATION,C,5000,12.61,0.17,N,6,0
27620,23,38000,RENT,3.0,PERSONAL,B,10000,10.99,0.26,N,3,0
27621,21,68000,MORTGAGE,5.0,EDUCATION,A,10000,6.03,0.15,N,4,0
27622,25,24000,MORTGAGE,2.0,MEDICAL,A,1500,8.59,0.06,N,2,0
27623,30,55000,RENT,0.0,HOMEIMPROVEMENT,B,4000,10.37,0.07,N,6,0
27624,22,30000,RENT,4.0,DEBTCONSOLIDATION,C,3000,13.49,0.1,Y,2,0
27625,22,23000,RENT,3.0,EDUCATION,C,6250,12.73,0.27,N,4,0
27626,25,150000,RENT,3.0,VENTURE,A,24000,7.9,0.16,N,3,0
27627,34,85000,RENT,0.0,PERSONAL,A,7000,7.9,0.08,N,6,0
27628,36,70000,MORTGAGE,19.0,PERSONAL,B,5400,10.65,0.08,N,12,0
27629,25,90000,RENT,2.0,MEDICAL,C,12000,14.65,0.13,N,4,0
27630,25,150000,MORTGAGE,0.0,MEDICAL,B,25000,11.12,0.17,N,3,0
27631,33,72000,MORTGAGE,9.0,PERSONAL,A,13000,6.03,0.18,N,10,0
27632,22,48000,MORTGAGE,4.0,DEBTCONSOLIDATION,C,5000,13.98,0.1,Y,4,0
27633,25,57000,MORTGAGE,8.0,PERSONAL,C,9500,13.99,0.17,N,3,0
27634,23,60000,RENT,1.0,PERSONAL,B,8000,11.71,0.13,N,2,0
27635,23,52000,RENT,4.0,EDUCATION,A,7000,8.94,0.13,N,4,0
27636,26,47500,RENT,5.0,EDUCATION,A,12000,7.9,0.25,N,3,0
27637,22,120000,MORTGAGE,0.0,VENTURE,B,17000,11.49,0.14,N,3,0
27638,25,49920,MORTGAGE,2.0,DEBTCONSOLIDATION,B,3325,10.99,0.07,N,4,0
27639,23,55000,MORTGAGE,6.0,DEBTCONSOLIDATION,B,12000,11.99,0.22,N,3,0
27640,30,70000,MORTGAGE,7.0,PERSONAL,C,12500,13.57,0.18,Y,10,0
27641,25,35000,RENT,1.0,MEDICAL,B,6000,10.96,0.17,N,2,0
27642,47,82500,RENT,1.0,DEBTCONSOLIDATION,A,8000,8.94,0.09,N,17,0
27643,28,39000,RENT,3.0,VENTURE,B,6000,11.49,0.15,N,10,0
27644,24,100000,OTHER,5.0,HOMEIMPROVEMENT,B,15000,11.48,0.15,N,4,0
27645,23,25536,RENT,1.0,VENTURE,C,12250,12.18,0.47,Y,3,1
27646,22,24000,OWN,0.0,VENTURE,A,7000,8.94,0.29,N,3,0
27647,28,69500,RENT,2.0,VENTURE,A,6000,9.32,0.09,N,9,0
27648,23,78000,RENT,0.0,PERSONAL,A,1000,7.29,0.01,N,3,0
27649,24,64000,RENT,8.0,VENTURE,A,10000,7.51,0.16,N,4,0
27650,21,30004,OWN,1.0,PERSONAL,C,7500,12.99,0.25,N,3,0
27651,40,57000,RENT,0.0,DEBTCONSOLIDATION,B,14400,11.71,0.25,N,12,0
27652,27,72000,OTHER,3.0,HOMEIMPROVEMENT,A,3000,7.9,0.04,N,10,0
27653,37,50000,MORTGAGE,11.0,PERSONAL,B,10000,10.39,0.2,N,16,0
27654,23,70000,MORTGAGE,6.0,EDUCATION,A,6000,6.92,0.09,N,3,0
27655,37,20000,RENT,1.0,MEDICAL,B,6000,10.39,0.3,N,14,0
27656,35,30000,RENT,2.0,VENTURE,A,5000,7.88,0.17,N,6,0
27657,30,59004,RENT,2.0,DEBTCONSOLIDATION,D,7000,14.84,0.12,N,7,1
27658,27,27000,RENT,1.0,EDUCATION,F,10000,19.04,0.41,Y,6,1
27659,22,72000,MORTGAGE,6.0,MEDICAL,A,6000,6.54,0.08,N,3,0
27660,24,72000,RENT,8.0,DEBTCONSOLIDATION,E,5000,17.93,0.07,N,4,1
27661,23,62000,MORTGAGE,7.0,EDUCATION,C,5000,11.66,0.08,N,4,0
27662,28,90000,MORTGAGE,12.0,PERSONAL,A,12000,5.42,0.13,N,8,0
27663,25,40000,MORTGAGE,9.0,MEDICAL,B,4000,12.42,0.1,N,4,0
27664,21,66300,RENT,0.0,MEDICAL,D,24250,15.7,0.31,N,4,1
27665,36,84996,MORTGAGE,3.0,MEDICAL,A,8000,6.54,0.09,N,15,0
27666,25,50000,RENT,9.0,EDUCATION,C,23000,13.11,0.44,Y,3,1
27667,31,42000,RENT,3.0,MEDICAL,E,7500,15.07,0.18,Y,5,1
27668,27,80000,MORTGAGE,0.0,EDUCATION,B,7500,11.49,0.09,N,7,0
27669,23,64500,RENT,1.0,EDUCATION,C,7000,12.73,0.11,Y,3,0
27670,28,34000,RENT,2.0,MEDICAL,C,5000,13.79,0.15,N,7,1
27671,28,50000,RENT,2.0,VENTURE,B,14000,10.37,0.28,N,9,0
27672,23,60000,MORTGAGE,7.0,EDUCATION,B,5000,10.25,0.08,N,3,0
27673,26,132000,MORTGAGE,2.0,DEBTCONSOLIDATION,A,14000,5.42,0.11,N,3,0
27674,42,66300,MORTGAGE,2.0,MEDICAL,E,20000,16.0,0.28,N,16,1
27675,28,42000,MORTGAGE,3.0,HOMEIMPROVEMENT,C,4000,13.35,0.1,Y,8,1
27676,25,60000,MORTGAGE,4.0,HOMEIMPROVEMENT,C,20000,12.61,0.33,Y,2,0
27677,25,31000,RENT,0.0,EDUCATION,A,6000,7.14,0.19,N,2,0
27678,30,75000,MORTGAGE,13.0,EDUCATION,B,10000,10.59,0.13,N,10,0
27679,26,65000,MORTGAGE,2.0,PERSONAL,B,10000,11.26,0.15,N,2,0
27680,26,54000,RENT,4.0,MEDICAL,G,10000,21.21,0.19,Y,2,1
27681,25,63000,MORTGAGE,9.0,PERSONAL,A,12000,7.88,0.19,N,3,0
27682,30,64000,RENT,0.0,DEBTCONSOLIDATION,A,6000,8.59,0.09,N,10,0
27683,22,37212,RENT,6.0,PERSONAL,E,7500,16.69,0.2,N,2,1
27684,29,90000,MORTGAGE,8.0,DEBTCONSOLIDATION,A,10000,7.9,0.11,N,9,0
27685,21,36000,RENT,0.0,DEBTCONSOLIDATION,C,10000,12.84,0.27,N,2,1
27686,25,55000,MORTGAGE,9.0,PERSONAL,B,15000,12.21,0.27,N,2,0
27687,21,33276,RENT,2.0,DEBTCONSOLIDATION,F,10000,18.3,0.3,Y,4,1
27688,21,39000,MORTGAGE,6.0,VENTURE,A,10750,6.62,0.28,N,3,0
27689,27,55000,MORTGAGE,11.0,PERSONAL,B,8000,10.0,0.15,N,7,0
27690,29,48000,RENT,5.0,PERSONAL,B,5000,11.49,0.1,N,7,0
27691,28,98000,MORTGAGE,12.0,DEBTCONSOLIDATION,B,6000,9.91,0.06,N,9,0
27692,22,55000,RENT,5.0,EDUCATION,B,10000,12.21,0.18,N,2,0
27693,24,49000,RENT,3.0,EDUCATION,A,3500,7.88,0.07,N,2,0
27694,22,36000,RENT,2.0,MEDICAL,B,4000,10.62,0.11,N,2,0
27695,29,78000,MORTGAGE,13.0,PERSONAL,C,10000,13.06,0.13,N,5,0
27696,25,58000,RENT,0.0,EDUCATION,E,8400,16.82,0.14,Y,4,1
27697,25,24000,RENT,3.0,DEBTCONSOLIDATION,B,3000,10.14,0.13,N,4,0
27698,31,45000,RENT,3.0,MEDICAL,C,5000,13.98,0.11,Y,7,0
27699,21,40000,RENT,3.0,MEDICAL,C,2500,14.27,0.06,Y,4,0
27700,29,70000,RENT,3.0,DEBTCONSOLIDATION,B,14000,10.36,0.2,N,10,0
27701,43,72000,RENT,4.0,DEBTCONSOLIDATION,B,18000,12.69,0.25,N,17,0
27702,23,40000,RENT,0.0,VENTURE,A,4000,5.42,0.1,N,3,0
27703,24,40800,MORTGAGE,0.0,PERSONAL,B,10400,11.71,0.25,N,4,0
27704,29,80000,MORTGAGE,3.0,VENTURE,A,10000,6.62,0.13,N,8,0
27705,33,99100,RENT,5.0,MEDICAL,A,5000,7.43,0.05,N,10,0
27706,21,30000,MORTGAGE,5.0,PERSONAL,A,8000,5.42,0.27,N,4,1
27707,30,30000,RENT,6.0,PERSONAL,B,3200,10.14,0.11,N,6,0
27708,21,30000,RENT,0.0,VENTURE,C,8000,12.53,0.27,N,2,0
27709,55,90000,MORTGAGE,9.0,PERSONAL,A,15000,7.51,0.17,N,24,0
27710,32,80000,MORTGAGE,0.0,EDUCATION,A,6000,8.59,0.07,N,7,0
27711,29,140000,MORTGAGE,2.0,VENTURE,D,20000,14.96,0.14,Y,9,0
27712,25,80000,MORTGAGE,4.0,PERSONAL,B,15000,12.42,0.19,N,3,0
27713,25,58000,RENT,5.0,DEBTCONSOLIDATION,E,5000,16.7,0.09,Y,4,1
27714,26,63360,OWN,5.0,HOMEIMPROVEMENT,D,24250,15.65,0.39,Y,3,0
27715,22,24000,RENT,5.0,PERSONAL,B,10000,10.99,0.42,N,4,1
27716,31,92000,MORTGAGE,0.0,MEDICAL,A,12000,6.62,0.13,N,7,0
27717,39,91200,MORTGAGE,1.0,PERSONAL,A,6000,7.68,0.06,N,16,0
27718,30,70000,MORTGAGE,0.0,HOMEIMPROVEMENT,B,6000,10.25,0.09,N,9,0
27719,21,35000,RENT,5.0,PERSONAL,A,1500,7.51,0.04,N,2,0
27720,25,56004,OWN,1.0,EDUCATION,B,14000,11.48,0.25,N,4,0
27721,27,85000,MORTGAGE,1.0,PERSONAL,C,15000,12.84,0.18,Y,8,0
27722,23,55000,MORTGAGE,7.0,EDUCATION,A,10000,7.9,0.18,N,3,0
27723,22,51996,RENT,3.0,DEBTCONSOLIDATION,B,9600,10.37,0.18,N,2,0
27724,27,39996,RENT,11.0,DEBTCONSOLIDATION,C,6000,13.92,0.15,N,7,1
27725,33,54000,RENT,2.0,DEBTCONSOLIDATION,B,20000,12.42,0.37,N,6,1
27726,23,33996,RENT,7.0,DEBTCONSOLIDATION,C,9000,12.53,0.27,N,3,1
27727,30,40000,RENT,4.0,EDUCATION,C,6000,12.87,0.15,N,5,0
27728,27,50000,RENT,2.0,MEDICAL,B,18000,10.0,0.36,N,10,1
27729,26,90000,MORTGAGE,6.0,EDUCATION,C,11000,13.23,0.12,N,2,0
27730,29,65000,MORTGAGE,2.0,HOMEIMPROVEMENT,B,8000,11.99,0.12,N,10,0
27731,25,34000,RENT,9.0,VENTURE,A,8000,7.49,0.24,N,4,0
27732,30,180000,MORTGAGE,0.0,MEDICAL,A,12000,8.0,0.07,N,8,0
27733,31,72000,MORTGAGE,9.0,EDUCATION,C,20000,13.06,0.28,N,9,0
27734,25,120000,MORTGAGE,9.0,HOMEIMPROVEMENT,A,10000,5.42,0.08,N,4,0
27735,36,42000,MORTGAGE,13.0,VENTURE,C,12000,12.99,0.29,N,11,0
27736,27,50400,RENT,6.0,HOMEIMPROVEMENT,B,3000,10.37,0.06,N,8,0
27737,32,57860,MORTGAGE,11.0,MEDICAL,C,4000,13.49,0.06,Y,10,1
27738,23,50000,MORTGAGE,7.0,PERSONAL,A,10500,6.03,0.21,N,4,0
27739,22,102000,MORTGAGE,6.0,VENTURE,B,15000,10.0,0.15,N,4,0
27740,32,24000,RENT,0.0,HOMEIMPROVEMENT,A,6000,9.32,0.25,N,10,1
27741,31,80000,RENT,5.0,VENTURE,D,35000,15.65,0.46,Y,9,1
27742,31,53000,RENT,1.0,MEDICAL,B,3000,12.69,0.06,N,5,0
27743,21,45000,RENT,0.0,EDUCATION,A,5000,7.75,0.11,N,2,0
27744,24,30000,RENT,3.0,MEDICAL,D,4000,14.11,0.13,Y,4,1
27745,22,45000,RENT,1.0,VENTURE,C,2500,12.53,0.06,N,2,0
27746,23,50000,RENT,7.0,MEDICAL,B,6500,10.62,0.13,N,3,0
27747,27,54000,MORTGAGE,11.0,VENTURE,A,14500,7.66,0.26,N,5,0
27748,36,97000,MORTGAGE,8.0,VENTURE,A,12000,6.62,0.12,N,13,0
27749,27,45000,RENT,0.0,MEDICAL,C,4000,13.61,0.09,Y,6,0
27750,23,61000,MORTGAGE,7.0,MEDICAL,B,14000,10.38,0.23,N,3,0
27751,21,33000,RENT,3.0,PERSONAL,A,5000,7.51,0.15,N,2,0
27752,30,45000,RENT,1.0,PERSONAL,A,3000,7.49,0.07,N,8,0
27753,24,85000,RENT,1.0,MEDICAL,B,14400,11.83,0.17,N,4,0
27754,27,72000,MORTGAGE,9.0,EDUCATION,E,16000,16.45,0.22,N,8,0
27755,24,70000,RENT,0.0,PERSONAL,A,12000,5.99,0.17,N,2,0
27756,23,65000,MORTGAGE,1.0,EDUCATION,A,18000,7.49,0.28,N,4,0
27757,22,48000,MORTGAGE,6.0,DEBTCONSOLIDATION,A,3500,6.62,0.07,N,4,0
27758,22,14400,RENT,1.0,HOMEIMPROVEMENT,D,3000,14.74,0.21,Y,3,1
27759,23,80000,MORTGAGE,1.0,EDUCATION,C,12000,13.48,0.15,Y,3,0
27760,36,42000,RENT,2.0,EDUCATION,B,4000,12.21,0.1,N,12,0
27761,60,85000,RENT,2.0,PERSONAL,C,8000,13.23,0.09,Y,27,0
27762,70,30000,RENT,1.0,PERSONAL,B,5000,11.86,0.17,N,24,0
27763,22,37200,MORTGAGE,0.0,VENTURE,B,7000,9.91,0.19,N,4,0
27764,27,33600,OWN,0.0,PERSONAL,D,1000,16.29,0.03,N,10,0
27765,23,55000,RENT,2.0,EDUCATION,A,4000,7.49,0.08,N,2,0
27766,29,40000,RENT,2.0,EDUCATION,C,3600,12.23,0.09,N,6,0
27767,22,50000,OWN,3.0,EDUCATION,A,6000,8.94,0.12,N,4,0
27768,32,26400,RENT,4.0,EDUCATION,C,8000,12.87,0.3,Y,5,0
27769,22,55000,MORTGAGE,6.0,DEBTCONSOLIDATION,A,7000,6.62,0.13,N,4,0
27770,28,25000,RENT,3.0,EDUCATION,C,6000,12.73,0.24,Y,5,0
27771,22,75000,MORTGAGE,5.0,DEBTCONSOLIDATION,A,15000,7.29,0.2,N,3,0
27772,21,30000,RENT,1.0,MEDICAL,A,4200,5.79,0.14,N,2,0
27773,28,80000,MORTGAGE,7.0,VENTURE,B,20000,11.36,0.25,N,5,0
27774,23,85596,MORTGAGE,5.0,VENTURE,A,6000,5.99,0.07,N,4,0
27775,23,114000,MORTGAGE,3.0,EDUCATION,B,10000,10.0,0.09,N,3,0
27776,27,36000,RENT,0.0,VENTURE,C,5000,13.23,0.14,Y,7,0
27777,65,35000,RENT,0.0,PERSONAL,C,9600,13.16,0.26,N,29,0
27778,35,100000,RENT,0.0,VENTURE,B,2500,9.99,0.03,N,9,0
27779,24,39000,RENT,9.0,MEDICAL,D,2100,17.27,0.05,N,2,0
27780,30,55000,OWN,14.0,HOMEIMPROVEMENT,C,6000,14.72,0.11,N,5,0
27781,36,80004,MORTGAGE,20.0,PERSONAL,A,10000,7.51,0.12,N,11,0
27782,24,27600,RENT,4.0,VENTURE,A,1500,7.29,0.06,N,2,0
27783,38,44000,MORTGAGE,1.0,EDUCATION,D,7000,13.24,0.16,N,13,0
27784,28,108000,RENT,0.0,PERSONAL,D,7000,14.61,0.06,Y,7,1
27785,23,70000,MORTGAGE,4.0,EDUCATION,C,4800,12.73,0.07,N,4,0
27786,29,94976,MORTGAGE,1.0,VENTURE,A,3000,7.49,0.03,N,9,0
27787,27,48000,MORTGAGE,11.0,MEDICAL,B,7000,10.65,0.15,N,7,0
27788,25,96000,MORTGAGE,6.0,HOMEIMPROVEMENT,C,6000,13.49,0.06,N,4,0
27789,25,44000,RENT,5.0,HOMEIMPROVEMENT,B,8400,11.12,0.19,N,4,1
27790,26,48000,MORTGAGE,1.0,MEDICAL,A,3000,7.4,0.06,N,2,0
27791,24,72000,RENT,8.0,MEDICAL,B,10000,10.99,0.14,N,3,0
27792,27,75000,RENT,2.0,MEDICAL,C,12600,13.61,0.17,Y,5,0
27793,29,62400,RENT,2.0,PERSONAL,C,20000,13.92,0.32,N,6,1
27794,31,36000,RENT,0.0,MEDICAL,B,3000,10.37,0.08,N,6,0
27795,26,75000,MORTGAGE,10.0,EDUCATION,A,6500,8.45,0.09,N,4,0
27796,25,51996,RENT,1.0,DEBTCONSOLIDATION,A,3000,7.51,0.06,N,4,0
27797,29,30000,RENT,2.0,PERSONAL,A,4300,9.63,0.14,N,6,0
27798,23,45000,MORTGAGE,7.0,MEDICAL,A,7500,8.49,0.17,N,4,0
27799,24,48000,RENT,0.0,EDUCATION,B,6000,10.33,0.13,N,2,0
27800,22,40000,MORTGAGE,6.0,MEDICAL,B,1400,11.99,0.04,N,4,0
27801,28,70000,RENT,1.0,MEDICAL,C,21000,13.22,0.3,N,10,0
27802,23,75000,RENT,5.0,MEDICAL,B,20000,11.48,0.27,N,4,0
27803,31,60000,RENT,3.0,PERSONAL,A,6000,8.49,0.1,N,8,0
27804,26,35000,RENT,4.0,MEDICAL,B,6000,10.65,0.17,N,2,0
27805,30,54000,RENT,14.0,HOMEIMPROVEMENT,C,9600,12.68,0.18,Y,6,0
27806,24,60000,MORTGAGE,3.0,MEDICAL,B,15000,10.36,0.25,N,2,0
27807,30,100000,RENT,0.0,VENTURE,B,9000,11.11,0.09,N,7,0
27808,32,92000,MORTGAGE,5.0,DEBTCONSOLIDATION,D,15000,17.49,0.16,Y,9,1
27809,38,28800,RENT,2.0,MEDICAL,D,6225,14.54,0.22,N,14,1
27810,22,19200,OWN,0.0,EDUCATION,D,4000,15.21,0.21,Y,2,0
27811,31,52400,MORTGAGE,15.0,PERSONAL,D,20000,14.96,0.39,N,7,0
27812,21,48000,MORTGAGE,5.0,DEBTCONSOLIDATION,A,3000,6.76,0.06,N,4,0
27813,39,66000,RENT,12.0,DEBTCONSOLIDATION,A,8000,7.51,0.12,N,16,0
27814,25,49716,MORTGAGE,9.0,MEDICAL,A,7200,7.74,0.14,N,4,0
27815,23,58000,RENT,0.0,EDUCATION,C,6000,13.35,0.1,Y,4,0
27816,21,40000,RENT,5.0,EDUCATION,B,10000,11.86,0.25,N,4,0
27817,32,132000,RENT,7.0,HOMEIMPROVEMENT,B,24000,10.99,0.18,N,10,0
27818,26,54000,RENT,2.0,VENTURE,D,5000,16.89,0.09,Y,4,1
27819,22,80004,MORTGAGE,6.0,PERSONAL,C,7000,14.27,0.09,N,2,0
27820,22,72000,MORTGAGE,6.0,MEDICAL,B,12000,10.59,0.17,N,4,0
27821,25,69600,MORTGAGE,9.0,HOMEIMPROVEMENT,F,6000,18.43,0.09,N,3,0
27822,24,54996,MORTGAGE,8.0,DEBTCONSOLIDATION,B,5000,9.63,0.09,N,3,0
27823,23,70000,MORTGAGE,1.0,VENTURE,C,5000,13.79,0.07,Y,4,0
27824,23,60000,MORTGAGE,3.0,PERSONAL,A,10000,7.88,0.17,N,2,0
27825,38,65000,RENT,1.0,MEDICAL,A,7000,8.49,0.11,N,14,0
27826,22,43200,OWN,6.0,VENTURE,A,6000,7.51,0.14,N,4,0
27827,42,42000,RENT,3.0,PERSONAL,A,4000,7.29,0.1,N,16,0
27828,27,36996,RENT,9.0,MEDICAL,B,5000,11.49,0.14,N,10,0
27829,38,42000,RENT,2.0,EDUCATION,C,1500,13.22,0.04,N,16,0
27830,22,75000,MORTGAGE,6.0,EDUCATION,B,10000,9.91,0.13,N,2,0
27831,30,60000,RENT,5.0,MEDICAL,B,5500,10.36,0.09,N,9,0
27832,27,78000,RENT,6.0,HOMEIMPROVEMENT,A,5500,7.51,0.07,N,10,0
27833,28,90000,RENT,4.0,VENTURE,C,18000,14.65,0.2,N,5,0
27834,28,150000,MORTGAGE,11.0,MEDICAL,B,25000,9.99,0.17,N,6,0
27835,22,50000,OWN,5.0,VENTURE,B,6000,11.83,0.12,N,4,0
27836,22,70000,RENT,0.0,EDUCATION,C,8000,13.16,0.11,N,4,0
27837,30,80000,MORTGAGE,5.0,HOMEIMPROVEMENT,B,5000,11.99,0.06,N,7,0
27838,23,58000,MORTGAGE,4.0,DEBTCONSOLIDATION,B,3250,9.99,0.06,N,4,0
27839,31,51072,MORTGAGE,2.0,EDUCATION,C,13000,10.95,0.25,N,9,0
27840,23,72000,MORTGAGE,1.0,EDUCATION,C,10000,14.27,0.14,N,3,0
27841,22,60000,MORTGAGE,3.0,VENTURE,A,10000,6.62,0.17,N,3,0
27842,22,31200,RENT,0.0,MEDICAL,A,12000,5.42,0.38,N,4,1
27843,31,70000,RENT,4.0,DEBTCONSOLIDATION,B,6000,11.89,0.09,N,9,0
27844,23,54000,RENT,2.0,DEBTCONSOLIDATION,B,14800,12.69,0.27,N,2,1
27845,29,27000,RENT,0.0,MEDICAL,A,6000,7.14,0.22,N,9,0
27846,23,80000,MORTGAGE,2.0,EDUCATION,B,6000,11.86,0.07,N,2,0
27847,26,105000,MORTGAGE,10.0,MEDICAL,A,10000,5.42,0.1,N,2,0
27848,24,82000,RENT,8.0,MEDICAL,A,6000,7.51,0.07,N,3,0
27849,24,110000,MORTGAGE,2.0,EDUCATION,A,12000,7.49,0.11,N,4,0
27850,24,74400,RENT,2.0,DEBTCONSOLIDATION,A,3600,7.29,0.05,N,3,0
27851,39,26000,RENT,3.0,EDUCATION,B,8500,10.99,0.33,N,13,1
27852,21,14400,RENT,2.0,PERSONAL,B,2700,11.86,0.19,N,3,1
27853,26,48996,RENT,7.0,MEDICAL,C,10525,13.61,0.21,N,3,0
27854,22,64000,RENT,0.0,DEBTCONSOLIDATION,D,11000,14.11,0.17,N,4,1
27855,25,99000,RENT,2.0,PERSONAL,C,8000,13.23,0.08,Y,2,0
27856,29,75000,RENT,8.0,PERSONAL,B,15000,11.49,0.2,N,7,0
27857,25,30000,RENT,0.0,DEBTCONSOLIDATION,A,3000,7.29,0.1,N,3,0
27858,27,60000,OWN,0.0,MEDICAL,B,12000,10.99,0.2,N,5,0
27859,28,84000,MORTGAGE,12.0,EDUCATION,A,10000,7.66,0.12,N,9,0
27860,23,75000,RENT,7.0,DEBTCONSOLIDATION,C,12000,15.96,0.16,Y,4,0
27861,42,95000,MORTGAGE,4.0,MEDICAL,B,2400,11.71,0.03,N,13,0
27862,27,46000,RENT,6.0,PERSONAL,D,10000,16.77,0.22,Y,7,0
27863,34,92000,MORTGAGE,0.0,EDUCATION,B,12950,11.11,0.14,N,8,0
27864,30,82600,MORTGAGE,14.0,PERSONAL,C,13200,13.8,0.16,N,10,0
27865,24,59000,RENT,3.0,DEBTCONSOLIDATION,A,16000,8.9,0.28,N,4,1
27866,27,50000,RENT,4.0,EDUCATION,C,12000,13.23,0.24,Y,8,0
27867,29,30000,RENT,1.0,EDUCATION,B,12800,11.83,0.4,N,9,1
27868,33,48000,RENT,6.0,DEBTCONSOLIDATION,B,20000,9.88,0.42,N,9,1
27869,24,200000,MORTGAGE,8.0,MEDICAL,B,2800,11.99,0.01,N,3,0
27870,29,29000,RENT,2.0,MEDICAL,D,6000,14.11,0.21,Y,7,1
27871,24,74000,MORTGAGE,3.0,DEBTCONSOLIDATION,C,18000,13.49,0.24,Y,3,0
27872,37,52000,MORTGAGE,5.0,HOMEIMPROVEMENT,A,7000,7.88,0.13,N,15,0
27873,22,30000,RENT,3.0,EDUCATION,C,4000,12.99,0.13,Y,2,0
27874,23,74880,MORTGAGE,3.0,MEDICAL,B,17000,11.14,0.2,N,3,0
27875,23,75000,RENT,0.0,PERSONAL,A,8000,9.63,0.11,N,2,0
27876,28,74800,MORTGAGE,5.0,MEDICAL,D,4000,16.29,0.05,N,8,1
27877,39,58000,MORTGAGE,17.0,DEBTCONSOLIDATION,A,14000,7.29,0.25,N,13,0
27878,23,66000,MORTGAGE,7.0,DEBTCONSOLIDATION,C,3250,12.68,0.05,N,3,1
27879,24,55000,RENT,6.0,PERSONAL,A,3200,5.99,0.06,N,3,0
27880,24,150000,MORTGAGE,3.0,EDUCATION,A,15000,7.88,0.1,N,3,0
27881,25,70000,RENT,2.0,EDUCATION,A,8300,7.88,0.12,N,3,0
27882,22,50004,RENT,6.0,VENTURE,B,5000,10.59,0.1,N,3,0
27883,24,49800,MORTGAGE,8.0,HOMEIMPROVEMENT,B,2400,11.99,0.05,N,3,0
27884,24,130000,MORTGAGE,8.0,PERSONAL,C,12000,13.57,0.09,N,4,0
27885,26,50400,RENT,4.0,DEBTCONSOLIDATION,C,1500,13.57,0.03,N,4,0
27886,35,38004,RENT,11.0,EDUCATION,C,1500,12.53,0.04,N,8,0
27887,28,70000,MORTGAGE,1.0,EDUCATION,A,4000,7.49,0.06,N,10,0
27888,41,60000,RENT,0.0,MEDICAL,A,2000,7.9,0.03,N,13,0
27889,26,105600,MORTGAGE,10.0,VENTURE,D,6000,16.49,0.06,N,3,0
27890,29,36000,RENT,2.0,DEBTCONSOLIDATION,B,7000,10.75,0.19,N,6,0
27891,36,135000,MORTGAGE,12.0,VENTURE,C,21000,13.85,0.16,N,15,0
27892,26,28000,RENT,1.0,PERSONAL,A,4000,7.74,0.14,N,4,0
27893,23,60000,RENT,5.0,VENTURE,A,12000,7.88,0.2,N,3,0
27894,27,27000,OWN,0.0,VENTURE,A,8500,7.51,0.3,N,7,0
27895,25,91200,MORTGAGE,1.0,EDUCATION,A,6000,7.68,0.07,N,3,0
27896,24,49000,MORTGAGE,2.0,MEDICAL,E,5000,17.74,0.1,N,2,0
27897,31,24000,RENT,2.0,DEBTCONSOLIDATION,A,6000,7.49,0.25,N,6,0
27898,31,78000,MORTGAGE,9.0,PERSONAL,A,6000,7.88,0.08,N,10,0
27899,25,25000,OWN,9.0,MEDICAL,D,1000,15.33,0.04,N,2,0
27900,22,50000,OWN,1.0,PERSONAL,D,6000,15.99,0.12,Y,3,0
27901,23,120000,MORTGAGE,4.0,EDUCATION,D,15200,15.62,0.13,Y,3,0
27902,22,91000,MORTGAGE,6.0,EDUCATION,B,10000,10.71,0.11,N,4,0
27903,23,64000,RENT,7.0,VENTURE,D,15000,14.54,0.23,Y,3,0
27904,32,30000,RENT,2.0,MEDICAL,B,3000,11.83,0.1,N,7,0
27905,24,87000,OWN,5.0,HOMEIMPROVEMENT,A,15000,8.49,0.17,N,3,0
27906,24,60000,RENT,0.0,MEDICAL,B,5000,11.83,0.08,N,2,0
27907,22,74000,MORTGAGE,6.0,VENTURE,A,10000,7.49,0.14,N,4,0
27908,29,96000,MORTGAGE,3.0,VENTURE,C,12000,14.79,0.13,Y,8,0
27909,24,47000,RENT,3.0,PERSONAL,C,10000,13.11,0.21,Y,2,0
27910,24,55000,RENT,4.0,VENTURE,D,10000,15.62,0.18,Y,3,0
27911,25,68000,RENT,2.0,DEBTCONSOLIDATION,B,24000,9.62,0.37,N,2,1
27912,28,99700,MORTGAGE,11.0,HOMEIMPROVEMENT,A,12000,6.92,0.12,N,8,0
27913,32,48000,RENT,2.0,PERSONAL,B,2400,12.69,0.05,N,6,0
27914,24,84500,RENT,5.0,EDUCATION,A,10000,8.9,0.12,N,4,0
27915,25,50000,RENT,3.0,MEDICAL,C,8000,14.17,0.16,N,2,0
27916,41,100000,MORTGAGE,2.0,DEBTCONSOLIDATION,B,17400,10.38,0.17,N,12,0
27917,22,30000,RENT,0.0,PERSONAL,D,10400,14.96,0.36,N,4,1
27918,24,85000,RENT,2.0,MEDICAL,A,10000,7.49,0.12,N,4,0
27919,22,28800,MORTGAGE,6.0,MEDICAL,B,5000,11.99,0.17,N,3,0
27920,26,45000,RENT,3.0,MEDICAL,C,6000,12.61,0.13,Y,4,0
27921,26,85000,RENT,8.0,VENTURE,C,10000,14.27,0.12,Y,3,0
27922,31,60000,MORTGAGE,4.0,DEBTCONSOLIDATION,A,8000,7.49,0.13,N,5,0
27923,34,74400,OWN,1.0,PERSONAL,D,6000,14.91,0.08,Y,5,0
27924,36,150000,MORTGAGE,2.0,MEDICAL,A,14000,7.29,0.1,N,16,0
27925,30,68000,MORTGAGE,2.0,HOMEIMPROVEMENT,B,20000,10.25,0.28,N,7,0
27926,23,60000,RENT,2.0,VENTURE,D,12000,16.77,0.2,N,2,1
27927,38,50000,MORTGAGE,2.0,HOMEIMPROVEMENT,D,9150,16.29,0.18,N,17,0
27928,37,75000,MORTGAGE,4.0,PERSONAL,A,20000,7.14,0.27,N,14,0
27929,29,70000,OWN,11.0,HOMEIMPROVEMENT,A,12000,7.9,0.17,N,8,0
27930,30,70000,MORTGAGE,8.0,VENTURE,A,4000,5.99,0.06,N,9,0
27931,31,60000,MORTGAGE,4.0,DEBTCONSOLIDATION,A,10000,5.99,0.17,N,9,0
27932,28,142000,MORTGAGE,3.0,PERSONAL,B,21000,10.38,0.15,N,5,0
27933,28,48000,RENT,12.0,PERSONAL,B,7000,11.86,0.15,N,7,0
27934,52,52000,MORTGAGE,5.0,PERSONAL,C,6000,13.79,0.12,N,25,0
27935,22,33000,MORTGAGE,1.0,EDUCATION,A,5000,6.62,0.15,N,4,0
27936,36,93600,MORTGAGE,15.0,EDUCATION,A,21000,7.9,0.21,N,16,0
27937,22,40000,RENT,2.0,MEDICAL,C,18200,13.99,0.45,Y,4,1
27938,29,58000,RENT,4.0,DEBTCONSOLIDATION,C,12800,13.57,0.22,N,8,0
27939,26,55000,MORTGAGE,1.0,EDUCATION,B,7500,10.39,0.14,N,4,0
27940,26,74000,MORTGAGE,0.0,PERSONAL,C,2500,12.84,0.03,Y,2,0
27941,22,65000,MORTGAGE,6.0,PERSONAL,A,6500,7.14,0.1,N,3,0
27942,26,77500,RENT,2.0,EDUCATION,C,6000,14.65,0.08,Y,4,0
27943,26,160000,MORTGAGE,7.0,EDUCATION,A,15000,6.03,0.09,N,2,0
27944,23,62000,RENT,1.0,MEDICAL,B,10000,9.96,0.16,N,4,0
27945,22,78000,MORTGAGE,2.0,VENTURE,A,14000,9.63,0.18,N,3,0
27946,35,75000,MORTGAGE,8.0,PERSONAL,A,10000,5.79,0.13,N,7,0
27947,26,70000,MORTGAGE,10.0,DEBTCONSOLIDATION,B,18000,10.99,0.26,N,3,0
27948,25,45286,MORTGAGE,5.0,PERSONAL,A,11000,5.42,0.25,N,2,0
27949,29,50000,RENT,5.0,MEDICAL,C,2800,14.17,0.06,N,6,0
27950,31,95800,RENT,1.0,DEBTCONSOLIDATION,A,5000,9.63,0.05,N,10,0
27951,35,125000,MORTGAGE,2.0,PERSONAL,A,12000,6.62,0.1,N,7,0
27952,26,60000,MORTGAGE,10.0,DEBTCONSOLIDATION,A,4125,5.99,0.07,N,3,0
27953,29,69000,RENT,1.0,VENTURE,B,25000,11.11,0.36,N,10,1
27954,30,80000,MORTGAGE,15.0,DEBTCONSOLIDATION,C,20000,13.85,0.25,N,6,0
27955,29,150000,MORTGAGE,2.0,HOMEIMPROVEMENT,A,9500,8.07,0.06,N,9,0
27956,23,84000,MORTGAGE,7.0,PERSONAL,A,4000,5.42,0.05,N,2,0
27957,29,69000,RENT,10.0,HOMEIMPROVEMENT,E,25000,16.45,0.36,N,9,1
27958,27,48000,RENT,3.0,DEBTCONSOLIDATION,B,2000,10.74,0.04,N,7,0
27959,25,33996,RENT,9.0,EDUCATION,A,2000,5.42,0.06,N,3,0
27960,27,24000,OWN,3.0,VENTURE,B,2400,12.18,0.1,N,7,0
27961,22,90000,MORTGAGE,6.0,EDUCATION,B,20000,12.21,0.22,N,4,0
27962,23,75000,MORTGAGE,7.0,EDUCATION,B,5000,11.48,0.07,N,4,0
27963,32,31200,MORTGAGE,8.0,DEBTCONSOLIDATION,B,1200,11.99,0.04,N,7,0
27964,29,88000,RENT,10.0,VENTURE,E,25000,15.95,0.28,Y,7,1
27965,23,70000,MORTGAGE,1.0,EDUCATION,C,20000,13.16,0.29,N,2,0
27966,30,75000,MORTGAGE,7.0,EDUCATION,A,12000,6.03,0.16,N,8,0
27967,28,31200,RENT,7.0,PERSONAL,A,7000,6.54,0.23,N,10,1
27968,38,68000,RENT,2.0,PERSONAL,D,10500,14.84,0.16,N,11,1
27969,22,60000,MORTGAGE,3.0,MEDICAL,B,10000,10.38,0.17,N,2,0
27970,36,35000,RENT,1.0,MEDICAL,C,1800,13.61,0.05,Y,11,0
27971,26,35000,MORTGAGE,10.0,MEDICAL,D,2750,14.91,0.08,Y,3,1
27972,29,80000,RENT,4.0,DEBTCONSOLIDATION,B,7200,12.42,0.09,N,9,0
27973,23,54000,RENT,3.0,MEDICAL,E,16000,16.32,0.3,Y,2,1
27974,28,83904,MORTGAGE,4.0,DEBTCONSOLIDATION,D,16000,16.07,0.19,Y,9,1
27975,22,28685,OWN,5.0,PERSONAL,B,6000,11.49,0.21,N,4,0
27976,21,90000,RENT,5.0,VENTURE,C,7000,13.48,0.07,Y,2,0
27977,23,48000,OWN,5.0,VENTURE,B,10000,11.12,0.21,N,3,0
27978,29,64402,RENT,1.0,DEBTCONSOLIDATION,A,13500,7.49,0.21,N,7,0
27979,26,50000,RENT,2.0,PERSONAL,C,9000,13.49,0.18,N,4,0
27980,24,35000,RENT,0.0,DEBTCONSOLIDATION,B,12000,10.0,0.34,N,3,1
27981,27,52800,MORTGAGE,4.0,PERSONAL,A,2400,7.51,0.05,N,10,0
27982,22,110000,MORTGAGE,6.0,EDUCATION,C,3000,14.27,0.03,Y,2,0
27983,24,75000,MORTGAGE,6.0,HOMEIMPROVEMENT,C,5000,13.49,0.07,N,4,0
27984,25,55000,MORTGAGE,7.0,DEBTCONSOLIDATION,A,9000,7.88,0.16,N,3,0
27985,25,62500,MORTGAGE,6.0,MEDICAL,A,1200,6.54,0.02,N,3,0
27986,37,72000,RENT,5.0,EDUCATION,B,20000,10.74,0.28,N,12,0
27987,28,60000,RENT,12.0,HOMEIMPROVEMENT,C,12000,13.57,0.2,Y,9,0
27988,33,100000,MORTGAGE,4.0,VENTURE,A,6000,7.49,0.06,N,10,0
27989,27,72000,OWN,7.0,VENTURE,C,14000,13.49,0.19,N,7,0
27990,46,98000,MORTGAGE,18.0,PERSONAL,A,4000,6.03,0.04,N,17,0
27991,24,30000,RENT,3.0,DEBTCONSOLIDATION,B,5000,10.65,0.17,N,4,1
27992,28,40000,RENT,6.0,DEBTCONSOLIDATION,A,13000,8.59,0.34,N,5,1
27993,24,55000,RENT,2.0,PERSONAL,B,18000,10.99,0.33,N,4,1
27994,45,45000,MORTGAGE,14.0,DEBTCONSOLIDATION,B,19600,9.91,0.44,N,13,0
27995,26,31200,OWN,3.0,PERSONAL,B,3000,11.83,0.1,N,4,0
27996,26,50000,RENT,10.0,DEBTCONSOLIDATION,B,10000,9.91,0.2,N,2,0
27997,24,46000,RENT,7.0,DEBTCONSOLIDATION,C,9600,12.53,0.21,N,3,0
27998,21,30000,RENT,2.0,VENTURE,B,6000,11.86,0.2,N,4,0
27999,27,29760,RENT,11.0,MEDICAL,A,7750,7.66,0.24,N,10,0
28000,25,70000,RENT,2.0,HOMEIMPROVEMENT,B,16000,11.11,0.23,N,4,0
28001,31,39996,RENT,2.0,MEDICAL,B,6000,12.21,0.15,N,9,0
28002,28,32000,RENT,1.0,MEDICAL,C,12000,13.16,0.38,N,8,1
28003,33,75000,OWN,3.0,HOMEIMPROVEMENT,B,12000,10.99,0.16,N,8,0
28004,23,54000,MORTGAGE,3.0,PERSONAL,B,5000,10.75,0.09,N,2,0
28005,27,75000,MORTGAGE,8.0,PERSONAL,C,7200,12.53,0.1,Y,9,0
28006,26,45760,RENT,9.0,DEBTCONSOLIDATION,C,11300,13.06,0.24,N,4,0
28007,22,74000,RENT,0.0,VENTURE,D,5000,15.31,0.07,Y,2,1
28008,24,40000,RENT,5.0,EDUCATION,C,8000,14.26,0.2,Y,3,0
28009,38,100000,MORTGAGE,15.0,PERSONAL,C,18000,12.73,0.18,N,13,0
28010,23,55000,RENT,3.0,EDUCATION,A,11000,7.29,0.2,N,4,0
28011,23,44000,MORTGAGE,0.0,MEDICAL,B,12000,12.18,0.27,N,3,0
28012,32,45000,RENT,3.0,PERSONAL,A,14300,7.51,0.32,N,8,1
28013,24,70000,RENT,8.0,DEBTCONSOLIDATION,C,9000,13.47,0.13,Y,4,0
28014,36,40000,RENT,5.0,EDUCATION,A,15000,7.51,0.38,N,12,1
28015,27,38400,MORTGAGE,6.0,MEDICAL,C,5000,13.61,0.13,N,9,0
28016,31,24000,RENT,4.0,MEDICAL,E,7750,19.42,0.32,N,8,1
28017,26,106000,MORTGAGE,3.0,DEBTCONSOLIDATION,A,12000,6.54,0.11,N,2,0
28018,29,55476,MORTGAGE,1.0,MEDICAL,D,10000,15.33,0.18,Y,5,1
28019,24,110000,MORTGAGE,1.0,MEDICAL,C,16000,13.48,0.14,Y,4,0
28020,23,59000,RENT,2.0,VENTURE,D,15000,15.33,0.25,N,4,1
28021,31,50000,RENT,8.0,MEDICAL,B,6400,9.91,0.13,N,9,0
28022,27,36000,RENT,1.0,MEDICAL,C,6000,13.22,0.17,Y,10,0
28023,27,70000,MORTGAGE,7.0,HOMEIMPROVEMENT,C,18000,13.49,0.26,Y,10,0
28024,30,53004,MORTGAGE,3.0,HOMEIMPROVEMENT,C,21000,13.04,0.4,N,5,0
28025,24,88400,MORTGAGE,8.0,EDUCATION,B,10000,9.88,0.12,N,2,0
28026,31,86000,RENT,4.0,EDUCATION,A,6000,7.88,0.07,N,5,0
28027,21,38000,RENT,5.0,EDUCATION,B,12000,10.99,0.31,N,2,1
28028,33,62400,MORTGAGE,3.0,EDUCATION,A,10000,6.03,0.16,N,9,0
28029,23,24000,RENT,2.0,MEDICAL,B,5500,10.99,0.23,N,2,0
28030,23,69000,RENT,7.0,DEBTCONSOLIDATION,D,4000,16.32,0.06,Y,2,1
28031,30,110000,RENT,14.0,DEBTCONSOLIDATION,C,6000,13.92,0.05,N,7,0
28032,34,57450,MORTGAGE,17.0,VENTURE,A,10200,7.49,0.18,N,8,0
28033,31,54000,MORTGAGE,7.0,VENTURE,C,1400,14.27,0.03,N,9,1
28034,25,55000,OWN,9.0,EDUCATION,A,10000,8.94,0.18,N,4,0
28035,25,41000,MORTGAGE,0.0,PERSONAL,D,9000,16.77,0.22,Y,2,0
28036,40,61500,MORTGAGE,5.0,HOMEIMPROVEMENT,B,6000,11.48,0.1,N,13,0
28037,24,70000,MORTGAGE,8.0,EDUCATION,C,10000,13.99,0.14,Y,3,0
28038,26,54000,MORTGAGE,3.0,EDUCATION,A,5000,7.49,0.09,N,4,0
28039,27,100000,MORTGAGE,11.0,DEBTCONSOLIDATION,A,6000,6.62,0.06,N,10,0
28040,25,38599,RENT,3.0,MEDICAL,B,12000,10.38,0.31,N,2,1
28041,23,38004,RENT,5.0,EDUCATION,A,5000,7.88,0.13,N,4,0
28042,30,95000,MORTGAGE,5.0,HOMEIMPROVEMENT,A,8000,8.59,0.08,N,7,0
28043,27,65000,RENT,3.0,DEBTCONSOLIDATION,B,10000,9.63,0.15,N,6,0
28044,28,60000,RENT,12.0,HOMEIMPROVEMENT,A,10000,9.32,0.17,N,8,0
28045,23,75000,OWN,4.0,VENTURE,A,6000,7.51,0.08,N,2,0
28046,27,25000,MORTGAGE,2.0,PERSONAL,D,4750,16.07,0.19,Y,9,0
28047,25,39000,MORTGAGE,9.0,PERSONAL,C,7500,11.34,0.19,N,2,1
28048,31,70000,MORTGAGE,9.0,MEDICAL,A,15000,8.49,0.21,N,5,0
28049,22,40000,RENT,1.0,EDUCATION,A,12000,6.99,0.3,N,2,0
28050,24,40000,RENT,4.0,MEDICAL,A,5000,5.79,0.13,N,3,0
28051,30,110000,MORTGAGE,14.0,PERSONAL,C,16000,11.78,0.15,Y,5,0
28052,24,85000,MORTGAGE,5.0,VENTURE,B,8000,10.0,0.09,N,2,0
28053,49,45300,OWN,0.0,PERSONAL,D,9600,15.62,0.21,N,12,0
28054,23,65000,RENT,7.0,EDUCATION,D,20000,15.65,0.31,Y,3,1
28055,23,63000,RENT,6.0,EDUCATION,B,5000,10.74,0.08,N,3,0
28056,25,40000,MORTGAGE,3.0,VENTURE,B,2400,11.49,0.06,N,2,0
28057,24,30000,RENT,2.0,VENTURE,B,8000,12.69,0.27,N,2,0
28058,33,33996,MORTGAGE,0.0,VENTURE,C,5000,13.16,0.15,N,9,0
28059,24,148350,RENT,5.0,EDUCATION,A,5000,8.49,0.03,N,2,0
28060,23,90000,MORTGAGE,5.0,EDUCATION,D,15000,14.61,0.17,Y,3,0
28061,24,65000,MORTGAGE,8.0,VENTURE,B,5000,11.71,0.08,N,2,0
28062,25,135000,RENT,3.0,PERSONAL,B,10000,10.25,0.07,N,4,0
28063,30,96000,MORTGAGE,13.0,DEBTCONSOLIDATION,B,4000,11.11,0.04,N,8,0
28064,33,100000,MORTGAGE,6.0,VENTURE,B,5000,11.26,0.05,N,5,0
28065,25,62900,RENT,3.0,MEDICAL,D,9000,15.65,0.13,Y,3,1
28066,24,55000,RENT,6.0,DEBTCONSOLIDATION,A,5000,7.49,0.09,N,3,0
28067,23,90000,MORTGAGE,5.0,VENTURE,B,8000,11.11,0.09,N,2,0
28068,24,80000,MORTGAGE,8.0,HOMEIMPROVEMENT,B,6000,10.99,0.07,N,3,0
28069,29,32000,MORTGAGE,9.0,VENTURE,C,7000,14.35,0.22,N,10,0
28070,23,36000,MORTGAGE,5.0,PERSONAL,A,7300,6.17,0.2,N,2,0
28071,35,48000,RENT,1.0,HOMEIMPROVEMENT,C,4750,13.43,0.1,Y,9,1
28072,40,90000,MORTGAGE,3.0,HOMEIMPROVEMENT,B,35000,12.42,0.39,N,14,0
28073,27,35000,RENT,2.0,PERSONAL,A,8575,6.99,0.24,N,6,0
28074,31,54996,RENT,0.0,PERSONAL,B,5000,10.39,0.09,N,9,0
28075,38,80000,MORTGAGE,0.0,DEBTCONSOLIDATION,B,10000,12.21,0.13,N,14,0
28076,33,100000,RENT,11.0,EDUCATION,A,7000,7.9,0.07,N,6,0
28077,31,50000,MORTGAGE,0.0,VENTURE,A,12000,9.32,0.24,N,10,0
28078,23,60000,MORTGAGE,5.0,EDUCATION,D,8000,14.84,0.13,Y,2,0
28079,28,69000,MORTGAGE,4.0,DEBTCONSOLIDATION,B,7800,10.01,0.11,N,8,1
28080,36,54996,RENT,1.0,HOMEIMPROVEMENT,B,17000,10.37,0.3,N,13,0
28081,25,60000,MORTGAGE,9.0,MEDICAL,B,10800,10.99,0.18,N,4,0
28082,21,70000,RENT,5.0,EDUCATION,A,10000,7.29,0.14,N,3,0
28083,33,60000,RENT,2.0,HOMEIMPROVEMENT,C,6500,14.17,0.11,N,6,0
28084,43,65000,MORTGAGE,2.0,VENTURE,A,7000,7.88,0.11,N,13,0
28085,39,141000,MORTGAGE,9.0,EDUCATION,B,4000,10.08,0.03,N,13,0
28086,21,48000,RENT,2.0,PERSONAL,B,10000,12.18,0.21,N,3,0
28087,23,112000,RENT,7.0,EDUCATION,C,5000,14.27,0.04,Y,2,0
28088,37,60000,RENT,2.0,EDUCATION,B,9000,11.99,0.15,N,15,0
28089,33,14400,OWN,0.0,MEDICAL,B,2100,11.14,0.15,N,6,0
28090,22,100000,OWN,2.0,PERSONAL,C,7000,12.68,0.07,Y,4,0
28091,28,129996,MORTGAGE,3.0,VENTURE,A,5000,7.29,0.04,N,10,0
28092,23,33996,OWN,7.0,VENTURE,D,6000,14.96,0.18,Y,2,0
28093,22,51996,RENT,5.0,VENTURE,B,7000,10.75,0.13,N,2,0
28094,22,24000,RENT,0.0,HOMEIMPROVEMENT,A,10000,7.74,0.42,N,2,1
28095,24,75000,MORTGAGE,2.0,VENTURE,B,8000,10.99,0.11,N,2,0
28096,36,40000,MORTGAGE,2.0,MEDICAL,A,7000,7.74,0.17,N,14,0
28097,32,81500,RENT,4.0,VENTURE,B,14400,10.65,0.18,N,5,0
28098,25,59000,MORTGAGE,5.0,DEBTCONSOLIDATION,A,5000,7.14,0.08,N,3,0
28099,28,54000,RENT,1.0,HOMEIMPROVEMENT,E,12000,17.44,0.22,Y,6,1
28100,23,65000,MORTGAGE,7.0,EDUCATION,A,16000,7.49,0.25,N,2,0
28101,64,26400,RENT,3.0,DEBTCONSOLIDATION,D,2500,15.99,0.09,Y,22,1
28102,27,65000,RENT,5.0,EDUCATION,A,5000,7.29,0.08,N,10,0
28103,24,51000,OWN,6.0,HOMEIMPROVEMENT,A,8000,7.88,0.16,N,3,0
28104,23,34000,RENT,1.0,VENTURE,D,12000,15.65,0.35,N,2,1
28105,22,71400,RENT,2.0,PERSONAL,C,10000,12.61,0.13,N,4,1
28106,27,70000,RENT,0.0,MEDICAL,A,10000,8.59,0.14,N,8,0
28107,22,48000,RENT,6.0,EDUCATION,C,7200,13.11,0.15,Y,2,0
28108,22,38000,RENT,1.0,EDUCATION,B,12000,10.99,0.32,N,4,1
28109,24,79500,MORTGAGE,8.0,PERSONAL,A,15000,7.51,0.2,N,4,0
28110,23,55000,RENT,7.0,PERSONAL,A,5000,7.14,0.09,N,4,0
28111,24,78792,MORTGAGE,6.0,DEBTCONSOLIDATION,D,20000,14.59,0.25,Y,3,1
28112,24,45200,RENT,9.0,EDUCATION,D,5000,16.77,0.11,N,3,1
28113,23,30000,RENT,5.0,PERSONAL,A,5000,7.9,0.17,N,2,0
28114,43,65000,RENT,3.0,DEBTCONSOLIDATION,C,7000,13.99,0.11,Y,14,0
28115,21,30000,RENT,2.0,VENTURE,E,15000,16.7,0.5,Y,2,1
28116,24,69000,MORTGAGE,1.0,DEBTCONSOLIDATION,D,16000,14.96,0.23,N,2,1
28117,29,55000,MORTGAGE,14.0,VENTURE,B,9000,10.0,0.16,N,7,0
28118,38,37484,MORTGAGE,8.0,DEBTCONSOLIDATION,A,10750,5.42,0.27,N,12,0
28119,39,95000,MORTGAGE,0.0,PERSONAL,B,18000,11.11,0.19,N,13,0
28120,23,33000,RENT,2.0,VENTURE,B,3000,11.12,0.09,N,3,0
28121,24,46000,RENT,5.0,VENTURE,A,12000,7.9,0.26,N,3,0
28122,28,58000,MORTGAGE,7.0,HOMEIMPROVEMENT,A,3000,7.9,0.05,N,9,0
28123,23,65000,MORTGAGE,0.0,DEBTCONSOLIDATION,A,4000,5.42,0.06,N,4,0
28124,28,90000,MORTGAGE,4.0,MEDICAL,B,6000,11.71,0.07,N,10,0
28125,28,42328,RENT,5.0,MEDICAL,A,6000,8.63,0.14,N,12,0
28126,26,68000,MORTGAGE,7.0,PERSONAL,B,16000,10.0,0.24,N,4,0
28127,34,48000,MORTGAGE,0.0,DEBTCONSOLIDATION,A,4000,7.68,0.08,N,7,0
28128,23,38000,MORTGAGE,5.0,DEBTCONSOLIDATION,B,4000,11.71,0.11,N,4,0
28129,25,120000,MORTGAGE,4.0,MEDICAL,A,5000,8.9,0.04,N,4,0
28130,24,150000,MORTGAGE,8.0,EDUCATION,A,6000,5.79,0.04,N,2,0
28131,23,78000,RENT,7.0,DEBTCONSOLIDATION,D,25000,16.77,0.32,Y,4,1
28132,39,78000,MORTGAGE,2.0,MEDICAL,B,15000,11.14,0.19,N,11,0
28133,24,54940,MORTGAGE,8.0,DEBTCONSOLIDATION,A,3000,6.03,0.05,N,2,0
28134,26,67500,RENT,0.0,VENTURE,B,8000,10.65,0.12,N,2,0
28135,30,42000,RENT,6.0,MEDICAL,B,6500,10.59,0.15,N,9,0
28136,27,40000,RENT,1.0,DEBTCONSOLIDATION,B,3300,9.91,0.08,N,10,0
28137,28,49000,MORTGAGE,12.0,EDUCATION,A,7000,7.49,0.14,N,7,0
28138,22,50000,MORTGAGE,0.0,PERSONAL,A,10000,6.03,0.2,N,3,0
28139,22,45000,MORTGAGE,6.0,VENTURE,C,6000,13.49,0.13,N,3,0
28140,40,60000,RENT,4.0,HOMEIMPROVEMENT,D,15000,14.96,0.25,Y,16,0
28141,26,116004,MORTGAGE,1.0,MEDICAL,A,14000,8.59,0.12,N,4,0
28142,26,58617,OWN,10.0,MEDICAL,B,4750,11.36,0.09,N,3,1
28143,25,90000,RENT,3.0,PERSONAL,C,20000,13.22,0.22,Y,2,0
28144,27,60000,RENT,4.0,PERSONAL,B,3000,11.49,0.05,N,6,0
28145,22,20000,RENT,5.0,EDUCATION,B,4500,9.99,0.22,N,2,0
28146,28,48000,RENT,2.0,VENTURE,D,14000,15.33,0.29,N,10,1
28147,22,40000,RENT,2.0,VENTURE,B,4000,11.49,0.1,N,2,0
28148,31,110000,MORTGAGE,1.0,PERSONAL,A,6000,7.14,0.05,N,7,0
28149,60,44004,RENT,2.0,MEDICAL,D,5000,16.0,0.11,N,27,1
28150,26,31200,RENT,4.0,PERSONAL,A,8325,8.9,0.27,N,3,0
28151,25,35000,MORTGAGE,2.0,PERSONAL,B,2400,9.63,0.07,N,4,0
28152,22,47580,MORTGAGE,7.0,DEBTCONSOLIDATION,B,3500,10.65,0.07,N,2,0
28153,22,64000,MORTGAGE,6.0,PERSONAL,A,14400,7.29,0.23,N,3,0
28154,24,35000,RENT,2.0,MEDICAL,A,8000,7.29,0.23,N,3,0
28155,24,55000,RENT,4.0,VENTURE,B,20000,10.38,0.36,N,2,1
28156,28,50400,MORTGAGE,9.0,EDUCATION,B,22000,9.91,0.43,N,10,0
28157,29,50000,RENT,3.0,DEBTCONSOLIDATION,C,6000,12.99,0.12,N,9,0
28158,43,60000,RENT,0.0,HOMEIMPROVEMENT,B,5000,9.64,0.08,N,13,0
28159,27,60000,OWN,11.0,HOMEIMPROVEMENT,A,3000,5.42,0.05,N,7,0
28160,29,33000,RENT,4.0,MEDICAL,A,15000,8.9,0.44,N,5,1
28161,22,48000,RENT,3.0,DEBTCONSOLIDATION,B,2800,10.65,0.06,N,3,1
28162,24,40000,RENT,0.0,MEDICAL,A,9200,7.49,0.23,N,3,0
28163,27,77700,RENT,0.0,HOMEIMPROVEMENT,B,14000,9.99,0.18,N,6,0
28164,27,20000,RENT,0.0,MEDICAL,A,2000,7.4,0.1,N,5,0
28165,21,21600,RENT,0.0,DEBTCONSOLIDATION,C,4000,13.49,0.19,N,2,0
28166,23,96000,MORTGAGE,7.0,DEBTCONSOLIDATION,D,10000,15.99,0.1,N,3,1
28167,29,52000,MORTGAGE,0.0,VENTURE,B,16000,12.18,0.31,N,7,0
28168,24,62004,RENT,1.0,PERSONAL,A,15000,7.9,0.24,N,2,0
28169,28,90000,MORTGAGE,9.0,EDUCATION,C,6000,12.53,0.07,N,5,0
28170,23,50000,MORTGAGE,7.0,VENTURE,A,6000,6.62,0.12,N,4,0
28171,37,120000,RENT,3.0,PERSONAL,A,12000,7.88,0.1,N,16,0
28172,23,62400,RENT,7.0,VENTURE,C,2400,13.49,0.04,N,2,0
28173,31,60000,MORTGAGE,2.0,MEDICAL,A,10000,7.88,0.17,N,7,0
28174,23,56000,RENT,7.0,EDUCATION,B,8000,10.99,0.14,N,4,0
28175,29,60000,MORTGAGE,13.0,PERSONAL,A,7000,5.99,0.12,N,10,0
28176,37,91800,RENT,21.0,MEDICAL,B,15000,10.65,0.14,N,3,1
28177,25,30000,RENT,4.0,MEDICAL,C,15000,13.22,0.5,Y,3,1
28178,24,69996,MORTGAGE,0.0,HOMEIMPROVEMENT,B,5000,12.21,0.07,N,2,0
28179,47,65000,RENT,3.0,MEDICAL,B,4500,11.99,0.07,N,13,0
28180,27,76875,MORTGAGE,8.0,EDUCATION,B,13750,10.25,0.18,N,7,0
28181,21,21000,RENT,5.0,EDUCATION,B,5000,12.69,0.24,N,3,0
28182,45,58000,MORTGAGE,13.0,MEDICAL,E,14000,16.4,0.2,N,11,1
28183,27,39000,RENT,3.0,PERSONAL,A,5000,6.99,0.13,N,9,0
28184,33,80000,MORTGAGE,2.0,HOMEIMPROVEMENT,B,1600,10.99,0.02,N,5,0
28185,22,33600,MORTGAGE,6.0,EDUCATION,B,2500,11.83,0.07,N,3,0
28186,23,69000,MORTGAGE,5.0,PERSONAL,A,15000,6.62,0.22,N,3,0
28187,27,80689,RENT,7.0,DEBTCONSOLIDATION,C,16000,12.72,0.2,N,5,0
28188,23,85000,MORTGAGE,7.0,MEDICAL,B,4500,11.71,0.05,N,3,0
28189,22,58000,RENT,3.0,VENTURE,A,6500,8.9,0.11,N,2,0
28190,25,95000,MORTGAGE,0.0,EDUCATION,B,5000,9.88,0.05,N,3,0
28191,26,52000,MORTGAGE,5.0,EDUCATION,A,7000,7.49,0.13,N,4,0
28192,29,84200,MORTGAGE,4.0,HOMEIMPROVEMENT,C,24500,12.87,0.29,N,9,0
28193,22,50000,MORTGAGE,6.0,DEBTCONSOLIDATION,B,10200,10.99,0.2,N,2,0
28194,22,39000,RENT,6.0,MEDICAL,A,10000,8.94,0.26,N,3,0
28195,41,124896,MORTGAGE,2.0,MEDICAL,A,14400,7.66,0.11,N,13,0
28196,31,50000,MORTGAGE,6.0,EDUCATION,A,5000,5.99,0.1,N,5,0
28197,22,56004,RENT,1.0,EDUCATION,B,14000,11.26,0.25,N,2,0
28198,26,45000,RENT,4.0,PERSONAL,A,10000,7.51,0.22,N,3,0
28199,29,75000,MORTGAGE,1.0,DEBTCONSOLIDATION,A,12000,5.42,0.16,N,8,0
28200,25,45600,MORTGAGE,7.0,EDUCATION,A,3000,7.66,0.06,N,2,0
28201,44,45600,MORTGAGE,5.0,VENTURE,C,15000,12.84,0.33,N,11,0
28202,26,64000,MORTGAGE,7.0,MEDICAL,B,18000,10.25,0.28,N,3,0
28203,21,65004,MORTGAGE,5.0,VENTURE,A,4800,7.14,0.07,N,2,0
28204,28,50000,MORTGAGE,12.0,PERSONAL,A,1300,6.03,0.03,N,9,0
28205,30,60000,MORTGAGE,14.0,VENTURE,A,12000,7.88,0.2,N,5,0
28206,25,58800,MORTGAGE,9.0,MEDICAL,F,15000,18.17,0.25,Y,4,1
28207,24,61000,MORTGAGE,8.0,HOMEIMPROVEMENT,C,4000,13.43,0.06,N,2,0
28208,25,72500,RENT,9.0,MEDICAL,A,3000,5.42,0.04,N,2,0
28209,26,49000,RENT,4.0,HOMEIMPROVEMENT,D,5500,15.21,0.11,Y,2,1
28210,37,64000,MORTGAGE,21.0,EDUCATION,A,6600,5.42,0.1,N,11,0
28211,26,71500,MORTGAGE,4.0,MEDICAL,B,10000,9.76,0.14,N,3,0
28212,31,65000,MORTGAGE,3.0,MEDICAL,A,3000,7.51,0.05,N,8,0
28213,35,110000,RENT,0.0,HOMEIMPROVEMENT,A,15600,8.9,0.14,N,8,0
28214,23,72000,OWN,7.0,EDUCATION,C,8000,13.61,0.11,N,4,0
28215,22,35000,MORTGAGE,6.0,EDUCATION,A,5000,9.63,0.14,N,2,0
28216,29,72000,MORTGAGE,4.0,EDUCATION,B,8000,10.95,0.11,N,5,0
28217,26,37200,RENT,1.0,EDUCATION,A,1000,7.74,0.03,N,3,0
28218,21,33996,RENT,5.0,EDUCATION,C,5000,13.98,0.15,N,2,1
28219,24,60000,RENT,8.0,VENTURE,A,10000,5.79,0.17,N,4,0
28220,24,40000,RENT,1.0,EDUCATION,A,12000,8.94,0.3,N,3,0
28221,23,95000,MORTGAGE,7.0,PERSONAL,A,5000,7.29,0.05,N,4,0
28222,39,85000,MORTGAGE,0.0,HOMEIMPROVEMENT,A,15000,6.03,0.18,N,13,0
28223,34,150000,MORTGAGE,9.0,DEBTCONSOLIDATION,A,18000,7.9,0.12,N,10,0
28224,25,36996,MORTGAGE,2.0,EDUCATION,C,12450,12.98,0.34,N,4,0
28225,28,40000,RENT,4.0,MEDICAL,A,8000,7.49,0.2,N,8,0
28226,56,100000,MORTGAGE,7.0,PERSONAL,A,10750,7.51,0.11,N,20,0
28227,26,60000,RENT,3.0,PERSONAL,B,2400,11.49,0.04,N,2,0
28228,37,62400,MORTGAGE,7.0,DEBTCONSOLIDATION,B,15000,10.38,0.24,N,14,0
28229,28,63000,OWN,2.0,PERSONAL,B,10800,9.51,0.17,N,6,0
28230,27,51356,RENT,3.0,PERSONAL,A,6000,8.59,0.12,N,9,0
28231,29,36000,MORTGAGE,1.0,VENTURE,A,3000,6.76,0.08,N,5,0
28232,38,32400,MORTGAGE,1.0,MEDICAL,B,8400,10.0,0.25,N,11,0
28233,31,75000,MORTGAGE,5.0,PERSONAL,B,18000,10.59,0.24,N,8,0
28234,44,33650,RENT,2.0,EDUCATION,D,10000,17.49,0.3,N,15,1
28235,23,32000,RENT,4.0,MEDICAL,A,3000,6.99,0.09,N,4,0
28236,29,54000,MORTGAGE,3.0,HOMEIMPROVEMENT,B,5000,10.74,0.09,N,6,0
28237,24,44000,MORTGAGE,0.0,VENTURE,B,13000,10.99,0.3,N,3,0
28238,31,66000,MORTGAGE,6.0,EDUCATION,B,7500,11.71,0.12,N,5,1
28239,27,80000,MORTGAGE,2.0,DEBTCONSOLIDATION,A,2000,5.99,0.03,N,6,0
28240,24,105000,MORTGAGE,8.0,EDUCATION,C,7000,14.79,0.07,Y,3,0
28241,29,33600,MORTGAGE,3.0,VENTURE,B,10000,9.88,0.3,N,6,0
28242,28,50000,MORTGAGE,12.0,DEBTCONSOLIDATION,B,10000,10.99,0.2,N,8,0
28243,24,33000,RENT,2.0,DEBTCONSOLIDATION,B,2000,10.99,0.06,N,2,0
28244,23,50000,MORTGAGE,3.0,EDUCATION,A,10000,6.03,0.2,N,2,0
28245,23,67500,RENT,7.0,DEBTCONSOLIDATION,B,5000,9.62,0.08,N,3,0
28246,24,50000,MORTGAGE,4.0,VENTURE,B,20000,10.37,0.4,N,3,0
28247,24,55000,RENT,0.0,EDUCATION,B,18000,10.99,0.33,N,4,1
28248,25,18000,RENT,3.0,PERSONAL,D,3000,16.29,0.17,N,2,1
28249,28,50000,RENT,12.0,EDUCATION,B,11500,12.42,0.23,N,7,0
28250,41,60000,RENT,1.0,HOMEIMPROVEMENT,C,5000,12.73,0.08,Y,15,0
28251,22,205000,MORTGAGE,4.0,PERSONAL,A,6500,7.14,0.03,N,2,0
28252,39,120000,RENT,3.0,HOMEIMPROVEMENT,B,8000,10.74,0.07,N,11,0
28253,28,36000,RENT,3.0,DEBTCONSOLIDATION,B,4000,11.49,0.11,N,7,0
28254,38,60000,RENT,5.0,VENTURE,C,8000,13.48,0.13,N,12,0
28255,36,42000,OWN,6.0,VENTURE,A,11200,6.62,0.27,N,13,0
28256,43,65600,RENT,1.0,HOMEIMPROVEMENT,E,15000,16.35,0.21,N,16,1
28257,24,92000,RENT,5.0,HOMEIMPROVEMENT,B,10000,11.99,0.11,N,4,0
28258,22,52000,RENT,5.0,EDUCATION,B,4600,11.86,0.09,N,3,0
28259,31,60000,MORTGAGE,4.0,EDUCATION,B,2000,12.42,0.04,N,10,0
28260,22,32000,RENT,3.0,DEBTCONSOLIDATION,A,1200,7.68,0.04,N,3,0
28261,29,75000,MORTGAGE,4.0,MEDICAL,B,20000,11.83,0.27,N,7,0
28262,24,27996,MORTGAGE,4.0,PERSONAL,D,5000,15.21,0.18,Y,2,1
28263,31,95000,RENT,0.0,EDUCATION,C,14000,15.96,0.15,N,10,0
28264,24,130000,MORTGAGE,5.0,EDUCATION,A,20000,6.62,0.15,N,4,0
28265,22,56000,MORTGAGE,6.0,EDUCATION,A,13000,7.88,0.23,N,3,0
28266,27,35000,OWN,11.0,MEDICAL,A,11000,7.49,0.31,N,5,0
28267,29,40000,RENT,2.0,PERSONAL,B,2500,11.14,0.06,N,9,0
28268,22,58608,RENT,4.0,VENTURE,D,14400,14.09,0.25,N,3,0
28269,24,60000,RENT,8.0,MEDICAL,B,5000,11.71,0.08,N,4,0
28270,22,54000,RENT,1.0,DEBTCONSOLIDATION,D,7000,16.02,0.13,Y,2,1
28271,21,44000,RENT,5.0,EDUCATION,C,7500,13.47,0.17,Y,4,0
28272,35,51000,OWN,3.0,VENTURE,C,16000,13.57,0.33,N,6,0
28273,34,90000,MORTGAGE,13.0,DEBTCONSOLIDATION,A,20000,6.54,0.22,N,7,0
28274,21,45000,RENT,6.0,PERSONAL,C,7000,13.49,0.16,Y,2,0
28275,24,31200,RENT,5.0,MEDICAL,B,6000,12.69,0.19,N,4,0
28276,25,62496,RENT,1.0,HOMEIMPROVEMENT,F,6000,16.82,0.1,Y,3,1
28277,22,42000,MORTGAGE,4.0,PERSONAL,B,4800,11.99,0.11,N,3,0
28278,27,70000,RENT,0.0,PERSONAL,B,20000,11.86,0.29,N,8,0
28279,29,84000,MORTGAGE,11.0,EDUCATION,A,25000,8.49,0.3,N,8,0
28280,27,55000,OWN,2.0,PERSONAL,B,8000,11.36,0.15,N,7,0
28281,22,37000,RENT,6.0,VENTURE,B,12000,11.48,0.32,N,2,1
28282,30,50000,OWN,4.0,VENTURE,B,3000,10.99,0.06,N,8,0
28283,22,25000,RENT,1.0,MEDICAL,C,6575,13.16,0.25,N,4,1
28284,30,60000,MORTGAGE,11.0,EDUCATION,C,12000,12.23,0.2,Y,5,0
28285,29,38667,RENT,9.0,DEBTCONSOLIDATION,C,12000,13.23,0.32,N,9,1
28286,23,36000,RENT,4.0,EDUCATION,C,6000,13.22,0.17,N,4,0
28287,27,60000,RENT,2.0,EDUCATION,B,12000,10.37,0.2,N,7,0
28288,24,50000,RENT,8.0,PERSONAL,A,4000,7.49,0.08,N,2,0
28289,27,60000,RENT,11.0,HOMEIMPROVEMENT,B,2000,11.58,0.03,N,10,0
28290,24,60000,RENT,5.0,DEBTCONSOLIDATION,B,3500,11.99,0.06,N,2,0
28291,22,62500,MORTGAGE,2.0,VENTURE,B,12000,11.71,0.19,N,4,0
28292,27,150000,MORTGAGE,11.0,DEBTCONSOLIDATION,A,8000,6.03,0.05,N,5,0
28293,25,50000,OWN,3.0,EDUCATION,A,3600,6.03,0.07,N,2,0
28294,26,45000,MORTGAGE,2.0,PERSONAL,B,8000,10.99,0.18,N,2,0
28295,23,54000,RENT,3.0,EDUCATION,D,5000,15.31,0.09,Y,3,0
28296,24,50000,RENT,7.0,MEDICAL,B,4000,11.49,0.08,N,2,0
28297,25,57000,RENT,0.0,PERSONAL,B,6000,9.25,0.11,N,2,0
28298,22,85000,MORTGAGE,6.0,MEDICAL,A,4000,7.14,0.05,N,3,0
28299,31,82500,RENT,1.0,HOMEIMPROVEMENT,A,2400,8.49,0.03,N,6,0
28300,26,48000,MORTGAGE,11.0,VENTURE,A,5000,5.42,0.1,N,2,0
28301,28,50000,MORTGAGE,4.0,PERSONAL,A,9000,7.14,0.18,N,7,0
28302,23,49000,RENT,1.0,MEDICAL,D,4100,14.91,0.09,Y,2,1
28303,33,25000,RENT,3.0,MEDICAL,B,8500,11.86,0.34,N,6,1
28304,21,83004,MORTGAGE,5.0,DEBTCONSOLIDATION,A,10000,7.88,0.12,N,3,0
28305,25,24000,RENT,2.0,PERSONAL,B,1500,12.18,0.06,N,2,0
28306,22,132650,RENT,1.0,EDUCATION,B,20000,11.89,0.15,N,4,0
28307,40,36900,RENT,0.0,EDUCATION,B,1500,10.65,0.04,N,13,0
28308,36,45000,MORTGAGE,3.0,MEDICAL,A,9000,6.62,0.2,N,14,0
28309,37,46000,RENT,1.0,EDUCATION,D,8000,15.33,0.17,N,11,1
28310,24,68000,MORTGAGE,8.0,MEDICAL,A,6000,7.29,0.09,N,4,0
28311,25,55000,MORTGAGE,6.0,MEDICAL,A,7000,6.03,0.13,N,2,0
28312,38,41000,RENT,0.0,DEBTCONSOLIDATION,A,1000,7.29,0.03,N,12,0
28313,23,85000,RENT,4.0,VENTURE,C,10000,13.98,0.12,Y,4,0
28314,39,110000,MORTGAGE,19.0,HOMEIMPROVEMENT,B,12000,11.71,0.11,N,14,0
28315,23,33000,RENT,5.0,EDUCATION,D,9000,14.54,0.27,N,4,0
28316,23,48000,RENT,1.0,VENTURE,B,5000,8.88,0.1,N,2,0
28317,33,50000,RENT,4.0,PERSONAL,A,15000,6.03,0.3,N,8,0
28318,30,58800,MORTGAGE,12.0,EDUCATION,B,17000,11.49,0.29,N,8,1
28319,23,29000,RENT,1.0,VENTURE,D,4000,14.09,0.14,Y,2,1
28320,26,60000,RENT,5.0,MEDICAL,B,5000,11.49,0.08,N,3,0
28321,24,50000,RENT,3.0,EDUCATION,A,20000,6.54,0.4,N,4,0
28322,22,50000,RENT,1.0,DEBTCONSOLIDATION,B,7500,10.59,0.15,N,2,0
28323,26,25596,RENT,0.0,PERSONAL,B,3000,9.99,0.12,N,4,0
28324,22,32000,RENT,6.0,DEBTCONSOLIDATION,D,5000,14.96,0.16,Y,2,1
28325,27,50000,RENT,4.0,PERSONAL,A,15000,7.9,0.3,N,6,0
28326,31,60000,RENT,11.0,DEBTCONSOLIDATION,B,20000,11.48,0.33,N,9,1
28327,31,76000,RENT,2.0,HOMEIMPROVEMENT,B,14000,10.65,0.18,N,5,0
28328,25,410000,RENT,3.0,EDUCATION,B,8875,10.36,0.23,N,3,0
28329,25,50000,MORTGAGE,3.0,EDUCATION,A,10000,7.49,0.2,N,2,0
28330,25,37000,RENT,1.0,DEBTCONSOLIDATION,B,8000,10.51,0.22,N,4,0
28331,31,75000,MORTGAGE,5.0,HOMEIMPROVEMENT,B,10000,10.99,0.13,N,5,0
28332,28,48000,RENT,2.0,PERSONAL,A,9000,8.9,0.19,N,8,0
28333,25,42000,RENT,9.0,DEBTCONSOLIDATION,C,4800,12.99,0.11,N,2,0
28334,23,100000,RENT,4.0,EDUCATION,C,1200,13.57,0.01,Y,4,0
28335,22,30000,RENT,1.0,EDUCATION,B,6000,11.49,0.2,N,3,0
28336,22,30000,RENT,0.0,EDUCATION,A,3000,7.29,0.1,N,3,0
28337,24,55000,MORTGAGE,7.0,VENTURE,A,12000,6.54,0.22,N,3,0
28338,31,50000,MORTGAGE,5.0,HOMEIMPROVEMENT,A,3000,7.14,0.06,N,9,0
28339,22,28800,RENT,4.0,DEBTCONSOLIDATION,D,8000,16.49,0.28,Y,3,1
28340,38,80000,MORTGAGE,5.0,VENTURE,A,9600,6.62,0.12,N,14,0
28341,24,90000,RENT,8.0,PERSONAL,B,12000,12.18,0.13,N,3,0
28342,24,65000,OWN,8.0,MEDICAL,A,10000,7.51,0.15,N,4,0
28343,24,45500,RENT,0.0,MEDICAL,C,10000,13.49,0.22,N,4,0
28344,28,63000,MORTGAGE,2.0,EDUCATION,B,10000,10.59,0.16,N,8,0
28345,21,40000,RENT,5.0,PERSONAL,B,4200,10.74,0.1,N,2,0
28346,23,27000,RENT,7.0,MEDICAL,B,6000,10.65,0.22,N,3,0
28347,22,37000,RENT,2.0,PERSONAL,B,6400,9.25,0.17,N,3,1
28348,25,70000,MORTGAGE,9.0,VENTURE,A,2500,6.39,0.04,N,4,0
28349,23,39480,MORTGAGE,7.0,VENTURE,A,5500,7.14,0.14,N,2,0
28350,44,58000,MORTGAGE,1.0,DEBTCONSOLIDATION,A,6400,7.51,0.11,N,15,0
28351,22,78000,MORTGAGE,6.0,PERSONAL,A,17000,6.17,0.22,N,4,0
28352,43,70000,MORTGAGE,2.0,PERSONAL,B,4800,11.71,0.07,N,13,0
28353,30,110000,RENT,2.0,MEDICAL,B,12000,10.99,0.11,N,10,0
28354,30,250000,MORTGAGE,8.0,HOMEIMPROVEMENT,C,15000,15.96,0.06,N,2,0
28355,44,55000,MORTGAGE,5.0,DEBTCONSOLIDATION,A,6000,5.42,0.11,N,17,0
28356,23,24000,RENT,0.0,MEDICAL,B,1800,11.11,0.07,N,4,1
28357,21,25200,RENT,1.0,EDUCATION,A,6000,7.9,0.23,N,4,0
28358,28,60000,RENT,4.0,PERSONAL,B,10000,9.91,0.17,N,6,0
28359,31,43000,MORTGAGE,4.0,VENTURE,A,11000,6.91,0.26,N,7,0
28360,22,70000,RENT,5.0,EDUCATION,B,18000,11.89,0.26,N,3,0
28361,41,63000,RENT,4.0,DEBTCONSOLIDATION,B,4000,8.88,0.06,N,16,0
28362,37,45000,RENT,4.0,PERSONAL,B,4000,9.76,0.09,N,13,1
28363,25,42000,RENT,2.0,MEDICAL,C,6000,13.61,0.14,N,4,0
28364,26,80000,RENT,3.0,EDUCATION,B,5000,10.95,0.06,N,4,0
28365,26,30000,RENT,5.0,EDUCATION,B,2000,11.49,0.07,N,3,0
28366,22,82000,MORTGAGE,1.0,PERSONAL,A,6000,7.51,0.07,N,3,0
28367,24,40000,RENT,2.0,MEDICAL,B,12000,10.62,0.3,N,3,0
28368,32,30000,RENT,3.0,MEDICAL,B,10000,10.99,0.33,N,9,1
28369,23,54400,RENT,7.0,MEDICAL,D,20000,14.84,0.34,N,2,1
28370,24,54000,RENT,2.0,MEDICAL,D,17000,14.96,0.31,Y,3,1
28371,26,54000,RENT,0.0,VENTURE,A,5000,5.42,0.09,N,3,0
28372,25,43200,MORTGAGE,9.0,VENTURE,E,15000,15.95,0.35,N,4,0
28373,51,60000,RENT,0.0,PERSONAL,A,6000,6.62,0.1,N,20,0
28374,31,72000,RENT,5.0,HOMEIMPROVEMENT,C,10000,13.49,0.14,N,10,0
28375,33,50648,RENT,5.0,MEDICAL,B,8000,12.69,0.16,N,7,0
28376,25,90000,RENT,5.0,PERSONAL,B,12000,11.99,0.13,N,3,0
28377,22,62500,RENT,4.0,DEBTCONSOLIDATION,D,4000,15.59,0.06,Y,3,1
28378,33,110000,RENT,0.0,VENTURE,B,12000,10.74,0.11,N,10,0
28379,41,31200,RENT,9.0,MEDICAL,B,13500,11.99,0.45,N,12,1
28380,25,60000,MORTGAGE,4.0,EDUCATION,C,3500,13.85,0.06,Y,4,0
28381,22,12000,RENT,0.0,EDUCATION,B,1775,12.72,0.14,N,4,0
28382,42,65984,RENT,2.0,MEDICAL,D,27050,13.24,0.37,N,12,1
28383,22,40000,MORTGAGE,5.0,MEDICAL,A,5000,6.91,0.13,N,2,0
28384,25,98004,MORTGAGE,0.0,PERSONAL,A,5000,8.49,0.05,N,2,0
28385,27,38400,RENT,9.0,EDUCATION,A,3500,9.32,0.09,N,10,0
28386,28,115000,MORTGAGE,5.0,EDUCATION,A,12000,7.29,0.1,N,6,0
28387,26,56000,RENT,4.0,EDUCATION,C,10000,12.23,0.18,N,3,0
28388,28,38000,RENT,2.0,EDUCATION,A,12000,5.42,0.32,N,6,1
28389,26,50000,RENT,3.0,MEDICAL,B,5000,10.25,0.1,N,2,0
28390,22,69700,RENT,4.0,MEDICAL,D,11200,14.42,0.16,Y,2,1
28391,26,90000,MORTGAGE,3.0,EDUCATION,C,4000,13.49,0.04,Y,2,0
28392,23,50000,MORTGAGE,1.0,VENTURE,A,6000,5.42,0.12,N,2,0
28393,29,40000,RENT,0.0,DEBTCONSOLIDATION,B,5000,10.99,0.13,N,7,0
28394,23,28800,RENT,0.0,VENTURE,B,4500,11.11,0.16,N,4,0
28395,23,70000,MORTGAGE,5.0,PERSONAL,A,5000,9.64,0.07,N,3,0
28396,23,38004,RENT,5.0,MEDICAL,C,10000,13.35,0.26,Y,4,0
28397,24,75000,MORTGAGE,8.0,HOMEIMPROVEMENT,B,15000,11.83,0.2,N,2,0
28398,31,24996,MORTGAGE,0.0,PERSONAL,B,5000,10.99,0.2,N,9,0
28399,25,60000,OWN,2.0,PERSONAL,D,21000,16.49,0.35,Y,3,0
28400,30,102000,MORTGAGE,12.0,MEDICAL,B,25000,10.99,0.25,N,10,0
28401,22,85000,MORTGAGE,6.0,EDUCATION,B,16000,10.99,0.19,N,4,0
28402,26,75000,MORTGAGE,2.0,PERSONAL,B,8000,12.21,0.11,N,3,0
28403,24,43000,MORTGAGE,8.0,PERSONAL,A,3000,6.39,0.07,N,3,0
28404,22,60000,RENT,6.0,PERSONAL,C,7000,13.49,0.12,N,3,0
28405,24,24000,RENT,0.0,MEDICAL,B,5000,10.75,0.21,N,4,0
28406,24,60000,MORTGAGE,4.0,HOMEIMPROVEMENT,D,13750,14.59,0.23,N,3,0
28407,24,60000,RENT,8.0,EDUCATION,C,5600,12.99,0.09,N,4,0
28408,37,70000,MORTGAGE,16.0,VENTURE,A,10000,6.03,0.14,N,15,0
28409,25,65000,RENT,9.0,EDUCATION,B,8500,11.71,0.13,N,4,0
28410,22,70000,MORTGAGE,5.0,EDUCATION,B,15000,11.26,0.21,N,4,0
28411,25,45000,MORTGAGE,7.0,DEBTCONSOLIDATION,A,4800,7.14,0.11,N,3,0
28412,27,60000,OWN,8.0,MEDICAL,B,5000,11.14,0.08,N,6,0
28413,25,62000,RENT,2.0,HOMEIMPROVEMENT,A,10000,8.59,0.16,N,3,0
28414,25,45000,RENT,4.0,MEDICAL,C,4000,14.35,0.09,Y,2,0
28415,26,35000,RENT,3.0,PERSONAL,A,10000,7.14,0.29,N,3,0
28416,22,30000,RENT,2.0,VENTURE,C,13000,13.11,0.43,Y,4,1
28417,24,85000,MORTGAGE,2.0,MEDICAL,A,15000,8.49,0.18,N,4,0
28418,23,39996,OWN,7.0,VENTURE,B,12000,10.99,0.3,N,4,0
28419,21,27024,RENT,2.0,VENTURE,A,5000,8.9,0.18,N,2,0
28420,50,48996,RENT,8.0,DEBTCONSOLIDATION,D,15000,14.83,0.31,N,15,1
28421,26,60000,MORTGAGE,5.0,PERSONAL,B,15000,10.62,0.25,N,2,0
28422,26,65454,MORTGAGE,2.0,PERSONAL,A,4600,9.63,0.07,N,3,0
28423,37,114000,RENT,0.0,HOMEIMPROVEMENT,E,19000,17.56,0.17,N,15,0
28424,25,100000,RENT,9.0,VENTURE,E,14700,15.07,0.14,Y,2,0
28425,25,50000,RENT,4.0,EDUCATION,B,6400,10.37,0.13,N,4,0
28426,22,50000,OWN,3.0,PERSONAL,A,6000,7.49,0.13,N,4,0
28427,22,38400,MORTGAGE,7.0,EDUCATION,A,4000,6.99,0.1,N,3,0
28428,26,28800,RENT,5.0,EDUCATION,A,1675,6.54,0.06,N,3,0
28429,34,110000,RENT,2.0,DEBTCONSOLIDATION,B,6400,11.49,0.05,N,9,0
28430,24,57000,RENT,2.0,VENTURE,B,7000,10.36,0.12,N,2,0
28431,34,110000,MORTGAGE,0.0,VENTURE,B,6000,9.91,0.05,N,7,0
28432,25,70000,MORTGAGE,9.0,DEBTCONSOLIDATION,D,25000,16.49,0.36,Y,4,1
28433,28,79416,MORTGAGE,12.0,MEDICAL,B,6000,11.49,0.08,N,8,0
28434,30,30000,RENT,5.0,PERSONAL,B,6000,12.69,0.2,N,7,0
28435,24,60000,MORTGAGE,7.0,MEDICAL,B,18000,11.99,0.3,N,2,0
28436,26,34000,RENT,1.0,MEDICAL,B,10000,9.99,0.29,N,3,0
28437,37,122000,RENT,8.0,HOMEIMPROVEMENT,C,11200,13.92,0.09,Y,14,0
28438,22,96000,RENT,6.0,PERSONAL,B,6000,10.0,0.06,N,3,0
28439,23,60000,OWN,8.0,PERSONAL,A,10000,7.49,0.17,N,2,0
28440,24,123000,RENT,8.0,MEDICAL,B,25000,11.83,0.2,N,4,0
28441,29,70000,MORTGAGE,2.0,DEBTCONSOLIDATION,A,17000,8.59,0.24,N,9,0
28442,40,36000,RENT,1.0,DEBTCONSOLIDATION,A,12325,7.9,0.34,N,17,1
28443,25,85000,MORTGAGE,4.0,VENTURE,A,9000,6.76,0.11,N,4,0
28444,26,33504,RENT,3.0,DEBTCONSOLIDATION,C,12400,12.68,0.36,Y,2,1
28445,27,75288,MORTGAGE,12.0,MEDICAL,B,10000,10.0,0.13,N,9,0
28446,23,75000,RENT,7.0,PERSONAL,C,16000,13.48,0.21,Y,4,0
28447,23,70000,MORTGAGE,5.0,VENTURE,C,8000,13.06,0.11,N,2,0
28448,24,57240,MORTGAGE,2.0,EDUCATION,B,9000,10.99,0.16,N,2,0
28449,32,90000,MORTGAGE,2.0,PERSONAL,A,10000,7.49,0.11,N,6,0
28450,28,30000,RENT,0.0,PERSONAL,A,12000,7.29,0.4,N,7,1
28451,23,45000,RENT,0.0,MEDICAL,B,5000,10.74,0.11,N,2,0
28452,30,48000,RENT,1.0,MEDICAL,C,3000,13.99,0.06,N,5,0
28453,22,40000,RENT,3.0,DEBTCONSOLIDATION,C,5600,13.85,0.14,N,2,0
28454,32,80000,OWN,8.0,VENTURE,A,4000,5.42,0.05,N,10,0
28455,22,45000,RENT,3.0,DEBTCONSOLIDATION,B,4800,12.53,0.11,N,2,0
28456,23,30000,RENT,2.0,DEBTCONSOLIDATION,B,7000,10.99,0.23,N,2,0
28457,39,38400,RENT,2.0,DEBTCONSOLIDATION,C,4000,13.49,0.1,N,11,0
28458,24,78000,MORTGAGE,2.0,MEDICAL,B,15000,12.18,0.19,N,4,0
28459,38,60000,RENT,5.0,HOMEIMPROVEMENT,B,10000,11.14,0.17,N,11,0
28460,28,35000,OWN,4.0,MEDICAL,A,13000,7.9,0.39,N,5,0
28461,23,54996,OWN,6.0,VENTURE,A,4000,6.99,0.07,N,2,0
28462,26,55900,MORTGAGE,10.0,HOMEIMPROVEMENT,B,3250,11.36,0.06,N,3,0
28463,24,40000,RENT,1.0,MEDICAL,B,7500,11.86,0.19,N,4,0
28464,29,30000,RENT,0.0,EDUCATION,E,10000,19.29,0.33,Y,5,1
28465,36,200000,RENT,0.0,VENTURE,B,10000,11.36,0.05,N,11,0
28466,22,45000,RENT,7.0,EDUCATION,B,5000,11.49,0.11,N,4,0
28467,32,36000,RENT,0.0,MEDICAL,B,6000,9.99,0.17,N,10,0
28468,22,80400,RENT,4.0,DEBTCONSOLIDATION,B,9000,10.38,0.11,N,3,0
28469,36,100000,MORTGAGE,4.0,EDUCATION,C,5000,13.98,0.05,Y,13,0
28470,27,50000,MORTGAGE,11.0,VENTURE,B,8000,10.74,0.16,N,5,0
28471,22,45000,MORTGAGE,2.0,EDUCATION,A,6400,7.51,0.14,N,2,0
28472,34,14000,RENT,2.0,VENTURE,B,4000,11.49,0.29,N,7,0
28473,41,47000,RENT,0.0,MEDICAL,B,3000,11.36,0.06,N,17,0
28474,30,70000,RENT,5.0,MEDICAL,A,6000,6.17,0.09,N,5,0
28475,26,50000,RENT,4.0,MEDICAL,C,4000,13.49,0.08,N,2,0
28476,22,50000,MORTGAGE,6.0,VENTURE,A,6000,6.03,0.12,N,3,0
28477,24,90000,RENT,1.0,MEDICAL,A,13000,7.51,0.14,N,2,0
28478,27,90000,MORTGAGE,2.0,EDUCATION,B,2800,11.48,0.03,N,7,0
28479,28,98480,MORTGAGE,12.0,DEBTCONSOLIDATION,A,3000,5.42,0.03,N,7,0
28480,21,42000,RENT,5.0,EDUCATION,B,11500,10.99,0.26,N,3,0
28481,34,70000,MORTGAGE,8.0,PERSONAL,C,4000,13.49,0.06,Y,9,0
28482,45,180000,MORTGAGE,30.0,DEBTCONSOLIDATION,A,6000,6.62,0.03,N,15,0
28483,24,110000,MORTGAGE,8.0,VENTURE,B,12000,12.42,0.11,N,4,0
28484,25,24000,RENT,0.0,VENTURE,D,2000,15.62,0.08,N,2,1
28485,23,54000,MORTGAGE,7.0,DEBTCONSOLIDATION,D,4500,14.61,0.08,N,3,1
28486,36,34000,MORTGAGE,5.0,HOMEIMPROVEMENT,D,4000,15.62,0.12,N,11,1
28487,26,43000,RENT,10.0,VENTURE,B,2000,10.99,0.05,N,2,0
28488,24,45000,RENT,1.0,VENTURE,A,14000,7.9,0.31,N,3,1
28489,31,50000,RENT,0.0,HOMEIMPROVEMENT,A,7200,8.9,0.14,N,8,0
28490,22,27600,RENT,4.0,DEBTCONSOLIDATION,A,5000,6.54,0.18,N,2,0
28491,29,75000,MORTGAGE,7.0,VENTURE,A,15000,6.62,0.2,N,6,0
28492,29,70000,MORTGAGE,13.0,DEBTCONSOLIDATION,A,7500,7.88,0.11,N,8,0
28493,25,58000,MORTGAGE,7.0,MEDICAL,A,7000,8.32,0.12,N,4,0
28494,34,171996,MORTGAGE,1.0,PERSONAL,A,15000,8.49,0.09,N,7,0
28495,24,62400,MORTGAGE,8.0,DEBTCONSOLIDATION,D,10000,14.09,0.16,Y,2,1
28496,24,48000,MORTGAGE,5.0,DEBTCONSOLIDATION,A,12000,5.42,0.25,N,4,0
28497,24,88000,MORTGAGE,2.0,MEDICAL,A,8000,7.29,0.09,N,4,0
28498,31,50000,RENT,1.0,PERSONAL,B,3600,10.59,0.07,N,8,0
28499,22,50000,MORTGAGE,3.0,EDUCATION,B,9000,11.86,0.18,N,2,0
28500,27,36000,RENT,6.0,EDUCATION,A,12000,7.51,0.33,N,5,1
28501,25,24000,RENT,3.0,EDUCATION,C,6000,13.8,0.25,N,4,0
28502,32,74520,MORTGAGE,8.0,PERSONAL,C,18000,14.79,0.24,N,8,0
28503,25,60000,MORTGAGE,5.0,VENTURE,A,9000,6.99,0.15,N,3,0
28504,24,143000,MORTGAGE,2.0,HOMEIMPROVEMENT,B,16800,11.99,0.12,N,3,0
28505,24,43000,MORTGAGE,5.0,VENTURE,A,7000,5.42,0.16,N,4,0
28506,25,42000,RENT,5.0,MEDICAL,C,4800,12.99,0.11,N,3,0
28507,22,42000,RENT,5.0,VENTURE,B,3500,10.99,0.09,N,2,0
28508,23,74700,MORTGAGE,7.0,MEDICAL,A,5000,8.59,0.07,N,2,0
28509,48,72500,RENT,2.0,DEBTCONSOLIDATION,A,7000,7.29,0.1,N,13,0
28510,29,75000,RENT,2.0,EDUCATION,D,7500,15.65,0.1,N,10,1
28511,24,40000,RENT,8.0,EDUCATION,A,6000,6.62,0.15,N,2,0
28512,36,70000,MORTGAGE,8.0,VENTURE,B,15000,8.88,0.21,N,11,0
28513,22,45000,RENT,3.0,VENTURE,B,5000,9.99,0.11,N,3,0
28514,25,68000,RENT,1.0,EDUCATION,B,11200,10.36,0.16,N,4,0
28515,23,80000,RENT,6.0,MEDICAL,C,6300,12.23,0.08,N,3,0
28516,22,35000,RENT,6.0,VENTURE,C,10000,12.99,0.29,Y,2,0
28517,26,32000,RENT,10.0,DEBTCONSOLIDATION,D,3200,15.62,0.1,Y,2,1
28518,25,50000,MORTGAGE,1.0,MEDICAL,B,10750,10.75,0.21,N,3,0
28519,22,35000,RENT,3.0,VENTURE,C,15000,13.11,0.43,Y,4,1
28520,30,40000,RENT,5.0,DEBTCONSOLIDATION,C,9600,14.35,0.23,N,9,0
28521,28,66000,RENT,12.0,DEBTCONSOLIDATION,B,25000,9.91,0.38,N,10,1
28522,23,60000,MORTGAGE,3.0,EDUCATION,B,15000,11.86,0.25,N,2,0
28523,39,42000,OWN,6.0,VENTURE,B,10200,12.42,0.24,N,11,0
28524,27,65000,MORTGAGE,6.0,VENTURE,B,13000,11.49,0.2,N,7,0
28525,22,70000,MORTGAGE,6.0,EDUCATION,A,9000,5.99,0.13,N,3,0
28526,23,75000,MORTGAGE,7.0,EDUCATION,B,10000,10.65,0.13,N,2,0
28527,29,45000,RENT,8.0,MEDICAL,C,10000,12.73,0.22,Y,10,0
28528,23,75000,RENT,2.0,PERSONAL,A,8000,7.29,0.11,N,4,0
28529,22,65004,RENT,6.0,VENTURE,B,6500,10.99,0.1,N,3,0
28530,25,50000,MORTGAGE,9.0,DEBTCONSOLIDATION,C,3000,13.99,0.06,Y,3,0
28531,32,39000,RENT,3.0,MEDICAL,B,3000,9.91,0.08,N,10,1
28532,28,70000,MORTGAGE,12.0,EDUCATION,B,9000,11.49,0.13,N,7,0
28533,25,110000,MORTGAGE,2.0,MEDICAL,B,10000,12.21,0.09,N,2,0
28534,29,33600,RENT,0.0,MEDICAL,C,3200,13.57,0.1,N,8,0
28535,23,84000,MORTGAGE,7.0,EDUCATION,B,10000,10.65,0.12,N,4,0
28536,21,57500,RENT,2.0,EDUCATION,B,9000,10.37,0.16,N,2,0
28537,23,30000,RENT,0.0,VENTURE,C,5000,13.16,0.17,Y,4,0
28538,24,75000,OWN,4.0,HOMEIMPROVEMENT,B,6000,11.48,0.08,N,2,0
28539,36,90000,MORTGAGE,18.0,PERSONAL,C,7000,12.61,0.08,N,16,0
28540,36,60000,RENT,1.0,VENTURE,C,14400,13.99,0.23,Y,13,0
28541,23,120000,RENT,0.0,EDUCATION,B,25000,12.18,0.21,N,2,0
28542,34,32000,MORTGAGE,4.0,HOMEIMPROVEMENT,A,2400,6.99,0.07,N,10,0
28543,36,48000,RENT,2.0,MEDICAL,B,4000,11.49,0.08,N,14,0
28544,25,75000,RENT,4.0,VENTURE,A,17000,7.9,0.23,N,4,0
28545,23,44000,RENT,4.0,EDUCATION,A,3000,7.4,0.07,N,3,0
28546,24,57240,RENT,8.0,PERSONAL,B,9000,10.59,0.16,N,2,0
28547,27,38400,RENT,4.0,DEBTCONSOLIDATION,A,10000,8.9,0.26,N,9,0
28548,23,33600,RENT,0.0,MEDICAL,D,10000,15.58,0.3,N,3,0
28549,54,50000,RENT,0.0,PERSONAL,A,4000,7.49,0.08,N,19,0
28550,27,40000,MORTGAGE,8.0,HOMEIMPROVEMENT,A,11450,7.51,0.29,N,5,0
28551,22,40000,MORTGAGE,6.0,EDUCATION,B,5000,11.99,0.13,N,2,0
28552,22,55000,RENT,3.0,EDUCATION,C,8000,12.84,0.15,N,4,0
28553,33,36000,RENT,3.0,VENTURE,B,5000,11.58,0.14,N,7,0
28554,26,45000,MORTGAGE,10.0,EDUCATION,A,5000,7.51,0.11,N,3,0
28555,23,33000,RENT,4.0,VENTURE,C,5000,14.22,0.15,N,4,0
28556,27,60000,MORTGAGE,11.0,PERSONAL,B,5000,10.59,0.08,N,6,0
28557,25,45000,RENT,1.0,HOMEIMPROVEMENT,D,10000,14.59,0.22,Y,3,1
28558,22,55000,MORTGAGE,6.0,DEBTCONSOLIDATION,B,2500,10.37,0.05,N,4,0
28559,31,65000,MORTGAGE,15.0,PERSONAL,A,8000,6.03,0.12,N,10,0
28560,24,70000,MORTGAGE,4.0,DEBTCONSOLIDATION,A,6000,6.03,0.09,N,2,0
28561,25,81996,RENT,9.0,PERSONAL,B,5000,10.37,0.06,N,2,0
28562,33,120000,MORTGAGE,17.0,DEBTCONSOLIDATION,B,5200,11.36,0.04,N,10,0
28563,25,120000,MORTGAGE,0.0,VENTURE,C,6000,14.26,0.05,Y,3,0
28564,23,24000,RENT,0.0,MEDICAL,D,1600,15.99,0.07,N,4,1
28565,26,110000,MORTGAGE,4.0,EDUCATION,B,10000,12.62,0.09,N,3,0
28566,25,24996,RENT,1.0,DEBTCONSOLIDATION,C,7000,12.53,0.28,N,2,0
28567,23,85000,MORTGAGE,7.0,EDUCATION,B,8000,12.69,0.09,N,3,0
28568,35,30000,RENT,2.0,EDUCATION,A,5000,7.51,0.17,N,7,0
28569,22,63000,RENT,6.0,DEBTCONSOLIDATION,B,4000,11.86,0.06,N,4,0
28570,24,56100,RENT,2.0,MEDICAL,C,9000,13.79,0.14,Y,4,1
28571,33,50000,MORTGAGE,3.0,VENTURE,B,1600,10.0,0.04,N,8,0
28572,31,75000,MORTGAGE,1.0,MEDICAL,B,12000,11.89,0.16,N,9,0
28573,29,62400,RENT,4.0,VENTURE,B,20000,11.12,0.32,N,8,1
28574,22,75000,MORTGAGE,6.0,DEBTCONSOLIDATION,A,6500,6.99,0.09,N,2,0
28575,30,90000,OWN,14.0,MEDICAL,C,5000,15.27,0.06,N,6,0
28576,24,80000,RENT,0.0,DEBTCONSOLIDATION,A,6000,7.88,0.07,N,3,0
28577,27,24000,RENT,1.0,EDUCATION,B,5000,10.65,0.21,N,9,0
28578,26,45000,MORTGAGE,0.0,VENTURE,C,16750,12.41,0.37,Y,4,0
28579,30,138000,MORTGAGE,9.0,DEBTCONSOLIDATION,A,16500,7.49,0.12,N,6,0
28580,27,60000,MORTGAGE,5.0,MEDICAL,A,12000,7.49,0.2,N,9,0
28581,24,50000,MORTGAGE,3.0,EDUCATION,A,5000,6.76,0.1,N,4,0
28582,25,44000,RENT,1.0,EDUCATION,D,10400,17.49,0.23,Y,4,1
28583,27,80000,RENT,11.0,MEDICAL,B,18000,10.99,0.23,N,5,0
28584,24,120000,MORTGAGE,8.0,DEBTCONSOLIDATION,B,16000,10.37,0.13,N,3,0
28585,35,150000,MORTGAGE,19.0,VENTURE,B,21000,11.99,0.14,N,10,0
28586,21,44000,MORTGAGE,5.0,VENTURE,A,6000,6.03,0.14,N,3,0
28587,22,48500,RENT,6.0,DEBTCONSOLIDATION,C,5000,14.26,0.1,Y,3,0
28588,29,35000,RENT,9.0,DEBTCONSOLIDATION,C,1500,13.16,0.04,Y,10,0
28589,31,48000,MORTGAGE,12.0,EDUCATION,A,5300,5.42,0.12,N,10,0
28590,27,57240,MORTGAGE,5.0,PERSONAL,A,10000,5.99,0.17,N,5,0
28591,33,110000,MORTGAGE,0.0,HOMEIMPROVEMENT,A,12000,7.51,0.11,N,6,0
28592,23,129996,MORTGAGE,2.0,VENTURE,B,30000,9.63,0.23,N,4,0
28593,23,43200,MORTGAGE,7.0,VENTURE,B,18000,10.99,0.42,N,4,0
28594,23,69000,RENT,3.0,DEBTCONSOLIDATION,D,12000,14.09,0.17,Y,3,1
28595,35,150000,RENT,11.0,EDUCATION,B,10000,12.42,0.07,N,9,0
28596,31,50000,RENT,0.0,VENTURE,A,4000,7.88,0.08,N,8,0
28597,40,48000,RENT,5.0,VENTURE,A,13000,5.79,0.25,N,11,0
28598,27,80000,MORTGAGE,8.0,PERSONAL,B,5600,10.99,0.07,N,8,0
28599,23,30000,RENT,0.0,EDUCATION,D,6000,15.65,0.2,N,4,1
28600,23,60000,RENT,5.0,EDUCATION,A,10000,7.51,0.17,N,4,0
28601,27,43000,MORTGAGE,11.0,DEBTCONSOLIDATION,D,15000,16.0,0.35,N,5,1
28602,29,60000,MORTGAGE,2.0,MEDICAL,A,5000,6.62,0.08,N,9,0
28603,22,60000,MORTGAGE,7.0,EDUCATION,A,15000,7.9,0.25,N,2,0
28604,23,50000,MORTGAGE,9.0,DEBTCONSOLIDATION,A,15000,6.17,0.3,N,2,0
28605,45,90000,RENT,3.0,PERSONAL,C,10000,13.49,0.11,N,12,0
28606,29,65000,RENT,5.0,EDUCATION,B,7000,10.65,0.11,N,8,0
28607,23,32535,RENT,7.0,MEDICAL,B,4000,9.99,0.12,N,3,0
28608,24,50000,RENT,5.0,HOMEIMPROVEMENT,B,10000,11.71,0.2,N,4,1
28609,28,69000,OWN,12.0,VENTURE,B,6000,11.86,0.09,N,8,0
28610,23,30000,RENT,2.0,VENTURE,C,1450,14.27,0.05,Y,4,0
28611,30,62004,MORTGAGE,1.0,MEDICAL,C,10000,13.22,0.16,Y,9,0
28612,22,57000,RENT,4.0,VENTURE,B,13000,11.49,0.23,N,2,0
28613,25,32000,RENT,3.0,MEDICAL,A,4700,7.88,0.14,N,3,0
28614,24,42000,RENT,8.0,PERSONAL,B,10000,10.62,0.24,N,2,0
28615,22,40000,RENT,5.0,DEBTCONSOLIDATION,B,16000,10.99,0.4,N,3,1
28616,22,45000,OWN,7.0,MEDICAL,B,5000,11.83,0.11,N,4,0
28617,51,55000,RENT,1.0,PERSONAL,B,8400,10.59,0.15,N,23,0
28618,31,19200,OWN,0.0,MEDICAL,B,4750,10.62,0.25,N,5,0
28619,25,52800,RENT,9.0,DEBTCONSOLIDATION,B,8400,11.89,0.16,N,4,0
28620,33,102000,MORTGAGE,4.0,MEDICAL,B,20000,10.25,0.2,N,9,0
28621,22,30000,RENT,6.0,EDUCATION,C,15000,12.84,0.5,N,2,1
28622,32,90000,MORTGAGE,16.0,EDUCATION,A,14400,9.32,0.16,N,10,0
28623,30,111000,RENT,2.0,EDUCATION,B,4800,12.42,0.04,N,9,0
28624,23,40000,MORTGAGE,7.0,EDUCATION,A,3000,6.76,0.07,N,3,0
28625,21,75000,RENT,2.0,EDUCATION,B,12000,10.99,0.16,N,4,0
28626,24,85000,MORTGAGE,8.0,EDUCATION,B,25000,10.36,0.29,N,2,0
28627,26,70000,MORTGAGE,10.0,EDUCATION,A,5000,6.03,0.07,N,3,0
28628,22,80000,RENT,6.0,EDUCATION,B,2400,10.65,0.03,N,3,0
28629,23,43000,RENT,4.0,VENTURE,A,4000,7.51,0.09,N,4,0
28630,23,95000,MORTGAGE,7.0,EDUCATION,B,14400,10.65,0.15,N,3,0
28631,27,44000,RENT,3.0,DEBTCONSOLIDATION,C,15000,12.53,0.34,N,8,1
28632,33,75000,MORTGAGE,3.0,VENTURE,B,15600,10.99,0.21,N,9,0
28633,26,63000,MORTGAGE,2.0,EDUCATION,B,20000,10.99,0.32,N,3,0
28634,24,90000,RENT,5.0,PERSONAL,C,12000,12.87,0.13,N,3,0
28635,23,60000,MORTGAGE,7.0,VENTURE,B,15000,11.11,0.25,N,4,0
28636,24,120000,MORTGAGE,8.0,PERSONAL,A,4000,8.49,0.03,N,2,0
28637,21,24000,RENT,5.0,PERSONAL,B,5000,10.62,0.21,N,2,1
28638,31,90000,MORTGAGE,11.0,DEBTCONSOLIDATION,A,4000,7.49,0.04,N,5,0
28639,33,24000,MORTGAGE,3.0,DEBTCONSOLIDATION,B,3000,10.25,0.13,N,8,0
28640,29,65000,RENT,6.0,EDUCATION,B,14000,9.99,0.24,N,5,0
28641,23,56000,RENT,6.0,VENTURE,F,18500,19.13,0.31,N,3,1
28642,21,62000,MORTGAGE,5.0,EDUCATION,A,7000,7.88,0.11,N,4,0
28643,21,48000,RENT,4.0,PERSONAL,B,7000,9.62,0.15,N,4,0
28644,25,38400,RENT,9.0,VENTURE,A,2400,7.66,0.06,N,3,0
28645,23,42000,OWN,7.0,EDUCATION,B,2000,11.48,0.05,N,2,0
28646,23,57700,RENT,2.0,DEBTCONSOLIDATION,B,17500,9.25,0.3,N,3,0
28647,28,38000,RENT,0.0,MEDICAL,B,12000,11.49,0.32,N,9,1
28648,24,145986,MORTGAGE,6.0,HOMEIMPROVEMENT,A,12100,7.29,0.09,N,3,0
28649,32,85000,MORTGAGE,2.0,MEDICAL,B,14000,9.99,0.16,N,10,0
28650,41,44000,OWN,6.0,EDUCATION,B,7500,12.53,0.17,N,15,0
28651,25,160000,RENT,0.0,HOMEIMPROVEMENT,C,6400,12.53,0.04,Y,3,0
28652,25,78000,RENT,9.0,EDUCATION,B,10000,11.99,0.13,N,4,0
28653,28,75000,MORTGAGE,7.0,VENTURE,A,5000,6.92,0.07,N,6,0
28654,24,45000,RENT,0.0,VENTURE,A,6000,7.51,0.13,N,2,0
28655,34,50000,RENT,0.0,DEBTCONSOLIDATION,B,4000,11.71,0.08,N,8,0
28656,29,61000,RENT,7.0,MEDICAL,B,10000,12.42,0.16,N,7,0
28657,28,52000,RENT,4.0,MEDICAL,B,8000,11.89,0.15,N,6,0
28658,38,60000,OWN,14.0,HOMEIMPROVEMENT,A,12000,7.51,0.2,N,13,0
28659,36,70000,RENT,2.0,PERSONAL,B,15000,10.62,0.21,N,15,0
28660,25,60000,MORTGAGE,9.0,VENTURE,C,10000,11.03,0.17,Y,2,0
28661,23,90000,MORTGAGE,0.0,PERSONAL,B,10000,12.42,0.11,N,4,0
28662,30,64600,RENT,5.0,MEDICAL,B,8000,12.69,0.12,N,7,0
28663,24,52800,RENT,2.0,PERSONAL,D,6000,12.8,0.11,N,2,1
28664,22,60000,MORTGAGE,4.0,DEBTCONSOLIDATION,A,3000,6.03,0.05,N,2,0
28665,26,68000,MORTGAGE,10.0,EDUCATION,A,16000,7.88,0.24,N,2,0
28666,22,45149,MORTGAGE,6.0,DEBTCONSOLIDATION,A,9000,7.88,0.2,N,4,0
28667,36,26400,OWN,14.0,PERSONAL,A,6000,6.62,0.23,N,13,0
28668,26,38000,OWN,10.0,HOMEIMPROVEMENT,B,12000,9.76,0.31,N,2,0
28669,23,96000,RENT,8.0,PERSONAL,D,4000,14.09,0.04,N,3,0
28670,29,52275,RENT,4.0,MEDICAL,D,12500,14.96,0.22,N,9,1
28671,25,145992,MORTGAGE,2.0,VENTURE,D,20000,14.61,0.14,Y,3,0
28672,24,53000,RENT,0.0,MEDICAL,B,12000,9.99,0.23,N,4,0
28673,22,72000,MORTGAGE,2.0,EDUCATION,C,10000,13.11,0.14,Y,4,0
28674,23,122000,MORTGAGE,7.0,PERSONAL,B,14000,10.99,0.11,N,2,0
28675,34,78300,RENT,2.0,HOMEIMPROVEMENT,A,5000,7.74,0.06,N,10,0
28676,26,65000,MORTGAGE,5.0,MEDICAL,C,10000,12.29,0.15,Y,3,0
28677,25,70000,RENT,5.0,DEBTCONSOLIDATION,B,6000,9.91,0.09,N,3,0
28678,24,58000,RENT,1.0,PERSONAL,A,8000,7.29,0.14,N,4,0
28679,22,70000,RENT,0.0,EDUCATION,A,10000,5.42,0.14,N,3,0
28680,32,480000,MORTGAGE,16.0,MEDICAL,A,14000,7.51,0.03,N,8,0
28681,28,68000,MORTGAGE,2.0,EDUCATION,A,8000,8.59,0.12,N,6,0
28682,35,52596,MORTGAGE,14.0,DEBTCONSOLIDATION,A,15000,8.49,0.29,N,7,0
28683,30,50000,RENT,2.0,PERSONAL,A,3000,7.74,0.06,N,5,0
28684,29,140000,MORTGAGE,6.0,HOMEIMPROVEMENT,B,12000,11.14,0.09,N,5,0
28685,28,80000,MORTGAGE,4.0,EDUCATION,C,7000,13.99,0.09,N,7,0
28686,27,25000,RENT,0.0,PERSONAL,B,7000,10.38,0.28,N,10,0
28687,29,16800,RENT,2.0,EDUCATION,D,5000,14.96,0.3,Y,10,1
28688,53,30000,RENT,0.0,MEDICAL,B,5000,10.99,0.17,N,27,0
28689,23,100000,RENT,1.0,EDUCATION,C,15000,13.47,0.15,Y,4,0
28690,28,100000,MORTGAGE,5.0,MEDICAL,A,15000,7.88,0.15,N,10,0
28691,22,135000,MORTGAGE,2.0,PERSONAL,B,16000,11.49,0.12,N,3,0
28692,44,48000,MORTGAGE,14.0,DEBTCONSOLIDATION,B,15000,11.11,0.31,N,15,0
28693,38,90000,MORTGAGE,0.0,VENTURE,A,12000,5.42,0.13,N,11,0
28694,22,40000,RENT,2.0,EDUCATION,B,2500,10.99,0.06,N,4,0
28695,37,65000,RENT,7.0,VENTURE,A,14000,8.9,0.21,N,17,0
28696,24,18000,RENT,2.0,PERSONAL,B,1800,12.42,0.1,N,4,0
28697,22,55000,MORTGAGE,5.0,MEDICAL,A,10000,9.63,0.18,N,4,0
28698,28,100000,MORTGAGE,4.0,DEBTCONSOLIDATION,B,24000,11.36,0.24,N,9,0
28699,38,35380,MORTGAGE,9.0,EDUCATION,C,2050,15.96,0.05,Y,14,0
28700,30,33000,RENT,9.0,MEDICAL,C,3000,13.85,0.09,N,7,0
28701,29,125000,MORTGAGE,2.0,PERSONAL,B,8000,10.99,0.06,N,9,0
28702,22,42000,RENT,4.0,EDUCATION,D,4000,16.7,0.1,N,2,1
28703,25,83000,RENT,7.0,HOMEIMPROVEMENT,B,24000,10.99,0.29,N,2,1
28704,36,180000,MORTGAGE,2.0,EDUCATION,A,24000,5.42,0.14,N,15,0
28705,25,27600,RENT,8.0,MEDICAL,A,7000,6.54,0.25,N,2,0
28706,29,68000,RENT,1.0,PERSONAL,A,10000,8.94,0.15,N,9,0
28707,23,90000,RENT,7.0,PERSONAL,B,18000,10.99,0.19,N,2,0
28708,24,120000,MORTGAGE,5.0,HOMEIMPROVEMENT,A,7500,6.03,0.06,N,4,0
28709,24,45000,RENT,8.0,EDUCATION,C,9600,11.97,0.21,N,2,0
28710,25,48000,RENT,0.0,PERSONAL,E,12000,18.64,0.25,Y,4,0
28711,33,37500,MORTGAGE,1.0,PERSONAL,A,10000,9.32,0.27,N,10,0
28712,33,42000,MORTGAGE,17.0,PERSONAL,B,1800,11.49,0.04,N,10,1
28713,30,100000,MORTGAGE,13.0,MEDICAL,B,7000,10.74,0.07,N,10,0
28714,21,34000,RENT,2.0,EDUCATION,A,10000,5.42,0.3,N,3,0
28715,26,50000,MORTGAGE,10.0,EDUCATION,A,8000,7.49,0.16,N,4,0
28716,26,35000,RENT,6.0,PERSONAL,A,5500,7.74,0.15,N,3,0
28717,22,36000,RENT,2.0,EDUCATION,A,13000,8.94,0.36,N,3,1
28718,31,31200,MORTGAGE,5.0,MEDICAL,A,4300,8.9,0.14,N,5,0
28719,23,46800,MORTGAGE,4.0,MEDICAL,A,6000,7.88,0.13,N,3,0
28720,53,30000,RENT,1.0,DEBTCONSOLIDATION,A,2500,7.49,0.08,N,28,1
28721,28,50000,RENT,2.0,PERSONAL,B,3500,11.86,0.07,N,7,0
28722,24,160000,RENT,1.0,VENTURE,C,8000,15.96,0.05,Y,3,0
28723,24,92000,MORTGAGE,8.0,EDUCATION,A,6000,7.88,0.07,N,4,0
28724,29,55000,RENT,5.0,DEBTCONSOLIDATION,A,7000,7.49,0.13,N,7,0
28725,24,37500,MORTGAGE,8.0,HOMEIMPROVEMENT,D,10000,14.96,0.27,Y,3,0
28726,31,78000,RENT,7.0,DEBTCONSOLIDATION,B,24000,10.99,0.31,N,7,0
28727,25,31416,RENT,5.0,PERSONAL,B,8000,11.12,0.25,N,2,0
28728,22,38500,RENT,3.0,VENTURE,A,9000,6.62,0.23,N,3,0
28729,29,70000,RENT,3.0,MEDICAL,A,10000,8.49,0.14,N,8,0
28730,34,52000,RENT,3.0,HOMEIMPROVEMENT,B,16250,9.88,0.3,N,8,0
28731,33,45000,MORTGAGE,6.0,MEDICAL,A,5000,6.03,0.11,N,5,0
28732,23,90000,MORTGAGE,5.0,MEDICAL,A,5000,6.76,0.06,N,2,0
28733,31,30000,RENT,10.0,DEBTCONSOLIDATION,C,5000,13.11,0.17,N,5,0
28734,22,93000,MORTGAGE,7.0,DEBTCONSOLIDATION,B,22000,10.25,0.23,N,3,0
28735,23,70000,RENT,1.0,EDUCATION,C,10000,13.99,0.14,N,3,0
28736,29,21000,RENT,0.0,MEDICAL,C,6000,13.72,0.29,Y,5,0
28737,24,42000,RENT,0.0,DEBTCONSOLIDATION,B,9600,10.74,0.23,N,4,0
28738,26,25200,RENT,3.0,VENTURE,A,6000,7.91,0.24,N,2,0
28739,32,75000,MORTGAGE,6.0,DEBTCONSOLIDATION,C,12000,13.16,0.16,Y,7,0
28740,25,36000,RENT,0.0,VENTURE,A,4500,8.94,0.13,N,3,1
28741,26,61200,OWN,10.0,VENTURE,A,15000,6.99,0.25,N,3,0
28742,27,53000,RENT,3.0,MEDICAL,A,4000,5.42,0.08,N,5,0
28743,31,60000,MORTGAGE,14.0,MEDICAL,A,7000,5.42,0.12,N,7,0
28744,31,42000,RENT,2.0,PERSONAL,B,4000,12.42,0.1,N,8,0
28745,23,38400,RENT,3.0,EDUCATION,A,7200,8.9,0.19,N,2,0
28746,26,95000,MORTGAGE,0.0,DEBTCONSOLIDATION,B,5000,10.74,0.05,N,3,0
28747,23,48000,MORTGAGE,3.0,PERSONAL,A,2500,6.76,0.05,N,4,0
28748,22,72000,MORTGAGE,6.0,VENTURE,C,10000,13.49,0.14,N,2,0
28749,27,115000,MORTGAGE,11.0,MEDICAL,C,5000,13.85,0.04,N,8,0
28750,53,45000,MORTGAGE,30.0,DEBTCONSOLIDATION,C,4000,12.73,0.09,N,16,0
28751,22,78000,MORTGAGE,6.0,PERSONAL,B,1200,9.63,0.02,N,2,0
28752,22,39000,RENT,0.0,VENTURE,B,3000,10.99,0.08,N,4,0
28753,38,28800,RENT,0.0,EDUCATION,B,7200,10.65,0.25,N,13,0
28754,25,82000,MORTGAGE,2.0,PERSONAL,A,20000,6.54,0.24,N,3,0
28755,22,60000,RENT,1.0,EDUCATION,A,7000,9.63,0.12,N,3,0
28756,24,70000,RENT,6.0,DEBTCONSOLIDATION,A,16800,7.66,0.23,N,2,0
28757,27,135000,MORTGAGE,11.0,PERSONAL,A,16800,8.9,0.12,N,5,0
28758,24,87000,RENT,7.0,PERSONAL,C,8000,13.98,0.09,Y,2,0
28759,44,40000,RENT,4.0,MEDICAL,A,10800,6.92,0.28,N,11,0
28760,22,52000,RENT,6.0,PERSONAL,A,10000,7.29,0.19,N,4,0
28761,22,25000,OWN,0.0,PERSONAL,B,5000,10.36,0.2,N,3,0
28762,30,60000,MORTGAGE,14.0,DEBTCONSOLIDATION,A,8800,6.03,0.15,N,5,0
28763,23,40000,RENT,3.0,PERSONAL,B,4000,10.37,0.1,N,2,0
28764,39,80000,MORTGAGE,22.0,VENTURE,E,4000,18.39,0.05,Y,16,0
28765,22,70000,RENT,3.0,DEBTCONSOLIDATION,B,17000,10.75,0.24,N,2,0
28766,26,85000,RENT,1.0,HOMEIMPROVEMENT,B,15000,10.0,0.18,N,3,0
28767,23,27000,RENT,0.0,PERSONAL,A,4200,8.0,0.15,N,2,1
28768,24,30000,RENT,0.0,PERSONAL,A,10000,7.9,0.33,N,4,1
28769,24,97500,MORTGAGE,8.0,MEDICAL,C,20000,13.85,0.21,N,4,0
28770,36,72000,MORTGAGE,5.0,EDUCATION,D,8000,16.77,0.11,Y,17,0
28771,23,75000,RENT,0.0,PERSONAL,B,15000,11.71,0.2,N,4,0
28772,23,72000,RENT,5.0,DEBTCONSOLIDATION,A,15000,7.9,0.21,N,4,0
28773,34,40000,RENT,3.0,PERSONAL,A,3000,9.63,0.07,N,6,0
28774,35,90000,MORTGAGE,6.0,VENTURE,C,20000,12.99,0.22,Y,7,0
28775,22,50350,RENT,0.0,EDUCATION,A,3600,7.88,0.07,N,4,0
28776,27,40000,RENT,1.0,PERSONAL,C,6000,14.26,0.15,N,6,0
28777,35,80000,RENT,12.0,MEDICAL,B,16000,12.42,0.2,N,7,0
28778,30,110000,RENT,2.0,DEBTCONSOLIDATION,A,5000,9.32,0.05,N,9,0
28779,22,50000,RENT,2.0,PERSONAL,A,8000,7.88,0.16,N,2,0
28780,24,74000,MORTGAGE,1.0,MEDICAL,C,2800,13.35,0.04,Y,4,0
28781,22,55000,RENT,6.0,EDUCATION,A,10000,7.49,0.18,N,2,0
28782,22,54000,MORTGAGE,7.0,MEDICAL,E,16000,16.35,0.3,Y,2,1
28783,29,51480,MORTGAGE,1.0,VENTURE,B,3000,11.83,0.06,N,5,0
28784,23,45000,MORTGAGE,7.0,PERSONAL,A,14000,5.79,0.31,N,4,0
28785,45,51000,RENT,1.0,PERSONAL,D,9000,15.31,0.18,Y,11,1
28786,29,95000,MORTGAGE,7.0,EDUCATION,B,25000,10.74,0.26,N,8,0
28787,23,100000,OWN,3.0,EDUCATION,A,15000,6.03,0.15,N,4,0
28788,29,90000,RENT,1.0,PERSONAL,C,10000,15.96,0.11,N,9,0
28789,27,85000,RENT,3.0,EDUCATION,C,12000,13.48,0.14,Y,8,0
28790,32,70000,MORTGAGE,4.0,PERSONAL,D,18000,16.02,0.26,Y,6,0
28791,26,80000,RENT,2.0,VENTURE,B,9000,11.14,0.11,N,4,0
28792,26,50000,RENT,5.0,VENTURE,B,9600,11.99,0.18,N,3,0
28793,25,75000,MORTGAGE,9.0,HOMEIMPROVEMENT,B,25000,10.36,0.33,N,2,0
28794,23,92000,MORTGAGE,7.0,PERSONAL,B,12000,9.91,0.13,N,4,0
28795,23,62400,RENT,0.0,VENTURE,A,3600,6.91,0.06,N,4,0
28796,28,72000,MORTGAGE,7.0,HOMEIMPROVEMENT,B,6000,11.49,0.08,N,6,0
28797,30,55000,RENT,1.0,MEDICAL,D,8000,15.99,0.15,Y,7,1
28798,25,80000,OWN,4.0,MEDICAL,C,9000,12.73,0.11,N,4,0
28799,26,65000,MORTGAGE,2.0,EDUCATION,A,15250,8.94,0.23,N,2,0
28800,27,96000,MORTGAGE,4.0,DEBTCONSOLIDATION,B,10000,9.63,0.1,N,7,0
28801,24,50000,MORTGAGE,8.0,DEBTCONSOLIDATION,A,5600,7.4,0.1,N,4,1
28802,22,100000,MORTGAGE,3.0,VENTURE,C,8000,13.98,0.08,Y,2,0
28803,26,126996,MORTGAGE,0.0,EDUCATION,A,11000,8.59,0.09,N,2,0
28804,27,68000,MORTGAGE,6.0,VENTURE,A,6000,7.14,0.09,N,10,0
28805,27,50000,MORTGAGE,12.0,HOMEIMPROVEMENT,B,8000,10.37,0.16,N,8,0
28806,22,33000,RENT,0.0,PERSONAL,D,16000,14.96,0.48,N,3,1
28807,38,70000,RENT,0.0,PERSONAL,A,5000,8.0,0.07,N,16,0
28808,30,49200,MORTGAGE,6.0,EDUCATION,A,4800,7.51,0.1,N,8,0
28809,29,83000,MORTGAGE,1.0,PERSONAL,B,7500,10.01,0.09,N,6,0
28810,22,33000,RENT,4.0,EDUCATION,A,8000,7.51,0.24,N,2,0
28811,29,110000,MORTGAGE,5.0,PERSONAL,B,13000,10.25,0.12,N,6,0
28812,23,42000,RENT,4.0,EDUCATION,A,10500,6.03,0.25,N,3,0
28813,22,60000,RENT,3.0,EDUCATION,B,12000,10.95,0.2,N,4,0
28814,26,65000,MORTGAGE,2.0,DEBTCONSOLIDATION,B,18000,9.88,0.28,N,3,0
28815,24,60000,RENT,7.0,MEDICAL,B,9600,11.99,0.16,N,3,0
28816,32,50000,MORTGAGE,3.0,PERSONAL,B,10000,10.38,0.2,N,9,0
28817,34,91800,MORTGAGE,0.0,DEBTCONSOLIDATION,D,25000,15.99,0.23,N,7,1
28818,36,65000,RENT,9.0,EDUCATION,B,7500,9.91,0.12,N,15,0
28819,37,90000,RENT,2.0,EDUCATION,C,14500,13.11,0.16,N,15,0
28820,22,75000,RENT,0.0,EDUCATION,C,12000,13.22,0.16,N,2,0
28821,25,52320,RENT,9.0,MEDICAL,C,15000,13.57,0.29,N,4,0
28822,37,60000,RENT,2.0,MEDICAL,C,12500,13.61,0.19,N,11,0
28823,37,85000,RENT,0.0,MEDICAL,A,2000,6.54,0.02,N,16,0
28824,38,63800,OWN,18.0,PERSONAL,B,4000,11.86,0.06,N,14,0
28825,27,30000,MORTGAGE,3.0,PERSONAL,A,15000,7.9,0.5,N,8,0
28826,23,93000,RENT,1.0,HOMEIMPROVEMENT,E,3000,19.29,0.03,Y,3,1
28827,22,68000,RENT,6.0,PERSONAL,B,10000,11.71,0.15,N,4,0
28828,22,65000,RENT,0.0,MEDICAL,B,10000,9.45,0.15,N,4,0
28829,23,40000,MORTGAGE,7.0,VENTURE,A,5000,5.99,0.13,N,4,0
28830,23,45000,MORTGAGE,3.0,EDUCATION,B,6000,9.63,0.13,N,2,0
28831,30,40000,OWN,11.0,VENTURE,A,2000,7.37,0.05,N,9,0
28832,24,80000,MORTGAGE,8.0,PERSONAL,C,12000,13.99,0.15,N,2,0
28833,34,50000,RENT,0.0,PERSONAL,B,4000,10.99,0.08,N,9,0
28834,24,28800,RENT,0.0,MEDICAL,B,5000,9.76,0.17,N,3,0
28835,25,62000,MORTGAGE,9.0,HOMEIMPROVEMENT,A,10000,7.49,0.16,N,3,0
28836,44,122000,MORTGAGE,6.0,PERSONAL,D,15000,15.95,0.12,N,17,0
28837,40,50000,MORTGAGE,5.0,MEDICAL,A,8000,5.99,0.16,N,11,0
28838,28,75000,MORTGAGE,8.0,VENTURE,A,12000,7.51,0.16,N,8,0
28839,21,40000,RENT,3.0,EDUCATION,A,6000,7.51,0.15,N,4,0
28840,41,52244,RENT,11.0,MEDICAL,F,22400,18.25,0.47,Y,17,1
28841,26,90000,MORTGAGE,12.0,VENTURE,B,18000,11.71,0.2,N,2,0
28842,28,35000,RENT,7.0,EDUCATION,D,13225,17.58,0.38,Y,6,1
28843,24,54000,MORTGAGE,0.0,VENTURE,A,5000,8.0,0.09,N,3,0
28844,31,150000,MORTGAGE,2.0,EDUCATION,A,10000,6.03,0.07,N,5,0
28845,41,107004,MORTGAGE,3.0,PERSONAL,A,10000,6.91,0.09,N,11,0
28846,31,40000,RENT,5.0,MEDICAL,B,10000,11.99,0.25,N,9,0
28847,31,204000,OWN,0.0,HOMEIMPROVEMENT,B,25000,11.83,0.12,N,6,0
28848,31,84000,RENT,1.0,HOMEIMPROVEMENT,B,20000,12.21,0.24,N,7,0
28849,35,60000,RENT,4.0,VENTURE,E,4200,18.79,0.07,Y,6,0
28850,32,42000,RENT,4.0,PERSONAL,C,4800,13.23,0.11,N,10,0
28851,30,50000,OWN,3.0,EDUCATION,A,4000,8.59,0.08,N,10,0
28852,25,30000,RENT,9.0,VENTURE,C,10000,11.03,0.33,Y,4,1
28853,31,150000,MORTGAGE,8.0,VENTURE,B,7800,10.59,0.05,N,10,0
28854,28,110000,MORTGAGE,12.0,VENTURE,A,6000,8.94,0.05,N,8,0
28855,32,48000,OWN,0.0,VENTURE,A,2500,7.49,0.05,N,9,0
28856,27,130000,MORTGAGE,0.0,HOMEIMPROVEMENT,C,7500,12.98,0.06,N,8,0
28857,24,120775,MORTGAGE,8.0,MEDICAL,A,6600,7.66,0.05,N,4,0
28858,27,130000,MORTGAGE,4.0,MEDICAL,C,5000,13.49,0.04,Y,5,0
28859,25,62000,MORTGAGE,2.0,PERSONAL,A,8000,5.79,0.13,N,4,0
28860,30,78000,MORTGAGE,2.0,VENTURE,C,4200,13.06,0.05,Y,6,0
28861,29,65000,OWN,4.0,PERSONAL,A,8000,6.17,0.12,N,7,0
28862,30,65004,MORTGAGE,0.0,MEDICAL,A,13000,7.51,0.2,N,9,0
28863,27,49000,RENT,2.0,VENTURE,A,5600,6.03,0.11,N,8,0
28864,22,65000,MORTGAGE,6.0,VENTURE,B,6500,10.65,0.1,N,2,0
28865,26,45000,RENT,0.0,VENTURE,B,4500,11.11,0.1,N,3,0
28866,38,55000,RENT,2.0,HOMEIMPROVEMENT,A,14000,8.9,0.25,N,15,0
28867,22,45000,MORTGAGE,5.0,VENTURE,B,7000,10.37,0.16,N,2,0
28868,31,71000,MORTGAGE,15.0,HOMEIMPROVEMENT,A,11000,7.88,0.15,N,7,0
28869,23,51600,RENT,2.0,EDUCATION,C,4000,12.98,0.08,Y,4,0
28870,27,70000,MORTGAGE,2.0,HOMEIMPROVEMENT,C,17000,13.8,0.24,Y,5,0
28871,27,28800,RENT,0.0,VENTURE,D,13000,15.62,0.44,N,7,1
28872,28,35000,RENT,2.0,MEDICAL,B,7000,12.42,0.2,N,7,0
28873,40,36000,RENT,0.0,MEDICAL,C,5000,13.22,0.14,N,16,0
28874,33,80038,RENT,3.0,PERSONAL,A,3000,5.79,0.04,N,10,0
28875,40,60000,RENT,6.0,PERSONAL,C,12000,13.49,0.2,N,16,0
28876,37,110000,MORTGAGE,17.0,VENTURE,B,21000,11.11,0.19,N,11,0
28877,23,50000,MORTGAGE,6.0,VENTURE,A,10000,7.51,0.2,N,2,0
28878,22,36000,RENT,0.0,PERSONAL,B,14500,11.48,0.4,N,2,1
28879,22,50000,RENT,2.0,MEDICAL,A,12000,9.63,0.24,N,4,0
28880,28,86400,RENT,1.0,VENTURE,A,5000,9.32,0.06,N,8,0
28881,22,30000,MORTGAGE,4.0,MEDICAL,D,8000,14.54,0.27,N,4,1
28882,30,50000,MORTGAGE,0.0,DEBTCONSOLIDATION,A,12000,6.03,0.24,N,8,0
28883,24,70000,RENT,1.0,EDUCATION,A,7000,7.9,0.1,N,2,0
28884,21,51000,MORTGAGE,2.0,EDUCATION,A,5000,7.14,0.1,N,3,0
28885,25,54000,RENT,2.0,MEDICAL,A,6000,8.07,0.11,N,2,0
28886,38,40000,MORTGAGE,2.0,VENTURE,C,10000,15.96,0.25,N,14,0
28887,29,60000,MORTGAGE,0.0,HOMEIMPROVEMENT,C,5000,12.99,0.08,Y,10,0
28888,30,50000,RENT,0.0,MEDICAL,B,3600,10.59,0.07,N,10,0
28889,36,110000,MORTGAGE,0.0,MEDICAL,C,12500,11.91,0.11,Y,11,0
28890,21,22992,RENT,3.0,EDUCATION,C,1500,12.53,0.07,N,4,0
28891,26,35360,RENT,8.0,PERSONAL,A,6500,7.29,0.18,N,4,0
28892,29,110000,OWN,0.0,EDUCATION,A,25000,8.9,0.23,N,7,0
28893,23,98004,RENT,2.0,DEBTCONSOLIDATION,A,12000,6.54,0.12,N,4,0
28894,23,86000,MORTGAGE,5.0,MEDICAL,A,15000,7.51,0.17,N,3,0
28895,29,200000,MORTGAGE,13.0,VENTURE,B,12000,9.63,0.06,N,5,0
28896,24,62900,RENT,5.0,MEDICAL,D,9600,15.62,0.12,Y,4,1
28897,45,105000,MORTGAGE,8.0,HOMEIMPROVEMENT,A,10000,7.49,0.1,N,14,0
28898,29,80000,MORTGAGE,13.0,DEBTCONSOLIDATION,A,6625,6.03,0.08,N,8,0
28899,30,38599,RENT,0.0,MEDICAL,C,12000,12.87,0.31,N,5,0
28900,27,50000,RENT,1.0,MEDICAL,C,12000,13.49,0.24,N,6,0
28901,25,80000,MORTGAGE,9.0,HOMEIMPROVEMENT,A,18000,7.51,0.23,N,3,0
28902,27,55000,MORTGAGE,4.0,VENTURE,E,15000,16.0,0.27,N,7,0
28903,29,48000,MORTGAGE,13.0,HOMEIMPROVEMENT,D,8000,14.96,0.17,N,8,0
28904,22,65000,MORTGAGE,6.0,MEDICAL,A,7200,6.03,0.11,N,3,0
28905,22,53760,RENT,3.0,PERSONAL,C,4000,13.43,0.07,N,2,0
28906,25,55000,RENT,3.0,DEBTCONSOLIDATION,B,2400,12.69,0.04,N,3,0
28907,23,65000,MORTGAGE,0.0,EDUCATION,B,12800,10.65,0.2,N,4,0
28908,29,70000,RENT,3.0,EDUCATION,A,13000,7.9,0.19,N,7,0
28909,24,135000,MORTGAGE,8.0,PERSONAL,B,15000,10.99,0.11,N,2,0
28910,24,95000,MORTGAGE,8.0,DEBTCONSOLIDATION,D,15000,14.83,0.16,Y,2,1
28911,27,70000,RENT,7.0,EDUCATION,B,8000,12.69,0.11,N,9,0
28912,22,85000,MORTGAGE,0.0,EDUCATION,C,20000,13.57,0.24,N,2,0
28913,22,78000,RENT,3.0,MEDICAL,A,10000,5.79,0.13,N,3,0
28914,23,40000,OWN,2.0,PERSONAL,B,4000,11.36,0.1,N,3,0
28915,22,42000,MORTGAGE,6.0,DEBTCONSOLIDATION,A,15000,6.03,0.37,N,2,0
28916,24,82500,MORTGAGE,8.0,DEBTCONSOLIDATION,A,11000,8.94,0.13,N,2,0
28917,51,180000,OWN,5.0,PERSONAL,A,7000,5.42,0.04,N,22,0
28918,27,70000,MORTGAGE,11.0,EDUCATION,A,20675,7.9,0.28,N,9,0
28919,23,60000,MORTGAGE,7.0,DEBTCONSOLIDATION,B,12000,10.65,0.2,N,3,0
28920,44,48000,MORTGAGE,6.0,EDUCATION,B,3500,10.99,0.07,N,15,0
28921,21,50000,MORTGAGE,5.0,PERSONAL,B,6000,9.91,0.12,N,3,0
28922,36,25000,RENT,3.0,VENTURE,B,10000,11.48,0.4,N,11,1
28923,26,75000,RENT,0.0,HOMEIMPROVEMENT,B,8000,9.91,0.11,N,2,0
28924,26,44000,MORTGAGE,0.0,PERSONAL,B,4500,11.11,0.1,N,3,1
28925,23,30000,MORTGAGE,0.0,EDUCATION,C,3500,10.28,0.12,N,4,0
28926,24,50400,RENT,8.0,EDUCATION,D,5000,14.54,0.1,Y,4,0
28927,28,54000,RENT,12.0,VENTURE,C,6000,13.99,0.11,Y,8,0
28928,22,40000,RENT,0.0,PERSONAL,C,6400,13.23,0.16,Y,2,0
28929,21,70000,RENT,5.0,EDUCATION,B,20000,10.37,0.29,N,3,0
28930,23,50400,OWN,8.0,VENTURE,A,12000,7.49,0.24,N,4,0
28931,28,80000,MORTGAGE,12.0,HOMEIMPROVEMENT,D,5000,14.84,0.06,N,6,0
28932,32,42000,RENT,2.0,MEDICAL,C,5000,14.65,0.12,N,6,0
28933,23,90000,RENT,7.0,MEDICAL,B,9600,11.49,0.11,N,2,0
28934,27,50000,MORTGAGE,1.0,MEDICAL,A,3000,8.9,0.06,N,10,0
28935,24,50000,MORTGAGE,8.0,DEBTCONSOLIDATION,B,15000,9.99,0.3,N,4,0
28936,21,70000,RENT,4.0,EDUCATION,A,6000,7.49,0.09,N,2,0
28937,26,30000,RENT,4.0,PERSONAL,B,10000,11.86,0.33,N,4,1
28938,24,33996,RENT,0.0,HOMEIMPROVEMENT,A,2000,8.0,0.06,N,4,0
28939,29,69000,RENT,13.0,HOMEIMPROVEMENT,D,15000,14.42,0.22,N,8,1
28940,22,42000,RENT,1.0,EDUCATION,C,6000,13.49,0.14,N,4,0
28941,28,82500,MORTGAGE,13.0,DEBTCONSOLIDATION,A,11100,7.29,0.13,N,5,0
28942,21,57000,OWN,5.0,PERSONAL,B,14400,9.62,0.26,N,3,0
28943,37,59000,RENT,7.0,MEDICAL,D,20000,14.96,0.34,N,15,1
28944,29,65000,RENT,3.0,MEDICAL,C,2000,14.27,0.03,N,6,0
28945,28,37000,RENT,0.0,DEBTCONSOLIDATION,B,10000,9.25,0.27,N,5,0
28946,22,50000,MORTGAGE,6.0,EDUCATION,A,8000,8.59,0.16,N,2,0
28947,27,39000,RENT,0.0,MEDICAL,B,5000,10.99,0.13,N,9,1
28948,24,60000,RENT,5.0,PERSONAL,B,6000,10.75,0.1,N,4,0
28949,23,84996,MORTGAGE,2.0,DEBTCONSOLIDATION,A,8000,9.32,0.09,N,3,0
28950,40,44000,RENT,4.0,VENTURE,A,10000,6.62,0.23,N,17,0
28951,29,78200,MORTGAGE,7.0,MEDICAL,A,8000,6.54,0.1,N,9,0
28952,36,70000,MORTGAGE,2.0,DEBTCONSOLIDATION,B,20000,11.86,0.29,N,15,0
28953,26,120000,RENT,5.0,PERSONAL,B,10000,9.99,0.08,N,3,0
28954,24,65000,MORTGAGE,8.0,MEDICAL,A,12000,5.79,0.18,N,2,0
28955,22,79000,MORTGAGE,6.0,MEDICAL,A,4000,6.76,0.05,N,3,0
28956,31,32400,RENT,6.0,HOMEIMPROVEMENT,C,6000,13.23,0.19,N,10,1
28957,25,48000,RENT,0.0,DEBTCONSOLIDATION,E,4000,17.19,0.08,N,3,1
28958,29,42000,MORTGAGE,13.0,HOMEIMPROVEMENT,A,11000,7.88,0.26,N,8,0
28959,23,62400,MORTGAGE,0.0,PERSONAL,A,8000,6.62,0.13,N,3,0
28960,27,65004,MORTGAGE,7.0,MEDICAL,A,13000,7.29,0.2,N,9,0
28961,30,50000,RENT,0.0,EDUCATION,D,10000,14.11,0.2,N,10,1
28962,33,72000,RENT,16.0,HOMEIMPROVEMENT,A,19000,8.9,0.26,N,10,0
28963,39,90000,RENT,3.0,VENTURE,A,2000,8.94,0.02,N,11,0
28964,28,55000,RENT,4.0,PERSONAL,B,15000,11.26,0.27,N,10,0
28965,23,40000,RENT,0.0,MEDICAL,A,3600,6.03,0.09,N,4,0
28966,23,48000,RENT,7.0,DEBTCONSOLIDATION,A,4500,5.79,0.09,N,4,0
28967,28,31000,RENT,0.0,DEBTCONSOLIDATION,D,10000,13.12,0.32,N,6,1
28968,30,40000,MORTGAGE,6.0,PERSONAL,A,6400,5.79,0.16,N,8,0
28969,23,40000,MORTGAGE,0.0,PERSONAL,A,3500,7.51,0.09,N,2,0
28970,21,36000,RENT,2.0,EDUCATION,B,8000,11.11,0.22,N,3,0
28971,23,90000,RENT,1.0,MEDICAL,B,7200,11.71,0.08,N,2,0
28972,23,38000,RENT,5.0,EDUCATION,A,6000,7.51,0.16,N,2,0
28973,29,50000,RENT,4.0,EDUCATION,A,3000,7.14,0.06,N,5,0
28974,25,34000,RENT,2.0,MEDICAL,A,5975,7.51,0.17,N,3,1
28975,31,35100,MORTGAGE,3.0,EDUCATION,C,1000,13.48,0.03,Y,6,0
28976,24,70000,RENT,4.0,MEDICAL,B,10000,10.74,0.14,N,2,0
28977,21,18000,RENT,3.0,EDUCATION,B,2400,11.99,0.13,N,4,0
28978,27,67200,MORTGAGE,9.0,HOMEIMPROVEMENT,A,15000,5.79,0.22,N,6,0
28979,31,45000,RENT,5.0,PERSONAL,C,7500,12.53,0.17,N,9,0
28980,37,67000,RENT,1.0,VENTURE,A,10000,8.94,0.15,N,12,0
28981,53,26400,RENT,0.0,PERSONAL,A,3500,7.9,0.13,N,26,0
28982,22,65000,MORTGAGE,4.0,EDUCATION,A,7000,7.51,0.11,N,3,0
28983,24,25000,MORTGAGE,1.0,EDUCATION,A,7000,8.49,0.28,N,4,0
28984,22,36000,RENT,1.0,EDUCATION,C,6000,13.22,0.17,N,4,0
28985,27,76597,RENT,0.0,EDUCATION,B,22000,10.75,0.29,N,7,0
28986,23,78000,MORTGAGE,8.0,VENTURE,A,8000,8.49,0.1,N,3,0
28987,34,30000,MORTGAGE,2.0,VENTURE,B,5000,9.88,0.17,N,10,0
28988,24,70000,RENT,1.0,VENTURE,A,9100,8.49,0.12,N,2,0
28989,22,38000,RENT,6.0,EDUCATION,A,5000,6.99,0.13,N,3,0
28990,46,100000,MORTGAGE,5.0,PERSONAL,A,7000,7.49,0.07,N,12,0
28991,24,30000,RENT,1.0,PERSONAL,B,5000,10.36,0.17,N,2,0
28992,34,63000,OWN,1.0,EDUCATION,B,20000,11.49,0.32,N,6,0
28993,28,60000,MORTGAGE,1.0,EDUCATION,D,10000,15.33,0.17,N,9,0
28994,34,42000,MORTGAGE,3.0,EDUCATION,A,6500,5.42,0.15,N,8,0
28995,46,80000,OWN,6.0,VENTURE,B,11400,11.71,0.14,N,12,0
28996,28,70000,MORTGAGE,4.0,PERSONAL,A,10000,6.17,0.14,N,7,0
28997,23,60000,RENT,4.0,DEBTCONSOLIDATION,A,9000,7.51,0.15,N,4,0
28998,24,30000,RENT,0.0,MEDICAL,B,6000,11.71,0.2,N,4,0
28999,28,71000,OWN,4.0,PERSONAL,A,5000,6.76,0.07,N,8,0
29000,32,78000,RENT,5.0,VENTURE,B,20000,11.11,0.26,N,10,1
29001,58,19000,RENT,3.0,VENTURE,A,3500,7.49,0.18,N,27,1
29002,29,40000,MORTGAGE,4.0,PERSONAL,A,9000,7.51,0.23,N,9,0
29003,24,72000,RENT,8.0,VENTURE,C,7800,15.96,0.11,Y,4,0
29004,22,45000,MORTGAGE,6.0,VENTURE,A,10000,7.49,0.22,N,3,0
29005,29,70000,MORTGAGE,6.0,PERSONAL,A,13000,7.9,0.18,N,6,0
29006,26,60000,MORTGAGE,7.0,PERSONAL,A,9600,7.9,0.16,N,4,0
29007,36,60000,RENT,5.0,HOMEIMPROVEMENT,C,10000,12.61,0.17,Y,12,0
29008,33,35000,MORTGAGE,17.0,MEDICAL,A,2750,8.9,0.08,N,8,0
29009,21,26400,RENT,5.0,PERSONAL,C,5200,13.61,0.21,N,4,0
29010,29,115000,MORTGAGE,3.0,EDUCATION,B,10000,11.49,0.09,N,8,0
29011,38,60000,MORTGAGE,5.0,PERSONAL,B,12000,11.71,0.2,N,17,0
29012,28,44000,RENT,12.0,VENTURE,B,22800,10.74,0.49,N,7,1
29013,24,37200,RENT,2.0,PERSONAL,A,4000,9.32,0.11,N,2,1
29014,22,60000,RENT,6.0,VENTURE,A,10000,7.66,0.17,N,3,0
29015,25,75000,RENT,1.0,DEBTCONSOLIDATION,C,15000,13.16,0.2,N,3,0
29016,34,73100,RENT,0.0,VENTURE,F,30000,20.25,0.43,Y,10,1
29017,26,71400,MORTGAGE,10.0,PERSONAL,D,6000,17.58,0.08,Y,4,1
29018,27,30000,RENT,5.0,VENTURE,D,10000,14.61,0.33,N,6,1
29019,30,60000,MORTGAGE,12.0,MEDICAL,B,4500,10.99,0.07,N,8,0
29020,21,30000,RENT,1.0,EDUCATION,B,4000,10.39,0.13,N,4,0
29021,26,185000,MORTGAGE,10.0,MEDICAL,A,5000,6.39,0.03,N,2,0
29022,52,30000,RENT,0.0,PERSONAL,B,10000,10.99,0.33,N,29,1
29023,24,24000,RENT,0.0,PERSONAL,A,2500,7.49,0.1,N,2,0
29024,46,250000,MORTGAGE,14.0,VENTURE,B,4000,10.38,0.02,N,12,0
29025,22,42000,MORTGAGE,6.0,MEDICAL,A,8675,6.03,0.21,N,4,0
29026,25,54000,RENT,5.0,MEDICAL,D,10000,14.96,0.19,N,2,1
29027,26,60000,MORTGAGE,10.0,DEBTCONSOLIDATION,C,3200,13.49,0.05,Y,2,0
29028,28,60000,RENT,2.0,PERSONAL,B,15000,10.65,0.25,N,7,0
29029,33,65000,MORTGAGE,0.0,EDUCATION,D,10000,15.33,0.15,N,10,0
29030,26,90000,RENT,3.0,EDUCATION,B,12000,11.49,0.13,N,3,0
29031,44,35000,MORTGAGE,3.0,HOMEIMPROVEMENT,A,3500,8.9,0.1,N,13,0
29032,21,33000,RENT,5.0,DEBTCONSOLIDATION,C,1750,14.72,0.05,Y,4,0
29033,24,62000,RENT,3.0,EDUCATION,A,5000,5.99,0.08,N,3,0
29034,32,78000,MORTGAGE,17.0,VENTURE,A,4500,7.49,0.06,N,10,0
29035,23,42000,RENT,0.0,EDUCATION,C,3600,12.61,0.09,N,2,0
29036,33,80000,MORTGAGE,6.0,PERSONAL,A,9600,8.49,0.12,N,5,0
29037,30,84000,MORTGAGE,2.0,HOMEIMPROVEMENT,A,12000,6.91,0.14,N,6,0
29038,28,48000,RENT,2.0,PERSONAL,B,15000,11.49,0.31,N,6,1
29039,23,71000,MORTGAGE,7.0,EDUCATION,C,5000,12.73,0.07,N,4,1
29040,40,50000,RENT,5.0,VENTURE,A,10000,6.62,0.2,N,16,0
29041,58,50000,RENT,7.0,PERSONAL,C,6000,13.49,0.12,N,29,0
29042,29,45000,MORTGAGE,3.0,MEDICAL,C,6000,12.53,0.13,N,5,0
29043,21,24000,RENT,0.0,PERSONAL,A,2400,7.51,0.1,N,2,0
29044,51,45000,RENT,0.0,PERSONAL,B,15000,11.71,0.33,N,30,1
29045,24,70000,RENT,2.0,EDUCATION,B,6000,11.49,0.09,N,3,0
29046,23,50000,RENT,2.0,MEDICAL,B,4000,10.59,0.08,N,4,0
29047,28,60000,MORTGAGE,12.0,DEBTCONSOLIDATION,A,8000,7.14,0.13,N,10,0
29048,37,30000,RENT,3.0,HOMEIMPROVEMENT,A,12000,6.62,0.4,N,12,1
29049,24,100800,MORTGAGE,0.0,DEBTCONSOLIDATION,A,10800,7.51,0.11,N,3,0
29050,26,108000,MORTGAGE,7.0,EDUCATION,B,10000,10.65,0.09,N,3,0
29051,22,24000,RENT,0.0,MEDICAL,D,2400,14.09,0.1,Y,3,1
29052,27,50000,MORTGAGE,4.0,DEBTCONSOLIDATION,B,5000,9.76,0.1,N,9,0
29053,22,27000,RENT,1.0,MEDICAL,A,5600,7.74,0.21,N,2,0
29054,25,118000,MORTGAGE,7.0,PERSONAL,C,5000,13.49,0.04,N,3,0
29055,28,60000,MORTGAGE,2.0,VENTURE,B,2000,11.99,0.03,N,5,0
29056,30,130000,MORTGAGE,14.0,EDUCATION,C,20000,12.73,0.15,Y,10,0
29057,23,60000,RENT,4.0,VENTURE,B,15000,12.18,0.25,N,3,0
29058,27,70000,OWN,11.0,PERSONAL,A,12000,7.9,0.17,N,9,0
29059,23,50000,MORTGAGE,4.0,VENTURE,A,10000,7.88,0.2,N,4,0
29060,25,100000,MORTGAGE,4.0,VENTURE,A,15000,7.88,0.15,N,2,0
29061,22,60000,RENT,1.0,VENTURE,B,1500,9.99,0.03,N,4,0
29062,25,35640,RENT,1.0,DEBTCONSOLIDATION,C,10000,13.49,0.28,N,4,0
29063,33,36000,MORTGAGE,5.0,HOMEIMPROVEMENT,B,6000,11.48,0.17,N,6,0
29064,35,105000,MORTGAGE,11.0,DEBTCONSOLIDATION,B,12000,10.99,0.11,N,10,0
29065,22,36000,RENT,6.0,PERSONAL,A,10000,8.49,0.28,N,4,1
29066,31,80000,RENT,3.0,MEDICAL,C,5000,13.79,0.06,Y,6,0
29067,41,25000,RENT,0.0,MEDICAL,C,4500,12.87,0.19,N,13,0
29068,24,91234,MORTGAGE,4.0,VENTURE,B,20000,10.25,0.21,N,3,0
29069,27,90000,MORTGAGE,11.0,PERSONAL,A,12000,7.49,0.13,N,7,0
29070,29,44000,MORTGAGE,6.0,PERSONAL,A,10000,8.49,0.23,N,6,1
29071,27,43000,RENT,2.0,EDUCATION,E,12000,16.7,0.28,N,9,1
29072,54,50000,RENT,4.0,PERSONAL,B,15000,11.36,0.3,N,19,0
29073,23,24000,RENT,5.0,PERSONAL,D,5000,15.95,0.21,Y,4,1
29074,29,54000,MORTGAGE,14.0,VENTURE,A,3500,5.42,0.06,N,10,0
29075,21,49800,MORTGAGE,2.0,EDUCATION,C,6400,13.79,0.13,Y,2,0
29076,31,33048,RENT,5.0,DEBTCONSOLIDATION,A,13000,7.9,0.4,N,7,1
29077,27,85000,RENT,0.0,VENTURE,B,8000,11.71,0.09,N,5,0
29078,27,80000,MORTGAGE,4.0,PERSONAL,B,5000,11.71,0.06,N,10,0
29079,29,72000,MORTGAGE,1.0,MEDICAL,A,12000,6.54,0.17,N,10,0
29080,28,36000,RENT,4.0,MEDICAL,C,5000,12.23,0.14,N,5,0
29081,33,59475,MORTGAGE,10.0,DEBTCONSOLIDATION,D,18000,14.96,0.26,Y,9,1
29082,23,70000,RENT,7.0,EDUCATION,B,14000,12.69,0.2,N,3,0
29083,24,33000,MORTGAGE,2.0,DEBTCONSOLIDATION,A,6000,7.51,0.18,N,3,0
29084,30,135000,OWN,3.0,VENTURE,A,7000,6.92,0.05,N,9,0
29085,37,50000,MORTGAGE,4.0,HOMEIMPROVEMENT,A,4800,8.9,0.1,N,11,0
29086,38,78000,MORTGAGE,9.0,DEBTCONSOLIDATION,A,5400,7.88,0.07,N,12,0
29087,22,60000,RENT,4.0,MEDICAL,A,12500,7.51,0.21,N,3,0
29088,29,175000,RENT,2.0,PERSONAL,A,18000,7.51,0.1,N,6,0
29089,27,98000,MORTGAGE,11.0,PERSONAL,A,4000,7.68,0.04,N,9,0
29090,25,87000,MORTGAGE,0.0,EDUCATION,B,20000,11.49,0.23,N,2,0
29091,35,45000,MORTGAGE,3.0,PERSONAL,C,5000,13.85,0.11,N,9,0
29092,27,75000,MORTGAGE,5.0,EDUCATION,C,10000,13.49,0.13,N,7,0
29093,23,62000,OWN,2.0,VENTURE,C,3000,13.57,0.05,N,2,0
29094,29,80000,RENT,1.0,VENTURE,C,8000,13.22,0.1,N,10,0
29095,42,90000,MORTGAGE,1.0,HOMEIMPROVEMENT,A,6000,6.91,0.07,N,16,0
29096,22,60000,MORTGAGE,6.0,MEDICAL,B,10000,10.65,0.17,N,4,0
29097,28,56000,RENT,12.0,DEBTCONSOLIDATION,B,8500,10.99,0.15,N,10,0
29098,39,78000,MORTGAGE,9.0,PERSONAL,B,10000,9.88,0.13,N,12,1
29099,27,50000,MORTGAGE,6.0,HOMEIMPROVEMENT,A,2000,6.03,0.04,N,9,0
29100,40,35000,RENT,11.0,EDUCATION,B,12500,10.65,0.36,N,15,1
29101,32,175000,MORTGAGE,16.0,MEDICAL,A,10000,8.49,0.06,N,8,0
29102,27,56000,MORTGAGE,4.0,MEDICAL,B,12000,10.37,0.23,N,6,0
29103,26,36000,RENT,2.0,MEDICAL,E,10000,19.29,0.28,N,2,1
29104,25,28800,RENT,1.0,MEDICAL,A,7000,7.49,0.24,N,3,0
29105,53,40000,MORTGAGE,4.0,PERSONAL,C,5000,14.72,0.13,Y,19,0
29106,26,48000,RENT,4.0,MEDICAL,C,3000,12.84,0.06,N,4,0
29107,32,250000,MORTGAGE,9.0,DEBTCONSOLIDATION,B,3000,11.11,0.01,N,5,0
29108,64,51996,OWN,16.0,PERSONAL,A,2000,7.49,0.04,N,20,0
29109,23,75000,RENT,5.0,DEBTCONSOLIDATION,D,8000,16.29,0.11,N,3,1
29110,26,45000,RENT,4.0,PERSONAL,B,4000,9.99,0.09,N,3,0
29111,23,42500,RENT,7.0,PERSONAL,B,12000,9.62,0.28,N,3,0
29112,27,69996,RENT,7.0,DEBTCONSOLIDATION,C,3000,13.49,0.04,N,5,0
29113,34,50000,RENT,4.0,HOMEIMPROVEMENT,C,12000,12.73,0.24,Y,5,0
29114,23,55000,RENT,7.0,EDUCATION,A,4000,6.92,0.07,N,4,0
29115,21,52769,RENT,5.0,EDUCATION,A,11000,8.9,0.21,N,4,0
29116,38,54996,MORTGAGE,20.0,VENTURE,B,5000,9.91,0.09,N,15,0
29117,23,53000,RENT,7.0,PERSONAL,A,5000,5.42,0.09,N,4,0
29118,36,54000,RENT,5.0,DEBTCONSOLIDATION,A,10000,7.51,0.19,N,13,0
29119,27,48000,MORTGAGE,3.0,EDUCATION,B,4000,10.99,0.08,N,8,1
29120,31,39996,MORTGAGE,2.0,EDUCATION,A,5000,7.51,0.13,N,7,0
29121,42,80000,RENT,8.0,HOMEIMPROVEMENT,D,1800,16.29,0.02,Y,14,0
29122,28,120000,MORTGAGE,4.0,PERSONAL,B,14000,12.18,0.11,N,5,0
29123,27,37200,RENT,6.0,PERSONAL,A,7000,7.51,0.19,N,5,0
29124,22,70000,RENT,2.0,EDUCATION,B,10000,10.65,0.14,N,3,0
29125,23,47000,MORTGAGE,1.0,VENTURE,A,8000,8.59,0.17,N,3,0
29126,25,60000,RENT,7.0,PERSONAL,B,15000,10.38,0.25,N,2,0
29127,22,50000,RENT,0.0,EDUCATION,B,15000,12.42,0.29,N,4,0
29128,35,150000,MORTGAGE,3.0,MEDICAL,B,12000,10.37,0.08,N,7,0
29129,27,75000,OWN,11.0,VENTURE,A,6000,6.99,0.08,N,9,0
29130,25,55000,RENT,1.0,EDUCATION,C,10000,13.16,0.18,N,3,0
29131,26,31200,OWN,10.0,PERSONAL,B,3000,10.75,0.1,N,4,0
29132,25,51300,RENT,9.0,DEBTCONSOLIDATION,A,5000,7.49,0.1,N,4,0
29133,25,57000,RENT,3.0,MEDICAL,A,6000,7.29,0.11,N,4,0
29134,32,114000,MORTGAGE,11.0,MEDICAL,B,6000,10.37,0.05,N,10,0
29135,23,69996,MORTGAGE,7.0,VENTURE,A,5000,6.99,0.07,N,4,0
29136,24,40000,MORTGAGE,2.0,VENTURE,B,8000,9.99,0.2,N,4,0
29137,33,75000,OWN,5.0,EDUCATION,A,15000,7.88,0.2,N,5,0
29138,23,130000,RENT,0.0,EDUCATION,C,5000,13.49,0.04,N,4,0
29139,28,85000,RENT,1.0,PERSONAL,B,10000,10.95,0.12,N,6,0
29140,24,95000,RENT,4.0,VENTURE,D,17000,16.29,0.18,Y,2,0
29141,23,60000,RENT,3.0,EDUCATION,C,5000,13.47,0.08,Y,4,0
29142,32,150000,MORTGAGE,0.0,VENTURE,B,12000,10.99,0.08,N,5,0
29143,21,25000,MORTGAGE,0.0,VENTURE,C,7500,12.84,0.3,Y,4,0
29144,27,60000,RENT,11.0,HOMEIMPROVEMENT,A,15000,6.17,0.25,N,6,0
29145,28,32000,RENT,0.0,PERSONAL,B,12000,11.49,0.38,N,10,1
29146,22,100000,RENT,1.0,EDUCATION,B,14000,9.88,0.14,N,4,0
29147,25,85000,MORTGAGE,3.0,PERSONAL,B,4000,10.0,0.05,N,3,0
29148,25,78000,MORTGAGE,2.0,VENTURE,B,14000,10.37,0.18,N,2,0
29149,29,35000,MORTGAGE,4.0,HOMEIMPROVEMENT,B,15000,9.99,0.4,N,5,0
29150,28,44000,MORTGAGE,12.0,MEDICAL,A,8000,5.79,0.18,N,9,0
29151,28,69000,RENT,2.0,DEBTCONSOLIDATION,D,10000,15.95,0.14,N,10,1
29152,24,69996,RENT,0.0,PERSONAL,A,2500,7.49,0.04,N,3,0
29153,35,30000,RENT,2.0,EDUCATION,B,10000,10.37,0.33,N,5,1
29154,21,39996,OWN,1.0,MEDICAL,B,5000,11.86,0.13,N,2,0
29155,25,80000,RENT,9.0,EDUCATION,A,10000,7.29,0.13,N,2,0
29156,34,35000,OWN,2.0,VENTURE,C,6000,12.99,0.17,N,9,0
29157,23,31200,RENT,2.0,VENTURE,B,4000,11.12,0.13,N,4,0
29158,24,60000,RENT,0.0,PERSONAL,A,5000,6.91,0.08,N,3,0
29159,25,43000,MORTGAGE,7.0,EDUCATION,A,9000,7.51,0.21,N,2,0
29160,29,78000,RENT,2.0,MEDICAL,A,4000,7.66,0.05,N,7,0
29161,45,126000,MORTGAGE,6.0,PERSONAL,B,14000,11.71,0.11,N,14,0
29162,21,28000,RENT,2.0,MEDICAL,B,3000,10.25,0.11,N,4,0
29163,22,39000,RENT,0.0,HOMEIMPROVEMENT,D,8400,16.77,0.22,N,3,1
29164,34,63000,MORTGAGE,4.0,DEBTCONSOLIDATION,A,10000,7.49,0.16,N,6,0
29165,28,68496,RENT,4.0,PERSONAL,D,8000,15.31,0.12,N,10,0
29166,24,40000,RENT,3.0,PERSONAL,C,10000,12.99,0.25,Y,3,0
29167,30,45600,RENT,0.0,MEDICAL,A,5000,6.91,0.11,N,5,0
29168,26,48000,RENT,4.0,DEBTCONSOLIDATION,B,2400,12.42,0.05,N,3,0
29169,28,39600,RENT,2.0,MEDICAL,D,6200,12.99,0.15,Y,8,1
29170,35,35496,RENT,4.0,VENTURE,A,6000,8.0,0.17,N,8,1
29171,31,40000,RENT,15.0,PERSONAL,A,4000,6.03,0.1,N,5,0
29172,23,69500,OWN,4.0,VENTURE,C,10000,13.48,0.14,Y,4,0
29173,25,54996,RENT,3.0,PERSONAL,B,8000,10.37,0.15,N,4,0
29174,29,48000,MORTGAGE,1.0,HOMEIMPROVEMENT,C,12000,13.57,0.25,Y,10,0
29175,27,42000,RENT,5.0,VENTURE,C,7200,13.49,0.17,Y,8,0
29176,29,65000,MORTGAGE,1.0,PERSONAL,A,10000,5.79,0.15,N,8,0
29177,27,82000,MORTGAGE,6.0,HOMEIMPROVEMENT,A,10750,6.03,0.13,N,9,0
29178,27,120000,MORTGAGE,4.0,HOMEIMPROVEMENT,B,14400,11.99,0.12,N,6,0
29179,24,38004,OWN,3.0,EDUCATION,C,5000,13.35,0.13,Y,3,0
29180,45,60000,MORTGAGE,0.0,PERSONAL,A,9000,7.14,0.15,N,17,0
29181,25,30000,OWN,6.0,VENTURE,C,10000,14.22,0.33,N,4,0
29182,26,50343,MORTGAGE,5.0,VENTURE,B,22000,12.42,0.44,N,4,0
29183,25,43000,RENT,0.0,VENTURE,A,7000,9.63,0.16,N,4,0
29184,23,63500,MORTGAGE,5.0,EDUCATION,B,5400,12.42,0.09,N,2,0
29185,24,45000,RENT,3.0,EDUCATION,C,5000,13.98,0.11,N,3,1
29186,25,50000,OWN,9.0,EDUCATION,B,3000,10.37,0.06,N,4,0
29187,24,120000,MORTGAGE,8.0,DEBTCONSOLIDATION,A,5000,7.49,0.04,N,4,0
29188,27,65000,RENT,2.0,VENTURE,A,10000,6.17,0.15,N,7,0
29189,22,75000,MORTGAGE,7.0,EDUCATION,A,13000,6.03,0.18,N,2,0
29190,30,45000,MORTGAGE,7.0,MEDICAL,B,5000,9.76,0.11,N,8,0
29191,24,54000,MORTGAGE,4.0,DEBTCONSOLIDATION,D,16000,14.42,0.3,Y,2,1
29192,26,80000,MORTGAGE,10.0,MEDICAL,A,8000,6.99,0.1,N,2,0
29193,24,120000,MORTGAGE,0.0,MEDICAL,B,25000,10.99,0.21,N,2,0
29194,28,117400,RENT,12.0,EDUCATION,B,15000,10.75,0.13,N,7,0
29195,28,32000,RENT,2.0,DEBTCONSOLIDATION,B,9000,12.53,0.28,N,9,0
29196,27,80000,RENT,0.0,MEDICAL,B,13600,12.42,0.17,N,10,0
29197,23,100000,MORTGAGE,2.0,VENTURE,C,10000,13.57,0.1,Y,2,0
29198,28,70000,RENT,2.0,PERSONAL,B,8000,9.99,0.11,N,10,0
29199,44,62000,MORTGAGE,5.0,HOMEIMPROVEMENT,C,16000,13.49,0.25,N,12,0
29200,28,40000,RENT,4.0,PERSONAL,B,10000,11.49,0.25,N,10,0
29201,23,36000,RENT,8.0,EDUCATION,B,5000,11.71,0.14,N,2,0
29202,27,63000,RENT,0.0,DEBTCONSOLIDATION,B,12000,10.99,0.19,N,5,0
29203,24,120000,MORTGAGE,3.0,DEBTCONSOLIDATION,A,7000,8.9,0.06,N,3,0
29204,23,57000,OWN,7.0,EDUCATION,B,10400,11.48,0.18,N,2,0
29205,24,59500,RENT,8.0,PERSONAL,A,12000,6.62,0.2,N,2,0
29206,32,75000,MORTGAGE,16.0,EDUCATION,A,6000,6.76,0.08,N,5,0
29207,22,51996,MORTGAGE,6.0,PERSONAL,A,7500,7.14,0.14,N,2,0
29208,34,53004,RENT,0.0,EDUCATION,C,12000,13.04,0.22,N,7,0
29209,21,78000,MORTGAGE,5.0,EDUCATION,B,10000,12.42,0.13,N,4,0
29210,38,75000,RENT,4.0,MEDICAL,B,14400,10.37,0.19,N,15,0
29211,37,30840,RENT,4.0,DEBTCONSOLIDATION,D,7000,14.09,0.24,N,16,1
29212,25,60000,MORTGAGE,9.0,PERSONAL,A,5000,6.03,0.08,N,3,0
29213,24,70000,MORTGAGE,5.0,PERSONAL,A,15000,7.29,0.21,N,3,0
29214,27,60000,RENT,11.0,PERSONAL,B,10000,10.36,0.17,N,7,0
29215,25,46000,MORTGAGE,0.0,EDUCATION,B,8000,10.59,0.17,N,2,0
29216,39,65000,MORTGAGE,0.0,PERSONAL,B,10000,10.65,0.15,N,11,0
29217,22,40000,RENT,6.0,EDUCATION,B,10000,11.83,0.25,N,4,0
29218,30,30000,RENT,12.0,EDUCATION,B,3000,9.91,0.1,N,8,0
29219,23,38000,MORTGAGE,7.0,EDUCATION,B,6000,9.99,0.15,N,3,0
29220,31,85000,MORTGAGE,2.0,VENTURE,A,12000,8.9,0.14,N,8,0
29221,29,65000,RENT,2.0,HOMEIMPROVEMENT,C,3200,13.49,0.05,N,5,0
29222,22,24744,RENT,4.0,VENTURE,B,5000,10.36,0.2,N,4,0
29223,27,40000,MORTGAGE,6.0,MEDICAL,B,6600,10.75,0.16,N,7,0
29224,25,96000,RENT,5.0,DEBTCONSOLIDATION,B,5000,12.69,0.05,N,4,0
29225,25,20000,RENT,0.0,EDUCATION,C,7000,14.79,0.35,N,4,1
29226,23,75000,MORTGAGE,5.0,VENTURE,D,25000,16.77,0.33,Y,4,0
29227,26,80000,RENT,2.0,HOMEIMPROVEMENT,B,7000,10.74,0.09,N,2,0
29228,28,45000,RENT,0.0,DEBTCONSOLIDATION,B,12100,9.45,0.27,N,8,0
29229,30,60000,MORTGAGE,14.0,HOMEIMPROVEMENT,C,14000,13.22,0.23,N,10,0
29230,24,33996,RENT,2.0,PERSONAL,D,7000,14.96,0.21,Y,3,1
29231,35,43000,RENT,5.0,VENTURE,B,5000,10.36,0.12,N,9,0
29232,41,31000,RENT,5.0,MEDICAL,B,7200,11.99,0.23,N,12,0
29233,31,75000,MORTGAGE,10.0,MEDICAL,A,10000,7.51,0.13,N,6,0
29234,33,60000,MORTGAGE,1.0,HOMEIMPROVEMENT,D,25000,16.07,0.42,Y,9,0
29235,41,27000,RENT,5.0,DEBTCONSOLIDATION,A,10000,7.88,0.37,N,17,1
29236,21,30000,RENT,3.0,VENTURE,D,10000,16.77,0.33,N,3,1
29237,23,75000,RENT,2.0,EDUCATION,A,12000,8.94,0.16,N,2,0
29238,24,100000,MORTGAGE,8.0,HOMEIMPROVEMENT,A,10000,8.49,0.1,N,4,0
29239,22,52000,MORTGAGE,2.0,EDUCATION,A,5000,7.9,0.1,N,3,0
29240,30,36000,RENT,4.0,PERSONAL,B,5000,10.65,0.14,N,9,0
29241,28,140000,MORTGAGE,12.0,MEDICAL,A,12000,7.29,0.09,N,10,0
29242,22,72000,MORTGAGE,2.0,EDUCATION,A,10000,7.88,0.14,N,3,0
29243,41,78708,MORTGAGE,8.0,EDUCATION,B,15000,12.42,0.19,N,12,0
29244,28,18000,RENT,1.0,DEBTCONSOLIDATION,C,6250,14.72,0.36,N,10,1
29245,29,72000,RENT,8.0,EDUCATION,D,22000,12.67,0.29,N,5,0
29246,22,50400,MORTGAGE,6.0,EDUCATION,A,2500,8.49,0.05,N,3,0
29247,24,60000,MORTGAGE,8.0,VENTURE,B,5000,8.7,0.08,N,3,0
29248,26,75000,MORTGAGE,6.0,PERSONAL,B,6000,9.99,0.08,N,3,0
29249,27,62000,RENT,6.0,HOMEIMPROVEMENT,C,10000,14.27,0.16,N,10,0
29250,24,24996,RENT,2.0,MEDICAL,B,5000,10.75,0.2,N,2,0
29251,25,85000,RENT,1.0,VENTURE,A,10000,7.49,0.12,N,3,0
29252,24,44004,RENT,8.0,PERSONAL,D,7000,14.11,0.16,N,2,0
29253,24,95000,MORTGAGE,4.0,PERSONAL,A,6400,9.63,0.07,N,2,0
29254,24,25000,OWN,6.0,PERSONAL,B,8000,9.91,0.32,N,3,0
29255,34,24000,RENT,2.0,VENTURE,B,4000,10.59,0.17,N,5,0
29256,22,37000,MORTGAGE,6.0,EDUCATION,D,3000,16.29,0.08,Y,2,0
29257,25,31200,RENT,2.0,DEBTCONSOLIDATION,B,6000,11.46,0.19,N,3,0
29258,21,25000,OWN,1.0,EDUCATION,A,8125,6.99,0.33,N,4,0
29259,25,63000,MORTGAGE,9.0,MEDICAL,A,3000,6.62,0.05,N,4,0
29260,29,71400,MORTGAGE,14.0,MEDICAL,C,13000,14.27,0.16,N,6,1
29261,30,56000,MORTGAGE,8.0,HOMEIMPROVEMENT,A,5000,6.03,0.09,N,6,0
29262,27,120000,MORTGAGE,3.0,PERSONAL,B,20000,11.71,0.17,N,9,0
29263,25,110000,MORTGAGE,9.0,HOMEIMPROVEMENT,A,4000,5.42,0.04,N,4,0
29264,22,46000,RENT,4.0,MEDICAL,A,4000,6.03,0.09,N,2,0
29265,24,80000,RENT,0.0,PERSONAL,A,6000,7.51,0.07,N,4,0
29266,24,106000,MORTGAGE,5.0,EDUCATION,B,16000,10.75,0.15,N,3,0
29267,24,85000,RENT,5.0,MEDICAL,A,10000,8.9,0.12,N,4,0
29268,33,51456,MORTGAGE,3.0,VENTURE,B,8000,10.0,0.16,N,5,0
29269,40,50000,MORTGAGE,5.0,HOMEIMPROVEMENT,A,7000,7.49,0.14,N,11,0
29270,26,59827,RENT,5.0,DEBTCONSOLIDATION,A,6000,7.49,0.1,N,3,0
29271,47,53913,MORTGAGE,31.0,HOMEIMPROVEMENT,B,7000,10.71,0.13,N,13,1
29272,23,29000,MORTGAGE,3.0,EDUCATION,B,9000,10.38,0.32,N,2,1
29273,29,66000,MORTGAGE,4.0,DEBTCONSOLIDATION,B,8750,12.69,0.13,N,6,0
29274,30,54000,MORTGAGE,9.0,EDUCATION,A,6000,7.14,0.11,N,8,0
29275,45,139380,OWN,7.0,HOMEIMPROVEMENT,A,9000,7.49,0.07,N,14,0
29276,28,49000,MORTGAGE,5.0,HOMEIMPROVEMENT,D,20000,16.0,0.41,Y,8,1
29277,39,65000,MORTGAGE,7.0,VENTURE,B,8000,10.95,0.12,N,15,0
29278,25,60000,RENT,6.0,DEBTCONSOLIDATION,B,7500,10.25,0.13,N,4,0
29279,35,100000,MORTGAGE,6.0,MEDICAL,A,15000,7.88,0.15,N,9,0
29280,21,60000,MORTGAGE,5.0,PERSONAL,B,10000,10.59,0.17,N,2,0
29281,27,115000,MORTGAGE,3.0,EDUCATION,B,25000,11.86,0.22,N,8,0
29282,27,96000,MORTGAGE,4.0,EDUCATION,B,20000,10.99,0.21,N,10,0
29283,24,65000,RENT,3.0,VENTURE,C,10000,13.49,0.15,Y,4,0
29284,28,43949,MORTGAGE,1.0,HOMEIMPROVEMENT,A,3400,7.9,0.08,N,7,0
29285,23,65200,MORTGAGE,1.0,EDUCATION,A,6000,6.76,0.09,N,3,0
29286,27,29120,RENT,0.0,PERSONAL,B,3000,10.75,0.1,N,7,0
29287,37,51000,RENT,8.0,HOMEIMPROVEMENT,B,6000,10.99,0.12,N,11,0
29288,23,156600,RENT,7.0,EDUCATION,A,25000,7.9,0.16,N,4,0
29289,37,50000,MORTGAGE,3.0,PERSONAL,A,3000,5.99,0.06,N,11,0
29290,47,120000,MORTGAGE,1.0,MEDICAL,B,15000,12.21,0.13,N,11,0
29291,30,25200,RENT,2.0,DEBTCONSOLIDATION,B,1800,12.42,0.07,N,9,0
29292,37,72000,MORTGAGE,0.0,HOMEIMPROVEMENT,B,10000,12.21,0.14,N,11,0
29293,21,39900,OWN,5.0,EDUCATION,A,4000,6.03,0.1,N,4,0
29294,23,60000,RENT,0.0,DEBTCONSOLIDATION,A,3000,7.14,0.05,N,3,0
29295,37,60000,RENT,7.0,EDUCATION,D,25000,14.96,0.42,N,17,1
29296,22,66000,RENT,2.0,EDUCATION,B,6000,10.74,0.09,N,3,0
29297,21,60000,MORTGAGE,5.0,VENTURE,A,6000,8.49,0.1,N,2,0
29298,33,70000,MORTGAGE,10.0,VENTURE,B,24000,11.36,0.34,N,9,0
29299,23,33000,RENT,3.0,PERSONAL,D,10000,14.96,0.3,Y,3,1
29300,22,50004,MORTGAGE,5.0,EDUCATION,A,5300,7.88,0.11,N,2,0
29301,28,35000,RENT,1.0,DEBTCONSOLIDATION,A,8000,8.49,0.23,N,6,0
29302,25,61400,MORTGAGE,9.0,VENTURE,A,15000,6.62,0.24,N,3,0
29303,24,34320,RENT,5.0,EDUCATION,C,2000,14.22,0.06,Y,3,0
29304,27,50000,MORTGAGE,6.0,EDUCATION,A,3000,7.14,0.06,N,8,0
29305,24,40000,RENT,0.0,MEDICAL,B,3000,9.63,0.07,N,3,0
29306,29,75000,RENT,1.0,PERSONAL,B,12000,11.71,0.16,N,8,0
29307,32,55000,RENT,5.0,PERSONAL,C,8000,12.61,0.15,N,8,0
29308,29,30000,RENT,4.0,MEDICAL,A,10000,6.99,0.33,N,7,1
29309,44,38000,RENT,2.0,MEDICAL,C,3000,13.49,0.08,N,13,0
29310,25,80000,RENT,2.0,EDUCATION,D,24000,16.77,0.3,Y,4,1
29311,23,74004,MORTGAGE,7.0,DEBTCONSOLIDATION,D,25000,15.58,0.34,Y,3,1
29312,26,60000,MORTGAGE,5.0,PERSONAL,A,10000,5.99,0.17,N,3,0
29313,23,55000,MORTGAGE,7.0,EDUCATION,C,11000,13.11,0.2,Y,2,0
29314,26,45000,MORTGAGE,10.0,DEBTCONSOLIDATION,A,6500,7.9,0.14,N,3,0
29315,28,60000,MORTGAGE,4.0,MEDICAL,A,9000,6.91,0.15,N,8,0
29316,27,75000,MORTGAGE,5.0,MEDICAL,A,8000,5.79,0.11,N,5,0
29317,24,51500,MORTGAGE,8.0,VENTURE,A,6300,5.79,0.12,N,4,0
29318,50,69600,RENT,2.0,HOMEIMPROVEMENT,B,6000,10.14,0.09,N,12,0
29319,25,67200,RENT,3.0,DEBTCONSOLIDATION,C,8000,13.99,0.12,Y,4,0
29320,26,78000,RENT,2.0,DEBTCONSOLIDATION,D,9600,14.59,0.12,N,2,1
29321,25,66000,RENT,0.0,EDUCATION,B,6000,9.91,0.09,N,4,0
29322,23,70000,RENT,4.0,PERSONAL,C,20000,13.61,0.29,Y,3,1
29323,23,80000,MORTGAGE,0.0,MEDICAL,B,10000,11.49,0.13,N,4,0
29324,27,70000,RENT,6.0,HOMEIMPROVEMENT,B,12000,10.37,0.17,N,6,0
29325,24,30000,RENT,2.0,MEDICAL,A,4800,7.14,0.16,N,2,0
29326,21,24996,RENT,3.0,VENTURE,A,5000,8.49,0.2,N,3,0
29327,24,76460,MORTGAGE,5.0,HOMEIMPROVEMENT,A,6000,9.32,0.08,N,3,0
29328,22,30000,RENT,0.0,MEDICAL,C,1500,13.99,0.05,Y,3,0
29329,21,18000,RENT,2.0,DEBTCONSOLIDATION,B,3000,11.71,0.17,N,4,1
29330,34,32000,RENT,1.0,DEBTCONSOLIDATION,C,4800,14.72,0.15,Y,10,0
29331,24,46000,RENT,3.0,MEDICAL,B,12000,11.48,0.26,N,2,0
29332,24,63504,RENT,0.0,MEDICAL,C,3500,10.0,0.06,N,4,0
29333,21,40000,MORTGAGE,5.0,VENTURE,B,10000,9.91,0.25,N,3,0
29334,31,96000,MORTGAGE,6.0,DEBTCONSOLIDATION,A,14000,6.99,0.15,N,10,0
29335,29,75000,OWN,6.0,PERSONAL,A,12000,7.51,0.16,N,6,0
29336,28,59000,MORTGAGE,12.0,EDUCATION,B,10000,10.99,0.17,N,6,0
29337,21,18000,RENT,1.0,EDUCATION,D,2000,15.7,0.11,Y,4,1
29338,32,50000,RENT,0.0,DEBTCONSOLIDATION,A,7000,9.32,0.14,N,6,0
29339,33,40000,MORTGAGE,2.0,EDUCATION,B,2600,11.71,0.06,N,9,0
29340,22,40000,RENT,6.0,PERSONAL,B,5000,9.91,0.13,N,2,0
29341,30,80000,MORTGAGE,8.0,VENTURE,B,7000,11.71,0.09,N,8,0
29342,24,80000,RENT,8.0,VENTURE,C,13000,13.49,0.16,N,3,0
29343,25,42000,RENT,5.0,MEDICAL,C,2500,12.53,0.06,Y,2,0
29344,25,60000,MORTGAGE,3.0,DEBTCONSOLIDATION,C,15000,13.47,0.25,N,3,0
29345,29,48000,OWN,2.0,HOMEIMPROVEMENT,B,5000,10.95,0.1,N,6,0
29346,30,72000,MORTGAGE,4.0,HOMEIMPROVEMENT,B,6000,11.99,0.08,N,6,0
29347,28,85000,MORTGAGE,12.0,EDUCATION,B,10000,9.63,0.12,N,7,0
29348,28,78000,MORTGAGE,5.0,DEBTCONSOLIDATION,D,12000,16.77,0.15,N,9,1
29349,27,60000,MORTGAGE,1.0,EDUCATION,B,10000,10.99,0.17,N,8,0
29350,23,60000,RENT,2.0,DEBTCONSOLIDATION,A,9600,7.29,0.16,N,4,0
29351,37,90000,RENT,3.0,MEDICAL,B,10000,10.37,0.11,N,11,0
29352,23,70000,MORTGAGE,7.0,MEDICAL,C,10000,13.47,0.14,Y,4,0
29353,34,48000,RENT,5.0,PERSONAL,B,20000,12.42,0.42,N,7,1
29354,22,102000,MORTGAGE,7.0,PERSONAL,A,8000,6.92,0.08,N,3,0
29355,22,100000,MORTGAGE,4.0,EDUCATION,B,5000,11.86,0.05,N,3,0
29356,38,48000,RENT,0.0,PERSONAL,C,5000,13.49,0.1,Y,12,0
29357,24,100000,MORTGAGE,4.0,EDUCATION,A,6400,8.59,0.07,N,3,0
29358,24,50000,MORTGAGE,4.0,HOMEIMPROVEMENT,B,15000,10.99,0.3,N,3,0
29359,22,96000,MORTGAGE,6.0,DEBTCONSOLIDATION,A,4000,9.63,0.04,N,4,0
29360,25,60000,RENT,5.0,EDUCATION,A,16000,7.9,0.27,N,2,0
29361,24,59000,RENT,3.0,VENTURE,D,21500,17.58,0.36,Y,2,1
29362,27,45000,RENT,2.0,PERSONAL,C,3600,14.22,0.08,N,6,0
29363,24,38000,MORTGAGE,5.0,HOMEIMPROVEMENT,A,5000,7.14,0.13,N,4,0
29364,23,72000,MORTGAGE,7.0,DEBTCONSOLIDATION,A,10000,7.29,0.14,N,3,0
29365,26,40000,RENT,0.0,DEBTCONSOLIDATION,B,10800,12.21,0.27,N,4,0
29366,28,125000,MORTGAGE,5.0,HOMEIMPROVEMENT,A,11000,7.29,0.09,N,8,0
29367,37,140004,MORTGAGE,5.0,HOMEIMPROVEMENT,E,25000,16.45,0.18,N,13,0
29368,41,70000,MORTGAGE,25.0,MEDICAL,A,5000,7.74,0.07,N,14,0
29369,44,30000,RENT,4.0,MEDICAL,B,5000,11.86,0.17,N,14,0
29370,30,63996,MORTGAGE,2.0,EDUCATION,B,6400,10.25,0.1,N,7,0
29371,28,70000,RENT,4.0,PERSONAL,B,16000,12.42,0.22,N,5,0
29372,22,65000,MORTGAGE,1.0,MEDICAL,B,13750,10.99,0.2,N,3,0
29373,32,120000,MORTGAGE,16.0,VENTURE,C,6000,13.49,0.05,N,8,0
29374,31,120000,MORTGAGE,11.0,DEBTCONSOLIDATION,B,2800,10.75,0.02,N,7,0
29375,23,33000,RENT,4.0,EDUCATION,C,8000,14.65,0.24,N,4,0
29376,22,24000,OWN,6.0,EDUCATION,D,5000,16.0,0.21,Y,3,0
29377,28,125000,MORTGAGE,12.0,PERSONAL,A,12000,7.51,0.1,N,9,0
29378,29,63300,MORTGAGE,0.0,MEDICAL,C,17500,14.22,0.27,N,6,1
29379,25,88000,MORTGAGE,9.0,MEDICAL,B,14000,10.65,0.16,N,4,0
29380,24,60000,RENT,3.0,EDUCATION,C,10000,13.49,0.17,N,3,0
29381,25,75000,RENT,0.0,DEBTCONSOLIDATION,A,5400,7.29,0.07,N,4,0
29382,22,38000,RENT,5.0,PERSONAL,B,6600,12.42,0.17,N,4,0
29383,29,40000,MORTGAGE,9.0,PERSONAL,B,3000,9.91,0.07,N,6,0
29384,23,54600,RENT,2.0,PERSONAL,C,8000,13.23,0.15,Y,4,0
29385,36,200000,MORTGAGE,0.0,VENTURE,E,3000,19.69,0.01,N,16,0
29386,24,45000,RENT,0.0,PERSONAL,C,6000,14.27,0.13,Y,4,1
29387,24,36000,OWN,0.0,VENTURE,C,9000,5.79,0.25,N,2,0
29388,27,37500,RENT,2.0,VENTURE,B,12000,10.37,0.32,N,10,1
29389,22,38000,RENT,2.0,DEBTCONSOLIDATION,B,10000,10.38,0.26,N,4,0
29390,28,80000,MORTGAGE,12.0,DEBTCONSOLIDATION,A,5000,8.0,0.06,N,10,0
29391,28,76668,MORTGAGE,2.0,EDUCATION,A,7000,9.63,0.09,N,6,0
29392,23,51000,MORTGAGE,2.0,EDUCATION,A,6000,9.63,0.12,N,2,0
29393,37,80000,MORTGAGE,8.0,PERSONAL,A,14000,7.9,0.17,N,11,0
29394,32,60000,MORTGAGE,3.0,HOMEIMPROVEMENT,C,12000,13.49,0.2,N,8,0
29395,23,50000,RENT,0.0,EDUCATION,C,8000,13.61,0.16,Y,3,0
29396,21,54000,RENT,4.0,PERSONAL,A,5000,7.94,0.09,N,2,0
29397,22,40000,RENT,7.0,PERSONAL,B,12000,11.71,0.3,N,4,0
29398,30,47756,RENT,5.0,EDUCATION,B,18000,11.48,0.41,N,6,1
29399,22,64000,MORTGAGE,6.0,DEBTCONSOLIDATION,A,8000,5.79,0.13,N,4,0
29400,28,75000,RENT,4.0,HOMEIMPROVEMENT,C,10000,13.47,0.13,Y,9,0
29401,24,63000,MORTGAGE,8.0,MEDICAL,A,4500,7.49,0.07,N,3,0
29402,23,50000,MORTGAGE,1.0,DEBTCONSOLIDATION,A,5000,9.63,0.1,N,4,0
29403,32,90000,MORTGAGE,13.0,PERSONAL,A,15000,6.54,0.17,N,5,0
29404,28,85000,RENT,1.0,PERSONAL,B,4000,9.99,0.05,N,8,0
29405,25,37000,RENT,0.0,EDUCATION,A,7500,7.66,0.2,N,3,0
29406,27,80000,MORTGAGE,5.0,HOMEIMPROVEMENT,B,8000,10.0,0.1,N,5,0
29407,33,30000,RENT,0.0,EDUCATION,B,9600,11.89,0.32,N,10,1
29408,30,29120,RENT,1.0,DEBTCONSOLIDATION,C,3000,13.11,0.1,Y,6,0
29409,61,51000,RENT,4.0,DEBTCONSOLIDATION,B,20000,10.38,0.39,N,27,1
29410,30,38000,RENT,5.0,VENTURE,A,5000,8.0,0.13,N,9,0
29411,21,60000,MORTGAGE,5.0,EDUCATION,B,5000,10.25,0.08,N,2,0
29412,27,70000,MORTGAGE,6.0,MEDICAL,A,10000,6.99,0.14,N,5,0
29413,22,40000,OWN,2.0,PERSONAL,B,15000,11.36,0.38,N,3,0
29414,31,60000,MORTGAGE,3.0,HOMEIMPROVEMENT,A,6000,7.51,0.1,N,9,0
29415,36,53000,MORTGAGE,18.0,MEDICAL,C,15000,13.48,0.28,Y,14,0
29416,24,75000,RENT,5.0,DEBTCONSOLIDATION,B,8000,11.12,0.11,N,3,0
29417,25,58000,MORTGAGE,5.0,PERSONAL,C,15000,12.99,0.26,N,2,0
29418,25,50000,RENT,4.0,VENTURE,B,10000,9.99,0.2,N,2,0
29419,27,64000,RENT,2.0,DEBTCONSOLIDATION,C,10000,13.16,0.16,Y,10,0
29420,22,48000,RENT,3.0,EDUCATION,C,20000,13.61,0.42,N,2,1
29421,28,40000,RENT,2.0,EDUCATION,B,6000,10.37,0.15,N,10,0
29422,23,139008,MORTGAGE,3.0,EDUCATION,C,15000,13.47,0.11,N,3,0
29423,35,40000,OWN,6.0,EDUCATION,B,10000,9.88,0.25,N,10,0
29424,30,72000,MORTGAGE,14.0,HOMEIMPROVEMENT,A,6000,8.49,0.08,N,9,0
29425,23,85000,MORTGAGE,7.0,MEDICAL,A,15000,7.9,0.18,N,3,0
29426,29,24000,RENT,2.0,EDUCATION,A,8000,5.99,0.33,N,6,1
29427,26,60000,MORTGAGE,0.0,EDUCATION,B,10000,10.39,0.17,N,4,0
29428,23,65004,MORTGAGE,7.0,DEBTCONSOLIDATION,A,4000,6.03,0.06,N,2,0
29429,26,33000,RENT,1.0,PERSONAL,A,10000,6.62,0.3,N,2,0
29430,26,31200,RENT,4.0,PERSONAL,B,6000,11.71,0.19,N,3,0
29431,24,48000,MORTGAGE,1.0,HOMEIMPROVEMENT,B,17000,8.7,0.35,N,3,0
29432,26,42000,RENT,1.0,MEDICAL,A,8000,7.51,0.19,N,4,0
29433,22,60000,MORTGAGE,4.0,MEDICAL,A,5000,7.9,0.08,N,2,0
29434,21,30000,RENT,1.0,EDUCATION,C,14500,13.72,0.48,N,2,1
29435,36,72000,MORTGAGE,8.0,VENTURE,B,7000,10.99,0.1,N,16,0
29436,29,39000,RENT,3.0,MEDICAL,A,5000,6.99,0.13,N,9,0
29437,23,65000,RENT,7.0,MEDICAL,C,20000,14.35,0.31,Y,3,1
29438,32,37000,RENT,2.0,MEDICAL,A,8400,7.51,0.23,N,6,0
29439,24,63582,MORTGAGE,1.0,HOMEIMPROVEMENT,C,12000,13.85,0.2,N,5,1
29440,22,120000,MORTGAGE,3.0,MEDICAL,A,18400,7.9,0.15,N,2,0
29441,22,108800,MORTGAGE,2.0,DEBTCONSOLIDATION,C,23000,12.87,0.19,Y,3,1
29442,23,24000,RENT,1.0,MEDICAL,A,1375,6.62,0.06,N,3,1
29443,25,80000,RENT,4.0,MEDICAL,C,12000,12.73,0.15,Y,3,0
29444,35,74984,RENT,2.0,VENTURE,A,13500,7.29,0.18,N,4,0
29445,32,120000,MORTGAGE,7.0,PERSONAL,B,5400,9.25,0.04,N,9,0
29446,25,95000,MORTGAGE,9.0,DEBTCONSOLIDATION,A,5000,7.49,0.05,N,3,0
29447,29,45000,MORTGAGE,13.0,PERSONAL,A,10000,5.42,0.22,N,9,0
29448,36,80000,MORTGAGE,1.0,HOMEIMPROVEMENT,A,5500,7.51,0.07,N,11,0
29449,36,142000,MORTGAGE,4.0,VENTURE,B,5000,10.99,0.04,N,14,0
29450,27,41000,MORTGAGE,11.0,VENTURE,A,6000,7.88,0.15,N,10,0
29451,30,350000,RENT,1.0,DEBTCONSOLIDATION,C,4800,11.49,0.14,N,7,0
29452,31,70000,MORTGAGE,4.0,DEBTCONSOLIDATION,A,5000,7.51,0.07,N,5,0
29453,23,127000,OWN,1.0,VENTURE,C,5000,11.03,0.04,N,4,0
29454,25,48000,RENT,5.0,DEBTCONSOLIDATION,B,4200,12.69,0.09,N,3,0
29455,26,84996,MORTGAGE,10.0,HOMEIMPROVEMENT,C,10000,11.34,0.12,Y,3,0
29456,26,108000,RENT,0.0,HOMEIMPROVEMENT,D,5000,14.61,0.05,N,2,1
29457,25,70000,MORTGAGE,0.0,DEBTCONSOLIDATION,A,6000,7.88,0.09,N,4,0
29458,27,35000,RENT,2.0,VENTURE,B,4500,9.99,0.13,N,7,0
29459,28,38000,RENT,13.0,VENTURE,A,4500,7.49,0.12,N,8,0
29460,30,100000,MORTGAGE,0.0,DEBTCONSOLIDATION,A,10000,8.59,0.1,N,5,0
29461,21,41000,RENT,0.0,EDUCATION,D,11000,15.31,0.26,Y,2,1
29462,28,36000,RENT,2.0,EDUCATION,B,10000,12.42,0.27,N,6,0
29463,26,45000,MORTGAGE,1.0,DEBTCONSOLIDATION,A,10000,7.66,0.22,N,4,0
29464,27,60000,RENT,2.0,DEBTCONSOLIDATION,A,15000,8.49,0.25,N,10,0
29465,31,65004,MORTGAGE,13.0,MEDICAL,C,5000,13.49,0.08,Y,8,0
29466,26,100000,MORTGAGE,3.0,EDUCATION,B,15000,11.99,0.15,N,4,0
29467,23,18000,OWN,3.0,MEDICAL,A,5400,7.9,0.3,N,4,0
29468,25,40000,RENT,6.0,PERSONAL,A,10000,9.32,0.25,N,2,0
29469,22,110004,MORTGAGE,6.0,EDUCATION,B,15000,11.58,0.14,N,4,0
29470,25,90000,MORTGAGE,9.0,EDUCATION,C,12000,12.73,0.13,Y,3,0
29471,30,121000,MORTGAGE,8.0,MEDICAL,B,12000,11.99,0.1,N,10,0
29472,27,90000,MORTGAGE,11.0,VENTURE,B,5000,9.88,0.06,N,10,0
29473,24,32000,RENT,1.0,MEDICAL,D,7500,15.05,0.23,N,4,1
29474,31,80000,RENT,5.0,HOMEIMPROVEMENT,C,14000,14.26,0.17,Y,8,0
29475,23,72324,RENT,7.0,VENTURE,B,9000,10.99,0.12,N,3,0
29476,26,150000,MORTGAGE,6.0,HOMEIMPROVEMENT,B,12000,11.11,0.08,N,2,0
29477,23,45000,RENT,2.0,EDUCATION,A,7000,8.0,0.16,N,2,0
29478,25,29000,RENT,2.0,DEBTCONSOLIDATION,D,3000,15.95,0.1,N,2,1
29479,36,70000,RENT,3.0,PERSONAL,D,10000,16.29,0.14,Y,13,0
29480,27,96000,MORTGAGE,4.0,HOMEIMPROVEMENT,A,3150,5.79,0.03,N,10,0
29481,25,36996,RENT,3.0,DEBTCONSOLIDATION,C,10000,12.53,0.27,N,2,0
29482,24,69600,MORTGAGE,1.0,PERSONAL,D,23000,14.59,0.35,Y,3,0
29483,31,30000,RENT,0.0,EDUCATION,B,6000,9.91,0.2,N,6,0
29484,44,75000,RENT,3.0,VENTURE,C,20000,13.16,0.27,N,16,1
29485,31,90000,MORTGAGE,13.0,DEBTCONSOLIDATION,A,13000,6.92,0.14,N,6,0
29486,25,60000,RENT,3.0,VENTURE,C,10000,12.73,0.17,N,4,0
29487,24,100000,MORTGAGE,0.0,EDUCATION,B,10000,10.99,0.1,N,4,0
29488,28,45000,MORTGAGE,12.0,DEBTCONSOLIDATION,A,5000,8.9,0.11,N,9,0
29489,23,70000,RENT,7.0,PERSONAL,B,13000,10.59,0.18,N,2,0
29490,26,70000,RENT,2.0,EDUCATION,C,9000,13.11,0.13,Y,4,0
29491,25,45000,RENT,4.0,MEDICAL,D,4000,14.11,0.09,Y,2,0
29492,38,50000,MORTGAGE,6.0,MEDICAL,C,6000,13.49,0.12,Y,11,0
29493,23,60000,MORTGAGE,7.0,MEDICAL,B,5000,9.25,0.08,N,4,0
29494,21,52000,RENT,0.0,EDUCATION,B,15000,10.62,0.29,N,3,0
29495,25,57500,RENT,1.0,DEBTCONSOLIDATION,B,8000,9.63,0.14,N,4,0
29496,26,38000,RENT,3.0,PERSONAL,A,2000,7.88,0.05,N,3,0
29497,23,36000,RENT,0.0,DEBTCONSOLIDATION,B,4000,11.11,0.11,N,4,0
29498,40,70000,RENT,3.0,DEBTCONSOLIDATION,C,14000,13.49,0.2,Y,12,0
29499,22,30000,RENT,2.0,EDUCATION,A,8000,7.51,0.27,N,4,0
29500,24,75000,RENT,8.0,HOMEIMPROVEMENT,B,15600,12.42,0.2,N,4,0
29501,26,96000,MORTGAGE,10.0,VENTURE,B,1500,9.88,0.02,N,4,0
29502,22,69996,OWN,0.0,VENTURE,B,10000,10.95,0.14,N,3,0
29503,22,28000,MORTGAGE,5.0,PERSONAL,D,7000,15.65,0.24,Y,3,0
29504,24,51684,MORTGAGE,6.0,PERSONAL,B,5000,10.25,0.1,N,3,0
29505,22,120000,OWN,0.0,MEDICAL,A,16000,6.54,0.13,N,3,0
29506,25,30000,RENT,0.0,PERSONAL,B,10000,11.36,0.33,N,3,1
29507,21,45000,RENT,5.0,EDUCATION,C,8000,12.84,0.18,N,10,0
29508,24,44000,RENT,0.0,VENTURE,E,6000,17.04,0.14,N,3,1
29509,27,54000,RENT,1.0,VENTURE,C,7500,13.04,0.14,Y,5,0
29510,29,61656,RENT,3.0,EDUCATION,B,15000,10.37,0.24,N,5,0
29511,25,52000,RENT,1.0,VENTURE,A,3000,7.49,0.06,N,3,0
29512,22,60000,MORTGAGE,3.0,PERSONAL,D,4800,14.84,0.08,Y,3,1
29513,35,34800,RENT,3.0,MEDICAL,C,1000,14.22,0.03,Y,6,0
29514,42,37200,RENT,4.0,DEBTCONSOLIDATION,B,10000,10.37,0.27,N,12,0
29515,22,30000,RENT,3.0,VENTURE,D,3000,16.89,0.1,Y,3,1
29516,23,58000,RENT,0.0,EDUCATION,A,3500,6.92,0.06,N,3,0
29517,25,28800,RENT,2.0,EDUCATION,A,6000,7.9,0.21,N,4,0
29518,23,32000,RENT,7.0,EDUCATION,E,6000,16.77,0.19,N,2,1
29519,31,24000,RENT,2.0,VENTURE,C,2500,13.23,0.1,Y,6,0
29520,27,45000,RENT,2.0,MEDICAL,C,13000,14.26,0.29,Y,6,0
29521,23,25000,RENT,2.0,EDUCATION,A,5000,7.9,0.2,N,3,0
29522,24,45000,RENT,0.0,MEDICAL,B,4000,11.26,0.09,N,4,0
29523,22,38000,RENT,4.0,MEDICAL,B,8000,10.37,0.21,N,4,0
29524,28,70000,MORTGAGE,2.0,PERSONAL,A,10000,8.59,0.14,N,8,0
29525,27,200000,MORTGAGE,5.0,HOMEIMPROVEMENT,C,25000,13.85,0.12,N,6,0
29526,37,35000,OWN,2.0,VENTURE,A,5000,7.49,0.14,N,13,0
29527,29,41000,RENT,10.0,PERSONAL,C,6000,15.27,0.15,N,5,0
29528,28,51000,RENT,1.0,VENTURE,D,13000,16.89,0.25,Y,10,1
29529,31,20000,OWN,1.0,VENTURE,C,5000,11.66,0.25,N,5,0
29530,32,50000,RENT,4.0,MEDICAL,B,6000,12.69,0.12,N,5,0
29531,29,37000,RENT,2.0,EDUCATION,C,7000,12.98,0.19,Y,6,0
29532,22,50000,RENT,3.0,VENTURE,B,11000,11.86,0.23,N,3,0
29533,29,110000,RENT,1.0,EDUCATION,B,12000,11.58,0.11,N,8,0
29534,28,69000,RENT,10.0,MEDICAL,A,9600,5.79,0.14,N,6,0
29535,30,45600,MORTGAGE,2.0,DEBTCONSOLIDATION,B,14000,11.48,0.29,N,5,0
29536,28,25000,MORTGAGE,3.0,DEBTCONSOLIDATION,B,6400,11.49,0.24,N,10,1
29537,26,30000,RENT,2.0,PERSONAL,D,5000,15.7,0.17,Y,3,1
29538,30,120000,MORTGAGE,2.0,HOMEIMPROVEMENT,A,5000,6.17,0.04,N,7,0
29539,21,15120,RENT,0.0,EDUCATION,C,2500,13.48,0.16,N,3,1
29540,21,30000,RENT,0.0,DEBTCONSOLIDATION,C,7000,13.98,0.23,Y,2,0
29541,28,52680,RENT,4.0,PERSONAL,C,6000,13.98,0.12,N,8,0
29542,26,50500,RENT,1.0,VENTURE,B,5000,10.54,0.1,N,4,0
29543,25,65004,MORTGAGE,0.0,MEDICAL,A,4000,6.17,0.06,N,2,0
29544,26,118068,MORTGAGE,4.0,MEDICAL,C,3000,13.23,0.03,Y,2,0
29545,21,30000,MORTGAGE,5.0,EDUCATION,B,1200,12.69,0.04,N,4,0
29546,37,54586,RENT,0.0,PERSONAL,B,19000,11.14,0.35,N,16,1
29547,23,30000,RENT,3.0,MEDICAL,D,6000,15.99,0.2,Y,2,1
29548,27,40000,RENT,4.0,EDUCATION,B,8000,10.59,0.2,N,8,1
29549,26,43000,MORTGAGE,1.0,MEDICAL,B,6600,10.99,0.15,N,3,0
29550,26,95000,MORTGAGE,1.0,HOMEIMPROVEMENT,A,6000,8.49,0.06,N,4,0
29551,23,65000,RENT,0.0,EDUCATION,B,6000,10.65,0.09,N,3,0
29552,29,90000,MORTGAGE,14.0,PERSONAL,B,15000,11.11,0.17,N,8,0
29553,27,56000,MORTGAGE,4.0,VENTURE,B,12000,11.49,0.21,N,10,0
29554,24,40000,RENT,1.0,MEDICAL,C,6000,14.22,0.15,Y,3,0
29555,64,90000,RENT,5.0,PERSONAL,A,10000,6.62,0.11,N,21,0
29556,27,30000,RENT,1.0,VENTURE,A,4000,8.0,0.13,N,6,0
29557,24,130000,MORTGAGE,0.0,HOMEIMPROVEMENT,A,20000,6.54,0.15,N,2,0
29558,23,60000,MORTGAGE,7.0,MEDICAL,C,8000,12.99,0.13,Y,2,0
29559,37,40000,RENT,2.0,MEDICAL,C,5000,13.43,0.13,Y,12,0
29560,22,36000,RENT,1.0,EDUCATION,B,8000,10.99,0.22,N,4,0
29561,23,31577,RENT,0.0,EDUCATION,A,5000,9.63,0.16,N,2,1
29562,27,70000,MORTGAGE,3.0,PERSONAL,A,12000,6.92,0.17,N,5,0
29563,22,50000,MORTGAGE,6.0,EDUCATION,C,2000,13.49,0.04,Y,3,0
29564,21,24996,RENT,0.0,DEBTCONSOLIDATION,C,5000,12.98,0.2,Y,3,0
29565,27,25000,RENT,1.0,VENTURE,C,5000,13.16,0.2,N,10,0
29566,31,85000,RENT,2.0,DEBTCONSOLIDATION,B,10000,11.71,0.12,N,8,0
29567,29,85000,MORTGAGE,13.0,MEDICAL,A,7500,5.79,0.09,N,9,0
29568,25,65000,RENT,5.0,PERSONAL,B,3500,11.99,0.05,N,3,0
29569,26,45000,RENT,6.0,EDUCATION,B,7000,10.74,0.16,N,2,0
29570,23,80000,MORTGAGE,3.0,EDUCATION,A,10000,6.03,0.13,N,3,0
29571,41,75000,RENT,11.0,EDUCATION,D,10000,16.49,0.13,Y,17,0
29572,30,45000,RENT,2.0,PERSONAL,C,10000,13.22,0.22,Y,8,0
29573,36,100111,MORTGAGE,5.0,MEDICAL,B,20000,12.42,0.2,N,13,0
29574,23,67000,RENT,2.0,DEBTCONSOLIDATION,B,16000,11.89,0.24,N,3,0
29575,22,35000,OWN,3.0,DEBTCONSOLIDATION,A,8500,6.92,0.23,N,2,0
29576,25,50000,RENT,6.0,HOMEIMPROVEMENT,C,13000,13.57,0.26,Y,4,0
29577,21,30000,RENT,3.0,PERSONAL,A,3500,7.51,0.12,N,4,0
29578,38,60000,RENT,2.0,MEDICAL,C,6000,14.79,0.1,N,15,0
29579,28,51000,RENT,5.0,DEBTCONSOLIDATION,A,8000,7.49,0.16,N,9,0
29580,22,44000,RENT,4.0,PERSONAL,D,16000,15.65,0.37,N,4,1
29581,33,45600,RENT,0.0,PERSONAL,A,4800,7.88,0.11,N,7,0
29582,24,75000,RENT,6.0,HOMEIMPROVEMENT,D,25000,15.57,0.33,Y,3,0
29583,31,150000,MORTGAGE,15.0,HOMEIMPROVEMENT,A,14400,7.66,0.09,N,9,0
29584,22,70000,MORTGAGE,6.0,EDUCATION,B,6000,10.62,0.09,N,3,0
29585,26,168000,RENT,2.0,MEDICAL,C,25000,12.87,0.15,Y,4,0
29586,26,90000,MORTGAGE,10.0,HOMEIMPROVEMENT,A,6000,6.03,0.07,N,3,0
29587,34,54996,RENT,5.0,MEDICAL,A,9000,6.91,0.16,N,6,0
29588,29,54000,MORTGAGE,3.0,PERSONAL,A,10000,8.49,0.19,N,9,0
29589,22,75000,RENT,6.0,MEDICAL,A,10000,7.88,0.13,N,2,0
29590,24,48000,RENT,2.0,VENTURE,E,6000,14.18,0.13,Y,2,1
29591,29,65000,RENT,5.0,HOMEIMPROVEMENT,C,10000,13.49,0.15,N,8,0
29592,25,85000,MORTGAGE,9.0,PERSONAL,A,12000,9.63,0.14,N,2,0
29593,22,33000,RENT,0.0,HOMEIMPROVEMENT,D,2800,15.62,0.08,Y,2,1
29594,27,34000,RENT,1.0,HOMEIMPROVEMENT,B,5000,10.65,0.15,N,8,1
29595,23,98000,RENT,4.0,DEBTCONSOLIDATION,A,5000,7.14,0.05,N,3,0
29596,27,80000,RENT,5.0,EDUCATION,A,3600,8.0,0.05,N,10,0
29597,31,75000,RENT,1.0,VENTURE,B,12000,11.49,0.16,N,7,0
29598,54,200004,MORTGAGE,19.0,PERSONAL,B,4000,10.59,0.02,N,19,0
29599,28,73399,RENT,12.0,MEDICAL,B,24250,10.74,0.33,N,6,1
29600,24,24000,RENT,1.0,MEDICAL,A,700,6.76,0.03,N,4,0
29601,26,41004,RENT,5.0,PERSONAL,D,5000,15.28,0.12,N,4,0
29602,38,24000,RENT,1.0,PERSONAL,B,2400,9.99,0.1,N,17,0
29603,29,54000,MORTGAGE,3.0,HOMEIMPROVEMENT,A,12000,9.32,0.22,N,5,0
29604,32,29000,MORTGAGE,0.0,PERSONAL,A,1200,8.49,0.04,N,8,0
29605,29,65000,MORTGAGE,1.0,HOMEIMPROVEMENT,B,6000,11.49,0.09,N,9,0
29606,22,57000,MORTGAGE,4.0,VENTURE,B,12000,10.37,0.21,N,3,0
29607,23,60000,RENT,0.0,PERSONAL,A,24000,6.54,0.4,N,4,1
29608,29,92000,MORTGAGE,4.0,HOMEIMPROVEMENT,C,18300,14.26,0.2,Y,9,0
29609,25,80400,RENT,4.0,VENTURE,B,4000,10.99,0.05,N,4,0
29610,37,35000,OWN,14.0,PERSONAL,C,4000,13.49,0.11,Y,12,0
29611,25,120000,MORTGAGE,9.0,DEBTCONSOLIDATION,C,20000,13.85,0.17,N,3,0
29612,28,20000,RENT,0.0,PERSONAL,B,6000,10.59,0.29,N,9,0
29613,23,60000,MORTGAGE,7.0,DEBTCONSOLIDATION,A,3000,7.9,0.05,N,2,0
29614,29,143000,MORTGAGE,5.0,VENTURE,A,15600,6.62,0.11,N,7,0
29615,22,47004,MORTGAGE,6.0,HOMEIMPROVEMENT,B,15000,12.18,0.32,N,2,1
29616,31,90000,MORTGAGE,11.0,HOMEIMPROVEMENT,A,5000,5.42,0.06,N,9,0
29617,28,115000,MORTGAGE,3.0,MEDICAL,B,4500,9.99,0.04,N,9,0
29618,26,60000,RENT,6.0,MEDICAL,B,10000,9.25,0.17,N,3,0
29619,29,38000,RENT,2.0,EDUCATION,C,4000,13.49,0.11,N,6,0
29620,27,25000,RENT,0.0,MEDICAL,A,10000,7.49,0.4,N,6,1
29621,29,34000,OWN,13.0,EDUCATION,B,11000,10.99,0.34,N,7,0
29622,23,44500,RENT,3.0,VENTURE,A,15000,6.62,0.34,N,2,1
29623,38,130000,MORTGAGE,11.0,MEDICAL,A,6000,8.49,0.04,N,14,0
29624,24,42000,RENT,7.0,MEDICAL,E,10000,16.0,0.24,N,2,1
29625,22,39000,RENT,0.0,PERSONAL,C,8000,12.53,0.21,Y,3,1
29626,28,43000,RENT,12.0,DEBTCONSOLIDATION,B,16000,8.88,0.37,N,9,1
29627,29,30000,MORTGAGE,3.0,EDUCATION,A,7000,7.29,0.23,N,6,1
29628,22,27000,RENT,6.0,EDUCATION,B,4000,10.37,0.14,N,2,0
29629,34,51621,MORTGAGE,5.0,HOMEIMPROVEMENT,B,3500,11.49,0.07,N,6,0
29630,23,130000,MORTGAGE,1.0,EDUCATION,A,10000,8.94,0.08,N,2,0
29631,23,50000,RENT,1.0,EDUCATION,C,1200,12.99,0.03,N,4,0
29632,41,100000,MORTGAGE,21.0,MEDICAL,A,14000,6.99,0.14,N,15,0
29633,29,100000,MORTGAGE,13.0,EDUCATION,A,12000,7.88,0.12,N,7,0
29634,27,55000,MORTGAGE,11.0,DEBTCONSOLIDATION,A,12000,5.99,0.22,N,9,0
29635,27,33600,RENT,0.0,DEBTCONSOLIDATION,B,9000,11.86,0.27,N,8,0
29636,24,44004,OWN,1.0,EDUCATION,B,10000,11.99,0.23,N,2,0
29637,26,65000,RENT,8.0,MEDICAL,C,10000,12.87,0.15,Y,4,0
29638,22,30000,RENT,2.0,EDUCATION,B,6000,11.86,0.2,N,2,0
29639,23,70000,RENT,5.0,EDUCATION,B,2000,9.62,0.03,N,4,0
29640,22,42000,RENT,2.0,EDUCATION,A,2000,7.9,0.05,N,4,0
29641,27,60000,OWN,6.0,VENTURE,B,5600,10.99,0.09,N,5,0
29642,30,30000,RENT,3.0,VENTURE,B,10000,10.65,0.33,N,10,1
29643,26,29000,RENT,3.0,MEDICAL,B,10000,10.75,0.34,N,4,1
29644,27,40000,RENT,1.0,PERSONAL,B,15000,10.36,0.38,N,6,1
29645,23,42000,RENT,3.0,EDUCATION,C,8000,14.72,0.19,N,4,0
29646,26,92700,MORTGAGE,2.0,VENTURE,B,1800,9.63,0.02,N,4,0
29647,46,70000,RENT,5.0,MEDICAL,B,5000,9.91,0.07,N,12,0
29648,24,36000,OWN,2.0,VENTURE,C,2500,13.99,0.07,Y,2,0
29649,22,40000,RENT,2.0,EDUCATION,B,4800,12.42,0.12,N,4,0
29650,23,65000,MORTGAGE,1.0,EDUCATION,C,10000,14.27,0.15,Y,2,0
29651,28,50000,RENT,0.0,PERSONAL,A,2000,7.4,0.04,N,6,0
29652,23,20000,RENT,1.0,EDUCATION,A,1500,7.74,0.07,N,2,0
29653,31,54500,MORTGAGE,15.0,EDUCATION,A,3000,6.76,0.05,N,6,0
29654,25,76344,RENT,1.0,VENTURE,A,5000,7.68,0.07,N,3,0
29655,29,90000,MORTGAGE,6.0,MEDICAL,A,6000,5.42,0.07,N,6,0
29656,29,30000,RENT,0.0,VENTURE,B,10800,9.64,0.34,N,9,1
29657,30,120000,MORTGAGE,12.0,VENTURE,A,6000,5.42,0.05,N,8,0
29658,26,29000,RENT,0.0,PERSONAL,D,2800,14.11,0.1,Y,3,1
29659,23,31000,MORTGAGE,5.0,DEBTCONSOLIDATION,A,5000,7.51,0.16,N,4,0
29660,33,85000,RENT,2.0,VENTURE,D,25000,15.33,0.29,N,7,1
29661,26,100000,OWN,1.0,VENTURE,A,35000,7.9,0.4,N,4,0
29662,32,24000,RENT,0.0,DEBTCONSOLIDATION,B,3000,11.49,0.13,N,9,0
29663,27,70000,MORTGAGE,11.0,EDUCATION,A,3000,5.42,0.04,N,5,0
29664,25,45000,RENT,1.0,EDUCATION,A,2000,7.9,0.04,N,3,0
29665,23,50000,MORTGAGE,2.0,EDUCATION,C,8000,13.22,0.16,Y,2,0
29666,26,50000,RENT,1.0,MEDICAL,B,6500,9.76,0.13,N,4,0
29667,31,65000,RENT,1.0,MEDICAL,A,10000,6.99,0.15,N,10,0
29668,23,39000,RENT,8.0,MEDICAL,A,4500,6.92,0.12,N,3,0
29669,28,42000,RENT,5.0,PERSONAL,A,8000,6.62,0.19,N,7,0
29670,25,47000,RENT,1.0,PERSONAL,B,3500,11.71,0.07,N,4,0
29671,22,54000,MORTGAGE,5.0,VENTURE,C,12000,13.35,0.22,N,4,0
29672,29,40000,RENT,5.0,MEDICAL,A,6000,7.88,0.15,N,5,0
29673,24,32160,RENT,5.0,MEDICAL,D,4800,14.54,0.15,Y,2,1
29674,29,54960,MORTGAGE,7.0,HOMEIMPROVEMENT,A,5000,7.49,0.09,N,5,0
29675,47,45000,MORTGAGE,2.0,MEDICAL,A,5400,7.66,0.12,N,14,0
29676,29,85800,MORTGAGE,13.0,HOMEIMPROVEMENT,E,18900,17.56,0.23,N,9,0
29677,30,48000,MORTGAGE,8.0,VENTURE,B,11000,9.91,0.23,N,7,0
29678,34,48000,RENT,5.0,DEBTCONSOLIDATION,B,25000,10.74,0.52,N,6,0
29679,25,80000,MORTGAGE,5.0,PERSONAL,A,9000,7.9,0.11,N,2,0
29680,29,44000,RENT,4.0,MEDICAL,D,5000,15.62,0.11,N,8,1
29681,22,80000,MORTGAGE,6.0,EDUCATION,B,10000,9.63,0.13,N,4,0
29682,40,66300,RENT,0.0,MEDICAL,D,16000,14.42,0.23,Y,16,1
29683,26,244000,RENT,10.0,VENTURE,C,10000,13.61,0.04,N,4,0
29684,36,75000,MORTGAGE,8.0,DEBTCONSOLIDATION,A,18000,7.9,0.24,N,12,0
29685,25,125000,MORTGAGE,9.0,PERSONAL,A,25000,8.9,0.2,N,4,0
29686,23,28800,RENT,7.0,EDUCATION,B,6000,9.88,0.21,N,2,0
29687,23,50000,RENT,7.0,VENTURE,A,6000,6.92,0.12,N,4,0
29688,27,150000,OWN,0.0,EDUCATION,A,14000,8.59,0.1,N,6,0
29689,25,25000,RENT,2.0,VENTURE,C,5000,13.11,0.2,Y,3,0
29690,21,50000,RENT,5.0,EDUCATION,B,10000,10.74,0.2,N,3,0
29691,44,45000,MORTGAGE,28.0,VENTURE,B,13000,10.65,0.29,N,14,0
29692,33,28000,RENT,0.0,VENTURE,A,5000,7.51,0.18,N,5,0
29693,22,51996,RENT,2.0,EDUCATION,C,14000,13.11,0.27,Y,2,0
29694,27,20000,RENT,0.0,PERSONAL,A,5300,5.42,0.28,N,8,0
29695,24,80000,MORTGAGE,7.0,VENTURE,B,12800,10.74,0.16,N,4,0
29696,29,35000,RENT,4.0,PERSONAL,C,3600,14.79,0.1,Y,5,0
29697,29,54000,MORTGAGE,1.0,DEBTCONSOLIDATION,B,15000,12.69,0.28,N,8,0
29698,30,90000,RENT,9.0,HOMEIMPROVEMENT,A,18000,7.9,0.2,N,9,0
29699,23,52000,RENT,3.0,VENTURE,B,14000,9.99,0.27,N,4,0
29700,40,69996,RENT,1.0,MEDICAL,A,8000,9.32,0.11,N,16,0
29701,32,85000,MORTGAGE,7.0,HOMEIMPROVEMENT,A,15000,6.03,0.18,N,6,0
29702,28,27600,MORTGAGE,2.0,DEBTCONSOLIDATION,A,8400,7.51,0.3,N,8,0
29703,22,30000,RENT,6.0,VENTURE,A,8000,6.99,0.27,N,4,0
29704,27,60000,MORTGAGE,11.0,DEBTCONSOLIDATION,A,5000,7.68,0.08,N,9,0
29705,27,67000,RENT,11.0,PERSONAL,B,13000,10.59,0.19,N,9,0
29706,29,48000,MORTGAGE,13.0,VENTURE,A,5000,7.14,0.1,N,9,0
29707,28,72000,MORTGAGE,7.0,HOMEIMPROVEMENT,C,5000,13.49,0.07,Y,6,0
29708,24,52800,RENT,3.0,EDUCATION,B,6000,9.91,0.11,N,4,0
29709,32,101000,RENT,0.0,DEBTCONSOLIDATION,B,20000,10.71,0.2,N,5,0
29710,34,80600,RENT,2.0,PERSONAL,B,9600,12.21,0.12,N,9,0
29711,28,105000,MORTGAGE,8.0,VENTURE,C,12000,13.49,0.11,N,10,0
29712,30,34000,RENT,0.0,VENTURE,D,6000,13.67,0.18,N,7,1
29713,30,65000,RENT,4.0,VENTURE,B,15000,12.42,0.23,N,10,0
29714,23,45000,RENT,0.0,EDUCATION,B,20000,12.21,0.44,N,2,1
29715,29,41004,RENT,0.0,MEDICAL,B,4000,11.14,0.1,N,7,0
29716,29,56000,RENT,5.0,PERSONAL,A,4800,7.14,0.09,N,5,0
29717,37,105000,MORTGAGE,0.0,VENTURE,B,20000,11.48,0.19,N,15,0
29718,30,60000,OWN,7.0,PERSONAL,A,5000,5.79,0.08,N,8,0
29719,22,50000,MORTGAGE,6.0,VENTURE,A,15000,7.49,0.3,N,3,0
29720,23,36000,MORTGAGE,5.0,MEDICAL,D,4000,16.77,0.11,Y,3,1
29721,23,60000,MORTGAGE,7.0,PERSONAL,A,3000,7.4,0.05,N,3,0
29722,26,42000,RENT,5.0,MEDICAL,A,10000,7.51,0.24,N,4,1
29723,24,75996,MORTGAGE,7.0,EDUCATION,B,12000,10.62,0.16,N,4,0
29724,24,52000,MORTGAGE,8.0,VENTURE,B,15250,11.83,0.29,N,2,0
29725,24,40000,RENT,8.0,EDUCATION,B,12000,10.0,0.3,N,2,0
29726,23,80000,OWN,3.0,VENTURE,B,6000,10.65,0.07,N,3,0
29727,29,55000,MORTGAGE,11.0,HOMEIMPROVEMENT,A,4000,5.42,0.07,N,9,0
29728,23,93500,MORTGAGE,7.0,VENTURE,D,6000,15.21,0.07,N,2,0
29729,28,20000,RENT,0.0,EDUCATION,C,2000,14.26,0.1,N,9,0
29730,30,130000,MORTGAGE,14.0,VENTURE,C,4000,14.35,0.03,N,5,0
29731,23,40000,RENT,3.0,DEBTCONSOLIDATION,B,2500,9.99,0.06,N,3,0
29732,22,39000,RENT,6.0,DEBTCONSOLIDATION,D,7500,15.57,0.19,N,2,1
29733,24,45600,MORTGAGE,0.0,EDUCATION,B,4000,11.48,0.09,N,2,0
29734,31,85000,MORTGAGE,1.0,HOMEIMPROVEMENT,B,24000,11.89,0.28,N,5,0
29735,22,51480,MORTGAGE,3.0,MEDICAL,A,4200,7.51,0.08,N,2,1
29736,28,30004,OWN,1.0,EDUCATION,A,7600,6.03,0.25,N,5,0
29737,28,64000,MORTGAGE,7.0,DEBTCONSOLIDATION,A,9000,6.17,0.14,N,9,0
29738,34,170000,RENT,3.0,HOMEIMPROVEMENT,B,3000,11.12,0.02,N,10,0
29739,22,31000,MORTGAGE,1.0,VENTURE,B,9950,11.36,0.32,N,2,1
29740,22,73000,RENT,6.0,DEBTCONSOLIDATION,D,5000,14.84,0.08,N,4,1
29741,28,60000,RENT,0.0,DEBTCONSOLIDATION,C,10000,13.49,0.17,N,5,0
29742,30,67500,RENT,2.0,EDUCATION,B,7500,10.65,0.11,N,8,0
29743,23,50000,RENT,7.0,PERSONAL,B,10000,10.99,0.2,N,2,0
29744,23,82000,MORTGAGE,7.0,PERSONAL,C,6000,13.23,0.07,N,4,0
29745,24,52828,RENT,7.0,DEBTCONSOLIDATION,A,14000,7.29,0.27,N,2,0
29746,27,30000,RENT,0.0,EDUCATION,B,12000,12.21,0.4,N,8,1
29747,29,62500,MORTGAGE,0.0,VENTURE,C,12000,13.22,0.19,Y,6,0
29748,40,54000,RENT,4.0,DEBTCONSOLIDATION,B,12000,11.36,0.22,N,17,0
29749,22,43200,RENT,4.0,EDUCATION,C,4000,12.87,0.09,Y,3,0
29750,29,54000,RENT,5.0,EDUCATION,B,2000,9.62,0.04,N,10,0
29751,48,47881,RENT,5.0,DEBTCONSOLIDATION,B,15000,10.37,0.31,N,12,1
29752,26,65000,MORTGAGE,5.0,EDUCATION,B,6000,10.99,0.09,N,4,0
29753,23,56628,OWN,2.0,VENTURE,A,14500,7.88,0.25,N,3,0
29754,21,50000,RENT,5.0,VENTURE,D,12000,14.59,0.24,Y,3,0
29755,21,52500,RENT,2.0,DEBTCONSOLIDATION,B,5000,10.62,0.1,N,3,0
29756,24,60000,MORTGAGE,5.0,VENTURE,A,7000,7.51,0.12,N,2,0
29757,27,78000,MORTGAGE,0.0,EDUCATION,A,14000,7.49,0.18,N,9,0
29758,24,34000,MORTGAGE,0.0,EDUCATION,C,12000,13.16,0.35,Y,4,1
29759,42,85000,MORTGAGE,13.0,DEBTCONSOLIDATION,A,4500,5.99,0.05,N,17,0
29760,23,75000,MORTGAGE,2.0,VENTURE,B,12000,10.62,0.16,N,4,0
29761,22,69500,MORTGAGE,6.0,MEDICAL,A,6000,7.51,0.09,N,2,0
29762,27,52000,RENT,11.0,EDUCATION,A,6000,7.49,0.12,N,9,0
29763,23,90000,MORTGAGE,5.0,MEDICAL,C,15000,13.85,0.17,N,2,0
29764,29,38000,MORTGAGE,11.0,MEDICAL,A,1500,5.79,0.04,N,8,0
29765,32,75000,MORTGAGE,5.0,MEDICAL,C,5000,12.99,0.07,N,7,0
29766,31,50000,MORTGAGE,4.0,DEBTCONSOLIDATION,B,5000,10.62,0.1,N,6,0
29767,28,48000,OWN,4.0,HOMEIMPROVEMENT,B,9600,11.99,0.2,N,9,0
29768,23,48000,RENT,7.0,PERSONAL,B,15000,10.62,0.31,N,3,1
29769,23,45000,RENT,2.0,VENTURE,B,10000,10.99,0.22,N,4,0
29770,25,80000,MORTGAGE,8.0,VENTURE,B,12000,11.49,0.15,N,3,0
29771,27,41000,MORTGAGE,11.0,DEBTCONSOLIDATION,D,9000,16.77,0.22,Y,7,1
29772,22,30000,RENT,6.0,MEDICAL,A,9500,6.62,0.32,N,2,1
29773,34,60000,MORTGAGE,12.0,EDUCATION,A,10000,6.03,0.17,N,9,0
29774,30,15000,RENT,2.0,VENTURE,D,2700,16.77,0.18,N,6,1
29775,22,48000,RENT,0.0,EDUCATION,C,10000,12.73,0.21,N,3,0
29776,25,150000,MORTGAGE,5.0,DEBTCONSOLIDATION,A,12000,5.42,0.08,N,2,0
29777,23,45000,MORTGAGE,7.0,VENTURE,B,6000,11.71,0.13,N,2,0
29778,29,76000,MORTGAGE,3.0,HOMEIMPROVEMENT,C,6000,13.11,0.08,N,8,1
29779,26,140000,RENT,0.0,EDUCATION,B,5000,9.99,0.04,N,2,0
29780,25,93000,MORTGAGE,9.0,PERSONAL,B,25000,10.99,0.27,N,2,0
29781,26,36000,RENT,0.0,EDUCATION,B,15000,10.99,0.42,N,3,1
29782,22,66000,MORTGAGE,6.0,MEDICAL,C,9250,13.49,0.14,N,3,0
29783,23,50000,RENT,0.0,EDUCATION,B,3000,11.99,0.06,N,4,0
29784,41,80000,MORTGAGE,2.0,MEDICAL,A,5000,7.14,0.06,N,14,0
29785,28,150000,MORTGAGE,4.0,HOMEIMPROVEMENT,B,10000,12.69,0.07,N,9,0
29786,27,32000,RENT,2.0,EDUCATION,D,6000,14.46,0.19,Y,9,1
29787,26,74000,MORTGAGE,1.0,EDUCATION,A,10000,7.88,0.14,N,2,0
29788,27,150000,MORTGAGE,11.0,DEBTCONSOLIDATION,B,24000,10.37,0.16,N,5,0
29789,28,28000,OWN,7.0,EDUCATION,A,10000,6.92,0.36,N,9,1
29790,28,42000,RENT,5.0,VENTURE,C,10000,13.49,0.24,N,9,0
29791,25,107000,MORTGAGE,6.0,HOMEIMPROVEMENT,B,10000,11.71,0.09,N,2,0
29792,23,65000,MORTGAGE,7.0,EDUCATION,A,4500,7.49,0.07,N,3,0
29793,25,75000,RENT,1.0,PERSONAL,B,1000,11.71,0.01,N,4,0
29794,22,70000,MORTGAGE,5.0,DEBTCONSOLIDATION,A,8400,7.88,0.12,N,2,0
29795,21,45000,RENT,2.0,EDUCATION,A,10000,7.49,0.22,N,2,0
29796,29,60000,MORTGAGE,0.0,MEDICAL,A,12000,7.88,0.2,N,6,0
29797,25,50000,RENT,2.0,DEBTCONSOLIDATION,C,6000,13.48,0.12,Y,3,0
29798,31,146000,MORTGAGE,4.0,HOMEIMPROVEMENT,B,2400,10.74,0.02,N,8,0
29799,25,37000,RENT,2.0,VENTURE,B,6000,10.99,0.16,N,2,0
29800,22,65000,MORTGAGE,2.0,EDUCATION,A,10000,6.03,0.15,N,4,0
29801,22,54000,MORTGAGE,1.0,DEBTCONSOLIDATION,D,10000,15.95,0.19,Y,2,1
29802,31,32000,RENT,1.0,MEDICAL,C,12000,13.11,0.38,N,8,1
29803,30,70000,MORTGAGE,14.0,EDUCATION,B,20000,11.71,0.29,N,10,0
29804,38,138000,MORTGAGE,4.0,HOMEIMPROVEMENT,B,5000,12.69,0.04,N,11,0
29805,32,95000,MORTGAGE,3.0,MEDICAL,A,7500,5.79,0.08,N,7,0
29806,27,36000,RENT,5.0,MEDICAL,D,5000,15.33,0.14,Y,7,0
29807,30,79000,MORTGAGE,7.0,PERSONAL,A,14500,8.94,0.18,N,9,0
29808,35,100000,RENT,0.0,PERSONAL,B,10000,9.99,0.1,N,9,0
29809,22,50000,RENT,7.0,MEDICAL,C,6000,13.35,0.12,N,2,0
29810,33,125000,MORTGAGE,4.0,EDUCATION,D,20000,16.49,0.16,N,10,0
29811,29,30000,RENT,2.0,EDUCATION,C,6000,12.87,0.2,N,8,0
29812,21,33012,OWN,3.0,EDUCATION,B,12200,10.99,0.37,N,2,0
29813,29,42000,MORTGAGE,3.0,HOMEIMPROVEMENT,A,10000,5.99,0.24,N,10,0
29814,23,50000,RENT,3.0,VENTURE,B,10000,10.99,0.2,N,4,0
29815,24,100000,OWN,3.0,VENTURE,C,12000,13.57,0.12,N,4,0
29816,26,40000,OWN,10.0,HOMEIMPROVEMENT,C,8000,13.49,0.2,Y,2,0
29817,25,42000,RENT,2.0,DEBTCONSOLIDATION,D,8500,14.42,0.21,Y,3,1
29818,23,48000,RENT,1.0,EDUCATION,B,7500,10.0,0.16,N,4,0
29819,24,78500,RENT,7.0,HOMEIMPROVEMENT,B,15000,12.18,0.19,N,2,0
29820,41,42804,RENT,17.0,EDUCATION,B,2000,10.99,0.04,N,15,1
29821,29,58800,MORTGAGE,13.0,DEBTCONSOLIDATION,A,5000,7.14,0.09,N,5,0
29822,26,41000,RENT,5.0,DEBTCONSOLIDATION,B,7000,10.74,0.17,N,4,0
29823,25,60000,MORTGAGE,9.0,EDUCATION,B,4000,10.65,0.07,N,3,0
29824,38,40000,RENT,2.0,VENTURE,B,10000,12.42,0.25,N,12,0
29825,27,65000,OWN,8.0,PERSONAL,B,15000,11.49,0.23,N,6,0
29826,22,50000,MORTGAGE,6.0,DEBTCONSOLIDATION,C,9000,13.85,0.18,N,2,0
29827,37,70000,MORTGAGE,7.0,EDUCATION,F,10000,15.76,0.14,Y,15,0
29828,22,60000,MORTGAGE,1.0,PERSONAL,D,8000,15.31,0.13,N,4,0
29829,30,48000,MORTGAGE,12.0,DEBTCONSOLIDATION,B,5000,10.99,0.1,N,7,0
29830,24,60000,MORTGAGE,0.0,EDUCATION,A,10000,6.54,0.17,N,2,0
29831,22,42000,MORTGAGE,6.0,PERSONAL,A,7000,7.49,0.17,N,3,0
29832,30,40000,RENT,3.0,VENTURE,D,3600,14.09,0.09,Y,7,0
29833,31,26400,OWN,0.0,MEDICAL,A,7000,7.51,0.27,N,6,0
29834,23,60000,RENT,1.0,EDUCATION,B,10000,11.58,0.17,N,4,0
29835,31,82560,RENT,3.0,VENTURE,A,13000,6.62,0.16,N,7,0
29836,26,70000,RENT,4.0,EDUCATION,C,3000,15.23,0.04,N,3,0
29837,25,100000,MORTGAGE,9.0,VENTURE,D,10400,15.05,0.1,Y,2,0
29838,24,80000,RENT,4.0,PERSONAL,A,15000,9.63,0.19,N,3,0
29839,44,35000,OWN,14.0,EDUCATION,A,5000,8.94,0.14,N,15,0
29840,34,50000,OWN,5.0,PERSONAL,B,12000,9.91,0.24,N,9,0
29841,39,70000,RENT,4.0,PERSONAL,B,12000,10.74,0.17,N,15,0
29842,25,54000,RENT,1.0,DEBTCONSOLIDATION,A,4025,7.14,0.07,N,3,0
29843,34,95000,MORTGAGE,2.0,HOMEIMPROVEMENT,A,4000,5.79,0.04,N,5,0
29844,30,80000,RENT,6.0,EDUCATION,A,9000,7.88,0.11,N,10,0
29845,22,50000,RENT,3.0,VENTURE,D,10000,16.89,0.2,N,4,0
29846,22,65000,RENT,1.0,EDUCATION,C,10000,13.11,0.15,Y,3,0
29847,36,50000,RENT,6.0,MEDICAL,C,8500,13.35,0.17,N,11,0
29848,22,40000,RENT,3.0,EDUCATION,D,5000,15.31,0.13,N,4,0
29849,22,54000,RENT,4.0,DEBTCONSOLIDATION,E,17250,19.42,0.32,N,3,1
29850,38,62000,MORTGAGE,1.0,MEDICAL,A,9000,9.63,0.15,N,16,0
29851,24,54000,RENT,9.0,DEBTCONSOLIDATION,A,5000,7.51,0.09,N,2,1
29852,23,43955,MORTGAGE,7.0,EDUCATION,B,7500,10.99,0.16,N,3,0
29853,21,45000,RENT,0.0,DEBTCONSOLIDATION,C,10000,14.27,0.22,N,3,0
29854,28,65000,MORTGAGE,4.0,VENTURE,A,10000,9.07,0.15,N,10,0
29855,21,40000,MORTGAGE,5.0,PERSONAL,B,3000,9.91,0.07,N,2,0
29856,21,30000,RENT,2.0,DEBTCONSOLIDATION,B,2200,11.12,0.07,N,2,0
29857,22,66000,MORTGAGE,6.0,DEBTCONSOLIDATION,B,15000,11.58,0.23,N,4,0
29858,28,70000,RENT,4.0,DEBTCONSOLIDATION,A,10000,8.94,0.14,N,9,0
29859,42,96000,MORTGAGE,4.0,EDUCATION,B,2400,10.51,0.03,N,11,0
29860,26,34000,RENT,0.0,DEBTCONSOLIDATION,B,6000,9.99,0.18,N,2,0
29861,25,84996,RENT,2.0,MEDICAL,C,8000,12.87,0.09,N,2,0
29862,33,38000,MORTGAGE,5.0,DEBTCONSOLIDATION,A,8500,6.03,0.22,N,5,0
29863,24,60000,MORTGAGE,0.0,EDUCATION,A,10000,8.59,0.17,N,2,0
29864,24,97000,MORTGAGE,0.0,HOMEIMPROVEMENT,C,10000,13.79,0.1,Y,2,0
29865,25,30000,RENT,3.0,DEBTCONSOLIDATION,C,4500,12.73,0.15,N,4,0
29866,30,60000,MORTGAGE,5.0,MEDICAL,B,5000,10.99,0.08,N,10,0
29867,23,52000,RENT,2.0,DEBTCONSOLIDATION,C,6000,12.87,0.12,N,2,0
29868,23,77000,RENT,7.0,EDUCATION,D,16000,16.02,0.21,Y,4,0
29869,22,55000,RENT,6.0,DEBTCONSOLIDATION,C,10200,13.92,0.19,N,2,0
29870,43,50000,MORTGAGE,5.0,MEDICAL,A,4000,6.62,0.08,N,17,0
29871,27,35000,OWN,3.0,EDUCATION,A,10000,7.66,0.29,N,9,0
29872,29,35004,OWN,7.0,EDUCATION,C,10000,14.27,0.29,Y,10,0
29873,25,90000,RENT,3.0,DEBTCONSOLIDATION,A,14000,6.62,0.16,N,2,0
29874,22,85000,MORTGAGE,0.0,PERSONAL,B,12000,11.11,0.14,N,2,0
29875,22,52500,MORTGAGE,6.0,DEBTCONSOLIDATION,A,12000,7.88,0.23,N,3,0
29876,25,26000,RENT,0.0,VENTURE,B,5500,10.62,0.21,N,3,0
29877,33,150000,MORTGAGE,12.0,MEDICAL,A,25000,7.88,0.17,N,8,0
29878,37,140000,MORTGAGE,6.0,HOMEIMPROVEMENT,B,25000,10.99,0.18,N,11,0
29879,31,65000,MORTGAGE,7.0,HOMEIMPROVEMENT,D,20000,15.58,0.31,Y,5,0
29880,25,52000,RENT,3.0,DEBTCONSOLIDATION,B,12000,11.99,0.23,N,2,0
29881,22,40000,MORTGAGE,5.0,MEDICAL,B,6000,10.74,0.15,N,3,0
29882,21,60000,MORTGAGE,5.0,EDUCATION,A,5000,7.4,0.08,N,2,0
29883,42,85000,MORTGAGE,19.0,VENTURE,A,15000,6.99,0.18,N,11,0
29884,25,78996,RENT,2.0,PERSONAL,D,10000,12.92,0.13,N,4,1
29885,38,14400,RENT,1.0,HOMEIMPROVEMENT,D,3000,15.05,0.21,N,13,1
29886,29,112000,RENT,4.0,MEDICAL,B,6400,11.49,0.06,N,8,0
29887,22,45000,RENT,2.0,MEDICAL,B,10000,10.62,0.22,N,4,0
29888,22,96000,MORTGAGE,6.0,VENTURE,A,7000,6.54,0.07,N,2,0
29889,27,103200,MORTGAGE,8.0,DEBTCONSOLIDATION,A,9000,6.76,0.09,N,5,0
29890,23,26400,RENT,0.0,EDUCATION,C,5000,13.72,0.19,Y,2,0
29891,25,78000,RENT,6.0,EDUCATION,E,18000,18.79,0.23,N,3,1
29892,23,24996,RENT,4.0,EDUCATION,B,6000,10.99,0.24,N,2,0
29893,25,225000,RENT,2.0,VENTURE,A,3600,6.39,0.01,N,2,0
29894,25,60000,RENT,3.0,MEDICAL,C,1800,13.47,0.03,Y,4,0
29895,22,25200,RENT,1.0,EDUCATION,B,6000,10.99,0.24,N,2,1
29896,27,120000,MORTGAGE,11.0,MEDICAL,A,5000,5.79,0.04,N,5,0
29897,23,120000,MORTGAGE,4.0,VENTURE,B,7000,10.65,0.06,N,2,0
29898,22,69000,MORTGAGE,6.0,EDUCATION,A,6400,7.88,0.09,N,3,0
29899,25,36000,OWN,9.0,VENTURE,D,10000,14.59,0.28,N,3,0
29900,29,33000,RENT,1.0,EDUCATION,A,12000,7.9,0.36,N,10,1
29901,22,36000,RENT,3.0,MEDICAL,B,7500,10.38,0.21,N,2,0
29902,27,75000,MORTGAGE,11.0,EDUCATION,B,2500,11.99,0.03,N,7,0
29903,21,54000,MORTGAGE,5.0,EDUCATION,D,10000,16.49,0.19,Y,2,0
29904,43,54000,MORTGAGE,4.0,DEBTCONSOLIDATION,A,10000,7.14,0.19,N,17,0
29905,27,30000,RENT,6.0,MEDICAL,A,4000,7.49,0.13,N,10,0
29906,22,93000,MORTGAGE,3.0,HOMEIMPROVEMENT,C,12000,15.27,0.13,Y,2,1
29907,23,38400,RENT,7.0,MEDICAL,B,10000,10.37,0.26,N,3,0
29908,41,90000,MORTGAGE,12.0,MEDICAL,A,11000,5.42,0.12,N,13,0
29909,27,90000,MORTGAGE,1.0,HOMEIMPROVEMENT,B,24000,11.36,0.27,N,7,0
29910,22,40000,OWN,0.0,MEDICAL,B,7500,12.18,0.19,N,2,0
29911,24,50000,RENT,0.0,MEDICAL,C,6300,13.16,0.13,N,4,0
29912,22,51480,MORTGAGE,4.0,MEDICAL,A,12000,7.88,0.23,N,3,0
29913,27,75000,MORTGAGE,3.0,HOMEIMPROVEMENT,B,5000,11.49,0.07,N,8,0
29914,22,35000,RENT,2.0,DEBTCONSOLIDATION,B,7000,11.11,0.19,N,3,0
29915,41,37200,OWN,0.0,DEBTCONSOLIDATION,D,6000,15.7,0.16,Y,15,0
29916,30,75000,RENT,4.0,HOMEIMPROVEMENT,A,7000,6.62,0.09,N,6,0
29917,22,60000,MORTGAGE,6.0,VENTURE,A,3500,7.74,0.06,N,3,0
29918,36,100000,MORTGAGE,5.0,MEDICAL,B,16800,11.99,0.16,N,11,0
29919,31,60000,RENT,0.0,VENTURE,B,6000,10.59,0.1,N,8,0
29920,33,30000,MORTGAGE,3.0,EDUCATION,B,6000,10.62,0.2,N,6,0
29921,35,60000,RENT,4.0,HOMEIMPROVEMENT,C,10200,13.92,0.17,Y,9,0
29922,24,99000,MORTGAGE,3.0,VENTURE,A,12000,6.03,0.12,N,4,0
29923,37,50000,RENT,2.0,HOMEIMPROVEMENT,B,4000,10.37,0.08,N,11,0
29924,28,23004,RENT,0.0,DEBTCONSOLIDATION,A,1350,5.42,0.06,N,10,0
29925,30,40000,RENT,14.0,VENTURE,B,10000,12.69,0.25,N,5,0
29926,22,25000,RENT,3.0,MEDICAL,C,3500,14.22,0.14,N,2,0
29927,23,50000,RENT,2.0,VENTURE,A,4000,7.49,0.08,N,4,0
29928,24,120000,RENT,4.0,MEDICAL,B,24000,10.99,0.2,N,2,0
29929,28,40000,RENT,9.0,VENTURE,B,6000,11.11,0.15,N,6,0
29930,23,60000,RENT,3.0,DEBTCONSOLIDATION,C,20000,13.22,0.33,Y,3,1
29931,32,85000,MORTGAGE,11.0,DEBTCONSOLIDATION,A,10000,6.54,0.12,N,6,0
29932,25,94992,MORTGAGE,0.0,EDUCATION,B,12000,11.89,0.13,N,4,0
29933,24,46000,RENT,0.0,MEDICAL,C,10000,13.11,0.22,N,2,0
29934,22,39996,RENT,6.0,DEBTCONSOLIDATION,C,5000,14.72,0.12,Y,2,0
29935,26,25400,RENT,1.0,MEDICAL,C,7500,14.27,0.3,Y,3,1
29936,30,80000,MORTGAGE,4.0,PERSONAL,B,7500,9.99,0.09,N,9,0
29937,30,48000,MORTGAGE,3.0,HOMEIMPROVEMENT,A,12000,6.62,0.24,N,7,0
29938,26,40000,RENT,0.0,MEDICAL,B,2500,11.71,0.06,N,3,0
29939,36,71688,RENT,3.0,PERSONAL,D,7500,16.77,0.1,Y,15,0
29940,27,63344,MORTGAGE,3.0,HOMEIMPROVEMENT,B,19000,11.36,0.31,N,8,0
29941,22,75000,MORTGAGE,6.0,VENTURE,B,10000,10.74,0.13,N,2,0
29942,28,70000,RENT,1.0,VENTURE,B,8000,12.53,0.11,N,6,0
29943,28,60000,OWN,12.0,VENTURE,A,12000,5.42,0.2,N,7,0
29944,23,44004,RENT,3.0,EDUCATION,D,11000,18.25,0.25,N,3,1
29945,22,49500,MORTGAGE,6.0,DEBTCONSOLIDATION,C,10500,13.48,0.21,N,4,0
29946,26,39456,OWN,7.0,VENTURE,A,11000,6.62,0.28,N,4,0
29947,26,85000,RENT,5.0,PERSONAL,D,12000,15.33,0.14,Y,4,0
29948,30,54000,RENT,13.0,HOMEIMPROVEMENT,A,11000,6.99,0.2,N,6,0
29949,23,39000,RENT,0.0,VENTURE,D,15000,15.28,0.38,N,3,1
29950,24,27264,RENT,8.0,VENTURE,C,7500,13.79,0.26,N,4,0
29951,28,25200,RENT,0.0,MEDICAL,C,4700,13.49,0.18,Y,9,0
29952,26,40000,MORTGAGE,6.0,DEBTCONSOLIDATION,B,10500,11.14,0.26,N,4,0
29953,34,75000,MORTGAGE,1.0,VENTURE,C,10000,13.8,0.13,Y,7,0
29954,30,49777,MORTGAGE,7.0,MEDICAL,D,10000,16.32,0.2,Y,6,1
29955,25,85000,MORTGAGE,9.0,PERSONAL,A,5000,7.88,0.06,N,3,0
29956,26,94500,MORTGAGE,2.0,VENTURE,B,10000,10.95,0.11,N,4,0
29957,25,97781,MORTGAGE,7.0,MEDICAL,A,5575,6.54,0.06,N,3,0
29958,28,36000,RENT,4.0,MEDICAL,B,12500,11.49,0.36,N,9,1
29959,31,150000,MORTGAGE,2.0,EDUCATION,C,25000,13.47,0.17,N,6,0
29960,28,85000,MORTGAGE,2.0,HOMEIMPROVEMENT,B,10000,11.86,0.12,N,8,0
29961,26,54000,MORTGAGE,10.0,VENTURE,B,12000,10.95,0.22,N,3,0
29962,52,68000,RENT,0.0,PERSONAL,A,10000,8.49,0.15,N,18,0
29963,25,60000,MORTGAGE,7.0,EDUCATION,A,14000,7.9,0.23,N,3,0
29964,36,74000,MORTGAGE,13.0,EDUCATION,B,25000,10.74,0.34,N,15,0
29965,24,90000,MORTGAGE,6.0,MEDICAL,B,12000,12.42,0.13,N,4,0
29966,23,56004,MORTGAGE,0.0,DEBTCONSOLIDATION,C,5000,13.72,0.09,Y,3,1
29967,21,27000,RENT,5.0,MEDICAL,A,2000,6.54,0.07,N,3,0
29968,25,50000,RENT,3.0,EDUCATION,A,6000,9.32,0.12,N,2,0
29969,22,32400,RENT,5.0,EDUCATION,C,4000,13.48,0.12,Y,4,0
29970,22,25000,RENT,6.0,VENTURE,B,4000,12.21,0.16,N,3,0
29971,29,56000,MORTGAGE,11.0,PERSONAL,A,6000,6.76,0.11,N,5,0
29972,23,80000,RENT,0.0,VENTURE,A,10000,6.62,0.13,N,3,0
29973,36,48000,RENT,3.0,VENTURE,C,8000,12.53,0.17,N,16,0
29974,23,75000,MORTGAGE,3.0,VENTURE,A,10000,7.49,0.13,N,3,0
29975,21,51000,MORTGAGE,5.0,DEBTCONSOLIDATION,A,2800,7.51,0.05,N,2,0
29976,23,78000,RENT,7.0,VENTURE,B,25000,12.18,0.32,N,3,1
29977,56,52000,MORTGAGE,6.0,EDUCATION,A,9000,7.51,0.17,N,19,0
29978,23,30000,RENT,5.0,DEBTCONSOLIDATION,B,3000,10.0,0.1,N,2,0
29979,22,45000,MORTGAGE,0.0,VENTURE,C,6000,13.48,0.13,N,2,0
29980,23,120000,MORTGAGE,0.0,PERSONAL,B,20000,10.25,0.17,N,3,0
29981,22,36800,RENT,6.0,MEDICAL,A,7200,7.88,0.19,N,3,1
29982,22,95000,MORTGAGE,5.0,MEDICAL,B,12000,11.49,0.13,N,4,0
29983,24,30000,RENT,0.0,MEDICAL,B,3600,11.71,0.12,N,2,0
29984,22,40000,MORTGAGE,6.0,VENTURE,A,8500,7.51,0.21,N,3,0
29985,30,30000,RENT,2.0,HOMEIMPROVEMENT,B,5000,10.99,0.17,N,9,1
29986,26,65000,MORTGAGE,2.0,PERSONAL,B,10000,11.14,0.15,N,2,0
29987,41,65000,RENT,0.0,EDUCATION,C,4000,12.68,0.06,N,17,0
29988,37,25000,RENT,5.0,MEDICAL,C,7500,13.48,0.3,Y,12,0
29989,22,48000,RENT,3.0,EDUCATION,A,2400,8.9,0.05,N,3,0
29990,28,70000,MORTGAGE,12.0,PERSONAL,B,10000,11.14,0.14,N,9,0
29991,28,36000,RENT,0.0,VENTURE,A,8000,6.54,0.22,N,8,0
29992,27,115000,MORTGAGE,11.0,HOMEIMPROVEMENT,A,5000,7.51,0.04,N,8,0
29993,32,60000,MORTGAGE,16.0,PERSONAL,A,9500,8.9,0.16,N,10,0
29994,27,60000,RENT,3.0,HOMEIMPROVEMENT,C,10000,13.98,0.17,Y,9,0
29995,36,65000,MORTGAGE,5.0,MEDICAL,A,7000,5.42,0.11,N,13,0
29996,47,36000,RENT,4.0,PERSONAL,B,3000,10.99,0.08,N,16,1
29997,33,115000,RENT,3.0,PERSONAL,D,8000,16.02,0.07,Y,6,0
29998,27,150000,MORTGAGE,3.0,VENTURE,B,12000,10.25,0.08,N,9,0
29999,29,60000,RENT,4.0,MEDICAL,C,6000,13.61,0.1,Y,10,0
30000,25,70000,MORTGAGE,3.0,HOMEIMPROVEMENT,C,10000,13.49,0.14,Y,4,0
30001,23,85000,RENT,5.0,EDUCATION,B,7000,9.99,0.08,N,2,0
30002,28,59700,RENT,12.0,PERSONAL,B,6000,10.99,0.1,N,7,0
30003,44,60000,MORTGAGE,2.0,EDUCATION,B,8000,10.95,0.13,N,17,0
30004,29,60000,MORTGAGE,5.0,EDUCATION,A,3000,5.99,0.05,N,5,0
30005,23,60000,RENT,0.0,MEDICAL,B,5000,11.49,0.08,N,3,0
30006,27,60000,MORTGAGE,11.0,PERSONAL,A,3600,7.14,0.06,N,7,0
30007,27,70000,OWN,11.0,VENTURE,B,5600,10.65,0.08,N,7,0
30008,24,60000,MORTGAGE,9.0,PERSONAL,B,12000,9.63,0.2,N,4,0
30009,32,68000,RENT,4.0,HOMEIMPROVEMENT,B,14400,10.99,0.21,N,10,0
30010,48,85000,MORTGAGE,0.0,EDUCATION,A,8000,7.14,0.09,N,14,0
30011,25,43200,OWN,9.0,VENTURE,C,10000,15.96,0.23,N,4,0
30012,39,98000,RENT,2.0,HOMEIMPROVEMENT,B,6500,11.89,0.07,N,11,1
30013,25,38400,RENT,0.0,DEBTCONSOLIDATION,A,10000,7.29,0.26,N,3,0
30014,22,40000,RENT,4.0,VENTURE,A,5000,7.14,0.13,N,2,0
30015,32,65450,RENT,3.0,HOMEIMPROVEMENT,C,5000,13.98,0.07,Y,8,0
30016,44,54000,RENT,5.0,HOMEIMPROVEMENT,B,8000,10.74,0.15,N,12,0
30017,38,36000,RENT,0.0,PERSONAL,A,3600,7.51,0.1,N,11,0
30018,24,80000,RENT,8.0,DEBTCONSOLIDATION,B,9000,10.62,0.11,N,3,0
30019,27,70000,RENT,2.0,VENTURE,B,15000,12.69,0.21,N,9,0
30020,28,52000,OWN,0.0,EDUCATION,B,10000,11.26,0.19,N,6,0
30021,31,69000,RENT,1.0,HOMEIMPROVEMENT,E,20000,17.74,0.28,N,6,1
30022,27,38400,RENT,3.0,EDUCATION,B,3500,11.86,0.09,N,10,0
30023,22,60000,RENT,0.0,PERSONAL,C,5000,13.98,0.08,Y,4,0
30024,28,62000,RENT,7.0,DEBTCONSOLIDATION,B,7200,9.91,0.12,N,10,0
30025,34,62100,MORTGAGE,11.0,MEDICAL,A,9600,7.66,0.15,N,7,0
30026,24,60000,RENT,2.0,DEBTCONSOLIDATION,A,8000,8.9,0.13,N,3,0
30027,29,36000,RENT,4.0,PERSONAL,C,14000,12.99,0.39,N,5,1
30028,32,67500,RENT,0.0,VENTURE,E,18000,17.04,0.26,Y,9,1
30029,22,91200,MORTGAGE,6.0,PERSONAL,A,5000,6.92,0.05,N,2,0
30030,25,114400,MORTGAGE,0.0,PERSONAL,C,3000,13.48,0.03,N,3,0
30031,34,45000,RENT,2.0,PERSONAL,E,15000,18.64,0.33,Y,9,1
30032,32,75000,MORTGAGE,3.0,HOMEIMPROVEMENT,B,10000,10.99,0.13,N,7,0
30033,24,90000,MORTGAGE,8.0,HOMEIMPROVEMENT,B,20000,11.49,0.22,N,4,0
30034,22,60000,RENT,0.0,DEBTCONSOLIDATION,D,3250,17.27,0.06,N,4,1
30035,28,103000,MORTGAGE,12.0,HOMEIMPROVEMENT,A,10000,6.03,0.1,N,5,0
30036,31,57700,RENT,3.0,VENTURE,C,5600,13.23,0.1,Y,8,0
30037,39,128000,MORTGAGE,7.0,DEBTCONSOLIDATION,B,18000,10.75,0.14,N,14,1
30038,34,54996,RENT,0.0,HOMEIMPROVEMENT,A,12300,6.62,0.23,N,6,0
30039,31,180000,MORTGAGE,15.0,MEDICAL,C,14000,13.23,0.08,Y,9,0
30040,22,48000,RENT,1.0,DEBTCONSOLIDATION,A,9000,6.91,0.19,N,2,0
30041,39,80000,RENT,17.0,VENTURE,C,14400,13.99,0.18,Y,16,0
30042,26,112500,MORTGAGE,2.0,HOMEIMPROVEMENT,B,23000,10.36,0.21,N,2,0
30043,26,96000,MORTGAGE,2.0,PERSONAL,B,20000,10.65,0.21,N,2,0
30044,23,65000,MORTGAGE,7.0,VENTURE,A,15000,7.9,0.23,N,4,0
30045,23,49161,RENT,1.0,HOMEIMPROVEMENT,D,8000,13.17,0.16,Y,3,1
30046,28,38100,RENT,6.0,DEBTCONSOLIDATION,A,5000,7.14,0.13,N,5,0
30047,41,60000,MORTGAGE,3.0,HOMEIMPROVEMENT,E,22000,17.74,0.36,Y,11,0
30048,25,36000,RENT,2.0,PERSONAL,B,11000,9.63,0.31,N,3,1
30049,22,55000,RENT,3.0,EDUCATION,B,7000,8.88,0.13,N,4,0
30050,22,25000,RENT,0.0,MEDICAL,B,2400,12.53,0.1,N,3,0
30051,26,64000,RENT,2.0,DEBTCONSOLIDATION,D,25000,14.83,0.39,N,2,1
30052,23,82500,MORTGAGE,0.0,PERSONAL,A,9800,8.9,0.12,N,3,0
30053,22,38000,RENT,6.0,PERSONAL,B,10000,9.99,0.26,N,4,0
30054,25,24000,RENT,0.0,DEBTCONSOLIDATION,D,2000,16.32,0.08,N,4,1
30055,48,66948,OWN,9.0,VENTURE,B,24000,10.62,0.36,N,6,0
30056,36,36000,MORTGAGE,5.0,PERSONAL,B,5000,9.99,0.14,N,13,0
30057,30,65000,MORTGAGE,4.0,HOMEIMPROVEMENT,A,7000,7.9,0.11,N,6,0
30058,22,60000,MORTGAGE,6.0,PERSONAL,C,5000,13.48,0.08,Y,2,0
30059,25,66300,RENT,0.0,MEDICAL,A,6000,6.76,0.08,N,4,0
30060,23,38000,RENT,4.0,PERSONAL,B,8000,10.65,0.21,N,3,0
30061,27,50000,RENT,11.0,VENTURE,A,3600,6.17,0.07,N,9,0
30062,26,45000,RENT,7.0,EDUCATION,E,11000,16.45,0.25,N,3,0
30063,25,74000,RENT,2.0,HOMEIMPROVEMENT,D,15000,14.61,0.2,N,4,1
30064,22,90000,RENT,6.0,MEDICAL,A,7000,7.74,0.08,N,3,0
30065,23,24000,RENT,2.0,PERSONAL,B,4500,11.49,0.19,N,4,0
30066,29,50000,RENT,7.0,DEBTCONSOLIDATION,C,1500,12.84,0.03,Y,10,0
30067,23,70000,RENT,7.0,PERSONAL,B,10000,9.88,0.14,N,2,0
30068,25,35000,RENT,5.0,EDUCATION,B,5000,11.86,0.14,N,3,0
30069,22,54000,RENT,1.0,VENTURE,A,20000,7.9,0.37,N,2,1
30070,28,90000,RENT,12.0,HOMEIMPROVEMENT,C,15000,13.85,0.17,Y,9,0
30071,25,54000,MORTGAGE,3.0,HOMEIMPROVEMENT,A,7200,7.29,0.13,N,4,0
30072,27,80000,RENT,0.0,MEDICAL,B,6000,10.37,0.07,N,6,0
30073,28,40000,MORTGAGE,8.0,PERSONAL,B,4000,11.49,0.1,N,7,0
30074,29,110000,MORTGAGE,5.0,HOMEIMPROVEMENT,A,12000,7.88,0.11,N,9,0
30075,32,45000,RENT,3.0,MEDICAL,B,10000,10.38,0.22,N,10,0
30076,24,60000,RENT,8.0,MEDICAL,A,6000,6.91,0.1,N,3,0
30077,24,75000,RENT,2.0,HOMEIMPROVEMENT,B,24000,12.18,0.32,N,4,1
30078,24,85000,RENT,5.0,HOMEIMPROVEMENT,C,25000,13.57,0.29,N,4,0
30079,23,75000,MORTGAGE,1.0,EDUCATION,C,10200,12.99,0.14,N,4,0
30080,26,42000,MORTGAGE,3.0,EDUCATION,B,6000,10.65,0.14,N,2,0
30081,22,55044,RENT,7.0,PERSONAL,C,4200,14.35,0.08,Y,2,0
30082,29,72000,RENT,4.0,DEBTCONSOLIDATION,B,5000,10.99,0.07,N,5,0
30083,28,59000,RENT,3.0,DEBTCONSOLIDATION,B,8000,10.74,0.14,N,5,1
30084,29,153000,RENT,2.0,HOMEIMPROVEMENT,B,24000,11.71,0.16,N,9,0
30085,24,110000,MORTGAGE,2.0,DEBTCONSOLIDATION,A,6000,5.79,0.05,N,4,0
30086,25,35000,MORTGAGE,2.0,PERSONAL,C,10000,13.11,0.29,N,2,0
30087,23,56525,MORTGAGE,1.0,MEDICAL,D,12000,15.95,0.18,N,4,1
30088,26,127992,MORTGAGE,10.0,VENTURE,C,6000,13.49,0.05,Y,4,0
30089,37,44000,RENT,9.0,VENTURE,C,1400,15.23,0.03,N,13,1
30090,23,36000,RENT,7.0,PERSONAL,C,5000,13.23,0.14,N,2,1
30091,23,48000,RENT,3.0,EDUCATION,C,17375,13.49,0.36,Y,4,0
30092,24,75000,RENT,2.0,EDUCATION,A,6000,6.03,0.08,N,3,0
30093,22,41000,MORTGAGE,5.0,HOMEIMPROVEMENT,C,5000,13.49,0.12,Y,2,1
30094,41,60000,MORTGAGE,5.0,EDUCATION,B,6000,10.25,0.1,N,12,0
30095,25,48000,MORTGAGE,2.0,EDUCATION,C,10000,15.96,0.21,N,2,0
30096,23,120000,MORTGAGE,2.0,VENTURE,B,5000,12.69,0.04,N,4,0
30097,23,60000,RENT,0.0,EDUCATION,C,15000,13.57,0.25,N,4,0
30098,22,49000,MORTGAGE,6.0,DEBTCONSOLIDATION,D,6000,15.31,0.12,Y,4,1
30099,29,30000,RENT,0.0,VENTURE,A,6400,7.51,0.22,N,9,0
30100,34,100000,MORTGAGE,4.0,VENTURE,A,12000,5.99,0.12,N,10,0
30101,30,90000,MORTGAGE,12.0,DEBTCONSOLIDATION,C,25000,12.73,0.28,N,8,0
30102,28,54000,RENT,9.0,PERSONAL,A,12000,7.66,0.22,N,7,0
30103,21,55000,RENT,3.0,DEBTCONSOLIDATION,B,5000,11.36,0.09,N,2,0
30104,25,60000,RENT,3.0,VENTURE,B,12000,10.38,0.2,N,2,0
30105,23,130000,RENT,7.0,EDUCATION,C,6000,14.26,0.05,N,4,0
30106,23,68000,RENT,5.0,EDUCATION,A,3600,7.66,0.05,N,3,0
30107,28,69996,RENT,0.0,HOMEIMPROVEMENT,A,3000,6.17,0.04,N,8,0
30108,30,100000,MORTGAGE,7.0,EDUCATION,A,6000,6.03,0.06,N,6,0
30109,31,58000,RENT,1.0,VENTURE,B,4000,10.99,0.07,N,5,0
30110,25,35280,RENT,3.0,DEBTCONSOLIDATION,C,10375,14.27,0.29,Y,5,0
30111,31,64000,RENT,1.0,EDUCATION,C,1500,13.98,0.02,N,5,0
30112,33,150000,OWN,14.0,PERSONAL,B,21000,11.83,0.14,N,6,0
30113,37,84000,MORTGAGE,9.0,HOMEIMPROVEMENT,B,18000,11.26,0.21,N,14,0
30114,29,65000,MORTGAGE,0.0,EDUCATION,A,8000,5.42,0.12,N,9,0
30115,28,54000,OWN,12.0,HOMEIMPROVEMENT,A,10000,7.14,0.19,N,7,0
30116,38,55000,MORTGAGE,5.0,VENTURE,C,12000,13.61,0.22,N,13,0
30117,23,50000,RENT,5.0,EDUCATION,A,12000,7.49,0.24,N,3,0
30118,25,70000,RENT,5.0,HOMEIMPROVEMENT,B,5600,11.71,0.08,N,2,0
30119,41,120000,MORTGAGE,5.0,HOMEIMPROVEMENT,C,15000,13.11,0.13,Y,12,0
30120,27,60000,RENT,3.0,EDUCATION,C,4000,13.98,0.07,Y,5,0
30121,23,86000,MORTGAGE,4.0,PERSONAL,A,6000,5.99,0.07,N,3,0
30122,28,106358,MORTGAGE,5.0,DEBTCONSOLIDATION,A,7200,7.66,0.07,N,6,0
30123,23,90000,MORTGAGE,7.0,DEBTCONSOLIDATION,A,35000,8.9,0.39,N,3,0
30124,25,42000,RENT,4.0,EDUCATION,B,15000,10.0,0.36,N,2,1
30125,28,55000,MORTGAGE,0.0,VENTURE,A,15000,6.91,0.27,N,8,0
30126,25,75000,MORTGAGE,9.0,HOMEIMPROVEMENT,A,9600,5.42,0.13,N,2,0
30127,26,26000,RENT,1.0,DEBTCONSOLIDATION,D,8500,14.09,0.33,N,2,1
30128,21,33000,RENT,5.0,DEBTCONSOLIDATION,B,3000,11.49,0.09,N,2,0
30129,24,60000,RENT,3.0,EDUCATION,D,15000,15.2,0.25,Y,4,0
30130,24,50000,RENT,0.0,PERSONAL,A,3000,7.88,0.06,N,2,0
30131,22,41000,RENT,2.0,MEDICAL,C,6000,12.73,0.12,Y,4,0
30132,24,112445,MORTGAGE,5.0,PERSONAL,A,6000,5.79,0.05,N,2,0
30133,25,50000,MORTGAGE,9.0,PERSONAL,A,6000,6.62,0.12,N,3,0
30134,23,150000,MORTGAGE,6.0,VENTURE,A,12000,7.88,0.08,N,2,0
30135,22,24000,OWN,3.0,PERSONAL,B,6000,11.83,0.25,N,2,0
30136,23,75000,MORTGAGE,5.0,MEDICAL,A,10000,6.17,0.13,N,2,0
30137,33,35000,RENT,4.0,EDUCATION,A,1500,6.76,0.04,N,6,0
30138,22,43000,RENT,4.0,EDUCATION,B,10000,10.99,0.23,N,3,0
30139,23,40000,RENT,0.0,EDUCATION,A,5000,7.49,0.13,N,2,0
30140,26,44160,RENT,2.0,PERSONAL,C,8000,13.16,0.18,N,3,0
30141,31,72600,MORTGAGE,0.0,EDUCATION,A,4500,7.66,0.06,N,6,0
30142,24,25000,RENT,3.0,PERSONAL,A,8000,7.14,0.33,N,3,1
30143,22,50000,MORTGAGE,6.0,EDUCATION,A,9250,8.59,0.19,N,4,0
30144,55,95000,OWN,5.0,PERSONAL,B,25000,10.99,0.26,N,18,0
30145,23,42000,MORTGAGE,4.0,EDUCATION,C,6500,14.35,0.15,Y,3,0
30146,45,93000,MORTGAGE,6.0,MEDICAL,B,3600,10.74,0.04,N,12,0
30147,23,72000,MORTGAGE,7.0,EDUCATION,B,12000,8.88,0.17,N,4,1
30148,23,72000,RENT,7.0,MEDICAL,B,16000,11.71,0.22,N,3,0
30149,23,48000,MORTGAGE,7.0,HOMEIMPROVEMENT,B,12000,10.37,0.25,N,3,1
30150,24,56000,RENT,5.0,DEBTCONSOLIDATION,B,6000,10.99,0.11,N,3,0
30151,22,44004,RENT,2.0,MEDICAL,A,12000,6.92,0.27,N,4,0
30152,45,150000,MORTGAGE,8.0,VENTURE,A,10000,8.32,0.07,N,13,0
30153,22,28800,MORTGAGE,6.0,VENTURE,B,5000,10.99,0.17,N,2,0
30154,24,50000,RENT,5.0,EDUCATION,C,12500,13.61,0.25,Y,2,0
30155,21,30000,RENT,6.0,EDUCATION,C,7200,12.84,0.24,Y,4,0
30156,32,70000,MORTGAGE,0.0,DEBTCONSOLIDATION,B,10000,11.71,0.14,N,10,0
30157,24,56000,MORTGAGE,5.0,DEBTCONSOLIDATION,A,10000,6.03,0.18,N,2,0
30158,44,65000,MORTGAGE,3.0,HOMEIMPROVEMENT,A,8800,7.51,0.15,N,11,0
30159,23,120000,MORTGAGE,7.0,EDUCATION,A,10000,7.74,0.08,N,3,0
30160,23,50000,RENT,1.0,EDUCATION,C,10000,13.79,0.2,N,3,0
30161,26,24000,RENT,0.0,MEDICAL,C,6400,13.85,0.27,N,3,0
30162,23,65000,RENT,8.0,EDUCATION,E,20000,16.7,0.31,Y,3,1
30163,32,78400,MORTGAGE,2.0,VENTURE,B,17400,10.0,0.22,N,9,0
30164,37,66000,RENT,5.0,VENTURE,D,6200,17.58,0.1,N,13,0
30165,36,75000,MORTGAGE,3.0,HOMEIMPROVEMENT,C,12000,14.27,0.16,N,16,0
30166,26,55000,MORTGAGE,5.0,MEDICAL,A,8500,7.14,0.15,N,4,0
30167,21,35000,RENT,5.0,EDUCATION,C,6000,15.23,0.17,N,3,0
30168,23,100000,RENT,1.0,EDUCATION,A,10000,8.49,0.1,N,3,0
30169,25,84996,MORTGAGE,9.0,EDUCATION,A,5000,6.03,0.06,N,2,0
30170,25,70000,MORTGAGE,9.0,MEDICAL,B,3000,11.99,0.04,N,3,0
30171,31,67000,MORTGAGE,9.0,MEDICAL,A,10000,8.59,0.15,N,7,0
30172,25,36000,MORTGAGE,0.0,DEBTCONSOLIDATION,A,7500,6.03,0.21,N,4,0
30173,27,50000,RENT,1.0,DEBTCONSOLIDATION,B,12000,10.37,0.24,N,8,0
30174,26,60000,RENT,2.0,DEBTCONSOLIDATION,B,12000,12.21,0.2,N,4,0
30175,31,41000,MORTGAGE,15.0,PERSONAL,A,10000,7.51,0.24,N,9,0
30176,23,50000,MORTGAGE,7.0,DEBTCONSOLIDATION,B,6000,11.49,0.12,N,4,0
30177,26,77000,MORTGAGE,1.0,PERSONAL,A,6000,5.42,0.08,N,3,0
30178,30,62000,MORTGAGE,8.0,DEBTCONSOLIDATION,A,4800,7.9,0.08,N,9,0
30179,22,45630,RENT,0.0,HOMEIMPROVEMENT,E,3000,18.64,0.07,N,4,1
30180,23,40000,RENT,7.0,DEBTCONSOLIDATION,C,2000,14.72,0.05,N,4,0
30181,27,27000,RENT,2.0,MEDICAL,B,10000,11.71,0.37,N,6,1
30182,22,60000,MORTGAGE,0.0,DEBTCONSOLIDATION,A,13000,7.88,0.22,N,2,0
30183,24,60000,RENT,8.0,VENTURE,A,10000,7.66,0.17,N,3,0
30184,28,36000,RENT,0.0,MEDICAL,D,10000,13.55,0.28,N,10,1
30185,27,72000,MORTGAGE,5.0,MEDICAL,A,4000,6.76,0.06,N,9,0
30186,25,120000,MORTGAGE,5.0,HOMEIMPROVEMENT,B,5000,11.49,0.04,N,3,0
30187,28,100000,MORTGAGE,11.0,HOMEIMPROVEMENT,A,10000,9.07,0.1,N,8,0
30188,23,70000,MORTGAGE,7.0,EDUCATION,A,3000,6.39,0.04,N,3,0
30189,26,102000,MORTGAGE,10.0,MEDICAL,B,24250,11.71,0.24,N,2,0
30190,24,38000,MORTGAGE,8.0,DEBTCONSOLIDATION,A,6500,7.49,0.17,N,3,0
30191,33,80000,MORTGAGE,7.0,EDUCATION,A,15000,7.29,0.19,N,9,0
30192,32,45000,MORTGAGE,4.0,DEBTCONSOLIDATION,A,5000,7.49,0.11,N,10,0
30193,26,60000,MORTGAGE,10.0,EDUCATION,A,5000,6.03,0.08,N,4,0
30194,22,59000,RENT,6.0,DEBTCONSOLIDATION,D,12000,15.62,0.2,N,2,1
30195,21,70000,RENT,5.0,DEBTCONSOLIDATION,A,4000,5.79,0.06,N,4,0
30196,37,75600,MORTGAGE,11.0,PERSONAL,A,8000,7.88,0.11,N,12,0
30197,23,47000,RENT,7.0,DEBTCONSOLIDATION,B,15000,11.11,0.32,N,3,1
30198,22,40000,MORTGAGE,5.0,VENTURE,B,4000,12.69,0.1,N,2,0
30199,32,80000,RENT,0.0,HOMEIMPROVEMENT,A,12000,6.62,0.15,N,9,0
30200,30,30000,RENT,0.0,DEBTCONSOLIDATION,A,12000,7.51,0.4,N,7,1
30201,23,50000,RENT,7.0,DEBTCONSOLIDATION,B,3000,10.25,0.06,N,2,0
30202,28,70000,MORTGAGE,4.0,EDUCATION,A,15000,7.51,0.22,N,10,0
30203,25,55000,RENT,4.0,PERSONAL,D,24250,15.65,0.45,Y,2,1
30204,36,69996,RENT,3.0,PERSONAL,B,5000,10.37,0.07,N,15,0
30205,23,41000,RENT,0.0,EDUCATION,C,12500,12.87,0.3,Y,4,0
30206,27,33000,MORTGAGE,6.0,DEBTCONSOLIDATION,B,12000,10.99,0.37,N,9,1
30207,23,57996,RENT,4.0,PERSONAL,C,11300,13.23,0.19,N,4,0
30208,30,80000,MORTGAGE,14.0,PERSONAL,A,7500,6.62,0.09,N,9,0
30209,22,50000,RENT,1.0,VENTURE,B,3500,10.37,0.07,N,4,0
30210,25,70000,RENT,6.0,MEDICAL,B,12000,10.37,0.17,N,2,0
30211,22,50000,MORTGAGE,6.0,MEDICAL,A,9600,7.51,0.18,N,4,0
30212,31,30000,RENT,0.0,HOMEIMPROVEMENT,C,5000,14.26,0.17,Y,5,1
30213,23,39000,RENT,2.0,PERSONAL,D,7500,14.11,0.2,Y,3,1
30214,52,24000,RENT,2.0,MEDICAL,B,6000,9.63,0.25,N,22,0
30215,24,95000,RENT,6.0,EDUCATION,A,12000,6.03,0.13,N,3,0
30216,26,82500,RENT,0.0,DEBTCONSOLIDATION,B,4000,8.88,0.05,N,4,0
30217,22,70000,MORTGAGE,6.0,VENTURE,C,6000,14.72,0.09,Y,2,0
30218,23,69504,RENT,5.0,VENTURE,A,10000,7.66,0.14,N,2,0
30219,33,54000,MORTGAGE,2.0,MEDICAL,A,12300,7.29,0.22,N,6,0
30220,24,50000,MORTGAGE,2.0,HOMEIMPROVEMENT,A,8000,7.14,0.16,N,2,0
30221,22,66996,MORTGAGE,6.0,VENTURE,B,11200,11.12,0.17,N,3,0
30222,29,38000,RENT,3.0,MEDICAL,B,5000,10.38,0.13,N,6,0
30223,31,39000,RENT,0.0,DEBTCONSOLIDATION,C,12000,12.68,0.31,Y,5,1
30224,23,40000,RENT,4.0,MEDICAL,A,4000,5.99,0.1,N,4,0
30225,26,80000,MORTGAGE,5.0,VENTURE,B,14500,9.91,0.18,N,2,0
30226,42,70000,MORTGAGE,5.0,HOMEIMPROVEMENT,A,10000,7.51,0.14,N,11,0
30227,30,90722,MORTGAGE,7.0,EDUCATION,A,20000,6.91,0.22,N,8,0
30228,34,45000,MORTGAGE,1.0,VENTURE,A,11200,5.79,0.25,N,10,0
30229,23,60000,MORTGAGE,0.0,DEBTCONSOLIDATION,B,7500,11.14,0.13,N,2,0
30230,33,79050,RENT,17.0,EDUCATION,D,4000,14.46,0.04,N,7,1
30231,28,95000,MORTGAGE,12.0,MEDICAL,C,15000,13.85,0.16,N,8,0
30232,22,75000,RENT,2.0,DEBTCONSOLIDATION,A,12000,8.9,0.16,N,3,0
30233,23,90000,MORTGAGE,7.0,EDUCATION,B,4000,9.99,0.04,N,3,0
30234,24,72000,RENT,3.0,PERSONAL,A,6000,8.49,0.08,N,3,0
30235,23,54000,RENT,2.0,PERSONAL,C,10000,11.03,0.19,Y,3,0
30236,29,34000,RENT,2.0,EDUCATION,A,5000,7.88,0.15,N,9,0
30237,31,60000,RENT,4.0,MEDICAL,A,6600,8.0,0.11,N,9,0
30238,24,65454,MORTGAGE,1.0,PERSONAL,B,13600,11.99,0.2,N,4,0
30239,27,43000,RENT,6.0,EDUCATION,B,3600,10.37,0.08,N,6,0
30240,24,60000,RENT,7.0,EDUCATION,A,12000,7.29,0.2,N,2,0
30241,29,130000,RENT,0.0,EDUCATION,B,9000,10.99,0.07,N,6,0
30242,23,84000,MORTGAGE,7.0,VENTURE,B,15000,11.71,0.18,N,4,0
30243,22,60000,MORTGAGE,6.0,VENTURE,A,2500,6.76,0.04,N,4,0
30244,22,60000,RENT,0.0,VENTURE,A,10000,6.17,0.17,N,4,0
30245,37,195000,MORTGAGE,14.0,DEBTCONSOLIDATION,C,6000,13.72,0.03,N,17,0
30246,28,100000,MORTGAGE,2.0,DEBTCONSOLIDATION,A,5000,6.92,0.05,N,7,0
30247,35,64424,MORTGAGE,1.0,PERSONAL,A,9600,6.03,0.13,N,10,0
30248,24,65004,MORTGAGE,0.0,EDUCATION,C,8000,12.87,0.12,Y,3,0
30249,22,65000,MORTGAGE,4.0,MEDICAL,A,7000,7.14,0.11,N,2,0
30250,23,46800,MORTGAGE,7.0,EDUCATION,A,3600,5.99,0.08,N,3,0
30251,25,84000,MORTGAGE,9.0,HOMEIMPROVEMENT,A,12000,8.32,0.14,N,4,0
30252,25,30000,RENT,2.0,MEDICAL,A,6000,9.32,0.2,N,4,0
30253,22,60000,MORTGAGE,5.0,PERSONAL,A,10000,8.9,0.17,N,4,0
30254,30,58000,MORTGAGE,8.0,DEBTCONSOLIDATION,A,13000,6.99,0.22,N,10,0
30255,22,70000,RENT,2.0,VENTURE,B,20000,9.88,0.29,N,3,0
30256,23,42000,RENT,7.0,EDUCATION,B,15000,10.25,0.36,N,3,1
30257,29,54000,MORTGAGE,8.0,VENTURE,C,11000,13.16,0.2,Y,9,0
30258,21,45000,RENT,5.0,EDUCATION,A,12000,7.9,0.27,N,3,0
30259,33,67000,RENT,9.0,MEDICAL,B,3000,10.75,0.04,N,6,0
30260,23,47000,OWN,7.0,VENTURE,A,14000,6.62,0.31,N,4,0
30261,34,55000,MORTGAGE,0.0,HOMEIMPROVEMENT,B,1200,11.14,0.02,N,8,0
30262,22,36780,RENT,0.0,EDUCATION,A,15000,6.91,0.4,N,3,1
30263,25,24000,OWN,4.0,MEDICAL,D,2000,15.65,0.08,Y,2,0
30264,27,49000,RENT,11.0,DEBTCONSOLIDATION,A,8300,5.79,0.17,N,6,0
30265,23,66000,RENT,2.0,VENTURE,A,3000,7.9,0.05,N,3,0
30266,23,65000,RENT,7.0,VENTURE,B,20000,11.49,0.31,N,4,1
30267,25,50000,RENT,2.0,VENTURE,B,4000,10.37,0.08,N,2,0
30268,22,40000,RENT,5.0,EDUCATION,B,10000,10.0,0.25,N,4,0
30269,24,42000,MORTGAGE,6.0,HOMEIMPROVEMENT,D,10000,16.89,0.24,N,4,0
30270,27,17000,RENT,2.0,EDUCATION,C,5000,14.22,0.29,Y,6,0
30271,30,155867,MORTGAGE,15.0,EDUCATION,B,7200,11.86,0.05,N,6,0
30272,32,50000,RENT,1.0,HOMEIMPROVEMENT,B,8400,12.42,0.17,N,7,0
30273,36,48000,RENT,3.0,VENTURE,B,2500,9.91,0.05,N,12,0
30274,32,86400,MORTGAGE,16.0,MEDICAL,A,8000,6.03,0.09,N,6,0
30275,30,33000,RENT,4.0,HOMEIMPROVEMENT,D,9000,14.83,0.27,Y,9,1
30276,25,37648,MORTGAGE,2.0,EDUCATION,A,6800,7.14,0.17,N,2,0
30277,27,60000,RENT,5.0,DEBTCONSOLIDATION,A,9500,6.17,0.16,N,9,0
30278,26,56000,RENT,10.0,EDUCATION,D,10000,14.61,0.18,Y,2,1
30279,27,67200,MORTGAGE,6.0,HOMEIMPROVEMENT,A,16000,6.03,0.24,N,7,0
30280,21,33996,RENT,0.0,MEDICAL,D,7500,15.05,0.23,N,2,1
30281,31,60000,RENT,4.0,HOMEIMPROVEMENT,A,15000,7.88,0.25,N,5,0
30282,33,125000,RENT,3.0,HOMEIMPROVEMENT,A,10000,7.51,0.08,N,8,0
30283,30,60000,MORTGAGE,4.0,DEBTCONSOLIDATION,B,6000,11.99,0.1,N,6,0
30284,30,42000,MORTGAGE,5.0,MEDICAL,C,6500,12.99,0.15,Y,6,0
30285,28,47580,MORTGAGE,8.0,MEDICAL,C,14000,12.29,0.29,Y,9,1
30286,31,54000,MORTGAGE,12.0,DEBTCONSOLIDATION,A,5000,7.14,0.09,N,9,0
30287,28,44000,RENT,0.0,MEDICAL,B,10000,11.14,0.23,N,8,1
30288,46,38400,MORTGAGE,5.0,VENTURE,B,3600,10.99,0.09,N,16,0
30289,36,52000,RENT,3.0,DEBTCONSOLIDATION,B,8000,9.88,0.15,N,16,0
30290,25,45000,MORTGAGE,9.0,DEBTCONSOLIDATION,A,14000,8.94,0.32,N,2,0
30291,25,40000,RENT,3.0,MEDICAL,A,10300,5.79,0.26,N,2,0
30292,23,78000,MORTGAGE,7.0,EDUCATION,B,24000,10.99,0.31,N,3,1
30293,24,50000,MORTGAGE,0.0,EDUCATION,A,12000,9.32,0.24,N,2,0
30294,26,60000,MORTGAGE,1.0,HOMEIMPROVEMENT,B,10000,12.21,0.17,N,4,0
30295,24,75000,RENT,8.0,MEDICAL,B,12000,11.36,0.16,N,3,0
30296,24,50000,RENT,5.0,HOMEIMPROVEMENT,B,10000,9.91,0.2,N,4,0
30297,41,66725,MORTGAGE,2.0,MEDICAL,C,11000,13.92,0.15,Y,17,1
30298,32,60000,MORTGAGE,1.0,HOMEIMPROVEMENT,A,15000,9.63,0.25,N,6,0
30299,26,54000,MORTGAGE,10.0,DEBTCONSOLIDATION,A,5500,7.51,0.1,N,2,0
30300,23,50000,RENT,4.0,PERSONAL,B,3000,11.99,0.06,N,4,0
30301,22,60000,RENT,3.0,EDUCATION,C,16000,14.26,0.27,N,2,1
30302,23,45000,RENT,1.0,EDUCATION,A,6000,7.9,0.13,N,4,0
30303,34,30000,RENT,0.0,MEDICAL,B,12000,10.74,0.4,N,10,1
30304,21,28800,RENT,5.0,PERSONAL,A,5000,7.49,0.17,N,3,0
30305,22,58000,OWN,4.0,MEDICAL,B,1800,9.99,0.03,N,3,0
30306,33,85000,MORTGAGE,1.0,MEDICAL,C,10000,12.99,0.12,Y,6,0
30307,22,50000,RENT,1.0,EDUCATION,B,3000,11.49,0.06,N,3,0
30308,22,38004,RENT,0.0,MEDICAL,A,10000,7.88,0.26,N,2,0
30309,22,24000,RENT,3.0,DEBTCONSOLIDATION,D,9600,15.62,0.04,N,3,1
30310,23,50000,RENT,0.0,PERSONAL,B,3000,11.89,0.06,N,3,0
30311,33,105000,OWN,4.0,PERSONAL,C,3000,13.43,0.03,Y,8,0
30312,28,12000,OWN,2.0,PERSONAL,A,5825,7.49,0.51,N,7,0
30313,50,90000,MORTGAGE,2.0,MEDICAL,C,20000,13.57,0.22,N,15,0
30314,32,40000,RENT,2.0,EDUCATION,C,4000,13.49,0.1,N,7,0
30315,31,29000,RENT,1.0,DEBTCONSOLIDATION,C,4500,12.99,0.15,Y,8,0
30316,26,35000,MORTGAGE,2.0,MEDICAL,A,3800,8.59,0.11,N,4,0
30317,35,70000,MORTGAGE,5.0,DEBTCONSOLIDATION,C,7000,14.65,0.1,N,6,0
30318,26,45000,RENT,0.0,MEDICAL,A,5000,6.92,0.11,N,3,0
30319,22,40000,MORTGAGE,6.0,DEBTCONSOLIDATION,C,8000,13.11,0.2,N,2,0
30320,28,18000,RENT,2.0,VENTURE,B,2200,12.69,0.12,N,7,1
30321,27,30000,RENT,3.0,PERSONAL,A,11750,6.92,0.38,N,8,1
30322,40,42000,RENT,0.0,EDUCATION,C,4000,14.65,0.1,N,16,0
30323,44,75000,MORTGAGE,1.0,VENTURE,B,20000,12.21,0.27,N,11,0
30324,27,50000,RENT,8.0,MEDICAL,B,13000,10.65,0.26,N,7,0
30325,25,122000,MORTGAGE,9.0,VENTURE,B,7500,10.83,0.06,N,3,0
30326,30,120000,MORTGAGE,6.0,DEBTCONSOLIDATION,B,5000,11.49,0.04,N,9,0
30327,28,55000,OWN,10.0,EDUCATION,A,5800,8.49,0.11,N,6,0
30328,25,55000,MORTGAGE,9.0,PERSONAL,C,10000,11.03,0.18,Y,2,0
30329,23,45000,RENT,2.0,MEDICAL,B,3000,11.86,0.07,N,4,0
30330,29,52000,RENT,7.0,VENTURE,B,3000,11.11,0.06,N,6,0
30331,26,45000,RENT,3.0,PERSONAL,B,5000,10.65,0.11,N,3,0
30332,29,35000,RENT,4.0,VENTURE,D,5000,15.31,0.14,N,8,0
30333,23,25000,RENT,1.0,EDUCATION,B,5000,9.45,0.2,N,4,0
30334,24,80000,MORTGAGE,3.0,DEBTCONSOLIDATION,B,3000,11.49,0.04,N,4,0
30335,30,72000,MORTGAGE,14.0,EDUCATION,B,14000,11.89,0.19,N,9,0
30336,26,69000,MORTGAGE,10.0,MEDICAL,B,6000,9.91,0.09,N,3,0
30337,32,70000,RENT,1.0,EDUCATION,A,18000,6.92,0.27,N,10,0
30338,28,90000,RENT,4.0,DEBTCONSOLIDATION,B,5000,10.65,0.06,N,9,0
30339,24,78000,RENT,7.0,DEBTCONSOLIDATION,B,15000,10.99,0.19,N,3,1
30340,27,70000,RENT,1.0,DEBTCONSOLIDATION,A,5000,8.49,0.07,N,9,0
30341,24,76000,RENT,3.0,EDUCATION,B,14000,10.99,0.18,N,2,0
30342,26,74000,OWN,4.0,VENTURE,B,9000,11.83,0.12,N,3,0
30343,29,60000,RENT,11.0,PERSONAL,A,10000,8.63,0.17,N,5,0
30344,30,96000,MORTGAGE,11.0,EDUCATION,A,4000,7.88,0.04,N,6,0
30345,53,92341,RENT,8.0,PERSONAL,D,17000,14.96,0.19,N,22,0
30346,23,48000,RENT,1.0,PERSONAL,C,10000,13.79,0.21,Y,3,0
30347,24,82632,RENT,3.0,DEBTCONSOLIDATION,C,12000,13.49,0.15,N,3,0
30348,30,49902,MORTGAGE,4.0,VENTURE,D,10000,16.89,0.2,N,5,1
30349,24,80400,MORTGAGE,5.0,PERSONAL,B,8000,11.99,0.1,N,3,0
30350,27,42000,RENT,2.0,VENTURE,B,7000,10.59,0.17,N,6,0
30351,24,32000,RENT,0.0,DEBTCONSOLIDATION,B,12000,9.91,0.38,N,2,1
30352,24,45000,MORTGAGE,8.0,MEDICAL,C,5000,13.99,0.11,N,2,0
30353,24,100000,MORTGAGE,3.0,HOMEIMPROVEMENT,A,12000,7.51,0.12,N,3,0
30354,23,42000,MORTGAGE,2.0,VENTURE,A,6500,5.99,0.15,N,4,0
30355,22,36000,RENT,5.0,VENTURE,A,4000,7.51,0.11,N,2,0
30356,23,59000,RENT,7.0,PERSONAL,B,3500,11.48,0.06,N,3,1
30357,34,51500,RENT,5.0,EDUCATION,B,16800,11.14,0.31,N,8,1
30358,32,24000,RENT,2.0,EDUCATION,C,4000,14.65,0.17,Y,5,0
30359,31,30000,RENT,2.0,EDUCATION,C,1000,11.34,0.03,N,5,0
30360,25,200000,MORTGAGE,5.0,PERSONAL,B,21000,10.37,0.1,N,2,0
30361,32,120000,MORTGAGE,15.0,DEBTCONSOLIDATION,A,20000,6.17,0.17,N,6,0
30362,31,45000,RENT,1.0,EDUCATION,C,8000,13.16,0.18,N,5,0
30363,31,159960,MORTGAGE,11.0,HOMEIMPROVEMENT,A,18325,7.49,0.11,N,7,0
30364,22,28000,RENT,5.0,MEDICAL,D,8700,14.61,0.31,Y,3,1
30365,25,28000,RENT,3.0,VENTURE,C,4000,12.98,0.14,N,3,0
30366,25,44000,RENT,0.0,PERSONAL,C,10000,11.78,0.22,Y,4,1
30367,24,30000,RENT,0.0,MEDICAL,B,10000,10.37,0.33,N,4,1
30368,27,78000,RENT,0.0,DEBTCONSOLIDATION,E,20000,16.35,0.26,N,7,1
30369,22,12000,RENT,0.0,DEBTCONSOLIDATION,D,3000,14.74,0.25,Y,2,1
30370,34,143000,RENT,1.0,VENTURE,B,16000,9.99,0.11,N,6,0
30371,26,60000,MORTGAGE,11.0,VENTURE,A,2850,8.49,0.05,N,4,0
30372,24,100000,MORTGAGE,4.0,PERSONAL,A,10000,7.51,0.1,N,3,0
30373,29,69996,RENT,13.0,DEBTCONSOLIDATION,B,6000,11.86,0.09,N,7,0
30374,26,55000,RENT,0.0,VENTURE,B,10000,9.45,0.18,N,3,0
30375,26,80000,RENT,10.0,PERSONAL,B,23000,11.99,0.29,N,2,0
30376,24,33000,RENT,8.0,EDUCATION,D,11000,14.11,0.33,Y,3,1
30377,25,48996,RENT,4.0,MEDICAL,B,5000,10.38,0.1,N,3,0
30378,24,42000,RENT,8.0,MEDICAL,F,5600,17.58,0.13,Y,4,1
30379,25,72000,MORTGAGE,0.0,VENTURE,B,20000,12.21,0.28,N,4,0
30380,23,100000,MORTGAGE,4.0,MEDICAL,B,7000,10.99,0.07,N,3,0
30381,25,75000,RENT,9.0,EDUCATION,B,12000,10.99,0.16,N,3,0
30382,31,80000,MORTGAGE,6.0,HOMEIMPROVEMENT,A,22000,7.9,0.27,N,9,0
30383,49,65000,MORTGAGE,2.0,PERSONAL,B,20000,10.62,0.31,N,17,0
30384,39,90000,MORTGAGE,4.0,MEDICAL,A,3000,7.51,0.03,N,16,0
30385,28,54400,MORTGAGE,12.0,MEDICAL,C,2400,14.27,0.04,Y,7,1
30386,43,60000,RENT,4.0,MEDICAL,B,15000,9.99,0.26,N,11,0
30387,40,180000,RENT,2.0,DEBTCONSOLIDATION,A,12000,7.51,0.07,N,13,0
30388,22,25000,RENT,0.0,DEBTCONSOLIDATION,C,10000,11.34,0.4,N,4,1
30389,35,40000,OWN,2.0,VENTURE,B,15000,11.11,0.38,N,9,0
30390,39,80000,RENT,14.0,DEBTCONSOLIDATION,B,3000,11.71,0.04,N,11,0
30391,31,34000,MORTGAGE,4.0,DEBTCONSOLIDATION,A,14400,7.88,0.45,N,9,0
30392,23,105000,MORTGAGE,1.0,EDUCATION,A,20000,7.49,0.19,N,4,0
30393,29,115000,MORTGAGE,2.0,HOMEIMPROVEMENT,A,8000,7.51,0.07,N,7,0
30394,37,50000,RENT,0.0,EDUCATION,A,3000,6.91,0.06,N,13,0
30395,23,33448,RENT,6.0,EDUCATION,C,5000,11.66,0.15,N,3,0
30396,28,38000,OWN,2.0,VENTURE,A,10000,8.49,0.26,N,5,0
30397,22,75000,RENT,5.0,MEDICAL,A,20000,7.14,0.27,N,2,0
30398,22,70000,RENT,5.0,EDUCATION,B,5000,11.14,0.07,N,4,0
30399,41,45000,MORTGAGE,21.0,PERSONAL,C,10000,13.23,0.22,N,12,0
30400,25,50000,RENT,5.0,VENTURE,B,10000,10.59,0.2,N,3,0
30401,26,76000,MORTGAGE,5.0,DEBTCONSOLIDATION,C,15250,11.34,0.2,Y,2,0
30402,41,92000,MORTGAGE,18.0,EDUCATION,B,2100,9.99,0.02,N,12,0
30403,24,37000,MORTGAGE,8.0,PERSONAL,D,7500,13.24,0.2,N,2,0
30404,36,90000,RENT,2.0,DEBTCONSOLIDATION,C,8000,14.27,0.09,Y,15,0
30405,21,102000,MORTGAGE,0.0,EDUCATION,C,18000,13.49,0.18,Y,3,0
30406,29,68000,MORTGAGE,13.0,PERSONAL,A,10000,7.51,0.15,N,7,0
30407,42,42000,RENT,4.0,EDUCATION,C,4000,13.43,0.1,Y,15,0
30408,31,42000,RENT,0.0,VENTURE,B,5000,10.59,0.12,N,10,0
30409,37,21600,RENT,0.0,MEDICAL,A,2000,8.94,0.09,N,14,0
30410,22,80000,MORTGAGE,6.0,EDUCATION,B,12000,11.48,0.15,N,2,0
30411,23,80000,RENT,4.0,PERSONAL,D,7250,15.65,0.09,Y,3,0
30412,25,29000,RENT,9.0,PERSONAL,C,1500,12.84,0.05,Y,2,1
30413,26,52000,RENT,2.0,HOMEIMPROVEMENT,B,4000,10.37,0.08,N,4,0
30414,37,90000,RENT,5.0,VENTURE,B,6000,10.74,0.07,N,13,0
30415,25,70000,RENT,4.0,DEBTCONSOLIDATION,B,5000,11.71,0.07,N,3,0
30416,26,34000,RENT,4.0,MEDICAL,B,10000,10.37,0.29,N,4,1
30417,28,55000,MORTGAGE,12.0,EDUCATION,A,6000,7.51,0.11,N,8,0
30418,23,54000,OWN,7.0,EDUCATION,B,6000,10.99,0.11,N,4,0
30419,28,75000,MORTGAGE,0.0,HOMEIMPROVEMENT,C,7500,13.48,0.1,N,6,0
30420,24,57000,MORTGAGE,3.0,MEDICAL,A,2400,7.49,0.04,N,4,0
30421,24,110000,RENT,0.0,PERSONAL,A,7500,8.94,0.07,N,2,0
30422,24,109200,RENT,4.0,HOMEIMPROVEMENT,C,6400,14.27,0.06,Y,3,0
30423,22,85000,RENT,0.0,VENTURE,A,24000,8.49,0.28,N,2,0
30424,34,150000,RENT,1.0,EDUCATION,A,15000,9.32,0.1,N,8,0
30425,27,65000,MORTGAGE,11.0,HOMEIMPROVEMENT,B,15000,11.71,0.23,N,8,0
30426,28,55000,MORTGAGE,12.0,VENTURE,A,15000,6.03,0.27,N,7,0
30427,26,69996,MORTGAGE,10.0,VENTURE,C,24250,13.57,0.36,N,4,0
30428,25,48000,MORTGAGE,9.0,DEBTCONSOLIDATION,A,1200,7.66,0.03,N,2,0
30429,34,48000,RENT,9.0,MEDICAL,A,9000,8.59,0.19,N,8,0
30430,22,46000,RENT,1.0,DEBTCONSOLIDATION,D,15000,14.11,0.32,N,3,1
30431,37,84000,MORTGAGE,2.0,VENTURE,B,15000,11.99,0.18,N,11,0
30432,24,120000,RENT,8.0,MEDICAL,A,12000,5.79,0.1,N,4,0
30433,24,54000,MORTGAGE,5.0,VENTURE,B,6000,11.49,0.11,N,4,0
30434,23,70000,RENT,1.0,PERSONAL,C,14000,12.61,0.2,Y,4,0
30435,33,75000,MORTGAGE,17.0,VENTURE,D,6000,15.62,0.08,Y,9,0
30436,23,54000,MORTGAGE,2.0,DEBTCONSOLIDATION,D,3000,15.05,0.05,N,3,1
30437,22,50000,OWN,6.0,VENTURE,A,6400,5.99,0.13,N,4,0
30438,27,60000,RENT,2.0,HOMEIMPROVEMENT,B,15000,11.86,0.25,N,7,0
30439,22,80000,RENT,3.0,PERSONAL,B,9000,10.37,0.11,N,2,0
30440,24,34000,MORTGAGE,8.0,DEBTCONSOLIDATION,A,6000,7.51,0.18,N,3,0
30441,25,120000,MORTGAGE,9.0,DEBTCONSOLIDATION,A,7000,9.63,0.06,N,3,0
30442,23,50000,MORTGAGE,0.0,EDUCATION,B,7000,10.0,0.14,N,2,0
30443,25,24000,MORTGAGE,0.0,MEDICAL,A,1500,7.14,0.07,N,3,0
30444,23,48000,MORTGAGE,7.0,VENTURE,D,10000,16.89,0.21,N,4,0
30445,29,60000,OWN,13.0,VENTURE,A,10000,6.54,0.17,N,7,0
30446,34,30000,MORTGAGE,5.0,MEDICAL,A,3000,7.51,0.1,N,6,0
30447,22,70000,MORTGAGE,4.0,DEBTCONSOLIDATION,B,5200,9.76,0.07,N,3,0
30448,26,140000,MORTGAGE,7.0,HOMEIMPROVEMENT,C,18000,13.98,0.13,Y,3,0
30449,23,100000,MORTGAGE,5.0,EDUCATION,B,20000,11.83,0.2,N,4,0
30450,29,106369,MORTGAGE,2.0,MEDICAL,A,15000,6.03,0.14,N,9,0
30451,35,34000,RENT,2.0,DEBTCONSOLIDATION,B,7000,10.38,0.21,N,10,1
30452,25,54000,RENT,2.0,VENTURE,C,10200,13.61,0.19,N,4,0
30453,41,66800,MORTGAGE,2.0,PERSONAL,A,9500,7.51,0.14,N,12,0
30454,36,38400,MORTGAGE,4.0,HOMEIMPROVEMENT,B,8000,10.65,0.22,N,14,0
30455,32,38000,RENT,3.0,DEBTCONSOLIDATION,C,3000,13.49,0.08,Y,10,0
30456,32,34000,RENT,4.0,PERSONAL,B,5300,9.91,0.15,N,10,0
30457,38,24000,RENT,3.0,PERSONAL,D,8000,14.96,0.33,N,17,1
30458,25,60000,RENT,9.0,MEDICAL,A,4000,7.9,0.07,N,2,0
30459,22,30000,MORTGAGE,6.0,EDUCATION,B,5000,10.65,0.17,N,4,0
30460,29,95000,MORTGAGE,4.0,VENTURE,A,7200,7.29,0.08,N,9,0
30461,30,50000,RENT,2.0,DEBTCONSOLIDATION,C,8000,13.49,0.16,Y,5,0
30462,28,50000,MORTGAGE,5.0,DEBTCONSOLIDATION,A,10000,5.79,0.2,N,10,0
30463,25,67000,RENT,9.0,MEDICAL,A,3000,7.51,0.04,N,3,0
30464,25,35400,RENT,0.0,HOMEIMPROVEMENT,B,10000,10.65,0.29,N,3,1
30465,27,54000,MORTGAGE,11.0,EDUCATION,B,6000,9.99,0.11,N,5,0
30466,27,50000,RENT,1.0,MEDICAL,B,12000,10.37,0.24,N,10,0
30467,21,55000,MORTGAGE,0.0,EDUCATION,A,7000,6.99,0.13,N,4,0
30468,23,60000,MORTGAGE,3.0,VENTURE,D,7200,17.58,0.12,N,4,0
30469,22,30000,RENT,5.0,VENTURE,B,6000,11.49,0.2,N,2,1
30470,23,80000,RENT,0.0,EDUCATION,B,15000,11.26,0.19,N,2,0
30471,22,30000,MORTGAGE,4.0,DEBTCONSOLIDATION,A,5000,7.51,0.17,N,4,0
30472,25,48000,RENT,5.0,VENTURE,B,12000,11.99,0.24,N,4,0
30473,22,37000,RENT,4.0,VENTURE,E,6400,16.35,0.17,N,4,0
30474,29,65000,MORTGAGE,4.0,EDUCATION,C,8000,13.98,0.12,N,10,0
30475,23,35000,RENT,1.0,EDUCATION,C,6500,15.96,0.19,N,4,0
30476,35,60000,RENT,1.0,PERSONAL,A,5000,6.91,0.08,N,10,0
30477,26,38000,RENT,3.0,MEDICAL,A,10000,7.49,0.26,N,3,0
30478,22,64800,MORTGAGE,6.0,EDUCATION,A,15000,6.92,0.23,N,2,0
30479,23,115500,RENT,1.0,PERSONAL,A,18400,7.51,0.17,N,2,0
30480,32,28000,RENT,3.0,EDUCATION,A,7000,6.62,0.25,N,6,1
30481,43,120000,MORTGAGE,3.0,HOMEIMPROVEMENT,B,10000,10.37,0.08,N,15,0
30482,25,140000,MORTGAGE,0.0,MEDICAL,A,10000,7.49,0.07,N,3,0
30483,31,24000,RENT,2.0,MEDICAL,B,7000,10.99,0.29,N,6,0
30484,21,40000,RENT,5.0,MEDICAL,B,7000,10.74,0.17,N,3,0
30485,42,70000,MORTGAGE,3.0,PERSONAL,B,19600,12.42,0.27,N,12,0
30486,24,85000,MORTGAGE,5.0,VENTURE,B,10000,10.36,0.12,N,2,0
30487,21,60000,MORTGAGE,5.0,EDUCATION,F,2000,18.17,0.03,Y,2,0
30488,24,33000,RENT,8.0,DEBTCONSOLIDATION,A,5000,7.51,0.15,N,3,0
30489,28,65000,MORTGAGE,12.0,HOMEIMPROVEMENT,A,6500,6.03,0.1,N,7,0
30490,29,200000,MORTGAGE,3.0,MEDICAL,A,14000,7.88,0.07,N,8,0
30491,27,30000,RENT,6.0,DEBTCONSOLIDATION,A,8000,7.29,0.27,N,10,0
30492,22,45000,RENT,6.0,MEDICAL,B,10000,12.21,0.22,N,3,0
30493,33,80000,MORTGAGE,5.0,MEDICAL,A,4000,7.74,0.05,N,8,0
30494,23,50000,RENT,5.0,EDUCATION,C,8000,12.84,0.16,N,4,0
30495,34,50000,RENT,5.0,PERSONAL,A,6000,7.51,0.12,N,5,0
30496,24,287300,RENT,5.0,EDUCATION,C,5000,14.22,0.02,Y,4,0
30497,22,55000,MORTGAGE,6.0,VENTURE,B,12000,10.99,0.22,N,2,0
30498,26,90000,MORTGAGE,0.0,EDUCATION,B,6000,11.71,0.07,N,3,0
30499,25,35000,MORTGAGE,9.0,DEBTCONSOLIDATION,A,11000,7.88,0.31,N,3,0
30500,25,47000,MORTGAGE,4.0,MEDICAL,C,4500,12.53,0.1,N,4,0
30501,24,64000,MORTGAGE,0.0,DEBTCONSOLIDATION,C,4000,13.23,0.06,N,4,1
30502,24,30000,RENT,1.0,VENTURE,A,8000,7.66,0.27,N,3,1
30503,22,62004,RENT,2.0,EDUCATION,B,8400,9.99,0.14,N,3,0
30504,38,130000,MORTGAGE,7.0,DEBTCONSOLIDATION,B,7500,10.99,0.06,N,11,0
30505,23,85000,RENT,2.0,VENTURE,A,12000,7.29,0.14,N,2,0
30506,28,43000,RENT,12.0,MEDICAL,C,7000,13.49,0.16,N,8,0
30507,29,50000,RENT,1.0,PERSONAL,A,6000,5.79,0.12,N,5,0
30508,22,30000,RENT,0.0,EDUCATION,A,4200,7.29,0.14,N,3,0
30509,29,92000,RENT,3.0,HOMEIMPROVEMENT,B,20000,12.42,0.22,N,7,0
30510,24,24000,MORTGAGE,3.0,VENTURE,A,6400,7.88,0.27,N,2,0
30511,22,18000,OWN,1.0,HOMEIMPROVEMENT,B,3000,11.14,0.16,N,3,1
30512,32,50000,MORTGAGE,2.0,HOMEIMPROVEMENT,B,6000,9.99,0.12,N,5,0
30513,23,35000,RENT,7.0,DEBTCONSOLIDATION,A,10000,7.51,0.29,N,4,0
30514,22,70000,RENT,0.0,HOMEIMPROVEMENT,D,13650,15.62,0.19,N,3,1
30515,24,100000,MORTGAGE,8.0,PERSONAL,A,5000,6.76,0.05,N,2,0
30516,29,88824,MORTGAGE,8.0,VENTURE,A,3600,6.62,0.04,N,10,0
30517,24,35000,RENT,4.0,MEDICAL,D,8000,16.49,0.23,N,3,1
30518,33,75000,RENT,5.0,MEDICAL,B,10000,10.99,0.13,N,5,0
30519,27,73000,MORTGAGE,0.0,DEBTCONSOLIDATION,D,14000,15.57,0.19,Y,5,1
30520,22,41000,RENT,0.0,EDUCATION,A,1000,8.59,0.03,N,2,0
30521,27,95000,MORTGAGE,3.0,VENTURE,A,14000,7.66,0.15,N,10,0
30522,34,99855,MORTGAGE,4.0,VENTURE,C,6000,13.8,0.06,N,7,1
30523,27,25920,RENT,2.0,PERSONAL,D,8500,15.7,0.34,Y,6,1
30524,22,43000,RENT,0.0,EDUCATION,A,10800,5.79,0.25,N,3,0
30525,23,45000,RENT,1.0,VENTURE,C,8000,13.57,0.18,N,2,0
30526,22,42000,RENT,1.0,MEDICAL,B,2400,12.69,0.06,N,4,0
30527,26,54000,RENT,5.0,DEBTCONSOLIDATION,A,5000,7.14,0.09,N,4,0
30528,23,45000,RENT,0.0,DEBTCONSOLIDATION,A,1000,7.4,0.01,N,2,0
30529,25,80000,RENT,5.0,HOMEIMPROVEMENT,B,5000,10.65,0.06,N,2,0
30530,33,74400,RENT,8.0,DEBTCONSOLIDATION,B,3600,9.99,0.05,N,7,0
30531,29,175000,RENT,10.0,DEBTCONSOLIDATION,B,21000,11.71,0.12,N,6,0
30532,22,54000,RENT,6.0,HOMEIMPROVEMENT,B,20000,10.99,0.37,N,2,1
30533,27,78000,RENT,6.0,VENTURE,B,11000,10.99,0.14,N,6,0
30534,23,30000,MORTGAGE,1.0,VENTURE,A,8000,7.51,0.27,N,2,0
30535,32,90000,RENT,2.0,MEDICAL,A,14000,8.94,0.16,N,6,0
30536,23,60000,RENT,1.0,MEDICAL,C,3000,12.73,0.05,N,2,0
30537,37,35000,MORTGAGE,3.0,VENTURE,B,4000,11.49,0.11,N,16,0
30538,21,20000,RENT,2.0,VENTURE,C,1500,12.84,0.08,Y,3,0
30539,24,14400,RENT,2.0,EDUCATION,A,1000,7.51,0.07,N,4,0
30540,36,68000,MORTGAGE,6.0,PERSONAL,B,8000,10.62,0.12,N,15,0
30541,22,33000,OWN,6.0,MEDICAL,A,5000,5.79,0.15,N,3,0
30542,24,65000,RENT,3.0,HOMEIMPROVEMENT,A,6000,7.51,0.09,N,4,0
30543,28,30000,RENT,9.0,DEBTCONSOLIDATION,C,10000,13.99,0.33,N,6,1
30544,27,58000,RENT,2.0,EDUCATION,C,8000,12.23,0.14,N,9,0
30545,24,115000,RENT,8.0,VENTURE,B,5000,11.36,0.04,N,4,0
30546,42,87600,MORTGAGE,3.0,EDUCATION,B,10000,11.99,0.11,N,12,0
30547,28,55000,MORTGAGE,11.0,MEDICAL,A,1500,7.74,0.03,N,9,0
30548,23,40500,RENT,1.0,EDUCATION,C,10200,13.16,0.26,Y,3,0
30549,31,60000,RENT,4.0,VENTURE,A,9000,8.49,0.15,N,5,0
30550,33,50000,RENT,8.0,MEDICAL,A,15000,8.9,0.3,N,7,0
30551,36,45000,RENT,2.0,MEDICAL,C,10000,14.27,0.22,N,15,0
30552,37,51000,RENT,1.0,HOMEIMPROVEMENT,A,20000,6.54,0.39,N,17,1
30553,25,34800,RENT,3.0,MEDICAL,A,1200,7.66,0.03,N,4,1
30554,24,180000,RENT,6.0,VENTURE,B,10500,9.99,0.06,N,2,0
30555,30,67992,MORTGAGE,4.0,VENTURE,B,2000,10.62,0.03,N,7,0
30556,37,110000,MORTGAGE,7.0,PERSONAL,A,10000,7.49,0.09,N,17,0
30557,41,68000,MORTGAGE,3.0,EDUCATION,A,10200,7.29,0.15,N,11,0
30558,27,32000,MORTGAGE,1.0,HOMEIMPROVEMENT,B,15000,11.48,0.46,N,5,1
30559,32,50000,MORTGAGE,5.0,HOMEIMPROVEMENT,A,8000,6.62,0.16,N,6,0
30560,27,100000,MORTGAGE,11.0,PERSONAL,A,15000,7.51,0.15,N,8,0
30561,24,53000,MORTGAGE,3.0,EDUCATION,A,8000,6.92,0.15,N,3,0
30562,24,84400,OWN,8.0,MEDICAL,C,17500,12.87,0.21,N,2,0
30563,24,28000,OWN,0.0,VENTURE,C,6000,13.98,0.21,N,3,0
30564,25,43000,RENT,2.0,PERSONAL,B,8000,9.63,0.19,N,2,0
30565,32,66000,RENT,16.0,PERSONAL,A,7200,6.62,0.11,N,7,0
30566,25,57600,MORTGAGE,8.0,EDUCATION,B,23700,10.62,0.39,N,2,0
30567,26,55000,RENT,6.0,DEBTCONSOLIDATION,A,11350,8.49,0.21,N,3,0
30568,33,99000,MORTGAGE,12.0,PERSONAL,A,8000,7.14,0.08,N,7,0
30569,26,85000,MORTGAGE,5.0,HOMEIMPROVEMENT,C,15000,14.27,0.18,N,4,0
30570,24,117500,MORTGAGE,3.0,VENTURE,A,15000,7.9,0.13,N,4,0
30571,25,100000,MORTGAGE,9.0,MEDICAL,A,8000,7.9,0.08,N,2,0
30572,25,75000,RENT,0.0,DEBTCONSOLIDATION,A,10000,6.91,0.13,N,4,0
30573,23,60000,MORTGAGE,7.0,VENTURE,C,6000,14.27,0.1,Y,3,0
30574,26,29000,RENT,1.0,VENTURE,E,6000,14.5,0.21,Y,2,1
30575,24,38400,OWN,1.0,PERSONAL,C,12000,12.87,0.31,Y,4,0
30576,31,60000,MORTGAGE,4.0,DEBTCONSOLIDATION,C,12000,13.72,0.2,N,7,0
30577,24,96000,MORTGAGE,1.0,DEBTCONSOLIDATION,B,15000,11.58,0.16,N,2,0
30578,28,30000,RENT,2.0,DEBTCONSOLIDATION,A,6000,7.14,0.2,N,7,0
30579,22,25000,RENT,3.0,PERSONAL,C,10000,12.73,0.39,N,2,1
30580,31,37920,RENT,2.0,MEDICAL,A,12000,6.91,0.32,N,6,1
30581,25,99000,MORTGAGE,9.0,MEDICAL,A,10000,5.42,0.1,N,3,0
30582,23,45000,RENT,4.0,MEDICAL,B,7200,10.36,0.16,N,2,0
30583,34,240000,MORTGAGE,5.0,VENTURE,A,12000,5.42,0.05,N,10,0
30584,28,44104,OWN,11.0,VENTURE,B,5000,11.12,0.11,N,8,0
30585,26,65000,MORTGAGE,0.0,HOMEIMPROVEMENT,D,20000,14.74,0.31,Y,2,0
30586,23,70000,MORTGAGE,7.0,VENTURE,D,15000,16.49,0.21,Y,4,0
30587,26,71000,RENT,4.0,VENTURE,C,4000,13.49,0.06,N,4,0
30588,25,90000,MORTGAGE,9.0,EDUCATION,B,6000,11.89,0.07,N,3,0
30589,29,75000,RENT,3.0,PERSONAL,B,15000,10.75,0.2,N,8,0
30590,25,60000,MORTGAGE,5.0,MEDICAL,B,8400,11.71,0.14,N,2,0
30591,28,135000,MORTGAGE,7.0,EDUCATION,A,10000,7.9,0.07,N,5,0
30592,22,50000,MORTGAGE,4.0,PERSONAL,A,6400,7.49,0.13,N,3,0
30593,31,24600,RENT,0.0,HOMEIMPROVEMENT,C,2500,13.92,0.1,N,10,1
30594,38,36000,RENT,6.0,MEDICAL,A,10000,7.29,0.28,N,17,0
30595,24,12000,RENT,0.0,PERSONAL,B,4000,11.49,0.33,N,2,1
30596,28,100000,OWN,12.0,HOMEIMPROVEMENT,B,17500,11.83,0.17,N,7,0
30597,30,46300,MORTGAGE,3.0,MEDICAL,C,7500,13.16,0.17,N,6,0
30598,25,65000,MORTGAGE,9.0,EDUCATION,A,5000,9.63,0.08,N,3,0
30599,22,48000,MORTGAGE,6.0,EDUCATION,B,8000,11.36,0.17,N,2,0
30600,38,42000,MORTGAGE,5.0,MEDICAL,B,4200,11.99,0.1,N,13,0
30601,33,70000,OWN,5.0,VENTURE,B,10000,10.37,0.14,N,9,0
30602,26,40000,MORTGAGE,8.0,DEBTCONSOLIDATION,C,8150,13.98,0.24,N,4,0
30603,25,85000,MORTGAGE,0.0,MEDICAL,A,10000,7.88,0.12,N,2,0
30604,30,91000,MORTGAGE,14.0,PERSONAL,A,3000,5.42,0.03,N,10,0
30605,26,34000,RENT,1.0,PERSONAL,C,1500,15.27,0.04,N,3,1
30606,23,30000,RENT,1.0,EDUCATION,C,4500,14.65,0.15,N,3,1
30607,23,52000,RENT,1.0,MEDICAL,A,10000,7.51,0.19,N,2,0
30608,28,30000,RENT,0.0,HOMEIMPROVEMENT,C,9000,12.99,0.3,N,9,1
30609,23,88000,MORTGAGE,2.0,DEBTCONSOLIDATION,A,12000,9.63,0.14,N,2,0
30610,24,105000,MORTGAGE,2.0,MEDICAL,C,12000,13.48,0.11,N,2,0
30611,25,42000,RENT,1.0,PERSONAL,C,6500,12.23,0.15,Y,4,0
30612,35,30000,RENT,3.0,MEDICAL,B,3000,11.49,0.1,N,9,0
30613,26,130000,MORTGAGE,10.0,EDUCATION,A,5000,5.42,0.04,N,3,0
30614,23,72000,RENT,7.0,EDUCATION,A,3000,7.14,0.04,N,3,1
30615,25,85000,MORTGAGE,1.0,HOMEIMPROVEMENT,B,7800,8.88,0.09,N,2,0
30616,37,65000,MORTGAGE,7.0,PERSONAL,A,10000,7.49,0.15,N,12,0
30617,23,33000,RENT,2.0,VENTURE,C,8000,15.27,0.24,N,4,0
30618,33,125000,RENT,4.0,MEDICAL,A,8200,7.88,0.06,N,5,0
30619,23,66000,MORTGAGE,7.0,VENTURE,A,12000,8.49,0.18,N,2,0
30620,22,60000,OWN,6.0,DEBTCONSOLIDATION,C,10000,15.96,0.17,Y,4,0
30621,25,85000,RENT,7.0,EDUCATION,C,25000,13.49,0.29,N,2,0
30622,23,38000,RENT,4.0,EDUCATION,B,10000,12.42,0.26,N,2,0
30623,24,95004,MORTGAGE,8.0,EDUCATION,A,16000,7.51,0.17,N,3,0
30624,33,52000,MORTGAGE,5.0,PERSONAL,B,15200,10.99,0.29,N,10,0
30625,33,130000,MORTGAGE,0.0,VENTURE,C,20000,14.65,0.15,Y,7,0
30626,22,36000,RENT,3.0,VENTURE,B,4800,10.75,0.14,N,3,0
30627,31,60000,RENT,6.0,PERSONAL,B,9600,9.91,0.16,N,5,0
30628,33,48500,MORTGAGE,0.0,MEDICAL,A,15000,8.49,0.32,N,7,0
30629,32,99000,RENT,16.0,HOMEIMPROVEMENT,A,7000,6.99,0.07,N,5,0
30630,22,72000,MORTGAGE,6.0,PERSONAL,A,5000,6.99,0.07,N,4,0
30631,23,96000,MORTGAGE,7.0,EDUCATION,A,5000,7.88,0.05,N,4,0
30632,23,80000,RENT,0.0,MEDICAL,B,20000,12.53,0.25,N,4,0
30633,23,70000,MORTGAGE,5.0,EDUCATION,A,6000,6.91,0.09,N,4,0
30634,25,54996,MORTGAGE,9.0,PERSONAL,B,10000,11.86,0.18,N,3,0
30635,33,92004,RENT,3.0,HOMEIMPROVEMENT,D,20000,17.49,0.22,N,8,0
30636,24,85000,MORTGAGE,1.0,VENTURE,C,16000,12.53,0.18,N,4,0
30637,23,32000,RENT,4.0,EDUCATION,C,5000,14.22,0.16,Y,3,0
30638,24,66300,RENT,9.0,MEDICAL,D,9600,15.7,0.11,N,2,1
30639,28,170000,RENT,2.0,PERSONAL,C,24250,12.61,0.14,Y,9,0
30640,24,95000,MORTGAGE,6.0,DEBTCONSOLIDATION,A,6800,8.49,0.07,N,3,0
30641,21,55000,MORTGAGE,5.0,VENTURE,A,2000,6.76,0.04,N,4,0
30642,22,40000,MORTGAGE,6.0,PERSONAL,B,5000,9.99,0.13,N,4,0
30643,33,40000,RENT,3.0,VENTURE,A,9000,5.42,0.23,N,9,0
30644,47,70000,RENT,2.0,EDUCATION,B,10000,10.39,0.14,N,16,0
30645,25,94940,MORTGAGE,9.0,PERSONAL,A,2000,5.42,0.02,N,3,0
30646,28,30000,RENT,4.0,MEDICAL,A,6000,6.99,0.2,N,9,0
30647,30,76500,RENT,2.0,PERSONAL,C,13000,13.49,0.18,Y,5,0
30648,36,80000,MORTGAGE,2.0,VENTURE,A,6000,6.03,0.07,N,11,0
30649,26,70000,MORTGAGE,10.0,PERSONAL,A,8000,6.17,0.11,N,2,0
30650,22,49000,MORTGAGE,6.0,PERSONAL,D,3600,16.77,0.07,N,4,1
30651,23,100000,MORTGAGE,2.0,EDUCATION,A,5000,7.14,0.05,N,3,0
30652,27,35880,RENT,0.0,VENTURE,A,5000,7.68,0.14,N,8,0
30653,30,54578,MORTGAGE,14.0,HOMEIMPROVEMENT,A,23000,6.91,0.44,N,5,0
30654,23,95000,MORTGAGE,7.0,VENTURE,B,8000,11.99,0.08,N,2,0
30655,27,51996,RENT,2.0,MEDICAL,E,16000,16.45,0.31,Y,6,1
30656,22,50000,RENT,4.0,EDUCATION,A,6500,7.51,0.13,N,2,0
30657,25,130000,MORTGAGE,6.0,EDUCATION,C,4000,13.49,0.03,Y,3,0
30658,28,64000,RENT,2.0,VENTURE,E,20000,18.64,0.31,Y,9,1
30659,21,39000,RENT,1.0,HOMEIMPROVEMENT,D,5600,14.96,0.14,Y,3,1
30660,23,80000,MORTGAGE,4.0,VENTURE,A,5000,6.99,0.06,N,3,0
30661,27,44000,RENT,4.0,EDUCATION,C,8400,12.73,0.19,N,10,0
30662,50,120000,MORTGAGE,0.0,PERSONAL,D,10000,15.2,0.08,N,13,0
30663,32,90000,RENT,3.0,MEDICAL,C,10000,14.27,0.11,Y,10,0
30664,24,69996,MORTGAGE,8.0,EDUCATION,D,18000,13.36,0.27,Y,3,0
30665,29,96000,RENT,4.0,MEDICAL,C,12900,12.99,0.13,N,7,0
30666,22,36000,RENT,1.0,MEDICAL,A,5000,6.03,0.14,N,3,0
30667,28,86000,MORTGAGE,6.0,VENTURE,E,24000,17.43,0.28,N,7,0
30668,31,60000,MORTGAGE,7.0,VENTURE,A,12000,6.03,0.2,N,8,0
30669,25,75600,MORTGAGE,5.0,VENTURE,A,7200,5.99,0.1,N,2,0
30670,23,36820,RENT,0.0,EDUCATION,B,7000,10.99,0.2,N,4,0
30671,37,70000,RENT,13.0,PERSONAL,C,23000,13.98,0.31,Y,13,1
30672,29,54000,MORTGAGE,11.0,MEDICAL,B,3200,10.99,0.06,N,5,0
30673,25,125000,MORTGAGE,9.0,VENTURE,A,35000,7.9,0.29,N,3,0
30674,23,54000,RENT,0.0,VENTURE,D,2500,14.96,0.05,Y,2,1
30675,41,50000,RENT,6.0,DEBTCONSOLIDATION,A,10000,6.03,0.2,N,12,0
30676,28,86000,MORTGAGE,3.0,EDUCATION,B,8000,10.99,0.09,N,5,0
30677,26,27000,MORTGAGE,10.0,MEDICAL,C,4000,13.48,0.14,N,4,0
30678,34,60000,RENT,4.0,EDUCATION,A,10000,8.59,0.17,N,10,0
30679,24,35000,RENT,9.0,VENTURE,B,1000,11.99,0.03,N,4,0
30680,38,40000,RENT,3.0,MEDICAL,C,10000,13.85,0.25,N,12,0
30681,36,108000,RENT,8.0,EDUCATION,B,15000,10.37,0.14,N,14,0
30682,24,50000,RENT,4.0,VENTURE,B,5000,9.99,0.1,N,2,0
30683,28,63000,RENT,2.0,DEBTCONSOLIDATION,B,1800,11.49,0.03,N,6,0
30684,29,60000,MORTGAGE,2.0,EDUCATION,C,5000,14.79,0.08,Y,9,0
30685,46,100000,MORTGAGE,4.0,MEDICAL,B,5000,10.65,0.05,N,14,0
30686,26,60000,RENT,4.0,EDUCATION,D,10000,15.7,0.17,N,3,0
30687,29,44000,RENT,1.0,HOMEIMPROVEMENT,D,4000,14.84,0.09,Y,5,1
30688,23,92004,MORTGAGE,7.0,EDUCATION,D,12000,15.28,0.13,Y,4,0
30689,21,33600,RENT,5.0,PERSONAL,C,2800,13.49,0.08,N,3,0
30690,30,68000,RENT,4.0,PERSONAL,C,10000,13.98,0.15,Y,9,0
30691,29,48000,RENT,0.0,EDUCATION,A,12000,5.79,0.25,N,8,0
30692,27,132000,RENT,4.0,DEBTCONSOLIDATION,A,16000,7.9,0.12,N,8,0
30693,25,47000,RENT,4.0,PERSONAL,A,15000,7.29,0.32,N,3,1
30694,42,60000,MORTGAGE,25.0,DEBTCONSOLIDATION,C,10000,12.99,0.17,N,13,0
30695,39,16428,RENT,0.0,HOMEIMPROVEMENT,D,2400,14.11,0.15,Y,17,1
30696,29,45000,MORTGAGE,11.0,MEDICAL,A,3200,7.51,0.07,N,5,0
30697,27,85000,MORTGAGE,8.0,MEDICAL,A,24000,6.17,0.28,N,6,0
30698,23,74000,MORTGAGE,7.0,VENTURE,A,1500,6.54,0.02,N,4,0
30699,33,30000,RENT,2.0,EDUCATION,B,1200,12.21,0.04,N,5,0
30700,33,70000,RENT,3.0,PERSONAL,C,8000,13.16,0.11,Y,6,0
30701,24,65000,RENT,5.0,VENTURE,B,7000,11.71,0.11,N,2,0
30702,30,60000,MORTGAGE,4.0,EDUCATION,A,12000,6.91,0.2,N,5,0
30703,29,36000,RENT,0.0,VENTURE,B,3000,11.83,0.08,N,9,0
30704,22,38400,RENT,2.0,DEBTCONSOLIDATION,C,2000,14.72,0.05,N,2,0
30705,25,96000,RENT,5.0,EDUCATION,B,12000,11.99,0.13,N,3,0
30706,23,60000,MORTGAGE,3.0,VENTURE,A,3000,5.42,0.05,N,2,0
30707,29,70000,RENT,2.0,PERSONAL,C,15000,12.73,0.21,N,5,0
30708,23,42000,MORTGAGE,1.0,PERSONAL,C,6000,12.99,0.14,N,3,0
30709,23,60000,RENT,0.0,EDUCATION,A,8000,8.9,0.13,N,4,0
30710,29,85000,MORTGAGE,4.0,PERSONAL,B,8000,12.69,0.09,N,8,0
30711,30,57600,RENT,14.0,DEBTCONSOLIDATION,B,3000,12.42,0.05,N,10,0
30712,22,50000,RENT,6.0,EDUCATION,C,12000,13.47,0.24,N,3,0
30713,21,36000,MORTGAGE,1.0,MEDICAL,B,3000,9.91,0.08,N,3,0
30714,31,50000,MORTGAGE,0.0,DEBTCONSOLIDATION,A,4000,7.88,0.08,N,8,0
30715,25,42504,RENT,1.0,DEBTCONSOLIDATION,B,7200,10.59,0.17,N,3,0
30716,28,60000,MORTGAGE,12.0,EDUCATION,A,5000,8.94,0.08,N,5,0
30717,24,100000,MORTGAGE,8.0,EDUCATION,B,15000,11.49,0.15,N,2,0
30718,22,31000,MORTGAGE,6.0,EDUCATION,A,4500,5.42,0.14,N,2,0
30719,23,47000,RENT,7.0,EDUCATION,A,20000,7.66,0.45,N,4,1
30720,22,50000,RENT,7.0,EDUCATION,B,8000,10.65,0.16,N,2,0
30721,24,40000,MORTGAGE,9.0,DEBTCONSOLIDATION,B,14000,10.65,0.35,N,2,0
30722,29,140000,MORTGAGE,4.0,MEDICAL,B,20000,11.36,0.14,N,8,0
30723,21,34000,RENT,2.0,VENTURE,B,5100,11.71,0.15,N,3,1
30724,24,60000,OWN,8.0,HOMEIMPROVEMENT,E,7400,14.75,0.12,N,2,0
30725,27,30000,RENT,2.0,MEDICAL,C,7200,15.96,0.24,N,10,0
30726,21,32000,MORTGAGE,4.0,MEDICAL,C,1500,12.99,0.05,Y,3,0
30727,23,51850,RENT,2.0,PERSONAL,D,6000,14.96,0.1,N,4,1
30728,24,42000,RENT,0.0,MEDICAL,C,2000,14.65,0.05,N,3,1
30729,26,40000,RENT,2.0,PERSONAL,C,10000,13.49,0.25,Y,4,0
30730,22,28800,RENT,3.0,MEDICAL,A,7225,6.62,0.25,N,2,0
30731,28,55000,RENT,7.0,VENTURE,B,12000,10.37,0.22,N,10,0
30732,48,98000,MORTGAGE,21.0,VENTURE,A,2000,7.51,0.02,N,14,0
30733,23,45000,RENT,7.0,VENTURE,A,10000,6.62,0.22,N,4,0
30734,27,55000,RENT,0.0,VENTURE,C,8000,13.98,0.15,N,6,0
30735,28,42000,RENT,4.0,MEDICAL,B,3300,11.71,0.08,N,10,0
30736,24,77200,RENT,8.0,DEBTCONSOLIDATION,E,25000,17.99,0.32,N,2,1
30737,21,30000,MORTGAGE,5.0,VENTURE,A,4000,7.9,0.13,N,3,0
30738,47,52000,RENT,17.0,EDUCATION,A,10000,7.51,0.19,N,13,0
30739,28,87600,MORTGAGE,12.0,DEBTCONSOLIDATION,B,12000,11.49,0.14,N,8,0
30740,24,65000,MORTGAGE,3.0,EDUCATION,A,10000,7.88,0.15,N,4,0
30741,24,41004,RENT,4.0,PERSONAL,C,10000,14.79,0.24,N,4,0
30742,23,62400,RENT,0.0,VENTURE,A,12000,9.63,0.19,N,4,0
30743,22,45000,RENT,6.0,EDUCATION,B,1500,10.25,0.03,N,2,0
30744,22,60000,RENT,0.0,EDUCATION,B,12000,10.59,0.2,N,3,0
30745,33,64600,RENT,6.0,MEDICAL,B,7500,11.99,0.12,N,10,0
30746,32,90000,MORTGAGE,2.0,MEDICAL,B,25000,10.36,0.28,N,9,0
30747,28,52000,RENT,2.0,MEDICAL,A,6000,8.9,0.12,N,7,0
30748,26,34480,RENT,3.0,PERSONAL,C,1750,13.61,0.05,Y,2,0
30749,23,35000,RENT,7.0,EDUCATION,B,6000,10.25,0.17,N,2,0
30750,32,75000,MORTGAGE,2.0,VENTURE,A,12000,6.62,0.16,N,10,0
30751,24,51600,RENT,1.0,MEDICAL,B,4000,10.65,0.08,N,2,0
30752,28,78000,MORTGAGE,12.0,PERSONAL,A,10000,7.49,0.13,N,10,0
30753,29,34000,MORTGAGE,6.0,PERSONAL,B,6000,11.49,0.18,N,9,0
30754,32,58000,MORTGAGE,2.0,DEBTCONSOLIDATION,A,8000,5.42,0.14,N,10,0
30755,21,26400,RENT,3.0,EDUCATION,B,10000,11.71,0.38,N,4,1
30756,24,36000,RENT,8.0,PERSONAL,C,3000,14.72,0.08,N,4,1
30757,23,75000,RENT,3.0,VENTURE,D,12000,14.61,0.16,N,2,0
30758,29,190000,MORTGAGE,2.0,MEDICAL,A,24000,8.49,0.13,N,6,0
30759,22,30000,RENT,3.0,EDUCATION,A,4100,6.99,0.14,N,2,0
30760,38,120000,MORTGAGE,13.0,DEBTCONSOLIDATION,A,11000,7.29,0.09,N,14,0
30761,28,70000,RENT,1.0,DEBTCONSOLIDATION,A,6000,5.42,0.09,N,5,0
30762,24,55000,RENT,1.0,DEBTCONSOLIDATION,B,15000,11.26,0.27,N,4,0
30763,22,66888,MORTGAGE,6.0,EDUCATION,A,15000,7.51,0.22,N,4,0
30764,23,45000,RENT,1.0,DEBTCONSOLIDATION,D,4000,13.24,0.09,Y,3,1
30765,31,51000,RENT,2.0,DEBTCONSOLIDATION,C,15000,12.54,0.29,N,10,0
30766,24,96000,OWN,8.0,EDUCATION,A,7000,6.92,0.07,N,3,0
30767,28,70000,RENT,1.0,HOMEIMPROVEMENT,B,8000,10.36,0.11,N,7,0
30768,22,28000,MORTGAGE,5.0,EDUCATION,B,12000,9.91,0.43,N,2,0
30769,38,62900,RENT,2.0,MEDICAL,B,24000,11.49,0.33,N,17,1
30770,22,50000,RENT,6.0,EDUCATION,B,7500,11.71,0.15,N,2,0
30771,22,45996,RENT,6.0,PERSONAL,C,17500,13.98,0.4,N,4,1
30772,34,48600,MORTGAGE,5.0,PERSONAL,B,5000,10.36,0.1,N,5,0
30773,21,37440,RENT,5.0,MEDICAL,C,2800,12.61,0.07,N,3,0
30774,33,80000,MORTGAGE,7.0,PERSONAL,B,10000,10.65,0.13,N,10,0
30775,22,130000,MORTGAGE,6.0,PERSONAL,A,10000,7.14,0.08,N,3,0
30776,27,96713,MORTGAGE,1.0,DEBTCONSOLIDATION,A,8000,8.0,0.08,N,6,0
30777,23,60000,MORTGAGE,4.0,VENTURE,A,12000,5.42,0.2,N,4,0
30778,24,25000,RENT,0.0,MEDICAL,C,4300,12.99,0.16,N,4,0
30779,23,40000,MORTGAGE,4.0,VENTURE,A,10000,5.79,0.25,N,2,0
30780,25,85000,RENT,5.0,PERSONAL,D,8000,15.05,0.09,Y,3,0
30781,25,95000,RENT,2.0,HOMEIMPROVEMENT,B,8000,12.42,0.08,N,4,0
30782,24,90000,MORTGAGE,8.0,DEBTCONSOLIDATION,B,4000,9.99,0.04,N,2,0
30783,34,60000,MORTGAGE,12.0,PERSONAL,A,3400,6.91,0.06,N,9,0
30784,23,70000,MORTGAGE,4.0,MEDICAL,A,5000,7.74,0.07,N,2,0
30785,22,30000,RENT,0.0,MEDICAL,A,5000,7.88,0.17,N,4,0
30786,24,54000,MORTGAGE,8.0,MEDICAL,B,10000,11.49,0.19,N,3,0
30787,36,50000,MORTGAGE,1.0,DEBTCONSOLIDATION,A,8000,9.63,0.16,N,14,0
30788,33,258000,MORTGAGE,5.0,MEDICAL,B,35000,10.59,0.14,N,8,0
30789,36,54000,MORTGAGE,0.0,MEDICAL,D,16000,14.61,0.3,Y,12,1
30790,31,100000,MORTGAGE,3.0,EDUCATION,B,7000,10.62,0.07,N,5,0
30791,29,35000,RENT,0.0,EDUCATION,C,6000,13.99,0.17,Y,10,0
30792,28,50000,RENT,1.0,MEDICAL,A,4000,7.88,0.08,N,5,0
30793,24,50000,RENT,5.0,VENTURE,A,10000,7.49,0.2,N,2,0
30794,23,65000,MORTGAGE,3.0,EDUCATION,A,7000,7.49,0.11,N,4,0
30795,23,27000,RENT,0.0,EDUCATION,B,5000,12.21,0.19,N,4,0
30796,22,40000,RENT,2.0,VENTURE,B,3000,10.99,0.07,N,2,0
30797,25,70000,MORTGAGE,4.0,DEBTCONSOLIDATION,B,4000,10.99,0.06,N,3,0
30798,27,150000,RENT,1.0,EDUCATION,B,25000,11.36,0.17,N,5,0
30799,41,105000,MORTGAGE,5.0,DEBTCONSOLIDATION,A,12000,7.51,0.11,N,15,0
30800,24,42000,MORTGAGE,9.0,DEBTCONSOLIDATION,A,13750,6.62,0.32,N,4,0
30801,24,50000,MORTGAGE,2.0,VENTURE,A,8000,8.94,0.16,N,4,0
30802,26,49000,MORTGAGE,0.0,EDUCATION,B,12500,11.89,0.26,N,4,0
30803,32,115000,MORTGAGE,16.0,MEDICAL,C,15000,13.49,0.13,N,9,0
30804,25,48000,MORTGAGE,6.0,DEBTCONSOLIDATION,A,5000,7.51,0.1,N,4,0
30805,38,34000,RENT,2.0,VENTURE,C,4750,13.79,0.14,N,12,0
30806,26,71400,RENT,10.0,MEDICAL,D,12000,14.59,0.16,N,2,1
30807,24,49000,RENT,8.0,PERSONAL,A,4800,7.49,0.1,N,3,0
30808,22,66996,MORTGAGE,6.0,EDUCATION,D,12000,14.11,0.18,Y,2,0
30809,21,60000,MORTGAGE,5.0,DEBTCONSOLIDATION,B,14400,10.62,0.24,N,4,0
30810,22,28000,RENT,0.0,EDUCATION,B,8500,12.42,0.3,N,2,0
30811,23,30000,RENT,6.0,PERSONAL,A,9000,7.9,0.3,N,4,0
30812,29,480000,MORTGAGE,13.0,VENTURE,A,14550,5.42,0.03,N,8,0
30813,22,27996,RENT,0.0,VENTURE,D,6500,16.49,0.23,Y,2,1
30814,38,60000,MORTGAGE,2.0,VENTURE,C,1200,13.49,0.02,Y,16,0
30815,31,57000,RENT,5.0,HOMEIMPROVEMENT,D,6000,13.87,0.11,N,5,0
30816,23,72000,RENT,1.0,VENTURE,C,7500,14.79,0.01,Y,3,0
30817,36,59000,MORTGAGE,7.0,PERSONAL,A,6000,7.49,0.1,N,14,0
30818,28,79440,MORTGAGE,12.0,MEDICAL,C,3500,12.68,0.04,Y,5,0
30819,26,80000,MORTGAGE,7.0,PERSONAL,A,5000,5.42,0.06,N,2,0
30820,22,51000,MORTGAGE,6.0,EDUCATION,A,6000,5.99,0.12,N,4,0
30821,38,65000,RENT,2.0,VENTURE,C,10000,13.99,0.15,N,15,0
30822,22,64500,RENT,3.0,EDUCATION,C,7000,13.48,0.11,Y,4,0
30823,25,60000,RENT,9.0,DEBTCONSOLIDATION,B,25000,9.91,0.42,N,3,1
30824,38,60000,RENT,2.0,MEDICAL,C,14000,15.27,0.23,Y,13,0
30825,24,35000,RENT,0.0,EDUCATION,A,7000,8.59,0.19,N,4,0
30826,23,30000,RENT,5.0,EDUCATION,A,15000,8.94,0.5,N,4,1
30827,30,42504,OWN,14.0,VENTURE,B,7200,9.63,0.17,N,8,0
30828,44,65000,OWN,13.0,EDUCATION,A,12000,7.49,0.18,N,14,0
30829,27,110000,MORTGAGE,5.0,HOMEIMPROVEMENT,C,24000,12.99,0.22,Y,6,0
30830,24,36000,RENT,4.0,VENTURE,A,5000,8.9,0.14,N,2,0
30831,23,65000,OWN,5.0,VENTURE,A,6000,8.49,0.09,N,3,0
30832,25,33000,RENT,7.0,DEBTCONSOLIDATION,F,5000,18.43,0.15,N,3,1
30833,24,45000,RENT,8.0,VENTURE,B,10000,12.42,0.22,N,4,0
30834,29,125600,MORTGAGE,13.0,MEDICAL,A,10000,7.88,0.08,N,6,0
30835,23,65000,RENT,3.0,EDUCATION,C,9600,11.97,0.15,Y,3,0
30836,23,55640,RENT,7.0,DEBTCONSOLIDATION,C,4000,13.99,0.08,Y,2,0
30837,24,60000,MORTGAGE,1.0,MEDICAL,B,10000,10.74,0.17,N,4,0
30838,43,50000,RENT,1.0,HOMEIMPROVEMENT,B,3500,12.53,0.07,N,16,0
30839,22,132000,MORTGAGE,0.0,EDUCATION,B,14000,11.99,0.11,N,3,0
30840,28,62004,RENT,12.0,HOMEIMPROVEMENT,A,9600,9.07,0.15,N,7,0
30841,36,90000,MORTGAGE,2.0,VENTURE,A,4000,7.51,0.04,N,12,0
30842,29,50000,MORTGAGE,5.0,HOMEIMPROVEMENT,A,3000,5.79,0.06,N,6,0
30843,26,84996,MORTGAGE,2.0,VENTURE,A,4000,8.59,0.05,N,3,0
30844,30,50000,MORTGAGE,5.0,EDUCATION,A,10000,7.51,0.2,N,8,0
30845,24,72000,MORTGAGE,8.0,DEBTCONSOLIDATION,C,8000,13.61,0.11,Y,3,0
30846,28,30000,RENT,2.0,PERSONAL,C,5000,13.79,0.17,Y,10,0
30847,24,58000,RENT,5.0,PERSONAL,A,10000,8.9,0.17,N,4,0
30848,25,88900,OWN,6.0,MEDICAL,B,14500,11.99,0.16,N,4,0
30849,33,64000,MORTGAGE,11.0,DEBTCONSOLIDATION,A,13000,7.51,0.2,N,6,0
30850,29,68000,MORTGAGE,8.0,MEDICAL,A,10000,8.9,0.15,N,7,0
30851,37,48000,RENT,3.0,VENTURE,B,5000,10.65,0.1,N,12,0
30852,22,36000,MORTGAGE,6.0,MEDICAL,B,5000,11.36,0.14,N,4,0
30853,29,54996,RENT,9.0,EDUCATION,B,11000,10.75,0.2,N,6,0
30854,35,62500,RENT,0.0,DEBTCONSOLIDATION,B,2400,10.25,0.04,N,5,0
30855,23,30000,RENT,0.0,EDUCATION,A,10000,7.51,0.33,N,4,1
30856,30,36000,RENT,1.0,MEDICAL,B,4000,11.49,0.11,N,5,0
30857,29,38004,RENT,0.0,MEDICAL,C,5000,13.79,0.13,N,10,0
30858,23,90000,MORTGAGE,7.0,EDUCATION,A,6000,7.88,0.07,N,2,0
30859,30,24000,RENT,4.0,MEDICAL,C,3000,14.72,0.13,N,10,0
30860,36,80000,MORTGAGE,13.0,HOMEIMPROVEMENT,B,12000,11.99,0.15,N,15,0
30861,29,80000,MORTGAGE,13.0,PERSONAL,A,15000,7.88,0.19,N,8,0
30862,29,45000,RENT,4.0,EDUCATION,A,15000,7.49,0.33,N,10,1
30863,27,25000,RENT,0.0,EDUCATION,B,3000,9.62,0.12,N,5,0
30864,27,84000,RENT,4.0,MEDICAL,B,10000,10.99,0.12,N,5,0
30865,24,65000,MORTGAGE,8.0,VENTURE,A,6000,8.9,0.09,N,2,0
30866,33,65000,RENT,3.0,PERSONAL,B,14500,11.48,0.22,N,10,0
30867,26,32000,RENT,3.0,DEBTCONSOLIDATION,B,8000,12.42,0.25,N,4,0
30868,22,35000,MORTGAGE,0.0,MEDICAL,C,7000,13.16,0.2,N,4,0
30869,24,76500,MORTGAGE,0.0,EDUCATION,D,14000,16.89,0.18,Y,2,0
30870,22,57175,RENT,6.0,EDUCATION,F,16000,17.15,0.28,Y,4,1
30871,23,52800,MORTGAGE,1.0,EDUCATION,A,2400,8.49,0.05,N,2,0
30872,28,50000,MORTGAGE,12.0,MEDICAL,B,2400,11.49,0.05,N,10,0
30873,27,57000,RENT,2.0,DEBTCONSOLIDATION,B,18000,11.89,0.31,N,6,1
30874,28,54000,RENT,0.0,MEDICAL,C,12000,14.22,0.22,Y,6,0
30875,26,60000,RENT,0.0,PERSONAL,B,15000,9.13,0.25,N,2,0
30876,27,37000,RENT,0.0,HOMEIMPROVEMENT,D,13000,12.92,0.35,N,7,1
30877,25,35000,RENT,9.0,EDUCATION,C,16000,12.99,0.46,Y,2,1
30878,25,62400,RENT,9.0,VENTURE,F,20000,19.13,0.32,N,2,1
30879,21,58200,MORTGAGE,0.0,VENTURE,C,10000,13.11,0.17,Y,2,0
30880,37,48000,MORTGAGE,2.0,HOMEIMPROVEMENT,A,7000,7.51,0.15,N,17,0
30881,24,71820,MORTGAGE,8.0,MEDICAL,B,18500,12.53,0.25,N,2,0
30882,25,54000,MORTGAGE,0.0,DEBTCONSOLIDATION,A,4000,8.59,0.07,N,3,0
30883,33,123000,MORTGAGE,2.0,EDUCATION,A,7000,7.51,0.06,N,7,0
30884,25,55000,MORTGAGE,2.0,VENTURE,B,10000,12.53,0.18,N,4,0
30885,38,17280,RENT,6.0,VENTURE,D,7200,12.36,0.42,Y,17,1
30886,36,140000,MORTGAGE,13.0,PERSONAL,B,2800,11.49,0.02,N,14,0
30887,25,36000,RENT,4.0,VENTURE,C,12000,13.49,0.33,N,2,1
30888,29,65000,MORTGAGE,1.0,EDUCATION,C,8500,13.23,0.13,Y,5,0
30889,24,33996,RENT,0.0,MEDICAL,B,5000,11.49,0.15,N,3,0
30890,28,84000,RENT,8.0,HOMEIMPROVEMENT,D,10800,15.99,0.13,Y,7,0
30891,36,50000,RENT,5.0,HOMEIMPROVEMENT,B,12000,10.99,0.24,N,13,0
30892,27,38000,RENT,4.0,MEDICAL,B,8400,11.11,0.22,N,10,0
30893,28,70000,MORTGAGE,12.0,VENTURE,A,8000,6.99,0.11,N,10,0
30894,31,30000,RENT,0.0,MEDICAL,A,6000,8.49,0.2,N,8,0
30895,24,86004,OWN,8.0,VENTURE,B,2000,10.74,0.02,N,2,0
30896,24,85000,MORTGAGE,0.0,VENTURE,D,25000,15.58,0.29,N,3,0
30897,34,51480,OWN,5.0,PERSONAL,D,3000,16.89,0.06,Y,10,0
30898,24,50000,RENT,5.0,VENTURE,A,8000,5.42,0.16,N,4,0
30899,28,100000,MORTGAGE,12.0,PERSONAL,B,25000,11.71,0.25,N,10,0
30900,26,50000,MORTGAGE,6.0,HOMEIMPROVEMENT,B,8000,10.59,0.16,N,2,0
30901,24,48000,OWN,8.0,EDUCATION,A,5000,7.14,0.1,N,2,0
30902,28,120000,MORTGAGE,12.0,DEBTCONSOLIDATION,B,8400,9.91,0.07,N,6,0
30903,54,50000,RENT,0.0,PERSONAL,C,7600,13.47,0.16,N,19,0
30904,27,120000,MORTGAGE,5.0,EDUCATION,A,6400,5.42,0.05,N,10,0
30905,31,50000,MORTGAGE,11.0,DEBTCONSOLIDATION,A,5000,7.66,0.1,N,7,0
30906,25,60000,MORTGAGE,1.0,VENTURE,A,8400,7.29,0.14,N,4,0
30907,28,29112,RENT,4.0,EDUCATION,A,3000,6.99,0.1,N,5,0
30908,29,70000,RENT,6.0,MEDICAL,C,8000,13.47,0.11,N,8,0
30909,22,40000,RENT,3.0,DEBTCONSOLIDATION,B,8000,10.59,0.2,N,4,0
30910,24,180000,RENT,3.0,PERSONAL,A,11200,5.79,0.06,N,2,0
30911,26,35000,RENT,0.0,EDUCATION,C,4000,14.22,0.11,Y,3,0
30912,25,40000,RENT,2.0,MEDICAL,A,6000,7.51,0.15,N,3,0
30913,23,60000,RENT,4.0,EDUCATION,B,3000,10.0,0.05,N,2,0
30914,33,80000,MORTGAGE,9.0,MEDICAL,A,15000,6.54,0.19,N,5,0
30915,23,75000,RENT,0.0,VENTURE,A,6000,8.94,0.08,N,4,0
30916,23,31200,RENT,7.0,PERSONAL,B,5000,8.88,0.16,N,3,0
30917,27,60000,RENT,3.0,MEDICAL,C,15000,13.57,0.25,Y,9,0
30918,30,44000,RENT,9.0,MEDICAL,A,8500,7.51,0.19,N,9,0
30919,22,60000,RENT,0.0,VENTURE,D,10000,15.95,0.17,Y,3,1
30920,28,33000,RENT,0.0,EDUCATION,A,12000,6.03,0.35,N,10,1
30921,23,42000,RENT,0.0,VENTURE,B,6000,11.11,0.14,N,2,0
30922,23,75000,RENT,7.0,EDUCATION,B,10000,9.91,0.13,N,2,0
30923,29,121000,RENT,3.0,HOMEIMPROVEMENT,A,12000,7.88,0.1,N,8,0
30924,24,100000,MORTGAGE,5.0,VENTURE,B,15000,10.65,0.15,N,3,0
30925,25,102000,MORTGAGE,5.0,MEDICAL,A,15000,6.03,0.15,N,2,0
30926,30,39000,RENT,8.0,PERSONAL,C,5000,15.96,0.13,N,8,0
30927,30,70000,MORTGAGE,14.0,EDUCATION,E,6000,18.39,0.09,N,7,0
30928,32,86000,MORTGAGE,5.0,DEBTCONSOLIDATION,B,20000,12.42,0.23,N,6,1
30929,23,36000,MORTGAGE,7.0,MEDICAL,A,3500,7.9,0.1,N,3,0
30930,25,36000,RENT,2.0,EDUCATION,B,5000,10.25,0.14,N,4,0
30931,24,50600,RENT,3.0,HOMEIMPROVEMENT,C,12000,13.85,0.24,N,2,0
30932,22,54600,RENT,6.0,MEDICAL,A,1500,7.9,0.03,N,3,0
30933,23,87000,MORTGAGE,5.0,EDUCATION,B,20000,11.48,0.23,N,2,0
30934,30,74196,MORTGAGE,6.0,HOMEIMPROVEMENT,B,17400,11.49,0.23,N,7,0
30935,23,44000,MORTGAGE,6.0,EDUCATION,C,10000,13.47,0.23,N,2,0
30936,22,40000,RENT,6.0,EDUCATION,B,6400,11.71,0.16,N,3,0
30937,39,84000,RENT,5.0,MEDICAL,B,20000,11.12,0.24,N,14,0
30938,30,103000,RENT,14.0,DEBTCONSOLIDATION,E,16750,17.04,0.18,N,6,1
30939,26,70000,MORTGAGE,10.0,MEDICAL,B,20000,10.59,0.29,N,4,0
30940,23,60000,OWN,7.0,VENTURE,D,18200,15.31,0.31,Y,2,0
30941,23,65025,MORTGAGE,4.0,MEDICAL,E,10000,16.35,0.14,N,2,1
30942,24,60000,MORTGAGE,4.0,EDUCATION,A,7000,7.66,0.12,N,4,0
30943,24,50000,OWN,1.0,VENTURE,B,17000,9.88,0.34,N,4,0
30944,30,120000,MORTGAGE,3.0,HOMEIMPROVEMENT,D,10000,15.62,0.08,Y,10,0
30945,35,58570,MORTGAGE,8.0,MEDICAL,A,10400,7.88,0.17,N,9,0
30946,22,38400,MORTGAGE,6.0,MEDICAL,A,10000,7.14,0.26,N,2,0
30947,21,42000,RENT,2.0,HOMEIMPROVEMENT,D,9600,14.59,0.23,N,2,1
30948,26,96000,RENT,3.0,VENTURE,B,12000,9.91,0.13,N,2,0
30949,41,48000,RENT,16.0,MEDICAL,C,7500,13.23,0.16,N,13,0
30950,28,110000,MORTGAGE,2.0,MEDICAL,B,10000,10.37,0.09,N,5,0
30951,26,45000,MORTGAGE,2.0,PERSONAL,B,5000,10.99,0.11,N,4,0
30952,29,40000,MORTGAGE,12.0,PERSONAL,B,16000,12.42,0.4,N,6,0
30953,23,36000,OWN,7.0,VENTURE,A,11000,8.94,0.31,N,3,0
30954,21,25000,OWN,5.0,VENTURE,A,7500,6.76,0.3,N,4,0
30955,30,85000,MORTGAGE,12.0,PERSONAL,B,8000,11.99,0.09,N,8,0
30956,27,75000,MORTGAGE,11.0,VENTURE,A,15600,7.9,0.21,N,10,0
30957,27,50000,MORTGAGE,4.0,EDUCATION,B,9000,10.99,0.18,N,6,0
30958,34,51000,MORTGAGE,1.0,PERSONAL,A,20000,7.49,0.4,N,6,0
30959,23,84000,RENT,7.0,EDUCATION,C,12000,13.16,0.14,N,4,0
30960,30,40000,RENT,1.0,DEBTCONSOLIDATION,B,16000,10.62,0.4,N,7,1
30961,28,34000,RENT,3.0,MEDICAL,D,10000,14.91,0.29,N,9,1
30962,27,38000,RENT,3.0,EDUCATION,B,10000,12.42,0.26,N,10,0
30963,27,65000,MORTGAGE,11.0,PERSONAL,A,7500,7.51,0.12,N,10,0
30964,24,45000,RENT,6.0,VENTURE,B,6500,11.71,0.14,N,2,0
30965,28,82000,RENT,2.0,EDUCATION,C,14000,13.43,0.17,Y,8,0
30966,24,110000,MORTGAGE,8.0,VENTURE,D,25000,14.96,0.23,Y,2,0
30967,37,75000,RENT,5.0,PERSONAL,B,20000,12.69,0.27,N,13,0
30968,23,90000,RENT,2.0,EDUCATION,C,8000,14.27,0.09,Y,3,0
30969,27,50000,RENT,3.0,HOMEIMPROVEMENT,D,8000,14.61,0.16,Y,6,0
30970,28,59160,MORTGAGE,4.0,EDUCATION,E,17600,16.35,0.29,N,6,0
30971,23,70000,MORTGAGE,3.0,PERSONAL,A,3000,7.68,0.04,N,3,0
30972,37,60000,RENT,0.0,VENTURE,B,3600,9.99,0.06,N,13,0
30973,23,85000,RENT,3.0,MEDICAL,B,8000,12.21,0.09,N,3,0
30974,21,30000,RENT,1.0,PERSONAL,D,10000,13.24,0.33,Y,4,1
30975,36,58000,RENT,0.0,EDUCATION,D,16800,15.37,0.3,Y,13,1
30976,23,48000,RENT,0.0,PERSONAL,D,6000,17.58,0.13,N,3,1
30977,30,85000,RENT,3.0,PERSONAL,C,25000,13.49,0.31,Y,8,1
30978,23,29000,OWN,0.0,MEDICAL,B,9250,12.69,0.31,N,4,1
30979,24,90000,MORTGAGE,4.0,EDUCATION,B,21000,10.99,0.23,N,3,0
30980,37,80000,MORTGAGE,21.0,VENTURE,C,6000,13.47,0.07,Y,11,0
30981,26,99000,RENT,2.0,VENTURE,A,9000,6.62,0.09,N,2,0
30982,35,42000,MORTGAGE,2.0,VENTURE,C,5000,13.49,0.12,N,6,0
30983,25,66500,MORTGAGE,9.0,HOMEIMPROVEMENT,B,12000,10.99,0.18,N,3,0
30984,29,120000,MORTGAGE,3.0,PERSONAL,B,20000,10.25,0.17,N,8,0
30985,30,130000,MORTGAGE,14.0,DEBTCONSOLIDATION,B,4000,11.71,0.03,N,8,0
30986,26,68000,MORTGAGE,1.0,PERSONAL,D,18000,17.49,0.28,Y,2,0
30987,33,30000,RENT,0.0,DEBTCONSOLIDATION,C,5000,13.72,0.17,N,5,0
30988,24,40000,MORTGAGE,7.0,PERSONAL,A,5000,6.03,0.13,N,4,0
30989,28,30000,MORTGAGE,12.0,MEDICAL,C,1000,13.72,0.03,Y,10,0
30990,27,106000,MORTGAGE,11.0,HOMEIMPROVEMENT,C,4000,13.99,0.04,N,10,0
30991,37,58000,MORTGAGE,5.0,VENTURE,B,15000,11.49,0.26,N,11,0
30992,21,26400,RENT,3.0,EDUCATION,B,7000,10.96,0.27,N,4,0
30993,33,150000,RENT,4.0,EDUCATION,C,7000,13.11,0.05,N,6,0
30994,27,160000,RENT,4.0,PERSONAL,A,10000,9.63,0.06,N,10,0
30995,21,50000,RENT,5.0,VENTURE,B,4000,10.37,0.08,N,4,0
30996,37,45600,MORTGAGE,20.0,VENTURE,C,3000,12.99,0.07,Y,17,0
30997,38,36000,RENT,3.0,VENTURE,D,4500,14.11,0.13,N,14,0
30998,22,50000,MORTGAGE,6.0,PERSONAL,B,5500,11.49,0.11,N,2,0
30999,29,87000,MORTGAGE,9.0,VENTURE,B,10000,9.63,0.11,N,5,0
31000,23,60000,RENT,2.0,PERSONAL,B,8000,11.49,0.13,N,2,0
31001,23,60000,RENT,6.0,MEDICAL,A,4800,7.9,0.08,N,3,0
31002,25,100000,MORTGAGE,9.0,PERSONAL,D,7500,16.77,0.07,N,4,0
31003,36,55152,RENT,4.0,VENTURE,C,15000,12.61,0.27,Y,17,0
31004,23,86400,MORTGAGE,5.0,PERSONAL,A,28000,7.9,0.32,N,3,0
31005,28,75000,OWN,2.0,VENTURE,A,25000,7.9,0.33,N,5,0
31006,26,29000,RENT,1.0,MEDICAL,B,6000,10.74,0.21,N,4,1
31007,23,120000,RENT,3.0,EDUCATION,B,10000,10.65,0.08,N,2,0
31008,23,56000,RENT,4.0,EDUCATION,C,21000,13.49,0.36,Y,4,1
31009,27,60000,MORTGAGE,11.0,VENTURE,B,18000,11.49,0.3,N,10,0
31010,21,34000,MORTGAGE,5.0,MEDICAL,B,5000,11.49,0.15,N,3,1
31011,42,80000,OWN,5.0,PERSONAL,B,12000,11.99,0.15,N,13,0
31012,30,70000,OWN,14.0,EDUCATION,D,14000,14.96,0.2,Y,9,0
31013,25,34000,RENT,6.0,MEDICAL,B,5000,12.69,0.15,N,2,0
31014,25,160000,MORTGAGE,9.0,PERSONAL,D,5000,15.7,0.03,Y,4,0
31015,22,42000,RENT,4.0,EDUCATION,A,4500,7.66,0.11,N,4,0
31016,28,78000,MORTGAGE,8.0,MEDICAL,A,8000,7.29,0.1,N,6,0
31017,27,60000,RENT,11.0,DEBTCONSOLIDATION,A,5000,7.49,0.08,N,5,0
31018,21,32000,RENT,0.0,VENTURE,D,8000,14.11,0.25,Y,4,1
31019,25,50000,MORTGAGE,9.0,DEBTCONSOLIDATION,A,15000,7.88,0.3,N,2,0
31020,23,60000,RENT,3.0,DEBTCONSOLIDATION,A,9800,7.9,0.16,N,2,0
31021,23,93924,RENT,6.0,EDUCATION,B,25000,10.74,0.27,N,3,0
31022,43,38000,RENT,4.0,HOMEIMPROVEMENT,D,9000,15.21,0.23,N,16,0
31023,40,70000,RENT,2.0,EDUCATION,B,10000,10.65,0.14,N,12,0
31024,28,150000,MORTGAGE,2.0,DEBTCONSOLIDATION,A,20000,6.54,0.13,N,8,0
31025,23,55000,RENT,7.0,PERSONAL,B,5000,11.71,0.09,N,2,0
31026,42,72000,OTHER,8.0,VENTURE,D,5000,14.46,0.07,N,13,0
31027,37,45000,RENT,0.0,DEBTCONSOLIDATION,B,2000,9.25,0.04,N,16,0
31028,25,120000,MORTGAGE,9.0,EDUCATION,A,20000,7.9,0.17,N,4,0
31029,27,78000,MORTGAGE,9.0,HOMEIMPROVEMENT,D,14400,15.7,0.18,N,10,1
31030,29,72000,MORTGAGE,7.0,VENTURE,A,10000,7.88,0.14,N,5,0
31031,61,43200,OWN,3.0,PERSONAL,A,9000,7.51,0.21,N,19,0
31032,25,90000,RENT,9.0,DEBTCONSOLIDATION,A,16000,7.51,0.18,N,4,0
31033,24,70000,MORTGAGE,8.0,EDUCATION,A,8600,7.9,0.12,N,2,0
31034,24,80000,RENT,8.0,EDUCATION,A,7000,5.79,0.09,N,4,0
31035,29,80000,MORTGAGE,2.0,HOMEIMPROVEMENT,A,6000,7.74,0.07,N,5,0
31036,23,54000,MORTGAGE,0.0,PERSONAL,A,10000,6.17,0.19,N,2,0
31037,26,85000,RENT,5.0,EDUCATION,A,8000,6.03,0.09,N,2,0
31038,27,43000,RENT,1.0,DEBTCONSOLIDATION,C,8000,13.8,0.19,N,6,0
31039,34,36000,MORTGAGE,7.0,EDUCATION,A,1000,7.14,0.03,N,7,0
31040,51,70000,MORTGAGE,1.0,PERSONAL,A,7000,7.9,0.1,N,20,0
31041,43,60000,RENT,7.0,MEDICAL,B,10000,9.88,0.17,N,17,0
31042,24,60000,MORTGAGE,8.0,DEBTCONSOLIDATION,A,4500,7.88,0.07,N,3,0
31043,28,35000,MORTGAGE,3.0,EDUCATION,A,12000,7.29,0.34,N,8,0
31044,23,85000,MORTGAGE,0.0,EDUCATION,C,12000,13.06,0.14,Y,3,0
31045,38,60000,RENT,2.0,HOMEIMPROVEMENT,A,6000,8.59,0.1,N,16,0
31046,23,27000,RENT,0.0,EDUCATION,B,6000,9.88,0.22,N,2,0
31047,23,62000,RENT,0.0,EDUCATION,C,10000,13.47,0.16,N,3,0
31048,27,70000,MORTGAGE,11.0,EDUCATION,C,15000,13.61,0.21,N,6,0
31049,24,68400,MORTGAGE,8.0,EDUCATION,D,9000,12.17,0.13,N,4,1
31050,33,36000,MORTGAGE,5.0,PERSONAL,A,4000,7.51,0.11,N,8,0
31051,23,33000,RENT,0.0,EDUCATION,C,1800,13.16,0.05,Y,4,0
31052,23,60000,MORTGAGE,0.0,EDUCATION,B,2400,9.91,0.04,N,4,0
31053,23,30000,RENT,5.0,VENTURE,B,5000,9.63,0.17,N,3,0
31054,23,132652,MORTGAGE,8.0,DEBTCONSOLIDATION,B,25000,11.58,0.19,N,2,0
31055,38,130000,MORTGAGE,4.0,PERSONAL,D,6450,15.21,0.05,Y,13,0
31056,22,34000,MORTGAGE,6.0,DEBTCONSOLIDATION,A,5000,6.91,0.15,N,3,0
31057,25,103000,RENT,9.0,VENTURE,C,20000,13.79,0.19,Y,2,0
31058,38,100000,MORTGAGE,5.0,DEBTCONSOLIDATION,A,6000,6.99,0.06,N,17,0
31059,27,42000,RENT,2.0,VENTURE,B,2000,11.49,0.05,N,8,0
31060,31,51300,MORTGAGE,13.0,VENTURE,A,4000,6.99,0.08,N,6,0
31061,27,52000,MORTGAGE,2.0,DEBTCONSOLIDATION,B,8000,10.37,0.15,N,10,0
31062,25,31200,RENT,2.0,PERSONAL,E,10000,16.82,0.32,N,4,1
31063,29,62000,MORTGAGE,6.0,MEDICAL,A,10000,7.88,0.16,N,8,0
31064,26,60000,MORTGAGE,0.0,MEDICAL,A,13000,8.94,0.22,N,4,0
31065,25,55000,RENT,2.0,MEDICAL,B,4000,11.14,0.07,N,2,0
31066,49,192000,MORTGAGE,5.0,HOMEIMPROVEMENT,D,25000,14.83,0.13,N,17,1
31067,27,30000,RENT,3.0,MEDICAL,B,8000,11.71,0.27,N,9,0
31068,35,135000,MORTGAGE,21.0,VENTURE,E,2400,16.95,0.02,Y,7,0
31069,35,136625,MORTGAGE,3.0,VENTURE,A,15000,7.51,0.11,N,6,0
31070,30,70000,MORTGAGE,0.0,MEDICAL,A,10000,6.99,0.14,N,10,0
31071,24,25200,RENT,9.0,MEDICAL,C,1000,12.23,0.04,Y,2,0
31072,30,72000,MORTGAGE,9.0,PERSONAL,A,3000,6.99,0.04,N,5,0
31073,29,54000,RENT,9.0,VENTURE,B,10000,10.99,0.19,N,8,0
31074,23,48000,RENT,0.0,MEDICAL,B,5000,10.59,0.1,N,4,0
31075,22,30000,RENT,6.0,DEBTCONSOLIDATION,B,6000,11.86,0.2,N,4,0
31076,32,36000,RENT,3.0,MEDICAL,B,6000,9.91,0.17,N,9,0
31077,29,36000,RENT,7.0,PERSONAL,B,3600,10.36,0.1,N,7,0
31078,30,30000,RENT,2.0,PERSONAL,D,10000,16.0,0.33,Y,5,1
31079,31,66500,MORTGAGE,1.0,EDUCATION,B,9200,10.95,0.14,N,8,0
31080,23,30000,RENT,1.0,EDUCATION,C,6000,13.11,0.2,N,4,0
31081,35,60000,RENT,19.0,MEDICAL,A,30000,7.51,0.5,N,8,1
31082,21,48000,MORTGAGE,1.0,DEBTCONSOLIDATION,A,5500,7.51,0.11,N,2,0
31083,27,73000,RENT,2.0,VENTURE,E,3600,19.29,0.05,Y,9,1
31084,31,85000,MORTGAGE,0.0,EDUCATION,A,10000,9.63,0.12,N,6,0
31085,27,45000,RENT,0.0,DEBTCONSOLIDATION,A,1000,7.49,0.02,N,5,0
31086,22,52500,MORTGAGE,5.0,MEDICAL,A,8400,5.42,0.15,N,2,0
31087,25,69000,MORTGAGE,5.0,VENTURE,C,11200,15.96,0.16,Y,4,0
31088,22,40000,RENT,0.0,EDUCATION,A,7500,8.9,0.19,N,4,0
31089,22,84000,MORTGAGE,0.0,DEBTCONSOLIDATION,A,2500,6.54,0.03,N,3,0
31090,33,58000,MORTGAGE,11.0,PERSONAL,A,3000,6.92,0.05,N,7,0
31091,29,110000,RENT,1.0,HOMEIMPROVEMENT,C,20000,12.41,0.18,Y,5,0
31092,22,24000,RENT,2.0,MEDICAL,B,6000,10.99,0.25,N,3,0
31093,25,180000,MORTGAGE,2.0,MEDICAL,C,2000,14.26,0.11,Y,4,0
31094,33,80000,MORTGAGE,3.0,VENTURE,B,6500,10.74,0.08,N,8,0
31095,28,40000,RENT,1.0,MEDICAL,B,3000,11.49,0.07,N,5,0
31096,26,41000,MORTGAGE,11.0,DEBTCONSOLIDATION,D,8000,14.09,0.2,Y,2,1
31097,30,120000,OWN,3.0,EDUCATION,B,15000,10.59,0.13,N,10,0
31098,24,45000,RENT,5.0,MEDICAL,A,10000,6.03,0.22,N,2,0
31099,24,55000,RENT,5.0,DEBTCONSOLIDATION,A,15000,7.49,0.27,N,3,0
31100,24,70000,RENT,5.0,HOMEIMPROVEMENT,B,14000,10.37,0.2,N,3,0
31101,21,48000,RENT,2.0,VENTURE,A,15000,8.32,0.31,N,4,1
31102,27,110000,MORTGAGE,3.0,HOMEIMPROVEMENT,B,3000,12.69,0.03,N,5,0
31103,38,26000,MORTGAGE,13.0,EDUCATION,C,7750,13.22,0.31,Y,14,1
31104,27,61000,RENT,2.0,VENTURE,B,12000,10.39,0.2,N,10,0
31105,25,33000,MORTGAGE,9.0,MEDICAL,A,13500,6.92,0.43,N,2,0
31106,23,24000,RENT,3.0,PERSONAL,B,8900,9.63,0.36,N,3,1
31107,27,58000,RENT,11.0,DEBTCONSOLIDATION,B,20000,12.69,0.34,N,9,1
31108,28,72000,MORTGAGE,5.0,HOMEIMPROVEMENT,A,5000,7.51,0.07,N,7,0
31109,24,130000,RENT,3.0,PERSONAL,A,3000,7.9,0.02,N,2,0
31110,44,83000,MORTGAGE,0.0,DEBTCONSOLIDATION,B,3000,11.83,0.04,N,11,0
31111,33,77100,MORTGAGE,6.0,EDUCATION,C,22400,12.42,0.28,N,5,1
31112,25,62000,RENT,1.0,VENTURE,E,7500,17.51,0.12,N,3,1
31113,22,42000,RENT,1.0,PERSONAL,C,4800,13.49,0.11,Y,4,0
31114,28,38000,RENT,0.0,MEDICAL,A,10000,7.49,0.26,N,10,0
31115,25,48000,MORTGAGE,9.0,VENTURE,A,3000,5.42,0.06,N,4,0
31116,22,40000,MORTGAGE,6.0,PERSONAL,C,3250,13.23,0.08,Y,3,1
31117,27,65000,RENT,5.0,MEDICAL,C,12000,13.79,0.18,N,10,0
31118,25,33000,MORTGAGE,9.0,DEBTCONSOLIDATION,A,1200,6.03,0.04,N,3,0
31119,42,58000,MORTGAGE,19.0,EDUCATION,C,8000,13.42,0.14,N,12,1
31120,22,66143,MORTGAGE,3.0,PERSONAL,A,10000,6.99,0.15,N,3,0
31121,27,50000,RENT,3.0,HOMEIMPROVEMENT,B,4000,12.18,0.08,N,5,0
31122,21,20004,OWN,2.0,MEDICAL,B,7000,10.99,0.32,N,2,0
31123,27,17688,RENT,1.0,MEDICAL,A,1600,7.68,0.09,N,8,0
31124,22,60000,RENT,0.0,EDUCATION,B,5000,10.0,0.08,N,4,0
31125,23,63000,MORTGAGE,7.0,MEDICAL,A,12000,7.66,0.19,N,4,0
31126,35,24996,RENT,0.0,MEDICAL,B,7000,12.53,0.28,N,10,0
31127,38,65028,RENT,3.0,EDUCATION,B,11000,9.62,0.15,N,11,0
31128,24,65000,RENT,3.0,EDUCATION,A,8000,6.91,0.12,N,3,0
31129,28,36000,RENT,2.0,DEBTCONSOLIDATION,A,12000,6.62,0.33,N,9,1
31130,30,60000,RENT,5.0,HOMEIMPROVEMENT,A,12000,5.42,0.2,N,8,0
31131,22,34000,RENT,0.0,DEBTCONSOLIDATION,D,5000,16.77,0.15,Y,3,1
31132,24,100000,MORTGAGE,2.0,PERSONAL,A,6000,7.14,0.06,N,3,0
31133,23,35000,RENT,1.0,EDUCATION,C,7500,11.34,0.21,N,2,0
31134,28,53000,RENT,1.0,EDUCATION,C,10000,14.26,0.19,N,8,0
31135,24,95000,RENT,4.0,VENTURE,B,20000,11.11,0.21,N,3,0
31136,46,60000,MORTGAGE,7.0,PERSONAL,A,3000,6.62,0.05,N,16,0
31137,22,50000,RENT,6.0,VENTURE,C,10000,13.06,0.2,N,3,0
31138,25,65000,RENT,1.0,MEDICAL,A,9000,7.88,0.14,N,2,0
31139,30,56000,MORTGAGE,14.0,MEDICAL,A,8000,7.51,0.15,N,7,0
31140,22,49600,RENT,5.0,PERSONAL,A,8400,7.14,0.17,N,3,0
31141,27,61200,RENT,5.0,MEDICAL,D,20000,14.74,0.28,Y,10,1
31142,25,75000,MORTGAGE,1.0,EDUCATION,B,14000,11.89,0.19,N,4,0
31143,23,24000,RENT,0.0,MEDICAL,B,10000,10.65,0.42,N,4,1
31144,21,36000,RENT,2.0,VENTURE,A,6000,7.51,0.17,N,2,0
31145,29,56204,RENT,3.0,DEBTCONSOLIDATION,D,12000,15.65,0.21,N,8,1
31146,25,125000,RENT,7.0,MEDICAL,C,12000,13.92,0.1,N,3,0
31147,29,69500,OWN,4.0,HOMEIMPROVEMENT,A,9600,7.51,0.14,N,8,0
31148,32,65000,MORTGAGE,3.0,PERSONAL,C,8000,13.49,0.12,Y,10,0
31149,24,30000,RENT,1.0,EDUCATION,A,8500,8.9,0.28,N,3,1
31150,36,33000,MORTGAGE,8.0,HOMEIMPROVEMENT,D,6000,15.33,0.18,N,14,0
31151,22,25596,RENT,0.0,VENTURE,B,2400,11.58,0.1,N,4,0
31152,31,52000,RENT,1.0,EDUCATION,C,7500,13.79,0.14,Y,5,0
31153,39,32000,RENT,1.0,MEDICAL,D,6000,16.29,0.19,N,12,1
31154,31,101004,MORTGAGE,3.0,DEBTCONSOLIDATION,B,6000,11.99,0.06,N,8,0
31155,33,85000,MORTGAGE,8.0,EDUCATION,A,13000,6.62,0.15,N,6,0
31156,23,84000,RENT,7.0,DEBTCONSOLIDATION,B,20000,12.53,0.24,N,3,0
31157,22,50000,MORTGAGE,3.0,DEBTCONSOLIDATION,B,6000,10.99,0.12,N,4,0
31158,31,75000,RENT,1.0,VENTURE,A,10000,8.49,0.13,N,5,0
31159,33,72000,RENT,4.0,VENTURE,B,20000,9.99,0.29,N,9,0
31160,25,50000,RENT,2.0,PERSONAL,B,3000,10.99,0.06,N,3,0
31161,27,60000,RENT,1.0,VENTURE,B,6000,9.99,0.1,N,10,1
31162,22,95000,RENT,4.0,EDUCATION,B,10000,11.99,0.11,N,4,0
31163,34,98000,MORTGAGE,4.0,DEBTCONSOLIDATION,D,7500,14.11,0.07,N,7,1
31164,23,64500,MORTGAGE,4.0,EDUCATION,B,10000,11.83,0.16,N,4,0
31165,25,44000,RENT,7.0,HOMEIMPROVEMENT,C,9800,13.23,0.22,Y,2,1
31166,27,70000,RENT,11.0,VENTURE,C,20000,13.48,0.29,Y,5,0
31167,33,38400,OWN,5.0,MEDICAL,B,10000,9.91,0.26,N,8,0
31168,21,65004,RENT,5.0,MEDICAL,B,6000,9.99,0.09,N,3,0
31169,24,65000,RENT,5.0,VENTURE,B,5000,11.48,0.08,N,4,0
31170,27,42000,RENT,3.0,MEDICAL,B,10000,10.74,0.24,N,8,0
31171,25,54000,RENT,4.0,HOMEIMPROVEMENT,A,4500,5.79,0.08,N,4,0
31172,43,55000,MORTGAGE,3.0,EDUCATION,A,8000,7.29,0.15,N,14,0
31173,28,102500,MORTGAGE,12.0,PERSONAL,A,6000,7.66,0.06,N,7,0
31174,22,59000,RENT,2.0,HOMEIMPROVEMENT,D,21600,16.29,0.37,N,3,1
31175,25,55000,MORTGAGE,2.0,HOMEIMPROVEMENT,C,6000,13.48,0.11,N,3,0
31176,25,55000,MORTGAGE,7.0,HOMEIMPROVEMENT,C,1000,12.72,0.02,N,2,0
31177,32,45000,RENT,6.0,DEBTCONSOLIDATION,C,10000,13.11,0.22,N,5,0
31178,29,30720,RENT,6.0,VENTURE,C,10000,13.49,0.33,Y,10,1
31179,41,55000,MORTGAGE,3.0,VENTURE,A,4000,7.9,0.07,N,17,0
31180,23,45000,RENT,6.0,PERSONAL,A,12000,7.88,0.27,N,4,0
31181,22,75000,MORTGAGE,6.0,PERSONAL,A,7000,7.51,0.09,N,2,0
31182,28,69000,RENT,3.0,MEDICAL,B,18000,10.99,0.26,N,5,0
31183,22,45000,RENT,2.0,MEDICAL,B,4000,10.65,0.09,N,3,0
31184,26,54000,RENT,3.0,MEDICAL,C,8500,14.22,0.16,N,3,1
31185,24,100300,RENT,3.0,HOMEIMPROVEMENT,D,25000,14.83,0.24,N,2,1
31186,35,40000,RENT,2.0,PERSONAL,B,3500,11.99,0.09,N,6,0
31187,22,40000,RENT,2.0,MEDICAL,B,8000,11.12,0.2,N,4,0
31188,23,69996,OWN,4.0,EDUCATION,A,14000,7.88,0.21,N,3,0
31189,21,65000,MORTGAGE,5.0,EDUCATION,A,10000,7.88,0.15,N,3,0
31190,26,126132,MORTGAGE,0.0,HOMEIMPROVEMENT,C,14400,14.26,0.11,Y,4,0
31191,23,30000,RENT,5.0,HOMEIMPROVEMENT,D,8000,14.59,0.27,Y,2,1
31192,24,36000,RENT,3.0,MEDICAL,B,6000,11.99,0.17,N,3,0
31193,30,46000,RENT,2.0,EDUCATION,D,6000,14.96,0.13,Y,10,1
31194,24,40000,MORTGAGE,8.0,VENTURE,B,4000,9.99,0.1,N,3,0
31195,44,50000,MORTGAGE,20.0,DEBTCONSOLIDATION,A,8000,5.42,0.16,N,12,0
31196,25,45000,MORTGAGE,3.0,DEBTCONSOLIDATION,A,6000,7.49,0.13,N,3,0
31197,22,64500,MORTGAGE,6.0,MEDICAL,A,7000,7.14,0.11,N,3,0
31198,26,45600,RENT,5.0,MEDICAL,A,7000,6.03,0.15,N,3,0
31199,25,65000,RENT,3.0,HOMEIMPROVEMENT,D,8000,16.77,0.12,Y,4,0
31200,22,35000,RENT,6.0,VENTURE,B,15000,8.88,0.43,N,4,1
31201,32,50000,RENT,3.0,DEBTCONSOLIDATION,C,5600,13.11,0.11,Y,5,0
31202,36,40000,MORTGAGE,5.0,PERSONAL,A,4000,6.62,0.1,N,12,0
31203,22,24000,OWN,0.0,PERSONAL,A,4800,6.92,0.2,N,2,0
31204,25,32004,MORTGAGE,0.0,DEBTCONSOLIDATION,A,3400,7.88,0.11,N,4,0
31205,37,78000,MORTGAGE,2.0,HOMEIMPROVEMENT,D,30000,17.27,0.38,N,11,1
31206,27,38400,RENT,8.0,EDUCATION,A,9600,7.49,0.25,N,10,0
31207,24,76500,RENT,2.0,MEDICAL,D,20000,14.74,0.24,N,2,1
31208,21,26400,RENT,0.0,DEBTCONSOLIDATION,B,6000,9.76,0.23,N,3,1
31209,25,36000,RENT,2.0,DEBTCONSOLIDATION,B,7000,10.38,0.19,N,2,0
31210,21,30000,RENT,5.0,PERSONAL,A,10000,7.51,0.33,N,2,1
31211,23,55000,RENT,3.0,PERSONAL,C,7500,13.98,0.14,N,4,0
31212,22,27000,MORTGAGE,2.0,PERSONAL,C,5000,12.73,0.19,N,4,0
31213,38,108600,RENT,3.0,PERSONAL,A,14400,7.66,0.13,N,14,0
31214,25,50000,MORTGAGE,5.0,VENTURE,A,7000,9.32,0.14,N,4,0
31215,27,115000,MORTGAGE,3.0,DEBTCONSOLIDATION,B,25000,12.18,0.22,N,7,0
31216,24,66000,MORTGAGE,8.0,MEDICAL,B,20000,11.48,0.3,N,3,0
31217,25,80000,RENT,0.0,MEDICAL,B,16000,10.99,0.2,N,4,0
31218,41,60000,RENT,3.0,PERSONAL,B,6000,10.74,0.1,N,15,0
31219,21,44000,RENT,6.0,PERSONAL,D,13000,15.7,0.3,N,4,1
31220,22,70000,MORTGAGE,6.0,VENTURE,B,18000,11.49,0.26,N,3,0
31221,23,90000,MORTGAGE,2.0,PERSONAL,A,15000,6.62,0.17,N,3,0
31222,23,40000,RENT,2.0,PERSONAL,B,14150,9.99,0.35,N,3,1
31223,27,48000,OWN,8.0,VENTURE,A,7000,5.79,0.15,N,10,0
31224,23,50000,RENT,0.0,VENTURE,B,3500,10.59,0.07,N,3,0
31225,27,60000,MORTGAGE,11.0,PERSONAL,A,3500,7.68,0.06,N,5,0
31226,27,39000,RENT,5.0,DEBTCONSOLIDATION,A,4500,7.49,0.12,N,8,0
31227,25,80000,RENT,1.0,MEDICAL,A,9000,6.54,0.11,N,4,0
31228,24,115000,MORTGAGE,4.0,HOMEIMPROVEMENT,C,10000,14.26,0.09,Y,4,0
31229,28,30000,RENT,0.0,MEDICAL,A,7000,7.9,0.23,N,8,0
31230,26,96000,MORTGAGE,5.0,DEBTCONSOLIDATION,B,5000,9.99,0.05,N,3,0
31231,38,80000,RENT,1.0,PERSONAL,B,15000,11.99,0.19,N,12,0
31232,25,100000,MORTGAGE,5.0,VENTURE,A,28000,7.88,0.28,N,3,0
31233,21,40000,RENT,4.0,EDUCATION,B,10000,10.08,0.25,N,3,0
31234,27,70000,RENT,11.0,VENTURE,B,9000,8.88,0.13,N,10,0
31235,29,61848,MORTGAGE,13.0,VENTURE,B,2000,10.38,0.03,N,6,0
31236,32,69996,OWN,3.0,MEDICAL,B,10000,11.86,0.14,N,10,0
31237,26,76494,RENT,3.0,VENTURE,C,20000,13.22,0.26,Y,4,0
31238,37,18000,RENT,3.0,DEBTCONSOLIDATION,C,4000,14.35,0.22,Y,16,1
31239,22,65000,MORTGAGE,1.0,MEDICAL,A,7500,5.79,0.12,N,2,0
31240,27,60000,OWN,0.0,HOMEIMPROVEMENT,A,12000,6.92,0.2,N,8,0
31241,35,125000,OWN,10.0,MEDICAL,B,23500,11.48,0.19,N,10,0
31242,23,55000,MORTGAGE,1.0,VENTURE,D,12500,15.65,0.21,N,2,1
31243,32,54000,RENT,1.0,VENTURE,D,20000,15.7,0.37,N,5,1
31244,22,75000,MORTGAGE,6.0,VENTURE,C,20000,13.92,0.27,Y,3,0
31245,38,72000,MORTGAGE,11.0,MEDICAL,C,3000,13.35,0.04,Y,16,0
31246,37,45000,RENT,5.0,EDUCATION,D,3200,14.61,0.07,N,12,0
31247,22,36000,MORTGAGE,5.0,EDUCATION,A,7500,8.49,0.21,N,2,0
31248,25,72000,MORTGAGE,5.0,EDUCATION,B,8000,12.21,0.11,N,3,0
31249,30,60000,RENT,3.0,EDUCATION,C,15000,15.27,0.25,N,6,0
31250,28,90000,MORTGAGE,7.0,PERSONAL,A,10500,6.03,0.11,N,9,0
31251,36,54000,RENT,5.0,HOMEIMPROVEMENT,C,10000,13.99,0.19,Y,16,1
31252,29,24000,MORTGAGE,4.0,VENTURE,B,4000,11.86,0.17,N,9,0
31253,22,33685,MORTGAGE,6.0,DEBTCONSOLIDATION,C,5000,13.85,0.15,N,2,0
31254,24,60000,MORTGAGE,5.0,HOMEIMPROVEMENT,C,14000,13.79,0.23,Y,4,0
31255,30,48000,MORTGAGE,8.0,MEDICAL,A,1450,7.51,0.03,N,6,0
31256,30,92000,MORTGAGE,14.0,VENTURE,A,12000,7.66,0.13,N,8,0
31257,29,12000,MORTGAGE,5.0,PERSONAL,D,6200,16.29,0.48,N,8,1
31258,25,85000,OWN,2.0,VENTURE,C,10000,13.57,0.12,N,3,0
31259,25,96000,RENT,5.0,VENTURE,B,20000,10.62,0.21,N,4,0
31260,41,43000,RENT,0.0,MEDICAL,C,10000,13.16,0.23,Y,11,0
31261,27,74476,MORTGAGE,11.0,PERSONAL,A,5000,7.74,0.07,N,10,1
31262,23,70000,RENT,7.0,EDUCATION,A,6000,8.94,0.09,N,3,0
31263,23,38400,MORTGAGE,7.0,PERSONAL,C,7200,12.73,0.19,N,3,0
31264,23,57000,MORTGAGE,2.0,DEBTCONSOLIDATION,A,4000,6.76,0.07,N,3,0
31265,26,125000,RENT,3.0,EDUCATION,B,6000,12.42,0.04,N,2,0
31266,25,65000,MORTGAGE,9.0,HOMEIMPROVEMENT,B,15000,10.74,0.23,N,2,0
31267,24,30000,RENT,0.0,PERSONAL,C,4000,12.99,0.13,Y,3,0
31268,28,46000,MORTGAGE,5.0,HOMEIMPROVEMENT,B,4000,12.42,0.09,N,8,0
31269,23,122000,MORTGAGE,6.0,VENTURE,B,4800,11.58,0.04,N,3,0
31270,26,38000,MORTGAGE,10.0,HOMEIMPROVEMENT,B,3000,11.86,0.08,N,2,0
31271,22,62000,MORTGAGE,4.0,VENTURE,B,12800,11.48,0.21,N,3,0
31272,22,70910,RENT,6.0,MEDICAL,E,13000,16.35,0.18,Y,3,1
31273,29,142000,MORTGAGE,14.0,PERSONAL,B,25000,10.62,0.18,N,5,0
31274,25,30000,RENT,0.0,VENTURE,E,2000,17.19,0.07,N,2,1
31275,28,44000,MORTGAGE,12.0,PERSONAL,B,5000,11.49,0.11,N,10,0
31276,27,48000,MORTGAGE,8.0,HOMEIMPROVEMENT,A,3500,5.42,0.07,N,6,0
31277,23,57000,RENT,3.0,EDUCATION,B,5600,10.37,0.1,N,4,0
31278,24,29200,MORTGAGE,2.0,PERSONAL,A,2500,6.76,0.09,N,2,0
31279,25,37000,RENT,2.0,MEDICAL,C,2000,15.23,0.05,N,3,0
31280,32,54000,RENT,5.0,DEBTCONSOLIDATION,D,16000,16.29,0.3,Y,10,1
31281,38,120000,MORTGAGE,1.0,PERSONAL,A,10000,7.14,0.08,N,16,0
31282,33,71500,RENT,1.0,HOMEIMPROVEMENT,A,4800,7.49,0.07,N,6,0
31283,31,67171,RENT,5.0,MEDICAL,B,1600,11.12,0.02,N,7,0
31284,23,42000,RENT,7.0,VENTURE,A,5600,7.66,0.13,N,4,0
31285,30,24000,MORTGAGE,1.0,PERSONAL,B,10000,11.14,0.42,N,8,0
31286,29,73500,RENT,2.0,HOMEIMPROVEMENT,C,10000,12.99,0.14,N,9,0
31287,31,24000,OWN,4.0,HOMEIMPROVEMENT,A,4750,6.17,0.2,N,5,0
31288,22,43000,RENT,4.0,EDUCATION,A,10000,7.51,0.23,N,2,0
31289,32,175000,MORTGAGE,9.0,PERSONAL,B,25000,11.49,0.14,N,9,0
31290,22,24000,RENT,1.0,DEBTCONSOLIDATION,B,4750,11.99,0.2,N,2,0
31291,26,63000,MORTGAGE,10.0,MEDICAL,A,3500,7.68,0.06,N,2,0
31292,26,72000,MORTGAGE,3.0,HOMEIMPROVEMENT,A,16000,6.92,0.23,N,4,0
31293,44,54600,RENT,2.0,DEBTCONSOLIDATION,A,2500,7.88,0.05,N,15,0
31294,24,48000,MORTGAGE,8.0,HOMEIMPROVEMENT,B,3000,9.99,0.06,N,2,0
31295,43,120000,RENT,0.0,HOMEIMPROVEMENT,B,8000,10.74,0.07,N,16,0
31296,29,57600,MORTGAGE,8.0,PERSONAL,A,7200,7.88,0.12,N,9,0
31297,23,46800,RENT,6.0,DEBTCONSOLIDATION,C,18000,13.35,0.38,Y,2,1
31298,23,45600,MORTGAGE,7.0,MEDICAL,A,12000,6.62,0.26,N,4,0
31299,26,138000,RENT,2.0,HOMEIMPROVEMENT,D,35000,14.91,0.25,Y,2,1
31300,22,24000,RENT,3.0,VENTURE,A,7000,7.49,0.29,N,2,0
31301,58,175000,MORTGAGE,5.0,PERSONAL,D,10000,15.33,0.06,N,19,0
31302,24,52800,MORTGAGE,1.0,VENTURE,C,3500,14.79,0.07,N,2,0
31303,24,60000,MORTGAGE,8.0,EDUCATION,B,13500,9.99,0.23,N,4,0
31304,23,85000,MORTGAGE,0.0,VENTURE,A,12000,8.9,0.14,N,3,0
31305,32,39000,RENT,4.0,DEBTCONSOLIDATION,A,14500,7.9,0.36,N,6,1
31306,47,250000,MORTGAGE,2.0,EDUCATION,C,20000,12.99,0.08,Y,16,0
31307,28,83200,RENT,5.0,DEBTCONSOLIDATION,D,8000,15.99,0.09,N,8,1
31308,22,72000,RENT,6.0,PERSONAL,A,15000,5.99,0.21,N,4,0
31309,28,48000,RENT,1.0,DEBTCONSOLIDATION,C,7200,12.23,0.15,N,8,0
31310,25,52000,RENT,2.0,VENTURE,B,13500,9.91,0.26,N,4,0
31311,21,56000,MORTGAGE,5.0,MEDICAL,D,15000,15.31,0.27,Y,2,1
31312,22,90000,RENT,4.0,EDUCATION,C,14000,12.73,0.16,N,4,0
31313,25,55000,RENT,9.0,MEDICAL,A,9000,7.49,0.16,N,3,0
31314,30,42000,RENT,1.0,MEDICAL,A,3600,6.99,0.09,N,9,0
31315,25,96000,RENT,0.0,HOMEIMPROVEMENT,B,6000,11.99,0.06,N,4,0
31316,25,110000,RENT,3.0,PERSONAL,B,30000,11.71,0.27,N,4,0
31317,37,36000,RENT,2.0,EDUCATION,B,10000,11.11,0.28,N,15,0
31318,23,60000,RENT,7.0,EDUCATION,B,24000,11.36,0.4,N,2,1
31319,37,55000,RENT,4.0,PERSONAL,C,12000,13.49,0.22,N,16,0
31320,22,46000,MORTGAGE,6.0,PERSONAL,B,5950,11.11,0.13,N,4,0
31321,22,38400,RENT,6.0,EDUCATION,C,4000,13.49,0.1,N,3,0
31322,23,26400,RENT,3.0,DEBTCONSOLIDATION,A,7500,8.49,0.29,N,3,1
31323,22,62000,MORTGAGE,6.0,DEBTCONSOLIDATION,A,6000,7.51,0.1,N,2,0
31324,33,54000,RENT,4.0,MEDICAL,C,8000,12.54,0.15,Y,7,1
31325,25,60000,MORTGAGE,7.0,MEDICAL,A,8500,7.51,0.14,N,4,0
31326,40,117600,MORTGAGE,8.0,DEBTCONSOLIDATION,C,14000,13.48,0.12,N,17,0
31327,23,80000,MORTGAGE,7.0,VENTURE,B,8400,12.69,0.1,N,3,0
31328,22,54000,MORTGAGE,1.0,VENTURE,A,5500,7.51,0.1,N,3,0
31329,43,51600,MORTGAGE,5.0,MEDICAL,C,10000,12.53,0.19,N,13,0
31330,26,50000,RENT,4.0,MEDICAL,B,7500,11.48,0.15,N,2,0
31331,23,55000,MORTGAGE,5.0,PERSONAL,B,8000,10.0,0.15,N,2,0
31332,24,33000,RENT,2.0,MEDICAL,A,9000,7.51,0.27,N,3,0
31333,24,49600,MORTGAGE,2.0,PERSONAL,A,12500,8.49,0.26,N,2,0
31334,29,60000,RENT,4.0,MEDICAL,B,5000,11.71,0.08,N,10,0
31335,53,65000,MORTGAGE,5.0,EDUCATION,B,14000,10.0,0.22,N,23,0
31336,24,35000,MORTGAGE,8.0,VENTURE,A,6000,7.88,0.17,N,3,0
31337,38,44000,RENT,2.0,MEDICAL,A,7500,8.32,0.17,N,11,0
31338,24,50000,RENT,3.0,HOMEIMPROVEMENT,C,7000,13.49,0.14,N,3,0
31339,24,50000,MORTGAGE,3.0,VENTURE,B,10000,9.91,0.2,N,4,0
31340,44,90000,MORTGAGE,8.0,VENTURE,A,3500,7.49,0.04,N,11,0
31341,26,46000,MORTGAGE,11.0,DEBTCONSOLIDATION,D,15000,17.27,0.33,N,3,1
31342,23,42000,RENT,4.0,EDUCATION,B,5000,11.11,0.12,N,2,0
31343,22,120000,MORTGAGE,2.0,DEBTCONSOLIDATION,B,6000,11.86,0.05,N,4,0
31344,33,90000,MORTGAGE,5.0,HOMEIMPROVEMENT,B,12000,12.42,0.13,N,8,0
31345,22,60000,MORTGAGE,5.0,EDUCATION,A,6000,7.14,0.1,N,3,0
31346,30,64000,MORTGAGE,14.0,VENTURE,B,13750,10.62,0.21,N,8,0
31347,28,85000,RENT,4.0,HOMEIMPROVEMENT,B,10000,11.99,0.12,N,6,0
31348,28,78996,RENT,2.0,HOMEIMPROVEMENT,D,15000,15.95,0.19,Y,9,1
31349,27,33000,RENT,4.0,MEDICAL,A,1000,7.66,0.03,N,8,0
31350,36,150000,MORTGAGE,8.0,MEDICAL,B,25000,10.75,0.17,N,15,0
31351,23,45000,MORTGAGE,7.0,EDUCATION,A,2500,6.17,0.06,N,2,0
31352,22,45000,RENT,7.0,MEDICAL,B,7200,12.69,0.16,N,4,0
31353,23,75000,OWN,3.0,VENTURE,C,8000,14.27,0.11,N,3,0
31354,26,110000,MORTGAGE,6.0,PERSONAL,B,7000,10.74,0.06,N,3,0
31355,25,123000,RENT,3.0,VENTURE,C,15000,14.27,0.12,Y,2,1
31356,30,90000,MORTGAGE,14.0,PERSONAL,A,12000,7.9,0.13,N,10,0
31357,44,40000,RENT,4.0,EDUCATION,A,7000,8.63,0.17,N,13,0
31358,30,60000,MORTGAGE,3.0,DEBTCONSOLIDATION,A,5000,5.99,0.08,N,10,0
31359,39,79400,MORTGAGE,8.0,EDUCATION,F,14500,18.62,0.18,Y,13,0
31360,23,75000,MORTGAGE,0.0,EDUCATION,A,10000,6.03,0.13,N,2,0
31361,24,95000,RENT,2.0,DEBTCONSOLIDATION,B,10000,12.69,0.11,N,2,0
31362,23,55000,MORTGAGE,7.0,EDUCATION,A,4000,5.99,0.07,N,3,0
31363,26,91234,MORTGAGE,10.0,MEDICAL,B,12000,11.83,0.13,N,4,0
31364,29,50000,MORTGAGE,0.0,VENTURE,A,2000,5.79,0.04,N,6,0
31365,24,30416,RENT,8.0,DEBTCONSOLIDATION,D,7000,14.91,0.23,Y,4,1
31366,24,87000,MORTGAGE,3.0,EDUCATION,B,15000,11.48,0.17,N,2,0
31367,24,70000,RENT,4.0,DEBTCONSOLIDATION,B,13000,9.91,0.19,N,2,0
31368,23,72000,MORTGAGE,0.0,VENTURE,A,16000,8.94,0.22,N,3,0
31369,44,65000,OWN,8.0,EDUCATION,A,8000,6.17,0.12,N,14,0
31370,23,40000,RENT,7.0,EDUCATION,B,10000,11.99,0.25,N,4,0
31371,23,49000,RENT,7.0,MEDICAL,C,7500,12.98,0.16,Y,4,0
31372,22,36000,RENT,2.0,DEBTCONSOLIDATION,B,8000,11.71,0.22,N,2,1
31373,25,39996,MORTGAGE,2.0,HOMEIMPROVEMENT,B,2500,9.99,0.06,N,4,0
31374,22,50000,RENT,1.0,DEBTCONSOLIDATION,B,4000,10.0,0.08,N,4,0
31375,29,120000,RENT,5.0,PERSONAL,A,12000,7.51,0.1,N,5,0
31376,36,68004,MORTGAGE,3.0,PERSONAL,C,3600,13.49,0.05,Y,12,0
31377,35,40000,RENT,4.0,DEBTCONSOLIDATION,C,9000,13.49,0.23,N,7,0
31378,32,24000,MORTGAGE,16.0,HOMEIMPROVEMENT,B,10700,12.42,0.42,N,10,0
31379,24,24000,RENT,5.0,DEBTCONSOLIDATION,A,10000,7.9,0.42,N,2,1
31380,25,120000,MORTGAGE,1.0,MEDICAL,A,6000,9.32,0.05,N,2,0
31381,23,75000,MORTGAGE,3.0,EDUCATION,A,9600,5.79,0.13,N,3,0
31382,23,60000,MORTGAGE,0.0,DEBTCONSOLIDATION,A,7000,6.54,0.12,N,3,0
31383,36,34560,RENT,0.0,MEDICAL,B,10000,11.49,0.29,N,15,0
31384,26,50000,MORTGAGE,10.0,DEBTCONSOLIDATION,B,15000,10.99,0.3,N,4,0
31385,24,102000,MORTGAGE,8.0,DEBTCONSOLIDATION,A,23600,6.91,0.23,N,4,0
31386,23,70000,MORTGAGE,0.0,PERSONAL,A,13200,6.17,0.18,N,3,0
31387,21,45000,RENT,4.0,MEDICAL,A,6000,6.92,0.13,N,3,0
31388,32,30000,RENT,2.0,PERSONAL,D,6000,14.84,0.2,Y,5,1
31389,28,56000,MORTGAGE,5.0,VENTURE,D,15000,16.29,0.27,Y,5,0
31390,22,48996,RENT,4.0,DEBTCONSOLIDATION,C,4800,13.79,0.1,Y,3,0
31391,31,60000,MORTGAGE,3.0,HOMEIMPROVEMENT,A,10000,7.49,0.17,N,5,0
31392,22,45000,RENT,7.0,VENTURE,B,7000,10.99,0.16,N,2,0
31393,25,15000,OWN,2.0,VENTURE,B,3600,11.71,0.24,N,3,0
31394,25,53000,RENT,2.0,EDUCATION,B,7500,10.39,0.14,N,3,0
31395,23,140000,RENT,3.0,VENTURE,A,7000,7.9,0.05,N,2,0
31396,28,122000,MORTGAGE,12.0,DEBTCONSOLIDATION,B,16000,12.73,0.13,N,5,0
31397,23,70000,RENT,3.0,DEBTCONSOLIDATION,C,10000,12.53,0.14,Y,4,0
31398,25,50000,RENT,9.0,HOMEIMPROVEMENT,A,12000,8.94,0.24,N,3,0
31399,27,25568,RENT,7.0,EDUCATION,B,12000,10.25,0.47,N,10,1
31400,35,31000,RENT,9.0,MEDICAL,D,1500,15.33,0.05,N,10,1
31401,36,54000,RENT,18.0,VENTURE,D,10000,16.49,0.19,Y,12,0
31402,39,49000,RENT,2.0,MEDICAL,C,5000,13.79,0.1,Y,16,0
31403,37,40000,RENT,5.0,EDUCATION,B,5000,11.49,0.13,N,13,0
31404,28,30000,RENT,2.0,DEBTCONSOLIDATION,D,9600,14.61,0.32,Y,5,1
31405,23,28800,MORTGAGE,1.0,VENTURE,A,2000,7.9,0.07,N,4,0
31406,27,49980,RENT,2.0,VENTURE,E,2500,16.0,0.05,N,5,1
31407,26,175000,MORTGAGE,3.0,DEBTCONSOLIDATION,C,10000,14.27,0.06,Y,2,0
31408,26,60000,RENT,3.0,HOMEIMPROVEMENT,B,6000,11.86,0.1,N,4,0
31409,25,9600,RENT,0.0,MEDICAL,C,1000,14.35,0.1,N,2,0
31410,22,42000,RENT,2.0,DEBTCONSOLIDATION,B,8000,12.53,0.19,N,3,0
31411,26,64800,MORTGAGE,0.0,DEBTCONSOLIDATION,A,1000,7.88,0.02,N,3,0
31412,21,29000,MORTGAGE,6.0,PERSONAL,C,10000,14.26,0.33,N,4,0
31413,29,65000,MORTGAGE,13.0,VENTURE,A,5000,6.99,0.08,N,9,0
31414,36,75000,MORTGAGE,4.0,MEDICAL,B,14400,10.37,0.19,N,14,0
31415,24,37000,RENT,2.0,MEDICAL,B,6000,11.49,0.16,N,3,0
31416,29,55000,RENT,11.0,PERSONAL,C,20000,15.27,0.36,Y,5,1
31417,32,115500,MORTGAGE,3.0,DEBTCONSOLIDATION,C,20000,13.48,0.17,Y,7,0
31418,29,95000,MORTGAGE,4.0,HOMEIMPROVEMENT,B,20000,11.99,0.21,N,8,0
31419,30,100000,MORTGAGE,3.0,HOMEIMPROVEMENT,C,6000,12.99,0.06,Y,9,0
31420,21,40000,MORTGAGE,5.0,EDUCATION,B,1500,10.0,0.04,N,4,0
31421,24,75000,MORTGAGE,5.0,MEDICAL,B,16800,12.42,0.22,N,3,0
31422,21,55000,RENT,5.0,EDUCATION,D,7000,15.58,0.13,Y,4,0
31423,31,75000,MORTGAGE,15.0,HOMEIMPROVEMENT,B,7500,10.38,0.1,N,9,0
31424,24,44000,MORTGAGE,4.0,HOMEIMPROVEMENT,A,6500,6.17,0.15,N,3,1
31425,29,49812,RENT,4.0,DEBTCONSOLIDATION,A,14000,6.17,0.3,N,10,0
31426,54,49536,MORTGAGE,9.0,PERSONAL,B,8225,10.38,0.17,N,19,0
31427,25,50000,RENT,4.0,MEDICAL,C,10000,13.49,0.2,Y,4,0
31428,28,50000,MORTGAGE,4.0,VENTURE,A,2800,6.39,0.06,N,9,0
31429,21,25000,OWN,6.0,PERSONAL,A,6000,8.49,0.24,N,2,0
31430,28,48000,MORTGAGE,5.0,MEDICAL,A,18400,6.62,0.4,N,6,1
31431,28,60000,MORTGAGE,0.0,VENTURE,B,7500,10.99,0.13,N,7,0
31432,21,40000,RENT,5.0,DEBTCONSOLIDATION,B,10000,11.71,0.25,N,2,0
31433,24,75000,RENT,3.0,HOMEIMPROVEMENT,A,3500,7.14,0.05,N,4,0
31434,30,95000,RENT,3.0,PERSONAL,B,14000,11.11,0.15,N,5,0
31435,27,60000,MORTGAGE,3.0,VENTURE,B,3000,10.38,0.05,N,8,0
31436,30,55000,MORTGAGE,14.0,MEDICAL,B,6250,9.99,0.12,N,7,0
31437,23,37000,RENT,4.0,EDUCATION,A,10000,7.88,0.27,N,3,0
31438,29,120000,MORTGAGE,6.0,HOMEIMPROVEMENT,A,6000,7.4,0.05,N,8,0
31439,33,96000,MORTGAGE,1.0,VENTURE,C,6000,14.79,0.06,N,10,0
31440,23,80000,RENT,1.0,MEDICAL,B,10000,12.21,0.13,N,3,0
31441,22,40000,RENT,5.0,MEDICAL,B,12000,12.69,0.3,N,2,0
31442,34,32000,RENT,3.0,VENTURE,A,12000,7.29,0.38,N,10,1
31443,22,44000,RENT,6.0,EDUCATION,D,7500,13.24,0.17,Y,2,1
31444,22,50000,RENT,2.0,PERSONAL,B,10000,10.99,0.2,N,2,0
31445,32,53408,MORTGAGE,8.0,VENTURE,C,8000,13.49,0.15,Y,10,0
31446,26,900000,MORTGAGE,3.0,VENTURE,B,6000,9.91,0.01,N,3,0
31447,22,62000,MORTGAGE,3.0,MEDICAL,A,6000,5.42,0.1,N,4,0
31448,22,48000,MORTGAGE,6.0,VENTURE,B,1500,9.25,0.03,N,4,0
31449,27,56000,RENT,4.0,EDUCATION,E,25000,17.19,0.45,N,6,1
31450,23,130992,MORTGAGE,6.0,EDUCATION,A,6000,7.51,0.05,N,4,0
31451,27,40000,MORTGAGE,11.0,PERSONAL,A,5000,6.17,0.13,N,9,0
31452,22,40000,RENT,1.0,MEDICAL,A,5000,5.42,0.13,N,4,0
31453,28,60000,RENT,4.0,DEBTCONSOLIDATION,B,4800,9.45,0.08,N,10,0
31454,21,70800,RENT,5.0,PERSONAL,B,10000,10.37,0.14,N,3,0
31455,35,48000,RENT,2.0,DEBTCONSOLIDATION,C,10000,13.11,0.21,Y,9,0
31456,30,40000,RENT,3.0,PERSONAL,C,3000,13.16,0.07,Y,6,0
31457,24,34000,RENT,0.0,MEDICAL,D,11500,17.58,0.34,Y,3,1
31458,29,158000,OWN,13.0,PERSONAL,A,20000,6.91,0.13,N,10,0
31459,24,100000,MORTGAGE,3.0,VENTURE,B,15000,11.58,0.15,N,4,0
31460,40,50000,MORTGAGE,5.0,VENTURE,A,11000,5.99,0.22,N,14,0
31461,23,35000,RENT,1.0,EDUCATION,B,4000,11.71,0.11,N,2,0
31462,23,40000,MORTGAGE,7.0,MEDICAL,B,12000,10.36,0.3,N,3,0
31463,23,65000,MORTGAGE,5.0,DEBTCONSOLIDATION,B,10000,9.99,0.15,N,4,0
31464,22,42000,RENT,0.0,PERSONAL,C,4600,13.99,0.11,N,2,0
31465,33,81000,MORTGAGE,3.0,HOMEIMPROVEMENT,C,6000,12.98,0.07,N,5,0
31466,26,71000,RENT,2.0,VENTURE,B,11000,10.59,0.16,N,2,0
31467,28,60000,RENT,1.0,EDUCATION,C,7500,11.34,0.13,Y,7,0
31468,37,60000,OWN,0.0,EDUCATION,D,15000,16.29,0.25,N,15,0
31469,27,37090,RENT,4.0,DEBTCONSOLIDATION,D,2400,16.29,0.06,N,8,1
31470,22,100000,RENT,0.0,PERSONAL,A,7800,7.88,0.08,N,2,0
31471,34,40000,RENT,2.0,VENTURE,B,1200,10.37,0.03,N,7,0
31472,34,51621,MORTGAGE,5.0,DEBTCONSOLIDATION,B,2500,11.49,0.05,N,7,0
31473,27,62000,RENT,8.0,MEDICAL,B,5000,10.62,0.08,N,9,0
31474,34,65500,MORTGAGE,11.0,DEBTCONSOLIDATION,B,10000,10.71,0.15,N,10,0
31475,27,34000,RENT,1.0,HOMEIMPROVEMENT,D,11000,15.65,0.31,Y,8,1
31476,25,54000,RENT,4.0,DEBTCONSOLIDATION,D,10000,15.62,0.19,Y,3,1
31477,24,74400,MORTGAGE,8.0,PERSONAL,B,15000,10.99,0.2,N,2,0
31478,26,55000,RENT,4.0,MEDICAL,C,14000,13.85,0.25,Y,3,0
31479,22,39300,RENT,6.0,DEBTCONSOLIDATION,C,14000,14.27,0.35,N,2,1
31480,24,50361,RENT,0.0,VENTURE,C,11500,12.99,0.22,N,4,0
31481,23,50000,OWN,7.0,VENTURE,B,1800,11.49,0.04,N,2,0
31482,23,30000,RENT,0.0,MEDICAL,C,12000,13.43,0.4,N,2,1
31483,34,45000,MORTGAGE,4.0,VENTURE,A,6000,7.51,0.13,N,9,0
31484,38,78000,RENT,0.0,HOMEIMPROVEMENT,B,16000,9.64,0.21,N,13,0
31485,26,51996,OWN,10.0,PERSONAL,A,12500,6.17,0.25,N,2,0
31486,35,103000,MORTGAGE,3.0,MEDICAL,D,5000,15.21,0.05,N,7,0
31487,25,44000,RENT,2.0,VENTURE,A,5550,7.51,0.13,N,3,0
31488,23,40000,MORTGAGE,2.0,DEBTCONSOLIDATION,B,2000,10.99,0.05,N,2,0
31489,27,75000,MORTGAGE,11.0,PERSONAL,B,20000,11.11,0.27,N,10,0
31490,24,57500,RENT,1.0,DEBTCONSOLIDATION,A,5000,6.03,0.09,N,2,0
31491,38,78000,RENT,0.0,DEBTCONSOLIDATION,D,15000,14.46,0.19,N,14,1
31492,26,40000,MORTGAGE,0.0,VENTURE,A,5000,6.92,0.13,N,2,0
31493,23,70000,MORTGAGE,7.0,VENTURE,A,7500,8.0,0.11,N,2,0
31494,26,72000,MORTGAGE,5.0,DEBTCONSOLIDATION,A,6000,5.42,0.08,N,3,0
31495,23,98000,RENT,1.0,EDUCATION,E,4000,16.45,0.04,N,4,1
31496,29,60000,MORTGAGE,2.0,MEDICAL,C,5000,13.99,0.08,N,8,0
31497,21,35000,MORTGAGE,5.0,VENTURE,B,3500,11.49,0.1,N,4,0
31498,28,62000,MORTGAGE,10.0,DEBTCONSOLIDATION,A,6000,7.9,0.1,N,7,0
31499,30,80400,MORTGAGE,9.0,HOMEIMPROVEMENT,B,9000,10.25,0.11,N,6,0
31500,25,160000,RENT,9.0,EDUCATION,C,20000,13.23,0.13,N,3,0
31501,22,36000,RENT,3.0,MEDICAL,A,10000,7.88,0.28,N,2,0
31502,36,70000,MORTGAGE,18.0,HOMEIMPROVEMENT,A,10000,6.03,0.14,N,12,0
31503,29,33000,RENT,2.0,HOMEIMPROVEMENT,A,10000,5.42,0.3,N,8,1
31504,22,25200,RENT,1.0,PERSONAL,A,6500,7.66,0.26,N,2,0
31505,27,30000,RENT,4.0,VENTURE,B,5000,11.14,0.17,N,7,0
31506,26,48000,RENT,3.0,MEDICAL,C,2400,13.8,0.05,N,3,0
31507,30,56628,MORTGAGE,2.0,VENTURE,B,12000,10.75,0.21,N,8,0
31508,25,40000,RENT,9.0,VENTURE,C,3000,13.22,0.07,Y,4,0
31509,25,50000,OWN,9.0,EDUCATION,B,8000,9.91,0.16,N,3,0
31510,26,40000,MORTGAGE,10.0,HOMEIMPROVEMENT,A,5600,7.49,0.13,N,3,0
31511,22,54924,MORTGAGE,6.0,EDUCATION,A,3000,7.66,0.05,N,4,0
31512,24,120000,MORTGAGE,9.0,MEDICAL,A,8000,5.42,0.07,N,2,0
31513,39,25000,RENT,4.0,EDUCATION,A,3000,7.68,0.12,N,14,0
31514,22,40000,MORTGAGE,6.0,DEBTCONSOLIDATION,A,7000,8.94,0.17,N,2,0
31515,43,59000,MORTGAGE,7.0,EDUCATION,B,5000,10.59,0.08,N,17,1
31516,30,44000,MORTGAGE,5.0,HOMEIMPROVEMENT,B,14400,10.74,0.3,N,7,0
31517,29,57000,MORTGAGE,2.0,VENTURE,B,3000,8.7,0.05,N,6,0
31518,26,49853,MORTGAGE,5.0,VENTURE,C,15000,13.98,0.31,N,4,0
31519,28,75000,MORTGAGE,6.0,VENTURE,A,12000,7.51,0.16,N,10,0
31520,24,50000,RENT,5.0,EDUCATION,B,8000,12.42,0.16,N,4,0
31521,24,50000,RENT,5.0,EDUCATION,B,18000,9.91,0.36,N,3,1
31522,24,34000,MORTGAGE,2.0,MEDICAL,A,2400,7.4,0.07,N,4,0
31523,22,59000,RENT,4.0,MEDICAL,D,17500,16.32,0.3,N,3,1
31524,29,48000,MORTGAGE,0.0,EDUCATION,D,3275,15.62,0.07,N,10,0
31525,25,83196,RENT,1.0,MEDICAL,A,10400,9.32,0.13,N,2,0
31526,24,72000,MORTGAGE,6.0,PERSONAL,A,5000,6.92,0.07,N,2,0
31527,27,55000,RENT,4.0,VENTURE,B,12000,12.42,0.22,N,10,0
31528,26,86000,MORTGAGE,10.0,VENTURE,C,10000,13.49,0.12,Y,2,0
31529,25,46000,OWN,9.0,PERSONAL,A,4000,5.42,0.09,N,2,0
31530,55,104800,MORTGAGE,1.0,PERSONAL,A,14000,6.99,0.13,N,28,0
31531,32,75000,RENT,3.0,HOMEIMPROVEMENT,C,20000,13.49,0.27,N,7,1
31532,24,80400,MORTGAGE,8.0,HOMEIMPROVEMENT,D,20400,14.61,0.26,Y,4,1
31533,29,33600,RENT,5.0,HOMEIMPROVEMENT,A,5000,6.99,0.15,N,5,0
31534,25,120000,MORTGAGE,8.0,MEDICAL,C,14400,13.49,0.12,N,2,0
31535,25,54000,RENT,4.0,DEBTCONSOLIDATION,B,10000,11.11,0.19,N,3,0
31536,22,39996,RENT,3.0,MEDICAL,B,5000,10.2,0.13,N,4,0
31537,22,49232,RENT,3.0,PERSONAL,B,10000,12.42,0.2,N,4,0
31538,24,50000,MORTGAGE,8.0,PERSONAL,A,6000,7.66,0.12,N,3,0
31539,27,72000,RENT,2.0,MEDICAL,B,2000,9.25,0.03,N,5,0
31540,22,13200,RENT,0.0,VENTURE,B,1875,11.14,0.14,N,2,0
31541,23,60000,MORTGAGE,7.0,VENTURE,B,15000,11.11,0.25,N,3,0
31542,23,100000,MORTGAGE,7.0,PERSONAL,A,13600,5.79,0.14,N,3,0
31543,30,49000,RENT,2.0,MEDICAL,C,2500,13.06,0.05,N,5,0
31544,24,180000,RENT,1.0,EDUCATION,C,20000,14.22,0.11,Y,3,0
31545,24,65000,OWN,8.0,HOMEIMPROVEMENT,B,10000,11.49,0.15,N,2,0
31546,22,72000,MORTGAGE,6.0,EDUCATION,D,13000,15.99,0.17,N,3,1
31547,29,71000,RENT,1.0,PERSONAL,B,22000,11.83,0.31,N,8,0
31548,29,74400,OWN,9.0,VENTURE,B,5000,10.71,0.07,N,5,0
31549,22,32000,RENT,0.0,MEDICAL,D,15000,17.27,0.46,N,3,1
31550,22,85000,MORTGAGE,2.0,MEDICAL,A,5600,5.42,0.07,N,2,0
31551,23,85000,RENT,4.0,PERSONAL,A,8400,6.62,0.1,N,3,0
31552,34,54000,RENT,0.0,DEBTCONSOLIDATION,A,20000,6.54,0.37,N,6,1
31553,23,65488,RENT,5.0,EDUCATION,B,10000,11.86,0.15,N,4,0
31554,30,40000,RENT,6.0,MEDICAL,B,2500,10.65,0.06,N,5,0
31555,23,50000,MORTGAGE,7.0,EDUCATION,A,8000,6.62,0.16,N,3,0
31556,22,25000,RENT,0.0,PERSONAL,D,6500,16.32,0.26,Y,3,1
31557,25,40000,RENT,0.0,DEBTCONSOLIDATION,C,3000,11.78,0.08,Y,4,0
31558,27,50000,RENT,0.0,PERSONAL,C,10000,13.85,0.2,N,5,0
31559,32,25000,RENT,3.0,VENTURE,B,6000,11.11,0.24,N,8,0
31560,24,52000,RENT,8.0,MEDICAL,C,10000,13.85,0.19,N,3,0
31561,38,45000,MORTGAGE,0.0,EDUCATION,A,6000,7.9,0.13,N,15,0
31562,27,53000,RENT,2.0,MEDICAL,B,13200,9.88,0.25,N,6,0
31563,22,45000,MORTGAGE,7.0,EDUCATION,A,6000,6.99,0.13,N,2,0
31564,22,80000,RENT,6.0,DEBTCONSOLIDATION,A,12000,7.51,0.15,N,2,0
31565,21,40000,RENT,0.0,PERSONAL,B,5000,11.48,0.13,N,4,0
31566,26,108000,RENT,0.0,HOMEIMPROVEMENT,D,20000,14.96,0.19,N,2,1
31567,23,40000,MORTGAGE,6.0,VENTURE,A,5000,7.51,0.13,N,4,0
31568,22,60000,MORTGAGE,6.0,EDUCATION,A,8400,7.29,0.14,N,2,0
31569,22,34000,RENT,0.0,EDUCATION,D,5000,16.89,0.15,Y,4,1
31570,36,50000,MORTGAGE,0.0,HOMEIMPROVEMENT,B,25000,10.37,0.5,N,15,0
31571,29,30000,MORTGAGE,6.0,VENTURE,C,6500,13.49,0.22,N,8,0
31572,21,25000,RENT,4.0,PERSONAL,B,8800,9.91,0.35,N,4,1
31573,22,27996,RENT,4.0,MEDICAL,A,5500,7.49,0.2,N,4,0
31574,22,120000,MORTGAGE,3.0,VENTURE,B,15000,11.86,0.13,N,2,0
31575,28,60000,RENT,7.0,MEDICAL,B,5000,11.49,0.08,N,8,0
31576,27,50000,MORTGAGE,9.0,DEBTCONSOLIDATION,A,6000,7.49,0.12,N,6,0
31577,24,40000,RENT,5.0,EDUCATION,B,10000,11.99,0.25,N,3,0
31578,23,50000,RENT,2.0,EDUCATION,C,2500,13.35,0.05,N,4,0
31579,24,75000,MORTGAGE,8.0,PERSONAL,A,12000,7.88,0.16,N,2,0
31580,35,55000,MORTGAGE,11.0,PERSONAL,B,12000,10.65,0.22,N,6,0
31581,24,25000,MORTGAGE,9.0,DEBTCONSOLIDATION,B,5600,10.99,0.22,N,4,0
31582,23,48000,RENT,4.0,EDUCATION,B,1500,12.53,0.03,N,3,0
31583,23,45000,MORTGAGE,4.0,VENTURE,B,10000,10.99,0.22,N,3,0
31584,39,205000,MORTGAGE,3.0,HOMEIMPROVEMENT,B,10000,10.99,0.05,N,14,0
31585,22,24996,RENT,2.0,EDUCATION,A,2000,8.59,0.08,N,4,0
31586,24,28800,MORTGAGE,2.0,VENTURE,A,1000,7.49,0.03,N,3,0
31587,26,45000,MORTGAGE,3.0,HOMEIMPROVEMENT,B,10000,10.99,0.22,N,2,0
31588,25,62000,RENT,9.0,MEDICAL,B,15600,10.75,0.25,N,4,0
31589,23,42000,RENT,3.0,DEBTCONSOLIDATION,B,10000,10.37,0.24,N,3,0
31590,36,28800,RENT,4.0,MEDICAL,B,6000,10.99,0.21,N,15,0
31591,25,52000,RENT,2.0,DEBTCONSOLIDATION,B,6000,11.46,0.12,N,3,1
31592,23,75000,MORTGAGE,5.0,PERSONAL,B,15000,11.99,0.2,N,3,0
31593,27,40000,RENT,2.0,MEDICAL,A,8000,9.63,0.2,N,6,0
31594,28,84000,MORTGAGE,12.0,PERSONAL,A,20000,7.51,0.24,N,6,0
31595,31,54000,MORTGAGE,7.0,DEBTCONSOLIDATION,B,16000,11.14,0.3,N,10,0
31596,30,44000,RENT,0.0,MEDICAL,D,10000,16.49,0.23,Y,10,1
31597,23,100000,RENT,0.0,EDUCATION,B,15000,11.89,0.15,N,2,0
31598,22,60000,OWN,1.0,VENTURE,B,11000,12.53,0.18,N,4,0
31599,29,200000,MORTGAGE,2.0,MEDICAL,A,24000,7.51,0.11,N,5,0
31600,26,62900,RENT,2.0,MEDICAL,B,24000,11.36,0.32,N,4,1
31601,25,80000,MORTGAGE,9.0,EDUCATION,A,18000,7.9,0.23,N,3,0
31602,24,125000,MORTGAGE,9.0,VENTURE,B,21000,11.11,0.17,N,3,0
31603,27,102000,RENT,0.0,EDUCATION,A,7200,6.91,0.07,N,6,0
31604,27,62500,MORTGAGE,1.0,MEDICAL,A,15000,6.54,0.24,N,7,0
31605,27,65000,RENT,4.0,MEDICAL,B,7000,11.99,0.11,N,6,0
31606,25,85000,MORTGAGE,6.0,DEBTCONSOLIDATION,B,10000,11.86,0.12,N,2,0
31607,33,35000,MORTGAGE,3.0,HOMEIMPROVEMENT,D,3600,15.99,0.1,Y,7,0
31608,24,52000,MORTGAGE,8.0,MEDICAL,A,8000,7.51,0.15,N,4,0
31609,28,66920,RENT,12.0,DEBTCONSOLIDATION,C,5000,14.26,0.07,Y,6,0
31610,25,39000,RENT,3.0,DEBTCONSOLIDATION,D,5000,14.09,0.13,Y,2,1
31611,23,33600,RENT,4.0,EDUCATION,C,5000,14.26,0.15,N,3,0
31612,24,65000,MORTGAGE,8.0,HOMEIMPROVEMENT,C,3500,13.48,0.05,Y,2,0
31613,28,20000,RENT,2.0,PERSONAL,C,4000,12.68,0.2,N,8,0
31614,23,58100,MORTGAGE,7.0,VENTURE,B,13750,12.42,0.22,N,2,0
31615,22,50000,RENT,2.0,DEBTCONSOLIDATION,A,10000,8.94,0.2,N,2,0
31616,23,105000,MORTGAGE,1.0,PERSONAL,B,24000,10.65,0.23,N,4,0
31617,21,20000,RENT,2.0,MEDICAL,A,6000,7.14,0.3,N,2,0
31618,24,130000,MORTGAGE,7.0,VENTURE,B,7750,10.51,0.06,N,2,0
31619,28,35000,RENT,0.0,EDUCATION,B,3200,10.99,0.09,N,5,0
31620,24,52000,RENT,4.0,VENTURE,A,10000,6.62,0.19,N,2,0
31621,24,70000,MORTGAGE,8.0,EDUCATION,C,20000,14.72,0.29,Y,2,0
31622,24,70000,RENT,4.0,PERSONAL,B,6000,11.89,0.09,N,2,0
31623,29,120000,MORTGAGE,9.0,PERSONAL,A,13000,8.94,0.11,N,7,0
31624,26,74000,RENT,10.0,EDUCATION,A,6000,9.63,0.08,N,4,0
31625,24,120000,RENT,4.0,DEBTCONSOLIDATION,B,10000,10.65,0.08,N,3,0
31626,24,35000,MORTGAGE,5.0,HOMEIMPROVEMENT,A,7500,6.17,0.21,N,3,0
31627,28,50000,MORTGAGE,10.0,EDUCATION,E,8900,16.63,0.18,Y,8,0
31628,29,84996,MORTGAGE,2.0,EDUCATION,C,12000,12.23,0.14,N,8,0
31629,23,55000,RENT,4.0,VENTURE,B,20000,11.48,0.36,N,4,1
31630,23,65000,MORTGAGE,7.0,EDUCATION,A,10000,7.51,0.15,N,2,0
31631,29,45000,MORTGAGE,7.0,DEBTCONSOLIDATION,A,4000,7.14,0.09,N,9,0
31632,23,74000,RENT,0.0,HOMEIMPROVEMENT,D,16000,14.84,0.22,Y,4,1
31633,28,56000,MORTGAGE,7.0,DEBTCONSOLIDATION,A,8000,7.51,0.14,N,7,0
31634,28,45000,RENT,3.0,MEDICAL,A,12000,7.49,0.27,N,6,0
31635,23,72000,MORTGAGE,7.0,VENTURE,D,18000,15.21,0.25,Y,3,0
31636,22,71400,MORTGAGE,6.0,HOMEIMPROVEMENT,C,9000,12.99,0.12,N,4,1
31637,45,54000,MORTGAGE,8.0,HOMEIMPROVEMENT,A,4000,6.62,0.07,N,11,0
31638,23,31200,OWN,6.0,PERSONAL,C,9250,13.11,0.3,N,4,0
31639,26,51996,RENT,1.0,PERSONAL,A,8000,7.51,0.15,N,3,0
31640,22,50000,MORTGAGE,0.0,PERSONAL,A,6000,5.79,0.12,N,3,0
31641,24,32000,RENT,0.0,DEBTCONSOLIDATION,A,6000,8.94,0.19,N,3,0
31642,24,66000,MORTGAGE,8.0,HOMEIMPROVEMENT,A,10000,6.62,0.15,N,4,0
31643,30,100000,RENT,2.0,DEBTCONSOLIDATION,B,16000,10.99,0.16,N,6,0
31644,28,75000,MORTGAGE,12.0,DEBTCONSOLIDATION,B,20000,9.76,0.27,N,7,0
31645,23,60000,MORTGAGE,0.0,EDUCATION,C,8000,12.87,0.13,Y,2,0
31646,23,46000,RENT,3.0,EDUCATION,E,6025,18.64,0.13,N,4,0
31647,24,51000,MORTGAGE,5.0,MEDICAL,B,3500,11.14,0.07,N,3,0
31648,28,48000,MORTGAGE,10.0,DEBTCONSOLIDATION,B,11000,10.75,0.23,N,7,0
31649,31,50000,OWN,3.0,MEDICAL,B,4200,10.99,0.08,N,6,0
31650,30,77500,RENT,2.0,EDUCATION,C,6800,12.41,0.09,Y,10,0
31651,23,36000,RENT,3.0,EDUCATION,C,4000,13.8,0.11,N,4,0
31652,26,50000,RENT,0.0,PERSONAL,A,8875,8.9,0.18,N,2,0
31653,28,75000,MORTGAGE,12.0,MEDICAL,C,15250,11.34,0.2,N,10,0
31654,32,35000,MORTGAGE,4.0,VENTURE,B,1200,9.88,0.04,N,8,0
31655,26,165000,MORTGAGE,3.0,PERSONAL,A,15000,6.62,0.09,N,3,0
31656,40,106000,MORTGAGE,19.0,EDUCATION,B,9600,9.99,0.09,N,14,0
31657,23,74500,MORTGAGE,4.0,VENTURE,A,25000,7.49,0.33,N,2,0
31658,31,131004,MORTGAGE,15.0,DEBTCONSOLIDATION,A,15000,8.49,0.11,N,7,0
31659,31,50000,RENT,0.0,DEBTCONSOLIDATION,A,6400,6.91,0.13,N,8,0
31660,45,60000,MORTGAGE,0.0,MEDICAL,B,6000,12.18,0.1,N,11,0
31661,36,50000,MORTGAGE,7.0,EDUCATION,B,2000,11.71,0.04,N,16,0
31662,21,72000,MORTGAGE,5.0,EDUCATION,B,9500,10.95,0.13,N,2,0
31663,28,44000,MORTGAGE,6.0,HOMEIMPROVEMENT,A,11000,7.51,0.25,N,5,0
31664,34,12000,RENT,1.0,MEDICAL,D,3250,15.99,0.27,N,5,1
31665,22,62050,RENT,1.0,MEDICAL,D,25000,15.95,0.34,Y,2,1
31666,24,80000,MORTGAGE,8.0,MEDICAL,C,6000,13.98,0.07,N,4,0
31667,22,56000,MORTGAGE,7.0,EDUCATION,E,14000,16.45,0.25,N,4,0
31668,22,95004,MORTGAGE,6.0,PERSONAL,D,25000,14.12,0.26,N,2,0
31669,23,47480,RENT,0.0,EDUCATION,B,8500,9.88,0.18,N,4,0
31670,24,50000,RENT,2.0,VENTURE,A,16000,8.9,0.32,N,2,1
31671,22,27000,RENT,0.0,EDUCATION,C,5500,13.35,0.2,Y,4,0
31672,22,50000,MORTGAGE,6.0,PERSONAL,A,12000,7.88,0.24,N,4,0
31673,30,50000,RENT,6.0,DEBTCONSOLIDATION,C,20000,14.27,0.4,N,10,1
31674,34,75000,OWN,11.0,MEDICAL,A,5000,7.29,0.07,N,7,0
31675,22,38000,OWN,2.0,EDUCATION,C,5000,12.99,0.13,N,4,0
31676,21,57192,RENT,5.0,PERSONAL,A,6400,8.0,0.11,N,3,0
31677,22,65000,MORTGAGE,1.0,MEDICAL,B,12000,11.36,0.18,N,2,0
31678,24,96000,MORTGAGE,8.0,HOMEIMPROVEMENT,B,8000,10.99,0.08,N,3,0
31679,22,100000,MORTGAGE,6.0,MEDICAL,A,1000,7.68,0.01,N,3,0
31680,21,35000,OWN,2.0,PERSONAL,C,12000,15.27,0.34,Y,3,0
31681,22,83000,MORTGAGE,3.0,DEBTCONSOLIDATION,A,12000,7.29,0.14,N,4,0
31682,31,30000,OWN,5.0,MEDICAL,A,3600,5.42,0.12,N,7,0
31683,28,50000,MORTGAGE,5.0,EDUCATION,A,5000,6.62,0.1,N,5,0
31684,22,66000,MORTGAGE,6.0,HOMEIMPROVEMENT,C,15000,14.65,0.23,N,2,1
31685,25,120000,RENT,9.0,MEDICAL,B,8000,10.99,0.07,N,3,0
31686,24,52000,MORTGAGE,7.0,PERSONAL,B,6000,10.83,0.12,N,3,0
31687,25,32000,MORTGAGE,1.0,MEDICAL,A,7000,7.49,0.23,N,4,0
31688,23,55000,MORTGAGE,7.0,EDUCATION,B,10000,10.59,0.18,N,2,0
31689,39,90000,MORTGAGE,13.0,EDUCATION,B,21000,11.36,0.22,N,15,0
31690,29,91080,MORTGAGE,6.0,HOMEIMPROVEMENT,B,16800,12.42,0.19,N,10,0
31691,22,44359,RENT,6.0,VENTURE,D,3600,15.65,0.08,Y,4,1
31692,35,60000,MORTGAGE,6.0,VENTURE,B,10000,12.21,0.17,N,5,0
31693,23,40000,RENT,3.0,MEDICAL,D,8000,14.11,0.2,N,3,1
31694,24,50000,RENT,0.0,EDUCATION,A,6000,5.79,0.12,N,4,0
31695,27,48000,MORTGAGE,11.0,PERSONAL,A,7000,9.32,0.15,N,9,0
31696,32,36000,RENT,3.0,DEBTCONSOLIDATION,C,12000,13.11,0.33,Y,8,1
31697,22,36000,OWN,5.0,EDUCATION,B,8000,11.11,0.22,N,3,0
31698,44,66000,MORTGAGE,5.0,DEBTCONSOLIDATION,D,12000,16.29,0.18,Y,14,1
31699,25,90000,MORTGAGE,9.0,EDUCATION,C,10000,12.53,0.11,N,4,0
31700,23,40000,MORTGAGE,5.0,VENTURE,C,8200,12.84,0.2,Y,2,0
31701,26,100000,MORTGAGE,5.0,EDUCATION,B,9000,11.83,0.09,N,4,0
31702,31,24000,RENT,2.0,MEDICAL,D,1500,14.42,0.06,Y,9,1
31703,24,50000,MORTGAGE,8.0,VENTURE,B,3000,9.99,0.06,N,2,0
31704,27,120000,RENT,0.0,VENTURE,B,12000,10.38,0.1,N,8,0
31705,31,65000,MORTGAGE,15.0,EDUCATION,A,10000,8.49,0.15,N,8,0
31706,24,60000,RENT,1.0,PERSONAL,C,4800,13.22,0.08,Y,2,1
31707,31,72000,MORTGAGE,2.0,PERSONAL,B,4000,10.59,0.06,N,9,0
31708,24,70000,MORTGAGE,8.0,DEBTCONSOLIDATION,B,8000,11.49,0.11,N,4,0
31709,28,82000,MORTGAGE,1.0,PERSONAL,A,6000,7.51,0.07,N,6,0
31710,31,36000,RENT,3.0,VENTURE,B,6325,10.74,0.18,N,5,0
31711,24,25000,RENT,0.0,DEBTCONSOLIDATION,B,5200,9.45,0.22,N,2,0
31712,23,24000,RENT,0.0,DEBTCONSOLIDATION,A,5000,6.17,0.21,N,4,0
31713,23,75000,MORTGAGE,3.0,PERSONAL,B,9000,12.21,0.12,N,2,0
31714,28,36000,RENT,1.0,MEDICAL,A,4000,6.91,0.11,N,5,0
31715,26,30000,RENT,5.0,EDUCATION,B,8000,12.18,0.27,N,3,0
31716,23,12000,OWN,0.0,VENTURE,B,2000,10.74,0.17,N,2,0
31717,35,38400,OWN,2.0,VENTURE,A,10000,7.66,0.26,N,10,0
31718,31,61000,RENT,4.0,VENTURE,D,10000,15.65,0.16,N,7,1
31719,24,48000,RENT,0.0,EDUCATION,C,2500,12.87,0.05,Y,4,0
31720,25,70000,MORTGAGE,9.0,HOMEIMPROVEMENT,D,8500,14.84,0.12,Y,2,0
31721,27,95000,MORTGAGE,11.0,HOMEIMPROVEMENT,A,10000,6.17,0.11,N,10,0
31722,26,90000,RENT,0.0,MEDICAL,A,7000,5.79,0.08,N,3,0
31723,21,50000,RENT,5.0,PERSONAL,B,8000,10.36,0.16,N,2,0
31724,29,52000,MORTGAGE,13.0,VENTURE,A,16000,7.9,0.31,N,7,0
31725,28,85000,MORTGAGE,13.0,PERSONAL,A,2000,7.14,0.02,N,10,0
31726,21,42000,RENT,3.0,EDUCATION,B,6000,9.62,0.14,N,2,0
31727,27,130000,MORTGAGE,11.0,MEDICAL,B,25000,11.71,0.19,N,10,0
31728,22,39000,RENT,3.0,MEDICAL,A,6625,8.9,0.17,N,3,0
31729,24,75000,RENT,4.0,EDUCATION,A,7200,8.9,0.1,N,3,0
31730,23,87550,MORTGAGE,5.0,EDUCATION,A,9000,6.91,0.09,N,2,0
31731,23,56000,MORTGAGE,7.0,VENTURE,B,6000,11.11,0.11,N,2,0
31732,24,80000,MORTGAGE,8.0,PERSONAL,B,8000,9.25,0.1,N,2,0
31733,28,40000,RENT,2.0,PERSONAL,B,10000,10.36,0.25,N,7,0
31734,23,60000,RENT,7.0,EDUCATION,B,25000,10.36,0.42,N,2,1
31735,23,62000,RENT,0.0,EDUCATION,C,12000,12.73,0.19,N,3,0
31736,37,45000,MORTGAGE,3.0,VENTURE,A,5000,6.62,0.11,N,15,0
31737,24,39000,RENT,0.0,PERSONAL,C,4000,13.23,0.1,N,3,0
31738,39,60000,RENT,4.0,VENTURE,B,15000,10.83,0.25,N,12,0
31739,52,38000,MORTGAGE,6.0,MEDICAL,B,15000,11.86,0.39,N,18,0
31740,21,15000,RENT,0.0,PERSONAL,C,2100,14.17,0.15,N,2,0
31741,23,55000,MORTGAGE,3.0,EDUCATION,A,6000,7.51,0.11,N,4,0
31742,23,181408,RENT,0.0,VENTURE,A,14500,6.62,0.08,N,4,0
31743,27,70000,RENT,5.0,EDUCATION,B,10000,12.69,0.14,N,6,0
31744,29,40800,OWN,13.0,PERSONAL,C,10000,12.53,0.25,N,5,0
31745,23,30000,RENT,1.0,DEBTCONSOLIDATION,A,10000,6.91,0.33,N,2,1
31746,24,30000,RENT,2.0,EDUCATION,C,3000,13.23,0.1,N,2,1
31747,43,41400,RENT,1.0,DEBTCONSOLIDATION,A,17000,5.99,0.41,N,15,1
31748,36,36000,RENT,5.0,MEDICAL,A,6000,7.9,0.17,N,15,0
31749,28,45000,RENT,5.0,PERSONAL,A,9000,7.51,0.2,N,6,0
31750,23,48000,RENT,0.0,EDUCATION,A,15000,6.92,0.31,N,4,1
31751,32,35000,RENT,0.0,MEDICAL,C,4800,13.35,0.14,N,7,0
31752,30,90000,MORTGAGE,2.0,DEBTCONSOLIDATION,B,10000,11.83,0.11,N,8,0
31753,24,58000,RENT,2.0,EDUCATION,B,5000,10.37,0.09,N,2,0
31754,24,56000,MORTGAGE,2.0,EDUCATION,B,10000,12.69,0.18,N,4,0
31755,24,30000,RENT,3.0,PERSONAL,C,9000,12.98,0.3,Y,4,1
31756,25,40800,RENT,3.0,MEDICAL,D,6400,14.61,0.16,Y,4,0
31757,21,60000,MORTGAGE,5.0,MEDICAL,A,10000,7.51,0.17,N,2,0
31758,23,62000,RENT,4.0,MEDICAL,A,7200,8.32,0.12,N,2,0
31759,36,34000,MORTGAGE,3.0,HOMEIMPROVEMENT,C,3200,13.48,0.09,Y,12,0
31760,25,60000,MORTGAGE,5.0,HOMEIMPROVEMENT,A,6000,7.14,0.1,N,3,0
31761,22,30000,RENT,4.0,VENTURE,A,5000,7.49,0.17,N,3,0
31762,24,100000,MORTGAGE,8.0,DEBTCONSOLIDATION,A,7000,6.03,0.07,N,2,0
31763,25,50000,OWN,9.0,HOMEIMPROVEMENT,A,6000,7.9,0.12,N,3,0
31764,28,42000,RENT,6.0,MEDICAL,C,8000,14.35,0.19,N,10,0
31765,29,69000,MORTGAGE,1.0,EDUCATION,C,7500,13.47,0.11,Y,5,1
31766,28,48000,RENT,5.0,VENTURE,B,10000,9.63,0.21,N,5,0
31767,24,34992,RENT,7.0,VENTURE,B,7000,11.99,0.21,N,3,0
31768,23,25000,RENT,0.0,MEDICAL,A,5000,6.92,0.2,N,3,0
31769,34,96000,RENT,5.0,EDUCATION,B,12000,10.74,0.13,N,9,0
31770,22,44004,RENT,6.0,MEDICAL,D,7000,15.21,0.16,N,2,1
31771,30,28800,RENT,1.0,HOMEIMPROVEMENT,D,6250,14.54,0.22,N,8,1
31772,44,70000,MORTGAGE,12.0,VENTURE,A,10000,7.88,0.14,N,11,0
31773,23,31036,RENT,7.0,EDUCATION,B,6500,9.88,0.23,N,4,0
31774,32,90000,RENT,4.0,HOMEIMPROVEMENT,B,12000,10.99,0.13,N,10,0
31775,25,50000,RENT,9.0,PERSONAL,B,5500,11.99,0.11,N,3,0
31776,29,65000,MORTGAGE,13.0,MEDICAL,A,7000,7.51,0.11,N,10,0
31777,22,53000,RENT,6.0,MEDICAL,B,10000,10.95,0.19,N,4,0
31778,27,30000,RENT,4.0,MEDICAL,A,10000,7.51,0.33,N,9,1
31779,25,65000,RENT,1.0,EDUCATION,B,4800,12.21,0.07,N,3,0
31780,30,60000,MORTGAGE,6.0,DEBTCONSOLIDATION,B,5000,12.69,0.08,N,8,0
31781,32,68000,RENT,16.0,PERSONAL,B,10000,12.42,0.15,N,10,0
31782,31,80000,RENT,3.0,HOMEIMPROVEMENT,A,7050,5.79,0.09,N,8,0
31783,22,100000,RENT,3.0,DEBTCONSOLIDATION,A,10000,6.91,0.1,N,4,0
31784,25,42000,MORTGAGE,9.0,PERSONAL,A,12000,5.42,0.29,N,4,0
31785,31,30000,RENT,1.0,MEDICAL,C,15000,13.47,0.5,N,6,1
31786,37,113500,OWN,11.0,HOMEIMPROVEMENT,A,5000,7.88,0.04,N,13,0
31787,25,35100,MORTGAGE,9.0,MEDICAL,D,15000,14.71,0.43,N,3,1
31788,26,54000,RENT,2.0,PERSONAL,D,12000,16.89,0.22,N,4,1
31789,35,82500,MORTGAGE,3.0,DEBTCONSOLIDATION,A,12000,7.49,0.14,N,6,1
31790,22,70000,MORTGAGE,6.0,PERSONAL,B,12000,11.71,0.17,N,2,0
31791,22,28800,OWN,6.0,MEDICAL,B,10000,11.49,0.35,N,4,0
31792,22,42000,RENT,0.0,VENTURE,C,12000,12.84,0.29,Y,4,0
31793,29,45000,MORTGAGE,6.0,MEDICAL,A,10000,7.51,0.22,N,6,0
31794,25,80000,RENT,4.0,VENTURE,D,16000,16.49,0.2,Y,3,0
31795,29,150000,MORTGAGE,8.0,VENTURE,A,7000,6.99,0.05,N,6,0
31796,22,58000,MORTGAGE,6.0,EDUCATION,A,5900,6.76,0.1,N,4,0
31797,33,30000,RENT,3.0,PERSONAL,A,7750,7.74,0.26,N,6,0
31798,36,66300,MORTGAGE,11.0,MEDICAL,C,15000,12.87,0.19,Y,15,1
31799,25,36000,OWN,1.0,HOMEIMPROVEMENT,D,6000,12.92,0.17,Y,3,0
31800,33,43000,MORTGAGE,2.0,EDUCATION,F,8400,18.53,0.21,N,8,1
31801,24,50000,RENT,0.0,PERSONAL,C,5000,13.49,0.1,Y,3,0
31802,27,48000,RENT,7.0,MEDICAL,A,10000,7.51,0.21,N,5,0
31803,22,54000,RENT,0.0,EDUCATION,C,7000,13.49,0.13,Y,2,0
31804,23,45000,OWN,7.0,VENTURE,A,10000,7.51,0.22,N,4,0
31805,22,56000,MORTGAGE,3.0,EDUCATION,A,8000,7.49,0.14,N,3,0
31806,27,65000,MORTGAGE,11.0,VENTURE,C,20000,13.22,0.31,Y,5,0
31807,34,33000,RENT,2.0,DEBTCONSOLIDATION,D,2500,14.84,0.08,N,7,1
31808,28,45000,OWN,6.0,MEDICAL,A,5600,7.49,0.12,N,6,0
31809,43,75000,RENT,0.0,HOMEIMPROVEMENT,B,10000,10.36,0.13,N,16,0
31810,22,45000,RENT,3.0,EDUCATION,B,10000,10.25,0.22,N,4,0
31811,31,96000,MORTGAGE,8.0,VENTURE,A,35000,8.9,0.36,N,8,0
31812,31,55000,MORTGAGE,7.0,EDUCATION,A,5200,7.49,0.1,N,8,0
31813,23,51996,OWN,3.0,MEDICAL,B,15000,8.88,0.29,N,2,0
31814,27,96000,MORTGAGE,8.0,PERSONAL,B,12000,11.99,0.13,N,5,0
31815,24,73000,MORTGAGE,8.0,MEDICAL,A,12000,7.29,0.16,N,2,0
31816,22,45000,RENT,6.0,DEBTCONSOLIDATION,B,9000,12.42,0.2,N,4,0
31817,40,87000,RENT,2.0,EDUCATION,B,8000,12.21,0.09,N,11,0
31818,38,87000,MORTGAGE,7.0,DEBTCONSOLIDATION,B,25000,10.99,0.29,N,12,0
31819,26,74800,MORTGAGE,11.0,MEDICAL,C,20000,13.49,0.23,Y,2,1
31820,22,37200,RENT,1.0,EDUCATION,A,7000,7.66,0.19,N,4,0
31821,22,48000,RENT,0.0,EDUCATION,C,10000,13.48,0.21,N,4,0
31822,27,80000,RENT,0.0,MEDICAL,B,5000,10.59,0.06,N,6,0
31823,24,90000,MORTGAGE,8.0,HOMEIMPROVEMENT,A,8000,9.32,0.09,N,2,0
31824,29,113000,MORTGAGE,14.0,PERSONAL,B,25000,12.18,0.22,N,7,0
31825,29,140000,MORTGAGE,13.0,VENTURE,A,6000,7.51,0.04,N,5,0
31826,25,40000,RENT,0.0,DEBTCONSOLIDATION,C,12000,10.59,0.3,N,2,0
31827,22,90000,RENT,0.0,EDUCATION,C,16000,12.68,0.18,N,4,0
31828,30,80000,MORTGAGE,2.0,HOMEIMPROVEMENT,A,10000,5.99,0.13,N,9,0
31829,26,120000,MORTGAGE,10.0,PERSONAL,A,12000,7.51,0.1,N,4,0
31830,22,55000,RENT,4.0,MEDICAL,C,11000,13.98,0.2,N,4,0
31831,29,65000,RENT,5.0,VENTURE,B,6000,12.69,0.09,N,5,0
31832,27,64800,RENT,5.0,VENTURE,B,8000,10.46,0.12,N,6,0
31833,29,61848,OWN,13.0,VENTURE,B,5000,10.38,0.08,N,7,0
31834,35,120000,RENT,17.0,MEDICAL,A,6000,6.62,0.05,N,10,0
31835,29,70000,MORTGAGE,4.0,DEBTCONSOLIDATION,A,16000,7.9,0.23,N,7,0
31836,32,110000,MORTGAGE,16.0,PERSONAL,B,15000,10.0,0.14,N,5,0
31837,25,65000,MORTGAGE,7.0,DEBTCONSOLIDATION,A,14000,6.03,0.22,N,2,0
31838,24,82000,MORTGAGE,2.0,PERSONAL,A,8000,7.49,0.1,N,2,0
31839,25,36000,MORTGAGE,0.0,EDUCATION,C,3000,13.92,0.08,Y,4,0
31840,26,35000,RENT,10.0,PERSONAL,A,10000,7.88,0.29,N,4,0
31841,22,60000,RENT,3.0,PERSONAL,C,2800,14.22,0.05,Y,4,0
31842,33,53000,MORTGAGE,4.0,HOMEIMPROVEMENT,B,4200,9.91,0.08,N,6,0
31843,21,30000,RENT,2.0,DEBTCONSOLIDATION,C,3000,13.85,0.1,Y,4,0
31844,22,50000,MORTGAGE,4.0,VENTURE,C,12000,13.49,0.24,N,2,0
31845,27,50000,RENT,5.0,HOMEIMPROVEMENT,A,6000,8.9,0.12,N,5,0
31846,25,70000,MORTGAGE,4.0,PERSONAL,B,9000,10.99,0.13,N,3,0
31847,23,70000,RENT,1.0,VENTURE,B,10000,12.69,0.14,N,2,0
31848,28,55000,OWN,3.0,VENTURE,B,9000,11.11,0.16,N,8,0
31849,21,35000,RENT,3.0,PERSONAL,B,4200,12.42,0.12,N,3,0
31850,30,33000,RENT,0.0,DEBTCONSOLIDATION,B,3000,12.53,0.09,N,7,0
31851,21,45000,RENT,5.0,EDUCATION,C,6500,13.98,0.14,N,4,0
31852,28,78000,RENT,3.0,MEDICAL,B,24000,11.12,0.31,N,8,1
31853,30,35004,OWN,5.0,VENTURE,B,10000,10.38,0.29,N,10,0
31854,27,24000,RENT,0.0,EDUCATION,C,8500,11.34,0.35,N,7,1
31855,24,50000,RENT,8.0,VENTURE,B,8000,10.37,0.16,N,3,0
31856,23,60000,RENT,7.0,EDUCATION,B,11200,11.71,0.19,N,4,0
31857,55,54996,MORTGAGE,1.0,PERSONAL,B,18000,12.53,0.3,N,24,0
31858,23,31200,RENT,7.0,EDUCATION,B,6000,11.89,0.19,N,2,0
31859,23,15000,RENT,0.0,HOMEIMPROVEMENT,C,5600,12.73,0.36,Y,3,1
31860,24,26000,RENT,8.0,PERSONAL,A,4000,6.92,0.15,N,2,0
31861,21,50000,OWN,5.0,MEDICAL,A,7000,5.79,0.14,N,4,0
31862,28,18000,RENT,2.0,HOMEIMPROVEMENT,C,3200,13.85,0.18,N,6,1
31863,33,33000,OWN,2.0,MEDICAL,D,6000,16.49,0.18,Y,7,0
31864,25,47000,MORTGAGE,4.0,MEDICAL,B,8000,10.37,0.17,N,3,0
31865,26,46000,MORTGAGE,10.0,HOMEIMPROVEMENT,C,10000,13.22,0.22,Y,3,0
31866,30,56000,RENT,6.0,DEBTCONSOLIDATION,B,14000,10.36,0.24,N,5,1
31867,24,42000,RENT,8.0,VENTURE,D,12800,16.0,0.3,N,2,0
31868,27,39000,RENT,0.0,DEBTCONSOLIDATION,B,13000,10.74,0.33,N,7,1
31869,32,50000,MORTGAGE,9.0,MEDICAL,B,3200,10.74,0.06,N,7,0
31870,26,65000,RENT,0.0,MEDICAL,B,4000,10.25,0.06,N,3,0
31871,39,140000,RENT,23.0,HOMEIMPROVEMENT,D,4000,14.61,0.03,N,13,0
31872,27,51600,RENT,5.0,MEDICAL,B,10800,10.37,0.21,N,5,0
31873,22,53590,RENT,0.0,PERSONAL,A,6500,8.59,0.11,N,3,1
31874,26,30000,MORTGAGE,5.0,PERSONAL,A,12000,8.94,0.4,N,3,0
31875,22,40000,MORTGAGE,2.0,MEDICAL,B,6000,12.18,0.15,N,4,0
31876,23,65000,MORTGAGE,0.0,MEDICAL,A,8500,5.42,0.13,N,4,0
31877,38,100000,MORTGAGE,8.0,VENTURE,B,10750,11.14,0.11,N,12,0
31878,52,40000,RENT,0.0,PERSONAL,B,12000,10.37,0.3,N,30,0
31879,42,69764,RENT,7.0,DEBTCONSOLIDATION,D,1500,14.59,0.02,Y,15,1
31880,32,90000,MORTGAGE,1.0,PERSONAL,A,15000,7.51,0.17,N,7,0
31881,22,36500,MORTGAGE,6.0,PERSONAL,A,8500,7.51,0.23,N,4,0
31882,23,33000,RENT,5.0,VENTURE,C,2500,13.57,0.07,N,3,1
31883,27,54000,MORTGAGE,5.0,MEDICAL,B,5000,10.99,0.09,N,7,0
31884,39,80000,OWN,0.0,VENTURE,B,16000,11.83,0.21,N,14,0
31885,24,60000,RENT,2.0,HOMEIMPROVEMENT,C,8000,14.27,0.13,N,2,0
31886,28,31200,RENT,4.0,MEDICAL,B,3000,10.39,0.1,N,6,0
31887,26,58000,MORTGAGE,3.0,PERSONAL,A,1800,6.54,0.03,N,4,0
31888,23,24000,RENT,7.0,EDUCATION,A,9925,7.29,0.41,N,3,1
31889,28,60000,MORTGAGE,3.0,DEBTCONSOLIDATION,C,10000,13.99,0.17,N,8,0
31890,25,40000,RENT,4.0,EDUCATION,B,15000,9.88,0.38,N,4,1
31891,22,50000,MORTGAGE,6.0,DEBTCONSOLIDATION,A,6000,5.42,0.12,N,2,0
31892,21,55000,MORTGAGE,6.0,EDUCATION,A,10000,6.54,0.18,N,2,0
31893,23,30000,RENT,0.0,EDUCATION,C,8000,13.22,0.27,Y,3,0
31894,26,120000,MORTGAGE,3.0,PERSONAL,B,7800,10.37,0.07,N,3,0
31895,30,48000,RENT,1.0,MEDICAL,A,1000,8.59,0.02,N,7,0
31896,25,60000,MORTGAGE,1.0,EDUCATION,C,8000,14.65,0.13,Y,2,0
31897,28,40000,OWN,0.0,VENTURE,A,1250,6.76,0.03,N,10,0
31898,22,40000,OWN,4.0,VENTURE,B,14000,9.99,0.35,N,3,0
31899,27,59000,MORTGAGE,11.0,EDUCATION,A,3500,7.68,0.06,N,10,0
31900,34,564000,RENT,1.0,DEBTCONSOLIDATION,B,6000,9.91,0.01,N,7,0
31901,27,83200,RENT,3.0,DEBTCONSOLIDATION,D,9000,16.49,0.11,Y,6,1
31902,24,59000,MORTGAGE,1.0,DEBTCONSOLIDATION,E,14400,17.99,0.25,N,2,1
31903,28,56000,RENT,5.0,PERSONAL,B,12000,10.75,0.21,N,6,0
31904,33,30000,RENT,5.0,PERSONAL,A,3000,5.79,0.1,N,7,0
31905,26,122000,RENT,1.0,MEDICAL,B,20000,11.58,0.16,N,2,0
31906,21,35000,RENT,4.0,EDUCATION,A,5000,7.49,0.14,N,2,0
31907,25,25000,MORTGAGE,4.0,MEDICAL,C,8500,13.23,0.34,Y,3,0
31908,23,30000,RENT,3.0,EDUCATION,A,3500,7.49,0.12,N,2,0
31909,39,70000,MORTGAGE,4.0,HOMEIMPROVEMENT,B,15000,11.49,0.21,N,14,0
31910,29,30000,RENT,6.0,DEBTCONSOLIDATION,A,4800,7.49,0.16,N,9,0
31911,25,36000,RENT,4.0,MEDICAL,B,10000,9.99,0.28,N,4,0
31912,35,37000,RENT,2.0,MEDICAL,B,18500,9.99,0.47,N,6,1
31913,38,54000,RENT,0.0,EDUCATION,D,10000,14.46,0.19,Y,14,1
31914,24,45600,OWN,8.0,MEDICAL,A,5000,6.17,0.11,N,2,0
31915,29,32000,RENT,13.0,MEDICAL,B,4500,11.11,0.15,N,7,1
31916,25,86670,MORTGAGE,9.0,VENTURE,C,15900,13.22,0.2,Y,2,0
31917,29,57000,RENT,4.0,DEBTCONSOLIDATION,B,12000,11.99,0.21,N,5,0
31918,29,75000,MORTGAGE,3.0,DEBTCONSOLIDATION,A,7000,5.42,0.09,N,8,0
31919,24,60000,RENT,5.0,DEBTCONSOLIDATION,B,10000,10.74,0.17,N,3,0
31920,22,26000,RENT,6.0,EDUCATION,D,8000,15.65,0.31,N,4,1
31921,30,52000,MORTGAGE,14.0,MEDICAL,D,11750,15.95,0.21,N,8,0
31922,26,60000,MORTGAGE,10.0,VENTURE,B,10000,10.99,0.17,N,3,0
31923,26,24000,RENT,0.0,MEDICAL,A,10000,7.66,0.42,N,3,1
31924,22,24000,RENT,1.0,MEDICAL,C,5000,13.98,0.21,Y,2,0
31925,32,350000,OWN,1.0,VENTURE,A,5600,5.42,0.02,N,5,0
31926,35,80000,RENT,0.0,DEBTCONSOLIDATION,A,10000,8.59,0.13,N,7,0
31927,23,39000,OWN,5.0,VENTURE,A,9800,7.51,0.26,N,4,0
31928,29,60000,RENT,4.0,MEDICAL,C,6500,14.22,0.11,N,6,0
31929,36,40000,MORTGAGE,2.0,EDUCATION,C,13000,13.61,0.33,N,12,0
31930,39,53979,MORTGAGE,6.0,PERSONAL,E,15000,16.63,0.3,N,12,0
31931,31,72000,RENT,4.0,EDUCATION,B,5000,11.86,0.07,N,8,0
31932,45,60000,RENT,8.0,PERSONAL,B,2000,12.18,0.03,N,12,0
31933,27,60000,RENT,11.0,DEBTCONSOLIDATION,C,16000,13.16,0.27,N,6,0
31934,28,78000,RENT,12.0,MEDICAL,A,9600,8.94,0.12,N,9,0
31935,24,45000,RENT,3.0,VENTURE,A,5000,8.49,0.11,N,2,0
31936,24,35000,RENT,8.0,MEDICAL,A,12000,8.9,0.34,N,4,0
31937,23,64000,RENT,1.0,EDUCATION,C,5000,12.99,0.08,Y,2,0
31938,35,45000,RENT,2.0,EDUCATION,B,2000,11.49,0.04,N,9,0
31939,30,59004,RENT,4.0,DEBTCONSOLIDATION,B,8000,11.11,0.14,N,9,1
31940,40,77500,RENT,3.0,EDUCATION,C,3000,14.72,0.04,Y,16,0
31941,31,55000,MORTGAGE,3.0,DEBTCONSOLIDATION,A,8000,6.91,0.15,N,7,0
31942,24,115000,MORTGAGE,7.0,HOMEIMPROVEMENT,A,14000,5.79,0.12,N,4,0
31943,29,37500,MORTGAGE,4.0,EDUCATION,B,12000,12.42,0.32,N,10,0
31944,27,120000,RENT,0.0,MEDICAL,B,10000,10.37,0.08,N,5,0
31945,25,29400,RENT,3.0,MEDICAL,C,10000,13.43,0.34,Y,4,1
31946,22,57240,MORTGAGE,7.0,MEDICAL,B,10000,10.38,0.17,N,2,0
31947,40,77000,MORTGAGE,2.0,PERSONAL,B,2000,10.75,0.03,N,12,0
31948,23,120000,MORTGAGE,7.0,MEDICAL,A,6000,5.42,0.05,N,2,0
31949,30,50000,RENT,5.0,PERSONAL,A,3000,6.91,0.06,N,6,0
31950,22,48000,OWN,1.0,EDUCATION,B,15000,10.74,0.31,N,3,0
31951,31,78000,MORTGAGE,15.0,EDUCATION,B,10000,11.99,0.13,N,7,0
31952,27,52000,MORTGAGE,2.0,DEBTCONSOLIDATION,B,20000,9.88,0.38,N,6,0
31953,24,24000,MORTGAGE,8.0,MEDICAL,A,12000,7.14,0.5,N,4,0
31954,29,129996,MORTGAGE,4.0,HOMEIMPROVEMENT,E,12000,15.68,0.1,Y,10,0
31955,37,51000,MORTGAGE,3.0,VENTURE,A,7000,6.99,0.14,N,15,0
31956,24,46890,RENT,8.0,DEBTCONSOLIDATION,C,18650,13.11,0.37,N,4,1
31957,23,45000,RENT,5.0,MEDICAL,B,1500,11.36,0.03,N,4,0
31958,36,76000,MORTGAGE,4.0,HOMEIMPROVEMENT,C,6000,14.79,0.08,Y,14,0
31959,38,100000,RENT,15.0,MEDICAL,B,5000,10.59,0.05,N,17,0
31960,26,32000,RENT,1.0,EDUCATION,C,15000,13.98,0.47,N,4,1
31961,29,117300,MORTGAGE,6.0,MEDICAL,C,14000,14.27,0.12,Y,9,1
31962,24,58000,OWN,8.0,EDUCATION,A,7500,7.88,0.13,N,4,0
31963,24,100000,MORTGAGE,5.0,PERSONAL,A,12000,6.03,0.12,N,4,0
31964,35,49000,RENT,2.0,DEBTCONSOLIDATION,D,16000,14.09,0.33,N,5,1
31965,22,43000,RENT,7.0,EDUCATION,B,7200,11.71,0.17,N,2,0
31966,25,65007,MORTGAGE,10.0,DEBTCONSOLIDATION,F,25000,18.62,0.38,N,3,0
31967,23,54000,RENT,3.0,DEBTCONSOLIDATION,D,4500,14.59,0.08,N,4,1
31968,25,80000,RENT,1.0,EDUCATION,B,20000,10.25,0.25,N,4,1
31969,26,33000,RENT,2.0,EDUCATION,B,7000,10.0,0.21,N,3,0
31970,24,60000,RENT,8.0,PERSONAL,A,15000,8.49,0.25,N,4,0
31971,23,42000,RENT,0.0,DEBTCONSOLIDATION,B,10000,10.37,0.24,N,2,0
31972,23,90000,RENT,7.0,EDUCATION,B,15000,11.89,0.17,N,2,0
31973,33,87000,MORTGAGE,0.0,DEBTCONSOLIDATION,A,10000,8.94,0.11,N,8,0
31974,22,33996,MORTGAGE,6.0,DEBTCONSOLIDATION,D,5000,14.96,0.15,Y,2,1
31975,30,60000,MORTGAGE,11.0,VENTURE,A,6000,5.79,0.1,N,5,0
31976,28,36000,RENT,2.0,EDUCATION,C,3000,13.98,0.08,N,8,0
31977,37,36000,RENT,5.0,HOMEIMPROVEMENT,C,8000,14.26,0.22,N,15,1
31978,25,68000,MORTGAGE,5.0,MEDICAL,A,10000,5.99,0.15,N,4,0
31979,22,62500,MORTGAGE,6.0,MEDICAL,A,8400,7.49,0.13,N,2,0
31980,27,77350,OWN,3.0,VENTURE,A,6000,7.74,0.08,N,5,0
31981,37,60000,MORTGAGE,9.0,DEBTCONSOLIDATION,B,5000,11.86,0.08,N,12,0
31982,37,98000,RENT,21.0,DEBTCONSOLIDATION,A,10000,8.9,0.1,N,12,0
31983,28,30000,RENT,2.0,PERSONAL,A,3000,7.51,0.1,N,8,0
31984,27,33504,RENT,5.0,PERSONAL,B,12000,10.65,0.36,N,5,1
31985,31,51996,RENT,8.0,PERSONAL,B,2000,10.37,0.04,N,8,0
31986,23,140004,MORTGAGE,4.0,DEBTCONSOLIDATION,A,5775,5.99,0.04,N,2,0
31987,27,60000,MORTGAGE,2.0,HOMEIMPROVEMENT,A,7500,7.51,0.13,N,6,0
31988,24,28000,RENT,1.0,MEDICAL,B,4000,10.99,0.14,N,3,0
31989,38,60000,RENT,0.0,VENTURE,B,3000,11.83,0.05,N,11,0
31990,26,30000,RENT,4.0,MEDICAL,D,11500,15.62,0.38,Y,3,1
31991,23,60000,MORTGAGE,7.0,EDUCATION,A,3000,6.91,0.05,N,3,0
31992,23,109200,MORTGAGE,5.0,EDUCATION,C,5000,13.72,0.05,Y,2,0
31993,33,156000,MORTGAGE,0.0,HOMEIMPROVEMENT,A,15000,6.54,0.1,N,9,0
31994,31,44000,RENT,5.0,DEBTCONSOLIDATION,D,17350,15.37,0.39,Y,5,1
31995,27,29120,RENT,0.0,EDUCATION,B,15000,10.99,0.52,N,9,1
31996,22,65000,RENT,6.0,DEBTCONSOLIDATION,A,5000,6.03,0.08,N,3,0
31997,27,100000,MORTGAGE,11.0,EDUCATION,C,7000,13.98,0.07,N,8,0
31998,24,60000,MORTGAGE,4.0,VENTURE,B,6000,10.99,0.1,N,3,0
31999,24,55000,MORTGAGE,8.0,DEBTCONSOLIDATION,A,8000,7.66,0.15,N,3,0
32000,38,60000,MORTGAGE,9.0,PERSONAL,C,10000,12.99,0.17,N,15,0
32001,27,85000,MORTGAGE,3.0,EDUCATION,B,10000,12.18,0.12,N,7,0
32002,24,50000,MORTGAGE,8.0,DEBTCONSOLIDATION,A,10000,5.99,0.2,N,4,0
32003,29,70000,MORTGAGE,13.0,PERSONAL,B,4000,10.74,0.06,N,6,0
32004,29,70000,RENT,0.0,HOMEIMPROVEMENT,C,15000,12.98,0.21,Y,7,0
32005,22,95004,MORTGAGE,0.0,EDUCATION,A,12000,7.51,0.13,N,2,0
32006,28,76000,MORTGAGE,12.0,VENTURE,B,6000,10.99,0.08,N,5,0
32007,25,100000,MORTGAGE,9.0,MEDICAL,B,20000,12.42,0.2,N,4,0
32008,25,40000,RENT,0.0,MEDICAL,B,8000,10.25,0.2,N,4,0
32009,36,135000,RENT,4.0,MEDICAL,B,16000,9.99,0.12,N,17,0
32010,57,34000,RENT,5.0,VENTURE,D,7500,14.59,0.22,Y,21,0
32011,22,27996,RENT,0.0,MEDICAL,B,5000,11.89,0.18,N,3,0
32012,28,50000,RENT,12.0,EDUCATION,C,15000,10.28,0.3,N,7,0
32013,22,69996,RENT,2.0,PERSONAL,B,14400,10.74,0.22,N,4,0
32014,23,85000,MORTGAGE,3.0,EDUCATION,B,8000,10.08,0.09,N,4,0
32015,24,60000,RENT,0.0,PERSONAL,C,7200,12.53,0.12,N,4,1
32016,28,95000,MORTGAGE,13.0,DEBTCONSOLIDATION,A,4800,6.03,0.05,N,10,0
32017,24,85000,MORTGAGE,2.0,EDUCATION,C,12000,13.48,0.14,N,4,0
32018,28,33000,OWN,5.0,HOMEIMPROVEMENT,B,10000,9.99,0.3,N,6,0
32019,34,58000,RENT,5.0,DEBTCONSOLIDATION,B,3200,9.88,0.06,N,9,0
32020,23,75000,RENT,0.0,PERSONAL,A,10000,6.54,0.13,N,3,0
32021,23,73500,MORTGAGE,7.0,EDUCATION,C,5000,12.99,0.07,N,4,0
32022,23,38400,MORTGAGE,5.0,EDUCATION,A,10000,7.88,0.26,N,2,0
32023,34,70000,RENT,0.0,VENTURE,B,6000,12.18,0.09,N,8,0
32024,28,53000,MORTGAGE,0.0,EDUCATION,B,15000,11.26,0.28,N,9,0
32025,29,40000,RENT,0.0,VENTURE,B,4500,11.11,0.11,N,5,0
32026,32,113000,RENT,2.0,DEBTCONSOLIDATION,C,12000,13.49,0.11,N,8,1
32027,24,52000,RENT,6.0,EDUCATION,B,12000,10.99,0.23,N,3,0
32028,26,139913,MORTGAGE,10.0,HOMEIMPROVEMENT,B,11200,10.99,0.08,N,2,0
32029,23,88000,MORTGAGE,3.0,EDUCATION,A,10000,7.9,0.11,N,4,0
32030,23,55000,RENT,1.0,VENTURE,A,9400,6.92,0.17,N,3,0
32031,23,43949,RENT,7.0,EDUCATION,B,3000,11.49,0.07,N,3,0
32032,22,60000,MORTGAGE,3.0,PERSONAL,B,4000,10.25,0.07,N,2,0
32033,22,56004,MORTGAGE,6.0,MEDICAL,A,9000,7.51,0.16,N,2,0
32034,24,57000,MORTGAGE,3.0,HOMEIMPROVEMENT,B,17500,10.99,0.31,N,2,0
32035,30,36000,MORTGAGE,4.0,VENTURE,A,6000,7.49,0.17,N,10,0
32036,37,105000,MORTGAGE,0.0,VENTURE,E,30000,16.77,0.29,Y,11,0
32037,22,50000,MORTGAGE,4.0,VENTURE,A,8000,7.49,0.16,N,2,0
32038,29,35000,RENT,1.0,EDUCATION,A,4000,7.88,0.11,N,5,0
32039,43,100000,MORTGAGE,13.0,EDUCATION,A,6000,6.99,0.06,N,11,0
32040,33,50000,RENT,0.0,VENTURE,C,10000,12.87,0.2,Y,9,0
32041,37,48000,MORTGAGE,3.0,MEDICAL,A,10000,7.88,0.21,N,14,0
32042,31,84000,MORTGAGE,4.0,DEBTCONSOLIDATION,A,10000,8.94,0.12,N,6,0
32043,24,28000,RENT,5.0,MEDICAL,B,3000,10.75,0.11,N,4,0
32044,34,36000,RENT,5.0,DEBTCONSOLIDATION,B,5000,11.49,0.14,N,6,0
32045,29,30000,RENT,3.0,MEDICAL,B,6000,10.62,0.2,N,5,1
32046,27,35000,RENT,11.0,VENTURE,B,4000,10.99,0.11,N,7,0
32047,31,56000,RENT,4.0,HOMEIMPROVEMENT,C,12000,13.23,0.21,Y,9,0
32048,29,104000,OWN,3.0,MEDICAL,B,10000,10.65,0.1,N,8,0
32049,31,55000,RENT,13.0,MEDICAL,B,16000,10.37,0.3,N,7,0
32050,23,48000,RENT,6.0,PERSONAL,C,5000,13.49,0.1,N,2,0
32051,21,35000,RENT,0.0,DEBTCONSOLIDATION,A,4000,7.9,0.11,N,3,0
32052,24,44640,RENT,0.0,VENTURE,B,10000,10.36,0.22,N,3,0
32053,34,130000,MORTGAGE,3.0,PERSONAL,B,9000,11.49,0.07,N,7,0
32054,23,33000,RENT,1.0,MEDICAL,A,1000,7.37,0.03,N,3,0
32055,30,24000,MORTGAGE,8.0,EDUCATION,A,2500,5.99,0.1,N,7,0
32056,27,62000,MORTGAGE,1.0,HOMEIMPROVEMENT,A,3000,6.39,0.05,N,5,0
32057,22,121352,MORTGAGE,6.0,PERSONAL,B,7750,10.37,0.06,N,2,0
32058,24,41000,RENT,3.0,PERSONAL,B,10000,11.36,0.24,N,3,0
32059,28,57600,RENT,12.0,HOMEIMPROVEMENT,B,5000,9.63,0.08,N,10,0
32060,48,60000,RENT,1.0,HOMEIMPROVEMENT,C,8000,12.99,0.13,Y,12,0
32061,22,65000,MORTGAGE,6.0,VENTURE,A,10000,6.99,0.15,N,2,0
32062,22,60000,RENT,3.0,DEBTCONSOLIDATION,A,7000,7.66,0.12,N,3,0
32063,22,45000,RENT,6.0,EDUCATION,A,3000,8.9,0.07,N,4,0
32064,38,60000,MORTGAGE,2.0,VENTURE,A,6000,7.88,0.1,N,17,0
32065,36,65000,RENT,21.0,VENTURE,B,8000,11.49,0.12,N,12,0
32066,26,53000,RENT,10.0,MEDICAL,B,3000,9.91,0.06,N,4,0
32067,35,84695,RENT,1.0,MEDICAL,B,6000,10.25,0.07,N,10,0
32068,39,25140,RENT,8.0,EDUCATION,C,1200,14.22,0.05,Y,2,1
32069,37,50000,OWN,2.0,VENTURE,B,7000,11.14,0.14,N,13,0
32070,27,51600,RENT,5.0,VENTURE,B,11000,11.48,0.21,N,10,0
32071,34,56000,RENT,2.0,MEDICAL,A,5000,5.79,0.09,N,8,0
32072,26,60000,RENT,4.0,VENTURE,B,10000,11.11,0.17,N,3,0
32073,27,120000,MORTGAGE,2.0,HOMEIMPROVEMENT,B,15000,10.95,0.13,N,10,0
32074,40,131004,MORTGAGE,9.0,VENTURE,A,30000,7.9,0.23,N,13,0
32075,23,60000,RENT,4.0,MEDICAL,C,12000,12.29,0.2,Y,3,0
32076,29,45000,RENT,1.0,VENTURE,C,15000,13.16,0.33,N,5,1
32077,30,50000,RENT,4.0,EDUCATION,B,6000,10.65,0.12,N,5,0
32078,36,48000,MORTGAGE,2.0,VENTURE,C,4200,12.99,0.09,N,15,0
32079,28,74004,RENT,12.0,DEBTCONSOLIDATION,D,25000,15.57,0.34,N,5,1
32080,29,60000,MORTGAGE,4.0,PERSONAL,C,10000,13.49,0.17,Y,9,0
32081,21,90000,MORTGAGE,3.0,EDUCATION,B,7000,9.91,0.08,N,4,0
32082,22,90000,MORTGAGE,6.0,PERSONAL,A,6000,7.74,0.07,N,3,0
32083,23,66000,RENT,4.0,DEBTCONSOLIDATION,B,8000,11.49,0.12,N,4,0
32084,22,50000,RENT,6.0,EDUCATION,D,3500,15.65,0.07,Y,4,0
32085,25,60000,MORTGAGE,3.0,HOMEIMPROVEMENT,B,5000,10.99,0.08,N,3,0
32086,21,30000,OWN,5.0,VENTURE,B,1000,12.42,0.03,N,3,0
32087,31,70000,RENT,0.0,MEDICAL,B,10000,10.95,0.14,N,10,0
32088,34,63000,MORTGAGE,3.0,EDUCATION,B,20000,10.99,0.32,N,7,0
32089,21,23000,RENT,0.0,MEDICAL,B,5900,9.99,0.26,N,2,0
32090,39,30000,OWN,2.0,PERSONAL,A,6000,7.9,0.2,N,12,0
32091,35,60000,RENT,19.0,VENTURE,B,2000,9.99,0.03,N,9,0
32092,27,100000,RENT,11.0,EDUCATION,B,12000,12.42,0.12,N,9,0
32093,22,40000,RENT,2.0,DEBTCONSOLIDATION,A,7200,9.32,0.18,N,4,0
32094,30,76209,MORTGAGE,14.0,DEBTCONSOLIDATION,A,3000,6.62,0.04,N,8,0
32095,23,50000,RENT,3.0,EDUCATION,B,2500,9.99,0.05,N,4,0
32096,27,74448,MORTGAGE,11.0,MEDICAL,A,3000,7.05,0.04,N,7,0
32097,24,19200,RENT,2.0,VENTURE,C,4000,14.35,0.21,Y,3,1
32098,29,63000,MORTGAGE,13.0,HOMEIMPROVEMENT,C,2800,13.04,0.04,N,5,0
32099,26,117500,RENT,0.0,DEBTCONSOLIDATION,A,13800,6.92,0.12,N,4,0
32100,28,60000,MORTGAGE,12.0,MEDICAL,A,3500,7.88,0.06,N,10,0
32101,28,36000,MORTGAGE,4.0,PERSONAL,A,4000,6.62,0.11,N,5,0
32102,22,30000,RENT,6.0,EDUCATION,B,10000,11.71,0.33,N,4,1
32103,32,55000,MORTGAGE,3.0,PERSONAL,C,3525,14.27,0.07,Y,8,0
32104,27,72000,RENT,3.0,EDUCATION,A,15000,6.17,0.21,N,10,0
32105,27,35000,OWN,2.0,MEDICAL,C,2500,12.68,0.07,Y,5,0
32106,27,30000,RENT,1.0,EDUCATION,C,10000,12.53,0.33,N,9,0
32107,21,70000,RENT,5.0,PERSONAL,A,12500,6.91,0.18,N,2,0
32108,21,49110,RENT,5.0,PERSONAL,C,6000,15.96,0.12,N,3,1
32109,24,95000,MORTGAGE,5.0,HOMEIMPROVEMENT,B,10000,10.99,0.11,N,4,0
32110,41,53000,RENT,5.0,PERSONAL,A,10000,7.51,0.19,N,15,0
32111,23,35000,RENT,3.0,EDUCATION,A,4000,6.03,0.11,N,3,0
32112,39,80000,MORTGAGE,5.0,HOMEIMPROVEMENT,B,12000,12.42,0.15,N,17,0
32113,33,110000,MORTGAGE,2.0,EDUCATION,A,14000,6.03,0.13,N,9,0
32114,29,102456,RENT,3.0,EDUCATION,B,25000,10.36,0.24,N,10,0
32115,30,60000,MORTGAGE,14.0,PERSONAL,C,11200,13.92,0.19,Y,10,0
32116,26,85000,MORTGAGE,0.0,MEDICAL,A,12000,5.79,0.14,N,3,0
32117,31,47700,MORTGAGE,4.0,MEDICAL,A,5600,6.99,0.12,N,8,0
32118,31,28800,RENT,1.0,EDUCATION,A,7000,7.9,0.25,N,6,0
32119,26,42000,MORTGAGE,5.0,MEDICAL,D,1600,15.05,0.04,Y,3,1
32120,23,47000,RENT,1.0,PERSONAL,A,16000,7.9,0.35,N,4,1
32121,23,60000,MORTGAGE,2.0,EDUCATION,C,10000,11.34,0.17,N,3,0
32122,23,33000,RENT,1.0,MEDICAL,A,7000,6.99,0.21,N,2,0
32123,24,36000,RENT,2.0,MEDICAL,C,8000,13.16,0.22,Y,2,0
32124,32,72000,RENT,3.0,MEDICAL,C,20000,13.06,0.27,N,10,0
32125,50,105000,MORTGAGE,13.0,MEDICAL,B,12000,9.99,0.11,N,17,0
32126,31,29004,RENT,0.0,PERSONAL,D,6000,14.84,0.21,Y,9,1
32127,30,96000,RENT,6.0,HOMEIMPROVEMENT,B,10000,9.88,0.1,N,10,0
32128,25,60000,RENT,2.0,PERSONAL,C,10000,14.65,0.17,N,3,0
32129,23,48000,RENT,3.0,DEBTCONSOLIDATION,C,1500,13.23,0.03,N,2,0
32130,21,90000,RENT,5.0,DEBTCONSOLIDATION,B,25000,11.99,0.28,N,2,0
32131,23,113135,MORTGAGE,8.0,PERSONAL,B,25000,10.99,0.22,N,4,0
32132,23,50000,OWN,5.0,VENTURE,B,10000,10.36,0.2,N,3,0
32133,25,48000,RENT,3.0,VENTURE,B,7500,12.69,0.16,N,2,0
32134,28,93000,RENT,2.0,HOMEIMPROVEMENT,A,10000,7.14,0.11,N,7,0
32135,23,33000,RENT,4.0,DEBTCONSOLIDATION,D,10000,17.49,0.3,Y,3,1
32136,28,110000,MORTGAGE,4.0,DEBTCONSOLIDATION,C,24000,13.92,0.22,N,9,0
32137,25,30000,OWN,2.0,VENTURE,A,9200,7.49,0.31,N,3,0
32138,41,140000,MORTGAGE,25.0,DEBTCONSOLIDATION,A,10000,6.91,0.07,N,17,0
32139,35,34000,MORTGAGE,6.0,MEDICAL,D,4000,16.32,0.12,Y,8,1
32140,31,37000,OTHER,0.0,VENTURE,B,9250,11.83,0.25,N,7,0
32141,23,65000,MORTGAGE,7.0,EDUCATION,C,5000,13.47,0.08,Y,4,0
32142,43,75000,MORTGAGE,5.0,HOMEIMPROVEMENT,B,12000,9.91,0.16,N,13,0
32143,24,98004,RENT,8.0,HOMEIMPROVEMENT,A,4500,6.54,0.04,N,2,0
32144,31,125000,MORTGAGE,9.0,MEDICAL,C,18000,13.43,0.14,N,10,0
32145,22,57000,MORTGAGE,7.0,EDUCATION,C,22000,12.68,0.38,N,2,0
32146,36,52000,RENT,5.0,HOMEIMPROVEMENT,B,7000,9.99,0.13,N,16,0
32147,34,70000,MORTGAGE,6.0,MEDICAL,C,15000,13.49,0.21,N,8,0
32148,27,34000,RENT,3.0,EDUCATION,E,10000,15.68,0.29,N,6,0
32149,28,64700,MORTGAGE,5.0,DEBTCONSOLIDATION,B,20000,11.11,0.31,N,8,0
32150,36,70000,RENT,2.0,EDUCATION,B,8000,10.0,0.11,N,13,0
32151,22,81400,RENT,2.0,EDUCATION,D,20000,15.21,0.25,N,4,1
32152,33,172800,OTHER,12.0,VENTURE,B,20000,10.37,0.12,N,7,0
32153,27,38000,RENT,1.0,EDUCATION,C,2000,12.87,0.05,N,10,0
32154,41,175000,MORTGAGE,24.0,VENTURE,B,25000,11.11,0.14,N,15,0
32155,23,59000,RENT,8.0,MEDICAL,C,16000,13.11,0.27,Y,3,1
32156,24,90000,RENT,3.0,EDUCATION,B,11200,11.49,0.12,N,3,0
32157,25,27600,RENT,1.0,VENTURE,B,3200,11.99,0.11,N,3,0
32158,28,50000,RENT,5.0,EDUCATION,B,7500,11.99,0.15,N,8,0
32159,30,30000,RENT,0.0,PERSONAL,D,5600,15.21,0.19,Y,9,1
32160,43,42000,RENT,4.0,VENTURE,B,6300,11.71,0.15,N,16,0
32161,23,54000,MORTGAGE,7.0,DEBTCONSOLIDATION,D,2000,16.77,0.04,N,4,1
32162,44,72250,RENT,3.0,HOMEIMPROVEMENT,D,16000,16.29,0.21,N,11,1
32163,30,48720,RENT,0.0,MEDICAL,C,1500,14.35,0.03,Y,9,0
32164,40,54000,RENT,2.0,PERSONAL,B,3000,10.62,0.06,N,11,1
32165,28,40800,MORTGAGE,12.0,HOMEIMPROVEMENT,A,8000,7.88,0.2,N,9,0
32166,24,60000,MORTGAGE,6.0,PERSONAL,B,12000,10.99,0.2,N,3,0
32167,25,80000,RENT,0.0,EDUCATION,B,10000,9.91,0.13,N,4,0
32168,27,45000,RENT,3.0,MEDICAL,A,5000,6.03,0.11,N,10,0
32169,25,60000,MORTGAGE,9.0,VENTURE,D,7500,17.58,0.13,N,4,0
32170,23,90000,RENT,1.0,EDUCATION,B,24000,12.69,0.27,N,3,0
32171,22,60000,MORTGAGE,6.0,DEBTCONSOLIDATION,B,7800,9.99,0.13,N,2,0
32172,25,25568,RENT,3.0,EDUCATION,A,12000,7.29,0.47,N,2,1
32173,23,72000,MORTGAGE,7.0,DEBTCONSOLIDATION,A,4800,5.42,0.07,N,3,0
32174,29,120000,MORTGAGE,13.0,MEDICAL,A,12000,5.79,0.1,N,9,0
32175,23,44000,RENT,2.0,MEDICAL,D,8500,15.99,0.19,N,3,1
32176,37,68000,MORTGAGE,5.0,VENTURE,A,15000,7.88,0.22,N,17,0
32177,29,77004,MORTGAGE,13.0,EDUCATION,B,6000,9.63,0.08,N,7,0
32178,21,100000,RENT,5.0,DEBTCONSOLIDATION,B,2000,11.36,0.02,N,4,0
32179,23,48000,RENT,7.0,MEDICAL,B,15000,12.18,0.31,N,4,1
32180,25,33000,RENT,5.0,MEDICAL,B,9000,10.99,0.27,N,4,0
32181,29,66000,MORTGAGE,4.0,DEBTCONSOLIDATION,B,20000,11.48,0.3,N,7,0
32182,36,69996,RENT,2.0,HOMEIMPROVEMENT,C,10000,12.53,0.14,Y,11,0
32183,39,56400,MORTGAGE,14.0,DEBTCONSOLIDATION,B,14400,10.59,0.26,N,11,0
32184,22,35000,RENT,4.0,MEDICAL,C,4000,14.27,0.11,Y,3,0
32185,29,73524,MORTGAGE,11.0,DEBTCONSOLIDATION,B,12000,11.36,0.16,N,6,0
32186,32,90000,RENT,5.0,DEBTCONSOLIDATION,B,12000,11.49,0.13,N,6,0
32187,24,46000,RENT,8.0,EDUCATION,C,6000,12.68,0.13,Y,2,0
32188,26,40000,RENT,0.0,DEBTCONSOLIDATION,B,6000,10.25,0.15,N,2,0
32189,24,70000,RENT,1.0,DEBTCONSOLIDATION,A,3000,5.42,0.04,N,3,0
32190,26,110000,MORTGAGE,10.0,DEBTCONSOLIDATION,A,6000,7.49,0.05,N,4,0
32191,23,33500,RENT,3.0,MEDICAL,D,10000,15.7,0.3,Y,2,1
32192,32,35004,OWN,16.0,VENTURE,A,3600,6.76,0.1,N,8,0
32193,31,49000,RENT,0.0,EDUCATION,D,7200,14.96,0.14,Y,7,1
32194,24,48000,RENT,8.0,MEDICAL,C,1500,15.23,0.03,N,2,0
32195,27,140000,MORTGAGE,8.0,MEDICAL,B,11000,10.74,0.08,N,7,0
32196,22,35350,RENT,3.0,DEBTCONSOLIDATION,B,9000,9.99,0.26,N,2,0
32197,22,50000,OWN,1.0,EDUCATION,A,10000,7.51,0.2,N,3,0
32198,27,66000,RENT,6.0,DEBTCONSOLIDATION,B,15000,10.74,0.23,N,7,0
32199,27,62000,RENT,12.0,VENTURE,C,12000,15.23,0.19,N,7,0
32200,23,28000,OWN,7.0,VENTURE,D,10000,14.96,0.36,Y,2,0
32201,32,29000,RENT,9.0,DEBTCONSOLIDATION,B,10000,10.2,0.34,N,7,1
32202,29,47000,RENT,10.0,EDUCATION,B,16000,11.36,0.35,N,6,1
32203,29,115900,MORTGAGE,13.0,PERSONAL,A,12000,7.88,0.1,N,9,0
32204,22,43200,RENT,6.0,EDUCATION,C,9000,13.49,0.21,Y,3,0
32205,23,43000,RENT,0.0,VENTURE,B,2400,10.99,0.06,N,3,0
32206,23,16500,RENT,0.0,MEDICAL,B,4000,11.11,0.24,N,4,1
32207,22,75000,MORTGAGE,1.0,EDUCATION,A,8000,7.51,0.11,N,2,0
32208,34,25000,RENT,2.0,HOMEIMPROVEMENT,B,3000,11.86,0.12,N,10,0
32209,22,54000,RENT,0.0,HOMEIMPROVEMENT,D,5000,15.99,0.09,Y,2,1
32210,23,70000,RENT,7.0,EDUCATION,C,10000,13.49,0.14,N,2,0
32211,28,75000,RENT,5.0,EDUCATION,C,20000,12.84,0.27,Y,6,0
32212,22,35000,RENT,6.0,EDUCATION,C,5200,13.48,0.15,N,4,0
32213,29,77000,MORTGAGE,2.0,MEDICAL,A,3850,5.42,0.05,N,8,0
32214,26,33000,MORTGAGE,10.0,PERSONAL,A,12875,8.9,0.37,N,3,0
32215,32,60000,RENT,0.0,MEDICAL,C,12000,13.98,0.2,N,9,0
32216,28,39000,RENT,1.0,VENTURE,B,12000,12.18,0.31,N,8,1
32217,30,61440,MORTGAGE,4.0,PERSONAL,B,7000,10.65,0.12,N,10,0
32218,27,55000,RENT,4.0,DEBTCONSOLIDATION,B,12800,10.59,0.23,N,8,0
32219,24,46000,OWN,2.0,EDUCATION,B,8000,11.71,0.17,N,2,0
32220,28,85000,MORTGAGE,0.0,HOMEIMPROVEMENT,E,12750,17.14,0.16,N,7,0
32221,24,80000,MORTGAGE,8.0,DEBTCONSOLIDATION,A,10000,6.03,0.13,N,4,0
32222,23,39000,RENT,3.0,PERSONAL,B,1200,11.71,0.03,N,4,1
32223,23,42000,MORTGAGE,5.0,EDUCATION,B,15000,9.88,0.36,N,3,0
32224,26,50000,MORTGAGE,2.0,VENTURE,C,12000,13.85,0.24,N,4,0
32225,23,80000,MORTGAGE,3.0,VENTURE,A,7000,7.88,0.09,N,2,0
32226,34,36400,RENT,3.0,MEDICAL,B,8000,11.49,0.22,N,7,0
32227,27,53000,RENT,5.0,PERSONAL,A,2500,5.99,0.05,N,10,0
32228,23,80000,MORTGAGE,7.0,MEDICAL,B,5000,12.18,0.06,N,4,0
32229,27,26004,MORTGAGE,9.0,VENTURE,A,6000,8.0,0.23,N,6,0
32230,25,55000,MORTGAGE,0.0,VENTURE,A,4800,5.42,0.09,N,3,0
32231,29,100000,RENT,4.0,DEBTCONSOLIDATION,B,2000,10.46,0.02,N,8,0
32232,23,55000,RENT,0.0,VENTURE,B,4800,10.59,0.09,N,2,0
32233,22,60000,MORTGAGE,3.0,PERSONAL,B,15000,10.37,0.25,N,3,0
32234,27,69000,RENT,6.0,HOMEIMPROVEMENT,C,25000,14.65,0.36,N,7,1
32235,23,100000,RENT,1.0,VENTURE,B,3000,11.48,0.03,N,2,0
32236,23,25596,RENT,15.0,EDUCATION,A,5000,7.9,0.2,N,4,0
32237,32,51000,MORTGAGE,6.0,PERSONAL,B,1800,11.49,0.04,N,9,0
32238,29,96000,MORTGAGE,3.0,EDUCATION,C,12000,13.11,0.13,Y,9,0
32239,27,55000,RENT,0.0,EDUCATION,A,12000,8.49,0.22,N,5,0
32240,53,80000,MORTGAGE,1.0,PERSONAL,A,6000,6.62,0.07,N,26,0
32241,27,63000,RENT,2.0,EDUCATION,A,4000,6.76,0.06,N,6,0
32242,26,59000,RENT,3.0,VENTURE,C,14000,13.8,0.24,Y,4,1
32243,30,155000,MORTGAGE,6.0,VENTURE,B,25000,10.74,0.16,N,9,0
32244,36,100000,MORTGAGE,4.0,MEDICAL,A,7000,6.76,0.07,N,16,0
32245,27,29000,RENT,4.0,VENTURE,B,5000,11.71,0.17,N,7,0
32246,21,25000,RENT,5.0,PERSONAL,B,8500,10.65,0.34,N,3,1
32247,26,59000,RENT,5.0,MEDICAL,B,9200,12.42,0.16,N,3,0
32248,32,37000,RENT,2.0,PERSONAL,B,3000,10.37,0.08,N,9,0
32249,24,59000,MORTGAGE,7.0,VENTURE,C,6000,13.99,0.1,Y,3,1
32250,22,40000,RENT,0.0,EDUCATION,A,10000,7.88,0.25,N,2,0
32251,31,30000,RENT,0.0,HOMEIMPROVEMENT,D,4500,15.05,0.15,Y,9,1
32252,26,60000,MORTGAGE,0.0,HOMEIMPROVEMENT,B,14000,10.62,0.23,N,2,0
32253,21,24000,OWN,1.0,VENTURE,B,5000,11.89,0.21,N,2,0
32254,25,70000,RENT,1.0,DEBTCONSOLIDATION,B,9000,9.99,0.13,N,3,0
32255,40,50000,RENT,2.0,PERSONAL,C,4000,13.47,0.08,Y,17,0
32256,23,24000,RENT,0.0,MEDICAL,B,5000,9.99,0.21,N,2,0
32257,28,60000,MORTGAGE,12.0,MEDICAL,B,1500,12.42,0.03,N,9,0
32258,35,85000,MORTGAGE,2.0,PERSONAL,C,10000,13.49,0.12,Y,5,0
32259,45,132000,MORTGAGE,4.0,MEDICAL,A,1500,6.39,0.01,N,11,0
32260,23,70553,RENT,7.0,MEDICAL,C,10000,13.47,0.12,Y,3,0
32261,22,36000,RENT,6.0,EDUCATION,A,12000,7.49,0.33,N,4,1
32262,23,60000,MORTGAGE,0.0,EDUCATION,B,10000,10.37,0.17,N,3,0
32263,30,31200,RENT,2.0,PERSONAL,B,3000,11.86,0.1,N,7,1
32264,23,75000,RENT,4.0,EDUCATION,C,10000,13.49,0.13,Y,3,0
32265,25,100000,MORTGAGE,10.0,EDUCATION,B,4800,9.63,0.05,N,3,0
32266,30,20000,RENT,1.0,DEBTCONSOLIDATION,A,6000,7.29,0.3,N,6,0
32267,35,107473,RENT,0.0,MEDICAL,B,6000,9.99,0.06,N,9,0
32268,27,75000,MORTGAGE,2.0,PERSONAL,A,10000,5.99,0.13,N,10,0
32269,34,40000,RENT,2.0,MEDICAL,B,4800,12.42,0.12,N,10,0
32270,27,28000,RENT,5.0,EDUCATION,B,5000,10.75,0.18,N,10,0
32271,23,65000,MORTGAGE,7.0,EDUCATION,B,6000,11.12,0.09,N,3,0
32272,24,31200,RENT,4.0,PERSONAL,B,2725,9.63,0.09,N,4,0
32273,24,50700,RENT,5.0,EDUCATION,B,12000,12.42,0.24,N,2,0
32274,57,170000,RENT,5.0,HOMEIMPROVEMENT,B,6300,11.86,0.04,N,19,0
32275,25,30000,RENT,3.0,VENTURE,E,9000,18.64,0.3,Y,4,1
32276,24,29000,RENT,2.0,MEDICAL,C,8000,13.11,0.28,Y,2,1
32277,24,37000,MORTGAGE,3.0,EDUCATION,A,3200,6.62,0.09,N,4,0
32278,28,75000,MORTGAGE,11.0,PERSONAL,C,3000,15.23,0.04,N,9,0
32279,25,38400,RENT,2.0,VENTURE,B,4000,9.25,0.11,N,3,0
32280,31,25716,RENT,1.0,MEDICAL,C,3000,14.26,0.12,N,10,1
32281,23,63500,MORTGAGE,7.0,EDUCATION,A,5400,7.88,0.08,N,4,0
32282,24,120000,MORTGAGE,8.0,DEBTCONSOLIDATION,B,12000,9.99,0.1,N,3,0
32283,26,24000,RENT,0.0,PERSONAL,B,5000,11.83,0.21,N,4,0
32284,25,94000,MORTGAGE,3.0,HOMEIMPROVEMENT,B,25000,11.83,0.27,N,4,0
32285,24,57000,MORTGAGE,6.0,MEDICAL,B,3000,11.99,0.05,N,2,0
32286,25,83000,MORTGAGE,2.0,MEDICAL,A,5000,7.51,0.06,N,3,0
32287,22,120000,MORTGAGE,6.0,EDUCATION,A,13000,5.99,0.11,N,2,0
32288,28,82500,RENT,12.0,DEBTCONSOLIDATION,B,11000,11.71,0.13,N,8,0
32289,23,65000,RENT,2.0,MEDICAL,B,7000,10.65,0.11,N,3,0
32290,24,30000,RENT,0.0,MEDICAL,B,6000,10.38,0.2,N,4,0
32291,24,54000,MORTGAGE,8.0,DEBTCONSOLIDATION,A,5000,6.62,0.09,N,2,0
32292,31,33996,RENT,0.0,EDUCATION,C,4000,13.79,0.12,Y,10,0
32293,23,75000,MORTGAGE,0.0,PERSONAL,A,8000,6.54,0.11,N,4,0
32294,29,45000,RENT,2.0,PERSONAL,C,10000,13.98,0.22,Y,7,0
32295,22,42000,RENT,2.0,PERSONAL,B,2000,11.89,0.05,N,4,0
32296,43,80000,OWN,15.0,VENTURE,A,3000,7.14,0.04,N,13,0
32297,22,50000,RENT,5.0,DEBTCONSOLIDATION,C,10000,14.35,0.2,N,2,0
32298,23,55000,MORTGAGE,7.0,EDUCATION,B,5200,9.91,0.1,N,2,0
32299,26,51400,RENT,10.0,DEBTCONSOLIDATION,A,7000,7.88,0.13,N,2,0
32300,31,70000,RENT,4.0,VENTURE,A,10000,8.59,0.14,N,7,0
32301,23,65856,MORTGAGE,3.0,EDUCATION,B,16800,10.25,0.26,N,3,0
32302,23,72000,MORTGAGE,7.0,EDUCATION,B,5000,11.49,0.07,N,3,0
32303,27,100000,RENT,4.0,EDUCATION,B,10000,10.59,0.1,N,9,0
32304,24,38700,RENT,1.0,DEBTCONSOLIDATION,B,5000,8.88,0.13,N,4,0
32305,29,70000,MORTGAGE,13.0,DEBTCONSOLIDATION,A,20000,8.49,0.29,N,6,0
32306,31,60000,MORTGAGE,4.0,MEDICAL,B,6000,10.99,0.1,N,9,0
32307,64,65450,RENT,3.0,DEBTCONSOLIDATION,B,10000,10.46,0.15,N,28,0
32308,24,56000,RENT,8.0,DEBTCONSOLIDATION,B,12000,10.75,0.21,N,3,0
32309,28,42000,RENT,0.0,MEDICAL,C,5000,12.87,0.12,N,8,0
32310,24,31000,RENT,1.0,PERSONAL,A,7500,7.49,0.24,N,4,1
32311,22,75000,MORTGAGE,0.0,DEBTCONSOLIDATION,A,14000,9.63,0.19,N,4,0
32312,29,72000,MORTGAGE,13.0,HOMEIMPROVEMENT,B,10000,10.95,0.14,N,10,0
32313,23,57240,RENT,3.0,VENTURE,B,15000,10.99,0.26,N,4,0
32314,29,62500,MORTGAGE,3.0,PERSONAL,A,10000,6.91,0.16,N,10,0
32315,23,60000,MORTGAGE,7.0,PERSONAL,C,4500,13.49,0.07,Y,3,0
32316,27,80000,MORTGAGE,11.0,VENTURE,A,4000,5.42,0.05,N,7,0
32317,22,50000,MORTGAGE,0.0,DEBTCONSOLIDATION,B,15000,9.99,0.3,N,2,0
32318,23,47000,MORTGAGE,7.0,VENTURE,A,6000,7.14,0.13,N,3,0
32319,24,100000,MORTGAGE,4.0,MEDICAL,B,4800,10.99,0.05,N,4,0
32320,22,27000,RENT,5.0,MEDICAL,C,3500,14.27,0.13,Y,2,0
32321,29,45000,RENT,3.0,PERSONAL,D,20000,15.62,0.44,N,9,1
32322,25,68000,MORTGAGE,9.0,EDUCATION,B,4800,10.59,0.07,N,2,0
32323,31,56000,MORTGAGE,15.0,VENTURE,A,10000,7.49,0.18,N,6,0
32324,36,15000,RENT,2.0,MEDICAL,C,5000,11.91,0.33,Y,15,1
32325,30,65000,MORTGAGE,9.0,EDUCATION,B,13000,11.49,0.2,N,8,0
32326,25,38400,MORTGAGE,9.0,DEBTCONSOLIDATION,B,10000,10.38,0.26,N,2,0
32327,27,60000,MORTGAGE,2.0,EDUCATION,A,5000,6.54,0.08,N,7,0
32328,29,75000,MORTGAGE,5.0,PERSONAL,C,7500,12.61,0.1,Y,9,1
32329,25,24996,RENT,2.0,MEDICAL,B,5000,9.45,0.2,N,2,0
32330,22,24000,RENT,4.0,MEDICAL,B,6000,11.36,0.25,N,3,0
32331,40,110000,RENT,2.0,DEBTCONSOLIDATION,A,15000,5.42,0.14,N,12,0
32332,26,42000,RENT,2.0,VENTURE,D,1600,16.29,0.04,N,3,1
32333,23,87550,RENT,5.0,EDUCATION,C,2800,14.65,0.03,N,2,1
32334,38,100000,MORTGAGE,4.0,EDUCATION,C,15000,13.47,0.15,N,11,0
32335,46,135000,MORTGAGE,6.0,MEDICAL,D,25000,13.36,0.19,Y,13,0
32336,28,180000,MORTGAGE,4.0,VENTURE,C,7000,13.06,0.04,Y,6,0
32337,22,29000,MORTGAGE,6.0,HOMEIMPROVEMENT,D,7000,15.62,0.24,N,4,1
32338,38,50000,RENT,0.0,HOMEIMPROVEMENT,C,12000,13.22,0.24,N,14,0
32339,26,42000,RENT,1.0,DEBTCONSOLIDATION,B,20000,9.99,0.48,N,2,0
32340,42,57400,RENT,4.0,HOMEIMPROVEMENT,C,10400,12.99,0.18,Y,17,0
32341,24,102000,MORTGAGE,5.0,VENTURE,B,9800,10.36,0.1,N,4,0
32342,26,40800,MORTGAGE,10.0,VENTURE,D,5000,15.62,0.12,Y,4,0
32343,29,24000,RENT,0.0,PERSONAL,B,9600,11.71,0.4,N,9,1
32344,22,40000,RENT,3.0,EDUCATION,B,7200,10.59,0.18,N,3,0
32345,27,57000,RENT,4.0,HOMEIMPROVEMENT,B,18000,10.99,0.33,N,9,1
32346,23,56000,MORTGAGE,3.0,DEBTCONSOLIDATION,D,18500,18.25,0.31,N,4,1
32347,28,93924,MORTGAGE,7.0,DEBTCONSOLIDATION,D,25000,17.49,0.26,N,8,1
32348,30,50000,MORTGAGE,4.0,DEBTCONSOLIDATION,C,6000,13.98,0.12,Y,9,0
32349,26,70000,MORTGAGE,10.0,MEDICAL,A,8000,7.88,0.11,N,3,0
32350,27,50000,RENT,4.0,PERSONAL,C,2000,14.72,0.04,N,6,0
32351,25,65000,OWN,1.0,PERSONAL,E,10000,16.0,0.15,Y,4,0
32352,33,59000,MORTGAGE,2.0,DEBTCONSOLIDATION,A,8500,7.51,0.14,N,10,0
32353,29,48840,MORTGAGE,8.0,DEBTCONSOLIDATION,A,9000,5.79,0.19,N,7,0
32354,26,102000,RENT,1.0,VENTURE,B,10150,12.18,0.1,N,3,0
32355,22,31200,RENT,0.0,DEBTCONSOLIDATION,C,3600,11.09,0.12,Y,2,0
32356,22,36000,RENT,4.0,EDUCATION,A,4000,6.76,0.11,N,2,0
32357,32,79000,RENT,1.0,HOMEIMPROVEMENT,B,25000,9.91,0.32,N,10,0
32358,23,37000,RENT,7.0,DEBTCONSOLIDATION,B,15000,12.69,0.41,N,3,1
32359,29,53000,RENT,9.0,MEDICAL,C,10000,13.48,0.19,N,10,0
32360,22,30000,RENT,0.0,EDUCATION,C,6000,13.11,0.2,N,4,1
32361,23,120000,MORTGAGE,3.0,MEDICAL,A,7500,7.14,0.06,N,2,0
32362,32,57996,MORTGAGE,0.0,DEBTCONSOLIDATION,C,12000,12.87,0.21,Y,5,0
32363,21,50460,OWN,4.0,VENTURE,C,6000,13.49,0.12,N,4,0
32364,33,60000,RENT,1.0,EDUCATION,C,10500,12.99,0.18,N,8,0
32365,21,45600,MORTGAGE,5.0,MEDICAL,A,6000,5.99,0.13,N,4,0
32366,39,66000,MORTGAGE,6.0,EDUCATION,A,6000,7.88,0.09,N,14,0
32367,25,69000,RENT,1.0,HOMEIMPROVEMENT,B,25000,10.64,0.36,N,3,1
32368,24,62217,MORTGAGE,2.0,HOMEIMPROVEMENT,B,4500,11.11,0.07,N,4,0
32369,22,50000,RENT,3.0,VENTURE,A,7000,7.14,0.14,N,4,0
32370,24,70000,RENT,1.0,MEDICAL,C,6000,13.16,0.09,N,2,0
32371,23,43949,RENT,7.0,MEDICAL,B,3000,11.49,0.07,N,4,0
32372,25,170000,MORTGAGE,9.0,MEDICAL,C,25000,12.73,0.15,N,4,0
32373,48,55000,RENT,6.0,VENTURE,B,3000,9.91,0.05,N,14,0
32374,40,55000,MORTGAGE,5.0,VENTURE,B,7000,9.99,0.13,N,14,0
32375,22,60000,RENT,1.0,VENTURE,B,2500,11.86,0.04,N,4,0
32376,29,99518,MORTGAGE,13.0,MEDICAL,A,6500,5.42,0.07,N,8,0
32377,31,96000,MORTGAGE,1.0,EDUCATION,C,8000,11.66,0.08,Y,9,0
32378,25,42000,RENT,2.0,DEBTCONSOLIDATION,B,3000,11.11,0.07,N,3,0
32379,31,50000,MORTGAGE,4.0,DEBTCONSOLIDATION,A,5000,6.76,0.1,N,9,0
32380,23,112000,RENT,7.0,EDUCATION,B,13000,11.86,0.12,N,2,0
32381,31,50000,RENT,2.0,MEDICAL,B,5000,10.62,0.1,N,5,0
32382,25,54000,MORTGAGE,9.0,HOMEIMPROVEMENT,B,12000,11.48,0.22,N,4,1
32383,27,41496,RENT,2.0,MEDICAL,C,5000,14.26,0.12,N,8,1
32384,22,81000,RENT,4.0,EDUCATION,C,10600,15.96,0.13,Y,2,0
32385,27,49000,MORTGAGE,3.0,MEDICAL,A,3000,7.14,0.06,N,10,0
32386,29,19200,RENT,0.0,MEDICAL,A,2000,6.17,0.1,N,5,0
32387,33,35000,RENT,6.0,VENTURE,D,10400,15.99,0.3,N,7,0
32388,22,42500,RENT,1.0,MEDICAL,A,5500,7.88,0.13,N,2,0
32389,24,57000,MORTGAGE,8.0,HOMEIMPROVEMENT,A,20000,7.9,0.35,N,2,0
32390,23,60000,RENT,2.0,MEDICAL,C,12000,13.47,0.2,Y,4,0
32391,22,60000,MORTGAGE,5.0,DEBTCONSOLIDATION,B,15000,11.83,0.25,N,3,0
32392,39,48000,MORTGAGE,9.0,PERSONAL,B,6000,9.99,0.13,N,14,0
32393,21,88000,MORTGAGE,2.0,PERSONAL,A,10000,8.94,0.11,N,2,1
32394,26,51300,RENT,7.0,MEDICAL,A,5000,6.54,0.1,N,2,0
32395,29,80000,MORTGAGE,7.0,PERSONAL,B,4000,10.99,0.05,N,9,0
32396,26,47000,MORTGAGE,0.0,MEDICAL,A,5000,8.9,0.11,N,2,0
32397,43,54000,RENT,5.0,PERSONAL,B,9000,9.99,0.17,N,16,0
32398,27,108000,MORTGAGE,11.0,PERSONAL,A,5000,7.68,0.05,N,5,0
32399,24,60000,RENT,4.0,PERSONAL,B,8400,12.53,0.14,N,3,0
32400,23,90000,MORTGAGE,4.0,EDUCATION,C,20000,13.49,0.22,N,2,0
32401,29,60000,MORTGAGE,14.0,HOMEIMPROVEMENT,C,6000,12.53,0.1,N,10,0
32402,24,52000,RENT,5.0,PERSONAL,A,3000,6.62,0.06,N,4,0
32403,22,35000,MORTGAGE,6.0,MEDICAL,C,3000,13.11,0.09,N,2,0
32404,24,65000,MORTGAGE,2.0,VENTURE,A,7000,7.14,0.11,N,3,0
32405,22,40000,MORTGAGE,6.0,EDUCATION,A,5000,6.92,0.13,N,3,0
32406,22,60000,MORTGAGE,2.0,MEDICAL,D,14000,14.11,0.23,Y,2,1
32407,23,108000,RENT,5.0,EDUCATION,B,5000,11.71,0.05,N,4,0
32408,23,67202,RENT,2.0,DEBTCONSOLIDATION,A,10000,6.17,0.15,N,4,0
32409,28,63000,RENT,2.0,MEDICAL,C,8000,13.47,0.13,Y,6,0
32410,25,138000,MORTGAGE,9.0,PERSONAL,B,21000,9.91,0.15,N,2,0
32411,26,122000,RENT,2.0,EDUCATION,C,1200,13.8,0.01,Y,4,0
32412,21,20000,OWN,5.0,EDUCATION,A,5000,7.29,0.25,N,2,0
32413,24,140000,MORTGAGE,8.0,VENTURE,A,15000,7.49,0.11,N,4,0
32414,37,160000,OWN,10.0,VENTURE,A,12000,7.49,0.07,N,11,0
32415,22,50000,MORTGAGE,6.0,PERSONAL,B,3500,9.99,0.07,N,3,0
32416,41,43000,RENT,5.0,DEBTCONSOLIDATION,B,8000,11.14,0.19,N,13,0
32417,32,135996,RENT,12.0,HOMEIMPROVEMENT,E,20000,17.74,0.15,Y,9,0
32418,28,36000,RENT,0.0,PERSONAL,C,8000,13.92,0.22,N,7,0
32419,29,65000,RENT,13.0,HOMEIMPROVEMENT,B,17600,10.74,0.26,N,10,0
32420,22,65000,RENT,6.0,EDUCATION,A,12000,7.49,0.18,N,2,0
32421,22,60000,MORTGAGE,2.0,DEBTCONSOLIDATION,B,16800,9.99,0.28,N,3,0
32422,30,95000,MORTGAGE,13.0,HOMEIMPROVEMENT,A,18000,7.9,0.19,N,5,0
32423,22,24000,RENT,3.0,EDUCATION,B,5000,10.99,0.21,N,3,0
32424,22,32000,RENT,0.0,DEBTCONSOLIDATION,A,4000,7.68,0.13,N,2,0
32425,27,110000,RENT,0.0,DEBTCONSOLIDATION,A,8000,9.32,0.07,N,9,0
32426,21,30000,RENT,4.0,MEDICAL,C,10000,13.49,0.33,N,4,1
32427,24,115000,RENT,8.0,PERSONAL,B,10000,10.62,0.09,N,3,0
32428,23,31200,RENT,3.0,EDUCATION,C,6000,12.53,0.19,N,4,0
32429,26,50000,MORTGAGE,0.0,DEBTCONSOLIDATION,A,15000,8.9,0.3,N,4,0
32430,25,30000,RENT,6.0,EDUCATION,B,5000,11.86,0.17,N,3,0
32431,24,36000,RENT,3.0,HOMEIMPROVEMENT,B,15200,10.25,0.42,N,2,1
32432,22,30000,RENT,6.0,EDUCATION,B,5000,10.37,0.17,N,3,0
32433,22,30000,RENT,0.0,DEBTCONSOLIDATION,D,5000,17.27,0.17,Y,3,1
32434,21,75000,RENT,5.0,VENTURE,A,15000,7.9,0.2,N,4,0
32435,27,96000,MORTGAGE,3.0,VENTURE,A,5000,6.62,0.05,N,8,0
32436,21,60000,RENT,5.0,EDUCATION,B,24000,11.49,0.4,N,3,1
32437,23,75000,MORTGAGE,8.0,VENTURE,C,7600,13.48,0.1,Y,3,0
32438,30,42000,RENT,1.0,MEDICAL,A,5000,9.63,0.12,N,5,0
32439,24,102000,MORTGAGE,8.0,EDUCATION,A,6000,5.79,0.06,N,3,0
32440,23,30000,RENT,4.0,PERSONAL,C,7500,13.49,0.25,N,2,0
32441,34,40000,MORTGAGE,2.0,DEBTCONSOLIDATION,B,8000,9.76,0.2,N,10,0
32442,28,42000,RENT,1.0,PERSONAL,B,12000,10.99,0.29,N,9,0
32443,23,109000,MORTGAGE,7.0,PERSONAL,A,15000,9.32,0.14,N,2,0
32444,23,48000,MORTGAGE,5.0,PERSONAL,B,10000,10.65,0.21,N,4,0
32445,23,56004,MORTGAGE,1.0,MEDICAL,A,3500,6.39,0.06,N,2,0
32446,26,81600,MORTGAGE,9.0,VENTURE,A,11000,5.42,0.14,N,4,0
32447,38,96000,MORTGAGE,4.0,PERSONAL,A,4000,6.62,0.04,N,16,0
32448,26,38000,RENT,0.0,EDUCATION,A,10000,8.59,0.26,N,4,0
32449,23,80000,RENT,4.0,DEBTCONSOLIDATION,B,2500,12.69,0.03,N,4,0
32450,22,39000,MORTGAGE,0.0,EDUCATION,E,5000,15.68,0.13,Y,4,1
32451,34,60000,MORTGAGE,18.0,DEBTCONSOLIDATION,A,10000,7.66,0.17,N,7,0
32452,27,49600,RENT,12.0,EDUCATION,B,15000,11.48,0.3,N,7,0
32453,27,39000,RENT,0.0,VENTURE,D,8000,14.42,0.21,N,10,1
32454,29,69996,MORTGAGE,0.0,EDUCATION,A,5000,6.54,0.07,N,5,0
32455,28,60000,MORTGAGE,8.0,DEBTCONSOLIDATION,A,7000,7.51,0.12,N,7,0
32456,23,90000,RENT,5.0,VENTURE,B,10000,11.58,0.11,N,4,0
32457,30,44000,MORTGAGE,7.0,HOMEIMPROVEMENT,A,7000,6.91,0.16,N,6,0
32458,26,36000,OWN,8.0,VENTURE,A,10800,7.88,0.3,N,3,0
32459,23,50000,MORTGAGE,5.0,MEDICAL,A,6000,6.54,0.12,N,3,0
32460,23,130000,MORTGAGE,6.0,EDUCATION,A,7000,8.49,0.05,N,3,0
32461,28,25000,RENT,2.0,MEDICAL,B,8000,11.48,0.32,N,10,1
32462,26,27996,OWN,1.0,PERSONAL,A,8000,7.51,0.29,N,3,0
32463,30,160000,MORTGAGE,7.0,MEDICAL,B,14000,10.37,0.08,N,10,0
32464,26,150000,OWN,2.0,EDUCATION,B,9600,11.11,0.06,N,3,0
32465,24,60000,MORTGAGE,8.0,VENTURE,B,10000,11.49,0.17,N,2,0
32466,37,45000,RENT,0.0,DEBTCONSOLIDATION,B,12000,10.99,0.27,N,17,0
32467,27,150000,MORTGAGE,4.0,HOMEIMPROVEMENT,A,10700,6.03,0.07,N,10,0
32468,24,75000,RENT,8.0,MEDICAL,B,12500,9.63,0.17,N,2,0
32469,30,72000,MORTGAGE,6.0,EDUCATION,C,22000,15.96,0.31,N,10,0
32470,25,28800,RENT,0.0,VENTURE,D,5000,14.84,0.18,N,4,1
32471,26,96000,MORTGAGE,3.0,MEDICAL,A,7000,8.07,0.07,N,4,0
32472,26,78000,MORTGAGE,10.0,HOMEIMPROVEMENT,A,15000,5.99,0.19,N,4,1
32473,23,51000,MORTGAGE,7.0,MEDICAL,C,10000,13.47,0.2,Y,2,1
32474,27,80000,MORTGAGE,11.0,MEDICAL,A,9000,5.79,0.11,N,6,0
32475,22,55000,RENT,6.0,EDUCATION,A,7000,8.9,0.13,N,2,0
32476,31,48000,RENT,0.0,DEBTCONSOLIDATION,D,10000,15.58,0.21,Y,7,1
32477,40,90000,RENT,1.0,MEDICAL,C,15000,14.26,0.17,Y,15,0
32478,23,103992,MORTGAGE,0.0,PERSONAL,A,18000,7.9,0.17,N,2,0
32479,29,72000,RENT,4.0,EDUCATION,B,6000,11.86,0.08,N,9,0
32480,21,52000,RENT,0.0,EDUCATION,C,5000,14.72,0.1,Y,2,0
32481,22,49000,RENT,1.0,VENTURE,E,17500,16.45,0.36,N,4,1
32482,22,40000,RENT,4.0,EDUCATION,C,4200,14.27,0.1,N,3,0
32483,32,73399,RENT,4.0,VENTURE,B,27800,10.0,0.37,N,6,1
32484,23,140000,MORTGAGE,8.0,VENTURE,C,7800,13.49,0.06,Y,4,0
32485,32,90000,MORTGAGE,2.0,HOMEIMPROVEMENT,D,16000,18.25,0.18,N,5,0
32486,27,50400,MORTGAGE,5.0,HOMEIMPROVEMENT,A,4500,7.66,0.09,N,6,0
32487,44,60000,RENT,3.0,HOMEIMPROVEMENT,C,2000,13.49,0.03,Y,11,0
32488,25,20000,RENT,0.0,MEDICAL,B,4800,11.86,0.24,N,4,0
32489,36,55000,MORTGAGE,5.0,PERSONAL,A,6000,5.79,0.11,N,15,0
32490,25,120000,RENT,5.0,EDUCATION,C,20000,13.85,0.17,Y,4,0
32491,24,42000,RENT,5.0,MEDICAL,C,4800,12.99,0.11,N,4,0
32492,47,48000,OWN,14.0,VENTURE,B,2500,12.69,0.05,N,12,0
32493,24,35000,RENT,1.0,PERSONAL,A,3500,7.29,0.1,N,2,0
32494,27,45000,RENT,3.0,EDUCATION,C,2000,12.98,0.04,N,10,0
32495,31,132500,RENT,1.0,HOMEIMPROVEMENT,B,12000,12.69,0.09,N,10,0
32496,23,75000,MORTGAGE,7.0,EDUCATION,A,5000,8.0,0.07,N,2,0
32497,29,35000,MORTGAGE,3.0,MEDICAL,B,8000,11.71,0.23,N,8,0
32498,36,80000,RENT,0.0,EDUCATION,B,4800,10.59,0.06,N,14,0
32499,24,72500,MORTGAGE,3.0,HOMEIMPROVEMENT,C,12000,13.11,0.17,N,3,0
32500,24,39000,RENT,2.0,PERSONAL,D,8000,14.11,0.21,Y,2,1
32501,26,102000,MORTGAGE,6.0,MEDICAL,D,25000,15.65,0.2,N,3,1
32502,24,42000,RENT,0.0,VENTURE,B,3000,10.37,0.07,N,4,1
32503,22,27600,RENT,0.0,MEDICAL,A,7500,6.54,0.27,N,2,0
32504,22,28800,MORTGAGE,6.0,MEDICAL,B,5000,10.65,0.17,N,2,0
32505,25,75000,MORTGAGE,3.0,HOMEIMPROVEMENT,B,14000,11.89,0.19,N,4,0
32506,37,53000,RENT,0.0,HOMEIMPROVEMENT,C,5000,13.49,0.09,N,14,0
32507,30,125000,RENT,0.0,MEDICAL,B,25000,10.74,0.2,N,9,0
32508,35,42000,RENT,6.0,EDUCATION,B,3000,10.37,0.07,N,6,1
32509,28,110000,RENT,2.0,VENTURE,B,15000,10.0,0.14,N,6,0
32510,26,50000,RENT,0.0,PERSONAL,C,10000,13.61,0.2,Y,3,0
32511,29,120000,RENT,3.0,MEDICAL,B,4000,10.74,0.03,N,7,0
32512,24,90000,MORTGAGE,6.0,EDUCATION,D,1000,13.67,0.1,Y,3,0
32513,29,49000,MORTGAGE,1.0,DEBTCONSOLIDATION,C,5000,12.87,0.1,N,9,1
32514,28,80000,MORTGAGE,8.0,EDUCATION,C,8500,13.43,0.11,Y,7,0
32515,23,49000,MORTGAGE,7.0,VENTURE,B,6000,10.37,0.12,N,4,0
32516,21,50000,MORTGAGE,5.0,VENTURE,B,5500,10.99,0.11,N,3,0
32517,25,130000,MORTGAGE,9.0,PERSONAL,B,9000,10.99,0.07,N,3,0
32518,26,30000,RENT,2.0,EDUCATION,B,8000,10.74,0.27,N,2,0
32519,24,96000,OWN,4.0,VENTURE,B,10000,12.69,0.1,N,4,0
32520,27,55000,MORTGAGE,11.0,DEBTCONSOLIDATION,B,6000,11.71,0.11,N,5,0
32521,21,45000,MORTGAGE,5.0,DEBTCONSOLIDATION,A,4000,6.03,0.09,N,3,0
32522,29,51000,RENT,1.0,PERSONAL,C,12000,12.73,0.24,Y,10,1
32523,22,36000,RENT,3.0,MEDICAL,A,6000,7.51,0.17,N,2,0
32524,31,29000,RENT,2.0,VENTURE,D,4000,14.84,0.14,N,5,1
32525,30,75000,RENT,2.0,HOMEIMPROVEMENT,C,18000,12.73,0.24,N,6,0
32526,27,57000,MORTGAGE,11.0,HOMEIMPROVEMENT,D,4000,15.99,0.07,Y,9,0
32527,27,130000,MORTGAGE,3.0,VENTURE,A,6000,7.14,0.05,N,8,0
32528,28,138000,MORTGAGE,9.0,VENTURE,D,35000,16.77,0.25,Y,9,0
32529,22,64500,RENT,6.0,DEBTCONSOLIDATION,D,4000,14.96,0.06,Y,4,0
32530,23,44000,RENT,0.0,MEDICAL,D,4000,14.46,0.09,Y,2,1
32531,28,50000,MORTGAGE,12.0,PERSONAL,B,5000,10.59,0.1,N,9,0
32532,38,60000,RENT,0.0,PERSONAL,B,7000,10.99,0.12,N,14,0
32533,24,50000,RENT,2.0,EDUCATION,B,6000,8.88,0.12,N,4,0
32534,30,90000,MORTGAGE,3.0,DEBTCONSOLIDATION,B,10000,10.75,0.11,N,6,0
32535,33,80000,MORTGAGE,4.0,PERSONAL,A,6000,7.51,0.07,N,9,0
32536,25,120000,MORTGAGE,4.0,VENTURE,E,25000,16.45,0.21,Y,3,0
32537,24,130000,RENT,7.0,PERSONAL,C,24000,12.73,0.18,N,3,0
32538,25,48000,MORTGAGE,9.0,EDUCATION,A,4800,5.99,0.1,N,2,0
32539,24,120000,RENT,1.0,VENTURE,A,4000,7.4,0.03,N,3,0
32540,27,48996,RENT,0.0,MEDICAL,C,10000,13.98,0.2,N,8,0
32541,22,95000,MORTGAGE,6.0,MEDICAL,A,4500,7.88,0.05,N,2,0
32542,22,30000,RENT,1.0,PERSONAL,B,3000,10.37,0.1,N,2,0
32543,24,45000,MORTGAGE,3.0,VENTURE,A,4000,6.99,0.09,N,3,0
32544,22,54000,RENT,6.0,PERSONAL,C,1200,15.23,0.02,Y,4,0
32545,23,45500,RENT,6.0,VENTURE,B,6000,11.49,0.13,N,2,0
32546,32,63000,RENT,0.0,DEBTCONSOLIDATION,B,5600,12.69,0.09,N,8,0
32547,40,70000,MORTGAGE,18.0,DEBTCONSOLIDATION,B,17000,11.12,0.24,N,12,0
32548,23,38000,RENT,0.0,DEBTCONSOLIDATION,C,5200,14.65,0.14,Y,3,0
32549,33,38000,RENT,0.0,MEDICAL,B,2000,10.25,0.05,N,8,0
32550,39,78000,RENT,1.0,HOMEIMPROVEMENT,E,10000,16.4,0.13,Y,16,1
32551,25,75500,RENT,9.0,EDUCATION,B,7000,12.42,0.09,N,4,0
32552,27,60000,MORTGAGE,0.0,PERSONAL,A,10175,6.17,0.17,N,6,0
32553,23,43000,RENT,7.0,PERSONAL,C,7500,11.59,0.17,Y,2,0
32554,23,40000,MORTGAGE,7.0,EDUCATION,A,2000,7.49,0.05,N,2,0
32555,23,27000,RENT,0.0,EDUCATION,A,4500,7.74,0.17,N,3,0
32556,25,50496,MORTGAGE,4.0,DEBTCONSOLIDATION,B,3000,9.99,0.06,N,2,0
32557,26,40000,MORTGAGE,10.0,HOMEIMPROVEMENT,C,6400,13.49,0.16,Y,3,0
32558,26,72000,MORTGAGE,8.0,PERSONAL,D,5200,17.27,0.07,N,4,1
32559,23,42000,RENT,3.0,PERSONAL,A,11500,7.88,0.27,N,4,0
32560,22,78300,MORTGAGE,6.0,PERSONAL,A,7000,5.42,0.09,N,3,0
32561,22,50000,RENT,3.0,MEDICAL,C,5000,13.61,0.1,N,2,0
32562,23,25000,OWN,3.0,EDUCATION,B,8500,12.18,0.34,N,2,0
32563,26,80000,RENT,3.0,DEBTCONSOLIDATION,A,12000,6.54,0.15,N,4,0
32564,37,40000,RENT,3.0,VENTURE,E,12000,17.99,0.3,N,11,0
32565,25,60000,RENT,3.0,EDUCATION,A,3000,6.99,0.05,N,2,0
32566,31,78000,RENT,7.0,PERSONAL,C,10000,13.57,0.13,N,8,0
32567,29,89000,MORTGAGE,5.0,VENTURE,D,10000,16.29,0.11,N,8,0
32568,37,100000,RENT,1.0,EDUCATION,A,12000,7.88,0.12,N,12,0
32569,23,78000,MORTGAGE,5.0,DEBTCONSOLIDATION,B,6000,9.91,0.08,N,4,0
32570,33,120000,RENT,3.0,VENTURE,B,14400,11.71,0.12,N,8,0
32571,30,24000,RENT,14.0,MEDICAL,A,1500,7.14,0.06,N,6,0
32572,23,57600,RENT,5.0,EDUCATION,B,2000,8.88,0.03,N,3,0
32573,23,32400,RENT,1.0,MEDICAL,B,4800,11.11,0.15,N,4,0
32574,27,72000,RENT,2.0,EDUCATION,B,24000,10.25,0.33,N,5,1
32575,24,172000,MORTGAGE,5.0,EDUCATION,B,12000,10.37,0.07,N,4,0
32576,22,28000,MORTGAGE,4.0,VENTURE,A,7500,7.51,0.27,N,2,0
32577,23,80000,MORTGAGE,7.0,PERSONAL,A,9000,5.99,0.11,N,4,0
32578,28,48562,RENT,4.0,VENTURE,A,3500,8.0,0.07,N,5,0
32579,27,49000,MORTGAGE,11.0,PERSONAL,B,3000,10.99,0.06,N,8,0
32580,32,42504,RENT,2.0,PERSONAL,B,7200,10.59,0.17,N,10,0
32581,32,70000,RENT,16.0,HOMEIMPROVEMENT,A,13000,7.51,0.18,N,6,0
32582,33,38000,MORTGAGE,5.0,EDUCATION,C,8000,11.34,0.21,Y,8,0
32583,24,48000,MORTGAGE,8.0,HOMEIMPROVEMENT,A,5000,7.49,0.1,N,2,0
32584,37,59004,RENT,0.0,PERSONAL,C,20000,13.11,0.34,Y,14,1
32585,24,52000,RENT,8.0,DEBTCONSOLIDATION,B,5000,12.69,0.1,N,2,0
32586,27,60000,RENT,11.0,DEBTCONSOLIDATION,C,7400,15.23,0.13,Y,7,0
32587,23,60000,RENT,0.0,EDUCATION,B,7200,10.65,0.12,N,4,0
32588,29,121000,MORTGAGE,3.0,VENTURE,A,2500,7.51,0.02,N,7,0
32589,29,80000,MORTGAGE,13.0,MEDICAL,B,20000,11.11,0.25,N,10,0
32590,25,70000,MORTGAGE,0.0,EDUCATION,A,8000,7.88,0.11,N,3,0
32591,24,72000,MORTGAGE,2.0,EDUCATION,A,8000,5.42,0.11,N,2,0
32592,22,60000,RENT,0.0,MEDICAL,A,5000,6.99,0.08,N,4,0
32593,32,60000,MORTGAGE,5.0,PERSONAL,B,4000,10.0,0.07,N,9,0
32594,35,54000,RENT,11.0,DEBTCONSOLIDATION,E,12000,18.64,0.22,Y,7,1
32595,29,75000,RENT,6.0,DEBTCONSOLIDATION,A,5000,7.51,0.07,N,9,0
32596,28,60000,OWN,12.0,HOMEIMPROVEMENT,C,8000,14.72,0.13,N,9,0
32597,23,80000,RENT,5.0,DEBTCONSOLIDATION,A,10000,6.92,0.13,N,3,0
32598,31,27000,RENT,0.0,DEBTCONSOLIDATION,C,2800,13.49,0.1,N,9,1
32599,35,45000,MORTGAGE,1.0,HOMEIMPROVEMENT,B,5500,7.88,0.12,N,10,0
32600,23,102000,MORTGAGE,4.0,PERSONAL,A,20000,6.91,0.2,N,3,0
32601,23,63000,RENT,8.0,EDUCATION,D,4500,15.65,0.07,Y,3,0
32602,38,31200,RENT,2.0,VENTURE,E,3000,17.04,0.1,N,16,1
32603,26,60000,MORTGAGE,1.0,DEBTCONSOLIDATION,B,15000,10.37,0.25,N,2,0
32604,24,50000,RENT,4.0,PERSONAL,B,10000,10.99,0.2,N,4,0
32605,27,38400,RENT,7.0,EDUCATION,B,3500,10.59,0.09,N,8,0
32606,28,80000,RENT,5.0,DEBTCONSOLIDATION,C,20000,13.61,0.25,Y,7,0
32607,27,60000,MORTGAGE,11.0,EDUCATION,B,2500,10.59,0.04,N,8,0
32608,25,40000,RENT,6.0,MEDICAL,C,14125,13.49,0.35,N,4,1
32609,27,62000,OWN,1.0,HOMEIMPROVEMENT,B,2500,11.78,0.04,Y,6,0
32610,27,42000,MORTGAGE,11.0,MEDICAL,A,4000,7.49,0.1,N,9,0
32611,33,63000,MORTGAGE,6.0,EDUCATION,A,4800,5.79,0.08,N,7,0
32612,24,65004,RENT,6.0,DEBTCONSOLIDATION,A,10500,5.79,0.15,N,2,0
32613,28,44304,RENT,2.0,EDUCATION,B,1800,9.25,0.04,N,7,0
32614,25,50000,MORTGAGE,2.0,EDUCATION,C,6000,13.49,0.12,Y,4,0
32615,23,72600,MORTGAGE,7.0,EDUCATION,C,5000,13.49,0.07,Y,3,0
32616,32,48902,MORTGAGE,13.0,VENTURE,E,6000,19.03,0.12,Y,6,0
32617,23,38000,RENT,0.0,EDUCATION,C,6500,13.49,0.17,Y,4,0
32618,22,50000,RENT,2.0,EDUCATION,B,4000,10.59,0.08,N,3,0
32619,22,90000,RENT,0.0,VENTURE,A,8000,6.99,0.09,N,3,0
32620,27,102000,MORTGAGE,9.0,HOMEIMPROVEMENT,A,20000,6.03,0.19,N,6,0
32621,25,60000,RENT,5.0,EDUCATION,A,20000,7.88,0.33,N,2,1
32622,23,70000,MORTGAGE,0.0,EDUCATION,A,4000,7.4,0.06,N,4,0
32623,25,24000,RENT,0.0,MEDICAL,A,5000,7.49,0.21,N,2,0
32624,24,65000,MORTGAGE,8.0,EDUCATION,C,7500,12.87,0.12,Y,3,0
32625,24,39000,RENT,2.0,PERSONAL,E,10000,19.03,0.26,Y,3,1
32626,29,60000,MORTGAGE,13.0,VENTURE,A,10000,6.54,0.17,N,6,0
32627,22,39000,RENT,4.0,VENTURE,A,9000,8.49,0.22,N,3,0
32628,32,80000,RENT,0.0,MEDICAL,B,6600,11.11,0.08,N,8,0
32629,34,62050,RENT,9.0,MEDICAL,E,17000,16.35,0.24,Y,10,1
32630,27,36600,MORTGAGE,9.0,EDUCATION,A,5000,5.42,0.14,N,6,0
32631,29,60000,MORTGAGE,2.0,MEDICAL,A,6000,5.99,0.1,N,7,0
32632,23,34500,MORTGAGE,2.0,DEBTCONSOLIDATION,D,5500,14.83,0.16,Y,4,1
32633,28,85000,MORTGAGE,12.0,EDUCATION,B,12000,11.86,0.14,N,9,0
32634,25,40000,RENT,9.0,MEDICAL,A,3600,7.49,0.09,N,4,0
32635,27,58000,MORTGAGE,11.0,HOMEIMPROVEMENT,A,3200,7.68,0.06,N,6,0
32636,32,49200,MORTGAGE,11.0,VENTURE,B,11000,9.99,0.22,N,10,0
32637,25,14400,RENT,3.0,MEDICAL,C,2250,13.49,0.15,N,2,1
32638,25,43000,RENT,9.0,MEDICAL,B,12000,8.88,0.28,N,3,0
32639,25,30000,MORTGAGE,4.0,MEDICAL,A,2000,6.99,0.07,N,2,0
32640,28,69996,MORTGAGE,5.0,EDUCATION,A,22000,7.49,0.32,N,9,0
32641,22,53636,MORTGAGE,5.0,EDUCATION,A,4000,5.99,0.07,N,2,0
32642,27,24000,RENT,4.0,MEDICAL,B,10000,12.69,0.42,N,10,1
32643,24,52000,RENT,1.0,HOMEIMPROVEMENT,A,3600,8.0,0.07,N,3,0
32644,39,55000,RENT,3.0,MEDICAL,B,8000,10.65,0.15,N,11,0
32645,30,30000,RENT,0.0,DEBTCONSOLIDATION,B,5100,10.37,0.17,N,5,0
32646,23,60000,MORTGAGE,5.0,EDUCATION,A,3000,6.03,0.05,N,4,0
32647,24,90000,MORTGAGE,8.0,VENTURE,B,6400,10.37,0.07,N,2,0
32648,24,57000,RENT,1.0,PERSONAL,A,12000,6.92,0.21,N,2,0
32649,36,60000,MORTGAGE,11.0,EDUCATION,A,2500,7.49,0.04,N,16,0
32650,23,80000,MORTGAGE,7.0,VENTURE,A,10000,8.49,0.13,N,4,0
32651,21,39600,MORTGAGE,5.0,MEDICAL,D,9000,15.99,0.23,Y,4,1
32652,30,80171,OWN,11.0,PERSONAL,A,7000,7.51,0.09,N,10,0
32653,25,60000,RENT,6.0,DEBTCONSOLIDATION,B,11500,12.21,0.19,N,4,0
32654,22,60000,RENT,5.0,EDUCATION,C,7200,12.73,0.12,Y,2,0
32655,40,225000,MORTGAGE,3.0,EDUCATION,B,7000,9.99,0.03,N,16,0
32656,25,36000,RENT,0.0,MEDICAL,B,7800,11.48,0.21,N,3,0
32657,30,54000,MORTGAGE,6.0,MEDICAL,B,4200,10.65,0.08,N,6,0
32658,28,68670,MORTGAGE,2.0,DEBTCONSOLIDATION,E,6000,17.54,0.09,Y,7,1
32659,39,50000,MORTGAGE,6.0,PERSONAL,B,18000,11.71,0.36,N,14,0
32660,22,64000,RENT,6.0,EDUCATION,B,12000,10.74,0.19,N,4,1
32661,27,52000,RENT,11.0,VENTURE,A,7000,7.88,0.13,N,9,0
32662,22,28800,RENT,5.0,EDUCATION,C,6250,12.73,0.21,Y,2,0
32663,22,66000,RENT,6.0,EDUCATION,D,25000,15.37,0.38,Y,4,1
32664,24,100000,MORTGAGE,8.0,PERSONAL,A,12000,7.9,0.12,N,2,0
32665,35,42000,RENT,1.0,MEDICAL,B,4000,9.25,0.1,N,8,0
32666,24,28800,RENT,1.0,MEDICAL,C,3500,12.99,0.12,N,3,0
32667,28,24000,RENT,2.0,HOMEIMPROVEMENT,D,4000,16.77,0.17,Y,9,1
32668,23,37200,RENT,2.0,DEBTCONSOLIDATION,B,7000,11.71,0.19,N,4,0
32669,22,45000,RENT,2.0,DEBTCONSOLIDATION,B,7500,11.14,0.17,N,4,0
32670,23,60000,MORTGAGE,7.0,EDUCATION,A,5000,7.51,0.08,N,2,0
32671,32,45000,OWN,17.0,VENTURE,A,16000,7.9,0.36,N,10,0
32672,28,50000,RENT,0.0,MEDICAL,C,6000,13.43,0.12,Y,7,0
32673,22,42500,OWN,2.0,EDUCATION,B,3500,11.86,0.08,N,4,0
32674,26,100000,MORTGAGE,4.0,EDUCATION,A,7000,7.88,0.07,N,3,0
32675,34,200000,MORTGAGE,14.0,DEBTCONSOLIDATION,A,25000,8.49,0.13,N,8,0
32676,24,24900,RENT,0.0,VENTURE,A,10000,8.59,0.39,N,2,1
32677,24,30000,RENT,2.0,MEDICAL,A,8000,7.66,0.27,N,2,0
32678,29,70000,RENT,3.0,MEDICAL,B,4000,10.99,0.06,N,7,0
32679,22,32000,RENT,0.0,VENTURE,D,10000,14.11,0.31,Y,2,1
32680,23,60000,MORTGAGE,2.0,EDUCATION,A,10000,7.51,0.17,N,4,0
32681,23,50000,MORTGAGE,7.0,PERSONAL,B,11000,10.36,0.22,N,4,0
32682,31,25200,RENT,1.0,MEDICAL,C,6000,13.49,0.24,N,6,0
32683,27,65000,RENT,3.0,PERSONAL,C,4800,13.85,0.07,N,8,0
32684,23,90000,RENT,3.0,VENTURE,B,3600,9.25,0.04,N,2,0
32685,35,54000,RENT,7.0,PERSONAL,B,4000,11.26,0.07,N,8,1
32686,53,24000,OWN,4.0,PERSONAL,A,6000,9.63,0.25,N,28,0
32687,27,115000,RENT,6.0,EDUCATION,B,4000,12.69,0.04,N,10,0
32688,25,73500,MORTGAGE,1.0,HOMEIMPROVEMENT,B,15000,11.26,0.21,N,2,0
32689,22,50000,MORTGAGE,6.0,DEBTCONSOLIDATION,A,5000,7.51,0.1,N,2,0
32690,24,142000,MORTGAGE,2.0,PERSONAL,C,6000,13.48,0.04,N,3,0
32691,24,60000,RENT,6.0,HOMEIMPROVEMENT,A,8000,6.62,0.13,N,2,0
32692,26,30600,RENT,3.0,DEBTCONSOLIDATION,D,4200,14.11,0.13,N,2,1
32693,28,66800,RENT,2.0,HOMEIMPROVEMENT,C,12800,13.79,0.18,Y,5,0
32694,26,48000,RENT,3.0,PERSONAL,B,2000,10.75,0.04,N,2,0
32695,22,70000,MORTGAGE,6.0,DEBTCONSOLIDATION,B,15000,12.18,0.21,N,4,0
32696,29,37000,RENT,5.0,MEDICAL,A,15000,6.54,0.41,N,5,1
32697,38,48000,RENT,0.0,VENTURE,B,3000,10.36,0.06,N,13,0
32698,25,85584,MORTGAGE,1.0,HOMEIMPROVEMENT,C,4000,13.49,0.05,N,2,0
32699,40,45000,MORTGAGE,2.0,EDUCATION,A,1500,7.4,0.03,N,14,0
32700,22,53000,RENT,2.0,MEDICAL,B,6000,10.36,0.11,N,3,0
32701,23,28000,RENT,7.0,PERSONAL,B,3000,10.65,0.11,N,3,0
32702,29,110000,MORTGAGE,3.0,VENTURE,C,13000,13.57,0.12,Y,6,0
32703,36,40000,OWN,3.0,PERSONAL,C,5000,14.65,0.13,Y,16,0
32704,35,60000,MORTGAGE,4.0,HOMEIMPROVEMENT,D,12150,15.99,0.2,Y,5,0
32705,21,72000,MORTGAGE,3.0,EDUCATION,A,5000,6.54,0.07,N,4,0
32706,22,60000,RENT,6.0,VENTURE,B,9000,11.58,0.15,N,3,0
32707,27,50000,RENT,0.0,VENTURE,A,10000,6.92,0.2,N,7,0
32708,26,100000,RENT,5.0,PERSONAL,B,25000,10.65,0.25,N,4,0
32709,23,35000,RENT,5.0,PERSONAL,A,4000,6.91,0.11,N,2,0
32710,23,49000,MORTGAGE,7.0,EDUCATION,B,9600,10.99,0.2,N,2,0
32711,25,92407,RENT,8.0,MEDICAL,B,20000,9.25,0.22,N,3,0
32712,40,50000,RENT,6.0,EDUCATION,D,15000,16.89,0.3,N,17,0
32713,30,65000,RENT,3.0,PERSONAL,A,15000,9.63,0.23,N,10,0
32714,24,60000,MORTGAGE,2.0,HOMEIMPROVEMENT,B,8000,11.71,0.13,N,4,0
32715,24,125000,MORTGAGE,4.0,MEDICAL,A,12000,6.03,0.1,N,3,0
32716,22,100000,RENT,2.0,PERSONAL,A,10000,6.54,0.1,N,3,0
32717,22,24000,RENT,3.0,EDUCATION,A,12000,5.42,0.5,N,2,1
32718,27,28000,RENT,3.0,MEDICAL,A,1000,7.14,0.04,N,7,0
32719,23,27000,MORTGAGE,3.0,EDUCATION,A,4200,7.14,0.16,N,3,0
32720,28,40000,MORTGAGE,7.0,VENTURE,B,6000,9.91,0.15,N,9,0
32721,24,62000,MORTGAGE,3.0,DEBTCONSOLIDATION,A,9000,7.29,0.15,N,3,0
32722,22,55000,RENT,0.0,EDUCATION,B,10000,10.74,0.18,N,3,0
32723,26,80000,RENT,3.0,DEBTCONSOLIDATION,B,4000,10.74,0.05,N,3,0
32724,23,33000,RENT,1.0,EDUCATION,C,10000,14.26,0.03,N,3,0
32725,27,50000,RENT,4.0,MEDICAL,A,6000,5.42,0.12,N,7,0
32726,23,36000,RENT,7.0,MEDICAL,B,7000,9.99,0.19,N,2,0
32727,40,60000,MORTGAGE,2.0,MEDICAL,B,18000,10.37,0.31,N,14,0
32728,32,45000,RENT,2.0,DEBTCONSOLIDATION,B,10800,10.99,0.24,N,10,0
32729,31,75000,MORTGAGE,0.0,DEBTCONSOLIDATION,C,8000,11.34,0.11,Y,9,0
32730,24,65000,MORTGAGE,3.0,MEDICAL,B,20000,10.37,0.29,N,2,0
32731,31,66000,RENT,16.0,PERSONAL,B,10000,10.38,0.15,N,10,1
32732,25,72000,MORTGAGE,7.0,PERSONAL,B,6000,10.59,0.08,N,3,0
32733,23,140000,MORTGAGE,7.0,VENTURE,C,7800,12.84,0.06,N,2,0
32734,23,108000,MORTGAGE,7.0,MEDICAL,A,10000,7.49,0.09,N,4,0
32735,22,36000,RENT,2.0,EDUCATION,C,5000,14.22,0.14,Y,3,0
32736,28,180000,RENT,0.0,PERSONAL,B,18000,11.26,0.1,N,6,0
32737,24,45000,RENT,4.0,DEBTCONSOLIDATION,A,10000,6.17,0.22,N,4,0
32738,38,40000,RENT,2.0,PERSONAL,C,11000,14.27,0.28,Y,16,0
32739,33,75000,RENT,6.0,MEDICAL,A,14000,7.51,0.19,N,9,0
32740,26,57000,MORTGAGE,10.0,VENTURE,A,3500,7.68,0.06,N,4,0
32741,23,72000,RENT,7.0,DEBTCONSOLIDATION,B,3000,10.65,0.04,N,2,0
32742,29,65000,MORTGAGE,13.0,EDUCATION,C,3000,14.72,0.05,Y,9,0
32743,22,40000,RENT,4.0,EDUCATION,C,6000,12.68,0.15,N,3,0
32744,36,52000,RENT,1.0,HOMEIMPROVEMENT,B,20000,11.48,0.38,N,11,1
32745,30,48000,RENT,2.0,MEDICAL,A,10000,6.62,0.21,N,5,0
32746,27,33000,RENT,5.0,DEBTCONSOLIDATION,A,12000,7.49,0.36,N,8,1
32747,23,45000,RENT,0.0,MEDICAL,C,7400,12.22,0.16,N,2,0
32748,26,81504,MORTGAGE,6.0,DEBTCONSOLIDATION,A,2400,6.92,0.03,N,3,0
32749,27,90000,MORTGAGE,5.0,PERSONAL,A,10000,7.49,0.11,N,5,0
32750,29,96000,MORTGAGE,5.0,MEDICAL,B,5000,10.65,0.05,N,8,0
32751,23,39996,RENT,0.0,PERSONAL,B,2000,10.62,0.05,N,2,0
32752,23,48720,RENT,0.0,DEBTCONSOLIDATION,C,1500,13.85,0.03,N,3,0
32753,24,32000,MORTGAGE,5.0,MEDICAL,A,12000,7.51,0.38,N,2,0
32754,27,45000,MORTGAGE,11.0,EDUCATION,C,14000,12.73,0.31,N,10,0
32755,34,28704,RENT,0.0,MEDICAL,B,4000,9.63,0.14,N,10,0
32756,27,75600,MORTGAGE,7.0,PERSONAL,A,10000,7.29,0.13,N,8,0
32757,27,38000,RENT,3.0,EDUCATION,C,8000,14.26,0.21,Y,10,0
32758,27,110000,RENT,3.0,EDUCATION,A,8500,6.17,0.08,N,8,0
32759,23,69996,MORTGAGE,7.0,EDUCATION,A,5000,9.32,0.07,N,4,0
32760,27,55000,RENT,9.0,HOMEIMPROVEMENT,C,5000,14.79,0.09,Y,8,0
32761,37,90000,MORTGAGE,3.0,DEBTCONSOLIDATION,A,5000,7.14,0.06,N,13,0
32762,29,58650,RENT,1.0,MEDICAL,D,5000,15.31,0.07,N,9,1
32763,27,70000,RENT,2.0,MEDICAL,A,11000,9.63,0.16,N,5,0
32764,35,75000,OWN,3.0,VENTURE,B,5000,10.99,0.07,N,6,0
32765,31,96000,MORTGAGE,3.0,VENTURE,B,5000,9.91,0.05,N,9,0
32766,35,48000,MORTGAGE,5.0,EDUCATION,C,10000,13.79,0.21,N,9,0
32767,25,60000,MORTGAGE,5.0,MEDICAL,A,4000,6.54,0.07,N,2,0
32768,24,35000,RENT,1.0,VENTURE,C,10000,12.87,0.29,Y,3,0
32769,34,50000,RENT,4.0,PERSONAL,A,10000,7.49,0.2,N,6,0
32770,38,72000,MORTGAGE,11.0,VENTURE,E,13000,16.4,0.18,N,12,0
32771,22,54000,MORTGAGE,6.0,DEBTCONSOLIDATION,A,4400,6.62,0.08,N,3,0
32772,25,24000,RENT,2.0,EDUCATION,B,6000,9.91,0.25,N,2,0
32773,23,64000,OWN,3.0,VENTURE,A,10000,7.29,0.16,N,4,0
32774,25,78504,RENT,0.0,EDUCATION,C,10000,11.41,0.13,Y,3,0
32775,29,79636,MORTGAGE,13.0,EDUCATION,D,24000,15.33,0.31,Y,6,0
32776,36,148000,RENT,6.0,DEBTCONSOLIDATION,A,14000,7.51,0.09,N,16,1
32777,25,70000,RENT,7.0,DEBTCONSOLIDATION,C,12800,14.35,0.18,Y,2,0
32778,36,82000,MORTGAGE,9.0,HOMEIMPROVEMENT,A,25000,7.49,0.3,N,16,0
32779,28,75000,RENT,8.0,HOMEIMPROVEMENT,C,12000,13.49,0.16,Y,6,0
32780,21,54000,MORTGAGE,5.0,PERSONAL,A,5000,5.79,0.09,N,3,0
32781,23,33996,RENT,3.0,PERSONAL,D,4000,16.32,0.12,Y,2,0
32782,21,18000,RENT,1.0,PERSONAL,B,6700,11.46,0.37,N,4,1
32783,32,140000,RENT,5.0,PERSONAL,D,20000,14.11,0.14,N,8,0
32784,23,63000,RENT,7.0,VENTURE,B,20000,12.69,0.32,N,3,1
32785,22,62000,RENT,3.0,EDUCATION,B,6000,9.25,0.09,N,3,0
32786,30,135000,MORTGAGE,14.0,PERSONAL,B,10000,10.99,0.07,N,9,0
32787,21,24000,RENT,2.0,DEBTCONSOLIDATION,D,10000,17.27,0.42,Y,3,1
32788,24,48000,MORTGAGE,8.0,EDUCATION,A,7200,7.49,0.15,N,2,0
32789,26,49600,MORTGAGE,10.0,MEDICAL,D,12000,16.0,0.24,N,3,1
32790,26,36400,RENT,3.0,HOMEIMPROVEMENT,B,2800,11.86,0.08,N,3,1
32791,25,55000,RENT,0.0,MEDICAL,B,5000,11.36,0.09,N,4,0
32792,25,85000,MORTGAGE,3.0,EDUCATION,A,7000,7.9,0.08,N,4,0
32793,29,60000,MORTGAGE,3.0,MEDICAL,C,5000,13.49,0.08,N,10,0
32794,21,70000,RENT,5.0,EDUCATION,A,8000,7.51,0.11,N,2,0
32795,29,60000,MORTGAGE,9.0,EDUCATION,C,5000,13.48,0.08,Y,9,0
32796,32,60000,RENT,3.0,VENTURE,A,12000,5.79,0.2,N,6,0
32797,23,85000,RENT,7.0,EDUCATION,C,7500,13.35,0.09,Y,3,0
32798,22,70000,RENT,6.0,DEBTCONSOLIDATION,B,8000,11.49,0.11,N,3,0
32799,32,80000,RENT,3.0,MEDICAL,B,18000,11.36,0.23,N,7,0
32800,47,120000,RENT,1.0,HOMEIMPROVEMENT,B,6000,9.99,0.05,N,16,0
32801,25,40000,RENT,1.0,MEDICAL,B,4750,11.99,0.12,N,2,0
32802,29,30000,RENT,7.0,MEDICAL,B,1000,10.75,0.03,N,8,0
32803,45,63000,RENT,8.0,HOMEIMPROVEMENT,B,16000,11.49,0.25,N,16,0
32804,24,72000,MORTGAGE,8.0,VENTURE,A,6000,7.51,0.08,N,3,0
32805,23,75000,RENT,1.0,PERSONAL,B,12000,11.71,0.16,N,3,0
32806,26,97000,MORTGAGE,0.0,MEDICAL,A,12000,6.91,0.12,N,3,0
32807,31,70000,MORTGAGE,11.0,MEDICAL,A,9800,6.62,0.14,N,7,0
32808,22,65000,MORTGAGE,3.0,PERSONAL,B,15000,11.86,0.23,N,2,0
32809,23,44000,RENT,7.0,PERSONAL,C,10000,13.24,0.23,Y,2,1
32810,25,56000,MORTGAGE,3.0,HOMEIMPROVEMENT,D,7800,14.84,0.14,N,2,1
32811,36,80000,MORTGAGE,5.0,HOMEIMPROVEMENT,B,12000,10.99,0.15,N,11,0
32812,23,60000,MORTGAGE,0.0,PERSONAL,B,6000,11.36,0.1,N,2,0
32813,29,40000,RENT,5.0,MEDICAL,B,2000,10.74,0.05,N,7,0
32814,31,30000,RENT,1.0,HOMEIMPROVEMENT,A,11000,7.9,0.37,N,9,1
32815,27,100000,RENT,3.0,HOMEIMPROVEMENT,B,7000,10.65,0.07,N,6,0
32816,23,65000,MORTGAGE,7.0,EDUCATION,A,1500,7.49,0.02,N,4,0
32817,26,36194,MORTGAGE,10.0,PERSONAL,B,9250,10.08,0.26,N,2,0
32818,25,35000,MORTGAGE,9.0,EDUCATION,B,10000,9.63,0.27,N,2,0
32819,23,60000,RENT,0.0,HOMEIMPROVEMENT,C,15000,14.27,0.25,Y,2,1
32820,30,38500,RENT,0.0,MEDICAL,B,3000,10.25,0.08,N,8,0
32821,24,65000,RENT,8.0,DEBTCONSOLIDATION,C,6000,14.27,0.09,Y,2,0
32822,24,80000,RENT,5.0,MEDICAL,B,7000,10.99,0.09,N,3,0
32823,23,20000,RENT,4.0,EDUCATION,B,5000,12.18,0.25,N,3,1
32824,25,69912,MORTGAGE,9.0,DEBTCONSOLIDATION,A,8000,6.99,0.11,N,2,0
32825,34,44000,MORTGAGE,5.0,PERSONAL,A,16000,8.49,0.36,N,6,0
32826,30,60000,RENT,5.0,EDUCATION,B,2400,10.25,0.04,N,8,0
32827,30,50000,MORTGAGE,9.0,HOMEIMPROVEMENT,A,8000,6.92,0.16,N,6,0
32828,26,190000,MORTGAGE,10.0,DEBTCONSOLIDATION,B,35000,11.58,0.21,N,3,0
32829,29,30000,RENT,3.0,MEDICAL,A,10000,7.51,0.33,N,10,1
32830,23,64125,RENT,3.0,MEDICAL,B,10000,10.59,0.16,N,3,0
32831,25,170000,MORTGAGE,9.0,PERSONAL,B,20000,10.99,0.12,N,3,0
32832,29,65000,MORTGAGE,11.0,MEDICAL,B,7000,10.99,0.11,N,10,0
32833,25,36000,RENT,0.0,VENTURE,B,8000,11.11,0.22,N,2,0
32834,24,26400,RENT,3.0,VENTURE,A,7000,7.4,0.27,N,4,0
32835,26,96000,MORTGAGE,10.0,PERSONAL,B,2000,9.91,0.02,N,2,0
32836,35,58800,RENT,15.0,PERSONAL,B,20000,11.71,0.34,N,10,1
32837,25,53000,RENT,5.0,DEBTCONSOLIDATION,A,14400,8.9,0.27,N,4,0
32838,37,140004,MORTGAGE,8.0,HOMEIMPROVEMENT,A,12000,7.88,0.08,N,14,0
32839,22,60000,RENT,6.0,PERSONAL,A,7800,7.29,0.13,N,3,0
32840,21,30000,RENT,5.0,EDUCATION,B,6000,10.99,0.2,N,4,0
32841,29,140004,MORTGAGE,2.0,DEBTCONSOLIDATION,C,6950,12.73,0.05,N,6,0
32842,23,42000,RENT,7.0,EDUCATION,A,6000,7.49,0.14,N,2,0
32843,22,73000,MORTGAGE,6.0,DEBTCONSOLIDATION,C,12000,13.11,0.16,N,4,0
32844,22,52000,MORTGAGE,6.0,EDUCATION,D,8000,15.99,0.15,N,3,0
32845,28,53000,MORTGAGE,12.0,HOMEIMPROVEMENT,A,5000,5.42,0.09,N,8,0
32846,26,80000,MORTGAGE,0.0,EDUCATION,B,8000,11.71,0.1,N,3,0
32847,28,100000,MORTGAGE,12.0,DEBTCONSOLIDATION,C,15000,13.85,0.15,Y,10,0
32848,37,50000,RENT,6.0,DEBTCONSOLIDATION,B,6000,11.71,0.12,N,17,0
32849,36,120000,RENT,0.0,DEBTCONSOLIDATION,A,11000,5.42,0.09,N,14,0
32850,26,117000,MORTGAGE,3.0,PERSONAL,C,20400,13.06,0.17,Y,3,0
32851,22,45000,RENT,6.0,EDUCATION,C,12000,13.61,0.27,N,3,0
32852,24,29000,RENT,8.0,HOMEIMPROVEMENT,B,10000,11.99,0.34,N,3,1
32853,22,70000,MORTGAGE,6.0,EDUCATION,A,12000,5.79,0.17,N,3,0
32854,23,52000,MORTGAGE,8.0,MEDICAL,B,4800,9.99,0.09,N,2,0
32855,23,75000,RENT,8.0,EDUCATION,C,12000,13.49,0.16,Y,4,0
32856,30,93500,RENT,1.0,DEBTCONSOLIDATION,B,10450,11.99,0.11,N,10,0
32857,32,30960,RENT,5.0,PERSONAL,A,3700,5.99,0.12,N,5,0
32858,25,42000,MORTGAGE,4.0,MEDICAL,C,15250,13.35,0.36,N,2,1
32859,23,85000,RENT,1.0,VENTURE,B,12000,11.71,0.14,N,2,0
32860,31,33000,RENT,4.0,EDUCATION,B,12500,10.36,0.4,N,5,0
32861,37,76000,MORTGAGE,13.0,HOMEIMPROVEMENT,B,6000,9.99,0.08,N,17,0
32862,22,40000,RENT,4.0,VENTURE,C,4000,14.35,0.1,Y,3,0
32863,26,45000,RENT,0.0,MEDICAL,B,12000,9.91,0.27,N,4,0
32864,22,41124,RENT,6.0,EDUCATION,A,6000,7.51,0.15,N,2,0
32865,23,125000,RENT,5.0,PERSONAL,B,12000,11.71,0.1,N,2,0
32866,24,150000,MORTGAGE,3.0,EDUCATION,A,12000,8.49,0.08,N,3,0
32867,35,100000,MORTGAGE,9.0,HOMEIMPROVEMENT,A,15000,8.94,0.15,N,9,0
32868,22,60000,RENT,6.0,MEDICAL,B,7500,11.14,0.13,N,2,0
32869,23,85000,RENT,0.0,PERSONAL,B,12000,10.74,0.14,N,4,0
32870,21,39900,RENT,3.0,DEBTCONSOLIDATION,B,6000,10.75,0.15,N,2,0
32871,24,74400,RENT,1.0,VENTURE,C,3600,13.43,0.05,N,3,0
32872,25,195054,MORTGAGE,2.0,HOMEIMPROVEMENT,B,10000,10.59,0.06,N,3,0
32873,27,35000,OWN,11.0,PERSONAL,A,7000,7.9,0.2,N,9,0
32874,42,32000,RENT,2.0,MEDICAL,D,7500,16.29,0.23,Y,11,1
32875,25,32000,RENT,8.0,PERSONAL,B,8000,10.25,0.26,N,4,0
32876,29,78000,OWN,4.0,HOMEIMPROVEMENT,D,13200,16.29,0.17,Y,7,0
32877,25,48000,RENT,6.0,EDUCATION,B,5000,10.62,0.1,N,4,0
32878,28,50600,RENT,11.0,PERSONAL,A,12000,7.88,0.24,N,6,0
32879,58,28000,MORTGAGE,1.0,MEDICAL,F,7500,18.62,0.28,N,21,1
32880,23,45000,RENT,8.0,MEDICAL,D,15000,13.55,0.33,N,2,1
32881,37,60000,MORTGAGE,9.0,PERSONAL,A,12000,7.51,0.2,N,14,0
32882,36,40000,RENT,2.0,DEBTCONSOLIDATION,A,5000,5.42,0.13,N,15,0
32883,22,22000,MORTGAGE,1.0,VENTURE,B,8000,10.99,0.36,N,3,0
32884,25,48000,RENT,4.0,MEDICAL,C,6600,14.22,0.14,N,4,0
32885,30,102000,MORTGAGE,14.0,EDUCATION,B,20000,11.36,0.2,N,9,0
32886,28,48996,RENT,5.0,DEBTCONSOLIDATION,A,12000,7.88,0.24,N,8,0
32887,23,143000,MORTGAGE,1.0,PERSONAL,C,5600,13.47,0.04,N,3,1
32888,24,53500,RENT,0.0,MEDICAL,A,10000,7.14,0.19,N,3,0
32889,23,75000,MORTGAGE,7.0,DEBTCONSOLIDATION,A,4000,6.03,0.05,N,4,0
32890,24,75000,RENT,0.0,HOMEIMPROVEMENT,C,7000,13.72,0.09,Y,4,0
32891,24,100000,MORTGAGE,8.0,VENTURE,A,6000,7.66,0.06,N,2,0
32892,28,62900,MORTGAGE,4.0,MEDICAL,D,8000,15.7,0.11,N,5,1
32893,30,78465,RENT,1.0,DEBTCONSOLIDATION,C,14000,13.49,0.18,N,10,0
32894,22,9600,RENT,1.0,EDUCATION,C,1200,14.72,0.13,N,3,0
32895,23,40000,RENT,3.0,EDUCATION,A,8000,8.94,0.2,N,2,0
32896,24,65000,RENT,5.0,MEDICAL,A,15000,7.88,0.23,N,2,0
32897,49,28800,OWN,14.0,VENTURE,A,6600,8.9,0.23,N,12,0
32898,27,77976,RENT,2.0,DEBTCONSOLIDATION,C,10000,13.85,0.13,Y,6,1
32899,22,75000,MORTGAGE,1.0,MEDICAL,B,4800,10.74,0.06,N,2,0
32900,22,80000,RENT,0.0,VENTURE,C,12000,12.87,0.15,Y,4,0
32901,22,60000,RENT,1.0,VENTURE,A,5000,7.29,0.08,N,2,0
32902,25,42000,RENT,2.0,MEDICAL,A,2000,7.29,0.05,N,4,0
32903,24,46500,OWN,6.0,VENTURE,B,13200,10.99,0.29,N,4,0
32904,28,30000,RENT,0.0,DEBTCONSOLIDATION,B,3000,10.08,0.1,N,5,0
32905,26,26000,RENT,0.0,MEDICAL,A,7000,6.62,0.27,N,3,0
32906,23,65000,MORTGAGE,2.0,VENTURE,C,21000,13.16,0.33,N,2,0
32907,25,70550,RENT,2.0,MEDICAL,D,9000,14.59,0.1,N,2,1
32908,36,65000,MORTGAGE,18.0,MEDICAL,A,12000,7.88,0.18,N,14,0
32909,22,60000,RENT,6.0,EDUCATION,A,12000,5.42,0.2,N,3,0
32910,34,80000,MORTGAGE,13.0,DEBTCONSOLIDATION,A,4000,6.03,0.05,N,6,0
32911,32,60000,RENT,2.0,DEBTCONSOLIDATION,B,16000,11.89,0.27,N,9,0
32912,26,36000,RENT,5.0,MEDICAL,A,13000,7.88,0.36,N,2,1
32913,40,50000,MORTGAGE,6.0,HOMEIMPROVEMENT,A,3000,5.42,0.06,N,11,0
32914,26,20000,RENT,1.0,PERSONAL,C,5000,13.79,0.25,Y,3,0
32915,28,26400,RENT,0.0,HOMEIMPROVEMENT,A,3200,7.51,0.13,N,9,0
32916,26,120000,MORTGAGE,10.0,PERSONAL,B,10000,10.59,0.08,N,3,0
32917,23,52000,RENT,1.0,MEDICAL,C,1500,14.72,0.03,Y,3,0
32918,32,91800,RENT,0.0,MEDICAL,D,16800,16.02,0.16,N,7,1
32919,51,30000,RENT,8.0,EDUCATION,D,5000,15.31,0.17,Y,19,1
32920,31,75000,RENT,0.0,DEBTCONSOLIDATION,C,8000,14.26,0.11,Y,7,0
32921,22,45000,MORTGAGE,6.0,EDUCATION,A,8000,7.88,0.18,N,2,0
32922,28,62400,MORTGAGE,12.0,HOMEIMPROVEMENT,D,20000,14.96,0.32,Y,10,0
32923,23,135000,MORTGAGE,1.0,EDUCATION,B,14400,11.48,0.11,N,4,0
32924,35,50000,RENT,5.0,HOMEIMPROVEMENT,B,5000,11.49,0.1,N,8,0
32925,32,27600,RENT,3.0,VENTURE,B,9200,12.42,0.33,N,9,1
32926,25,96000,MORTGAGE,0.0,EDUCATION,A,5000,7.51,0.05,N,3,0
32927,24,100000,MORTGAGE,8.0,DEBTCONSOLIDATION,A,10000,7.66,0.1,N,3,0
32928,26,68000,RENT,10.0,DEBTCONSOLIDATION,A,12000,7.9,0.18,N,2,0
32929,28,58800,MORTGAGE,11.0,HOMEIMPROVEMENT,A,3000,7.51,0.05,N,10,1
32930,31,60000,RENT,2.0,EDUCATION,B,8000,10.0,0.13,N,9,0
32931,28,95000,MORTGAGE,5.0,VENTURE,B,20000,11.83,0.21,N,5,0
32932,36,78000,MORTGAGE,8.0,MEDICAL,B,15000,10.62,0.19,N,15,0
32933,25,88000,MORTGAGE,9.0,VENTURE,D,18150,16.89,0.21,N,2,0
32934,33,45000,RENT,1.0,MEDICAL,B,13000,11.83,0.31,N,5,1
32935,39,45000,RENT,1.0,MEDICAL,B,7000,9.91,0.16,N,17,0
32936,38,30000,RENT,2.0,MEDICAL,A,12000,7.88,0.4,N,17,1
32937,30,131004,MORTGAGE,2.0,PERSONAL,A,5000,8.49,0.04,N,8,0
32938,26,45000,RENT,1.0,MEDICAL,C,14500,12.73,0.32,N,3,1
32939,23,43236,RENT,1.0,MEDICAL,C,18000,13.57,0.42,Y,2,1
32940,24,70000,MORTGAGE,8.0,HOMEIMPROVEMENT,A,12000,5.79,0.17,N,3,0
32941,23,25000,RENT,0.0,MEDICAL,B,7000,11.11,0.28,N,3,0
32942,37,100000,MORTGAGE,1.0,VENTURE,A,10000,7.51,0.1,N,11,0
32943,29,30000,RENT,4.0,EDUCATION,C,10000,13.49,0.33,N,7,1
32944,31,50000,MORTGAGE,7.0,DEBTCONSOLIDATION,A,5000,6.03,0.1,N,6,0
32945,29,60000,OWN,0.0,HOMEIMPROVEMENT,D,10000,14.96,0.17,Y,7,0
32946,28,24000,RENT,2.0,MEDICAL,A,2800,7.29,0.12,N,9,0
32947,27,60000,MORTGAGE,9.0,EDUCATION,C,4500,13.49,0.07,N,8,0
32948,22,52000,MORTGAGE,6.0,EDUCATION,B,16000,11.99,0.31,N,4,0
32949,46,70000,RENT,0.0,PERSONAL,C,7000,13.57,0.1,Y,13,0
32950,25,38400,MORTGAGE,9.0,HOMEIMPROVEMENT,B,4200,11.48,0.11,N,2,1
32951,29,40000,MORTGAGE,13.0,VENTURE,D,12000,16.77,0.3,Y,5,0
32952,23,48000,MORTGAGE,0.0,MEDICAL,B,8000,11.58,0.17,N,4,0
32953,23,40000,RENT,2.0,PERSONAL,A,8000,8.9,0.2,N,4,0
32954,30,40000,MORTGAGE,7.0,HOMEIMPROVEMENT,A,5000,5.79,0.13,N,8,0
32955,23,41000,RENT,2.0,PERSONAL,C,3000,13.98,0.07,Y,4,0
32956,27,80000,MORTGAGE,0.0,HOMEIMPROVEMENT,C,15000,13.49,0.19,Y,6,0
32957,24,160000,MORTGAGE,4.0,MEDICAL,A,24000,6.17,0.16,N,2,0
32958,32,57996,RENT,4.0,EDUCATION,C,8000,13.23,0.14,Y,8,0
32959,22,45000,RENT,1.0,PERSONAL,D,10000,15.99,0.22,Y,3,1
32960,23,33000,MORTGAGE,4.0,EDUCATION,A,7800,7.14,0.24,N,3,0
32961,39,35004,RENT,2.0,EDUCATION,A,5000,9.63,0.14,N,14,0
32962,25,100000,MORTGAGE,5.0,EDUCATION,A,7000,8.9,0.07,N,4,0
32963,29,160000,MORTGAGE,9.0,HOMEIMPROVEMENT,C,20000,13.47,0.13,N,7,0
32964,40,42000,OWN,21.0,MEDICAL,B,2000,11.36,0.05,N,15,0
32965,23,70000,RENT,5.0,EDUCATION,B,4000,11.12,0.06,N,3,0
32966,25,75000,MORTGAGE,0.0,DEBTCONSOLIDATION,B,16000,10.99,0.21,N,2,0
32967,27,80000,OWN,5.0,HOMEIMPROVEMENT,B,1500,11.12,0.02,N,6,0
32968,21,50000,OWN,5.0,MEDICAL,A,6000,6.03,0.12,N,2,0
32969,26,75000,RENT,1.0,HOMEIMPROVEMENT,B,20000,9.88,0.27,N,3,0
32970,23,50402,MORTGAGE,4.0,VENTURE,C,3200,13.92,0.06,N,4,0
32971,23,55000,RENT,1.0,VENTURE,A,3000,5.42,0.05,N,2,0
32972,23,44000,MORTGAGE,2.0,DEBTCONSOLIDATION,A,7750,8.59,0.17,N,4,0
32973,33,66000,RENT,2.0,PERSONAL,B,9100,12.42,0.14,N,9,1
32974,39,65000,RENT,5.0,PERSONAL,B,10500,12.18,0.15,N,14,0
32975,36,96000,MORTGAGE,16.0,DEBTCONSOLIDATION,A,10000,7.29,0.1,N,14,0
32976,25,53000,MORTGAGE,7.0,PERSONAL,A,7500,6.03,0.15,N,3,0
32977,29,90000,MORTGAGE,9.0,HOMEIMPROVEMENT,A,10000,5.42,0.11,N,9,0
32978,23,48000,MORTGAGE,7.0,DEBTCONSOLIDATION,B,14125,11.86,0.29,N,4,0
32979,34,41600,MORTGAGE,2.0,PERSONAL,A,4500,6.76,0.11,N,6,0
32980,23,56000,MORTGAGE,7.0,EDUCATION,A,4000,5.42,0.07,N,2,0
32981,32,33000,RENT,1.0,EDUCATION,C,7500,13.85,0.23,N,7,0
32982,33,65000,MORTGAGE,3.0,PERSONAL,A,6000,5.42,0.09,N,8,0
32983,22,54000,RENT,6.0,VENTURE,A,8000,5.42,0.15,N,2,0
32984,28,72000,RENT,3.0,PERSONAL,A,4000,7.9,0.06,N,5,0
32985,24,50000,RENT,8.0,PERSONAL,B,15000,12.69,0.3,N,3,0
32986,25,60000,RENT,5.0,HOMEIMPROVEMENT,B,12000,11.71,0.21,N,3,0
32987,34,60000,RENT,1.0,MEDICAL,B,5000,9.99,0.08,N,6,0
32988,32,52000,OWN,3.0,HOMEIMPROVEMENT,B,8000,10.99,0.15,N,10,0
32989,23,36000,RENT,0.0,MEDICAL,A,5000,7.9,0.14,N,2,0
32990,24,87000,MORTGAGE,8.0,PERSONAL,B,5000,10.99,0.06,N,2,0
32991,31,55000,MORTGAGE,0.0,HOMEIMPROVEMENT,A,10000,7.88,0.18,N,7,0
32992,26,69996,RENT,2.0,PERSONAL,B,25000,11.11,0.36,N,3,0
32993,28,80000,RENT,3.0,HOMEIMPROVEMENT,C,20000,13.11,0.25,Y,10,0
32994,38,30000,RENT,4.0,PERSONAL,A,9000,5.42,0.28,N,15,0
32995,21,41000,RENT,5.0,MEDICAL,C,12000,14.22,0.29,N,2,1
32996,29,65000,RENT,4.0,EDUCATION,B,25000,11.36,0.38,N,5,0
32997,23,40000,OWN,7.0,EDUCATION,D,12000,17.49,0.3,Y,4,0
32998,23,69996,MORTGAGE,5.0,VENTURE,F,25000,18.09,0.36,N,3,0
32999,60,50000,MORTGAGE,2.0,PERSONAL,B,5000,12.21,0.1,N,27,0
33000,25,80400,RENT,2.0,DEBTCONSOLIDATION,A,7200,7.29,0.09,N,3,0
33001,32,75000,RENT,0.0,PERSONAL,A,3000,8.59,0.04,N,6,0
33002,27,95000,RENT,3.0,DEBTCONSOLIDATION,C,3600,14.72,0.04,Y,7,0
33003,30,52000,RENT,8.0,MEDICAL,A,9600,6.91,0.18,N,9,0
33004,27,50000,RENT,0.0,DEBTCONSOLIDATION,B,8000,10.37,0.16,N,7,0
33005,24,85500,MORTGAGE,0.0,MEDICAL,B,20000,11.11,0.23,N,4,0
33006,29,83000,MORTGAGE,1.0,MEDICAL,C,20000,13.49,0.24,Y,7,0
33007,24,34000,RENT,8.0,EDUCATION,A,8000,7.9,0.24,N,2,0
33008,25,52000,RENT,0.0,DEBTCONSOLIDATION,C,3000,13.06,0.06,N,3,0
33009,35,50000,RENT,9.0,HOMEIMPROVEMENT,B,12000,9.91,0.24,N,9,0
33010,24,67392,MORTGAGE,7.0,HOMEIMPROVEMENT,A,15000,6.62,0.22,N,2,0
33011,26,33189,RENT,4.0,EDUCATION,B,3000,11.12,0.09,N,3,0
33012,24,33000,OWN,14.0,MEDICAL,A,1000,5.42,0.03,N,3,0
33013,27,45000,MORTGAGE,0.0,EDUCATION,C,8000,14.72,0.18,Y,8,0
33014,27,51996,RENT,3.0,PERSONAL,B,6000,10.75,0.12,N,5,0
33015,24,40000,RENT,4.0,DEBTCONSOLIDATION,B,3700,11.83,0.09,N,3,0
33016,22,65000,RENT,6.0,MEDICAL,B,3800,10.65,0.06,N,2,0
33017,23,80000,MORTGAGE,7.0,EDUCATION,A,10000,5.99,0.13,N,2,0
33018,37,60000,MORTGAGE,5.0,HOMEIMPROVEMENT,A,3100,7.74,0.05,N,15,0
33019,28,39000,OWN,0.0,HOMEIMPROVEMENT,D,11700,14.84,0.29,N,5,0
33020,22,78411,MORTGAGE,6.0,PERSONAL,B,20000,11.14,0.25,N,2,0
33021,25,31000,MORTGAGE,6.0,VENTURE,A,7200,8.49,0.23,N,2,0
33022,32,75000,MORTGAGE,2.0,PERSONAL,A,6000,8.49,0.08,N,8,0
33023,25,44000,MORTGAGE,9.0,HOMEIMPROVEMENT,C,7500,13.49,0.17,N,2,0
33024,29,120000,MORTGAGE,13.0,HOMEIMPROVEMENT,B,6000,10.65,0.05,N,10,0
33025,22,47000,RENT,6.0,DEBTCONSOLIDATION,A,6000,7.9,0.13,N,4,0
33026,27,85000,MORTGAGE,2.0,HOMEIMPROVEMENT,C,12000,13.49,0.14,N,10,0
33027,24,44000,MORTGAGE,8.0,DEBTCONSOLIDATION,D,11000,15.62,0.25,Y,4,1
33028,34,43000,MORTGAGE,8.0,MEDICAL,C,12800,12.84,0.29,Y,10,0
33029,28,53664,RENT,2.0,DEBTCONSOLIDATION,B,15000,10.75,0.28,N,7,0
33030,29,80000,MORTGAGE,9.0,PERSONAL,B,8000,12.69,0.1,N,6,0
33031,23,72000,MORTGAGE,7.0,EDUCATION,B,12000,9.91,0.17,N,3,0
33032,28,120000,RENT,2.0,PERSONAL,A,5000,7.29,0.04,N,7,0
33033,23,75000,MORTGAGE,3.0,VENTURE,B,6000,11.48,0.08,N,4,0
33034,32,37000,RENT,0.0,MEDICAL,B,4925,10.0,0.14,N,7,0
33035,29,90000,RENT,13.0,MEDICAL,A,10000,6.62,0.11,N,8,0
33036,22,27600,RENT,2.0,VENTURE,B,2000,12.69,0.07,N,3,0
33037,25,39000,RENT,9.0,DEBTCONSOLIDATION,B,1000,11.71,0.03,N,4,0
33038,29,170000,MORTGAGE,6.0,HOMEIMPROVEMENT,B,12000,11.49,0.07,N,6,0
33039,23,42179,MORTGAGE,1.0,EDUCATION,B,10000,11.11,0.24,N,4,0
33040,26,95000,OWN,9.0,VENTURE,B,15000,10.62,0.16,N,3,0
33041,24,68750,RENT,6.0,EDUCATION,D,7000,12.61,0.1,Y,4,0
33042,22,55000,MORTGAGE,6.0,EDUCATION,D,7500,15.05,0.14,Y,3,0
33043,23,50000,RENT,2.0,EDUCATION,A,7000,8.59,0.14,N,4,0
33044,25,90000,RENT,3.0,MEDICAL,A,7200,7.9,0.08,N,4,0
33045,33,33800,RENT,5.0,DEBTCONSOLIDATION,A,13000,7.88,0.37,N,6,1
33046,24,65000,MORTGAGE,3.0,EDUCATION,A,7000,7.14,0.11,N,4,0
33047,24,60000,MORTGAGE,8.0,VENTURE,B,2000,9.99,0.03,N,2,0
33048,29,90000,MORTGAGE,0.0,DEBTCONSOLIDATION,A,7500,7.14,0.08,N,7,0
33049,22,40000,RENT,0.0,EDUCATION,A,7200,8.0,0.18,N,2,0
33050,22,72000,MORTGAGE,6.0,PERSONAL,D,2000,14.84,0.03,N,2,0
33051,28,115000,RENT,4.0,PERSONAL,A,10000,7.51,0.09,N,7,0
33052,39,47000,MORTGAGE,17.0,EDUCATION,C,15000,13.48,0.32,N,12,0
33053,29,55000,RENT,0.0,PERSONAL,A,3000,9.63,0.05,N,9,0
33054,27,35000,RENT,3.0,EDUCATION,A,6500,7.51,0.18,N,10,0
33055,22,23004,RENT,2.0,EDUCATION,B,5000,10.75,0.22,N,4,0
33056,25,54000,MORTGAGE,9.0,DEBTCONSOLIDATION,A,2000,7.14,0.04,N,3,0
33057,39,30000,RENT,0.0,MEDICAL,B,14000,11.71,0.47,N,16,1
33058,29,120000,MORTGAGE,2.0,MEDICAL,A,6000,5.42,0.05,N,6,0
33059,25,138600,MORTGAGE,9.0,VENTURE,C,12000,12.99,0.09,N,3,0
33060,35,42000,RENT,19.0,DEBTCONSOLIDATION,B,8000,10.37,0.19,N,8,0
33061,36,150000,MORTGAGE,11.0,HOMEIMPROVEMENT,A,14000,5.42,0.09,N,14,0
33062,27,42000,RENT,4.0,DEBTCONSOLIDATION,B,5000,12.69,0.12,N,7,0
33063,25,85000,RENT,9.0,VENTURE,A,35000,7.9,0.41,N,2,1
33064,32,83600,MORTGAGE,2.0,VENTURE,A,13600,7.88,0.16,N,9,0
33065,37,54000,MORTGAGE,3.0,PERSONAL,A,12000,7.51,0.22,N,17,0
33066,25,24000,RENT,3.0,PERSONAL,B,10000,9.91,0.42,N,2,1
33067,23,44000,RENT,0.0,VENTURE,D,6000,14.11,0.14,Y,2,1
33068,26,126000,MORTGAGE,10.0,PERSONAL,A,11400,9.32,0.09,N,4,0
33069,22,32000,RENT,3.0,EDUCATION,B,5500,10.25,0.17,N,4,0
33070,23,84000,MORTGAGE,7.0,VENTURE,C,16000,13.61,0.19,Y,2,0
33071,26,95000,MORTGAGE,9.0,VENTURE,B,22000,10.99,0.24,N,4,0
33072,21,55000,RENT,2.0,DEBTCONSOLIDATION,B,12000,10.99,0.22,N,2,0
33073,24,40000,RENT,5.0,MEDICAL,A,6000,7.29,0.15,N,4,0
33074,34,90000,MORTGAGE,6.0,PERSONAL,F,8000,21.36,0.09,Y,9,0
33075,38,70000,MORTGAGE,6.0,DEBTCONSOLIDATION,A,4000,5.99,0.06,N,17,0
33076,32,18000,RENT,2.0,MEDICAL,C,1200,13.8,0.06,Y,10,0
33077,31,40000,MORTGAGE,3.0,DEBTCONSOLIDATION,B,4200,12.21,0.1,N,8,0
33078,24,35000,MORTGAGE,1.0,PERSONAL,C,2000,13.99,0.06,Y,4,0
33079,25,90000,RENT,9.0,MEDICAL,B,6500,11.71,0.07,N,2,0
33080,23,44000,MORTGAGE,2.0,VENTURE,B,8000,11.12,0.18,N,4,0
33081,27,15600,RENT,1.0,HOMEIMPROVEMENT,C,5000,13.92,0.32,Y,10,1
33082,23,100000,MORTGAGE,2.0,EDUCATION,A,14000,6.17,0.14,N,4,0
33083,28,41892,RENT,8.0,EDUCATION,C,11300,12.23,0.27,N,7,0
33084,23,122000,MORTGAGE,8.0,PERSONAL,C,10000,13.49,0.08,Y,2,0
33085,23,60000,RENT,4.0,MEDICAL,C,10000,13.85,0.17,N,2,0
33086,29,65338,MORTGAGE,2.0,PERSONAL,A,6200,7.29,0.1,N,6,0
33087,31,95000,MORTGAGE,6.0,VENTURE,D,15000,15.33,0.16,Y,7,0
33088,39,120000,MORTGAGE,9.0,DEBTCONSOLIDATION,A,10000,7.14,0.08,N,12,0
33089,23,120000,MORTGAGE,2.0,VENTURE,B,14000,10.99,0.12,N,3,0
33090,23,32000,RENT,4.0,DEBTCONSOLIDATION,A,8000,7.49,0.25,N,4,0
33091,28,80000,MORTGAGE,0.0,VENTURE,A,8000,6.62,0.1,N,7,0
33092,28,58650,MORTGAGE,5.0,MEDICAL,D,12000,15.05,0.17,N,6,1
33093,37,59000,RENT,5.0,MEDICAL,A,21500,7.49,0.36,N,16,1
33094,24,132000,RENT,4.0,EDUCATION,A,14000,8.94,0.11,N,3,0
33095,28,30000,RENT,2.0,MEDICAL,C,1500,12.87,0.05,Y,8,1
33096,23,60000,RENT,7.0,EDUCATION,B,5000,10.75,0.08,N,3,0
33097,27,84000,RENT,1.0,DEBTCONSOLIDATION,A,4800,7.51,0.06,N,5,0
33098,23,78000,RENT,7.0,VENTURE,C,20000,13.85,0.26,Y,3,0
33099,27,75000,RENT,6.0,HOMEIMPROVEMENT,C,6000,12.68,0.08,N,10,0
33100,23,87000,OWN,7.0,EDUCATION,B,10000,11.83,0.11,N,2,0
33101,27,65000,MORTGAGE,11.0,PERSONAL,B,13200,12.42,0.2,N,8,0
33102,24,28704,RENT,3.0,DEBTCONSOLIDATION,C,4800,14.65,0.17,N,4,0
33103,24,79500,MORTGAGE,0.0,MEDICAL,A,16000,6.54,0.2,N,3,0
33104,23,29004,RENT,7.0,PERSONAL,B,5000,10.75,0.17,N,3,1
33105,28,52000,RENT,2.0,DEBTCONSOLIDATION,B,20000,12.42,0.38,N,8,1
33106,24,29000,RENT,1.0,EDUCATION,B,10000,10.74,0.34,N,2,1
33107,37,53000,RENT,4.0,VENTURE,D,3200,14.61,0.06,N,14,0
33108,26,109200,MORTGAGE,9.0,EDUCATION,B,20000,9.88,0.18,N,4,0
33109,28,46000,RENT,4.0,PERSONAL,D,6000,14.96,0.13,Y,5,0
33110,35,100000,MORTGAGE,13.0,PERSONAL,A,12000,6.03,0.12,N,8,0
33111,23,85000,RENT,4.0,VENTURE,A,6000,7.88,0.07,N,2,0
33112,34,44000,MORTGAGE,18.0,HOMEIMPROVEMENT,A,6200,6.03,0.14,N,9,0
33113,24,75000,MORTGAGE,2.0,EDUCATION,C,12400,12.87,0.16,N,4,0
33114,28,72000,RENT,2.0,MEDICAL,B,20000,11.83,0.28,N,6,0
33115,24,60000,MORTGAGE,8.0,DEBTCONSOLIDATION,C,8000,12.84,0.13,Y,4,0
33116,28,52000,MORTGAGE,12.0,HOMEIMPROVEMENT,C,5000,13.49,0.1,N,8,0
33117,24,62000,RENT,0.0,MEDICAL,B,10000,9.99,0.16,N,4,0
33118,28,80000,MORTGAGE,9.0,VENTURE,A,5000,8.0,0.06,N,7,0
33119,29,112000,MORTGAGE,13.0,HOMEIMPROVEMENT,A,10000,5.79,0.09,N,6,0
33120,26,145000,MORTGAGE,1.0,DEBTCONSOLIDATION,B,10000,10.99,0.07,N,2,0
33121,24,92000,MORTGAGE,3.0,PERSONAL,A,12000,5.79,0.13,N,4,0
33122,29,42000,MORTGAGE,13.0,PERSONAL,A,3000,8.9,0.07,N,7,0
33123,31,55000,RENT,2.0,MEDICAL,A,12800,5.42,0.23,N,5,0
33124,24,24996,MORTGAGE,2.0,EDUCATION,B,10000,9.45,0.4,N,2,0
33125,23,36000,RENT,5.0,MEDICAL,D,6000,16.29,0.17,Y,2,0
33126,30,39996,RENT,0.0,MEDICAL,A,10000,5.79,0.25,N,10,0
33127,23,90000,MORTGAGE,7.0,DEBTCONSOLIDATION,B,8000,10.99,0.09,N,3,0
33128,38,60000,RENT,0.0,HOMEIMPROVEMENT,B,15000,11.83,0.25,N,11,0
33129,47,32000,MORTGAGE,15.0,HOMEIMPROVEMENT,A,8000,6.03,0.25,N,11,0
33130,43,35360,MORTGAGE,0.0,HOMEIMPROVEMENT,A,9600,5.99,0.28,N,16,0
33131,25,40000,RENT,1.0,MEDICAL,A,3200,9.32,0.08,N,3,0
33132,36,30000,RENT,6.0,DEBTCONSOLIDATION,A,10000,7.51,0.33,N,16,1
33133,23,36000,MORTGAGE,3.0,EDUCATION,A,3000,7.51,0.08,N,2,0
33134,38,28800,RENT,0.0,MEDICAL,D,10000,14.74,0.35,Y,14,1
33135,25,36000,RENT,9.0,EDUCATION,A,2000,7.75,0.06,N,2,0
33136,32,45000,MORTGAGE,13.0,VENTURE,B,15200,11.48,0.33,N,9,0
33137,36,120000,MORTGAGE,4.0,EDUCATION,A,4800,7.29,0.04,N,12,0
33138,28,37500,OWN,1.0,HOMEIMPROVEMENT,B,5000,11.36,0.13,N,7,0
33139,27,60000,MORTGAGE,9.0,PERSONAL,D,10000,15.95,0.17,N,5,0
33140,24,49152,RENT,7.0,MEDICAL,B,4000,11.71,0.08,N,3,0
33141,21,38000,RENT,5.0,EDUCATION,C,8000,13.11,0.21,N,4,0
33142,22,50000,MORTGAGE,6.0,EDUCATION,A,2000,6.62,0.04,N,3,0
33143,23,105000,MORTGAGE,1.0,VENTURE,A,6000,6.92,0.06,N,3,0
33144,28,40000,RENT,12.0,PERSONAL,B,7000,11.49,0.17,N,7,0
33145,22,55200,RENT,5.0,MEDICAL,E,14000,16.0,0.26,Y,3,1
33146,22,30000,RENT,6.0,VENTURE,B,5000,11.49,0.17,N,4,0
33147,37,60000,RENT,2.0,EDUCATION,A,9000,6.62,0.15,N,13,0
33148,22,45000,MORTGAGE,6.0,EDUCATION,B,7500,10.75,0.17,N,3,0
33149,25,49000,MORTGAGE,6.0,EDUCATION,C,14500,12.53,0.29,N,3,0
33150,26,51996,RENT,2.0,DEBTCONSOLIDATION,A,6500,5.79,0.13,N,4,0
33151,43,60000,MORTGAGE,7.0,PERSONAL,B,16000,10.99,0.27,N,17,0
33152,22,40000,MORTGAGE,2.0,MEDICAL,B,5000,10.99,0.13,N,4,0
33153,22,68000,RENT,6.0,EDUCATION,C,3000,11.97,0.04,Y,4,0
33154,24,50000,MORTGAGE,8.0,HOMEIMPROVEMENT,B,6000,11.86,0.12,N,2,0
33155,28,55000,RENT,12.0,EDUCATION,B,7000,11.36,0.13,N,9,0
33156,27,62000,RENT,11.0,PERSONAL,C,5000,11.78,0.08,Y,6,0
33157,24,85000,RENT,1.0,EDUCATION,C,15000,12.84,0.18,Y,3,0
33158,23,45000,MORTGAGE,4.0,EDUCATION,B,12000,11.83,0.27,N,4,0
33159,32,140000,MORTGAGE,14.0,DEBTCONSOLIDATION,B,25000,10.59,0.18,N,9,0
33160,29,33000,MORTGAGE,2.0,VENTURE,A,11000,5.79,0.33,N,7,0
33161,29,54000,MORTGAGE,9.0,VENTURE,A,5000,7.14,0.09,N,7,0
33162,23,37000,RENT,1.0,DEBTCONSOLIDATION,B,3000,11.49,0.08,N,3,0
33163,27,29760,RENT,1.0,EDUCATION,B,8800,12.42,0.29,N,8,0
33164,28,72000,MORTGAGE,12.0,MEDICAL,B,15000,12.42,0.21,N,10,0
33165,22,77100,MORTGAGE,6.0,PERSONAL,C,3500,13.11,0.41,N,2,1
33166,26,30000,RENT,4.0,DEBTCONSOLIDATION,B,3000,10.14,0.1,N,4,0
33167,31,77940,MORTGAGE,3.0,DEBTCONSOLIDATION,B,16250,10.99,0.21,N,8,0
33168,41,54000,RENT,1.0,HOMEIMPROVEMENT,A,12000,6.91,0.22,N,16,1
33169,25,60000,RENT,0.0,PERSONAL,B,12000,10.75,0.2,N,2,0
33170,25,97850,RENT,2.0,HOMEIMPROVEMENT,A,10000,7.51,0.1,N,2,0
33171,22,45000,RENT,3.0,EDUCATION,B,6000,10.65,0.13,N,3,0
33172,25,51500,MORTGAGE,2.0,HOMEIMPROVEMENT,D,19000,14.59,0.39,N,4,0
33173,25,65000,RENT,3.0,HOMEIMPROVEMENT,B,6000,10.65,0.09,N,3,0
33174,31,80400,MORTGAGE,11.0,HOMEIMPROVEMENT,C,1200,14.79,0.02,Y,5,0
33175,25,54000,RENT,1.0,MEDICAL,D,6000,15.99,0.11,Y,4,1
33176,29,83004,MORTGAGE,9.0,PERSONAL,A,5000,6.76,0.06,N,7,0
33177,30,65000,MORTGAGE,5.0,VENTURE,C,20000,12.61,0.31,Y,8,0
33178,26,77385,RENT,0.0,EDUCATION,C,6625,13.06,0.09,N,2,0
33179,27,54000,RENT,2.0,DEBTCONSOLIDATION,D,9500,16.49,0.18,N,7,1
33180,25,52000,RENT,5.0,HOMEIMPROVEMENT,C,12000,13.85,0.23,N,4,0
33181,43,48000,RENT,0.0,MEDICAL,C,5000,13.49,0.1,Y,13,0
33182,23,78000,RENT,8.0,PERSONAL,C,20000,13.85,0.26,N,4,0
33183,33,98000,RENT,4.0,MEDICAL,A,20000,6.91,0.2,N,10,0
33184,24,40000,RENT,5.0,VENTURE,B,10000,10.36,0.25,N,2,0
33185,28,36000,MORTGAGE,5.0,HOMEIMPROVEMENT,A,6000,7.9,0.17,N,6,0
33186,23,69000,MORTGAGE,7.0,DEBTCONSOLIDATION,D,10000,15.62,0.14,N,4,1
33187,22,38000,RENT,0.0,EDUCATION,A,8500,5.42,0.22,N,3,0
33188,28,68004,RENT,1.0,PERSONAL,C,18000,13.16,0.26,Y,6,0
33189,32,90000,MORTGAGE,16.0,VENTURE,A,10000,7.49,0.11,N,7,0
33190,22,37000,RENT,2.0,EDUCATION,A,2500,9.32,0.07,N,3,0
33191,27,30000,RENT,8.0,DEBTCONSOLIDATION,D,5000,15.7,0.17,Y,7,1
33192,28,125004,RENT,12.0,PERSONAL,A,6000,7.88,0.05,N,6,0
33193,31,101000,MORTGAGE,3.0,EDUCATION,A,15000,8.49,0.15,N,6,0
33194,24,42000,MORTGAGE,8.0,EDUCATION,A,10000,5.99,0.24,N,4,0
33195,22,50000,MORTGAGE,6.0,PERSONAL,A,5000,5.42,0.1,N,3,0
33196,22,50000,RENT,2.0,EDUCATION,B,5000,11.49,0.1,N,3,0
33197,44,60000,MORTGAGE,0.0,EDUCATION,D,10000,16.77,0.17,N,13,0
33198,30,50400,MORTGAGE,9.0,HOMEIMPROVEMENT,A,12000,7.9,0.24,N,8,0
33199,28,65000,MORTGAGE,4.0,EDUCATION,D,7000,15.95,0.11,N,8,0
33200,40,75000,MORTGAGE,7.0,PERSONAL,A,12000,7.88,0.17,N,13,0
33201,29,62000,MORTGAGE,7.0,VENTURE,A,8000,7.51,0.13,N,10,0
33202,25,49500,MORTGAGE,5.0,HOMEIMPROVEMENT,B,6000,10.36,0.12,N,4,0
33203,28,48996,RENT,4.0,MEDICAL,C,5000,13.61,0.1,N,10,0
33204,29,65000,MORTGAGE,5.0,MEDICAL,B,10000,10.25,0.15,N,9,0
33205,39,55000,MORTGAGE,5.0,MEDICAL,A,4800,5.79,0.09,N,14,0
33206,27,57600,MORTGAGE,2.0,VENTURE,B,3500,10.37,0.06,N,7,0
33207,28,60000,RENT,1.0,DEBTCONSOLIDATION,A,16000,6.54,0.27,N,8,0
33208,29,80000,MORTGAGE,2.0,HOMEIMPROVEMENT,A,5000,7.14,0.06,N,6,0
33209,28,35000,RENT,3.0,MEDICAL,A,12800,8.49,0.37,N,8,1
33210,26,34000,RENT,3.0,DEBTCONSOLIDATION,B,8000,11.11,0.24,N,2,0
33211,29,24000,RENT,3.0,DEBTCONSOLIDATION,B,6000,10.59,0.25,N,6,0
33212,29,40000,MORTGAGE,2.0,VENTURE,A,2000,5.42,0.05,N,7,0
33213,33,90000,RENT,2.0,HOMEIMPROVEMENT,B,10000,11.12,0.11,N,7,0
33214,24,45996,RENT,3.0,EDUCATION,C,10000,13.47,0.22,Y,4,0
33215,25,40000,MORTGAGE,9.0,HOMEIMPROVEMENT,A,12000,7.49,0.3,N,3,0
33216,30,65000,MORTGAGE,4.0,PERSONAL,C,10000,13.61,0.15,N,10,0
33217,37,78000,RENT,21.0,DEBTCONSOLIDATION,B,20000,11.71,0.26,N,16,0
33218,28,107000,OWN,4.0,VENTURE,B,24000,11.71,0.22,N,8,0
33219,22,42000,MORTGAGE,4.0,VENTURE,C,17600,13.49,0.4,N,2,0
33220,24,55000,RENT,5.0,PERSONAL,B,12000,11.71,0.22,N,3,0
33221,22,40000,RENT,4.0,MEDICAL,B,1000,11.49,0.03,N,4,0
33222,27,55000,OWN,3.0,MEDICAL,A,15000,6.54,0.27,N,6,0
33223,22,96000,MORTGAGE,6.0,EDUCATION,D,6000,15.31,0.06,Y,3,0
33224,27,65000,RENT,2.0,PERSONAL,A,3500,6.92,0.05,N,7,0
33225,28,74900,MORTGAGE,2.0,PERSONAL,A,3500,6.03,0.05,N,7,0
33226,29,120000,RENT,3.0,HOMEIMPROVEMENT,B,10000,11.14,0.08,N,9,0
33227,24,60000,RENT,8.0,EDUCATION,A,20000,6.92,0.33,N,3,1
33228,24,37000,RENT,4.0,MEDICAL,C,3000,12.73,0.08,N,3,0
33229,30,52828,RENT,8.0,MEDICAL,A,15000,6.76,0.28,N,8,0
33230,36,60000,OWN,3.0,MEDICAL,B,20000,11.71,0.33,N,16,0
33231,32,150000,RENT,2.0,DEBTCONSOLIDATION,B,12000,12.42,0.08,N,5,0
33232,33,50000,RENT,0.0,MEDICAL,C,14400,13.49,0.29,N,5,0
33233,37,48000,RENT,0.0,DEBTCONSOLIDATION,C,10000,13.49,0.21,N,14,0
33234,23,50250,RENT,0.0,VENTURE,A,4000,7.14,0.08,N,4,0
33235,25,26400,RENT,3.0,DEBTCONSOLIDATION,B,3000,10.74,0.11,N,3,0
33236,23,115200,MORTGAGE,7.0,EDUCATION,B,10200,11.49,0.09,N,4,0
33237,38,62000,RENT,6.0,EDUCATION,A,8000,6.03,0.13,N,16,0
33238,32,38000,RENT,3.0,MEDICAL,B,4500,9.62,0.12,N,9,0
33239,38,100860,MORTGAGE,18.0,DEBTCONSOLIDATION,B,2750,9.99,0.03,N,12,0
33240,39,40000,MORTGAGE,2.0,PERSONAL,B,3000,11.99,0.07,N,13,0
33241,22,60000,MORTGAGE,6.0,EDUCATION,A,6500,7.88,0.11,N,2,0
33242,22,70000,MORTGAGE,6.0,MEDICAL,B,8000,9.63,0.11,N,3,0
33243,26,32000,RENT,1.0,PERSONAL,D,2000,16.29,0.06,N,2,1
33244,22,42000,MORTGAGE,6.0,EDUCATION,B,3000,10.25,0.07,N,2,0
33245,43,50000,RENT,1.0,DEBTCONSOLIDATION,C,15000,13.49,0.3,N,16,0
33246,24,91000,RENT,8.0,HOMEIMPROVEMENT,C,15000,14.65,0.16,N,4,0
33247,22,59959,MORTGAGE,6.0,EDUCATION,A,6000,7.51,0.1,N,4,0
33248,23,59800,MORTGAGE,8.0,EDUCATION,B,5000,11.36,0.08,N,3,0
33249,29,76320,RENT,8.0,EDUCATION,A,2500,9.32,0.03,N,9,0
33250,28,72000,RENT,4.0,PERSONAL,B,6000,11.99,0.08,N,10,0
33251,26,48996,RENT,5.0,MEDICAL,B,3000,9.45,0.06,N,4,0
33252,28,55000,RENT,3.0,VENTURE,B,5000,10.74,0.09,N,6,0
33253,23,68000,RENT,0.0,PERSONAL,C,10400,14.17,0.15,Y,4,1
33254,27,45600,MORTGAGE,2.0,PERSONAL,A,10000,6.91,0.22,N,9,0
33255,23,78504,RENT,7.0,EDUCATION,B,10000,10.74,0.13,N,3,0
33256,23,34000,RENT,7.0,HOMEIMPROVEMENT,A,2500,7.14,0.07,N,2,1
33257,31,60000,MORTGAGE,2.0,PERSONAL,B,3000,11.12,0.05,N,5,0
33258,27,100000,MORTGAGE,1.0,PERSONAL,A,15000,6.54,0.15,N,6,0
33259,25,80000,MORTGAGE,9.0,MEDICAL,A,3000,7.49,0.04,Y,2,0
33260,24,121000,RENT,8.0,HOMEIMPROVEMENT,B,15600,9.91,0.13,N,4,0
33261,22,50000,MORTGAGE,4.0,EDUCATION,B,15000,10.37,0.3,N,3,0
33262,23,54000,RENT,1.0,DEBTCONSOLIDATION,C,8000,15.96,0.15,Y,4,0
33263,22,78000,RENT,6.0,EDUCATION,A,4400,7.9,0.06,N,2,0
33264,32,54000,MORTGAGE,15.0,DEBTCONSOLIDATION,A,3000,7.14,0.06,N,6,0
33265,29,48000,MORTGAGE,4.0,HOMEIMPROVEMENT,A,7500,7.05,0.16,N,7,0
33266,32,75000,OWN,0.0,EDUCATION,A,10000,9.32,0.13,N,9,0
33267,26,110000,RENT,10.0,DEBTCONSOLIDATION,A,12000,7.9,0.11,N,2,0
33268,29,140000,MORTGAGE,13.0,HOMEIMPROVEMENT,A,15000,6.03,0.11,N,8,0
33269,51,71400,MORTGAGE,0.0,MEDICAL,E,15000,17.39,0.17,N,22,1
33270,37,70000,MORTGAGE,0.0,VENTURE,B,10000,12.18,0.14,N,15,0
33271,27,31200,RENT,1.0,MEDICAL,A,6000,7.88,0.19,N,5,0
33272,23,85000,MORTGAGE,7.0,VENTURE,B,9600,10.99,0.11,N,3,0
33273,23,60000,MORTGAGE,5.0,MEDICAL,A,9000,7.51,0.15,N,3,0
33274,26,65000,MORTGAGE,2.0,HOMEIMPROVEMENT,A,5000,6.54,0.08,N,3,0
33275,33,30000,RENT,2.0,VENTURE,B,6000,10.74,0.2,N,5,0
33276,31,75000,RENT,6.0,MEDICAL,A,10000,7.49,0.13,N,8,0
33277,22,35000,RENT,6.0,DEBTCONSOLIDATION,B,10000,10.65,0.29,N,4,0
33278,23,56000,RENT,1.0,VENTURE,A,10000,8.49,0.18,N,2,0
33279,23,69996,RENT,2.0,PERSONAL,B,11000,11.86,0.16,N,2,0
33280,24,70000,MORTGAGE,2.0,VENTURE,B,15000,11.14,0.21,N,4,0
33281,24,75000,RENT,4.0,VENTURE,D,12000,15.21,0.16,N,4,0
33282,23,86000,MORTGAGE,7.0,DEBTCONSOLIDATION,A,15000,7.9,0.17,N,2,0
33283,23,50000,RENT,5.0,VENTURE,B,2000,11.49,0.04,N,3,0
33284,25,45000,MORTGAGE,9.0,MEDICAL,B,3500,11.48,0.08,N,3,0
33285,21,45996,RENT,5.0,MEDICAL,C,2500,13.16,0.05,Y,2,1
33286,24,75000,MORTGAGE,4.0,HOMEIMPROVEMENT,A,25000,8.9,0.33,N,2,0
33287,27,80000,RENT,7.0,EDUCATION,B,7000,10.65,0.09,N,5,0
33288,38,96000,MORTGAGE,10.0,EDUCATION,C,5000,13.49,0.05,N,16,0
33289,25,130000,MORTGAGE,9.0,EDUCATION,D,30000,15.65,0.23,N,3,0
33290,24,42000,MORTGAGE,3.0,EDUCATION,A,7000,6.62,0.17,N,2,0
33291,23,72000,MORTGAGE,7.0,EDUCATION,A,10000,7.51,0.14,N,3,0
33292,22,64000,RENT,6.0,VENTURE,B,8000,9.99,0.13,N,2,0
33293,26,50000,MORTGAGE,0.0,PERSONAL,A,2000,5.79,0.04,N,2,0
33294,29,60000,RENT,12.0,DEBTCONSOLIDATION,A,6000,8.9,0.1,N,10,0
33295,29,90000,MORTGAGE,14.0,PERSONAL,D,17000,14.96,0.19,N,5,0
33296,28,110000,MORTGAGE,0.0,PERSONAL,D,10000,16.77,0.09,Y,5,0
33297,33,90000,RENT,4.0,MEDICAL,B,3000,11.49,0.03,N,7,0
33298,22,35000,RENT,4.0,DEBTCONSOLIDATION,D,10000,17.49,0.29,N,2,1
33299,25,60000,RENT,1.0,EDUCATION,A,3000,7.29,0.05,N,4,0
33300,23,36000,OWN,3.0,VENTURE,A,12000,8.9,0.33,N,3,0
33301,24,57000,RENT,4.0,VENTURE,B,17500,11.86,0.31,N,4,0
33302,35,115000,MORTGAGE,4.0,DEBTCONSOLIDATION,D,8275,16.49,0.07,Y,9,1
33303,22,60000,MORTGAGE,6.0,PERSONAL,B,10000,10.99,0.17,N,4,0
33304,22,40000,RENT,2.0,MEDICAL,C,11200,13.49,0.28,N,2,0
33305,31,65000,MORTGAGE,15.0,PERSONAL,D,10000,15.33,0.15,N,7,0
33306,28,72000,MORTGAGE,2.0,HOMEIMPROVEMENT,A,4000,6.99,0.06,N,8,0
33307,27,60000,RENT,3.0,DEBTCONSOLIDATION,A,4000,7.49,0.07,N,8,0
33308,29,85000,MORTGAGE,9.0,HOMEIMPROVEMENT,B,5000,10.38,0.06,N,8,0
33309,29,27040,MORTGAGE,0.0,MEDICAL,A,4800,8.59,0.18,N,5,0
33310,26,65004,MORTGAGE,0.0,HOMEIMPROVEMENT,A,1500,7.49,0.02,N,3,0
33311,30,60000,RENT,3.0,PERSONAL,B,4750,9.99,0.08,N,10,0
33312,23,90000,RENT,1.0,DEBTCONSOLIDATION,B,7500,12.69,0.08,N,2,0
33313,24,57600,MORTGAGE,8.0,PERSONAL,A,4000,6.76,0.07,N,3,0
33314,23,72000,MORTGAGE,7.0,EDUCATION,C,3500,14.72,0.05,Y,2,0
33315,26,60000,RENT,10.0,MEDICAL,A,3000,9.63,0.05,N,2,0
33316,31,85000,MORTGAGE,4.0,HOMEIMPROVEMENT,A,35000,8.9,0.41,N,5,0
33317,22,86500,MORTGAGE,6.0,EDUCATION,A,6500,7.29,0.08,N,2,0
33318,23,95000,MORTGAGE,7.0,DEBTCONSOLIDATION,A,12000,6.99,0.13,N,2,0
33319,23,40000,RENT,3.0,EDUCATION,A,3000,6.03,0.07,N,4,0
33320,31,80000,MORTGAGE,5.0,MEDICAL,A,5000,7.51,0.06,N,6,0
33321,22,48000,RENT,0.0,DEBTCONSOLIDATION,B,4500,11.71,0.09,N,4,0
33322,23,41004,RENT,5.0,EDUCATION,C,3000,13.49,0.07,N,4,0
33323,22,40000,RENT,2.0,DEBTCONSOLIDATION,B,13000,11.48,0.33,N,3,1
33324,24,60000,RENT,0.0,PERSONAL,A,15000,6.54,0.25,N,3,0
33325,22,29400,MORTGAGE,5.0,VENTURE,B,2100,12.21,0.07,N,2,0
33326,23,72955,MORTGAGE,8.0,DEBTCONSOLIDATION,D,8000,15.7,0.11,N,3,1
33327,24,90000,MORTGAGE,7.0,DEBTCONSOLIDATION,A,6000,5.42,0.07,N,4,0
33328,22,30720,RENT,4.0,EDUCATION,A,11000,7.49,0.36,N,2,1
33329,27,50000,MORTGAGE,11.0,DEBTCONSOLIDATION,A,5000,6.76,0.1,N,6,0
33330,25,75000,OWN,9.0,VENTURE,A,6000,7.14,0.08,N,2,0
33331,22,43200,RENT,2.0,EDUCATION,C,3000,14.35,0.07,N,2,0
33332,24,25000,RENT,8.0,MEDICAL,B,7000,10.99,0.28,N,4,0
33333,31,100000,MORTGAGE,8.0,VENTURE,C,15000,13.57,0.15,N,7,0
33334,26,95000,MORTGAGE,10.0,EDUCATION,E,35000,18.64,0.36,Y,4,0
33335,28,80000,MORTGAGE,5.0,HOMEIMPROVEMENT,A,5000,5.42,0.06,N,6,0
33336,27,47000,MORTGAGE,0.0,DEBTCONSOLIDATION,A,6000,9.63,0.13,N,10,0
33337,25,45000,MORTGAGE,5.0,EDUCATION,B,12000,10.99,0.27,N,4,0
33338,24,26650,MORTGAGE,6.0,EDUCATION,A,7700,9.32,0.29,N,2,0
33339,27,75000,RENT,1.0,VENTURE,B,12000,10.99,0.16,N,6,0
33340,39,44000,MORTGAGE,16.0,HOMEIMPROVEMENT,A,6300,5.99,0.14,N,15,0
33341,34,150000,MORTGAGE,0.0,EDUCATION,A,20000,8.9,0.13,N,6,0
33342,34,37000,RENT,0.0,EDUCATION,C,2600,13.06,0.07,Y,10,0
33343,27,80000,RENT,4.0,VENTURE,A,12000,6.62,0.15,N,6,0
33344,22,72000,MORTGAGE,6.0,EDUCATION,D,8800,14.91,0.12,N,2,0
33345,31,90000,MORTGAGE,3.0,HOMEIMPROVEMENT,B,15000,10.59,0.17,N,10,0
33346,31,81000,RENT,15.0,VENTURE,D,35000,14.59,0.42,Y,5,1
33347,25,63000,MORTGAGE,4.0,HOMEIMPROVEMENT,A,10000,8.0,0.16,N,3,0
33348,23,68004,MORTGAGE,7.0,EDUCATION,A,3000,6.39,0.04,N,3,0
33349,25,100000,MORTGAGE,5.0,VENTURE,A,6000,7.88,0.06,N,4,0
33350,40,48000,MORTGAGE,18.0,VENTURE,B,3500,11.99,0.07,N,14,0
33351,22,55000,RENT,5.0,EDUCATION,C,20000,13.48,0.36,N,3,1
33352,25,44531,MORTGAGE,9.0,HOMEIMPROVEMENT,B,15000,11.71,0.34,N,3,1
33353,23,85000,MORTGAGE,4.0,PERSONAL,C,9600,13.61,0.11,N,2,0
33354,40,60000,OWN,18.0,PERSONAL,C,5000,13.85,0.08,Y,15,0
33355,31,62000,MORTGAGE,2.0,HOMEIMPROVEMENT,C,2500,11.78,0.04,Y,6,0
33356,23,86000,RENT,4.0,DEBTCONSOLIDATION,C,20000,13.57,0.23,N,3,0
33357,32,54000,RENT,2.0,EDUCATION,C,3200,10.59,0.06,Y,10,0
33358,25,75000,MORTGAGE,5.0,DEBTCONSOLIDATION,C,4000,13.23,0.05,Y,2,0
33359,23,50000,MORTGAGE,7.0,VENTURE,A,5000,7.51,0.1,N,2,0
33360,23,70000,MORTGAGE,3.0,DEBTCONSOLIDATION,C,8000,13.98,0.11,Y,2,0
33361,29,120000,MORTGAGE,0.0,HOMEIMPROVEMENT,E,15000,16.0,0.13,Y,5,0
33362,28,9600,MORTGAGE,2.0,DEBTCONSOLIDATION,A,1200,7.88,0.13,N,7,0
33363,23,47908,MORTGAGE,7.0,EDUCATION,A,2500,5.42,0.05,N,3,0
33364,23,140000,MORTGAGE,4.0,PERSONAL,B,10000,12.42,0.07,N,4,0
33365,23,28584,RENT,4.0,EDUCATION,B,6000,11.58,0.21,N,4,0
33366,27,42000,RENT,0.0,DEBTCONSOLIDATION,C,10000,12.73,0.24,Y,5,1
33367,22,60000,RENT,2.0,PERSONAL,B,6000,11.86,0.1,N,4,0
33368,37,74784,RENT,8.0,HOMEIMPROVEMENT,E,15000,14.5,0.2,N,14,1
33369,30,28800,RENT,0.0,VENTURE,C,8000,14.65,0.28,Y,8,0
33370,24,77385,RENT,8.0,MEDICAL,B,6425,10.37,0.08,N,3,0
33371,22,78504,RENT,6.0,EDUCATION,B,10000,10.99,0.13,N,4,0
33372,23,24000,RENT,2.0,DEBTCONSOLIDATION,B,8000,11.14,0.33,N,3,1
33373,23,87000,RENT,4.0,EDUCATION,A,24000,6.91,0.27,N,4,0
33374,23,69996,RENT,7.0,EDUCATION,C,12000,12.53,0.17,N,3,0
33375,28,55000,MORTGAGE,12.0,VENTURE,D,6400,15.21,0.12,Y,7,0
33376,28,75000,RENT,3.0,HOMEIMPROVEMENT,C,12000,13.49,0.16,Y,9,0
33377,27,100000,RENT,0.0,HOMEIMPROVEMENT,B,20000,11.48,0.2,N,7,0
33378,25,34000,RENT,9.0,DEBTCONSOLIDATION,B,8000,11.11,0.24,N,4,1
33379,28,78000,OWN,8.0,MEDICAL,A,6000,6.99,0.08,N,7,0
33380,23,150000,MORTGAGE,0.0,EDUCATION,C,18000,13.48,0.12,N,2,0
33381,23,29000,MORTGAGE,0.0,EDUCATION,B,12000,11.36,0.41,N,3,1
33382,23,55000,MORTGAGE,3.0,EDUCATION,C,20000,13.85,0.36,N,2,0
33383,25,38000,RENT,5.0,MEDICAL,B,8875,12.42,0.23,N,4,0
33384,30,79632,RENT,9.0,HOMEIMPROVEMENT,B,25000,10.08,0.34,N,5,1
33385,22,60000,MORTGAGE,5.0,EDUCATION,C,16000,13.49,0.27,Y,4,0
33386,24,30000,RENT,3.0,EDUCATION,A,3000,7.9,0.1,N,2,0
33387,37,50000,MORTGAGE,5.0,PERSONAL,A,7000,6.03,0.14,N,11,0
33388,43,90000,MORTGAGE,0.0,EDUCATION,B,10000,10.99,0.11,N,13,0
33389,32,50000,RENT,2.0,VENTURE,C,6000,12.73,0.12,N,9,0
33390,23,45000,RENT,0.0,EDUCATION,B,12000,10.99,0.27,N,2,0
33391,34,35000,RENT,16.0,DEBTCONSOLIDATION,B,10000,10.25,0.29,N,9,0
33392,27,80000,MORTGAGE,11.0,VENTURE,B,6000,12.42,0.07,N,10,0
33393,25,60000,RENT,4.0,PERSONAL,E,10000,16.35,0.17,Y,4,0
33394,44,70000,MORTGAGE,13.0,VENTURE,C,5600,12.68,0.08,Y,11,0
33395,22,32000,RENT,2.0,EDUCATION,C,2000,13.79,0.06,N,3,0
33396,29,50000,MORTGAGE,9.0,MEDICAL,A,5000,6.99,0.1,N,10,0
33397,29,58000,MORTGAGE,4.0,MEDICAL,A,10000,7.9,0.17,N,5,0
33398,30,72000,MORTGAGE,14.0,VENTURE,B,24000,11.83,0.33,N,10,0
33399,22,87000,RENT,6.0,EDUCATION,A,2000,7.49,0.02,N,4,0
33400,32,38400,MORTGAGE,3.0,VENTURE,B,5500,9.91,0.14,N,6,0
33401,25,39996,RENT,0.0,PERSONAL,A,8000,9.63,0.2,N,2,0
33402,22,155000,MORTGAGE,0.0,EDUCATION,A,30000,6.91,0.19,N,3,0
33403,27,36000,RENT,0.0,MEDICAL,A,5000,7.51,0.14,N,7,0
33404,25,60000,MORTGAGE,8.0,PERSONAL,C,2500,13.49,0.04,N,4,0
33405,22,75600,MORTGAGE,3.0,VENTURE,A,7500,5.99,0.1,N,2,0
33406,25,120000,MORTGAGE,9.0,DEBTCONSOLIDATION,C,3000,14.72,0.03,Y,2,0
33407,54,28000,OWN,5.0,PERSONAL,A,1000,7.74,0.04,N,20,0
33408,27,60000,RENT,11.0,MEDICAL,C,5000,13.49,0.08,N,5,0
33409,24,85000,MORTGAGE,8.0,PERSONAL,A,4900,6.76,0.06,N,3,0
33410,34,175000,OWN,9.0,HOMEIMPROVEMENT,B,25000,10.74,0.14,N,9,0
33411,28,29120,RENT,2.0,VENTURE,D,6400,15.99,0.22,Y,8,1
33412,37,45000,MORTGAGE,21.0,VENTURE,A,7000,7.51,0.16,N,17,0
33413,26,62500,MORTGAGE,10.0,MEDICAL,A,10000,7.74,0.16,N,2,0
33414,58,14400,RENT,0.0,PERSONAL,D,1500,18.25,0.1,Y,21,1
33415,24,50000,MORTGAGE,8.0,HOMEIMPROVEMENT,B,3600,10.38,0.07,N,4,0
33416,38,150000,MORTGAGE,11.0,HOMEIMPROVEMENT,D,20000,14.96,0.13,N,12,0
33417,32,30000,RENT,0.0,VENTURE,B,6600,10.65,0.21,N,9,0
33418,38,55000,MORTGAGE,2.0,EDUCATION,B,5000,10.65,0.09,N,12,0
33419,23,100000,MORTGAGE,7.0,EDUCATION,B,15000,10.62,0.15,N,2,0
33420,21,70000,RENT,3.0,MEDICAL,B,9000,11.86,0.13,N,3,0
33421,29,50000,MORTGAGE,5.0,HOMEIMPROVEMENT,A,3500,5.99,0.07,N,5,0
33422,25,63996,RENT,1.0,MEDICAL,C,12000,13.79,0.19,N,4,0
33423,27,84000,MORTGAGE,11.0,PERSONAL,A,6000,7.51,0.07,N,10,0
33424,27,60000,MORTGAGE,11.0,PERSONAL,A,10000,6.54,0.17,N,7,0
33425,22,56400,RENT,1.0,EDUCATION,A,7000,8.9,0.12,N,2,0
33426,22,27600,RENT,6.0,EDUCATION,A,8000,8.9,0.3,N,3,0
33427,31,100000,MORTGAGE,0.0,HOMEIMPROVEMENT,A,7500,8.59,0.07,N,6,0
33428,27,130000,RENT,7.0,PERSONAL,B,28000,10.65,0.22,N,5,0
33429,39,60000,MORTGAGE,6.0,VENTURE,A,6000,7.49,0.1,N,13,0
33430,27,68004,MORTGAGE,11.0,EDUCATION,B,6000,11.86,0.09,N,8,0
33431,22,51400,RENT,1.0,EDUCATION,C,1500,14.79,0.03,N,2,0
33432,25,30000,RENT,4.0,MEDICAL,D,5000,15.99,0.17,N,3,0
33433,33,61000,MORTGAGE,2.0,HOMEIMPROVEMENT,C,8000,14.65,0.13,N,10,0
33434,22,57000,MORTGAGE,6.0,PERSONAL,B,9600,10.71,0.17,N,4,0
33435,28,82500,RENT,12.0,DEBTCONSOLIDATION,A,3600,6.03,0.04,N,8,0
33436,29,50000,MORTGAGE,5.0,MEDICAL,A,10000,5.42,0.2,N,5,0
33437,22,78000,MORTGAGE,5.0,EDUCATION,A,6000,7.88,0.08,N,4,0
33438,26,68000,MORTGAGE,4.0,VENTURE,A,3250,7.49,0.05,N,4,0
33439,30,39600,MORTGAGE,14.0,MEDICAL,A,6000,6.62,0.15,N,8,0
33440,48,57000,MORTGAGE,4.0,HOMEIMPROVEMENT,B,11000,11.86,0.17,N,16,0
33441,26,140000,MORTGAGE,10.0,HOMEIMPROVEMENT,A,21500,6.91,0.15,N,4,0
33442,26,38000,RENT,8.0,MEDICAL,B,4500,9.99,0.12,N,2,0
33443,25,60000,RENT,9.0,MEDICAL,B,12000,10.65,0.2,N,4,0
33444,25,56004,MORTGAGE,9.0,PERSONAL,B,10000,10.59,0.18,N,3,0
33445,28,90000,RENT,2.0,MEDICAL,B,5000,9.99,0.06,N,6,0
33446,27,48000,RENT,5.0,VENTURE,B,15000,11.99,0.31,N,7,1
33447,24,65000,MORTGAGE,8.0,MEDICAL,A,3000,5.79,0.05,N,2,0
33448,23,175000,MORTGAGE,7.0,EDUCATION,A,10000,7.51,0.06,N,4,0
33449,22,85000,MORTGAGE,6.0,EDUCATION,A,12000,5.42,0.14,N,4,0
33450,29,90000,RENT,8.0,DEBTCONSOLIDATION,B,10000,10.25,0.11,N,5,0
33451,23,87000,MORTGAGE,5.0,DEBTCONSOLIDATION,C,1500,11.54,0.02,N,4,0
33452,32,75000,MORTGAGE,2.0,PERSONAL,B,10000,11.26,0.13,N,10,0
33453,24,75000,MORTGAGE,5.0,DEBTCONSOLIDATION,A,12000,6.62,0.16,N,4,0
33454,33,60000,RENT,8.0,VENTURE,B,10000,9.88,0.17,N,9,0
33455,21,40000,RENT,0.0,MEDICAL,C,4000,13.49,0.1,N,3,0
33456,27,34000,RENT,7.0,HOMEIMPROVEMENT,B,9800,12.21,0.28,N,6,1
33457,25,60000,RENT,9.0,PERSONAL,D,7000,16.77,0.12,N,2,0
33458,27,43000,RENT,11.0,MEDICAL,B,12000,12.69,0.28,N,6,0
33459,22,96000,MORTGAGE,6.0,MEDICAL,A,6000,8.94,0.06,N,2,0
33460,37,65000,MORTGAGE,21.0,HOMEIMPROVEMENT,A,9600,7.51,0.15,N,14,0
33461,31,95000,MORTGAGE,5.0,HOMEIMPROVEMENT,D,5000,15.99,0.05,N,7,0
33462,37,36000,RENT,0.0,EDUCATION,A,8000,6.54,0.22,N,15,0
33463,23,75000,RENT,2.0,PERSONAL,C,6000,13.49,0.08,N,2,0
33464,22,64000,MORTGAGE,5.0,EDUCATION,A,3000,6.92,0.05,N,3,0
33465,21,65000,OWN,5.0,VENTURE,D,7000,14.11,0.11,N,2,0
33466,31,50000,RENT,0.0,MEDICAL,B,10000,10.71,0.2,N,5,0
33467,24,29000,RENT,4.0,DEBTCONSOLIDATION,B,10000,10.0,0.34,N,2,1
33468,24,75000,RENT,8.0,HOMEIMPROVEMENT,B,6000,10.59,0.08,N,4,0
33469,21,75000,RENT,0.0,PERSONAL,B,14400,11.71,0.19,N,2,0
33470,22,72000,MORTGAGE,1.0,MEDICAL,A,5000,9.32,0.07,N,2,0
33471,29,72000,RENT,7.0,PERSONAL,A,5000,6.99,0.07,N,7,0
33472,40,38004,RENT,4.0,MEDICAL,A,10000,9.63,0.26,N,13,0
33473,23,65000,MORTGAGE,6.0,VENTURE,A,16000,8.9,0.25,N,2,0
33474,27,48000,MORTGAGE,0.0,MEDICAL,A,3500,6.39,0.07,N,6,0
33475,40,55000,RENT,3.0,EDUCATION,C,12000,14.27,0.22,N,15,0
33476,30,52000,RENT,11.0,MEDICAL,A,12000,7.29,0.23,N,10,0
33477,26,45000,RENT,1.0,MEDICAL,B,6500,10.74,0.14,N,2,0
33478,22,50000,RENT,5.0,EDUCATION,B,7200,12.69,0.14,N,2,0
33479,24,65000,RENT,2.0,MEDICAL,A,6000,5.79,0.09,N,3,0
33480,24,50000,RENT,3.0,EDUCATION,C,6000,13.49,0.12,N,4,0
33481,27,120000,MORTGAGE,11.0,EDUCATION,B,6000,9.63,0.05,N,8,0
33482,31,87000,RENT,1.0,VENTURE,A,13000,7.88,0.15,N,6,0
33483,23,40000,RENT,2.0,EDUCATION,C,8800,14.27,0.21,N,2,0
33484,27,100000,RENT,1.0,MEDICAL,B,12000,11.12,0.12,N,8,0
33485,28,100000,RENT,0.0,MEDICAL,B,25000,10.74,0.25,N,8,0
33486,28,100000,MORTGAGE,4.0,DEBTCONSOLIDATION,A,5625,6.99,0.06,N,10,0
33487,26,47000,RENT,8.0,VENTURE,C,10000,15.96,0.21,N,3,0
33488,25,40000,RENT,9.0,PERSONAL,A,10000,7.49,0.25,N,2,0
33489,24,44000,MORTGAGE,2.0,PERSONAL,A,7500,5.42,0.17,N,3,0
33490,34,115000,MORTGAGE,3.0,EDUCATION,B,20000,10.83,0.17,N,5,0
33491,22,56500,RENT,1.0,EDUCATION,B,10000,10.75,0.18,N,3,0
33492,22,25200,RENT,0.0,MEDICAL,C,6400,12.73,0.27,Y,2,0
33493,24,122880,MORTGAGE,4.0,EDUCATION,D,16000,15.31,0.12,Y,4,0
33494,26,85000,OTHER,1.0,HOMEIMPROVEMENT,C,10000,12.87,0.12,N,2,0
33495,29,40000,RENT,3.0,VENTURE,B,4000,10.38,0.1,N,6,0
33496,32,74004,RENT,4.0,DEBTCONSOLIDATION,A,10000,6.91,0.14,N,6,0
33497,21,28000,RENT,0.0,MEDICAL,C,4000,13.48,0.14,N,3,0
33498,27,50000,RENT,1.0,DEBTCONSOLIDATION,A,7500,8.32,0.15,N,6,0
33499,29,70000,MORTGAGE,3.0,PERSONAL,A,3800,6.76,0.06,N,5,0
33500,24,74900,MORTGAGE,8.0,HOMEIMPROVEMENT,A,3400,6.92,0.05,N,4,0
33501,27,120000,RENT,1.0,VENTURE,B,20000,11.71,0.17,N,10,0
33502,22,25000,RENT,1.0,MEDICAL,C,9450,13.61,0.33,Y,2,1
33503,24,95000,MORTGAGE,4.0,DEBTCONSOLIDATION,A,10000,7.9,0.11,N,4,0
33504,22,24000,RENT,2.0,PERSONAL,E,8800,16.35,0.37,N,2,1
33505,30,48000,RENT,0.0,PERSONAL,B,10000,10.59,0.21,N,6,0
33506,23,83300,RENT,1.0,VENTURE,D,20000,16.29,0.2,Y,3,1
33507,25,30000,RENT,2.0,MEDICAL,C,8000,13.49,0.27,N,2,0
33508,26,65000,OWN,10.0,EDUCATION,A,2000,8.59,0.03,N,2,0
33509,35,51000,RENT,4.0,MEDICAL,B,5000,8.88,0.1,N,8,0
33510,30,30996,MORTGAGE,7.0,HOMEIMPROVEMENT,B,8000,10.39,0.26,N,8,0
33511,43,87000,MORTGAGE,5.0,VENTURE,B,20000,10.38,0.23,N,14,0
33512,23,65000,RENT,3.0,EDUCATION,A,14000,7.49,0.22,N,3,0
33513,22,45000,MORTGAGE,6.0,PERSONAL,C,5000,13.48,0.11,Y,4,0
33514,24,50000,RENT,0.0,DEBTCONSOLIDATION,A,2800,9.32,0.06,N,2,0
33515,31,70000,MORTGAGE,3.0,EDUCATION,A,6000,7.14,0.09,N,5,0
33516,21,24996,RENT,2.0,DEBTCONSOLIDATION,B,6000,11.83,0.24,N,4,0
33517,34,170004,RENT,4.0,PERSONAL,E,25000,16.45,0.14,N,9,0
33518,25,50000,MORTGAGE,9.0,DEBTCONSOLIDATION,A,4000,6.62,0.08,N,4,0
33519,24,35000,MORTGAGE,0.0,DEBTCONSOLIDATION,B,5000,11.14,0.14,N,3,0
33520,22,85000,MORTGAGE,3.0,VENTURE,C,10000,13.99,0.12,N,3,0
33521,31,75000,RENT,0.0,PERSONAL,B,16000,11.26,0.22,N,10,0
33522,22,45888,RENT,0.0,EDUCATION,A,9000,8.94,0.2,N,4,0
33523,22,55000,MORTGAGE,3.0,MEDICAL,A,12000,7.51,0.22,N,2,0
33524,24,30000,RENT,4.0,MEDICAL,A,6000,6.54,0.2,N,4,0
33525,23,66000,RENT,7.0,EDUCATION,B,9600,11.71,0.14,N,3,1
33526,30,90000,MORTGAGE,14.0,DEBTCONSOLIDATION,C,10000,13.92,0.11,N,8,0
33527,28,58000,RENT,3.0,VENTURE,C,5000,13.48,0.09,N,9,0
33528,31,105398,MORTGAGE,15.0,VENTURE,E,14000,17.99,0.13,N,6,0
33529,22,24000,RENT,2.0,MEDICAL,A,7000,7.29,0.29,N,3,0
33530,25,45000,RENT,0.0,MEDICAL,C,18250,14.27,0.4,N,4,1
33531,38,62000,MORTGAGE,8.0,HOMEIMPROVEMENT,B,8000,10.0,0.13,N,11,0
33532,28,30000,OWN,0.0,PERSONAL,C,10000,13.49,0.33,N,8,0
33533,24,72000,MORTGAGE,8.0,PERSONAL,A,9800,6.03,0.13,N,3,0
33534,29,60000,RENT,5.0,MEDICAL,C,10000,13.49,0.17,N,9,0
33535,26,60000,MORTGAGE,2.0,PERSONAL,A,7300,7.49,0.13,N,2,0
33536,30,48000,OWN,1.0,VENTURE,B,8000,11.14,0.17,N,7,0
33537,28,45000,RENT,8.0,PERSONAL,A,4000,7.9,0.09,N,5,0
33538,32,42000,RENT,4.0,MEDICAL,B,17000,12.42,0.42,N,9,1
33539,35,60000,RENT,5.0,MEDICAL,C,15000,13.16,0.25,Y,5,0
33540,28,60000,MORTGAGE,5.0,EDUCATION,B,6000,11.36,0.1,N,7,0
33541,31,90000,MORTGAGE,12.0,HOMEIMPROVEMENT,A,7000,6.03,0.08,N,10,0
33542,45,80004,MORTGAGE,15.0,EDUCATION,A,5000,8.59,0.06,N,12,0
33543,25,100000,MORTGAGE,1.0,VENTURE,A,13000,6.99,0.13,N,4,0
33544,28,66000,MORTGAGE,6.0,HOMEIMPROVEMENT,A,4200,5.42,0.07,N,5,0
33545,28,53000,RENT,5.0,DEBTCONSOLIDATION,A,5000,8.49,0.09,N,7,0
33546,24,70000,RENT,1.0,PERSONAL,B,12000,9.88,0.17,N,3,0
33547,22,60000,MORTGAGE,7.0,EDUCATION,A,7000,6.54,0.12,N,3,0
33548,25,84000,MORTGAGE,5.0,PERSONAL,A,6500,7.49,0.08,N,3,0
33549,45,79536,MORTGAGE,13.0,PERSONAL,B,3500,11.49,0.04,N,12,0
33550,23,28000,RENT,1.0,HOMEIMPROVEMENT,B,7000,10.99,0.25,N,3,1
33551,27,43000,MORTGAGE,11.0,PERSONAL,A,5000,7.14,0.12,N,5,0
33552,25,50000,RENT,9.0,EDUCATION,C,10000,14.22,0.2,N,4,0
33553,27,60000,MORTGAGE,3.0,DEBTCONSOLIDATION,C,5000,13.49,0.08,N,7,0
33554,30,84000,RENT,5.0,EDUCATION,B,15000,12.18,0.18,N,5,0
33555,34,40000,RENT,4.0,MEDICAL,B,13000,9.91,0.33,N,9,1
33556,23,22000,RENT,2.0,PERSONAL,B,6500,11.71,0.3,N,3,0
33557,37,45000,RENT,2.0,MEDICAL,B,3000,12.69,0.07,N,15,0
33558,25,48000,RENT,9.0,MEDICAL,B,15000,11.48,0.31,N,3,1
33559,32,40000,RENT,3.0,VENTURE,B,9000,10.62,0.23,N,9,0
33560,25,65000,MORTGAGE,9.0,VENTURE,A,12000,6.03,0.18,N,4,0
33561,25,42000,MORTGAGE,4.0,HOMEIMPROVEMENT,B,7800,9.99,0.18,N,4,0
33562,23,45000,MORTGAGE,4.0,VENTURE,B,5000,10.62,0.11,N,2,0
33563,28,39996,RENT,1.0,MEDICAL,B,7000,10.71,0.18,N,10,0
33564,39,28800,RENT,2.0,EDUCATION,B,10000,11.48,0.36,N,14,1
33565,28,65000,RENT,2.0,DEBTCONSOLIDATION,C,10000,13.85,0.15,Y,10,0
33566,30,42000,RENT,0.0,MEDICAL,B,15025,9.63,0.36,N,8,1
33567,23,90000,MORTGAGE,7.0,DEBTCONSOLIDATION,A,7000,7.88,0.08,N,2,0
33568,28,140000,RENT,2.0,VENTURE,C,20000,13.85,0.14,N,9,0
33569,23,63000,RENT,3.0,PERSONAL,C,15000,12.98,0.24,N,2,0
33570,46,36156,MORTGAGE,18.0,PERSONAL,A,8500,5.79,0.24,N,13,0
33571,24,65000,MORTGAGE,2.0,DEBTCONSOLIDATION,B,6000,10.25,0.09,N,3,0
33572,29,87000,MORTGAGE,1.0,VENTURE,B,7000,8.88,0.08,N,8,0
33573,27,30996,RENT,9.0,VENTURE,C,4000,14.72,0.13,Y,5,0
33574,28,120000,OWN,12.0,VENTURE,B,2500,9.99,0.02,N,9,0
33575,23,80000,MORTGAGE,7.0,PERSONAL,A,9600,5.42,0.12,N,3,0
33576,24,54000,RENT,3.0,PERSONAL,D,10000,14.74,0.19,N,3,1
33577,24,50000,RENT,5.0,PERSONAL,B,14000,10.51,0.28,N,4,1
33578,23,72000,MORTGAGE,3.0,EDUCATION,A,10000,7.51,0.14,N,4,0
33579,33,64197,MORTGAGE,7.0,VENTURE,A,7600,12.99,0.12,N,3,0
33580,21,30000,RENT,5.0,EDUCATION,A,1000,8.49,0.03,N,3,0
33581,24,28800,RENT,4.0,MEDICAL,A,5000,8.9,0.17,N,4,0
33582,30,50000,RENT,4.0,MEDICAL,A,6000,8.49,0.12,N,7,0
33583,24,54000,MORTGAGE,1.0,DEBTCONSOLIDATION,C,6500,12.87,0.12,Y,2,1
33584,24,52000,RENT,5.0,EDUCATION,B,10000,10.75,0.19,N,3,0
33585,25,52000,MORTGAGE,1.0,MEDICAL,C,10000,14.27,0.19,Y,2,0
33586,27,52000,MORTGAGE,5.0,HOMEIMPROVEMENT,A,6000,7.88,0.12,N,7,0
33587,26,35000,RENT,3.0,MEDICAL,A,6500,7.88,0.18,N,2,0
33588,46,26000,RENT,2.0,PERSONAL,C,10000,13.99,0.38,N,16,1
33589,24,62900,MORTGAGE,2.0,MEDICAL,D,11200,16.89,0.16,Y,2,0
33590,25,90000,RENT,4.0,MEDICAL,A,5000,7.9,0.06,N,4,0
33591,24,62000,MORTGAGE,3.0,EDUCATION,B,20000,11.86,0.32,N,2,0
33592,22,70000,MORTGAGE,6.0,VENTURE,A,7200,7.29,0.1,N,4,0
33593,22,30000,RENT,2.0,MEDICAL,B,13000,9.91,0.43,N,3,1
33594,22,55000,MORTGAGE,2.0,EDUCATION,B,8000,9.99,0.15,N,4,0
33595,28,60000,MORTGAGE,13.0,PERSONAL,A,10000,8.49,0.17,N,6,0
33596,22,26400,MORTGAGE,1.0,VENTURE,C,10000,14.79,0.38,Y,2,0
33597,29,48000,RENT,9.0,MEDICAL,B,4200,11.49,0.09,N,5,0
33598,26,95000,MORTGAGE,10.0,EDUCATION,B,24000,12.42,0.25,N,2,0
33599,23,38400,RENT,4.0,PERSONAL,D,3500,14.46,0.09,Y,3,0
33600,26,32000,RENT,3.0,MEDICAL,B,5800,10.37,0.18,N,2,0
33601,31,50000,MORTGAGE,5.0,PERSONAL,A,5000,7.88,0.1,N,8,0
33602,32,44959,MORTGAGE,16.0,DEBTCONSOLIDATION,A,5600,6.39,0.12,N,9,0
33603,23,90000,MORTGAGE,6.0,EDUCATION,A,16000,6.03,0.18,N,4,0
33604,24,60000,MORTGAGE,1.0,VENTURE,A,8000,5.42,0.13,N,2,0
33605,34,25000,RENT,9.0,MEDICAL,A,6000,7.49,0.24,N,8,0
33606,24,65000,RENT,1.0,MEDICAL,B,5000,9.99,0.08,N,2,0
33607,25,52000,MORTGAGE,9.0,DEBTCONSOLIDATION,B,9000,10.65,0.17,N,4,0
33608,28,52000,OWN,12.0,HOMEIMPROVEMENT,B,13000,11.83,0.25,N,5,0
33609,26,90000,MORTGAGE,10.0,PERSONAL,A,1800,8.94,0.02,N,4,0
33610,25,92500,RENT,4.0,DEBTCONSOLIDATION,B,12000,11.71,0.13,N,3,0
33611,23,80000,MORTGAGE,5.0,MEDICAL,B,10000,10.95,0.13,N,4,0
33612,29,50000,MORTGAGE,0.0,EDUCATION,B,13000,12.53,0.26,N,5,0
33613,39,115000,MORTGAGE,11.0,PERSONAL,A,5000,7.88,0.04,N,17,0
33614,24,60000,RENT,3.0,HOMEIMPROVEMENT,C,7000,12.61,0.12,N,2,0
33615,21,24000,RENT,1.0,EDUCATION,A,5000,7.74,0.21,N,3,0
33616,25,74029,RENT,5.0,VENTURE,B,5000,12.18,0.07,N,3,0
33617,36,50000,OWN,7.0,VENTURE,A,5000,7.88,0.1,N,11,0
33618,26,38400,RENT,5.0,MEDICAL,B,2000,12.69,0.05,N,3,0
33619,26,36000,RENT,8.0,HOMEIMPROVEMENT,B,3500,10.59,0.1,N,4,0
33620,33,46000,RENT,2.0,DEBTCONSOLIDATION,A,7000,7.9,0.15,N,9,0
33621,26,90000,MORTGAGE,6.0,HOMEIMPROVEMENT,A,12000,7.88,0.13,N,3,0
33622,27,53000,RENT,4.0,MEDICAL,B,3000,11.48,0.06,N,10,0
33623,36,60000,RENT,2.0,EDUCATION,B,2500,10.59,0.04,N,14,0
33624,34,115000,MORTGAGE,18.0,DEBTCONSOLIDATION,A,2850,5.42,0.02,N,7,0
33625,46,100000,MORTGAGE,16.0,PERSONAL,B,18000,9.99,0.18,N,17,0
33626,29,120000,MORTGAGE,3.0,VENTURE,C,20000,13.8,0.17,N,6,0
33627,25,85000,RENT,5.0,HOMEIMPROVEMENT,A,15000,7.88,0.18,N,2,0
33628,24,62000,RENT,1.0,MEDICAL,C,10000,13.99,0.16,N,2,0
33629,22,60000,RENT,6.0,EDUCATION,C,2000,13.99,0.03,N,3,0
33630,23,69996,MORTGAGE,7.0,VENTURE,C,6000,13.06,0.09,N,3,0
33631,23,54400,RENT,3.0,MEDICAL,A,5000,9.63,0.08,N,3,1
33632,22,50000,OWN,5.0,EDUCATION,C,5000,14.22,0.1,Y,4,0
33633,23,85000,RENT,2.0,DEBTCONSOLIDATION,A,6000,6.03,0.07,N,3,0
33634,25,33195,RENT,8.0,EDUCATION,B,6000,10.0,0.18,N,3,0
33635,44,136000,MORTGAGE,3.0,DEBTCONSOLIDATION,A,10000,7.88,0.07,N,15,0
33636,24,37000,RENT,1.0,HOMEIMPROVEMENT,D,3000,13.87,0.08,N,4,1
33637,23,85596,MORTGAGE,2.0,EDUCATION,B,6000,11.49,0.07,N,2,0
33638,28,98400,MORTGAGE,12.0,PERSONAL,C,20000,12.68,0.2,N,7,0
33639,25,48996,MORTGAGE,1.0,HOMEIMPROVEMENT,B,5000,9.76,0.1,N,3,1
33640,23,85000,RENT,7.0,VENTURE,C,21400,13.23,0.25,N,4,0
33641,25,30000,RENT,4.0,PERSONAL,B,4000,11.86,0.13,N,4,1
33642,21,26400,RENT,2.0,HOMEIMPROVEMENT,E,5000,15.13,0.19,N,2,1
33643,22,35000,MORTGAGE,6.0,VENTURE,A,3000,7.14,0.09,N,3,0
33644,23,44000,RENT,5.0,MEDICAL,G,19000,19.82,0.43,Y,8,1
33645,26,70000,MORTGAGE,0.0,DEBTCONSOLIDATION,A,9000,6.62,0.13,N,3,0
33646,23,87000,RENT,6.0,PERSONAL,D,15000,14.96,0.17,N,4,0
33647,39,50000,RENT,0.0,PERSONAL,A,2000,7.68,0.04,N,12,0
33648,26,84000,MORTGAGE,10.0,DEBTCONSOLIDATION,A,3000,6.76,0.04,N,4,0
33649,23,75000,RENT,2.0,VENTURE,B,5000,10.59,0.07,N,3,0
33650,37,40000,MORTGAGE,12.0,EDUCATION,C,3000,12.98,0.07,N,13,0
33651,29,50000,RENT,4.0,HOMEIMPROVEMENT,A,15000,8.9,0.3,N,10,0
33652,37,138000,MORTGAGE,17.0,PERSONAL,C,8000,13.98,0.06,Y,16,0
33653,21,55000,MORTGAGE,5.0,MEDICAL,C,3000,12.99,0.05,Y,2,0
33654,27,75000,RENT,3.0,VENTURE,B,2500,9.88,0.03,N,8,0
33655,23,40000,OWN,7.0,EDUCATION,A,3000,7.14,0.07,N,4,0
33656,29,150000,MORTGAGE,5.0,MEDICAL,A,12000,6.03,0.08,N,10,0
33657,42,65000,MORTGAGE,4.0,VENTURE,A,15000,7.51,0.23,N,13,0
33658,28,30000,RENT,0.0,DEBTCONSOLIDATION,B,8000,12.18,0.27,N,8,0
33659,26,43949,MORTGAGE,2.0,EDUCATION,B,6700,10.74,0.16,N,4,0
33660,26,65000,RENT,1.0,PERSONAL,B,2500,11.49,0.04,N,2,0
33661,24,42000,RENT,2.0,MEDICAL,B,2000,12.53,0.05,N,4,0
33662,32,15600,MORTGAGE,3.0,DEBTCONSOLIDATION,F,5000,18.25,0.32,N,5,1
33663,46,72000,RENT,1.0,MEDICAL,A,8000,6.91,0.11,N,13,0
33664,32,120000,RENT,3.0,HOMEIMPROVEMENT,B,15000,9.88,0.13,N,8,0
33665,27,50000,MORTGAGE,8.0,HOMEIMPROVEMENT,C,4000,12.73,0.08,N,8,0
33666,22,60000,RENT,1.0,MEDICAL,B,8000,9.91,0.13,N,4,0
33667,23,54000,RENT,5.0,HOMEIMPROVEMENT,B,10000,12.42,0.19,N,3,1
33668,23,85000,MORTGAGE,5.0,VENTURE,A,5600,8.49,0.07,N,3,0
33669,22,42000,RENT,0.0,MEDICAL,A,8800,7.9,0.21,N,4,0
33670,33,65000,MORTGAGE,6.0,PERSONAL,A,13200,6.03,0.2,N,7,0
33671,34,74000,RENT,6.0,DEBTCONSOLIDATION,A,16000,8.49,0.22,N,7,1
33672,30,57996,MORTGAGE,8.0,EDUCATION,C,8000,12.98,0.14,N,5,0
33673,27,50000,MORTGAGE,11.0,DEBTCONSOLIDATION,A,4000,7.49,0.08,N,5,0
33674,23,45996,MORTGAGE,2.0,PERSONAL,C,4450,13.79,0.1,N,4,0
33675,23,123000,MORTGAGE,2.0,DEBTCONSOLIDATION,C,2000,14.27,0.02,Y,3,0
33676,29,60000,MORTGAGE,3.0,HOMEIMPROVEMENT,B,10000,10.25,0.17,N,7,0
33677,33,45000,RENT,17.0,VENTURE,D,3200,14.96,0.07,Y,7,0
33678,34,75000,RENT,4.0,HOMEIMPROVEMENT,C,5000,13.49,0.07,Y,6,0
33679,21,78996,RENT,0.0,HOMEIMPROVEMENT,A,10000,6.17,0.12,N,3,1
33680,25,79500,RENT,9.0,EDUCATION,D,6000,15.7,0.08,N,4,1
33681,24,30000,RENT,0.0,PERSONAL,C,3000,13.35,0.1,Y,4,0
33682,22,80000,MORTGAGE,6.0,EDUCATION,A,8000,6.17,0.1,N,3,0
33683,25,132000,RENT,9.0,HOMEIMPROVEMENT,B,25000,10.62,0.19,N,3,0
33684,24,95000,MORTGAGE,8.0,HOMEIMPROVEMENT,C,25000,13.99,0.26,N,2,0
33685,28,85000,RENT,4.0,MEDICAL,C,7200,13.98,0.08,Y,7,0
33686,21,12000,OWN,0.0,VENTURE,E,8800,17.39,0.07,N,2,0
33687,22,48000,RENT,3.0,MEDICAL,C,7500,13.79,0.16,N,3,0
33688,27,128000,MORTGAGE,11.0,DEBTCONSOLIDATION,A,14400,5.42,0.11,N,8,0
33689,27,45468,RENT,5.0,MEDICAL,C,4000,14.26,0.09,N,5,0
33690,24,47000,RENT,7.0,VENTURE,B,12000,10.33,0.26,N,2,0
33691,38,72000,RENT,2.0,DEBTCONSOLIDATION,B,8000,11.89,0.11,N,13,0
33692,26,65000,RENT,5.0,EDUCATION,D,10000,15.62,0.15,Y,3,0
33693,23,30000,RENT,5.0,VENTURE,B,5000,9.25,0.17,N,4,0
33694,24,75000,MORTGAGE,8.0,DEBTCONSOLIDATION,A,15000,7.49,0.2,N,2,0
33695,28,33000,RENT,4.0,MEDICAL,E,10000,16.0,0.3,N,8,0
33696,31,39996,RENT,0.0,MEDICAL,A,2000,8.63,0.05,N,7,0
33697,23,42000,RENT,0.0,PERSONAL,A,10000,5.42,0.24,N,2,0
33698,35,45000,MORTGAGE,2.0,HOMEIMPROVEMENT,B,16750,9.91,0.37,N,8,0
33699,50,108000,MORTGAGE,1.0,HOMEIMPROVEMENT,B,5000,12.69,0.05,N,15,0
33700,28,85392,OWN,13.0,MEDICAL,B,12000,10.99,0.14,N,8,0
33701,28,48400,RENT,1.0,VENTURE,C,10000,14.65,0.21,Y,6,0
33702,37,38400,RENT,2.0,MEDICAL,A,6000,7.51,0.16,N,17,0
33703,34,27300,RENT,0.0,MEDICAL,A,11000,8.49,0.4,N,8,1
33704,23,42000,RENT,4.0,VENTURE,A,14000,7.37,0.33,N,4,0
33705,25,34200,RENT,2.0,PERSONAL,D,16000,15.65,0.48,N,3,1
33706,30,85000,MORTGAGE,14.0,VENTURE,C,8000,13.92,0.09,N,9,0
33707,25,62000,MORTGAGE,7.0,VENTURE,A,2500,6.03,0.04,N,2,0
33708,22,34000,RENT,1.0,HOMEIMPROVEMENT,D,5000,15.31,0.15,N,4,1
33709,30,75000,MORTGAGE,14.0,PERSONAL,B,25000,10.59,0.33,N,8,0
33710,23,54000,RENT,2.0,DEBTCONSOLIDATION,A,7000,7.88,0.13,N,3,0
33711,29,125000,MORTGAGE,5.0,DEBTCONSOLIDATION,A,8000,6.76,0.06,N,9,0
33712,41,34560,RENT,2.0,HOMEIMPROVEMENT,D,1200,15.62,0.03,Y,15,1
33713,34,125000,OWN,8.0,VENTURE,C,2400,13.49,0.02,N,9,0
33714,26,48000,MORTGAGE,5.0,VENTURE,B,11500,10.99,0.24,N,2,0
33715,28,84000,RENT,6.0,EDUCATION,A,15000,7.49,0.18,N,7,0
33716,37,48000,MORTGAGE,3.0,MEDICAL,E,9000,17.04,0.19,N,12,1
33717,22,67000,MORTGAGE,5.0,EDUCATION,A,8000,7.88,0.12,N,2,0
33718,31,110000,MORTGAGE,14.0,MEDICAL,A,6000,7.49,0.06,N,5,0
33719,25,49000,RENT,9.0,PERSONAL,B,20000,12.53,0.41,N,3,1
33720,25,130000,MORTGAGE,10.0,MEDICAL,B,24250,12.53,0.19,N,2,0
33721,27,36000,RENT,6.0,MEDICAL,D,4000,14.59,0.11,N,10,1
33722,31,50000,MORTGAGE,9.0,PERSONAL,B,5000,10.95,0.1,N,8,0
33723,26,30000,RENT,12.0,DEBTCONSOLIDATION,C,1200,14.27,0.04,N,2,0
33724,23,61400,RENT,2.0,PERSONAL,B,10000,10.95,0.16,N,4,0
33725,23,93000,RENT,5.0,VENTURE,D,12000,14.96,0.13,Y,4,0
33726,28,42000,RENT,6.0,PERSONAL,A,17000,7.88,0.4,N,10,1
33727,23,88000,RENT,8.0,DEBTCONSOLIDATION,B,12000,11.71,0.14,N,2,0
33728,23,35004,RENT,0.0,PERSONAL,C,10000,14.72,0.29,Y,2,0
33729,31,42000,RENT,1.0,HOMEIMPROVEMENT,A,7000,7.9,0.17,N,6,1
33730,22,50000,OWN,6.0,EDUCATION,B,8000,10.62,0.16,N,4,0
33731,27,26886,OWN,6.0,EDUCATION,C,7200,12.87,0.28,N,8,0
33732,22,50000,RENT,7.0,EDUCATION,B,3000,10.37,0.06,N,2,0
33733,27,110000,MORTGAGE,4.0,VENTURE,C,15000,12.87,0.14,Y,10,0
33734,21,80000,RENT,2.0,EDUCATION,B,15000,12.18,0.19,N,4,0
33735,25,60000,MORTGAGE,9.0,MEDICAL,A,8000,7.49,0.13,N,3,0
33736,21,60000,MORTGAGE,5.0,PERSONAL,A,9500,8.9,0.16,N,4,0
33737,22,30000,RENT,2.0,VENTURE,B,5000,11.11,0.17,N,4,0
33738,25,50000,RENT,2.0,HOMEIMPROVEMENT,C,10000,14.27,0.2,N,2,0
33739,23,115000,MORTGAGE,0.0,EDUCATION,D,30000,16.77,0.24,Y,3,0
33740,29,42000,RENT,0.0,EDUCATION,B,4500,11.26,0.11,N,9,0
33741,24,45000,RENT,0.0,VENTURE,A,6000,6.92,0.13,N,2,0
33742,28,100000,RENT,7.0,DEBTCONSOLIDATION,C,16000,13.85,0.16,Y,7,0
33743,25,65000,MORTGAGE,9.0,MEDICAL,C,4000,13.49,0.06,Y,2,0
33744,38,55000,OWN,5.0,HOMEIMPROVEMENT,C,15000,13.49,0.27,N,12,0
33745,23,80000,RENT,1.0,MEDICAL,C,25000,13.61,0.31,N,3,1
33746,22,48000,RENT,6.0,PERSONAL,A,4800,7.49,0.1,N,2,0
33747,33,71000,MORTGAGE,1.0,HOMEIMPROVEMENT,B,6000,10.39,0.08,N,9,0
33748,44,80000,MORTGAGE,2.0,VENTURE,C,12000,12.84,0.15,N,11,0
33749,28,60000,MORTGAGE,12.0,VENTURE,B,9000,11.26,0.15,N,10,0
33750,24,125000,MORTGAGE,9.0,EDUCATION,B,30000,5.99,0.24,N,4,0
33751,36,60000,RENT,0.0,HOMEIMPROVEMENT,C,14400,12.87,0.24,Y,11,0
33752,33,24000,MORTGAGE,2.0,EDUCATION,B,1500,9.63,0.06,N,5,0
33753,22,50000,MORTGAGE,6.0,DEBTCONSOLIDATION,A,8000,5.42,0.16,N,2,0
33754,30,19968,RENT,2.0,DEBTCONSOLIDATION,B,4000,12.69,0.2,N,6,1
33755,22,72000,MORTGAGE,5.0,MEDICAL,B,5000,10.36,0.07,N,4,0
33756,29,60000,RENT,5.0,DEBTCONSOLIDATION,A,15000,7.49,0.25,N,8,0
33757,27,45000,RENT,0.0,MEDICAL,B,3000,11.99,0.07,N,10,0
33758,23,30000,RENT,4.0,VENTURE,A,8875,6.92,0.3,N,2,0
33759,26,65600,MORTGAGE,0.0,VENTURE,C,9600,11.78,0.14,Y,3,0
33760,26,110000,RENT,3.0,VENTURE,C,3000,12.23,0.03,Y,2,0
33761,34,250000,MORTGAGE,3.0,HOMEIMPROVEMENT,B,20000,11.11,0.08,N,9,0
33762,27,84000,MORTGAGE,5.0,PERSONAL,B,6000,10.99,0.07,N,5,0
33763,28,49200,MORTGAGE,1.0,PERSONAL,C,6000,12.73,0.12,N,9,0
33764,25,43000,RENT,1.0,MEDICAL,C,7000,12.87,0.16,Y,3,0
33765,23,24000,RENT,1.0,DEBTCONSOLIDATION,B,7750,11.83,0.32,N,2,1
33766,22,34000,RENT,0.0,PERSONAL,D,10000,14.61,0.29,Y,2,1
33767,26,42000,RENT,2.0,MEDICAL,A,12000,7.9,0.29,N,2,0
33768,29,85000,MORTGAGE,13.0,HOMEIMPROVEMENT,B,8000,10.99,0.09,N,5,0
33769,23,37000,RENT,0.0,MEDICAL,C,13000,14.26,0.33,N,3,1
33770,22,56000,OWN,6.0,EDUCATION,D,5600,13.36,0.1,N,3,0
33771,23,54000,RENT,7.0,PERSONAL,B,13000,10.99,0.24,N,4,0
33772,29,50000,MORTGAGE,6.0,VENTURE,A,6000,7.51,0.12,N,8,0
33773,26,60000,RENT,10.0,VENTURE,C,8400,13.49,0.14,N,3,0
33774,30,85000,MORTGAGE,14.0,VENTURE,B,7500,11.49,0.09,N,9,0
33775,35,85000,MORTGAGE,2.0,DEBTCONSOLIDATION,B,24000,11.71,0.28,N,10,0
33776,32,92000,RENT,2.0,EDUCATION,C,16000,13.47,0.17,Y,9,0
33777,29,96000,MORTGAGE,2.0,PERSONAL,E,21600,15.68,0.23,N,5,0
33778,29,36000,RENT,2.0,MEDICAL,B,7000,10.65,0.19,N,8,0
33779,27,98000,MORTGAGE,1.0,HOMEIMPROVEMENT,D,35000,16.77,0.36,N,6,1
33780,23,120000,MORTGAGE,7.0,MEDICAL,A,10000,7.49,0.08,N,4,0
33781,23,76500,RENT,1.0,DEBTCONSOLIDATION,B,18000,11.49,0.24,N,3,1
33782,28,30000,RENT,2.0,HOMEIMPROVEMENT,D,6000,14.74,0.2,N,5,1
33783,26,65000,RENT,10.0,MEDICAL,B,5000,9.99,0.08,N,2,0
33784,27,75670,MORTGAGE,11.0,PERSONAL,A,10000,7.49,0.13,N,6,0
33785,29,75000,MORTGAGE,0.0,DEBTCONSOLIDATION,A,13000,7.88,0.17,N,10,0
33786,23,32000,RENT,1.0,EDUCATION,B,6000,9.99,0.19,N,4,1
33787,22,45000,RENT,5.0,VENTURE,A,10000,7.51,0.22,N,3,0
33788,38,39750,RENT,1.0,VENTURE,E,5600,17.74,0.14,N,17,1
33789,27,65000,RENT,6.0,VENTURE,B,10000,12.42,0.15,N,7,0
33790,32,47360,MORTGAGE,9.0,EDUCATION,E,15000,19.42,0.32,Y,9,0
33791,25,48000,RENT,3.0,VENTURE,B,15000,10.99,0.31,N,3,1
33792,24,85000,RENT,1.0,EDUCATION,A,12000,5.42,0.14,N,4,0
33793,24,30000,RENT,4.0,HOMEIMPROVEMENT,A,2000,6.76,0.07,N,3,0
33794,22,50000,RENT,0.0,MEDICAL,C,10000,13.49,0.2,Y,3,0
33795,27,61000,MORTGAGE,3.0,DEBTCONSOLIDATION,B,5000,11.49,0.08,N,7,1
33796,22,28000,OWN,3.0,DEBTCONSOLIDATION,D,1500,16.29,0.05,Y,4,0
33797,34,60000,RENT,7.0,EDUCATION,A,7000,8.49,0.12,N,6,0
33798,28,36000,RENT,5.0,VENTURE,B,2400,11.11,0.06,N,5,0
33799,22,42000,RENT,7.0,EDUCATION,C,4800,14.72,0.11,Y,2,0
33800,22,45000,RENT,2.0,EDUCATION,A,7000,7.51,0.16,N,2,0
33801,28,72000,RENT,5.0,VENTURE,B,20000,11.83,0.28,N,8,0
33802,26,35000,RENT,5.0,MEDICAL,B,7000,9.99,0.2,N,4,0
33803,24,200000,MORTGAGE,8.0,VENTURE,B,25000,11.86,0.13,N,3,0
33804,31,42000,RENT,6.0,MEDICAL,B,2500,11.36,0.06,N,9,0
33805,24,96000,MORTGAGE,8.0,VENTURE,C,3500,13.92,0.04,Y,3,0
33806,32,45000,MORTGAGE,0.0,PERSONAL,A,6000,5.99,0.13,N,6,0
33807,23,37300,RENT,8.0,EDUCATION,D,5000,15.37,0.13,N,2,0
33808,30,60000,MORTGAGE,2.0,VENTURE,A,4125,6.99,0.07,N,5,0
33809,27,78500,RENT,7.0,DEBTCONSOLIDATION,C,12000,14.27,0.15,Y,8,0
33810,28,42000,RENT,1.0,MEDICAL,B,12000,11.83,0.29,N,7,0
33811,27,60000,RENT,1.0,HOMEIMPROVEMENT,B,12000,9.91,0.2,N,8,0
33812,39,35100,RENT,2.0,PERSONAL,C,3600,14.79,0.1,Y,14,0
33813,29,42000,RENT,0.0,MEDICAL,A,2000,7.9,0.05,N,7,0
33814,24,90000,MORTGAGE,8.0,DEBTCONSOLIDATION,A,12000,7.9,0.13,N,3,0
33815,24,70000,RENT,2.0,HOMEIMPROVEMENT,A,8000,8.49,0.11,N,3,0
33816,21,45000,MORTGAGE,5.0,EDUCATION,A,5000,6.76,0.11,N,3,0
33817,37,72096,RENT,6.0,PERSONAL,B,4500,10.25,0.06,N,12,0
33818,24,48200,RENT,8.0,DEBTCONSOLIDATION,A,5000,7.29,0.1,N,2,0
33819,24,50000,MORTGAGE,9.0,DEBTCONSOLIDATION,A,10000,7.51,0.2,N,4,0
33820,23,45000,RENT,8.0,VENTURE,A,10000,7.9,0.22,N,2,0
33821,24,84000,MORTGAGE,8.0,PERSONAL,A,20000,6.91,0.24,N,2,0
33822,23,33000,RENT,7.0,VENTURE,B,6000,10.65,0.18,N,2,0
33823,24,54000,RENT,4.0,DEBTCONSOLIDATION,C,5000,13.23,0.09,N,3,0
33824,28,76000,RENT,2.0,VENTURE,C,14400,12.98,0.18,Y,6,0
33825,25,107496,RENT,4.0,HOMEIMPROVEMENT,B,20000,12.69,0.19,N,4,0
33826,27,85000,MORTGAGE,11.0,VENTURE,C,8000,14.65,0.09,N,7,0
33827,31,72000,MORTGAGE,0.0,VENTURE,B,7500,10.95,0.1,N,5,0
33828,22,75000,RENT,6.0,PERSONAL,A,10000,8.49,0.13,N,3,0
33829,25,100000,RENT,2.0,PERSONAL,A,35000,9.63,0.35,N,2,0
33830,23,43200,MORTGAGE,7.0,MEDICAL,B,10000,9.88,0.22,N,3,0
33831,22,54000,MORTGAGE,6.0,EDUCATION,B,13500,9.67,0.25,N,3,0
33832,34,80000,MORTGAGE,5.0,PERSONAL,A,10000,5.99,0.13,N,10,0
33833,32,70000,RENT,2.0,MEDICAL,B,15000,10.62,0.21,N,5,0
33834,39,30000,RENT,0.0,PERSONAL,E,5000,17.51,0.17,Y,11,1
33835,26,96000,RENT,3.0,HOMEIMPROVEMENT,E,24000,17.14,0.25,N,3,0
33836,23,50000,MORTGAGE,5.0,VENTURE,A,3600,7.88,0.07,N,2,0
33837,45,56000,RENT,5.0,PERSONAL,C,10000,14.22,0.18,N,13,0
33838,25,36000,RENT,3.0,EDUCATION,E,15000,19.03,0.41,Y,2,1
33839,29,34000,RENT,4.0,PERSONAL,A,4000,7.9,0.12,N,6,0
33840,25,60000,MORTGAGE,9.0,VENTURE,A,16000,7.88,0.27,N,3,0
33841,41,31000,RENT,5.0,PERSONAL,B,8000,11.49,0.26,N,15,1
33842,24,60000,MORTGAGE,8.0,HOMEIMPROVEMENT,A,6500,7.14,0.11,N,2,0
33843,35,50000,RENT,0.0,MEDICAL,C,3000,12.99,0.06,N,7,0
33844,33,24000,RENT,3.0,MEDICAL,A,5000,7.51,0.21,N,9,0
33845,27,39480,OWN,7.0,PERSONAL,A,2800,6.17,0.07,N,6,0
33846,26,65000,OWN,5.0,HOMEIMPROVEMENT,C,7000,13.35,0.11,N,2,0
33847,24,48000,MORTGAGE,8.0,MEDICAL,A,3800,6.99,0.08,N,2,0
33848,29,75000,RENT,1.0,EDUCATION,C,10000,13.47,0.13,N,5,0
33849,26,40000,RENT,3.0,MEDICAL,A,12000,7.14,0.3,N,4,0
33850,22,9600,RENT,4.0,EDUCATION,B,3500,12.18,0.36,N,2,0
33851,32,48000,RENT,6.0,EDUCATION,A,5000,7.51,0.1,N,10,0
33852,24,105000,RENT,0.0,HOMEIMPROVEMENT,C,25000,12.68,0.24,N,4,0
33853,33,40000,RENT,2.0,DEBTCONSOLIDATION,B,4000,9.99,0.1,N,10,0
33854,30,70000,MORTGAGE,5.0,PERSONAL,B,12000,11.99,0.17,N,6,0
33855,28,75000,MORTGAGE,12.0,EDUCATION,A,15000,6.03,0.2,N,7,0
33856,33,140000,MORTGAGE,6.0,HOMEIMPROVEMENT,B,12000,10.08,0.09,N,8,0
33857,29,67000,OWN,13.0,EDUCATION,A,10000,5.79,0.15,N,10,0
33858,28,50000,MORTGAGE,5.0,MEDICAL,B,5000,10.99,0.1,N,8,0
33859,26,96000,MORTGAGE,7.0,HOMEIMPROVEMENT,B,7000,10.59,0.07,N,4,0
33860,34,27600,RENT,5.0,VENTURE,C,5000,15.27,0.18,N,10,0
33861,22,42000,RENT,6.0,DEBTCONSOLIDATION,A,6000,7.9,0.14,N,3,0
33862,30,82600,OWN,14.0,VENTURE,C,11000,12.84,0.14,N,6,0
33863,23,38400,RENT,0.0,EDUCATION,B,10000,10.25,0.26,N,2,0
33864,28,100000,RENT,0.0,HOMEIMPROVEMENT,B,25000,11.89,0.25,N,6,0
33865,22,60000,RENT,2.0,MEDICAL,A,9000,7.29,0.15,N,3,0
33866,24,40000,MORTGAGE,8.0,PERSONAL,A,2000,6.76,0.05,N,3,0
33867,29,72000,MORTGAGE,5.0,MEDICAL,A,10000,6.17,0.14,N,7,0
33868,28,42000,RENT,3.0,VENTURE,B,12325,12.21,0.29,N,5,0
33869,23,72800,MORTGAGE,1.0,PERSONAL,C,28000,12.73,0.37,N,2,1
33870,22,108000,MORTGAGE,6.0,VENTURE,A,10000,5.99,0.09,N,4,0
33871,30,81000,RENT,9.0,DEBTCONSOLIDATION,B,5000,9.99,0.06,N,9,0
33872,22,113000,MORTGAGE,5.0,EDUCATION,A,15000,6.92,0.14,N,3,0
33873,23,60000,MORTGAGE,7.0,EDUCATION,A,1200,7.88,0.02,N,3,0
33874,24,90000,MORTGAGE,5.0,VENTURE,A,3500,5.99,0.04,N,2,0
33875,25,52000,MORTGAGE,5.0,EDUCATION,A,18000,6.03,0.35,N,4,0
33876,27,54000,MORTGAGE,6.0,EDUCATION,B,3000,10.62,0.06,N,7,0
33877,30,60000,MORTGAGE,3.0,HOMEIMPROVEMENT,D,10500,15.62,0.18,N,8,0
33878,56,100000,RENT,3.0,PERSONAL,A,12000,6.92,0.12,N,20,0
33879,22,60000,MORTGAGE,1.0,PERSONAL,E,7500,16.35,0.13,N,4,0
33880,22,42000,MORTGAGE,6.0,PERSONAL,C,4800,13.61,0.11,N,3,0
33881,36,40000,MORTGAGE,5.0,PERSONAL,B,10000,12.18,0.25,N,14,0
33882,21,52000,RENT,5.0,VENTURE,B,11000,10.74,0.21,N,4,0
33883,35,34000,RENT,0.0,DEBTCONSOLIDATION,A,8000,7.88,0.24,N,7,0
33884,22,54000,RENT,5.0,DEBTCONSOLIDATION,B,12000,11.71,0.22,N,2,1
33885,23,29000,RENT,6.0,VENTURE,C,1000,15.27,0.03,N,2,0
33886,26,95000,RENT,0.0,HOMEIMPROVEMENT,B,7200,9.99,0.08,N,3,0
33887,26,39996,RENT,5.0,VENTURE,C,2000,14.35,0.05,N,4,0
33888,25,45000,MORTGAGE,2.0,HOMEIMPROVEMENT,C,5000,13.23,0.11,N,2,0
33889,26,30400,RENT,6.0,VENTURE,D,10000,15.95,0.33,Y,3,1
33890,26,150000,MORTGAGE,0.0,EDUCATION,B,25000,11.49,0.17,N,2,0
33891,23,30000,RENT,0.0,DEBTCONSOLIDATION,B,1800,11.49,0.06,N,2,0
33892,22,30000,RENT,1.0,MEDICAL,C,5000,13.16,0.17,N,4,0
33893,26,55000,MORTGAGE,10.0,EDUCATION,D,6400,14.54,0.12,Y,2,0
33894,27,85000,MORTGAGE,4.0,MEDICAL,C,10000,12.87,0.12,N,10,0
33895,51,73000,MORTGAGE,1.0,EDUCATION,B,10000,11.48,0.14,N,19,0
33896,28,104000,MORTGAGE,4.0,HOMEIMPROVEMENT,B,13000,9.63,0.13,N,6,0
33897,24,141000,MORTGAGE,0.0,DEBTCONSOLIDATION,A,15000,5.42,0.11,N,4,0
33898,22,40000,RENT,6.0,MEDICAL,C,3600,13.47,0.09,N,4,0
33899,22,24000,RENT,0.0,DEBTCONSOLIDATION,A,5500,8.94,0.22,N,4,0
33900,23,34000,RENT,4.0,PERSONAL,A,9000,6.03,0.26,N,3,0
33901,23,60000,RENT,2.0,VENTURE,B,3000,11.83,0.05,N,4,0
33902,26,45000,RENT,4.0,MEDICAL,B,16000,11.49,0.36,N,2,1
33903,24,58000,RENT,5.0,HOMEIMPROVEMENT,D,13000,14.96,0.23,N,3,0
33904,26,36000,RENT,0.0,PERSONAL,D,10000,14.91,0.28,N,2,1
33905,27,100000,RENT,1.0,EDUCATION,B,3000,9.99,0.03,N,8,0
33906,33,85000,RENT,17.0,HOMEIMPROVEMENT,C,6250,15.96,0.07,Y,7,0
33907,28,68000,MORTGAGE,12.0,VENTURE,A,16000,7.88,0.24,N,8,0
33908,23,60000,MORTGAGE,0.0,DEBTCONSOLIDATION,C,4000,12.87,0.07,Y,2,0
33909,29,30000,MORTGAGE,2.0,PERSONAL,A,1500,5.42,0.05,N,6,0
33910,24,50000,MORTGAGE,7.0,DEBTCONSOLIDATION,A,4000,7.14,0.08,N,2,0
33911,23,55000,MORTGAGE,5.0,PERSONAL,A,10000,6.03,0.18,N,4,0
33912,25,29000,RENT,3.0,EDUCATION,A,5000,7.49,0.18,N,3,1
33913,27,75000,MORTGAGE,8.0,VENTURE,D,8000,14.74,0.11,Y,7,0
33914,53,27600,RENT,3.0,DEBTCONSOLIDATION,B,4800,11.11,0.18,N,24,0
33915,22,35316,RENT,0.0,MEDICAL,D,9600,17.27,0.28,N,2,1
33916,34,49000,RENT,0.0,VENTURE,B,19750,11.14,0.4,N,7,1
33917,22,112000,MORTGAGE,6.0,PERSONAL,B,23000,12.18,0.22,N,4,0
33918,24,50000,RENT,4.0,EDUCATION,C,7500,11.72,0.15,Y,3,0
33919,40,50000,RENT,3.0,MEDICAL,B,3000,12.53,0.06,N,16,0
33920,22,175000,MORTGAGE,2.0,DEBTCONSOLIDATION,A,19200,6.17,0.11,N,3,0
33921,30,100000,MORTGAGE,0.0,VENTURE,A,5000,7.88,0.05,N,5,0
33922,22,30000,RENT,0.0,DEBTCONSOLIDATION,A,5000,8.0,0.17,N,4,0
33923,30,75000,OWN,14.0,EDUCATION,A,6000,7.68,0.08,N,7,0
33924,39,38000,RENT,1.0,PERSONAL,B,3000,10.37,0.08,N,14,0
33925,28,80000,MORTGAGE,0.0,HOMEIMPROVEMENT,A,6000,8.0,0.07,N,5,0
33926,22,85000,MORTGAGE,3.0,EDUCATION,A,4500,7.51,0.05,N,4,0
33927,21,33600,MORTGAGE,5.0,VENTURE,A,4000,7.14,0.12,N,4,0
33928,41,48000,RENT,3.0,VENTURE,C,5500,12.99,0.11,N,14,0
33929,21,46000,MORTGAGE,3.0,PERSONAL,B,2500,11.48,0.05,N,2,1
33930,25,80000,RENT,6.0,VENTURE,B,7500,11.49,0.09,N,2,0
33931,24,110000,RENT,5.0,EDUCATION,A,12000,7.9,0.11,N,2,0
33932,30,60000,RENT,2.0,DEBTCONSOLIDATION,D,3200,15.7,0.05,N,5,0
33933,25,73000,RENT,5.0,HOMEIMPROVEMENT,B,2500,10.59,0.03,N,4,0
33934,34,70000,OWN,0.0,VENTURE,A,13750,7.51,0.2,N,9,0
33935,28,58000,MORTGAGE,5.0,PERSONAL,A,18200,8.9,0.31,N,5,1
33936,36,72000,MORTGAGE,4.0,EDUCATION,B,4000,11.49,0.06,N,12,0
33937,23,65000,MORTGAGE,3.0,EDUCATION,A,10000,7.9,0.15,N,3,0
33938,22,52000,RENT,7.0,DEBTCONSOLIDATION,A,25000,8.9,0.48,N,2,1
33939,36,38000,MORTGAGE,4.0,EDUCATION,C,1000,13.49,0.03,N,14,0
33940,25,62050,MORTGAGE,1.0,MEDICAL,E,8200,17.04,0.11,N,4,1
33941,25,85000,OWN,9.0,HOMEIMPROVEMENT,C,8000,13.06,0.09,N,2,0
33942,25,95000,MORTGAGE,9.0,EDUCATION,B,15000,11.14,0.16,N,4,0
33943,27,54000,MORTGAGE,11.0,EDUCATION,D,13000,17.58,0.24,N,10,0
33944,32,50000,RENT,2.0,DEBTCONSOLIDATION,A,5500,8.49,0.11,N,5,0
33945,23,48300,RENT,3.0,VENTURE,A,14000,7.88,0.29,N,4,0
33946,37,31200,RENT,0.0,MEDICAL,C,3000,13.79,0.1,Y,12,0
33947,57,57600,RENT,1.0,PERSONAL,B,3000,10.99,0.05,N,24,0
33948,29,75000,MORTGAGE,0.0,EDUCATION,A,15000,6.03,0.2,N,5,0
33949,23,70000,MORTGAGE,5.0,DEBTCONSOLIDATION,B,15000,10.99,0.21,N,3,0
33950,28,97296,MORTGAGE,12.0,EDUCATION,B,12000,12.42,0.12,N,9,0
33951,33,84000,OWN,4.0,PERSONAL,A,14400,7.49,0.17,N,5,0
33952,39,98603,MORTGAGE,18.0,MEDICAL,A,20000,7.51,0.18,N,14,0
33953,41,65000,RENT,5.0,MEDICAL,B,10000,8.88,0.15,N,12,0
33954,26,45000,MORTGAGE,10.0,VENTURE,C,6250,12.53,0.14,Y,4,0
33955,29,120000,MORTGAGE,11.0,DEBTCONSOLIDATION,C,8000,13.49,0.07,Y,8,0
33956,33,50000,MORTGAGE,2.0,DEBTCONSOLIDATION,C,4000,13.35,0.08,Y,9,1
33957,31,24000,RENT,0.0,MEDICAL,B,1500,10.99,0.06,N,8,0
33958,44,58000,RENT,4.0,VENTURE,C,4000,13.98,0.07,Y,12,0
33959,44,78000,RENT,1.0,HOMEIMPROVEMENT,D,11200,17.58,0.14,N,15,1
33960,21,35000,RENT,0.0,EDUCATION,C,3000,13.35,0.09,N,2,0
33961,37,65000,MORTGAGE,2.0,DEBTCONSOLIDATION,B,6600,10.65,0.1,N,14,0
33962,31,64000,RENT,0.0,HOMEIMPROVEMENT,D,15000,14.42,0.23,N,6,1
33963,21,30000,RENT,0.0,MEDICAL,C,3500,13.49,0.12,Y,2,0
33964,34,60000,RENT,0.0,VENTURE,B,4000,10.99,0.07,N,10,0
33965,23,60000,RENT,0.0,PERSONAL,A,3000,7.29,0.05,N,2,0
33966,27,117000,MORTGAGE,4.0,EDUCATION,D,14000,15.65,0.12,N,7,0
33967,23,40000,RENT,2.0,DEBTCONSOLIDATION,C,3500,14.22,0.09,N,3,0
33968,23,35316,RENT,0.0,MEDICAL,A,7175,7.49,0.2,N,4,0
33969,22,35000,RENT,0.0,MEDICAL,B,10000,10.37,0.29,N,4,0
33970,28,70000,MORTGAGE,12.0,PERSONAL,B,3000,12.42,0.04,N,5,0
33971,22,42000,MORTGAGE,7.0,PERSONAL,C,5000,13.8,0.12,Y,4,0
33972,23,30000,RENT,2.0,MEDICAL,C,5000,13.49,0.17,Y,2,0
33973,29,50000,MORTGAGE,8.0,MEDICAL,B,7000,8.88,0.14,N,6,0
33974,37,120000,OWN,1.0,HOMEIMPROVEMENT,C,7500,10.28,0.06,N,16,0
33975,26,54000,RENT,3.0,HOMEIMPROVEMENT,E,12000,16.4,0.22,Y,2,1
33976,25,42000,MORTGAGE,9.0,MEDICAL,A,8000,5.42,0.19,N,2,0
33977,22,52000,MORTGAGE,6.0,VENTURE,A,4000,7.88,0.08,N,2,0
33978,23,32796,RENT,3.0,MEDICAL,C,4800,12.98,0.15,Y,4,0
33979,24,91000,MORTGAGE,8.0,VENTURE,B,2400,10.59,0.03,N,4,0
33980,29,54000,MORTGAGE,2.0,HOMEIMPROVEMENT,A,5000,9.63,0.09,N,8,0
33981,26,135000,MORTGAGE,7.0,VENTURE,A,17625,7.49,0.13,N,4,0
33982,38,98480,MORTGAGE,8.0,VENTURE,C,2500,13.22,0.03,Y,16,0
33983,24,40000,RENT,3.0,VENTURE,A,6000,7.88,0.15,N,4,0
33984,50,36000,RENT,4.0,MEDICAL,B,6000,11.14,0.17,N,15,0
33985,24,60000,MORTGAGE,4.0,DEBTCONSOLIDATION,A,8000,7.49,0.13,N,4,0
33986,38,60000,MORTGAGE,0.0,VENTURE,B,18500,10.99,0.31,N,12,0
33987,27,52000,MORTGAGE,11.0,EDUCATION,C,5000,12.53,0.1,N,7,0
33988,24,68400,MORTGAGE,6.0,MEDICAL,B,7000,10.65,0.08,N,3,1
33989,37,52000,RENT,2.0,PERSONAL,D,15000,14.96,0.29,Y,17,1
33990,24,54000,RENT,8.0,DEBTCONSOLIDATION,C,2000,13.72,0.04,Y,4,0
33991,31,60000,RENT,3.0,VENTURE,B,11800,10.75,0.2,N,7,0
33992,33,78000,MORTGAGE,4.0,PERSONAL,B,20000,11.49,0.26,N,9,0
33993,23,40000,MORTGAGE,7.0,MEDICAL,B,1500,12.69,0.04,N,4,0
33994,34,33000,RENT,2.0,PERSONAL,A,3200,8.0,0.1,N,5,0
33995,27,96000,MORTGAGE,11.0,PERSONAL,C,6000,14.17,0.06,N,7,0
33996,23,92500,RENT,2.0,DEBTCONSOLIDATION,A,12000,7.66,0.13,N,2,0
33997,34,90000,MORTGAGE,8.0,EDUCATION,B,3000,9.25,0.03,N,6,0
33998,30,28000,RENT,1.0,PERSONAL,C,7500,13.22,0.27,N,10,0
33999,30,75000,MORTGAGE,2.0,DEBTCONSOLIDATION,A,8000,7.51,0.11,N,6,0
34000,26,42000,RENT,3.0,DEBTCONSOLIDATION,B,8000,10.0,0.19,N,2,0
34001,32,35000,MORTGAGE,6.0,VENTURE,A,6600,7.9,0.19,N,8,0
34002,29,44000,OWN,2.0,EDUCATION,C,6000,13.98,0.14,N,10,0
34003,24,50000,RENT,8.0,VENTURE,A,8000,6.62,0.16,N,2,0
34004,22,40000,RENT,6.0,EDUCATION,A,5000,5.42,0.13,N,3,0
34005,27,44000,MORTGAGE,2.0,MEDICAL,B,15000,10.99,0.34,N,9,1
34006,29,100000,RENT,3.0,VENTURE,B,18000,10.59,0.18,N,9,0
34007,40,350000,OWN,16.0,PERSONAL,B,2000,11.49,0.06,N,13,0
34008,26,37440,RENT,6.0,MEDICAL,C,5000,13.99,0.13,N,3,0
34009,36,44000,MORTGAGE,4.0,DEBTCONSOLIDATION,E,2000,16.35,0.05,N,14,1
34010,24,55000,MORTGAGE,7.0,VENTURE,A,14400,7.14,0.25,N,2,0
34011,27,51500,RENT,2.0,HOMEIMPROVEMENT,D,4000,14.96,0.08,N,6,1
34012,28,56000,MORTGAGE,0.0,MEDICAL,C,15000,13.98,0.27,N,8,0
34013,25,70000,RENT,2.0,MEDICAL,A,5000,8.9,0.07,N,3,0
34014,23,70000,RENT,5.0,VENTURE,B,14000,10.99,0.2,N,2,0
34015,33,60000,MORTGAGE,8.0,EDUCATION,A,10000,7.88,0.17,N,10,0
34016,27,36000,RENT,9.0,VENTURE,B,5000,11.99,0.14,N,7,0
34017,26,19200,RENT,0.0,EDUCATION,C,5875,14.11,0.31,N,3,1
34018,24,60000,RENT,8.0,MEDICAL,C,5000,13.99,0.08,Y,4,0
34019,27,30000,RENT,3.0,DEBTCONSOLIDATION,B,12000,11.71,0.4,N,10,1
34020,28,80000,MORTGAGE,0.0,PERSONAL,C,12000,12.68,0.15,N,10,0
34021,26,66000,RENT,10.0,MEDICAL,B,12000,12.69,0.18,N,4,0
34022,36,110000,RENT,2.0,HOMEIMPROVEMENT,A,16000,8.94,0.15,N,14,0
34023,32,37000,RENT,1.0,MEDICAL,A,2600,7.9,0.07,N,9,0
34024,26,139008,MORTGAGE,0.0,EDUCATION,A,11200,8.59,0.08,N,4,0
34025,23,51780,RENT,0.0,VENTURE,A,12000,6.92,0.23,N,2,0
34026,31,143004,MORTGAGE,3.0,DEBTCONSOLIDATION,A,10000,6.99,0.07,N,8,0
34027,23,88000,MORTGAGE,7.0,PERSONAL,B,10000,11.14,0.11,N,3,1
34028,24,142000,MORTGAGE,8.0,PERSONAL,B,24250,11.48,0.17,N,4,0
34029,24,40000,MORTGAGE,1.0,VENTURE,A,6500,9.63,0.16,N,2,0
34030,29,42000,RENT,4.0,DEBTCONSOLIDATION,C,10000,13.23,0.24,Y,6,0
34031,25,96000,MORTGAGE,9.0,MEDICAL,B,11200,11.99,0.12,N,4,0
34032,40,75000,MORTGAGE,17.0,EDUCATION,A,7000,5.42,0.09,N,14,0
34033,25,192000,MORTGAGE,9.0,DEBTCONSOLIDATION,C,15000,12.09,0.08,Y,3,0
34034,28,54989,RENT,1.0,HOMEIMPROVEMENT,A,8000,7.51,0.15,N,8,1
34035,30,122000,RENT,3.0,EDUCATION,B,15000,10.39,0.12,N,7,0
34036,28,45000,MORTGAGE,12.0,DEBTCONSOLIDATION,B,16000,11.71,0.36,N,8,0
34037,31,70000,RENT,3.0,VENTURE,A,9000,8.49,0.13,N,7,0
34038,26,100000,MORTGAGE,10.0,MEDICAL,C,11000,13.35,0.11,N,3,0
34039,23,48000,RENT,0.0,DEBTCONSOLIDATION,D,9800,16.77,0.2,N,4,1
34040,24,42000,RENT,8.0,MEDICAL,B,8450,10.25,0.2,N,2,0
34041,23,59000,RENT,7.0,VENTURE,B,10000,11.12,0.17,N,4,0
34042,22,60000,RENT,6.0,PERSONAL,A,12000,6.99,0.2,N,3,0
34043,25,24000,RENT,0.0,MEDICAL,B,5000,10.62,0.21,N,3,0
34044,29,60000,MORTGAGE,3.0,DEBTCONSOLIDATION,A,5500,7.74,0.09,N,7,0
34045,23,65000,RENT,4.0,PERSONAL,E,3000,16.7,0.05,Y,3,0
34046,26,39996,MORTGAGE,4.0,HOMEIMPROVEMENT,A,2500,7.51,0.06,N,3,0
34047,24,43000,RENT,4.0,MEDICAL,C,22800,14.27,0.48,Y,4,1
34048,31,35000,RENT,3.0,MEDICAL,A,10000,5.79,0.29,N,10,0
34049,24,60000,MORTGAGE,6.0,PERSONAL,C,6000,13.79,0.1,Y,2,0
34050,27,70000,RENT,0.0,HOMEIMPROVEMENT,B,22000,11.89,0.31,N,5,1
34051,30,53000,MORTGAGE,5.0,VENTURE,D,12000,15.58,0.23,N,5,0
34052,23,85000,MORTGAGE,1.0,DEBTCONSOLIDATION,A,5500,7.68,0.06,N,2,0
34053,38,46320,MORTGAGE,6.0,PERSONAL,A,10000,6.99,0.23,N,12,0
34054,31,34000,MORTGAGE,9.0,EDUCATION,B,7800,10.95,0.24,N,10,0
34055,23,60000,MORTGAGE,7.0,EDUCATION,B,14400,11.71,0.24,N,4,0
34056,27,30000,RENT,4.0,EDUCATION,C,5000,14.22,0.17,Y,5,0
34057,22,35000,RENT,3.0,PERSONAL,B,10000,12.53,0.29,N,4,0
34058,22,50000,RENT,0.0,PERSONAL,C,5000,13.48,0.1,Y,3,0
34059,34,50000,RENT,3.0,VENTURE,C,12000,13.57,0.24,N,10,0
34060,31,44000,RENT,3.0,MEDICAL,B,9150,10.65,0.22,N,5,0
34061,26,44000,MORTGAGE,2.0,PERSONAL,A,11000,7.51,0.25,N,4,0
34062,21,51000,RENT,5.0,EDUCATION,A,17000,7.9,0.33,N,4,1
34063,41,125000,MORTGAGE,12.0,MEDICAL,C,8000,13.49,0.06,N,15,0
34064,36,42000,RENT,5.0,VENTURE,A,2500,7.29,0.06,N,12,0
34065,25,56004,RENT,1.0,HOMEIMPROVEMENT,B,13000,12.53,0.23,N,3,0
34066,25,30000,RENT,6.0,EDUCATION,A,4000,7.9,0.13,N,2,0
34067,23,75000,MORTGAGE,7.0,PERSONAL,B,9000,11.99,0.12,N,4,0
34068,23,26400,MORTGAGE,7.0,VENTURE,C,6500,13.23,0.25,Y,3,0
34069,31,30000,RENT,4.0,MEDICAL,C,5175,14.79,0.16,N,7,0
34070,28,65000,RENT,5.0,VENTURE,D,10000,14.61,0.15,Y,5,0
34071,24,42000,RENT,2.0,MEDICAL,B,10000,9.62,0.24,N,4,0
34072,24,75000,MORTGAGE,8.0,MEDICAL,A,15000,7.9,0.2,N,4,0
34073,29,36000,RENT,3.0,VENTURE,D,6000,15.99,0.17,Y,8,0
34074,23,25000,RENT,6.0,MEDICAL,A,10625,8.9,0.42,N,2,1
34075,22,39996,RENT,5.0,MEDICAL,A,14000,7.49,0.35,N,3,1
34076,38,29004,RENT,3.0,PERSONAL,B,6000,9.99,0.2,N,13,0
34077,24,47000,RENT,3.0,VENTURE,A,6000,6.62,0.13,N,3,0
34078,34,60000,RENT,4.0,MEDICAL,B,15000,11.83,0.25,N,9,0
34079,30,100111,MORTGAGE,14.0,EDUCATION,C,20000,15.23,0.2,Y,9,0
34080,25,96000,MORTGAGE,5.0,VENTURE,A,4000,6.99,0.04,N,2,0
34081,27,61200,MORTGAGE,7.0,PERSONAL,B,15000,10.38,0.21,N,10,0
34082,33,44000,RENT,7.0,EDUCATION,C,7500,13.92,0.17,Y,9,1
34083,26,48000,RENT,10.0,PERSONAL,A,8400,5.79,0.17,N,3,0
34084,25,72000,RENT,1.0,MEDICAL,B,10000,10.95,0.14,N,2,0
34085,23,50000,MORTGAGE,0.0,EDUCATION,C,10000,13.11,0.2,Y,2,0
34086,26,90000,RENT,3.0,DEBTCONSOLIDATION,B,13000,10.74,0.14,N,3,0
34087,22,60000,RENT,6.0,MEDICAL,A,5000,5.79,0.08,N,2,0
34088,34,90000,RENT,4.0,PERSONAL,B,25000,10.99,0.26,N,8,1
34089,24,70000,MORTGAGE,3.0,VENTURE,B,2000,11.49,0.03,N,2,0
34090,24,37000,RENT,8.0,MEDICAL,C,9000,13.49,0.24,N,3,0
34091,25,58500,RENT,1.0,DEBTCONSOLIDATION,C,5200,13.49,0.09,Y,4,0
34092,25,32000,RENT,6.0,EDUCATION,B,4500,10.37,0.14,N,3,0
34093,25,54400,MORTGAGE,4.0,MEDICAL,D,5000,14.91,0.07,Y,3,1
34094,25,26004,RENT,1.0,DEBTCONSOLIDATION,A,6500,7.14,0.25,N,4,0
34095,31,85224,MORTGAGE,15.0,PERSONAL,A,16000,7.51,0.19,N,7,0
34096,29,36996,MORTGAGE,2.0,HOMEIMPROVEMENT,D,5000,12.61,0.14,Y,6,0
34097,31,60000,RENT,4.0,PERSONAL,B,12250,11.26,0.2,N,7,0
34098,23,55000,RENT,6.0,VENTURE,B,12000,9.91,0.22,N,3,0
34099,22,65000,MORTGAGE,6.0,MEDICAL,B,7000,12.42,0.11,N,4,0
34100,23,62000,RENT,1.0,MEDICAL,C,10000,12.99,0.16,Y,3,0
34101,23,72000,MORTGAGE,5.0,EDUCATION,B,8000,11.26,0.11,N,4,0
34102,29,65000,RENT,2.0,PERSONAL,B,10000,10.37,0.15,N,6,0
34103,23,65000,MORTGAGE,7.0,PERSONAL,D,20000,16.07,0.31,Y,3,0
34104,29,175000,RENT,0.0,DEBTCONSOLIDATION,B,20000,11.48,0.11,N,8,0
34105,22,50000,MORTGAGE,4.0,DEBTCONSOLIDATION,B,12600,11.71,0.25,N,2,0
34106,23,66996,MORTGAGE,7.0,EDUCATION,A,7000,7.88,0.11,N,4,0
34107,40,60000,RENT,3.0,HOMEIMPROVEMENT,B,6000,10.99,0.1,N,16,0
34108,24,125000,MORTGAGE,8.0,EDUCATION,A,7500,6.62,0.06,N,4,0
34109,24,78411,OTHER,7.0,DEBTCONSOLIDATION,B,15850,11.14,0.2,N,2,0
34110,24,325000,MORTGAGE,8.0,HOMEIMPROVEMENT,B,10000,12.53,0.03,N,2,0
34111,26,85000,RENT,10.0,PERSONAL,B,15000,10.65,0.18,N,4,0
34112,28,50000,MORTGAGE,8.0,VENTURE,A,5000,7.51,0.1,N,5,0
34113,38,80000,RENT,2.0,VENTURE,B,14000,11.14,0.17,N,11,0
34114,30,72000,RENT,14.0,MEDICAL,A,4000,8.59,0.06,N,7,0
34115,21,42000,MORTGAGE,5.0,MEDICAL,A,10000,6.54,0.24,N,4,0
34116,33,30000,RENT,3.0,VENTURE,B,6000,11.36,0.2,N,6,0
34117,23,70000,RENT,0.0,EDUCATION,B,22000,9.76,0.31,N,3,1
34118,25,57400,MORTGAGE,8.0,DEBTCONSOLIDATION,C,10500,13.49,0.18,Y,2,0
34119,29,85000,MORTGAGE,13.0,MEDICAL,C,10000,12.98,0.12,N,9,0
34120,22,39000,MORTGAGE,6.0,MEDICAL,D,6000,15.62,0.15,Y,4,1
34121,30,28685,RENT,1.0,HOMEIMPROVEMENT,D,5000,12.92,0.18,Y,5,1
34122,36,36400,RENT,5.0,MEDICAL,A,5000,7.88,0.14,N,16,0
34123,23,39996,RENT,2.0,EDUCATION,B,6000,10.37,0.15,N,4,0
34124,36,120000,MORTGAGE,5.0,VENTURE,C,25000,13.49,0.21,Y,14,0
34125,21,60000,RENT,5.0,EDUCATION,B,3500,10.65,0.06,N,4,0
34126,22,28500,MORTGAGE,3.0,EDUCATION,B,8500,12.53,0.3,N,4,0
34127,22,75000,MORTGAGE,3.0,EDUCATION,B,15000,10.25,0.2,N,4,0
34128,27,85000,MORTGAGE,4.0,PERSONAL,B,8000,10.99,0.09,N,9,0
34129,27,54000,MORTGAGE,11.0,MEDICAL,A,9600,7.66,0.18,N,8,1
34130,22,50000,RENT,1.0,EDUCATION,A,4000,7.88,0.08,N,4,0
34131,26,60000,RENT,2.0,MEDICAL,C,5000,13.49,0.08,Y,4,0
34132,25,90000,MORTGAGE,2.0,PERSONAL,B,13000,11.26,0.14,N,4,0
34133,37,75000,MORTGAGE,19.0,MEDICAL,A,12000,7.49,0.16,N,14,0
34134,29,59000,MORTGAGE,3.0,VENTURE,C,10000,13.49,0.17,N,7,0
34135,37,55000,RENT,0.0,MEDICAL,B,8000,10.08,0.15,N,17,0
34136,27,60000,MORTGAGE,11.0,VENTURE,B,5000,10.0,0.08,N,10,0
34137,33,58000,RENT,12.0,VENTURE,B,10000,10.38,0.17,N,6,0
34138,33,35000,RENT,2.0,VENTURE,A,4250,6.62,0.12,N,6,0
34139,27,60000,MORTGAGE,11.0,DEBTCONSOLIDATION,D,16000,16.77,0.27,Y,6,1
34140,23,24000,RENT,0.0,DEBTCONSOLIDATION,C,2000,14.35,0.08,N,3,0
34141,27,54000,MORTGAGE,8.0,EDUCATION,A,10000,7.51,0.19,N,9,0
34142,22,44160,RENT,7.0,MEDICAL,B,10000,12.21,0.23,N,3,0
34143,33,75000,MORTGAGE,2.0,PERSONAL,A,12000,7.51,0.16,N,9,0
34144,23,32000,RENT,0.0,PERSONAL,A,10000,8.59,0.31,N,3,1
34145,38,75000,RENT,0.0,MEDICAL,B,14400,11.36,0.19,N,16,0
34146,41,102000,MORTGAGE,5.0,EDUCATION,A,5500,7.88,0.05,N,12,0
34147,33,38000,MORTGAGE,4.0,PERSONAL,D,10000,14.42,0.26,Y,6,0
34148,27,72250,MORTGAGE,3.0,MEDICAL,D,28000,16.77,0.32,Y,6,1
34149,32,75000,MORTGAGE,14.0,MEDICAL,B,20000,11.11,0.27,N,9,0
34150,27,65000,RENT,11.0,DEBTCONSOLIDATION,A,6000,8.49,0.09,N,7,0
34151,28,33000,RENT,3.0,PERSONAL,B,4000,10.37,0.12,N,10,0
34152,29,27000,RENT,5.0,MEDICAL,C,4500,14.27,0.16,Y,8,1
34153,31,56000,MORTGAGE,5.0,DEBTCONSOLIDATION,A,5500,7.14,0.1,N,6,0
34154,25,24000,RENT,3.0,VENTURE,A,7000,8.49,0.29,N,3,0
34155,28,52000,RENT,3.0,MEDICAL,B,5000,10.36,0.1,N,8,0
34156,30,50000,RENT,4.0,MEDICAL,C,4500,14.22,0.09,N,10,0
34157,25,85000,MORTGAGE,0.0,MEDICAL,B,24000,11.48,0.28,N,4,0
34158,24,35000,RENT,5.0,MEDICAL,A,10000,7.51,0.29,N,4,0
34159,42,55000,MORTGAGE,0.0,MEDICAL,C,18000,14.35,0.34,Y,17,0
34160,33,105600,MORTGAGE,16.0,VENTURE,B,25000,12.18,0.23,N,10,0
34161,34,30000,RENT,1.0,EDUCATION,A,1200,7.14,0.04,N,9,0
34162,26,45000,RENT,0.0,EDUCATION,B,1500,10.25,0.03,N,2,0
34163,22,120000,MORTGAGE,6.0,PERSONAL,B,15000,10.99,0.13,N,2,0
34164,27,90000,MORTGAGE,4.0,PERSONAL,A,10000,5.79,0.11,N,9,0
34165,25,120000,RENT,4.0,PERSONAL,B,16000,11.12,0.13,N,3,0
34166,27,75000,MORTGAGE,2.0,MEDICAL,A,8000,7.14,0.11,N,10,0
34167,25,102000,MORTGAGE,9.0,EDUCATION,B,7000,11.49,0.07,N,3,0
34168,23,42000,RENT,7.0,VENTURE,A,6000,7.9,0.14,N,3,0
34169,23,42000,MORTGAGE,6.0,DEBTCONSOLIDATION,B,6000,10.36,0.14,N,2,0
34170,28,100000,RENT,3.0,VENTURE,B,20000,11.83,0.2,N,10,0
34171,33,90000,RENT,2.0,MEDICAL,C,20000,12.53,0.22,N,7,0
34172,25,77250,RENT,9.0,HOMEIMPROVEMENT,B,1200,9.2,0.02,N,4,0
34173,30,32400,RENT,2.0,EDUCATION,E,10000,16.32,0.31,N,10,1
34174,21,54000,MORTGAGE,3.0,PERSONAL,B,12000,10.37,0.22,N,3,0
34175,22,75000,RENT,2.0,EDUCATION,C,13200,14.79,0.18,N,3,0
34176,22,71000,RENT,1.0,EDUCATION,A,14400,9.32,0.2,N,4,0
34177,24,47000,RENT,0.0,EDUCATION,A,5000,7.49,0.11,N,3,0
34178,34,117000,MORTGAGE,4.0,EDUCATION,A,6000,6.91,0.05,N,7,0
34179,25,150000,MORTGAGE,5.0,EDUCATION,B,15000,12.18,0.1,N,3,0
34180,37,30000,OWN,5.0,EDUCATION,B,5000,9.91,0.17,N,17,0
34181,25,50000,RENT,9.0,VENTURE,A,10000,7.29,0.2,N,2,0
34182,24,84996,MORTGAGE,1.0,HOMEIMPROVEMENT,B,2500,10.74,0.03,N,3,0
34183,24,45000,RENT,0.0,HOMEIMPROVEMENT,B,10000,9.91,0.22,N,4,1
34184,22,47000,RENT,6.0,MEDICAL,C,8000,13.49,0.17,N,3,0
34185,24,80000,RENT,0.0,MEDICAL,A,12000,6.54,0.15,N,4,0
34186,23,33000,RENT,0.0,MEDICAL,B,5600,10.95,0.17,N,4,0
34187,24,75000,MORTGAGE,8.0,DEBTCONSOLIDATION,A,10000,6.62,0.13,N,4,0
34188,22,50000,MORTGAGE,1.0,EDUCATION,A,8000,7.49,0.16,N,2,0
34189,26,24000,OWN,3.0,VENTURE,C,2750,13.57,0.11,Y,2,0
34190,30,32000,RENT,0.0,MEDICAL,C,6000,12.99,0.19,N,8,0
34191,29,60000,RENT,3.0,MEDICAL,D,10000,15.99,0.17,N,8,1
34192,23,60000,RENT,5.0,MEDICAL,C,2800,12.99,0.05,Y,4,0
34193,25,110000,RENT,1.0,DEBTCONSOLIDATION,B,12000,12.18,0.11,N,3,0
34194,31,60000,MORTGAGE,2.0,HOMEIMPROVEMENT,A,7000,7.14,0.12,N,6,0
34195,39,45000,RENT,3.0,MEDICAL,C,12000,12.99,0.27,Y,14,0
34196,52,35004,RENT,0.0,PERSONAL,B,7200,11.11,0.21,N,25,0
34197,43,99400,MORTGAGE,6.0,VENTURE,A,24000,6.92,0.25,N,16,0
34198,27,55000,MORTGAGE,3.0,PERSONAL,A,10250,6.62,0.19,N,9,0
34199,42,95000,MORTGAGE,1.0,MEDICAL,A,5000,5.42,0.05,N,17,0
34200,30,33000,RENT,8.0,MEDICAL,B,5000,10.75,0.15,N,8,0
34201,31,85000,MORTGAGE,2.0,EDUCATION,B,8400,11.99,0.1,N,8,0
34202,32,50000,MORTGAGE,0.0,DEBTCONSOLIDATION,B,12000,10.0,0.24,N,10,0
34203,23,78000,MORTGAGE,1.0,DEBTCONSOLIDATION,B,5600,11.62,0.07,N,3,1
34204,24,43000,RENT,5.0,DEBTCONSOLIDATION,A,10000,7.51,0.23,N,2,0
34205,22,35000,RENT,3.0,DEBTCONSOLIDATION,C,15000,13.11,0.43,N,4,1
34206,33,67500,RENT,2.0,DEBTCONSOLIDATION,B,3000,9.99,0.04,N,9,0
34207,34,82000,MORTGAGE,11.0,VENTURE,A,10000,7.51,0.12,N,7,0
34208,31,39000,RENT,7.0,PERSONAL,A,8000,7.49,0.21,N,10,0
34209,29,30000,RENT,15.0,MEDICAL,A,5000,7.14,0.17,N,9,0
34210,43,62000,MORTGAGE,3.0,VENTURE,A,12000,6.62,0.19,N,17,0
34211,27,25000,MORTGAGE,4.0,MEDICAL,B,3700,9.99,0.15,N,9,0
34212,22,70000,RENT,3.0,EDUCATION,C,12000,13.49,0.17,Y,2,0
34213,31,30000,MORTGAGE,3.0,HOMEIMPROVEMENT,B,2000,11.12,0.07,N,5,0
34214,24,26000,RENT,8.0,PERSONAL,B,4800,11.49,0.18,N,4,0
34215,23,80000,RENT,5.0,DEBTCONSOLIDATION,B,2000,11.12,0.03,N,4,0
34216,24,55308,MORTGAGE,8.0,EDUCATION,B,2000,11.49,0.04,N,4,0
34217,25,60000,RENT,2.0,EDUCATION,B,5000,9.99,0.08,N,4,0
34218,27,78000,MORTGAGE,4.0,DEBTCONSOLIDATION,A,8000,6.03,0.1,N,7,0
34219,35,30000,RENT,3.0,EDUCATION,B,5000,11.49,0.17,N,7,0
34220,31,80000,MORTGAGE,15.0,VENTURE,A,12000,6.03,0.15,N,8,0
34221,23,98000,RENT,3.0,VENTURE,A,10000,8.94,0.1,N,3,0
34222,23,70000,MORTGAGE,8.0,EDUCATION,A,25000,7.88,0.36,N,2,0
34223,28,78500,MORTGAGE,3.0,EDUCATION,C,15000,13.85,0.19,Y,7,0
34224,23,70000,MORTGAGE,7.0,VENTURE,B,10000,9.88,0.14,N,3,0
34225,34,42000,RENT,2.0,PERSONAL,B,5000,11.71,0.12,N,10,1
34226,22,72000,MORTGAGE,6.0,VENTURE,B,20000,10.08,0.28,N,4,0
34227,35,38000,RENT,2.0,DEBTCONSOLIDATION,C,7000,13.49,0.19,N,7,0
34228,25,60000,RENT,6.0,VENTURE,B,25000,10.08,0.42,N,4,1
34229,24,30000,RENT,4.0,DEBTCONSOLIDATION,D,10000,15.65,0.33,N,2,1
34230,43,57000,MORTGAGE,5.0,PERSONAL,A,8000,5.42,0.14,N,11,0
34231,22,60000,RENT,4.0,VENTURE,C,6000,13.49,0.1,Y,3,0
34232,30,50000,RENT,9.0,EDUCATION,A,8000,7.14,0.16,N,10,0
34233,24,80000,MORTGAGE,9.0,DEBTCONSOLIDATION,A,15000,7.88,0.19,N,2,0
34234,23,85000,RENT,7.0,EDUCATION,D,5000,15.99,0.06,N,2,0
34235,25,35000,RENT,0.0,MEDICAL,D,9800,15.7,0.3,N,4,1
34236,35,35000,RENT,2.0,VENTURE,A,8000,7.51,0.23,N,8,0
34237,39,125000,MORTGAGE,10.0,PERSONAL,B,8000,11.14,0.06,N,15,0
34238,36,50000,MORTGAGE,3.0,HOMEIMPROVEMENT,A,3000,7.14,0.06,N,15,0
34239,35,57000,RENT,1.0,MEDICAL,B,9000,10.37,0.16,N,7,0
34240,22,52000,RENT,5.0,EDUCATION,A,5000,7.49,0.1,N,2,0
34241,45,54000,RENT,5.0,DEBTCONSOLIDATION,B,16000,9.88,0.3,N,14,1
34242,28,34000,RENT,0.0,VENTURE,C,12000,14.26,0.35,N,8,1
34243,29,90000,MORTGAGE,6.0,MEDICAL,B,10000,11.71,0.11,N,8,0
34244,23,120000,MORTGAGE,7.0,DEBTCONSOLIDATION,B,8000,10.0,0.07,N,2,0
34245,25,45600,MORTGAGE,5.0,VENTURE,C,9600,14.27,0.21,Y,3,0
34246,26,24000,OWN,1.0,VENTURE,B,5500,9.99,0.23,N,4,0
34247,26,69000,RENT,10.0,HOMEIMPROVEMENT,C,15000,13.99,0.22,Y,4,0
34248,25,43200,RENT,5.0,EDUCATION,D,8000,14.96,0.19,Y,3,0
34249,39,87920,RENT,2.0,MEDICAL,B,3000,12.21,0.03,Y,16,0
34250,42,80000,RENT,2.0,EDUCATION,C,3600,12.99,0.04,N,12,0
34251,24,60000,RENT,4.0,EDUCATION,B,2000,12.18,0.03,N,3,0
34252,29,115000,MORTGAGE,13.0,DEBTCONSOLIDATION,A,8100,7.88,0.07,N,6,0
34253,30,55000,RENT,1.0,DEBTCONSOLIDATION,C,5000,14.17,0.09,N,6,1
34254,30,32000,RENT,2.0,PERSONAL,A,4000,7.4,0.13,N,7,0
34255,29,44000,RENT,0.0,HOMEIMPROVEMENT,E,2000,19.42,0.05,Y,9,1
34256,38,50000,MORTGAGE,3.0,DEBTCONSOLIDATION,B,12000,10.37,0.24,N,17,0
34257,22,27000,RENT,3.0,DEBTCONSOLIDATION,D,6000,14.11,0.22,Y,3,1
34258,22,45600,MORTGAGE,6.0,MEDICAL,B,5000,12.53,0.11,N,2,0
34259,22,40000,RENT,2.0,MEDICAL,A,4200,7.29,0.1,N,3,0
34260,22,72000,MORTGAGE,6.0,EDUCATION,D,12000,14.96,0.17,Y,2,0
34261,30,44760,RENT,1.0,MEDICAL,B,3300,11.71,0.07,N,8,0
34262,29,60000,MORTGAGE,5.0,DEBTCONSOLIDATION,B,10000,11.49,0.17,N,5,0
34263,33,30000,RENT,5.0,EDUCATION,A,4200,6.92,0.14,N,5,0
34264,22,54000,RENT,6.0,EDUCATION,C,5000,15.23,0.09,Y,2,0
34265,25,60000,OWN,9.0,VENTURE,A,12000,7.51,0.2,N,4,0
34266,24,43000,OWN,8.0,MEDICAL,A,9000,9.63,0.21,N,4,0
34267,29,60000,RENT,4.0,EDUCATION,A,12000,7.14,0.2,N,8,0
34268,31,72000,MORTGAGE,15.0,MEDICAL,A,3000,6.76,0.04,N,9,0
34269,21,80000,MORTGAGE,5.0,PERSONAL,A,6000,7.14,0.07,N,3,0
34270,28,40000,RENT,12.0,EDUCATION,A,5000,6.03,0.13,N,5,0
34271,28,30000,RENT,2.0,DEBTCONSOLIDATION,B,5000,12.42,0.17,N,7,0
34272,27,75000,RENT,10.0,EDUCATION,C,14125,13.49,0.19,Y,8,0
34273,24,41000,RENT,0.0,MEDICAL,B,1200,10.99,0.03,N,4,0
34274,29,114400,MORTGAGE,13.0,DEBTCONSOLIDATION,B,18000,10.75,0.15,N,10,0
34275,26,90000,RENT,3.0,PERSONAL,B,20000,10.62,0.22,N,2,0
34276,28,34000,RENT,3.0,VENTURE,B,5000,9.99,0.15,N,9,0
34277,21,65004,MORTGAGE,3.0,EDUCATION,B,6000,9.99,0.09,N,2,0
34278,22,53000,RENT,0.0,EDUCATION,A,16000,7.9,0.3,N,4,0
34279,38,60000,MORTGAGE,0.0,PERSONAL,B,10000,10.99,0.17,N,14,0
34280,29,49000,RENT,1.0,VENTURE,E,5000,17.74,0.1,Y,7,1
34281,27,120000,RENT,3.0,DEBTCONSOLIDATION,B,14000,12.69,0.12,N,5,0
34282,35,150000,MORTGAGE,9.0,MEDICAL,A,9000,7.14,0.06,N,8,0
34283,22,45000,RENT,4.0,EDUCATION,B,10000,11.14,0.22,N,2,0
34284,28,60000,RENT,3.0,DEBTCONSOLIDATION,C,5000,13.61,0.08,N,5,0
34285,23,31200,RENT,0.0,EDUCATION,B,3000,11.83,0.1,N,3,0
34286,25,50000,RENT,9.0,DEBTCONSOLIDATION,B,7200,10.25,0.14,N,3,0
34287,23,48000,RENT,0.0,PERSONAL,C,10000,13.49,0.21,N,3,0
34288,21,44004,RENT,3.0,MEDICAL,A,6000,9.38,0.14,N,4,0
34289,30,70000,MORTGAGE,15.0,MEDICAL,A,4800,7.51,0.07,N,8,0
34290,22,50000,RENT,2.0,EDUCATION,C,2000,13.48,0.04,Y,4,0
34291,24,38004,OWN,2.0,VENTURE,B,10000,11.12,0.26,N,3,0
34292,25,50000,RENT,2.0,EDUCATION,B,10000,10.36,0.2,N,3,0
34293,34,40000,MORTGAGE,12.0,DEBTCONSOLIDATION,A,5000,7.29,0.13,N,7,0
34294,36,100000,MORTGAGE,0.0,VENTURE,B,20000,11.48,0.2,N,13,0
34295,29,79500,RENT,0.0,DEBTCONSOLIDATION,B,6000,11.36,0.08,N,8,0
34296,25,90000,MORTGAGE,6.0,VENTURE,C,5000,13.85,0.06,N,2,0
34297,36,80000,MORTGAGE,9.0,VENTURE,D,21600,14.84,0.26,N,14,0
34298,24,55000,RENT,0.0,EDUCATION,A,7500,8.0,0.14,N,2,0
34299,28,45600,MORTGAGE,12.0,PERSONAL,A,6000,8.94,0.13,N,6,0
34300,25,80000,OWN,5.0,PERSONAL,B,12000,11.36,0.15,N,4,0
34301,22,42000,MORTGAGE,6.0,EDUCATION,A,2500,7.66,0.06,N,2,0
34302,26,46000,RENT,4.0,EDUCATION,C,9500,14.35,0.21,N,3,1
34303,23,130000,MORTGAGE,7.0,DEBTCONSOLIDATION,A,6000,7.51,0.05,N,3,0
34304,22,36000,MORTGAGE,4.0,DEBTCONSOLIDATION,A,5000,8.9,0.14,N,2,0
34305,28,50000,RENT,3.0,PERSONAL,D,3000,15.33,0.06,Y,10,0
34306,21,25000,RENT,1.0,EDUCATION,A,10000,5.99,0.4,N,4,1
34307,23,56000,MORTGAGE,3.0,PERSONAL,D,7000,14.96,0.13,N,2,0
34308,26,50000,RENT,1.0,PERSONAL,A,3000,8.59,0.06,N,2,0
34309,34,38250,RENT,5.0,VENTURE,D,5000,14.54,0.13,Y,5,0
34310,29,54000,MORTGAGE,0.0,DEBTCONSOLIDATION,E,6000,17.04,0.11,N,9,1
34311,22,60000,RENT,6.0,EDUCATION,B,20050,12.53,0.33,N,2,1
34312,27,57000,MORTGAGE,3.0,EDUCATION,A,3000,6.91,0.05,N,8,0
34313,32,40704,MORTGAGE,9.0,PERSONAL,C,10000,12.61,0.25,N,6,0
34314,21,60000,MORTGAGE,5.0,DEBTCONSOLIDATION,A,10000,7.88,0.17,N,4,0
34315,25,85000,RENT,8.0,VENTURE,B,12000,10.65,0.14,N,3,0
34316,23,55000,RENT,4.0,VENTURE,C,10000,13.49,0.18,N,2,0
34317,24,75000,RENT,8.0,DEBTCONSOLIDATION,B,12000,10.74,0.16,N,2,0
34318,39,42000,RENT,2.0,VENTURE,B,10000,10.37,0.24,N,15,0
34319,22,40000,RENT,2.0,MEDICAL,A,10000,7.14,0.25,N,4,0
34320,22,52000,MORTGAGE,3.0,EDUCATION,A,7000,7.88,0.13,N,4,0
34321,26,62000,MORTGAGE,10.0,HOMEIMPROVEMENT,A,8000,6.99,0.13,N,2,0
34322,25,48000,MORTGAGE,9.0,VENTURE,B,10000,11.99,0.21,N,3,0
34323,24,54000,RENT,1.0,VENTURE,D,6000,16.07,0.11,Y,4,1
34324,22,54000,RENT,4.0,MEDICAL,A,4000,6.54,0.07,N,4,0
34325,46,96339,MORTGAGE,5.0,DEBTCONSOLIDATION,D,13350,15.7,0.13,N,16,1
34326,29,30000,RENT,3.0,PERSONAL,A,6000,7.66,0.2,N,6,0
34327,23,60000,MORTGAGE,7.0,EDUCATION,A,17500,7.49,0.27,N,2,0
34328,33,183000,MORTGAGE,7.0,DEBTCONSOLIDATION,B,20000,11.36,0.11,N,10,0
34329,26,75000,RENT,10.0,PERSONAL,A,12000,8.49,0.16,N,4,0
34330,32,53004,RENT,6.0,EDUCATION,C,16500,13.72,0.31,Y,9,1
34331,29,35000,RENT,1.0,VENTURE,B,6500,11.49,0.19,N,6,0
34332,31,45449,RENT,3.0,MEDICAL,B,15000,11.48,0.33,N,10,0
34333,29,200000,RENT,4.0,EDUCATION,B,14000,12.69,0.07,N,7,0
34334,29,93000,MORTGAGE,11.0,HOMEIMPROVEMENT,A,2500,5.99,0.03,N,5,0
34335,29,140000,MORTGAGE,13.0,HOMEIMPROVEMENT,B,10000,10.74,0.07,N,10,0
34336,24,70000,RENT,4.0,PERSONAL,B,12000,12.42,0.17,N,4,0
34337,24,52000,RENT,2.0,DEBTCONSOLIDATION,B,12000,9.91,0.23,N,3,0
34338,29,44004,RENT,13.0,DEBTCONSOLIDATION,D,12000,15.33,0.27,Y,10,1
34339,29,120000,MORTGAGE,0.0,VENTURE,B,17500,10.25,0.15,N,8,0
34340,32,120000,RENT,3.0,VENTURE,D,10000,16.02,0.08,N,10,0
34341,27,65000,RENT,6.0,MEDICAL,A,15000,7.29,0.23,N,7,0
34342,24,60000,RENT,8.0,HOMEIMPROVEMENT,B,24000,10.65,0.4,N,2,0
34343,26,95000,RENT,0.0,HOMEIMPROVEMENT,B,12000,10.0,0.13,N,4,0
34344,22,50000,MORTGAGE,1.0,EDUCATION,B,2000,11.26,0.04,N,2,0
34345,24,33000,MORTGAGE,8.0,DEBTCONSOLIDATION,A,9600,7.88,0.27,N,4,0
34346,21,25000,OWN,5.0,VENTURE,A,5000,7.51,0.2,N,4,0
34347,23,60000,RENT,7.0,MEDICAL,B,8000,10.59,0.13,N,4,0
34348,32,65000,RENT,16.0,PERSONAL,A,6000,7.49,0.09,N,6,0
34349,24,48000,MORTGAGE,8.0,VENTURE,A,10000,5.79,0.21,N,3,0
34350,29,60000,MORTGAGE,2.0,EDUCATION,D,1500,14.96,0.03,Y,6,0
34351,22,36000,MORTGAGE,3.0,VENTURE,A,3600,5.99,0.1,N,4,0
34352,23,30000,RENT,0.0,HOMEIMPROVEMENT,A,5000,7.74,0.17,N,3,1
34353,46,110000,RENT,8.0,PERSONAL,C,6500,12.73,0.06,Y,16,0
34354,38,81204,MORTGAGE,7.0,HOMEIMPROVEMENT,A,9200,6.91,0.11,N,11,0
34355,29,61498,MORTGAGE,5.0,PERSONAL,B,20000,11.36,0.33,N,9,0
34356,39,48996,RENT,2.0,DEBTCONSOLIDATION,C,5000,13.23,0.1,Y,16,1
34357,47,52000,RENT,5.0,DEBTCONSOLIDATION,A,1500,7.49,0.03,N,17,0
34358,27,80000,RENT,11.0,PERSONAL,B,2500,11.71,0.03,N,7,0
34359,32,56950,MORTGAGE,16.0,MEDICAL,C,3500,12.99,0.05,Y,10,1
34360,26,58650,MORTGAGE,11.0,MEDICAL,A,3000,5.42,0.04,N,4,0
34361,29,120000,MORTGAGE,4.0,VENTURE,A,6000,6.99,0.05,N,9,0
34362,43,55000,MORTGAGE,3.0,HOMEIMPROVEMENT,A,4500,6.54,0.08,N,17,0
34363,26,60000,OWN,4.0,MEDICAL,B,4000,11.14,0.07,N,2,0
34364,26,36000,OWN,10.0,DEBTCONSOLIDATION,A,15000,9.63,0.42,N,2,0
34365,23,63000,OWN,7.0,EDUCATION,D,6800,14.54,0.11,Y,4,0
34366,22,48000,RENT,4.0,PERSONAL,A,13200,6.17,0.28,N,2,0
34367,51,34000,MORTGAGE,3.0,PERSONAL,C,5500,13.06,0.17,N,20,0
34368,28,87600,MORTGAGE,12.0,PERSONAL,A,14500,8.49,0.17,N,5,0
34369,26,30000,RENT,1.0,MEDICAL,A,3500,5.99,0.12,N,2,0
34370,21,58000,RENT,5.0,EDUCATION,B,3500,8.88,0.06,N,4,0
34371,39,85000,OWN,2.0,HOMEIMPROVEMENT,B,24000,11.86,0.28,N,13,0
34372,22,43000,RENT,3.0,MEDICAL,A,9600,7.51,0.23,N,2,0
34373,31,70000,MORTGAGE,11.0,HOMEIMPROVEMENT,A,6000,7.9,0.09,N,10,0
34374,29,58000,RENT,11.0,VENTURE,B,17000,9.91,0.29,N,6,0
34375,23,75000,RENT,5.0,PERSONAL,B,6600,8.88,0.09,N,4,0
34376,25,60000,MORTGAGE,2.0,VENTURE,A,1500,7.49,0.02,N,4,0
34377,37,60000,RENT,5.0,EDUCATION,B,7000,9.99,0.12,N,17,0
34378,28,110000,MORTGAGE,0.0,HOMEIMPROVEMENT,E,15200,15.68,0.14,Y,9,0
34379,30,44160,RENT,2.0,MEDICAL,A,9000,6.91,0.2,N,6,0
34380,31,50000,MORTGAGE,5.0,PERSONAL,A,5000,7.14,0.1,N,6,0
34381,28,40000,RENT,0.0,DEBTCONSOLIDATION,A,3600,7.29,0.09,N,6,0
34382,29,50000,MORTGAGE,3.0,HOMEIMPROVEMENT,A,2500,7.49,0.05,N,7,0
34383,24,50000,MORTGAGE,0.0,DEBTCONSOLIDATION,B,4000,10.59,0.08,N,3,0
34384,26,96000,RENT,1.0,HOMEIMPROVEMENT,B,4000,11.49,0.01,N,3,0
34385,38,170000,RENT,4.0,PERSONAL,C,4000,14.26,0.02,N,12,0
34386,30,52000,RENT,2.0,EDUCATION,A,4200,5.79,0.08,N,8,0
34387,22,43200,RENT,2.0,EDUCATION,C,12000,13.48,0.28,N,4,0
34388,26,52000,MORTGAGE,2.0,HOMEIMPROVEMENT,B,3300,10.99,0.06,N,4,0
34389,31,110000,RENT,6.0,EDUCATION,C,15000,12.73,0.14,N,9,0
34390,28,130000,RENT,12.0,VENTURE,A,20000,5.42,0.15,N,8,0
34391,24,41000,RENT,0.0,EDUCATION,D,4000,16.49,0.1,Y,2,1
34392,28,60000,MORTGAGE,12.0,PERSONAL,A,6000,8.9,0.1,N,8,0
34393,25,55000,MORTGAGE,7.0,HOMEIMPROVEMENT,A,16000,8.94,0.29,N,4,0
34394,27,63000,RENT,11.0,EDUCATION,A,11000,9.63,0.17,N,8,0
34395,29,225000,MORTGAGE,11.0,VENTURE,B,19000,10.62,0.09,N,9,0
34396,22,55000,RENT,1.0,EDUCATION,A,8000,5.42,0.15,N,4,0
34397,28,100000,RENT,1.0,DEBTCONSOLIDATION,A,5000,7.51,0.05,N,9,0
34398,24,98004,RENT,8.0,DEBTCONSOLIDATION,D,16000,14.42,0.16,Y,3,1
34399,23,98000,MORTGAGE,7.0,EDUCATION,B,10000,11.71,0.1,N,3,0
34400,29,70000,MORTGAGE,12.0,DEBTCONSOLIDATION,A,5000,7.51,0.07,N,9,0
34401,28,69000,MORTGAGE,0.0,DEBTCONSOLIDATION,D,15000,14.11,0.22,N,10,1
34402,24,18000,RENT,2.0,VENTURE,B,4000,10.99,0.22,N,2,1
34403,50,85000,RENT,2.0,PERSONAL,B,12000,11.36,0.14,N,15,0
34404,28,60000,MORTGAGE,12.0,VENTURE,A,7000,7.49,0.12,N,7,0
34405,24,44136,RENT,1.0,PERSONAL,C,4000,13.99,0.09,Y,2,0
34406,22,56004,OWN,5.0,PERSONAL,B,12000,11.14,0.21,N,2,0
34407,24,45000,RENT,1.0,DEBTCONSOLIDATION,B,10800,12.21,0.23,N,2,0
34408,36,36000,RENT,2.0,EDUCATION,C,6000,13.22,0.17,N,15,0
34409,31,35000,MORTGAGE,0.0,HOMEIMPROVEMENT,B,3600,10.59,0.1,N,9,0
34410,34,29780,RENT,0.0,MEDICAL,C,1500,12.84,0.05,Y,5,0
34411,25,122880,MORTGAGE,5.0,HOMEIMPROVEMENT,B,25000,10.36,0.21,N,2,0
34412,35,51996,RENT,3.0,MEDICAL,B,24250,10.37,0.49,N,6,1
34413,25,40000,MORTGAGE,2.0,VENTURE,A,10500,7.49,0.25,N,4,0
34414,21,65000,RENT,5.0,DEBTCONSOLIDATION,B,12000,11.71,0.18,N,3,0
34415,23,58500,RENT,3.0,VENTURE,C,20000,13.72,0.35,N,4,0
34416,28,33000,RENT,2.0,MEDICAL,C,5400,15.27,0.17,N,6,0
34417,23,68000,MORTGAGE,7.0,PERSONAL,A,6000,7.51,0.09,N,2,0
34418,27,38000,OWN,3.0,PERSONAL,B,3000,11.58,0.08,N,5,0
34419,23,50000,MORTGAGE,2.0,EDUCATION,C,7200,14.65,0.14,N,3,0
34420,28,60000,RENT,4.0,HOMEIMPROVEMENT,B,10000,9.99,0.17,N,7,0
34421,27,55000,RENT,4.0,DEBTCONSOLIDATION,B,10000,10.75,0.18,N,8,0
34422,21,40000,RENT,3.0,PERSONAL,B,10000,11.71,0.25,N,4,0
34423,28,110000,MORTGAGE,2.0,MEDICAL,A,12000,8.94,0.11,N,5,0
34424,26,110000,MORTGAGE,5.0,EDUCATION,B,12000,10.99,0.11,N,3,0
34425,39,66300,MORTGAGE,3.0,MEDICAL,D,25000,15.31,0.32,N,11,1
34426,32,55000,RENT,2.0,EDUCATION,A,3500,6.92,0.06,N,10,0
34427,22,60000,RENT,4.0,MEDICAL,B,12000,10.0,0.2,N,2,0
34428,23,57600,RENT,1.0,PERSONAL,B,3300,10.37,0.06,N,2,0
34429,26,80000,MORTGAGE,10.0,VENTURE,A,15000,7.51,0.19,N,2,0
34430,23,51600,OWN,0.0,EDUCATION,B,15000,9.91,0.29,N,3,0
34431,37,90000,MORTGAGE,14.0,MEDICAL,A,14500,7.49,0.16,N,14,0
34432,24,80000,RENT,1.0,DEBTCONSOLIDATION,C,6400,14.27,0.08,N,4,0
34433,33,60000,RENT,0.0,VENTURE,C,6000,14.65,0.1,Y,9,0
34434,27,38000,RENT,3.0,MEDICAL,B,5000,11.71,0.14,N,10,0
34435,33,68340,RENT,0.0,DEBTCONSOLIDATION,C,18000,14.35,0.26,N,10,0
34436,35,50000,RENT,0.0,VENTURE,B,14000,12.69,0.27,N,9,0
34437,22,76800,MORTGAGE,6.0,DEBTCONSOLIDATION,A,7200,6.62,0.09,N,4,0
34438,29,50000,MORTGAGE,5.0,PERSONAL,C,15000,12.73,0.3,Y,8,0
34439,23,77000,RENT,7.0,DEBTCONSOLIDATION,B,18000,9.91,0.23,N,3,0
34440,23,69000,MORTGAGE,7.0,EDUCATION,D,15000,16.32,0.22,Y,2,0
34441,30,12000,RENT,0.0,VENTURE,C,3000,12.68,0.25,N,10,1
34442,25,80000,OWN,9.0,MEDICAL,A,4000,6.62,0.05,N,3,0
34443,24,42000,MORTGAGE,4.0,EDUCATION,A,4000,8.59,0.1,N,4,0
34444,25,90000,MORTGAGE,9.0,HOMEIMPROVEMENT,A,16000,5.99,0.18,N,4,0
34445,25,19200,RENT,0.0,DEBTCONSOLIDATION,B,1500,11.14,0.07,N,4,0
34446,26,60000,RENT,1.0,VENTURE,C,15000,14.26,0.25,N,4,0
34447,33,48000,MORTGAGE,8.0,DEBTCONSOLIDATION,A,2500,7.29,0.05,N,9,0
34448,25,72600,MORTGAGE,5.0,VENTURE,A,5000,7.74,0.07,N,4,0
34449,47,42000,RENT,6.0,VENTURE,B,1000,10.99,0.03,N,11,0
34450,21,75000,MORTGAGE,5.0,VENTURE,B,15000,10.99,0.2,N,2,0
34451,29,54000,RENT,2.0,PERSONAL,D,8400,16.49,0.16,N,6,1
34452,25,43200,RENT,4.0,MEDICAL,D,9000,16.77,0.21,Y,2,1
34453,22,47208,RENT,2.0,EDUCATION,C,10000,13.06,0.21,Y,3,0
34454,33,125000,MORTGAGE,4.0,HOMEIMPROVEMENT,A,8400,9.32,0.07,N,9,0
34455,60,32000,MORTGAGE,3.0,VENTURE,D,7500,15.62,0.23,Y,18,0
34456,28,60000,MORTGAGE,12.0,HOMEIMPROVEMENT,B,15000,10.99,0.25,N,8,0
34457,27,50000,RENT,2.0,PERSONAL,A,3600,7.14,0.07,N,8,0
34458,23,96000,RENT,7.0,PERSONAL,B,21000,10.65,0.22,N,2,0
34459,23,150000,MORTGAGE,7.0,PERSONAL,A,8000,6.91,0.05,N,2,0
34460,27,35496,RENT,3.0,EDUCATION,A,5500,7.14,0.16,N,10,0
34461,25,46000,RENT,2.0,DEBTCONSOLIDATION,B,6000,12.69,0.13,N,2,0
34462,23,150000,MORTGAGE,0.0,MEDICAL,A,12000,5.79,0.08,N,2,0
34463,22,45000,RENT,4.0,VENTURE,B,6000,9.25,0.13,N,3,0
34464,36,40000,MORTGAGE,3.0,DEBTCONSOLIDATION,B,2800,11.36,0.07,N,13,0
34465,28,73000,RENT,3.0,EDUCATION,D,18000,15.37,0.25,Y,7,1
34466,29,24000,MORTGAGE,2.0,MEDICAL,C,2000,13.99,0.08,Y,6,0
34467,27,172500,MORTGAGE,11.0,HOMEIMPROVEMENT,A,20000,6.17,0.12,N,8,0
34468,22,36000,RENT,2.0,MEDICAL,B,6000,11.86,0.17,N,4,0
34469,24,47000,MORTGAGE,7.0,VENTURE,B,6000,11.71,0.13,N,4,0
34470,25,36000,RENT,0.0,PERSONAL,C,12000,12.53,0.33,Y,2,1
34471,27,72000,RENT,2.0,MEDICAL,A,14000,8.94,0.19,N,7,0
34472,22,60000,MORTGAGE,6.0,PERSONAL,A,10750,5.42,0.18,N,4,0
34473,30,60000,MORTGAGE,3.0,VENTURE,B,2000,11.71,0.03,N,6,0
34474,26,75600,MORTGAGE,3.0,PERSONAL,A,10000,5.79,0.13,N,4,0
34475,30,42000,MORTGAGE,4.0,MEDICAL,A,8500,6.03,0.2,N,5,0
34476,32,43000,RENT,0.0,MEDICAL,A,4000,7.88,0.09,N,7,0
34477,25,75000,MORTGAGE,4.0,VENTURE,C,6000,14.65,0.08,N,3,0
34478,42,49000,MORTGAGE,6.0,PERSONAL,A,6200,7.29,0.13,N,13,0
34479,24,30000,RENT,3.0,PERSONAL,D,4800,15.62,0.16,Y,3,0
34480,22,45000,RENT,2.0,DEBTCONSOLIDATION,B,10000,9.99,0.22,N,4,0
34481,34,138000,MORTGAGE,14.0,PERSONAL,B,24000,11.11,0.17,N,6,0
34482,37,60000,OWN,0.0,HOMEIMPROVEMENT,D,12000,14.11,0.2,N,15,0
34483,22,36396,MORTGAGE,4.0,EDUCATION,A,5000,6.54,0.14,N,4,0
34484,28,34000,RENT,1.0,VENTURE,D,8000,14.61,0.24,Y,10,1
34485,32,60000,RENT,3.0,DEBTCONSOLIDATION,A,18000,7.51,0.3,N,10,0
34486,29,65000,MORTGAGE,11.0,PERSONAL,C,10000,13.49,0.15,N,9,0
34487,36,45000,RENT,0.0,MEDICAL,D,16000,14.74,0.36,Y,13,1
34488,26,48000,RENT,0.0,MEDICAL,D,1500,15.05,0.03,Y,3,1
34489,28,55000,RENT,8.0,DEBTCONSOLIDATION,C,21000,13.49,0.4,Y,6,1
34490,24,66000,RENT,8.0,DEBTCONSOLIDATION,D,18000,14.11,0.27,Y,4,1
34491,31,29000,RENT,2.0,HOMEIMPROVEMENT,C,6250,13.06,0.22,N,9,1
34492,41,75996,MORTGAGE,5.0,HOMEIMPROVEMENT,B,15000,10.75,0.2,N,12,0
34493,28,51996,MORTGAGE,13.0,DEBTCONSOLIDATION,B,20000,11.86,0.39,N,5,0
34494,31,204000,MORTGAGE,0.0,MEDICAL,C,15250,13.06,0.07,Y,5,0
34495,24,75000,MORTGAGE,8.0,EDUCATION,B,5000,11.99,0.07,N,4,0
34496,28,60000,MORTGAGE,0.0,EDUCATION,A,6000,7.14,0.1,N,9,0
34497,22,75000,MORTGAGE,6.0,VENTURE,B,15000,10.62,0.2,N,2,0
34498,25,33996,RENT,8.0,PERSONAL,B,5000,11.12,0.15,N,2,0
34499,29,30000,RENT,3.0,MEDICAL,B,9500,9.99,0.32,N,7,1
34500,30,50000,RENT,0.0,EDUCATION,A,6000,8.59,0.12,N,7,0
34501,25,36129,RENT,1.0,DEBTCONSOLIDATION,C,8325,14.22,0.24,N,4,0
34502,22,25200,RENT,1.0,EDUCATION,A,3000,7.9,0.12,N,4,0
34503,28,90000,MORTGAGE,3.0,HOMEIMPROVEMENT,A,16000,6.03,0.18,N,9,0
34504,38,120000,RENT,3.0,EDUCATION,B,20000,9.91,0.17,N,17,0
34505,36,60000,MORTGAGE,6.0,HOMEIMPROVEMENT,A,13000,7.51,0.22,N,17,0
34506,23,100000,MORTGAGE,7.0,EDUCATION,B,12000,11.49,0.12,N,2,0
34507,24,60000,MORTGAGE,8.0,VENTURE,A,12000,7.88,0.2,N,2,0
34508,29,39996,RENT,2.0,VENTURE,A,10000,6.99,0.25,N,7,0
34509,26,50400,RENT,7.0,DEBTCONSOLIDATION,A,12000,7.51,0.24,N,3,0
34510,32,90000,RENT,16.0,DEBTCONSOLIDATION,A,4000,7.51,0.05,N,8,0
34511,22,45000,MORTGAGE,7.0,MEDICAL,B,6000,9.88,0.13,N,2,0
34512,22,30000,RENT,1.0,HOMEIMPROVEMENT,D,5000,15.99,0.17,Y,3,1
34513,23,60000,MORTGAGE,5.0,VENTURE,B,11500,11.99,0.19,N,3,0
34514,23,38004,OWN,2.0,EDUCATION,A,9600,6.03,0.25,N,4,0
34515,34,62400,RENT,3.0,DEBTCONSOLIDATION,B,15000,9.45,0.24,N,5,0
34516,22,200000,MORTGAGE,2.0,VENTURE,B,4000,9.45,0.02,N,4,0
34517,23,69000,RENT,0.0,VENTURE,D,20000,14.82,0.29,N,2,1
34518,22,72644,MORTGAGE,0.0,HOMEIMPROVEMENT,B,17000,11.83,0.24,N,4,0
34519,25,94527,RENT,4.0,VENTURE,A,11000,6.62,0.12,N,2,0
34520,30,50000,RENT,11.0,DEBTCONSOLIDATION,B,7000,12.69,0.14,N,5,0
34521,32,64000,MORTGAGE,1.0,MEDICAL,B,5000,10.99,0.08,N,7,0
34522,30,150000,MORTGAGE,13.0,VENTURE,A,8475,8.49,0.06,N,5,0
34523,34,79000,MORTGAGE,12.0,HOMEIMPROVEMENT,A,4000,6.76,0.05,N,10,0
34524,28,72000,RENT,0.0,EDUCATION,B,18000,11.71,0.25,N,7,0
34525,22,30000,RENT,4.0,MEDICAL,C,5000,12.99,0.17,Y,4,0
34526,29,60000,MORTGAGE,3.0,PERSONAL,B,8000,11.49,0.13,N,10,0
34527,37,50000,RENT,5.0,PERSONAL,D,5000,15.65,0.1,Y,17,0
34528,30,36000,RENT,0.0,MEDICAL,A,6000,8.59,0.17,N,10,0
34529,34,49536,MORTGAGE,13.0,HOMEIMPROVEMENT,B,20000,9.88,0.5,N,8,0
34530,30,75000,RENT,3.0,PERSONAL,C,15000,13.22,0.2,N,9,0
34531,26,64000,MORTGAGE,0.0,DEBTCONSOLIDATION,E,15250,15.68,0.23,Y,3,1
34532,22,60000,OWN,6.0,PERSONAL,C,7500,11.34,0.13,Y,3,0
34533,23,30000,RENT,0.0,VENTURE,C,3600,14.79,0.12,N,4,0
34534,21,35000,MORTGAGE,5.0,PERSONAL,A,10000,7.29,0.29,N,3,0
34535,31,60000,MORTGAGE,0.0,HOMEIMPROVEMENT,B,5100,12.53,0.09,N,5,0
34536,24,50000,MORTGAGE,0.0,DEBTCONSOLIDATION,B,10000,11.49,0.2,N,3,0
34537,23,44000,RENT,0.0,MEDICAL,A,9000,8.94,0.2,N,4,0
34538,26,54000,MORTGAGE,4.0,MEDICAL,A,5000,6.62,0.09,N,3,0
34539,22,57000,MORTGAGE,6.0,PERSONAL,B,6300,10.65,0.11,N,4,0
34540,23,36000,RENT,5.0,PERSONAL,A,12000,7.88,0.33,N,4,1
34541,23,35000,MORTGAGE,4.0,EDUCATION,A,7000,7.88,0.2,N,3,0
34542,31,57006,RENT,12.0,DEBTCONSOLIDATION,B,3500,11.86,0.06,N,5,0
34543,27,12000,RENT,3.0,MEDICAL,A,4000,7.9,0.3,N,10,0
34544,70,60000,RENT,0.0,PERSONAL,A,4200,8.59,0.07,N,24,0
34545,26,100000,RENT,0.0,DEBTCONSOLIDATION,A,5000,5.42,0.05,N,3,0
34546,23,29004,RENT,0.0,VENTURE,B,3000,10.99,0.11,N,3,0
34547,24,70550,MORTGAGE,8.0,MEDICAL,D,7500,16.77,0.09,N,3,1
34548,25,63000,RENT,9.0,PERSONAL,C,15000,15.27,0.23,Y,3,0
34549,30,65004,OTHER,1.0,DEBTCONSOLIDATION,A,7100,9.63,0.11,N,6,0
34550,30,48000,RENT,9.0,PERSONAL,D,5000,11.86,0.1,N,6,0
34551,31,40000,RENT,2.0,PERSONAL,D,7000,14.96,0.17,N,7,1
34552,24,48000,RENT,0.0,EDUCATION,B,5000,10.08,0.1,N,4,1
34553,27,130000,RENT,11.0,HOMEIMPROVEMENT,B,5600,9.63,0.05,N,10,0
34554,24,90000,RENT,0.0,MEDICAL,C,15000,13.47,0.17,Y,2,0
34555,27,60000,RENT,5.0,MEDICAL,B,10000,11.71,0.17,N,7,0
34556,23,82500,MORTGAGE,7.0,VENTURE,B,15000,10.99,0.19,N,2,0
34557,36,54000,RENT,2.0,HOMEIMPROVEMENT,E,6000,16.35,0.11,N,17,1
34558,24,69935,MORTGAGE,3.0,VENTURE,B,7200,10.99,0.1,N,4,0
34559,27,60000,MORTGAGE,2.0,VENTURE,B,20000,10.59,0.33,N,8,0
34560,24,80000,MORTGAGE,6.0,PERSONAL,D,7500,16.77,0.09,Y,3,0
34561,27,64000,RENT,0.0,HOMEIMPROVEMENT,D,10000,14.96,0.16,Y,7,1
34562,25,40000,RENT,0.0,VENTURE,B,4500,10.99,0.11,N,4,1
34563,32,36000,RENT,9.0,MEDICAL,C,1500,14.79,0.04,Y,8,0
34564,22,54000,MORTGAGE,2.0,VENTURE,A,7000,7.51,0.13,N,2,0
34565,31,30000,RENT,0.0,MEDICAL,B,10000,10.37,0.33,N,6,1
34566,26,87000,RENT,5.0,VENTURE,B,15000,11.48,0.17,N,3,0
34567,30,140000,MORTGAGE,14.0,PERSONAL,C,16800,13.49,0.12,N,5,0
34568,30,30000,RENT,5.0,EDUCATION,B,6500,10.37,0.22,N,9,0
34569,32,105000,RENT,3.0,HOMEIMPROVEMENT,C,10000,12.68,0.1,Y,7,0
34570,27,40000,MORTGAGE,11.0,DEBTCONSOLIDATION,A,6000,7.49,0.15,N,10,0
34571,28,65000,MORTGAGE,12.0,PERSONAL,A,4500,7.14,0.07,N,9,0
34572,24,50000,RENT,1.0,PERSONAL,C,10000,12.84,0.2,N,3,0
34573,42,80000,RENT,0.0,MEDICAL,A,3600,5.79,0.04,N,14,0
34574,54,45000,RENT,0.0,PERSONAL,C,10500,13.22,0.23,Y,22,0
34575,21,52000,RENT,5.0,EDUCATION,B,7000,10.65,0.13,N,3,0
34576,31,65000,RENT,0.0,HOMEIMPROVEMENT,B,7000,10.65,0.11,N,5,0
34577,23,32400,RENT,0.0,EDUCATION,B,4000,11.49,0.12,N,2,0
34578,28,48000,RENT,0.0,MEDICAL,C,4800,13.99,0.1,Y,9,0
34579,25,70000,MORTGAGE,9.0,MEDICAL,B,12000,12.21,0.17,N,4,0
34580,37,70000,MORTGAGE,3.0,DEBTCONSOLIDATION,A,16000,7.88,0.23,N,13,0
34581,23,40000,RENT,0.0,DEBTCONSOLIDATION,C,7000,11.66,0.17,Y,4,0
34582,25,42000,RENT,3.0,PERSONAL,A,3600,5.79,0.09,N,2,0
34583,22,30000,RENT,7.0,EDUCATION,D,15000,14.42,0.5,N,3,0
34584,33,66000,MORTGAGE,5.0,DEBTCONSOLIDATION,B,3500,11.99,0.05,N,10,0
34585,22,54996,MORTGAGE,2.0,VENTURE,A,10000,8.94,0.18,N,2,0
34586,27,26400,RENT,11.0,DEBTCONSOLIDATION,C,3000,13.72,0.11,N,10,0
34587,31,60000,MORTGAGE,1.0,DEBTCONSOLIDATION,A,9000,7.14,0.15,N,7,0
34588,24,84000,MORTGAGE,8.0,PERSONAL,E,8000,15.68,0.1,N,2,0
34589,27,65000,MORTGAGE,7.0,VENTURE,A,6000,7.49,0.09,N,7,0
34590,23,80000,MORTGAGE,7.0,MEDICAL,B,4000,10.99,0.05,N,3,0
34591,30,54000,MORTGAGE,13.0,EDUCATION,A,10000,8.59,0.19,N,9,0
34592,24,57492,MORTGAGE,5.0,VENTURE,C,21000,12.73,0.35,Y,4,0
34593,25,23760,RENT,0.0,VENTURE,B,6000,11.86,0.26,N,2,0
34594,23,49000,MORTGAGE,5.0,MEDICAL,A,6000,6.99,0.12,N,2,0
34595,27,36000,RENT,1.0,PERSONAL,A,8500,7.51,0.24,N,10,0
34596,22,120000,MORTGAGE,6.0,VENTURE,B,10000,11.49,0.08,N,4,0
34597,23,64000,MORTGAGE,7.0,DEBTCONSOLIDATION,B,5800,9.91,0.09,N,2,0
34598,26,99000,RENT,2.0,VENTURE,B,4000,12.69,0.04,N,2,0
34599,28,72000,MORTGAGE,4.0,DEBTCONSOLIDATION,A,10000,7.51,0.14,N,6,0
34600,26,69700,RENT,4.0,MEDICAL,D,10000,15.28,0.13,Y,4,1
34601,29,65000,MORTGAGE,14.0,MEDICAL,A,7000,8.49,0.11,N,10,0
34602,25,90000,MORTGAGE,6.0,DEBTCONSOLIDATION,A,3000,8.49,0.03,N,2,0
34603,38,47000,RENT,4.0,EDUCATION,B,7000,9.99,0.15,N,15,0
34604,24,100000,RENT,2.0,DEBTCONSOLIDATION,B,1500,11.49,0.01,N,4,0
34605,29,51500,MORTGAGE,14.0,DEBTCONSOLIDATION,D,8000,15.62,0.16,N,7,1
34606,25,38000,RENT,1.0,EDUCATION,C,12000,13.23,0.32,Y,4,1
34607,24,60000,MORTGAGE,5.0,MEDICAL,B,22000,10.74,0.36,N,4,0
34608,23,120000,MORTGAGE,5.0,PERSONAL,B,7200,11.99,0.06,N,3,0
34609,23,55000,MORTGAGE,7.0,DEBTCONSOLIDATION,A,15000,6.54,0.27,N,3,0
34610,22,48000,MORTGAGE,3.0,EDUCATION,A,5000,6.62,0.1,N,2,0
34611,27,60000,OWN,1.0,PERSONAL,B,20000,12.53,0.33,N,6,0
34612,36,110000,MORTGAGE,0.0,VENTURE,E,15000,16.32,0.14,Y,17,0
34613,22,40000,MORTGAGE,6.0,VENTURE,B,7000,11.71,0.17,N,4,0
34614,22,41000,RENT,6.0,EDUCATION,B,5000,12.69,0.12,N,4,0
34615,24,57600,RENT,4.0,DEBTCONSOLIDATION,B,7000,10.38,0.12,N,3,0
34616,26,40000,OWN,10.0,VENTURE,A,3200,7.88,0.08,N,4,0
34617,22,40000,RENT,6.0,EDUCATION,B,11000,12.69,0.28,N,4,0
34618,25,32000,OWN,4.0,VENTURE,B,1200,9.99,0.04,N,2,0
34619,24,77000,MORTGAGE,8.0,PERSONAL,A,12000,6.03,0.16,N,2,0
34620,39,62500,RENT,4.0,DEBTCONSOLIDATION,D,11100,14.54,0.18,Y,13,1
34621,26,30000,RENT,2.0,DEBTCONSOLIDATION,B,2000,12.18,0.07,N,3,0
34622,41,81900,MORTGAGE,25.0,VENTURE,A,12000,7.49,0.15,N,11,0
34623,24,65000,RENT,8.0,VENTURE,C,7500,11.91,0.12,Y,4,0
34624,30,48000,RENT,1.0,PERSONAL,A,6000,5.79,0.13,N,7,0
34625,25,80000,MORTGAGE,9.0,HOMEIMPROVEMENT,A,3000,5.79,0.04,N,3,0
34626,22,60000,RENT,1.0,EDUCATION,A,6000,8.9,0.1,N,4,0
34627,26,60000,RENT,0.0,MEDICAL,B,15000,11.71,0.25,N,4,0
34628,32,115000,MORTGAGE,16.0,HOMEIMPROVEMENT,A,15000,7.51,0.13,N,8,0
34629,23,50000,RENT,7.0,DEBTCONSOLIDATION,C,5000,15.96,0.1,Y,4,0
34630,31,59000,OWN,3.0,PERSONAL,A,12000,6.17,0.2,N,9,0
34631,27,160000,MORTGAGE,5.0,EDUCATION,A,6000,7.49,0.04,N,10,0
34632,24,75000,MORTGAGE,8.0,PERSONAL,B,6000,10.95,0.08,N,4,0
34633,23,24000,RENT,4.0,PERSONAL,C,5000,14.65,0.21,N,2,0
34634,24,60000,MORTGAGE,4.0,PERSONAL,A,12000,7.88,0.2,N,2,0
34635,29,55000,RENT,3.0,MEDICAL,C,8400,13.06,0.15,N,5,0
34636,26,115000,MORTGAGE,10.0,MEDICAL,B,25000,11.86,0.22,N,2,0
34637,61,90000,RENT,11.0,PERSONAL,B,9000,11.11,0.1,N,27,0
34638,22,48750,MORTGAGE,5.0,DEBTCONSOLIDATION,C,3000,13.49,0.06,N,2,0
34639,25,36000,MORTGAGE,3.0,VENTURE,A,11500,5.42,0.31,N,2,0
34640,28,38400,RENT,1.0,DEBTCONSOLIDATION,B,7000,11.49,0.19,N,8,0
34641,35,80000,MORTGAGE,3.0,EDUCATION,A,5000,7.74,0.06,N,6,0
34642,36,140000,MORTGAGE,9.0,DEBTCONSOLIDATION,A,15000,6.54,0.11,N,13,0
34643,38,120000,RENT,3.0,HOMEIMPROVEMENT,D,15000,14.09,0.13,N,14,0
34644,37,60000,OWN,5.0,HOMEIMPROVEMENT,A,7000,6.54,0.12,N,15,0
34645,28,72000,MORTGAGE,12.0,DEBTCONSOLIDATION,A,16000,7.88,0.22,N,8,0
34646,28,75000,MORTGAGE,2.0,PERSONAL,B,25000,9.63,0.33,N,6,0
34647,25,66300,MORTGAGE,1.0,MEDICAL,C,9000,13.49,0.14,N,3,1
34648,23,39600,MORTGAGE,5.0,MEDICAL,A,6000,7.88,0.15,N,3,0
34649,28,47480,MORTGAGE,12.0,EDUCATION,A,6000,7.51,0.12,N,8,0
34650,24,70000,RENT,1.0,EDUCATION,A,9600,9.32,0.14,N,4,0
34651,28,68700,RENT,0.0,VENTURE,A,6000,6.17,0.09,N,9,0
34652,24,70000,RENT,0.0,DEBTCONSOLIDATION,B,8000,12.42,0.11,N,3,0
34653,22,44004,RENT,5.0,VENTURE,D,6000,16.07,0.14,N,2,0
34654,24,50000,MORTGAGE,8.0,VENTURE,A,5500,6.03,0.11,N,4,0
34655,25,60000,RENT,6.0,MEDICAL,B,8000,10.37,0.13,N,3,0
34656,22,77004,MORTGAGE,6.0,DEBTCONSOLIDATION,C,18000,12.53,0.23,Y,3,1
34657,23,60000,MORTGAGE,4.0,MEDICAL,D,7000,15.28,0.12,Y,3,0
34658,22,50000,OWN,2.0,MEDICAL,C,20000,11.66,0.4,Y,3,0
34659,29,55000,RENT,11.0,MEDICAL,B,10000,10.37,0.18,N,10,0
34660,23,80000,MORTGAGE,7.0,EDUCATION,B,10000,10.99,0.13,N,3,0
34661,23,85000,RENT,1.0,EDUCATION,C,12000,12.84,0.14,N,4,0
34662,33,80000,MORTGAGE,17.0,HOMEIMPROVEMENT,A,6000,5.79,0.07,N,10,0
34663,28,52000,RENT,0.0,VENTURE,C,12000,13.85,0.23,Y,7,0
34664,37,30000,RENT,21.0,MEDICAL,B,2100,11.71,0.07,N,15,0
34665,30,125000,MORTGAGE,14.0,PERSONAL,B,12000,10.75,0.1,N,8,0
34666,38,65000,RENT,2.0,PERSONAL,C,10000,13.48,0.15,N,13,0
34667,22,150000,MORTGAGE,6.0,DEBTCONSOLIDATION,A,12000,7.88,0.08,N,4,0
34668,28,90000,MORTGAGE,12.0,EDUCATION,B,2500,9.91,0.03,N,10,0
34669,37,70000,MORTGAGE,15.0,EDUCATION,B,8000,11.99,0.11,N,14,0
34670,33,200000,MORTGAGE,6.0,HOMEIMPROVEMENT,C,15000,13.85,0.07,N,5,0
34671,23,27000,OWN,0.0,MEDICAL,A,4400,8.0,0.17,N,3,0
34672,36,60000,RENT,6.0,VENTURE,A,10000,7.51,0.17,N,12,0
34673,25,61200,MORTGAGE,9.0,MEDICAL,B,20000,11.71,0.29,N,2,1
34674,21,35360,RENT,0.0,EDUCATION,A,2000,8.94,0.06,N,4,0
34675,23,38000,RENT,5.0,PERSONAL,C,10000,13.23,0.26,N,4,0
34676,37,45000,RENT,11.0,MEDICAL,D,15000,15.2,0.33,Y,13,0
34677,66,53000,MORTGAGE,9.0,PERSONAL,B,10000,10.62,0.19,N,24,0
34678,29,52584,RENT,5.0,PERSONAL,D,15000,14.59,0.29,Y,7,0
34679,24,55000,RENT,1.0,HOMEIMPROVEMENT,B,4000,11.12,0.07,N,2,0
34680,24,60000,RENT,8.0,VENTURE,B,8000,12.69,0.13,N,4,0
34681,23,60000,RENT,1.0,VENTURE,A,12000,7.29,0.2,N,4,0
34682,21,32400,RENT,2.0,EDUCATION,D,7750,14.96,0.23,Y,2,1
34683,43,350000,RENT,1.0,VENTURE,B,18000,11.49,0.05,N,16,0
34684,26,35000,RENT,0.0,VENTURE,B,3000,9.91,0.09,N,2,0
34685,25,100000,RENT,5.0,HOMEIMPROVEMENT,B,15000,12.18,0.15,N,2,0
34686,24,50000,RENT,1.0,EDUCATION,C,10525,13.49,0.21,Y,3,0
34687,31,47000,RENT,2.0,PERSONAL,B,10000,10.62,0.21,N,8,0
34688,23,28800,RENT,2.0,DEBTCONSOLIDATION,A,6000,6.99,0.21,N,2,0
34689,23,56000,OWN,1.0,PERSONAL,C,15000,13.16,0.27,Y,3,0
34690,23,70000,MORTGAGE,7.0,VENTURE,B,10000,10.95,0.14,N,3,0
34691,24,36708,RENT,2.0,HOMEIMPROVEMENT,D,2500,14.61,0.07,N,3,1
34692,22,65004,OWN,6.0,EDUCATION,D,13000,15.99,0.2,N,4,0
34693,29,70000,RENT,2.0,MEDICAL,A,4000,6.62,0.06,N,5,0
34694,23,65000,MORTGAGE,1.0,EDUCATION,B,4500,11.99,0.07,N,2,0
34695,22,30000,MORTGAGE,5.0,PERSONAL,C,3000,13.49,0.1,N,2,0
34696,30,24000,RENT,2.0,DEBTCONSOLIDATION,C,2500,13.49,0.1,N,5,0
34697,27,60000,MORTGAGE,3.0,HOMEIMPROVEMENT,A,2800,7.51,0.05,N,7,0
34698,23,60000,RENT,4.0,MEDICAL,A,6000,5.79,0.1,N,4,0
34699,38,90000,RENT,6.0,EDUCATION,B,8000,11.86,0.09,N,16,0
34700,22,69528,MORTGAGE,6.0,VENTURE,C,6000,14.22,0.09,Y,2,0
34701,29,36000,RENT,5.0,DEBTCONSOLIDATION,B,7000,10.65,0.19,N,6,0
34702,22,60000,OWN,7.0,EDUCATION,D,5000,16.49,0.08,Y,4,0
34703,29,24000,MORTGAGE,2.0,PERSONAL,D,4000,14.91,0.17,N,9,0
34704,25,60000,MORTGAGE,3.0,PERSONAL,B,12500,10.99,0.21,N,2,0
34705,24,78000,RENT,3.0,DEBTCONSOLIDATION,B,16000,12.73,0.2,N,3,0
34706,51,200000,MORTGAGE,2.0,PERSONAL,B,10000,9.88,0.05,N,26,0
34707,30,60000,RENT,2.0,PERSONAL,C,10500,14.26,0.17,N,9,0
34708,23,70236,MORTGAGE,6.0,VENTURE,A,8700,5.79,0.12,N,4,0
34709,24,75000,MORTGAGE,8.0,EDUCATION,C,9000,13.49,0.12,Y,2,0
34710,22,43000,RENT,3.0,PERSONAL,D,10000,16.77,0.23,Y,4,0
34711,27,170000,RENT,0.0,DEBTCONSOLIDATION,A,20000,7.49,0.12,N,7,0
34712,30,55000,RENT,14.0,MEDICAL,B,5000,11.36,0.09,N,7,0
34713,30,105000,MORTGAGE,2.0,HOMEIMPROVEMENT,B,14000,9.99,0.13,N,6,0
34714,31,113000,MORTGAGE,15.0,VENTURE,A,12000,7.29,0.11,N,8,0
34715,23,54400,MORTGAGE,7.0,MEDICAL,D,3500,15.65,0.06,Y,3,1
34716,29,34000,RENT,3.0,MEDICAL,B,5000,10.65,0.15,N,5,0
34717,23,50000,RENT,7.0,MEDICAL,A,15000,7.88,0.3,N,2,0
34718,33,58000,RENT,15.0,DEBTCONSOLIDATION,B,20000,12.18,0.34,N,9,1
34719,26,50000,MORTGAGE,10.0,DEBTCONSOLIDATION,B,10000,11.36,0.2,N,2,0
34720,24,50000,RENT,0.0,VENTURE,A,4000,9.32,0.08,N,3,0
34721,25,93000,RENT,7.0,MEDICAL,C,12000,13.48,0.13,Y,2,0
34722,39,60000,OWN,5.0,EDUCATION,B,10000,11.86,0.17,N,11,0
34723,23,66000,MORTGAGE,0.0,MEDICAL,B,6000,11.89,0.09,N,3,0
34724,40,110000,MORTGAGE,0.0,MEDICAL,B,12000,10.37,0.11,N,15,0
34725,34,73000,MORTGAGE,18.0,EDUCATION,A,8000,5.79,0.11,N,6,0
34726,31,37000,RENT,1.0,EDUCATION,B,3250,9.76,0.09,N,7,0
34727,28,65000,RENT,5.0,PERSONAL,D,30000,17.49,0.45,Y,10,1
34728,27,36000,RENT,3.0,MEDICAL,B,10000,12.42,0.28,N,8,0
34729,31,70000,MORTGAGE,3.0,PERSONAL,A,11000,7.88,0.16,N,6,0
34730,29,25000,RENT,0.0,DEBTCONSOLIDATION,A,2000,7.88,0.08,N,9,0
34731,25,100000,OWN,1.0,HOMEIMPROVEMENT,D,15000,14.54,0.15,Y,3,0
34732,23,80000,RENT,0.0,VENTURE,B,2000,11.49,0.03,N,4,0
34733,24,51600,RENT,1.0,HOMEIMPROVEMENT,C,18250,13.06,0.35,N,2,1
34734,22,60000,RENT,5.0,EDUCATION,B,12000,11.71,0.2,N,3,0
34735,24,85100,MORTGAGE,3.0,MEDICAL,C,14000,13.47,0.16,Y,3,0
34736,37,60000,MORTGAGE,4.0,DEBTCONSOLIDATION,C,15000,13.35,0.25,Y,15,0
34737,39,98000,MORTGAGE,3.0,DEBTCONSOLIDATION,D,12000,14.59,0.12,Y,15,1
34738,24,70000,RENT,8.0,DEBTCONSOLIDATION,D,6725,14.91,0.1,N,2,1
34739,43,61000,RENT,2.0,PERSONAL,D,15000,14.96,0.25,N,17,1
34740,24,70000,RENT,0.0,HOMEIMPROVEMENT,B,16000,12.42,0.23,N,2,0
34741,22,27996,RENT,3.0,VENTURE,C,7500,15.96,0.27,Y,2,0
34742,23,80400,MORTGAGE,6.0,EDUCATION,C,10000,11.66,0.13,N,3,0
34743,27,30000,MORTGAGE,1.0,VENTURE,B,13000,9.88,0.43,N,7,0
34744,28,44004,RENT,6.0,HOMEIMPROVEMENT,C,6300,13.49,0.14,N,5,1
34745,24,60000,MORTGAGE,8.0,MEDICAL,A,24250,6.54,0.4,N,3,0
34746,28,24000,RENT,4.0,MEDICAL,C,1500,12.99,0.06,N,6,0
34747,29,48000,RENT,14.0,MEDICAL,C,5000,14.27,0.1,N,10,0
34748,24,76000,MORTGAGE,8.0,HOMEIMPROVEMENT,A,10000,6.03,0.13,N,3,0
34749,33,90000,MORTGAGE,0.0,HOMEIMPROVEMENT,D,3600,15.58,0.04,Y,5,0
34750,27,45000,RENT,2.0,MEDICAL,C,12000,14.72,0.27,Y,7,0
34751,32,38000,RENT,2.0,DEBTCONSOLIDATION,B,4000,11.71,0.11,N,9,0
34752,27,928000,MORTGAGE,8.0,VENTURE,C,2850,13.92,0.01,N,7,0
34753,23,54000,RENT,7.0,MEDICAL,D,3200,15.99,0.06,N,4,1
34754,23,42000,RENT,7.0,VENTURE,B,2000,10.38,0.05,N,2,0
34755,32,65000,MORTGAGE,1.0,MEDICAL,B,12000,12.21,0.18,N,6,0
34756,22,35496,MORTGAGE,6.0,VENTURE,A,10000,7.14,0.29,N,3,0
34757,31,86000,MORTGAGE,5.0,HOMEIMPROVEMENT,A,15000,7.68,0.17,N,5,0
34758,38,84996,OWN,6.0,PERSONAL,C,5000,12.23,0.06,Y,14,0
34759,34,54000,RENT,5.0,DEBTCONSOLIDATION,B,10800,10.99,0.2,N,6,0
34760,27,75000,RENT,11.0,MEDICAL,C,10000,13.49,0.13,N,10,0
34761,25,31200,RENT,5.0,DEBTCONSOLIDATION,D,14500,15.33,0.45,Y,3,1
34762,28,60000,MORTGAGE,12.0,PERSONAL,A,13000,6.03,0.22,N,10,0
34763,30,60000,RENT,1.0,DEBTCONSOLIDATION,B,15000,11.71,0.25,N,5,0
34764,26,97000,MORTGAGE,6.0,HOMEIMPROVEMENT,B,6000,10.99,0.06,N,3,0
34765,22,60000,MORTGAGE,3.0,EDUCATION,B,18000,9.33,0.3,N,3,0
34766,36,80000,RENT,1.0,HOMEIMPROVEMENT,C,20000,14.27,0.25,Y,16,0
34767,24,18000,RENT,0.0,HOMEIMPROVEMENT,B,6000,12.18,0.33,N,4,1
34768,22,40000,RENT,5.0,VENTURE,B,10000,12.69,0.25,N,2,0
34769,21,38000,RENT,5.0,EDUCATION,C,4000,13.16,0.11,Y,3,0
34770,32,25000,RENT,1.0,PERSONAL,A,5000,8.9,0.2,N,7,0
34771,27,48000,RENT,2.0,DEBTCONSOLIDATION,C,5000,13.49,0.1,Y,5,0
34772,23,70000,MORTGAGE,8.0,EDUCATION,A,10000,5.99,0.14,N,3,0
34773,23,110000,MORTGAGE,7.0,EDUCATION,C,16000,14.79,0.15,Y,3,0
34774,23,34662,MORTGAGE,7.0,EDUCATION,A,2000,7.43,0.06,N,2,0
34775,30,80000,RENT,0.0,MEDICAL,C,9600,12.99,0.12,N,10,0
34776,30,102000,MORTGAGE,5.0,PERSONAL,A,12000,6.76,0.12,N,8,0
34777,21,30000,RENT,3.0,PERSONAL,B,6000,11.36,0.2,N,2,0
34778,36,90000,RENT,0.0,EDUCATION,B,15000,11.49,0.17,N,12,0
34779,24,90000,MORTGAGE,1.0,PERSONAL,B,15000,11.89,0.17,N,4,0
34780,23,30000,RENT,0.0,EDUCATION,D,4000,14.84,0.13,Y,2,1
34781,25,103000,RENT,1.0,EDUCATION,A,5000,7.4,0.05,N,2,0
34782,30,90000,MORTGAGE,6.0,HOMEIMPROVEMENT,B,6000,9.91,0.07,N,9,0
34783,27,63720,MORTGAGE,11.0,DEBTCONSOLIDATION,C,12500,12.87,0.2,Y,6,0
34784,34,70000,MORTGAGE,2.0,EDUCATION,A,8000,7.88,0.11,N,10,0
34785,25,51500,MORTGAGE,2.0,MEDICAL,E,11000,17.93,0.21,Y,4,1
34786,26,30000,RENT,0.0,DEBTCONSOLIDATION,D,5000,14.42,0.17,N,4,1
34787,23,55000,MORTGAGE,7.0,MEDICAL,A,3000,7.49,0.05,N,4,0
34788,41,56004,RENT,3.0,HOMEIMPROVEMENT,D,10200,14.11,0.19,N,11,0
34789,43,40000,MORTGAGE,0.0,MEDICAL,A,3600,5.42,0.09,N,13,0
34790,25,65000,RENT,6.0,MEDICAL,B,2000,12.18,0.03,N,4,0
34791,22,91000,MORTGAGE,5.0,VENTURE,A,15000,7.88,0.16,N,3,0
34792,23,70000,RENT,4.0,EDUCATION,A,4000,7.49,0.06,N,3,0
34793,26,44000,OWN,10.0,PERSONAL,A,4000,6.62,0.09,N,3,0
34794,31,110000,MORTGAGE,1.0,MEDICAL,B,12000,10.99,0.11,N,6,0
34795,23,60000,MORTGAGE,6.0,EDUCATION,A,12000,7.9,0.2,N,4,0
34796,21,35000,MORTGAGE,4.0,EDUCATION,A,3500,7.4,0.1,N,4,0
34797,35,38400,MORTGAGE,5.0,MEDICAL,A,10500,7.51,0.27,N,5,0
34798,25,24000,RENT,3.0,MEDICAL,A,10000,7.51,0.4,N,4,1
34799,30,50000,OWN,0.0,VENTURE,B,6400,12.21,0.13,N,5,0
34800,47,65000,MORTGAGE,5.0,HOMEIMPROVEMENT,B,24000,11.49,0.37,N,13,0
34801,25,60000,MORTGAGE,9.0,EDUCATION,C,7000,12.09,0.12,Y,4,0
34802,32,100000,RENT,4.0,PERSONAL,C,10000,13.57,0.1,N,5,0
34803,28,60000,OWN,0.0,VENTURE,B,9000,11.14,0.15,N,7,0
34804,25,50000,RENT,2.0,VENTURE,B,6000,9.91,0.12,N,3,0
34805,35,64402,RENT,4.0,PERSONAL,B,13800,11.99,0.21,N,5,0
34806,34,45000,MORTGAGE,18.0,VENTURE,A,13000,6.62,0.29,N,8,0
34807,25,45000,MORTGAGE,6.0,MEDICAL,C,3500,14.35,0.08,N,3,0
34808,22,42000,RENT,6.0,EDUCATION,A,15000,6.99,0.36,N,4,1
34809,32,40000,RENT,2.0,EDUCATION,C,5400,12.99,0.14,Y,7,0
34810,35,35000,MORTGAGE,6.0,HOMEIMPROVEMENT,A,8000,6.03,0.23,N,8,0
34811,24,40000,RENT,8.0,EDUCATION,B,12000,9.91,0.3,N,4,0
34812,34,38000,RENT,4.0,VENTURE,B,18000,10.74,0.47,N,7,1
34813,30,95000,MORTGAGE,4.0,HOMEIMPROVEMENT,B,13200,12.42,0.14,N,9,0
34814,24,40000,RENT,2.0,MEDICAL,A,6000,7.29,0.15,N,2,0
34815,28,160000,MORTGAGE,4.0,VENTURE,A,13125,6.62,0.09,N,8,0
34816,23,36000,RENT,7.0,MEDICAL,C,10000,14.27,0.28,Y,4,1
34817,22,36000,MORTGAGE,4.0,VENTURE,A,8400,7.51,0.23,N,3,0
34818,27,78000,MORTGAGE,0.0,MEDICAL,B,20000,10.25,0.26,N,10,0
34819,24,24000,OWN,2.0,MEDICAL,A,2500,7.49,0.1,N,3,0
34820,23,60000,MORTGAGE,7.0,DEBTCONSOLIDATION,B,3000,9.91,0.05,N,3,0
34821,25,80000,RENT,5.0,VENTURE,B,22000,10.25,0.28,N,4,0
34822,31,45000,MORTGAGE,5.0,MEDICAL,A,1500,6.03,0.03,N,7,0
34823,26,95000,OWN,5.0,PERSONAL,B,15000,12.69,0.16,N,4,0
34824,22,44000,MORTGAGE,0.0,MEDICAL,E,17200,16.82,0.4,N,2,1
34825,22,70000,RENT,2.0,PERSONAL,D,18000,14.42,0.26,Y,4,1
34826,21,18000,RENT,3.0,MEDICAL,B,1500,11.14,0.08,N,3,0
34827,21,35000,OWN,5.0,EDUCATION,C,1000,13.35,0.03,Y,4,0
34828,26,55000,MORTGAGE,2.0,EDUCATION,B,11300,12.69,0.21,N,3,0
34829,24,40000,RENT,3.0,DEBTCONSOLIDATION,C,4000,12.73,0.1,Y,3,0
34830,29,50000,MORTGAGE,2.0,HOMEIMPROVEMENT,B,7800,11.89,0.15,N,9,0
34831,28,72500,MORTGAGE,12.0,VENTURE,D,10000,16.77,0.14,Y,7,0
34832,24,72000,MORTGAGE,8.0,HOMEIMPROVEMENT,B,10000,11.99,0.14,N,4,0
34833,27,63360,MORTGAGE,13.0,MEDICAL,B,6500,10.74,0.1,N,9,1
34834,28,55000,MORTGAGE,7.0,EDUCATION,B,4000,11.49,0.07,N,5,0
34835,51,19200,RENT,6.0,MEDICAL,F,3000,18.78,0.16,N,19,1
34836,27,75000,MORTGAGE,7.0,PERSONAL,A,12000,7.29,0.16,N,7,0
34837,22,98000,MORTGAGE,6.0,DEBTCONSOLIDATION,D,5000,16.29,0.05,N,3,1
34838,24,44000,RENT,0.0,VENTURE,E,12000,16.45,0.27,N,4,1
34839,23,43000,RENT,6.0,MEDICAL,A,8000,7.49,0.19,N,2,0
34840,25,100000,MORTGAGE,3.0,VENTURE,B,8000,11.99,0.08,N,3,0
34841,23,52000,MORTGAGE,0.0,EDUCATION,B,13200,11.48,0.24,N,3,0
34842,24,50000,RENT,2.0,PERSONAL,C,9000,11.03,0.18,Y,4,0
34843,23,45000,RENT,7.0,VENTURE,A,3600,6.03,0.08,N,4,0
34844,22,60000,MORTGAGE,6.0,DEBTCONSOLIDATION,A,14400,7.51,0.24,N,4,0
34845,25,64000,MORTGAGE,3.0,PERSONAL,A,10000,7.14,0.16,N,2,0
34846,24,72000,MORTGAGE,8.0,HOMEIMPROVEMENT,B,6000,11.86,0.08,N,3,0
34847,45,106000,MORTGAGE,13.0,HOMEIMPROVEMENT,E,3500,17.04,0.04,Y,12,0
34848,22,85000,OWN,3.0,EDUCATION,C,12000,13.16,0.14,N,3,0
34849,31,91000,MORTGAGE,4.0,HOMEIMPROVEMENT,A,8000,9.32,0.09,N,9,0
34850,29,135000,MORTGAGE,5.0,MEDICAL,B,25000,11.12,0.19,N,8,0
34851,32,120000,MORTGAGE,5.0,EDUCATION,B,18000,11.49,0.15,N,9,0
34852,36,87600,MORTGAGE,24.0,VENTURE,A,6000,7.4,0.07,N,11,0
34853,29,43200,MORTGAGE,8.0,HOMEIMPROVEMENT,A,5000,6.91,0.12,N,6,1
34854,29,26400,MORTGAGE,6.0,VENTURE,B,4800,10.65,0.18,N,6,0
34855,32,45600,MORTGAGE,16.0,VENTURE,A,4000,8.49,0.09,N,7,0
34856,32,61900,RENT,4.0,HOMEIMPROVEMENT,C,1500,13.23,0.02,N,7,0
34857,21,44004,RENT,1.0,VENTURE,D,10000,17.49,0.23,Y,4,1
34858,24,72000,MORTGAGE,8.0,PERSONAL,A,5000,6.03,0.07,N,3,0
34859,21,46800,RENT,0.0,EDUCATION,A,5000,7.88,0.11,N,2,0
34860,22,54000,MORTGAGE,3.0,PERSONAL,B,10000,11.89,0.19,N,3,0
34861,35,80000,RENT,8.0,VENTURE,A,18000,8.49,0.23,N,8,0
34862,22,26886,RENT,6.0,PERSONAL,C,7500,13.49,0.28,Y,2,0
34863,24,40000,RENT,0.0,VENTURE,A,2400,7.66,0.06,N,3,0
34864,23,41600,RENT,0.0,VENTURE,A,4000,6.17,0.09,N,3,0
34865,28,44160,RENT,2.0,EDUCATION,C,10400,13.23,0.23,N,8,0
34866,22,60000,RENT,2.0,DEBTCONSOLIDATION,B,15000,10.25,0.25,N,3,0
34867,29,41000,RENT,0.0,VENTURE,C,10000,13.57,0.25,N,8,0
34868,29,98000,MORTGAGE,3.0,HOMEIMPROVEMENT,C,15000,15.96,0.15,Y,8,0
34869,27,70000,RENT,11.0,VENTURE,B,3000,11.99,0.04,N,6,0
34870,32,48000,MORTGAGE,6.0,MEDICAL,A,7300,9.32,0.16,N,7,0
34871,22,40000,MORTGAGE,0.0,EDUCATION,A,6000,8.0,0.15,N,2,0
34872,22,48000,MORTGAGE,6.0,VENTURE,A,3000,5.42,0.06,N,3,0
34873,26,75000,MORTGAGE,5.0,PERSONAL,B,12000,10.74,0.16,N,3,0
34874,28,85000,MORTGAGE,0.0,HOMEIMPROVEMENT,B,12000,11.86,0.14,N,9,0
34875,36,88000,RENT,0.0,HOMEIMPROVEMENT,C,3600,14.26,0.04,N,14,0
34876,28,65000,MORTGAGE,4.0,VENTURE,A,1525,5.42,0.02,N,7,0
34877,27,90000,MORTGAGE,11.0,EDUCATION,A,10000,7.49,0.11,N,6,0
34878,24,120000,MORTGAGE,2.0,HOMEIMPROVEMENT,B,8000,10.37,0.07,N,2,0
34879,26,44000,RENT,3.0,PERSONAL,B,5400,11.11,0.12,N,2,1
34880,26,30000,RENT,2.0,VENTURE,B,5000,9.91,0.17,N,3,0
34881,25,96000,MORTGAGE,9.0,PERSONAL,B,1500,9.99,0.02,N,3,0
34882,37,65000,RENT,2.0,PERSONAL,B,20000,9.88,0.31,N,11,1
34883,24,102000,MORTGAGE,1.0,EDUCATION,B,7500,11.49,0.07,N,3,0
34884,23,45000,RENT,3.0,PERSONAL,C,3000,13.61,0.07,N,2,0
34885,21,40000,MORTGAGE,5.0,DEBTCONSOLIDATION,B,5000,9.99,0.13,N,4,0
34886,26,55000,RENT,10.0,HOMEIMPROVEMENT,B,7000,9.64,0.13,N,3,0
34887,24,48000,MORTGAGE,8.0,VENTURE,A,5000,7.14,0.1,N,4,0
34888,37,85000,RENT,21.0,VENTURE,B,4000,9.88,0.05,N,15,0
34889,36,45000,RENT,5.0,PERSONAL,B,7200,12.42,0.16,N,17,0
34890,28,50000,OWN,4.0,EDUCATION,A,8000,5.79,0.16,N,10,0
34891,23,45000,MORTGAGE,7.0,EDUCATION,A,7000,7.49,0.16,N,3,0
34892,27,45000,MORTGAGE,11.0,EDUCATION,A,8000,7.9,0.18,N,10,0
34893,24,45000,RENT,4.0,PERSONAL,C,15000,13.06,0.33,N,2,1
34894,24,115000,RENT,2.0,VENTURE,A,12000,7.51,0.1,N,4,0
34895,36,54000,RENT,0.0,DEBTCONSOLIDATION,D,10000,14.11,0.19,N,13,1
34896,31,78000,MORTGAGE,8.0,HOMEIMPROVEMENT,A,11000,6.62,0.14,N,7,0
34897,26,82000,MORTGAGE,6.0,HOMEIMPROVEMENT,E,2400,19.91,0.03,Y,3,0
34898,23,30000,RENT,6.0,EDUCATION,A,5500,7.49,0.18,N,2,0
34899,22,55000,MORTGAGE,4.0,VENTURE,B,10750,11.58,0.2,N,4,0
34900,36,114000,MORTGAGE,2.0,HOMEIMPROVEMENT,C,8000,14.35,0.07,Y,14,0
34901,22,55000,MORTGAGE,4.0,EDUCATION,E,10000,17.74,0.18,Y,2,0
34902,23,70000,RENT,5.0,MEDICAL,C,20000,13.16,0.29,N,4,0
34903,23,41000,RENT,0.0,EDUCATION,B,7000,9.63,0.17,N,3,0
34904,60,49008,OWN,5.0,MEDICAL,C,13000,13.79,0.28,Y,3,0
34905,27,75000,MORTGAGE,4.0,MEDICAL,B,5000,10.99,0.07,N,9,0
34906,24,56000,MORTGAGE,5.0,HOMEIMPROVEMENT,B,8000,12.18,0.14,N,2,1
34907,23,30000,RENT,2.0,EDUCATION,C,7000,13.22,0.23,N,3,0
34908,29,72000,MORTGAGE,7.0,DEBTCONSOLIDATION,B,6000,11.86,0.08,N,10,0
34909,24,38000,MORTGAGE,6.0,VENTURE,A,6200,8.9,0.16,N,2,0
34910,32,72000,MORTGAGE,6.0,HOMEIMPROVEMENT,C,4000,14.22,0.06,N,9,0
34911,25,51600,MORTGAGE,1.0,HOMEIMPROVEMENT,B,6000,10.99,0.12,N,3,0
34912,26,50000,RENT,10.0,VENTURE,D,5600,16.49,0.11,N,4,0
34913,23,30000,RENT,2.0,DEBTCONSOLIDATION,A,4200,7.51,0.14,N,2,0
34914,27,95000,OWN,0.0,EDUCATION,B,9000,11.83,0.09,N,5,0
34915,23,65000,MORTGAGE,7.0,VENTURE,A,16500,9.32,0.25,N,4,0
34916,23,55000,MORTGAGE,6.0,EDUCATION,B,10000,11.49,0.18,N,3,0
34917,24,95000,RENT,4.0,MEDICAL,B,15000,8.88,0.16,N,4,0
34918,22,45000,RENT,2.0,DEBTCONSOLIDATION,C,6800,13.22,0.15,N,2,0
34919,32,60000,MORTGAGE,7.0,PERSONAL,C,5600,13.49,0.09,N,9,0
34920,37,40000,RENT,8.0,EDUCATION,D,7200,16.29,0.18,N,12,0
34921,25,50000,MORTGAGE,9.0,VENTURE,A,12000,7.88,0.24,N,2,0
34922,31,45000,OWN,4.0,EDUCATION,F,10000,18.62,0.22,N,9,0
34923,24,69996,RENT,2.0,EDUCATION,D,4000,14.91,0.06,N,4,1
34924,26,50000,OWN,10.0,HOMEIMPROVEMENT,B,9175,10.99,0.18,N,2,0
34925,27,70000,MORTGAGE,11.0,VENTURE,B,6000,9.99,0.09,N,5,0
34926,31,116400,RENT,13.0,DEBTCONSOLIDATION,A,2000,8.59,0.02,N,9,0
34927,27,65000,OWN,6.0,VENTURE,C,14400,13.61,0.21,N,9,0
34928,38,53796,RENT,1.0,HOMEIMPROVEMENT,A,9000,9.63,0.16,N,11,0
34929,26,48000,OWN,10.0,VENTURE,A,6000,6.76,0.13,N,2,0
34930,23,34255,RENT,8.0,MEDICAL,B,6000,7.9,0.18,N,3,0
34931,25,90000,MORTGAGE,9.0,VENTURE,B,8000,10.99,0.09,N,3,0
34932,43,104550,MORTGAGE,14.0,MEDICAL,D,16000,16.49,0.16,N,11,1
34933,32,37000,MORTGAGE,2.0,VENTURE,B,6000,10.62,0.16,N,6,0
34934,47,86500,MORTGAGE,13.0,EDUCATION,A,24000,7.51,0.28,N,15,0
34935,28,36000,RENT,2.0,PERSONAL,A,6000,6.17,0.17,N,10,0
34936,25,118000,MORTGAGE,9.0,VENTURE,B,10000,9.25,0.08,N,3,0
34937,23,48152,MORTGAGE,7.0,VENTURE,A,7000,7.49,0.15,N,4,0
34938,31,62400,MORTGAGE,14.0,DEBTCONSOLIDATION,A,15000,5.42,0.24,N,8,0
34939,23,50000,RENT,0.0,EDUCATION,C,9000,13.57,0.18,N,2,0
34940,22,42000,RENT,4.0,EDUCATION,A,7150,6.17,0.17,N,3,0
34941,30,67000,RENT,2.0,HOMEIMPROVEMENT,B,20000,11.11,0.3,N,8,0
34942,23,54000,RENT,4.0,PERSONAL,C,5500,13.23,0.1,N,3,0
34943,22,32400,RENT,1.0,HOMEIMPROVEMENT,D,2500,17.27,0.08,N,3,1
34944,22,30000,RENT,6.0,DEBTCONSOLIDATION,A,7000,8.9,0.23,N,4,0
34945,24,58320,RENT,4.0,VENTURE,A,4000,8.59,0.07,N,3,0
34946,29,125000,MORTGAGE,2.0,EDUCATION,B,12000,10.38,0.1,N,6,0
34947,27,40000,RENT,3.0,VENTURE,B,1000,10.99,0.03,N,8,0
34948,27,65004,MORTGAGE,0.0,DEBTCONSOLIDATION,B,6500,10.65,0.1,N,5,1
34949,24,50000,OWN,7.0,DEBTCONSOLIDATION,D,15000,16.29,0.3,N,3,0
34950,39,28550,RENT,2.0,MEDICAL,B,1800,12.42,0.06,N,12,0
34951,24,50000,MORTGAGE,7.0,EDUCATION,C,3000,13.43,0.06,Y,3,0
34952,22,44720,MORTGAGE,6.0,EDUCATION,A,6000,7.9,0.13,N,2,0
34953,54,116000,MORTGAGE,19.0,PERSONAL,C,19750,14.26,0.16,Y,19,0
34954,35,36000,RENT,5.0,VENTURE,B,15000,10.99,0.42,N,9,1
34955,22,60000,RENT,2.0,PERSONAL,C,7000,12.84,0.12,Y,2,0
34956,25,36000,OWN,9.0,VENTURE,C,8000,14.35,0.22,N,2,0
34957,23,25000,RENT,0.0,MEDICAL,B,6000,10.65,0.24,N,2,0
34958,27,42000,RENT,0.0,VENTURE,A,3625,6.17,0.09,N,9,0
34959,21,45000,RENT,5.0,PERSONAL,B,6500,10.74,0.14,N,3,0
34960,32,42000,RENT,4.0,DEBTCONSOLIDATION,A,11500,7.51,0.27,N,6,0
34961,22,54000,RENT,1.0,PERSONAL,C,10000,13.11,0.18,N,2,0
34962,29,42996,MORTGAGE,14.0,DEBTCONSOLIDATION,B,15000,9.63,0.35,N,9,0
34963,29,50000,RENT,9.0,PERSONAL,B,5000,11.71,0.1,N,7,0
34964,29,60000,RENT,1.0,PERSONAL,A,3500,7.51,0.06,N,6,0
34965,23,20000,RENT,1.0,PERSONAL,C,8000,14.26,0.4,Y,3,1
34966,29,83000,RENT,3.0,HOMEIMPROVEMENT,A,12000,6.54,0.14,N,6,0
34967,31,105000,RENT,0.0,DEBTCONSOLIDATION,A,10000,7.51,0.1,N,9,0
34968,23,50000,RENT,0.0,VENTURE,C,10000,12.84,0.2,Y,4,0
34969,25,52000,MORTGAGE,5.0,HOMEIMPROVEMENT,A,10000,7.51,0.19,N,4,0
34970,27,47000,RENT,4.0,PERSONAL,A,8000,7.49,0.17,N,9,0
34971,35,30000,MORTGAGE,2.0,DEBTCONSOLIDATION,A,10000,7.66,0.33,N,9,1
34972,34,90000,MORTGAGE,18.0,HOMEIMPROVEMENT,A,13000,6.54,0.15,N,9,0
34973,30,70000,RENT,5.0,EDUCATION,B,10000,11.26,0.14,N,9,0
34974,27,55000,MORTGAGE,4.0,VENTURE,A,5000,8.0,0.09,N,9,0
34975,28,120000,MORTGAGE,2.0,PERSONAL,C,14400,13.49,0.13,Y,7,0
34976,33,60000,MORTGAGE,0.0,DEBTCONSOLIDATION,A,12500,6.99,0.21,N,5,0
34977,35,20000,RENT,2.0,DEBTCONSOLIDATION,B,5000,12.69,0.25,N,6,0
34978,23,54000,RENT,2.0,MEDICAL,E,5000,16.32,0.09,N,2,1
34979,25,80000,MORTGAGE,9.0,HOMEIMPROVEMENT,A,9000,7.51,0.11,N,3,0
34980,25,42000,RENT,5.0,EDUCATION,D,7400,15.62,0.18,Y,4,0
34981,23,130000,RENT,7.0,DEBTCONSOLIDATION,A,7000,6.99,0.05,N,2,0
34982,24,100000,OWN,8.0,VENTURE,C,6000,12.99,0.06,Y,3,0
34983,28,150000,RENT,7.0,PERSONAL,C,19000,13.11,0.12,Y,8,0
34984,26,75000,RENT,4.0,HOMEIMPROVEMENT,B,6000,10.99,0.08,N,4,0
34985,23,65000,RENT,4.0,PERSONAL,A,4700,7.49,0.07,N,2,0
34986,23,75000,RENT,3.0,MEDICAL,B,15000,10.25,0.2,N,3,0
34987,32,35000,RENT,1.0,PERSONAL,B,5500,12.69,0.16,N,10,0
34988,25,75600,MORTGAGE,3.0,MEDICAL,B,7200,9.99,0.1,N,3,0
34989,36,72000,MORTGAGE,12.0,VENTURE,A,8000,6.62,0.11,N,13,0
34990,29,50000,MORTGAGE,4.0,DEBTCONSOLIDATION,A,5000,7.14,0.1,N,10,0
34991,23,45000,MORTGAGE,7.0,DEBTCONSOLIDATION,A,9000,7.51,0.2,N,3,0
34992,27,72000,MORTGAGE,11.0,EDUCATION,A,10000,7.51,0.14,N,6,0
34993,24,140300,RENT,6.0,DEBTCONSOLIDATION,B,6000,12.42,0.04,N,3,0
34994,21,50160,RENT,5.0,PERSONAL,D,3000,15.62,0.06,Y,4,1
34995,28,48000,MORTGAGE,1.0,HOMEIMPROVEMENT,B,5000,12.69,0.1,N,10,0
34996,60,70000,MORTGAGE,26.0,PERSONAL,A,25000,7.9,0.36,N,22,0
34997,37,50000,RENT,6.0,EDUCATION,A,6000,5.42,0.12,N,13,0
34998,23,75000,RENT,4.0,DEBTCONSOLIDATION,A,5000,7.66,0.07,N,4,0
34999,36,65000,MORTGAGE,2.0,VENTURE,A,8000,9.63,0.12,N,14,0
35000,27,172000,MORTGAGE,1.0,PERSONAL,C,16000,13.47,0.09,N,7,0
35001,22,24000,RENT,2.0,EDUCATION,A,4000,8.9,0.17,N,2,0
35002,27,72000,MORTGAGE,2.0,VENTURE,C,15000,13.49,0.21,N,10,0
35003,23,145000,MORTGAGE,7.0,EDUCATION,B,12000,10.36,0.08,N,4,0
35004,39,40000,RENT,1.0,VENTURE,B,10000,10.0,0.25,N,13,0
35005,35,63996,MORTGAGE,8.0,EDUCATION,B,10000,10.37,0.16,N,10,0
35006,23,75000,MORTGAGE,7.0,DEBTCONSOLIDATION,B,7000,10.65,0.09,N,2,0
35007,23,24000,RENT,4.0,VENTURE,A,5000,6.54,0.21,N,4,0
35008,33,100000,MORTGAGE,4.0,DEBTCONSOLIDATION,C,15000,13.79,0.15,N,9,0
35009,26,61000,MORTGAGE,4.0,HOMEIMPROVEMENT,A,2000,7.4,0.03,N,2,0
35010,21,27000,RENT,5.0,MEDICAL,A,2200,7.88,0.08,N,3,0
35011,30,42000,MORTGAGE,4.0,HOMEIMPROVEMENT,A,10000,7.51,0.24,N,8,0
35012,36,90000,MORTGAGE,2.0,VENTURE,A,3000,6.92,0.03,N,13,0
35013,33,93000,MORTGAGE,2.0,VENTURE,A,10000,7.51,0.11,N,7,0
35014,30,49000,MORTGAGE,1.0,DEBTCONSOLIDATION,B,12000,12.18,0.24,N,7,1
35015,29,60000,MORTGAGE,3.0,DEBTCONSOLIDATION,A,8000,7.88,0.13,N,6,0
35016,38,60000,MORTGAGE,8.0,DEBTCONSOLIDATION,B,5000,9.99,0.08,N,15,0
35017,23,75000,RENT,2.0,EDUCATION,A,5600,9.63,0.07,N,4,0
35018,29,70000,RENT,3.0,HOMEIMPROVEMENT,C,12000,14.27,0.17,N,6,0
35019,33,90000,MORTGAGE,0.0,VENTURE,A,4500,5.99,0.05,N,7,0
35020,32,45000,RENT,4.0,MEDICAL,B,5000,10.38,0.11,N,5,0
35021,24,105000,MORTGAGE,8.0,EDUCATION,A,10000,7.74,0.09,N,3,0
35022,26,100000,MORTGAGE,4.0,PERSONAL,B,10000,10.99,0.1,N,3,0
35023,25,48000,RENT,2.0,MEDICAL,B,8000,9.91,0.17,N,4,0
35024,23,50000,RENT,0.0,DEBTCONSOLIDATION,A,7200,7.29,0.14,N,3,0
35025,23,55000,MORTGAGE,7.0,EDUCATION,A,6000,7.74,0.11,N,4,0
35026,29,110000,MORTGAGE,2.0,MEDICAL,B,8000,11.14,0.07,N,5,0
35027,25,70000,MORTGAGE,9.0,MEDICAL,A,3000,7.68,0.04,N,4,0
35028,29,38196,RENT,0.0,MEDICAL,B,2000,9.88,0.05,N,7,0
35029,32,60000,RENT,2.0,VENTURE,A,12500,7.88,0.21,N,10,0
35030,27,79632,RENT,11.0,DEBTCONSOLIDATION,D,7000,15.7,0.08,N,5,1
35031,22,30000,RENT,2.0,EDUCATION,B,3000,12.53,0.1,N,4,0
35032,22,30000,RENT,6.0,PERSONAL,B,3200,11.14,0.11,N,3,0
35033,22,44000,RENT,6.0,DEBTCONSOLIDATION,B,15000,12.21,0.34,N,4,1
35034,28,58650,MORTGAGE,5.0,MEDICAL,A,5000,8.59,0.07,N,9,1
35035,25,50000,MORTGAGE,8.0,DEBTCONSOLIDATION,C,5000,13.22,0.1,Y,4,0
35036,24,33000,RENT,8.0,EDUCATION,A,5000,8.94,0.15,N,3,0
35037,26,59000,RENT,7.0,VENTURE,A,9600,8.94,0.16,N,2,0
35038,36,33600,RENT,0.0,VENTURE,D,12000,14.61,0.36,N,15,1
35039,23,90000,RENT,0.0,EDUCATION,B,10000,11.89,0.11,N,3,0
35040,30,49000,MORTGAGE,7.0,MEDICAL,B,8400,12.18,0.17,N,7,0
35041,37,36000,RENT,14.0,DEBTCONSOLIDATION,C,5000,12.73,0.14,N,17,0
35042,25,45000,OWN,9.0,PERSONAL,A,10000,6.17,0.22,N,3,0
35043,27,60000,MORTGAGE,11.0,HOMEIMPROVEMENT,C,2000,12.61,0.03,Y,10,0
35044,34,90000,MORTGAGE,14.0,HOMEIMPROVEMENT,B,16000,11.11,0.18,N,5,0
35045,21,40000,RENT,5.0,VENTURE,B,12000,10.99,0.3,N,4,0
35046,29,49000,RENT,9.0,HOMEIMPROVEMENT,B,10000,10.59,0.2,N,6,1
35047,23,38400,MORTGAGE,2.0,PERSONAL,A,9200,6.03,0.24,N,2,0
35048,27,66996,RENT,5.0,MEDICAL,A,9000,8.0,0.13,N,9,0
35049,29,30000,RENT,3.0,PERSONAL,A,4000,8.94,0.13,N,5,0
35050,42,140000,RENT,26.0,VENTURE,B,5000,9.91,0.04,N,14,0
35051,22,28800,RENT,0.0,VENTURE,A,14400,6.91,0.5,N,2,1
35052,22,51996,RENT,6.0,MEDICAL,A,3200,6.99,0.06,N,2,0
35053,22,44000,RENT,3.0,MEDICAL,C,3500,12.68,0.08,Y,4,0
35054,29,29000,RENT,2.0,MEDICAL,D,7500,14.84,0.26,N,6,1
35055,38,50000,MORTGAGE,4.0,PERSONAL,A,10000,7.51,0.2,N,11,0
35056,25,66000,MORTGAGE,9.0,HOMEIMPROVEMENT,A,6000,6.99,0.09,N,3,0
35057,33,110000,MORTGAGE,12.0,DEBTCONSOLIDATION,C,3500,13.35,0.03,Y,7,0
35058,25,42000,RENT,1.0,VENTURE,A,4200,7.9,0.1,N,3,0
35059,56,45000,RENT,7.0,PERSONAL,B,8000,11.83,0.18,N,24,0
35060,31,38000,MORTGAGE,8.0,VENTURE,A,10000,7.51,0.26,N,5,0
35061,29,65458,MORTGAGE,11.0,PERSONAL,A,11400,7.88,0.17,N,7,0
35062,24,70000,RENT,1.0,MEDICAL,A,2000,7.68,0.03,N,4,0
35063,28,37000,RENT,4.0,VENTURE,A,16000,6.99,0.43,N,8,1
35064,25,50000,RENT,8.0,EDUCATION,B,5000,10.78,0.1,N,4,0
35065,33,44000,RENT,6.0,EDUCATION,D,5000,14.74,0.11,Y,5,1
35066,24,24000,RENT,0.0,VENTURE,B,2400,10.59,0.1,N,4,0
35067,31,40000,RENT,2.0,MEDICAL,C,6000,13.23,0.15,N,10,0
35068,25,42000,RENT,9.0,EDUCATION,C,1600,14.27,0.04,Y,3,0
35069,29,45000,OWN,4.0,MEDICAL,B,7000,10.62,0.16,N,10,0
35070,32,65000,RENT,4.0,HOMEIMPROVEMENT,C,6000,13.49,0.09,Y,5,0
35071,25,28800,RENT,3.0,MEDICAL,C,2500,13.49,0.09,Y,3,0
35072,40,60000,OWN,20.0,HOMEIMPROVEMENT,C,15000,13.43,0.25,Y,13,0
35073,31,38700,RENT,0.0,MEDICAL,C,16000,14.26,0.43,Y,9,1
35074,25,60000,MORTGAGE,0.0,EDUCATION,A,8000,5.79,0.13,N,3,0
35075,21,30000,RENT,5.0,DEBTCONSOLIDATION,B,4500,11.49,0.15,N,3,0
35076,29,36000,RENT,1.0,HOMEIMPROVEMENT,B,15300,12.69,0.41,N,6,1
35077,25,67000,RENT,2.0,DEBTCONSOLIDATION,B,7000,10.99,0.1,N,2,0
35078,25,64500,RENT,9.0,MEDICAL,B,8000,10.99,0.13,N,4,0
35079,23,37500,RENT,0.0,PERSONAL,B,12000,10.37,0.32,N,3,1
35080,30,85000,RENT,14.0,MEDICAL,C,18000,14.27,0.21,Y,7,0
35081,23,70000,MORTGAGE,0.0,EDUCATION,A,6000,6.62,0.09,N,3,0
35082,25,25000,OWN,9.0,HOMEIMPROVEMENT,B,5000,11.36,0.2,N,3,0
35083,22,24996,OWN,2.0,VENTURE,C,3500,12.98,0.14,N,3,0
35084,25,60000,RENT,0.0,PERSONAL,C,15000,13.49,0.25,Y,4,0
35085,21,46000,RENT,4.0,EDUCATION,A,9000,7.66,0.2,N,4,0
35086,27,121500,MORTGAGE,11.0,VENTURE,B,6000,10.59,0.05,N,7,0
35087,27,85000,MORTGAGE,2.0,VENTURE,B,10000,10.99,0.12,N,10,0
35088,23,43000,RENT,5.0,PERSONAL,A,10000,6.91,0.23,N,4,0
35089,21,60000,MORTGAGE,5.0,EDUCATION,B,6000,11.99,0.1,N,2,0
35090,22,118000,RENT,2.0,EDUCATION,C,9500,12.68,0.08,N,3,0
35091,24,114750,MORTGAGE,8.0,MEDICAL,B,9600,11.71,0.08,N,4,1
35092,29,26400,RENT,0.0,MEDICAL,D,8000,14.74,0.3,N,7,1
35093,25,85000,MORTGAGE,1.0,PERSONAL,A,12000,6.91,0.14,N,3,0
35094,31,90000,RENT,0.0,PERSONAL,C,7000,13.23,0.08,Y,10,0
35095,24,46800,RENT,2.0,MEDICAL,A,5000,7.88,0.11,N,4,0
35096,23,46000,OTHER,7.0,EDUCATION,C,18000,11.66,0.39,Y,4,1
35097,24,72000,RENT,1.0,VENTURE,A,9000,7.14,0.13,N,2,0
35098,22,30000,RENT,4.0,MEDICAL,D,5000,14.74,0.17,Y,3,1
35099,39,83004,MORTGAGE,6.0,DEBTCONSOLIDATION,A,5000,6.76,0.06,N,17,0
35100,30,90000,MORTGAGE,13.0,DEBTCONSOLIDATION,A,4800,5.79,0.06,N,8,0
35101,28,144000,MORTGAGE,12.0,MEDICAL,B,6000,10.99,0.04,N,6,0
35102,32,19200,RENT,0.0,PERSONAL,C,3000,14.35,0.16,Y,8,1
35103,23,30000,RENT,5.0,MEDICAL,A,7000,8.9,0.23,N,4,0
35104,22,69000,RENT,6.0,EDUCATION,D,16000,14.59,0.23,N,2,1
35105,23,35000,RENT,1.0,PERSONAL,A,10000,8.49,0.29,N,3,0
35106,22,44640,RENT,0.0,PERSONAL,B,12800,11.83,0.29,N,3,0
35107,29,80000,RENT,3.0,EDUCATION,B,7500,10.08,0.09,N,10,0
35108,28,50000,RENT,3.0,EDUCATION,B,13000,10.38,0.27,N,6,0
35109,24,64000,MORTGAGE,7.0,EDUCATION,B,8000,10.99,0.13,N,4,0
35110,35,58650,RENT,5.0,MEDICAL,D,16500,16.29,0.22,N,8,1
35111,35,110000,MORTGAGE,5.0,VENTURE,A,15000,7.88,0.14,N,7,0
35112,25,50000,RENT,3.0,HOMEIMPROVEMENT,A,20000,5.99,0.4,N,3,1
35113,31,59000,RENT,11.0,VENTURE,D,10000,16.77,0.17,N,5,1
35114,38,92000,MORTGAGE,6.0,PERSONAL,B,20000,10.99,0.22,N,17,0
35115,24,110000,MORTGAGE,3.0,PERSONAL,B,10000,10.74,0.09,N,4,0
35116,48,60000,RENT,8.0,VENTURE,C,5000,13.99,0.08,Y,14,0
35117,24,150000,MORTGAGE,8.0,PERSONAL,B,14400,11.14,0.09,N,4,0
35118,25,35500,MORTGAGE,5.0,HOMEIMPROVEMENT,B,4000,10.99,0.11,N,4,0
35119,28,73000,RENT,0.0,VENTURE,D,5000,15.7,0.07,Y,9,1
35120,32,24000,RENT,3.0,MEDICAL,A,6000,8.49,0.25,N,8,0
35121,24,53000,RENT,8.0,HOMEIMPROVEMENT,D,12000,15.65,0.23,Y,3,0
35122,32,97000,MORTGAGE,3.0,PERSONAL,B,7500,10.08,0.08,N,9,0
35123,23,150000,MORTGAGE,0.0,MEDICAL,B,10000,9.99,0.07,N,3,0
35124,46,35000,MORTGAGE,3.0,HOMEIMPROVEMENT,A,7000,7.49,0.2,N,13,0
35125,23,50000,RENT,8.0,VENTURE,B,7000,10.37,0.14,N,2,0
35126,30,70000,RENT,0.0,EDUCATION,C,7000,13.79,0.1,Y,5,0
35127,30,54000,MORTGAGE,8.0,DEBTCONSOLIDATION,B,15000,11.99,0.28,N,9,1
35128,29,95000,MORTGAGE,5.0,HOMEIMPROVEMENT,B,7000,9.91,0.07,N,7,0
35129,21,45000,RENT,3.0,EDUCATION,A,10000,8.9,0.22,N,3,0
35130,26,130000,MORTGAGE,10.0,PERSONAL,A,8000,7.14,0.06,N,4,0
35131,26,73164,MORTGAGE,6.0,MEDICAL,C,1000,12.84,0.01,Y,4,0
35132,23,30000,RENT,0.0,EDUCATION,B,4000,10.36,0.13,N,4,0
35133,27,55000,RENT,3.0,VENTURE,C,2000,14.22,0.04,Y,9,0
35134,22,48000,RENT,1.0,EDUCATION,B,14000,9.63,0.29,N,3,0
35135,30,55000,RENT,6.0,MEDICAL,A,8000,5.79,0.15,N,8,0
35136,23,48000,RENT,8.0,DEBTCONSOLIDATION,A,5000,6.17,0.1,N,2,0
35137,49,40000,RENT,3.0,DEBTCONSOLIDATION,A,10000,6.62,0.25,N,16,0
35138,23,50000,MORTGAGE,7.0,MEDICAL,B,15000,10.25,0.3,N,2,0
35139,21,30000,RENT,3.0,PERSONAL,B,3000,12.18,0.1,N,2,0
35140,40,49000,RENT,4.0,HOMEIMPROVEMENT,F,2000,18.3,0.04,Y,14,1
35141,25,60000,RENT,6.0,MEDICAL,C,12000,14.22,0.2,N,4,0
35142,30,51000,MORTGAGE,5.0,HOMEIMPROVEMENT,B,15000,12.69,0.29,N,6,1
35143,23,87000,RENT,4.0,EDUCATION,C,10000,13.11,0.11,N,4,0
35144,24,68004,RENT,3.0,DEBTCONSOLIDATION,A,9600,8.49,0.14,N,2,0
35145,25,150000,MORTGAGE,9.0,MEDICAL,A,6000,7.74,0.04,N,3,0
35146,24,58668,RENT,4.0,MEDICAL,D,20000,15.2,0.34,Y,2,1
35147,27,80000,MORTGAGE,11.0,MEDICAL,B,15000,11.36,0.19,N,6,0
35148,23,121000,MORTGAGE,7.0,EDUCATION,A,13000,8.49,0.11,N,4,0
35149,23,42000,RENT,7.0,VENTURE,B,13500,10.95,0.31,N,2,1
35150,22,110000,MORTGAGE,0.0,EDUCATION,E,12000,15.68,0.11,Y,4,0
35151,30,60000,RENT,4.0,DEBTCONSOLIDATION,C,5000,13.43,0.08,N,10,0
35152,26,55000,MORTGAGE,1.0,HOMEIMPROVEMENT,E,20000,19.91,0.36,N,4,0
35153,30,80000,MORTGAGE,6.0,PERSONAL,A,6000,8.49,0.07,N,5,0
35154,26,26400,RENT,5.0,DEBTCONSOLIDATION,B,8000,9.99,0.3,N,4,0
35155,26,50000,RENT,6.0,HOMEIMPROVEMENT,C,11200,13.99,0.22,N,3,0
35156,27,50000,MORTGAGE,4.0,VENTURE,A,5000,6.62,0.1,N,6,0
35157,27,30000,MORTGAGE,4.0,PERSONAL,A,3200,6.17,0.11,N,10,0
35158,22,50000,RENT,0.0,VENTURE,A,3000,7.14,0.06,N,2,0
35159,22,35000,RENT,1.0,EDUCATION,A,5000,5.42,0.14,N,4,0
35160,22,40000,RENT,5.0,PERSONAL,C,8000,14.35,0.2,N,2,0
35161,24,36000,OWN,5.0,VENTURE,B,15000,12.42,0.42,N,3,0
35162,28,80000,MORTGAGE,3.0,VENTURE,A,10000,6.54,0.13,N,7,0
35163,24,75000,MORTGAGE,0.0,HOMEIMPROVEMENT,D,18000,14.74,0.24,Y,4,0
35164,31,73000,MORTGAGE,2.0,HOMEIMPROVEMENT,B,12000,11.11,0.16,N,10,0
35165,30,24500,RENT,2.0,PERSONAL,A,1500,7.74,0.06,N,8,1
35166,38,65000,MORTGAGE,8.0,PERSONAL,A,5000,5.42,0.08,N,17,0
35167,40,59880,RENT,0.0,EDUCATION,D,15000,15.65,0.25,Y,16,1
35168,40,48000,RENT,3.0,MEDICAL,B,7500,10.99,0.16,N,15,0
35169,29,50000,MORTGAGE,2.0,HOMEIMPROVEMENT,B,4500,11.14,0.09,N,7,0
35170,29,34000,MORTGAGE,13.0,VENTURE,C,4000,14.72,0.12,Y,9,0
35171,22,26000,RENT,1.0,HOMEIMPROVEMENT,B,8000,12.18,0.31,N,2,1
35172,24,50000,RENT,4.0,HOMEIMPROVEMENT,B,8000,10.59,0.16,N,3,0
35173,22,62000,RENT,1.0,MEDICAL,A,4800,7.88,0.07,N,3,0
35174,38,40000,OWN,16.0,PERSONAL,A,5000,6.62,0.13,N,12,0
35175,32,50000,MORTGAGE,0.0,PERSONAL,B,6000,10.59,0.12,N,8,0
35176,28,104525,MORTGAGE,12.0,HOMEIMPROVEMENT,D,7000,15.99,0.07,N,5,0
35177,37,90000,MORTGAGE,5.0,HOMEIMPROVEMENT,C,12000,13.43,0.13,N,12,0
35178,25,115000,MORTGAGE,3.0,VENTURE,C,17000,13.85,0.15,Y,3,0
35179,32,70000,RENT,16.0,DEBTCONSOLIDATION,B,15000,11.49,0.21,N,10,0
35180,42,54000,RENT,3.0,MEDICAL,C,16000,13.35,0.3,N,14,0
35181,33,50000,RENT,2.0,VENTURE,B,8000,12.18,0.16,N,7,0
35182,28,70000,MORTGAGE,2.0,PERSONAL,A,10000,6.62,0.14,N,7,0
35183,26,45000,RENT,5.0,MEDICAL,C,12000,13.49,0.27,Y,2,0
35184,33,70000,MORTGAGE,8.0,PERSONAL,A,7000,7.29,0.1,N,5,0
35185,25,27996,RENT,5.0,MEDICAL,B,5000,10.38,0.18,N,4,0
35186,29,50000,MORTGAGE,0.0,EDUCATION,B,2500,10.99,0.05,N,10,0
35187,48,80000,OWN,2.0,VENTURE,A,5000,7.51,0.06,N,17,0
35188,27,60000,RENT,0.0,MEDICAL,A,22000,6.03,0.38,N,8,1
35189,22,50004,MORTGAGE,3.0,EDUCATION,B,12000,9.99,0.24,N,2,0
35190,21,36000,RENT,5.0,PERSONAL,A,7000,7.29,0.19,N,2,0
35191,46,90000,OWN,12.0,MEDICAL,A,5500,8.0,0.06,N,16,0
35192,24,45000,MORTGAGE,8.0,EDUCATION,A,6500,7.49,0.14,N,3,0
35193,30,70000,RENT,4.0,HOMEIMPROVEMENT,A,6000,6.62,0.09,N,8,0
35194,24,44000,RENT,6.0,VENTURE,C,10000,15.27,0.23,N,2,1
35195,23,38496,MORTGAGE,7.0,MEDICAL,D,7500,14.74,0.2,N,3,1
35196,24,30000,RENT,0.0,MEDICAL,B,3000,11.86,0.1,N,2,0
35197,43,108000,MORTGAGE,2.0,HOMEIMPROVEMENT,B,15000,11.36,0.14,N,16,0
35198,25,83004,MORTGAGE,4.0,PERSONAL,D,12000,15.99,0.14,Y,3,0
35199,22,60000,MORTGAGE,6.0,EDUCATION,A,7200,7.51,0.12,N,4,0
35200,32,75000,RENT,4.0,HOMEIMPROVEMENT,C,12000,12.68,0.16,N,7,0
35201,23,42000,RENT,7.0,MEDICAL,B,6000,11.49,0.14,N,2,0
35202,30,62900,MORTGAGE,2.0,MEDICAL,D,12000,15.21,0.16,N,8,1
35203,22,59000,MORTGAGE,3.0,PERSONAL,C,14000,14.17,0.24,N,4,1
35204,26,60000,RENT,4.0,MEDICAL,C,14000,13.49,0.23,N,4,0
35205,25,30000,OWN,3.0,HOMEIMPROVEMENT,A,12000,5.99,0.4,N,2,0
35206,25,26000,RENT,8.0,EDUCATION,B,5000,11.26,0.19,N,2,0
35207,27,42000,RENT,2.0,PERSONAL,B,9000,10.59,0.21,N,10,0
35208,26,90000,RENT,10.0,VENTURE,B,12000,10.74,0.13,N,3,0
35209,27,45000,RENT,0.0,PERSONAL,C,10000,12.73,0.22,N,8,0
35210,42,65000,RENT,3.0,DEBTCONSOLIDATION,A,7200,9.38,0.11,N,12,0
35211,30,66000,MORTGAGE,6.0,EDUCATION,B,2400,12.69,0.04,N,5,1
35212,28,90000,RENT,0.0,PERSONAL,A,7200,6.62,0.08,N,8,0
35213,46,213000,MORTGAGE,2.0,PERSONAL,C,5000,13.43,0.03,N,16,0
35214,31,60000,RENT,8.0,PERSONAL,B,4000,10.74,0.06,N,7,0
35215,26,62900,MORTGAGE,10.0,MEDICAL,B,9500,11.86,0.16,N,3,1
35216,37,65000,RENT,3.0,EDUCATION,A,10000,6.62,0.15,N,3,0
35217,26,36000,RENT,0.0,PERSONAL,A,4000,7.29,0.11,N,3,0
35218,28,75000,MORTGAGE,12.0,HOMEIMPROVEMENT,A,12000,6.62,0.16,N,9,0
35219,27,105000,RENT,0.0,VENTURE,B,24000,10.99,0.23,N,9,0
35220,24,100000,MORTGAGE,3.0,EDUCATION,B,10000,9.91,0.1,N,3,0
35221,27,50000,MORTGAGE,3.0,HOMEIMPROVEMENT,A,6000,8.94,0.12,N,5,0
35222,29,117000,RENT,6.0,MEDICAL,C,10700,13.06,0.09,N,7,0
35223,24,35004,RENT,3.0,DEBTCONSOLIDATION,A,8200,5.42,0.24,N,4,0
35224,27,20000,RENT,0.0,MEDICAL,B,5000,8.88,0.25,N,5,0
35225,25,30000,RENT,9.0,VENTURE,G,10000,20.86,0.33,N,4,1
35226,21,24000,RENT,5.0,PERSONAL,B,6000,10.36,0.25,N,4,0
35227,25,45000,RENT,5.0,MEDICAL,B,9000,12.69,0.2,N,3,1
35228,26,48000,RENT,0.0,MEDICAL,B,1500,11.14,0.03,N,3,0
35229,31,68000,MORTGAGE,15.0,VENTURE,B,10000,11.49,0.15,N,7,0
35230,23,50000,MORTGAGE,7.0,EDUCATION,A,5000,7.29,0.1,N,4,0
35231,24,55000,MORTGAGE,3.0,MEDICAL,B,12000,11.71,0.22,N,2,0
35232,23,36000,RENT,0.0,EDUCATION,C,10000,13.49,0.27,N,4,0
35233,29,55000,MORTGAGE,12.0,HOMEIMPROVEMENT,A,1800,5.42,0.03,N,5,0
35234,29,128400,MORTGAGE,3.0,PERSONAL,D,14000,14.84,0.11,N,7,0
35235,23,60000,MORTGAGE,2.0,VENTURE,B,12000,11.12,0.2,N,3,0
35236,24,37200,RENT,2.0,MEDICAL,B,2500,11.71,0.07,N,4,0
35237,24,120000,RENT,2.0,MEDICAL,A,16000,6.03,0.13,N,3,0
35238,40,50000,RENT,1.0,MEDICAL,B,3000,9.99,0.06,N,15,0
35239,23,92000,MORTGAGE,7.0,VENTURE,A,6000,7.51,0.07,N,3,0
35240,24,117832,MORTGAGE,4.0,EDUCATION,B,13500,9.99,0.11,N,2,0
35241,22,30000,RENT,1.0,PERSONAL,C,15000,14.27,0.5,N,2,1
35242,27,50000,RENT,3.0,EDUCATION,A,15000,7.49,0.3,N,8,0
35243,34,120000,RENT,5.0,HOMEIMPROVEMENT,B,15000,10.75,0.13,N,6,0
35244,23,55000,MORTGAGE,7.0,EDUCATION,A,14500,7.49,0.25,N,3,0
35245,30,31500,RENT,2.0,MEDICAL,B,6500,10.65,0.2,N,10,0
35246,23,50000,MORTGAGE,3.0,EDUCATION,A,5000,7.88,0.1,N,2,0
35247,24,24000,RENT,0.0,MEDICAL,B,10000,10.65,0.42,N,2,1
35248,30,40000,RENT,1.0,VENTURE,B,2000,10.74,0.05,N,6,0
35249,22,50000,RENT,6.0,VENTURE,B,12000,10.99,0.24,N,4,0
35250,30,68000,MORTGAGE,7.0,MEDICAL,D,24000,16.29,0.29,Y,10,1
35251,25,50000,OWN,0.0,EDUCATION,B,6000,9.99,0.12,N,3,0
35252,23,39996,RENT,2.0,EDUCATION,A,8000,7.51,0.2,N,2,0
35253,27,54996,MORTGAGE,0.0,EDUCATION,B,25000,11.49,0.46,N,7,0
35254,40,64000,RENT,2.0,MEDICAL,A,7200,6.62,0.11,N,11,0
35255,23,55000,OWN,7.0,VENTURE,B,3700,11.83,0.07,N,2,0
35256,43,40000,RENT,2.0,MEDICAL,B,2000,11.99,0.05,N,11,0
35257,25,100000,RENT,3.0,DEBTCONSOLIDATION,B,6000,11.12,0.06,N,4,0
35258,24,39600,OWN,8.0,VENTURE,B,7300,9.88,0.19,N,2,0
35259,24,75000,OTHER,4.0,PERSONAL,D,8000,15.05,0.11,Y,2,0
35260,36,38604,OWN,8.0,MEDICAL,D,7500,14.09,0.2,N,13,0
35261,29,150000,MORTGAGE,13.0,PERSONAL,A,12000,7.66,0.08,N,10,0
35262,35,74000,RENT,9.0,HOMEIMPROVEMENT,A,12000,9.63,0.16,N,5,0
35263,22,28800,RENT,4.0,PERSONAL,C,2000,13.85,0.06,Y,4,0
35264,23,67752,RENT,7.0,VENTURE,B,2500,10.65,0.04,N,2,0
35265,21,40000,RENT,5.0,EDUCATION,B,5000,12.42,0.13,N,2,0
35266,24,38000,MORTGAGE,0.0,DEBTCONSOLIDATION,A,8000,6.92,0.21,N,3,0
35267,24,45000,RENT,3.0,MEDICAL,C,8000,13.49,0.18,N,2,0
35268,25,130000,RENT,4.0,PERSONAL,B,10000,10.59,0.08,N,4,0
35269,31,80004,RENT,1.0,HOMEIMPROVEMENT,A,20000,7.9,0.25,N,10,0
35270,26,40000,RENT,10.0,DEBTCONSOLIDATION,B,7000,9.62,0.17,N,2,0
35271,37,43439,RENT,0.0,VENTURE,B,17000,9.99,0.41,N,12,1
35272,23,80000,RENT,5.0,PERSONAL,A,5000,6.03,0.06,N,4,0
35273,26,38004,OWN,2.0,VENTURE,B,12000,10.75,0.32,N,2,0
35274,29,50000,RENT,7.0,HOMEIMPROVEMENT,A,4800,8.32,0.1,Y,7,0
35275,26,30000,RENT,2.0,PERSONAL,A,5000,6.54,0.17,N,2,0
35276,31,70000,MORTGAGE,1.0,MEDICAL,A,7000,7.51,0.1,N,8,0
35277,22,42000,MORTGAGE,6.0,EDUCATION,A,2500,5.42,0.06,N,2,0
35278,22,30000,RENT,0.0,PERSONAL,C,12000,13.49,0.4,Y,2,1
35279,21,38000,MORTGAGE,5.0,DEBTCONSOLIDATION,A,2000,7.05,0.05,N,2,0
35280,30,80000,RENT,9.0,EDUCATION,D,3000,14.54,0.04,Y,8,0
35281,22,72000,MORTGAGE,6.0,MEDICAL,A,6000,7.68,0.08,N,3,0
35282,22,50000,RENT,5.0,EDUCATION,D,10000,16.89,0.2,Y,2,0
35283,26,58000,RENT,10.0,HOMEIMPROVEMENT,C,3000,13.11,0.05,Y,3,0
35284,27,65000,RENT,0.0,VENTURE,B,12000,11.49,0.18,N,6,0
35285,28,50000,MORTGAGE,3.0,HOMEIMPROVEMENT,C,8000,12.84,0.16,N,9,0
35286,39,72000,MORTGAGE,2.0,EDUCATION,C,6000,14.65,0.08,Y,17,0
35287,24,20000,RENT,0.0,MEDICAL,C,4000,13.8,0.2,Y,4,0
35288,28,78000,MORTGAGE,6.0,VENTURE,A,14500,5.42,0.19,N,6,0
35289,24,83004,MORTGAGE,8.0,EDUCATION,A,6500,7.49,0.08,N,3,0
35290,22,70000,RENT,4.0,EDUCATION,A,8000,7.9,0.11,N,4,0
35291,25,80000,MORTGAGE,6.0,EDUCATION,A,7000,7.51,0.09,N,4,0
35292,25,27700,RENT,7.0,MEDICAL,C,6500,13.23,0.25,Y,4,0
35293,25,59000,RENT,9.0,MEDICAL,G,1500,20.8,0.03,Y,2,1
35294,22,42000,RENT,2.0,DEBTCONSOLIDATION,D,1800,14.96,0.05,Y,4,1
35295,28,120000,MORTGAGE,0.0,VENTURE,A,12000,7.51,0.1,N,6,0
35296,25,75000,MORTGAGE,8.0,EDUCATION,C,15000,12.61,0.2,N,2,0
35297,33,60000,MORTGAGE,0.0,MEDICAL,B,2500,10.65,0.04,N,10,0
35298,25,33600,RENT,1.0,PERSONAL,C,3000,13.61,0.09,Y,3,0
35299,21,27000,RENT,2.0,MEDICAL,A,2500,7.51,0.09,N,4,0
35300,22,48000,MORTGAGE,0.0,VENTURE,A,5000,7.14,0.1,N,2,0
35301,23,21996,RENT,8.0,EDUCATION,D,12150,15.58,0.06,N,3,1
35302,25,180000,MORTGAGE,2.0,MEDICAL,C,14000,15.23,0.08,Y,4,0
35303,27,33600,OWN,11.0,HOMEIMPROVEMENT,B,5000,11.83,0.15,N,7,0
35304,22,54600,MORTGAGE,2.0,EDUCATION,B,12000,9.99,0.22,N,3,0
35305,26,20000,RENT,3.0,VENTURE,A,5400,7.9,0.27,N,4,0
35306,29,85000,RENT,7.0,EDUCATION,A,8000,6.92,0.09,N,7,0
35307,27,115000,MORTGAGE,11.0,EDUCATION,A,12000,7.51,0.1,N,7,0
35308,24,52000,MORTGAGE,8.0,DEBTCONSOLIDATION,A,3600,7.49,0.07,N,2,0
35309,24,75000,RENT,7.0,VENTURE,A,3200,5.42,0.04,N,3,0
35310,25,72000,OWN,6.0,VENTURE,A,5000,8.49,0.07,N,4,0
35311,41,33000,RENT,0.0,VENTURE,A,5000,8.59,0.15,N,16,0
35312,30,60000,RENT,1.0,DEBTCONSOLIDATION,C,5000,13.22,0.08,Y,5,0
35313,27,97781,MORTGAGE,3.0,PERSONAL,A,5675,7.51,0.06,N,7,0
35314,22,60500,RENT,4.0,DEBTCONSOLIDATION,C,18000,14.27,0.3,Y,3,1
35315,23,57000,MORTGAGE,0.0,VENTURE,C,7000,14.26,0.13,Y,4,0
35316,22,60000,RENT,3.0,PERSONAL,B,5000,10.65,0.08,N,3,0
35317,25,42000,RENT,6.0,MEDICAL,B,9600,11.99,0.23,N,2,0
35318,27,60000,RENT,4.0,VENTURE,A,13000,5.79,0.2,N,7,0
35319,24,100000,MORTGAGE,7.0,VENTURE,B,10000,10.25,0.1,N,4,0
35320,22,34000,RENT,6.0,EDUCATION,B,10000,12.69,0.29,N,4,1
35321,43,50000,MORTGAGE,11.0,VENTURE,A,15000,8.94,0.3,N,17,0
35322,36,20000,RENT,3.0,PERSONAL,E,5400,16.29,0.25,N,15,0
35323,33,67000,RENT,3.0,EDUCATION,B,10000,9.88,0.15,N,5,0
35324,25,32000,RENT,2.0,VENTURE,A,12000,7.88,0.38,N,3,1
35325,35,54000,OWN,4.0,EDUCATION,D,21250,15.21,0.38,Y,5,0
35326,23,56461,RENT,7.0,EDUCATION,A,5400,7.51,0.1,N,3,0
35327,39,53100,RENT,3.0,PERSONAL,C,13500,12.53,0.25,Y,14,0
35328,25,60000,MORTGAGE,5.0,HOMEIMPROVEMENT,A,20000,6.54,0.33,N,3,0
35329,31,60682,RENT,3.0,VENTURE,A,8650,8.49,0.14,N,7,0
35330,23,50000,RENT,5.0,VENTURE,A,2000,8.9,0.04,N,2,0
35331,27,65000,MORTGAGE,2.0,MEDICAL,B,3000,10.37,0.05,N,10,0
35332,23,39000,RENT,7.0,HOMEIMPROVEMENT,B,7000,11.71,0.18,N,2,1
35333,22,80000,MORTGAGE,6.0,PERSONAL,A,7000,7.14,0.09,N,2,0
35334,22,36000,RENT,7.0,MEDICAL,A,4000,7.14,0.11,N,2,0
35335,22,50000,MORTGAGE,3.0,EDUCATION,C,5000,13.47,0.1,Y,4,0
35336,35,60000,RENT,0.0,DEBTCONSOLIDATION,B,12000,10.99,0.2,N,9,0
35337,24,70000,OWN,8.0,PERSONAL,D,11200,15.05,0.16,Y,2,0
35338,24,91000,MORTGAGE,8.0,MEDICAL,A,15000,8.9,0.16,N,3,0
35339,23,50000,RENT,2.0,EDUCATION,A,10000,6.92,0.2,N,4,0
35340,29,30000,RENT,0.0,DEBTCONSOLIDATION,B,8000,10.36,0.27,N,7,0
35341,31,47000,RENT,4.0,DEBTCONSOLIDATION,C,3000,14.35,0.06,N,10,0
35342,24,70000,MORTGAGE,2.0,PERSONAL,A,6000,7.51,0.09,N,2,0
35343,29,72000,RENT,3.0,HOMEIMPROVEMENT,C,8000,13.98,0.11,Y,9,0
35344,21,35000,RENT,5.0,MEDICAL,A,7000,7.51,0.2,N,2,0
35345,28,24000,RENT,2.0,EDUCATION,A,6000,7.9,0.25,N,5,0
35346,25,54000,MORTGAGE,2.0,MEDICAL,C,6600,12.61,0.12,N,3,0
35347,24,90000,MORTGAGE,8.0,EDUCATION,C,7500,11.66,0.08,N,4,0
35348,39,75000,RENT,3.0,DEBTCONSOLIDATION,A,5000,6.99,0.07,N,13,0
35349,25,36000,MORTGAGE,2.0,MEDICAL,B,5600,9.88,0.15,N,4,0
35350,26,96000,RENT,3.0,HOMEIMPROVEMENT,A,12000,5.99,0.13,N,3,0
35351,24,90000,RENT,3.0,EDUCATION,C,15000,12.73,0.17,Y,4,0
35352,39,60000,MORTGAGE,5.0,EDUCATION,A,12000,7.88,0.2,N,12,0
35353,25,60000,OWN,9.0,EDUCATION,A,3500,6.91,0.06,N,2,0
35354,24,91234,MORTGAGE,4.0,MEDICAL,A,12000,5.79,0.13,N,2,0
35355,24,50000,MORTGAGE,1.0,PERSONAL,B,8000,9.88,0.16,N,3,0
35356,25,60000,MORTGAGE,5.0,VENTURE,A,3600,6.91,0.06,N,4,0
35357,23,35000,OWN,7.0,VENTURE,C,10000,13.98,0.29,N,4,0
35358,22,35000,MORTGAGE,6.0,MEDICAL,A,3500,6.99,0.1,N,4,0
35359,24,50000,RENT,0.0,MEDICAL,B,12000,10.37,0.24,N,3,0
35360,31,80000,RENT,3.0,HOMEIMPROVEMENT,B,10000,10.37,0.13,N,6,0
35361,22,88512,MORTGAGE,6.0,EDUCATION,A,3000,7.88,0.03,N,4,0
35362,24,52260,RENT,6.0,MEDICAL,A,12000,7.51,0.23,N,4,1
35363,23,20000,OWN,5.0,EDUCATION,A,5000,6.03,0.25,N,3,0
35364,31,60000,MORTGAGE,0.0,HOMEIMPROVEMENT,B,2400,10.99,0.04,N,10,0
35365,22,50000,MORTGAGE,0.0,DEBTCONSOLIDATION,A,8000,6.03,0.16,N,4,0
35366,28,48000,RENT,2.0,EDUCATION,C,10000,13.35,0.21,N,8,1
35367,30,50000,RENT,4.0,MEDICAL,B,6000,11.86,0.12,N,6,0
35368,25,100000,RENT,3.0,DEBTCONSOLIDATION,C,10000,12.84,0.1,Y,3,0
35369,23,60000,MORTGAGE,2.0,EDUCATION,D,10000,16.07,0.17,Y,3,0
35370,27,85000,RENT,7.0,DEBTCONSOLIDATION,B,15000,12.21,0.18,N,5,0
35371,26,71000,RENT,11.0,EDUCATION,B,5000,9.01,0.07,N,4,0
35372,28,62000,RENT,12.0,DEBTCONSOLIDATION,A,2400,7.88,0.04,N,7,0
35373,23,66300,RENT,0.0,MEDICAL,D,20000,16.77,0.26,N,3,1
35374,31,60000,MORTGAGE,5.0,VENTURE,D,10000,14.09,0.17,Y,10,0
35375,24,72000,RENT,8.0,HOMEIMPROVEMENT,A,4000,7.88,0.06,N,2,0
35376,24,75000,MORTGAGE,8.0,DEBTCONSOLIDATION,A,3000,6.03,0.04,N,4,0
35377,24,70000,MORTGAGE,8.0,EDUCATION,B,5000,10.59,0.07,N,4,0
35378,25,35000,OWN,0.0,VENTURE,B,8550,11.71,0.24,N,3,0
35379,26,54000,MORTGAGE,2.0,VENTURE,C,12000,13.22,0.22,N,4,0
35380,24,38400,MORTGAGE,0.0,DEBTCONSOLIDATION,B,10000,10.62,0.26,N,4,0
35381,26,34000,RENT,6.0,DEBTCONSOLIDATION,C,8500,13.99,0.26,N,4,1
35382,25,60000,MORTGAGE,2.0,EDUCATION,B,15000,10.0,0.25,N,3,0
35383,22,43000,RENT,5.0,MEDICAL,B,11800,12.69,0.27,N,2,0
35384,28,150000,MORTGAGE,2.0,EDUCATION,B,8000,10.25,0.05,N,5,0
35385,28,58000,MORTGAGE,2.0,PERSONAL,A,12000,6.91,0.21,N,9,0
35386,28,55000,RENT,3.0,PERSONAL,C,12000,13.23,0.22,Y,10,0
35387,35,55000,MORTGAGE,7.0,DEBTCONSOLIDATION,A,7000,9.32,0.13,N,5,0
35388,25,112000,MORTGAGE,0.0,DEBTCONSOLIDATION,B,12400,11.26,0.11,N,4,0
35389,26,62000,MORTGAGE,9.0,HOMEIMPROVEMENT,A,7000,6.03,0.11,N,3,0
35390,30,85000,MORTGAGE,9.0,VENTURE,C,11000,12.61,0.13,N,5,0
35391,25,60000,MORTGAGE,5.0,DEBTCONSOLIDATION,C,14000,12.61,0.23,N,4,0
35392,27,40000,RENT,2.0,MEDICAL,B,5000,10.99,0.13,N,6,0
35393,23,52000,OWN,0.0,EDUCATION,C,2500,13.85,0.05,N,4,0
35394,26,53004,MORTGAGE,6.0,EDUCATION,B,21000,10.65,0.4,N,2,0
35395,27,33276,RENT,2.0,MEDICAL,B,6000,11.89,0.18,N,10,0
35396,22,62000,RENT,1.0,EDUCATION,C,7400,13.47,0.12,Y,4,0
35397,22,175000,RENT,3.0,VENTURE,C,7550,11.72,0.04,N,2,0
35398,25,24000,OWN,2.0,EDUCATION,D,5000,15.65,0.21,Y,3,0
35399,25,52000,OWN,9.0,VENTURE,A,7000,7.74,0.13,N,3,0
35400,23,46000,RENT,1.0,MEDICAL,A,1500,7.51,0.03,N,4,0
35401,23,43200,RENT,6.0,MEDICAL,B,3600,11.11,0.08,N,3,0
35402,23,75000,RENT,7.0,EDUCATION,A,12000,7.29,0.16,N,2,0
35403,33,75000,RENT,12.0,EDUCATION,B,5600,12.42,0.07,N,5,0
35404,24,55000,RENT,7.0,HOMEIMPROVEMENT,B,8400,11.71,0.15,N,3,0
35405,31,48996,RENT,9.0,EDUCATION,C,12000,13.23,0.24,N,9,0
35406,28,25000,RENT,2.0,HOMEIMPROVEMENT,E,3000,17.93,0.12,Y,6,1
35407,38,48000,RENT,4.0,PERSONAL,B,5000,11.14,0.1,N,14,0
35408,28,74500,MORTGAGE,4.0,PERSONAL,D,20000,14.61,0.27,N,5,0
35409,24,36000,RENT,0.0,EDUCATION,A,4500,7.49,0.13,N,2,0
35410,23,46000,RENT,3.0,PERSONAL,B,15775,10.99,0.35,N,2,1
35411,26,78000,RENT,2.0,VENTURE,D,3000,15.05,0.04,Y,3,1
35412,24,52000,RENT,2.0,EDUCATION,C,8000,13.98,0.15,Y,4,0
35413,26,90000,RENT,10.0,HOMEIMPROVEMENT,B,8000,12.69,0.09,N,2,0
35414,25,52000,OWN,2.0,EDUCATION,C,10000,12.87,0.19,Y,2,0
35415,25,48000,MORTGAGE,8.0,MEDICAL,B,10000,10.25,0.21,N,2,0
35416,25,27600,RENT,9.0,DEBTCONSOLIDATION,A,5175,7.9,0.2,N,2,0
35417,37,50000,RENT,6.0,VENTURE,A,12000,6.62,0.24,N,16,0
35418,23,51000,MORTGAGE,7.0,EDUCATION,A,10000,7.14,0.2,N,2,1
35419,23,66000,RENT,7.0,EDUCATION,B,10000,11.99,0.15,N,4,0
35420,27,43200,RENT,4.0,EDUCATION,B,13000,12.42,0.3,N,6,0
35421,22,43772,RENT,7.0,DEBTCONSOLIDATION,C,13500,15.23,0.3,Y,3,0
35422,22,52800,MORTGAGE,6.0,EDUCATION,B,4800,9.83,0.09,N,4,0
35423,28,54000,MORTGAGE,9.0,PERSONAL,B,14500,10.99,0.26,N,10,1
35424,28,34000,RENT,0.0,PERSONAL,A,10000,6.92,0.29,N,7,0
35425,24,103250,RENT,1.0,VENTURE,A,19000,6.99,0.19,N,3,0
35426,28,120000,MORTGAGE,12.0,MEDICAL,A,12000,7.14,0.1,N,6,0
35427,22,42000,RENT,6.0,DEBTCONSOLIDATION,B,7500,10.08,0.18,N,2,0
35428,32,39000,RENT,0.0,MEDICAL,D,8000,15.99,0.21,Y,7,1
35429,33,54000,RENT,2.0,DEBTCONSOLIDATION,B,4000,12.42,0.07,N,7,0
35430,29,275000,MORTGAGE,1.0,HOMEIMPROVEMENT,A,30000,6.62,0.11,N,8,0
35431,39,75000,MORTGAGE,13.0,VENTURE,A,2500,5.99,0.03,N,11,0
35432,28,40000,RENT,6.0,DEBTCONSOLIDATION,A,10000,7.9,0.25,N,5,0
35433,37,90000,MORTGAGE,15.0,PERSONAL,A,10000,5.99,0.11,N,12,0
35434,21,31200,RENT,4.0,PERSONAL,B,3500,10.51,0.11,N,2,0
35435,24,80000,MORTGAGE,8.0,DEBTCONSOLIDATION,C,15000,13.47,0.19,Y,2,0
35436,23,18000,RENT,1.0,MEDICAL,B,7000,11.99,0.39,N,2,1
35437,21,12000,OWN,0.0,EDUCATION,A,15000,6.99,0.12,N,4,0
35438,28,91800,MORTGAGE,0.0,MEDICAL,D,35000,16.77,0.34,N,8,1
35439,22,97500,MORTGAGE,6.0,MEDICAL,A,6000,7.51,0.06,N,2,0
35440,38,85000,MORTGAGE,9.0,EDUCATION,B,10000,11.99,0.12,N,17,0
35441,27,75000,OWN,11.0,VENTURE,A,6000,6.03,0.08,N,5,0
35442,25,27096,RENT,5.0,VENTURE,B,5000,9.91,0.18,N,4,0
35443,27,38000,RENT,1.0,MEDICAL,B,8000,10.99,0.21,N,5,0
35444,25,85000,RENT,9.0,MEDICAL,C,8000,12.99,0.09,N,3,0
35445,25,50000,MORTGAGE,0.0,DEBTCONSOLIDATION,C,10000,12.87,0.2,Y,2,0
35446,23,39000,OWN,1.0,VENTURE,B,4000,11.71,0.1,N,4,0
35447,24,65000,MORTGAGE,8.0,HOMEIMPROVEMENT,B,25000,12.53,0.38,N,3,0
35448,30,64000,RENT,1.0,EDUCATION,A,7500,6.62,0.12,N,5,1
35449,24,30000,RENT,8.0,MEDICAL,B,2000,11.26,0.07,N,4,0
35450,25,85000,MORTGAGE,0.0,VENTURE,A,20000,6.91,0.24,N,3,0
35451,23,93000,RENT,1.0,VENTURE,D,12000,15.99,0.11,N,4,1
35452,33,130000,MORTGAGE,5.0,HOMEIMPROVEMENT,B,1450,11.99,0.01,N,5,0
35453,23,66000,RENT,6.0,DEBTCONSOLIDATION,B,10000,11.71,0.15,N,3,0
35454,39,45000,RENT,4.0,MEDICAL,B,10000,10.71,0.22,N,14,0
35455,26,90000,RENT,3.0,EDUCATION,D,15000,15.28,0.17,Y,2,0
35456,25,32000,RENT,3.0,MEDICAL,A,4800,7.14,0.15,N,3,0
35457,23,70000,MORTGAGE,3.0,MEDICAL,A,12000,7.29,0.17,N,2,0
35458,24,80000,MORTGAGE,8.0,EDUCATION,C,10000,13.49,0.13,N,3,0
35459,28,48000,MORTGAGE,3.0,MEDICAL,A,10000,5.42,0.21,N,10,0
35460,40,69996,OWN,19.0,EDUCATION,D,25000,18.25,0.36,N,14,0
35461,51,30000,RENT,3.0,MEDICAL,D,7000,15.62,0.23,Y,20,1
35462,24,42252,MORTGAGE,3.0,PERSONAL,B,4500,12.84,0.1,N,3,0
35463,31,110000,MORTGAGE,2.0,VENTURE,B,30000,11.11,0.27,N,7,0
35464,41,97000,MORTGAGE,15.0,VENTURE,A,12000,7.51,0.12,N,13,0
35465,21,52000,MORTGAGE,5.0,PERSONAL,C,18000,13.48,0.35,N,2,1
35466,44,150000,MORTGAGE,19.0,VENTURE,C,20000,13.48,0.13,Y,12,0
35467,31,58000,MORTGAGE,15.0,EDUCATION,A,7000,5.42,0.12,N,9,0
35468,25,55000,RENT,9.0,MEDICAL,B,5000,11.58,0.09,N,3,0
35469,26,64680,RENT,10.0,DEBTCONSOLIDATION,B,3000,12.53,0.05,N,4,0
35470,25,66000,RENT,1.0,MEDICAL,C,7000,13.49,0.11,Y,3,0
35471,23,40000,MORTGAGE,8.0,PERSONAL,B,5000,10.62,0.13,N,4,0
35472,26,30000,MORTGAGE,1.0,MEDICAL,A,4500,6.54,0.15,N,2,0
35473,21,28800,MORTGAGE,6.0,VENTURE,A,7500,7.29,0.03,N,4,0
35474,31,41000,RENT,6.0,EDUCATION,B,9000,11.48,0.22,N,10,0
35475,24,70000,RENT,0.0,DEBTCONSOLIDATION,B,15000,10.99,0.21,N,2,0
35476,48,81600,RENT,6.0,MEDICAL,C,8000,12.84,0.1,Y,13,0
35477,22,72252,MORTGAGE,6.0,VENTURE,A,8000,6.91,0.11,N,2,0
35478,28,91000,MORTGAGE,0.0,PERSONAL,B,13000,10.59,0.14,N,6,0
35479,29,75000,MORTGAGE,9.0,MEDICAL,A,8800,5.42,0.12,N,5,0
35480,31,48000,RENT,3.0,VENTURE,B,10800,10.36,0.23,N,5,0
35481,30,70000,RENT,0.0,MEDICAL,B,10000,9.99,0.14,N,5,0
35482,36,42000,RENT,2.0,VENTURE,C,6000,12.61,0.14,N,11,0
35483,42,38400,RENT,4.0,MEDICAL,B,2000,11.49,0.05,N,14,0
35484,22,60000,RENT,4.0,VENTURE,B,4000,11.49,0.07,N,2,0
35485,32,33000,OWN,0.0,EDUCATION,D,10000,14.74,0.3,Y,9,0
35486,39,35000,RENT,5.0,MEDICAL,A,5000,8.49,0.14,N,15,0
35487,25,50000,RENT,9.0,DEBTCONSOLIDATION,B,15000,9.88,0.3,N,3,0
35488,27,60000,RENT,1.0,MEDICAL,B,10000,12.21,0.17,N,8,0
35489,30,67500,MORTGAGE,5.0,DEBTCONSOLIDATION,C,15000,13.11,0.22,Y,7,0
35490,25,27000,MORTGAGE,9.0,EDUCATION,B,10000,11.26,0.37,N,2,0
35491,31,34000,RENT,2.0,HOMEIMPROVEMENT,D,7000,16.77,0.21,N,5,1
35492,37,55000,RENT,7.0,DEBTCONSOLIDATION,B,4800,11.99,0.09,N,12,0
35493,25,120000,MORTGAGE,9.0,PERSONAL,B,25000,10.37,0.21,N,4,0
35494,22,36100,RENT,1.0,VENTURE,D,5000,12.92,0.14,Y,3,1
35495,29,40000,OWN,1.0,VENTURE,C,5000,12.84,0.13,Y,10,0
35496,23,43200,RENT,2.0,PERSONAL,B,10000,9.88,0.23,N,4,0
35497,30,90000,RENT,0.0,DEBTCONSOLIDATION,B,12000,9.99,0.13,N,8,0
35498,43,85000,RENT,5.0,VENTURE,A,10000,7.88,0.12,N,11,0
35499,24,49600,RENT,2.0,MEDICAL,B,12000,10.99,0.24,N,2,0
35500,27,28000,RENT,6.0,DEBTCONSOLIDATION,B,9000,10.74,0.35,N,5,1
35501,33,44400,MORTGAGE,3.0,EDUCATION,B,15000,10.62,0.34,N,6,1
35502,30,34000,MORTGAGE,11.0,VENTURE,A,10000,6.54,0.29,N,6,1
35503,27,119000,MORTGAGE,11.0,HOMEIMPROVEMENT,A,9000,6.03,0.08,N,5,0
35504,31,70000,RENT,0.0,HOMEIMPROVEMENT,A,6000,8.94,0.09,N,9,0
35505,32,33000,RENT,9.0,DEBTCONSOLIDATION,D,4000,16.32,0.12,Y,6,1
35506,25,50000,MORTGAGE,2.0,VENTURE,A,12000,7.88,0.24,N,4,0
35507,23,55000,RENT,2.0,VENTURE,B,4000,11.12,0.07,N,2,0
35508,23,90000,MORTGAGE,0.0,PERSONAL,B,3000,12.21,0.03,N,3,0
35509,24,35000,RENT,0.0,VENTURE,C,4000,13.85,0.11,N,4,0
35510,28,160000,MORTGAGE,12.0,DEBTCONSOLIDATION,A,6500,6.03,0.04,N,9,0
35511,24,46000,RENT,3.0,DEBTCONSOLIDATION,C,7000,12.53,0.15,Y,3,0
35512,28,68000,MORTGAGE,0.0,PERSONAL,B,24000,10.65,0.36,N,5,0
35513,37,50000,RENT,0.0,PERSONAL,C,1800,13.48,0.04,Y,16,0
35514,23,50000,RENT,4.0,DEBTCONSOLIDATION,B,8800,10.0,0.18,N,2,0
35515,28,30000,RENT,2.0,MEDICAL,A,10000,7.51,0.33,N,10,1
35516,32,34000,RENT,3.0,DEBTCONSOLIDATION,D,6000,15.62,0.18,N,6,1
35517,29,25000,OWN,9.0,PERSONAL,D,6000,15.21,0.24,Y,9,0
35518,36,94000,MORTGAGE,14.0,HOMEIMPROVEMENT,A,6000,7.51,0.06,N,12,0
35519,26,60000,MORTGAGE,5.0,PERSONAL,A,7000,6.91,0.12,N,3,0
35520,24,148000,RENT,1.0,VENTURE,A,15000,9.63,0.1,N,3,1
35521,29,63000,MORTGAGE,1.0,PERSONAL,C,20000,13.16,0.32,N,9,0
35522,22,40000,RENT,1.0,EDUCATION,C,9000,13.92,0.23,N,4,0
35523,34,55000,OWN,4.0,PERSONAL,B,4000,10.99,0.07,N,9,0
35524,33,24000,RENT,2.0,PERSONAL,A,6000,7.14,0.25,N,5,0
35525,31,24996,RENT,0.0,MEDICAL,B,10750,11.83,0.43,N,6,1
35526,27,120000,OWN,3.0,EDUCATION,A,7000,7.74,0.06,N,10,0
35527,27,120000,RENT,4.0,PERSONAL,B,12000,11.71,0.1,N,5,0
35528,21,30000,RENT,2.0,MEDICAL,B,4200,11.36,0.14,N,4,1
35529,26,80000,MORTGAGE,2.0,PERSONAL,A,2500,7.9,0.03,N,4,0
35530,24,48000,OWN,5.0,EDUCATION,A,12000,5.42,0.25,N,3,0
35531,36,66000,MORTGAGE,15.0,EDUCATION,B,21600,9.99,0.33,N,16,0
35532,33,105000,RENT,8.0,HOMEIMPROVEMENT,D,15000,14.3,0.14,N,9,0
35533,29,95000,MORTGAGE,13.0,DEBTCONSOLIDATION,C,5000,13.72,0.05,N,10,0
35534,30,44400,RENT,14.0,HOMEIMPROVEMENT,B,2100,10.65,0.05,N,6,1
35535,22,100000,RENT,5.0,PERSONAL,B,14400,10.36,0.14,N,3,0
35536,24,45000,MORTGAGE,4.0,VENTURE,B,5000,11.48,0.11,N,3,0
35537,22,33000,MORTGAGE,2.0,VENTURE,B,12000,12.69,0.36,N,3,0
35538,21,44000,RENT,4.0,EDUCATION,B,16000,10.99,0.36,N,3,1
35539,23,90000,MORTGAGE,3.0,EDUCATION,A,6000,7.49,0.07,N,4,0
35540,23,59400,MORTGAGE,7.0,PERSONAL,A,5000,5.42,0.08,N,4,0
35541,29,65000,MORTGAGE,1.0,HOMEIMPROVEMENT,B,5500,10.37,0.08,N,9,0
35542,32,93492,MORTGAGE,16.0,EDUCATION,B,25000,10.99,0.27,N,7,0
35543,33,20000,RENT,4.0,MEDICAL,C,4350,13.85,0.23,Y,10,0
35544,42,62900,MORTGAGE,26.0,MEDICAL,D,10000,15.33,0.14,N,13,1
35545,26,48000,MORTGAGE,7.0,VENTURE,A,12000,7.9,0.25,N,3,0
35546,23,34348,RENT,7.0,MEDICAL,A,5000,7.9,0.15,N,4,0
35547,22,60000,MORTGAGE,6.0,PERSONAL,B,5600,10.65,0.09,N,4,0
35548,32,25800,MORTGAGE,2.0,PERSONAL,C,8500,13.92,0.34,Y,8,0
35549,23,52000,RENT,3.0,VENTURE,C,10000,13.98,0.19,Y,2,0
35550,24,50000,RENT,0.0,EDUCATION,A,6400,6.99,0.13,N,3,0
35551,24,61193,MORTGAGE,5.0,EDUCATION,A,15000,8.59,0.25,N,7,0
35552,24,45000,MORTGAGE,8.0,EDUCATION,A,2000,6.99,0.04,N,3,0
35553,23,35000,RENT,0.0,EDUCATION,A,1000,7.29,0.03,N,2,0
35554,27,95004,MORTGAGE,5.0,EDUCATION,D,25000,15.62,0.26,Y,9,0
35555,29,64000,RENT,0.0,VENTURE,C,10000,14.26,0.16,N,5,1
35556,26,55000,RENT,1.0,EDUCATION,B,6000,9.91,0.11,N,2,0
35557,23,36000,MORTGAGE,8.0,EDUCATION,A,5000,5.79,0.14,N,4,0
35558,29,75000,MORTGAGE,2.0,VENTURE,B,20000,12.69,0.27,N,5,0
35559,23,38000,RENT,0.0,MEDICAL,B,7000,11.36,0.18,N,2,0
35560,25,91000,MORTGAGE,9.0,HOMEIMPROVEMENT,A,1000,7.4,0.01,N,2,0
35561,24,24996,RENT,0.0,EDUCATION,A,2000,7.88,0.08,N,4,1
35562,23,39000,MORTGAGE,7.0,PERSONAL,D,6000,15.58,0.15,Y,2,1
35563,37,64500,RENT,7.0,DEBTCONSOLIDATION,B,3500,11.86,0.05,N,11,0
35564,37,75000,RENT,2.0,HOMEIMPROVEMENT,B,5000,10.25,0.07,N,15,0
35565,26,80000,RENT,5.0,VENTURE,A,6000,7.49,0.07,N,3,0
35566,41,60000,RENT,5.0,PERSONAL,C,18000,13.49,0.3,N,14,0
35567,22,85000,RENT,1.0,EDUCATION,B,9600,11.71,0.11,N,2,0
35568,27,66000,RENT,0.0,PERSONAL,D,25000,14.96,0.38,Y,10,1
35569,22,30000,RENT,5.0,VENTURE,A,12000,5.79,0.4,N,3,1
35570,24,70000,MORTGAGE,8.0,DEBTCONSOLIDATION,B,10000,12.18,0.14,N,4,0
35571,23,80000,RENT,0.0,EDUCATION,A,2000,6.91,0.03,N,3,0
35572,25,30000,RENT,0.0,VENTURE,B,7500,10.95,0.25,N,3,0
35573,27,65000,MORTGAGE,11.0,VENTURE,A,6000,7.88,0.09,N,10,0
35574,23,60000,RENT,4.0,DEBTCONSOLIDATION,C,10000,13.49,0.17,Y,2,0
35575,21,36000,RENT,5.0,VENTURE,B,4500,11.49,0.13,N,4,0
35576,23,92000,RENT,7.0,DEBTCONSOLIDATION,A,10000,7.51,0.11,N,2,0
35577,28,50000,RENT,4.0,DEBTCONSOLIDATION,C,7000,13.49,0.14,N,9,0
35578,42,100000,OTHER,16.0,VENTURE,B,25000,11.58,0.25,N,12,0
35579,25,72000,RENT,1.0,MEDICAL,B,10000,12.42,0.14,N,2,0
35580,30,35000,RENT,1.0,PERSONAL,A,7000,6.03,0.2,N,6,0
35581,26,30000,RENT,2.0,DEBTCONSOLIDATION,D,5000,15.31,0.17,N,2,1
35582,25,55000,MORTGAGE,9.0,VENTURE,A,4000,5.79,0.07,N,2,0
35583,23,64800,MORTGAGE,7.0,EDUCATION,A,5500,7.14,0.09,N,2,0
35584,36,60000,OWN,8.0,MEDICAL,C,21000,13.92,0.37,N,14,0
35585,28,120000,MORTGAGE,12.0,DEBTCONSOLIDATION,A,10000,6.92,0.08,N,8,0
35586,25,90000,RENT,9.0,DEBTCONSOLIDATION,B,5000,11.36,0.05,N,3,0
35587,36,80000,MORTGAGE,8.0,MEDICAL,A,6000,6.03,0.07,N,14,0
35588,34,100000,RENT,7.0,VENTURE,A,6000,8.9,0.06,N,6,0
35589,22,45000,MORTGAGE,3.0,PERSONAL,A,6000,6.17,0.13,N,4,0
35590,25,80000,RENT,3.0,DEBTCONSOLIDATION,C,4000,12.53,0.05,Y,4,0
35591,22,58000,RENT,4.0,PERSONAL,A,6000,6.03,0.1,N,4,0
35592,22,60000,OWN,0.0,VENTURE,A,6000,7.14,0.1,N,2,0
35593,54,60000,MORTGAGE,11.0,PERSONAL,A,14000,7.9,0.23,N,26,0
35594,22,43000,OWN,3.0,VENTURE,A,3500,7.37,0.08,N,2,0
35595,22,48000,RENT,6.0,MEDICAL,A,9000,6.03,0.19,N,3,0
35596,27,33000,RENT,0.0,PERSONAL,B,4000,10.95,0.12,N,10,0
35597,30,44000,MORTGAGE,14.0,PERSONAL,C,13000,13.47,0.29,Y,8,1
35598,28,75000,RENT,3.0,HOMEIMPROVEMENT,A,4000,7.9,0.05,N,7,0
35599,25,90000,MORTGAGE,5.0,DEBTCONSOLIDATION,A,5000,6.76,0.06,N,4,0
35600,25,100000,MORTGAGE,0.0,HOMEIMPROVEMENT,C,15000,13.61,0.15,N,4,0
35601,29,100000,RENT,2.0,HOMEIMPROVEMENT,A,15000,7.88,0.15,N,8,0
35602,23,65000,MORTGAGE,0.0,DEBTCONSOLIDATION,A,10400,7.66,0.16,N,2,0
35603,29,25000,RENT,1.0,PERSONAL,A,8000,5.99,0.32,N,5,1
35604,22,80000,MORTGAGE,6.0,EDUCATION,C,4000,12.99,0.05,Y,4,0
35605,42,16000,RENT,0.0,EDUCATION,D,5400,15.57,0.34,Y,16,1
35606,28,50000,RENT,4.0,PERSONAL,C,12000,13.98,0.24,N,5,0
35607,22,30000,RENT,4.0,EDUCATION,D,10000,15.95,0.33,Y,3,1
35608,28,150000,MORTGAGE,10.0,PERSONAL,D,25000,15.31,0.17,Y,8,0
35609,22,36000,RENT,3.0,EDUCATION,A,10000,7.9,0.28,N,2,0
35610,23,51996,MORTGAGE,7.0,VENTURE,B,2100,12.21,0.04,N,4,0
35611,24,30000,MORTGAGE,0.0,HOMEIMPROVEMENT,C,12000,13.99,0.4,N,4,0
35612,25,50000,RENT,2.0,MEDICAL,C,6000,13.61,0.12,Y,2,0
35613,24,60000,RENT,5.0,PERSONAL,B,15000,12.42,0.25,N,2,0
35614,25,84000,RENT,9.0,EDUCATION,B,6000,11.83,0.07,N,4,0
35615,24,120000,MORTGAGE,8.0,MEDICAL,B,6000,10.99,0.05,N,3,0
35616,23,43000,RENT,0.0,MEDICAL,A,4600,7.66,0.11,N,3,0
35617,23,75000,MORTGAGE,7.0,EDUCATION,C,7500,11.34,0.1,N,3,0
35618,35,65000,MORTGAGE,19.0,PERSONAL,B,16000,10.99,0.24,N,7,0
35619,61,125000,OWN,3.0,PERSONAL,D,24000,14.96,0.19,N,23,0
35620,22,52000,RENT,6.0,EDUCATION,B,14000,10.65,0.25,N,3,0
35621,26,80000,RENT,7.0,EDUCATION,C,10000,12.84,0.13,Y,2,0
35622,32,50000,RENT,2.0,EDUCATION,B,12000,12.21,0.24,N,9,0
35623,25,90000,RENT,9.0,MEDICAL,C,9000,13.49,0.1,Y,2,0
35624,29,55000,OWN,13.0,MEDICAL,A,18000,6.62,0.34,N,7,0
35625,29,43000,RENT,3.0,MEDICAL,C,6000,12.99,0.14,Y,7,0
35626,38,58000,MORTGAGE,4.0,EDUCATION,A,6000,7.51,0.1,N,12,0
35627,26,39996,MORTGAGE,9.0,EDUCATION,C,5000,14.82,0.13,Y,2,0
35628,23,90000,RENT,4.0,EDUCATION,A,15000,7.49,0.17,N,4,0
35629,22,70000,RENT,0.0,EDUCATION,B,6000,10.28,0.09,N,4,0
35630,22,62217,RENT,3.0,EDUCATION,C,3700,14.27,0.06,Y,3,0
35631,31,36000,MORTGAGE,5.0,MEDICAL,D,11000,16.29,0.31,N,5,1
35632,29,14400,RENT,3.0,DEBTCONSOLIDATION,B,4750,11.83,0.33,N,5,1
35633,25,69000,MORTGAGE,9.0,VENTURE,D,9000,14.54,0.13,Y,2,0
35634,25,150000,OWN,3.0,VENTURE,A,12000,8.07,0.08,N,4,0
35635,25,60000,MORTGAGE,0.0,MEDICAL,A,10000,7.88,0.17,N,2,0
35636,27,45336,MORTGAGE,11.0,PERSONAL,D,10000,15.31,0.22,N,7,0
35637,27,76000,MORTGAGE,2.0,PERSONAL,A,20000,6.54,0.26,N,6,0
35638,23,53000,RENT,2.0,DEBTCONSOLIDATION,E,9600,18.39,0.17,Y,3,1
35639,54,75000,RENT,1.0,MEDICAL,B,17500,11.58,0.23,N,20,0
35640,29,75000,RENT,2.0,DEBTCONSOLIDATION,B,14400,10.74,0.19,N,7,0
35641,54,50000,MORTGAGE,4.0,PERSONAL,A,8000,6.92,0.16,N,19,0
35642,23,55000,RENT,5.0,DEBTCONSOLIDATION,C,9000,13.85,0.16,N,4,0
35643,29,72000,MORTGAGE,0.0,EDUCATION,A,10000,6.62,0.14,N,7,0
35644,30,62000,MORTGAGE,8.0,EDUCATION,A,5000,8.38,0.08,N,7,0
35645,29,30000,RENT,2.0,VENTURE,B,3000,11.86,0.1,N,8,0
35646,25,47000,RENT,2.0,DEBTCONSOLIDATION,B,6000,11.71,0.13,N,4,0
35647,23,62000,MORTGAGE,1.0,HOMEIMPROVEMENT,D,10000,13.99,0.16,Y,4,1
35648,22,30000,RENT,4.0,EDUCATION,C,2000,13.99,0.07,Y,2,0
35649,24,50433,RENT,6.0,PERSONAL,B,4200,10.71,0.08,N,4,0
35650,28,55000,RENT,3.0,VENTURE,B,5000,10.25,0.09,N,5,0
35651,23,72000,MORTGAGE,7.0,DEBTCONSOLIDATION,C,15000,12.73,0.21,N,2,0
35652,23,65000,MORTGAGE,1.0,EDUCATION,E,20000,16.35,0.31,N,3,0
35653,24,45000,MORTGAGE,2.0,MEDICAL,A,7000,7.88,0.16,N,2,0
35654,24,80000,MORTGAGE,3.0,VENTURE,A,12000,7.49,0.15,N,4,0
35655,23,78000,MORTGAGE,6.0,MEDICAL,B,25000,11.86,0.32,N,2,0
35656,22,50000,MORTGAGE,6.0,VENTURE,B,8000,11.49,0.16,N,2,0
35657,37,27000,RENT,1.0,VENTURE,B,4800,9.99,0.18,N,15,0
35658,29,70000,MORTGAGE,14.0,EDUCATION,C,15000,12.23,0.21,Y,6,0
35659,36,56000,RENT,5.0,MEDICAL,A,10000,7.49,0.18,N,12,0
35660,32,29000,RENT,0.0,MEDICAL,A,9450,8.49,0.33,N,6,1
35661,27,30000,RENT,2.0,EDUCATION,B,4000,10.99,0.13,N,10,0
35662,30,58650,RENT,3.0,MEDICAL,D,20000,16.29,0.29,N,6,1
35663,27,30000,RENT,1.0,PERSONAL,A,4975,8.49,0.17,N,8,0
35664,29,50000,MORTGAGE,13.0,PERSONAL,B,8000,10.38,0.16,N,6,0
35665,24,60000,RENT,3.0,VENTURE,B,12000,9.63,0.2,N,4,0
35666,32,32400,RENT,2.0,EDUCATION,C,4800,12.98,0.15,Y,10,0
35667,27,55000,MORTGAGE,11.0,VENTURE,A,8000,7.51,0.15,N,10,0
35668,22,38790,RENT,0.0,EDUCATION,A,7500,8.32,0.2,N,4,0
35669,23,60000,RENT,7.0,DEBTCONSOLIDATION,C,12000,12.99,0.2,Y,2,0
35670,23,90000,RENT,7.0,DEBTCONSOLIDATION,B,10000,10.65,0.11,N,2,0
35671,31,46000,RENT,15.0,PERSONAL,C,5000,14.27,0.11,N,6,0
35672,32,41000,RENT,2.0,MEDICAL,B,4000,10.37,0.1,N,9,0
35673,38,70000,MORTGAGE,4.0,HOMEIMPROVEMENT,C,10000,12.87,0.14,Y,12,0
35674,22,60000,MORTGAGE,5.0,VENTURE,A,5000,6.99,0.08,N,3,0
35675,27,70000,MORTGAGE,6.0,PERSONAL,D,10000,15.33,0.14,N,9,0
35676,24,75000,RENT,4.0,EDUCATION,A,3000,8.49,0.04,N,2,0
35677,25,67000,RENT,3.0,DEBTCONSOLIDATION,B,3000,11.99,0.04,N,4,0
35678,23,65004,MORTGAGE,3.0,EDUCATION,C,13000,12.53,0.2,N,2,0
35679,26,40000,RENT,3.0,DEBTCONSOLIDATION,C,5000,13.48,0.13,Y,3,0
35680,26,44004,MORTGAGE,5.0,MEDICAL,A,7500,8.0,0.17,N,4,0
35681,28,85000,MORTGAGE,12.0,PERSONAL,A,10000,6.17,0.12,N,9,0
35682,23,100000,MORTGAGE,3.0,MEDICAL,B,4000,10.99,0.04,N,3,0
35683,21,26785,RENT,6.0,PERSONAL,C,11000,13.98,0.41,Y,2,1
35684,29,46450,MORTGAGE,6.0,EDUCATION,A,6000,5.42,0.13,N,6,0
35685,26,47300,MORTGAGE,9.0,EDUCATION,B,9000,11.86,0.19,N,4,0
35686,21,60000,RENT,1.0,MEDICAL,B,20000,10.99,0.33,N,4,0
35687,22,27000,RENT,6.0,DEBTCONSOLIDATION,B,4000,10.75,0.15,N,3,0
35688,41,45000,RENT,0.0,MEDICAL,C,20000,13.06,0.46,N,12,1
35689,29,65000,RENT,4.0,HOMEIMPROVEMENT,C,10000,14.27,0.15,Y,9,0
35690,22,65000,MORTGAGE,6.0,PERSONAL,B,8500,9.99,0.13,N,4,0
35691,23,36000,RENT,5.0,EDUCATION,D,12000,15.31,0.33,Y,3,0
35692,30,64000,RENT,14.0,DEBTCONSOLIDATION,B,15000,11.12,0.23,N,5,0
35693,36,65000,RENT,2.0,HOMEIMPROVEMENT,C,22000,13.92,0.33,Y,14,1
35694,27,66000,MORTGAGE,11.0,DEBTCONSOLIDATION,B,20000,11.49,0.3,N,6,0
35695,22,102000,MORTGAGE,6.0,MEDICAL,A,10000,6.92,0.1,N,4,0
35696,22,50000,RENT,3.0,EDUCATION,A,6000,6.92,0.12,N,4,0
35697,21,30000,RENT,5.0,MEDICAL,C,8000,12.84,0.27,N,3,1
35698,23,38400,MORTGAGE,4.0,PERSONAL,A,9000,7.14,0.24,N,3,0
35699,23,52000,RENT,5.0,VENTURE,B,5000,10.65,0.1,N,3,0
35700,22,45000,RENT,4.0,EDUCATION,B,3000,11.99,0.07,N,2,0
35701,23,56100,RENT,4.0,MEDICAL,D,20000,14.74,0.3,Y,2,1
35702,24,70000,RENT,1.0,HOMEIMPROVEMENT,B,10000,9.45,0.14,N,3,0
35703,23,138000,MORTGAGE,7.0,VENTURE,A,9600,7.49,0.07,N,3,0
35704,29,60000,MORTGAGE,7.0,PERSONAL,C,5000,13.16,0.08,Y,7,0
35705,31,70000,RENT,1.0,VENTURE,A,5600,6.62,0.08,N,10,0
35706,23,45691,MORTGAGE,7.0,VENTURE,A,6000,7.14,0.13,N,2,0
35707,25,72500,MORTGAGE,4.0,HOMEIMPROVEMENT,A,11200,7.29,0.15,N,2,0
35708,28,65000,RENT,4.0,PERSONAL,B,3000,10.59,0.05,N,7,0
35709,30,46680,RENT,6.0,VENTURE,D,8000,15.21,0.17,N,5,0
35710,27,69996,OWN,11.0,MEDICAL,A,15000,6.03,0.21,N,9,0
35711,30,62000,MORTGAGE,4.0,HOMEIMPROVEMENT,B,9000,10.74,0.15,N,6,0
35712,24,70000,RENT,8.0,EDUCATION,C,8000,13.11,0.11,N,4,0
35713,39,90000,RENT,15.0,DEBTCONSOLIDATION,B,12400,10.65,0.13,N,15,0
35714,25,180000,MORTGAGE,2.0,HOMEIMPROVEMENT,B,6000,11.48,0.03,N,4,0
35715,28,77964,RENT,12.0,DEBTCONSOLIDATION,B,15000,12.42,0.19,N,7,1
35716,23,56000,RENT,4.0,MEDICAL,B,6000,10.74,0.11,N,2,0
35717,22,25000,RENT,6.0,VENTURE,B,6000,9.91,0.24,N,4,0
35718,29,78996,RENT,0.0,HOMEIMPROVEMENT,D,15000,15.21,0.19,N,10,1
35719,45,100000,MORTGAGE,5.0,PERSONAL,A,10000,7.49,0.1,N,12,0
35720,31,43000,MORTGAGE,2.0,MEDICAL,A,9000,7.74,0.21,N,5,0
35721,24,60000,OWN,8.0,VENTURE,B,6000,11.49,0.1,N,2,0
35722,23,37676,RENT,0.0,EDUCATION,A,7500,7.49,0.2,N,4,0
35723,22,45000,RENT,3.0,MEDICAL,B,5400,9.88,0.12,N,4,0
35724,22,53004,MORTGAGE,3.0,DEBTCONSOLIDATION,A,4000,5.79,0.08,N,2,0
35725,32,58560,MORTGAGE,17.0,VENTURE,A,5000,7.49,0.09,N,8,0
35726,23,100000,MORTGAGE,5.0,PERSONAL,C,15000,13.47,0.15,N,2,0
35727,36,55000,RENT,4.0,VENTURE,C,6500,12.53,0.12,N,12,0
35728,26,85000,MORTGAGE,0.0,DEBTCONSOLIDATION,B,5000,11.36,0.06,N,2,0
35729,25,85000,MORTGAGE,9.0,EDUCATION,A,7500,6.03,0.09,N,4,0
35730,21,18000,OWN,3.0,EDUCATION,B,3500,11.49,0.19,N,4,0
35731,30,30000,OWN,4.0,PERSONAL,A,5000,5.79,0.17,N,8,0
35732,30,60000,MORTGAGE,7.0,EDUCATION,B,15000,11.11,0.25,N,8,0
35733,27,45000,RENT,3.0,PERSONAL,A,1500,5.99,0.03,N,6,0
35734,28,57000,MORTGAGE,4.0,VENTURE,B,15000,10.39,0.26,N,9,0
35735,22,34000,RENT,4.0,PERSONAL,A,10000,6.62,0.29,N,4,1
35736,29,51480,RENT,4.0,EDUCATION,B,11000,10.65,0.22,N,6,0
35737,28,80000,MORTGAGE,2.0,MEDICAL,A,10000,6.62,0.13,N,8,0
35738,23,64500,MORTGAGE,3.0,EDUCATION,C,15000,11.78,0.23,N,4,0
35739,26,100000,MORTGAGE,10.0,HOMEIMPROVEMENT,C,15000,12.04,0.15,N,2,0
35740,26,76668,RENT,3.0,EDUCATION,B,7200,9.63,0.09,N,3,0
35741,26,36707,MORTGAGE,2.0,HOMEIMPROVEMENT,A,6000,7.14,0.16,N,2,0
35742,22,42000,MORTGAGE,6.0,EDUCATION,C,4800,13.61,0.11,N,3,0
35743,23,28685,RENT,1.0,EDUCATION,D,8000,14.84,0.28,Y,3,1
35744,37,38400,RENT,3.0,MEDICAL,C,2500,12.98,0.07,Y,14,0
35745,35,67000,MORTGAGE,8.0,DEBTCONSOLIDATION,A,7000,7.88,0.1,N,10,0
35746,25,54000,RENT,3.0,DEBTCONSOLIDATION,C,1500,13.98,0.03,Y,3,1
35747,35,30000,RENT,1.0,PERSONAL,C,5100,12.99,0.17,N,6,0
35748,26,45000,RENT,2.0,DEBTCONSOLIDATION,B,10000,10.65,0.22,N,4,0
35749,29,32000,RENT,4.0,MEDICAL,B,10000,10.36,0.31,N,9,1
35750,26,35000,RENT,1.0,MEDICAL,B,6000,12.21,0.17,N,3,0
35751,23,78000,MORTGAGE,4.0,VENTURE,C,20000,15.96,0.26,Y,3,0
35752,28,48000,RENT,7.0,PERSONAL,C,9000,13.23,0.19,N,5,0
35753,30,68000,MORTGAGE,14.0,EDUCATION,A,7000,6.62,0.1,N,5,0
35754,28,64900,MORTGAGE,5.0,DEBTCONSOLIDATION,A,2500,6.39,0.04,N,8,0
35755,22,60000,MORTGAGE,6.0,PERSONAL,B,5500,10.59,0.09,N,3,0
35756,34,91800,RENT,5.0,MEDICAL,D,12800,15.33,0.14,N,9,1
35757,30,27385,MORTGAGE,9.0,DEBTCONSOLIDATION,A,2000,5.79,0.07,N,9,0
35758,22,39000,RENT,4.0,MEDICAL,A,10000,7.9,0.26,N,3,0
35759,28,55000,RENT,6.0,HOMEIMPROVEMENT,A,9000,7.29,0.16,N,8,0
35760,22,43000,RENT,6.0,EDUCATION,A,6800,7.88,0.16,N,4,0
35761,37,87500,RENT,4.0,VENTURE,D,12000,15.65,0.14,Y,17,0
35762,25,65000,MORTGAGE,9.0,EDUCATION,B,10000,12.42,0.15,N,4,0
35763,23,65000,RENT,8.0,MEDICAL,B,11500,11.49,0.18,N,2,0
35764,40,54000,MORTGAGE,2.0,PERSONAL,B,4000,12.42,0.07,N,12,0
35765,26,42000,MORTGAGE,6.0,HOMEIMPROVEMENT,A,8000,5.99,0.19,N,3,0
35766,23,48000,MORTGAGE,7.0,MEDICAL,A,7000,7.14,0.15,N,2,0
35767,26,48000,MORTGAGE,4.0,EDUCATION,B,10000,10.65,0.21,N,3,0
35768,38,47000,MORTGAGE,5.0,VENTURE,A,6000,7.88,0.13,N,12,0
35769,24,55000,RENT,0.0,DEBTCONSOLIDATION,A,6000,7.51,0.11,N,2,0
35770,35,49000,RENT,2.0,DEBTCONSOLIDATION,D,5000,14.46,0.1,Y,10,1
35771,32,125000,MORTGAGE,3.0,HOMEIMPROVEMENT,B,12000,11.83,0.1,N,8,0
35772,22,100000,MORTGAGE,6.0,VENTURE,A,7000,7.49,0.07,N,3,0
35773,25,85000,RENT,9.0,HOMEIMPROVEMENT,A,5600,7.29,0.07,N,4,0
35774,23,30000,RENT,1.0,DEBTCONSOLIDATION,D,8000,15.65,0.27,Y,4,1
35775,37,88000,OWN,2.0,HOMEIMPROVEMENT,B,4500,10.99,0.05,N,12,0
35776,31,30000,MORTGAGE,3.0,PERSONAL,A,3600,5.99,0.12,N,5,0
35777,34,37000,RENT,4.0,EDUCATION,A,6000,7.88,0.16,N,10,0
35778,22,95000,MORTGAGE,5.0,DEBTCONSOLIDATION,A,15200,6.03,0.16,N,4,0
35779,23,75000,MORTGAGE,7.0,PERSONAL,A,12000,7.51,0.16,N,3,0
35780,27,150000,MORTGAGE,2.0,DEBTCONSOLIDATION,A,24000,7.51,0.16,N,5,0
35781,34,75000,RENT,2.0,DEBTCONSOLIDATION,A,6000,8.9,0.08,N,9,0
35782,23,80000,RENT,5.0,EDUCATION,C,12000,12.87,0.15,N,3,0
35783,26,86748,RENT,8.0,EDUCATION,B,10000,10.51,0.12,N,4,0
35784,42,92000,MORTGAGE,17.0,DEBTCONSOLIDATION,B,24000,10.25,0.26,N,12,0
35785,23,39000,RENT,0.0,HOMEIMPROVEMENT,D,3000,15.65,0.08,Y,3,1
35786,29,60000,MORTGAGE,13.0,PERSONAL,A,7200,7.29,0.12,N,10,0
35787,24,182000,MORTGAGE,8.0,MEDICAL,A,22000,7.49,0.12,N,4,0
35788,22,62000,RENT,0.0,VENTURE,B,10000,9.99,0.16,N,4,1
35789,23,40000,RENT,3.0,VENTURE,A,7000,7.51,0.17,N,3,0
35790,22,35000,RENT,0.0,EDUCATION,C,8000,13.06,0.23,N,3,0
35791,24,60000,RENT,1.0,MEDICAL,C,5000,13.61,0.08,N,3,0
35792,31,50000,RENT,0.0,HOMEIMPROVEMENT,B,3000,10.25,0.06,N,7,0
35793,33,49000,RENT,2.0,EDUCATION,C,4000,13.99,0.08,N,9,1
35794,43,45000,RENT,2.0,EDUCATION,C,10000,14.26,0.22,Y,15,0
35795,28,55000,MORTGAGE,2.0,HOMEIMPROVEMENT,A,12000,7.51,0.22,N,8,0
35796,25,63000,RENT,0.0,HOMEIMPROVEMENT,E,18000,17.39,0.28,Y,2,1
35797,27,120000,MORTGAGE,4.0,EDUCATION,C,20000,14.26,0.17,Y,10,0
35798,22,60000,MORTGAGE,1.0,DEBTCONSOLIDATION,A,3200,5.99,0.05,N,4,0
35799,32,100000,RENT,3.0,HOMEIMPROVEMENT,C,12000,12.87,0.12,Y,7,0
35800,22,82000,MORTGAGE,6.0,PERSONAL,A,9000,7.29,0.11,N,2,0
35801,25,71000,RENT,9.0,EDUCATION,A,12000,7.49,0.17,N,3,0
35802,24,52000,MORTGAGE,8.0,PERSONAL,C,5000,12.98,0.1,Y,2,0
35803,22,80000,RENT,0.0,MEDICAL,B,10800,8.88,0.14,N,2,0
35804,22,25000,OWN,1.0,VENTURE,C,8000,12.98,0.32,Y,3,0
35805,25,57492,RENT,9.0,DEBTCONSOLIDATION,B,20000,12.53,0.36,N,3,1
35806,28,44004,RENT,2.0,MEDICAL,C,5000,13.85,0.11,N,7,0
35807,25,240000,RENT,0.0,MEDICAL,A,12000,8.9,0.05,N,4,0
35808,26,390000,MORTGAGE,6.0,HOMEIMPROVEMENT,C,6000,14.17,0.15,Y,4,0
35809,31,60000,MORTGAGE,4.0,DEBTCONSOLIDATION,A,4000,8.9,0.07,N,7,0
35810,30,77250,OWN,11.0,VENTURE,B,2500,12.69,0.03,N,10,0
35811,24,38000,MORTGAGE,3.0,VENTURE,D,10000,14.61,0.26,Y,2,0
35812,25,40000,RENT,5.0,DEBTCONSOLIDATION,B,10000,11.99,0.25,N,4,0
35813,27,63000,OWN,11.0,PERSONAL,A,7000,5.42,0.11,N,9,0
35814,22,140000,MORTGAGE,6.0,EDUCATION,E,24250,16.4,0.17,N,2,0
35815,23,36250,RENT,1.0,EDUCATION,C,14500,12.23,0.4,Y,4,1
35816,23,26000,RENT,4.0,EDUCATION,C,10000,14.26,0.38,Y,3,1
35817,32,80000,MORTGAGE,1.0,HOMEIMPROVEMENT,C,10000,13.16,0.13,N,7,0
35818,26,42000,MORTGAGE,2.0,EDUCATION,B,8000,11.12,0.19,N,2,0
35819,30,52000,RENT,0.0,MEDICAL,C,7200,12.99,0.14,N,9,0
35820,27,65004,RENT,1.0,DEBTCONSOLIDATION,B,20000,10.37,0.31,N,7,0
35821,28,60000,RENT,5.0,DEBTCONSOLIDATION,C,15000,13.11,0.25,Y,8,0
35822,21,14400,RENT,0.0,MEDICAL,C,2100,13.35,0.15,Y,2,0
35823,26,70000,RENT,2.0,EDUCATION,B,13000,10.83,0.18,N,2,0
35824,22,105000,MORTGAGE,3.0,EDUCATION,A,12000,8.49,0.11,N,4,0
35825,30,105000,MORTGAGE,14.0,HOMEIMPROVEMENT,A,10000,7.51,0.1,N,9,0
35826,22,54000,MORTGAGE,6.0,VENTURE,A,7500,8.32,0.14,N,4,0
35827,28,25000,OWN,6.0,MEDICAL,B,2400,10.74,0.1,N,5,0
35828,27,60000,RENT,3.0,HOMEIMPROVEMENT,C,4800,13.49,0.08,Y,6,0
35829,24,70000,RENT,5.0,PERSONAL,B,12000,12.42,0.17,N,3,0
35830,28,120000,MORTGAGE,0.0,MEDICAL,A,15000,7.88,0.13,N,8,0
35831,35,80000,RENT,3.0,DEBTCONSOLIDATION,A,19200,7.49,0.24,N,7,0
35832,28,55000,MORTGAGE,4.0,EDUCATION,A,15000,6.54,0.27,N,6,0
35833,28,27600,RENT,4.0,EDUCATION,B,3000,11.49,0.11,N,6,0
35834,26,35400,RENT,6.0,MEDICAL,A,9600,6.03,0.27,N,4,0
35835,29,62000,RENT,14.0,EDUCATION,A,9000,8.49,0.15,N,6,0
35836,27,26400,MORTGAGE,4.0,EDUCATION,B,10000,10.25,0.38,N,10,0
35837,35,84000,RENT,7.0,MEDICAL,B,6000,12.42,0.07,N,5,0
35838,29,45000,MORTGAGE,6.0,MEDICAL,C,5000,14.65,0.11,Y,10,0
35839,34,158000,MORTGAGE,4.0,HOMEIMPROVEMENT,C,19000,13.57,0.12,N,7,0
35840,22,52000,RENT,3.0,PERSONAL,B,4000,12.69,0.08,N,3,0
35841,28,60000,OWN,1.0,MEDICAL,C,12000,12.53,0.2,N,7,0
35842,29,60000,MORTGAGE,0.0,EDUCATION,A,3500,6.76,0.06,N,10,0
35843,29,66000,MORTGAGE,4.0,DEBTCONSOLIDATION,A,10000,6.54,0.15,N,9,0
35844,24,69996,MORTGAGE,8.0,DEBTCONSOLIDATION,B,8000,12.53,0.11,N,2,0
35845,24,84000,MORTGAGE,3.0,VENTURE,A,5000,8.49,0.06,N,4,0
35846,28,119496,MORTGAGE,0.0,HOMEIMPROVEMENT,B,12000,9.51,0.1,N,8,0
35847,26,32000,RENT,6.0,VENTURE,C,6000,14.27,0.19,N,2,0
35848,23,39700,MORTGAGE,8.0,EDUCATION,A,8400,7.51,0.21,N,3,0
35849,30,122000,MORTGAGE,1.0,EDUCATION,B,15000,11.48,0.12,N,9,0
35850,26,35000,RENT,4.0,VENTURE,A,6000,7.66,0.17,N,2,0
35851,24,40000,RENT,3.0,MEDICAL,B,10000,9.25,0.25,N,2,0
35852,24,72000,RENT,8.0,EDUCATION,C,4200,15.27,0.06,N,3,0
35853,22,48000,MORTGAGE,5.0,EDUCATION,A,10000,6.99,0.21,N,3,0
35854,42,46500,RENT,4.0,EDUCATION,B,6000,10.65,0.13,N,14,0
35855,37,53329,OWN,3.0,HOMEIMPROVEMENT,A,16000,6.62,0.29,N,14,0
35856,27,36000,MORTGAGE,6.0,DEBTCONSOLIDATION,A,5500,5.99,0.15,N,8,0
35857,28,55000,RENT,9.0,MEDICAL,A,8000,6.17,0.15,N,10,0
35858,31,30000,OWN,2.0,VENTURE,A,2500,7.49,0.08,N,8,0
35859,26,96000,MORTGAGE,10.0,DEBTCONSOLIDATION,A,6000,5.79,0.06,N,3,0
35860,32,60000,MORTGAGE,9.0,HOMEIMPROVEMENT,A,4200,8.9,0.07,N,8,0
35861,25,53000,RENT,3.0,DEBTCONSOLIDATION,C,1200,13.23,0.02,Y,3,0
35862,30,97781,MORTGAGE,7.0,MEDICAL,B,15000,10.99,0.15,N,10,0
35863,28,99996,MORTGAGE,6.0,VENTURE,A,10000,5.42,0.1,N,7,0
35864,22,42000,MORTGAGE,0.0,VENTURE,B,9000,11.26,0.21,N,3,0
35865,25,68000,RENT,1.0,MEDICAL,B,15000,10.99,0.22,N,2,0
35866,27,20000,OWN,1.0,VENTURE,A,5000,8.59,0.25,N,6,0
35867,30,70000,MORTGAGE,2.0,PERSONAL,A,10000,7.88,0.14,N,7,0
35868,28,40000,MORTGAGE,12.0,VENTURE,A,5000,6.62,0.13,N,7,0
35869,29,56004,RENT,4.0,MEDICAL,C,8000,13.16,0.14,Y,8,0
35870,32,240000,MORTGAGE,11.0,HOMEIMPROVEMENT,B,18000,11.71,0.07,N,10,0
35871,33,90000,RENT,15.0,HOMEIMPROVEMENT,C,12000,13.16,0.13,Y,5,0
35872,22,33000,RENT,5.0,EDUCATION,A,1500,7.29,0.04,N,2,0
35873,23,84000,MORTGAGE,7.0,MEDICAL,B,5000,11.58,0.06,N,4,0
35874,22,55000,RENT,6.0,PERSONAL,A,10000,7.51,0.19,N,3,0
35875,25,25000,OWN,0.0,EDUCATION,B,8000,10.99,0.32,N,3,0
35876,21,20000,OWN,1.0,PERSONAL,D,6000,15.05,0.3,Y,2,0
35877,24,52000,MORTGAGE,8.0,MEDICAL,B,15000,10.99,0.29,N,4,0
35878,27,60000,RENT,4.0,DEBTCONSOLIDATION,A,5000,8.9,0.08,N,6,0
35879,25,40000,RENT,5.0,PERSONAL,A,12000,7.49,0.3,N,2,0
35880,29,45000,RENT,6.0,EDUCATION,C,10000,11.66,0.22,Y,7,0
35881,27,40000,RENT,5.0,DEBTCONSOLIDATION,A,9000,7.51,0.23,N,9,0
35882,23,40000,MORTGAGE,2.0,EDUCATION,C,16000,14.22,0.4,Y,4,0
35883,35,20000,RENT,0.0,PERSONAL,B,6000,11.14,0.3,N,6,1
35884,26,57000,MORTGAGE,2.0,VENTURE,B,7800,12.42,0.13,N,3,0
35885,23,50000,RENT,3.0,VENTURE,B,14000,11.58,0.27,N,2,0
35886,26,55000,RENT,10.0,MEDICAL,B,12000,12.42,0.22,N,4,0
35887,23,48000,MORTGAGE,7.0,EDUCATION,A,9000,7.51,0.19,N,4,0
35888,29,40000,RENT,0.0,PERSONAL,D,7500,14.54,0.19,Y,8,1
35889,28,84000,RENT,0.0,MEDICAL,B,24000,11.12,0.28,N,7,0
35890,26,51000,RENT,3.0,VENTURE,A,10000,5.79,0.2,N,3,0
35891,27,48000,RENT,8.0,EDUCATION,B,9000,12.69,0.19,N,10,0
35892,24,76000,RENT,3.0,HOMEIMPROVEMENT,B,6000,11.49,0.08,N,4,1
35893,39,70000,RENT,5.0,EDUCATION,A,17000,7.88,0.24,N,14,0
35894,36,75000,MORTGAGE,6.0,DEBTCONSOLIDATION,C,12000,13.49,0.16,N,13,0
35895,29,39000,RENT,1.0,HOMEIMPROVEMENT,D,6400,13.67,0.16,Y,6,1
35896,27,50000,RENT,2.0,PERSONAL,B,15000,10.37,0.3,N,5,0
35897,26,65000,MORTGAGE,6.0,EDUCATION,B,10200,9.91,0.16,N,3,0
35898,26,48000,MORTGAGE,10.0,EDUCATION,A,5000,7.88,0.1,N,2,0
35899,25,60000,MORTGAGE,1.0,VENTURE,A,21000,6.99,0.35,N,4,0
35900,22,50000,RENT,1.0,EDUCATION,A,10000,6.03,0.2,N,4,0
35901,27,50000,MORTGAGE,7.0,MEDICAL,B,6000,12.42,0.12,N,9,0
35902,24,100000,RENT,3.0,EDUCATION,B,12500,11.49,0.12,N,4,0
35903,22,27000,RENT,0.0,MEDICAL,D,4000,18.25,0.14,Y,4,1
35904,27,95000,MORTGAGE,11.0,PERSONAL,D,25000,16.0,0.26,N,8,0
35905,24,49000,RENT,2.0,DEBTCONSOLIDATION,D,3000,16.29,0.06,N,3,1
35906,24,42000,RENT,1.0,PERSONAL,A,4500,7.14,0.11,N,3,0
35907,22,60000,RENT,6.0,EDUCATION,B,7000,11.71,0.12,N,3,0
35908,24,30000,RENT,0.0,MEDICAL,B,7500,12.53,0.25,N,3,0
35909,33,110000,OWN,0.0,PERSONAL,A,1000,8.0,0.01,N,5,0
35910,25,50000,RENT,6.0,EDUCATION,B,3000,11.49,0.06,N,4,0
35911,24,45000,RENT,4.0,DEBTCONSOLIDATION,C,7000,13.49,0.16,Y,3,0
35912,27,130000,MORTGAGE,6.0,DEBTCONSOLIDATION,A,8000,7.49,0.06,N,8,0
35913,24,90000,RENT,0.0,PERSONAL,A,12000,8.94,0.13,N,4,0
35914,27,49200,MORTGAGE,11.0,MEDICAL,A,6000,7.49,0.12,N,5,0
35915,37,30000,RENT,2.0,HOMEIMPROVEMENT,B,8000,12.69,0.27,N,14,1
35916,26,65000,MORTGAGE,3.0,HOMEIMPROVEMENT,B,5000,11.71,0.08,N,3,0
35917,24,73000,RENT,3.0,HOMEIMPROVEMENT,A,15000,7.9,0.21,N,4,0
35918,43,30000,RENT,6.0,MEDICAL,A,3000,7.9,0.1,N,14,0
35919,22,80000,MORTGAGE,6.0,VENTURE,A,20000,7.49,0.25,N,2,0
35920,23,75000,RENT,2.0,VENTURE,C,25000,13.92,0.33,N,4,1
35921,28,50000,MORTGAGE,7.0,DEBTCONSOLIDATION,A,5000,7.14,0.1,N,6,0
35922,27,30000,RENT,4.0,VENTURE,C,3000,13.72,0.1,Y,8,0
35923,25,132000,MORTGAGE,3.0,DEBTCONSOLIDATION,C,20000,12.73,0.15,N,3,0
35924,31,52000,MORTGAGE,3.0,EDUCATION,A,2000,8.9,0.04,N,6,0
35925,30,90000,MORTGAGE,0.0,DEBTCONSOLIDATION,A,12000,6.54,0.13,N,7,0
35926,34,55000,MORTGAGE,5.0,HOMEIMPROVEMENT,C,12000,13.22,0.22,Y,6,0
35927,37,78000,MORTGAGE,0.0,MEDICAL,B,3600,12.69,0.05,N,11,1
35928,38,38000,MORTGAGE,5.0,MEDICAL,A,8400,7.88,0.23,N,16,0
35929,23,60000,RENT,7.0,EDUCATION,C,8400,14.72,0.14,Y,4,0
35930,44,80000,RENT,6.0,HOMEIMPROVEMENT,B,7500,10.01,0.09,N,14,0
35931,28,43000,MORTGAGE,5.0,MEDICAL,A,10000,9.32,0.23,N,10,0
35932,23,90000,MORTGAGE,7.0,VENTURE,B,8000,10.36,0.09,N,4,0
35933,30,42000,RENT,3.0,MEDICAL,B,6000,10.74,0.14,N,10,0
35934,27,72000,RENT,3.0,MEDICAL,B,12000,10.74,0.17,N,10,0
35935,24,34400,RENT,0.0,DEBTCONSOLIDATION,B,15000,12.53,0.43,N,4,1
35936,23,52800,RENT,1.0,VENTURE,B,2100,10.99,0.04,N,4,0
35937,35,84000,MORTGAGE,1.0,MEDICAL,A,15000,9.63,0.18,N,10,0
35938,23,30000,RENT,5.0,EDUCATION,A,4500,5.42,0.15,N,2,0
35939,40,60000,MORTGAGE,7.0,HOMEIMPROVEMENT,A,7000,6.76,0.12,N,16,0
35940,27,74400,MORTGAGE,11.0,DEBTCONSOLIDATION,B,3000,10.99,0.04,N,8,0
35941,25,40000,OWN,9.0,MEDICAL,E,1000,19.29,0.03,N,3,0
35942,23,30000,RENT,1.0,EDUCATION,C,7000,12.68,0.23,N,2,0
35943,36,235000,MORTGAGE,0.0,PERSONAL,C,25000,13.61,0.11,N,13,0
35944,45,38000,RENT,5.0,DEBTCONSOLIDATION,C,13000,13.49,0.36,Y,12,1
35945,25,44000,RENT,0.0,EDUCATION,C,17500,13.49,0.4,Y,2,0
35946,27,59000,RENT,11.0,HOMEIMPROVEMENT,C,7500,13.8,0.13,Y,8,1
35947,28,33000,RENT,5.0,MEDICAL,B,1000,10.99,0.03,N,7,0
35948,24,55000,MORTGAGE,9.0,PERSONAL,A,8000,6.03,0.15,N,2,0
35949,38,80000,MORTGAGE,0.0,VENTURE,B,25000,11.49,0.31,N,12,0
35950,26,110000,MORTGAGE,6.0,PERSONAL,B,3600,10.71,0.03,N,2,0
35951,25,90000,RENT,0.0,EDUCATION,C,8000,14.65,0.09,N,2,0
35952,24,36000,RENT,5.0,MEDICAL,C,8500,13.47,0.23,N,4,0
35953,25,90000,RENT,9.0,HOMEIMPROVEMENT,B,18000,9.91,0.2,N,4,0
35954,23,45000,RENT,2.0,VENTURE,C,10000,13.16,0.22,Y,4,0
35955,27,80000,RENT,11.0,EDUCATION,A,10000,7.9,0.13,N,9,0
35956,25,25200,RENT,4.0,HOMEIMPROVEMENT,D,4475,12.92,0.18,Y,3,1
35957,40,120000,MORTGAGE,2.0,MEDICAL,B,10000,11.99,0.08,N,11,0
35958,34,44000,RENT,4.0,EDUCATION,A,6000,7.49,0.14,N,7,0
35959,28,32000,RENT,0.0,VENTURE,E,3000,17.19,0.09,Y,7,1
35960,24,47380,RENT,1.0,EDUCATION,C,15000,13.79,0.31,N,4,1
35961,24,72000,RENT,8.0,MEDICAL,C,2400,14.79,0.03,Y,3,0
35962,25,45000,MORTGAGE,9.0,VENTURE,A,4000,5.42,0.09,N,2,0
35963,33,70000,RENT,0.0,DEBTCONSOLIDATION,C,25000,13.99,0.36,Y,8,1
35964,23,48000,RENT,7.0,HOMEIMPROVEMENT,A,16750,6.62,0.34,N,2,1
35965,31,45000,OWN,4.0,EDUCATION,C,5500,13.23,0.12,N,10,0
35966,37,65000,MORTGAGE,0.0,EDUCATION,C,8000,12.84,0.12,N,11,0
35967,29,66996,MORTGAGE,9.0,VENTURE,B,15600,9.63,0.24,N,10,0
35968,23,38400,RENT,7.0,VENTURE,B,10000,9.91,0.26,N,2,0
35969,44,43200,RENT,9.0,HOMEIMPROVEMENT,A,18600,7.51,0.41,N,12,1
35970,33,60000,MORTGAGE,9.0,PERSONAL,A,12500,5.42,0.2,N,7,0
35971,36,35000,RENT,2.0,PERSONAL,B,5000,9.63,0.14,N,14,0
35972,27,100000,MORTGAGE,3.0,VENTURE,A,5000,6.92,0.05,N,10,0
35973,24,70000,RENT,4.0,DEBTCONSOLIDATION,A,4000,7.88,0.06,N,3,0
35974,28,42000,RENT,2.0,PERSONAL,B,4800,10.37,0.11,N,7,0
35975,29,90000,MORTGAGE,2.0,EDUCATION,B,12000,11.11,0.13,N,9,0
35976,23,51000,RENT,3.0,EDUCATION,A,12000,8.9,0.24,N,3,0
35977,26,34000,RENT,0.0,VENTURE,B,10000,12.53,0.29,N,4,0
35978,24,95400,MORTGAGE,2.0,EDUCATION,B,5000,11.14,0.05,N,4,0
35979,29,80400,RENT,2.0,VENTURE,B,8000,11.36,0.1,N,5,0
35980,31,58000,RENT,5.0,MEDICAL,B,15000,10.25,0.26,N,9,0
35981,24,54000,RENT,6.0,EDUCATION,A,6000,6.62,0.11,N,4,0
35982,30,20000,RENT,8.0,MEDICAL,B,5000,11.71,0.25,N,5,0
35983,24,55000,MORTGAGE,5.0,MEDICAL,A,8000,5.79,0.15,N,3,0
35984,29,144000,RENT,11.0,HOMEIMPROVEMENT,C,21000,14.26,0.14,N,8,0
35985,22,45000,RENT,3.0,MEDICAL,C,7000,12.99,0.16,N,2,0
35986,32,55000,MORTGAGE,3.0,VENTURE,A,5000,6.62,0.09,N,10,0
35987,28,36000,RENT,3.0,VENTURE,B,8000,10.65,0.22,N,9,0
35988,30,45000,RENT,2.0,VENTURE,C,10000,13.85,0.22,N,10,0
35989,27,45000,RENT,5.0,MEDICAL,A,4000,7.49,0.09,N,8,0
35990,31,85000,RENT,4.0,MEDICAL,A,25000,6.92,0.29,N,7,0
35991,22,60000,RENT,2.0,VENTURE,C,7000,13.49,0.12,N,4,0
35992,34,70000,MORTGAGE,14.0,DEBTCONSOLIDATION,B,15000,11.14,0.21,N,5,0
35993,28,50000,RENT,1.0,MEDICAL,A,4650,8.0,0.09,N,8,0
35994,44,110000,MORTGAGE,6.0,HOMEIMPROVEMENT,B,12000,9.76,0.11,N,17,0
35995,28,48000,RENT,4.0,DEBTCONSOLIDATION,C,20000,11.54,0.42,N,10,1
35996,26,70000,RENT,0.0,VENTURE,B,8000,10.99,0.11,N,3,0
35997,25,85000,MORTGAGE,5.0,HOMEIMPROVEMENT,B,15000,10.25,0.18,N,2,0
35998,24,50000,MORTGAGE,1.0,VENTURE,A,8400,7.49,0.17,N,2,0
35999,24,50000,RENT,1.0,VENTURE,B,8000,10.99,0.16,N,3,0
36000,25,90000,MORTGAGE,5.0,HOMEIMPROVEMENT,B,15000,9.25,0.17,N,3,0
36001,30,52800,RENT,5.0,EDUCATION,A,10000,7.74,0.19,N,6,0
36002,26,90000,RENT,0.0,PERSONAL,B,10000,11.71,0.11,N,2,0
36003,43,62000,RENT,6.0,PERSONAL,D,9800,16.29,0.15,N,16,0
36004,22,24960,RENT,2.0,VENTURE,C,4000,13.61,0.16,N,2,0
36005,37,30000,RENT,6.0,PERSONAL,B,12000,10.39,0.4,N,14,1
36006,40,101877,RENT,8.0,HOMEIMPROVEMENT,A,12800,7.88,0.12,N,14,0
36007,24,75000,RENT,0.0,HOMEIMPROVEMENT,C,10000,13.49,0.13,N,3,0
36008,25,75000,MORTGAGE,8.0,EDUCATION,A,4300,5.42,0.06,N,4,0
36009,29,130000,MORTGAGE,8.0,VENTURE,C,15000,13.16,0.12,Y,9,0
36010,23,80000,RENT,0.0,PERSONAL,B,13600,12.42,0.16,N,3,0
36011,44,54996,RENT,5.0,EDUCATION,C,12000,12.87,0.22,N,13,0
36012,38,60000,MORTGAGE,5.0,DEBTCONSOLIDATION,C,15000,13.49,0.25,N,14,0
36013,29,90000,MORTGAGE,11.0,PERSONAL,A,8000,7.49,0.09,N,8,0
36014,26,90000,MORTGAGE,9.0,VENTURE,A,14000,7.88,0.16,N,3,0
36015,24,113000,RENT,7.0,HOMEIMPROVEMENT,B,7200,11.71,0.06,N,4,1
36016,24,60000,MORTGAGE,8.0,VENTURE,A,7150,7.29,0.12,N,3,0
36017,23,40000,RENT,0.0,PERSONAL,B,5000,11.83,0.13,N,2,0
36018,23,285000,MORTGAGE,7.0,PERSONAL,C,10000,14.65,0.04,N,4,0
36019,26,72000,RENT,3.0,PERSONAL,B,15000,10.99,0.21,N,2,1
36020,23,120000,MORTGAGE,4.0,PERSONAL,A,20000,7.37,0.17,N,3,0
36021,22,45996,OWN,2.0,VENTURE,A,9000,7.51,0.19,N,2,0
36022,28,90000,MORTGAGE,5.0,DEBTCONSOLIDATION,C,5000,12.87,0.06,Y,8,0
36023,24,50000,OWN,3.0,VENTURE,B,6000,10.99,0.12,N,2,0
36024,26,65000,MORTGAGE,10.0,PERSONAL,B,10000,9.88,0.15,N,2,0
36025,25,65000,RENT,4.0,HOMEIMPROVEMENT,B,8700,10.71,0.13,N,2,0
36026,22,40000,RENT,0.0,HOMEIMPROVEMENT,C,10000,13.35,0.25,N,2,1
36027,33,80000,OWN,4.0,HOMEIMPROVEMENT,A,6000,8.94,0.07,N,5,0
36028,28,50000,MORTGAGE,0.0,PERSONAL,B,7000,10.37,0.14,N,7,0
36029,23,70000,OWN,3.0,PERSONAL,A,10000,6.03,0.14,N,4,0
36030,24,95000,RENT,1.0,HOMEIMPROVEMENT,C,25000,12.99,0.26,Y,2,0
36031,39,120000,MORTGAGE,9.0,HOMEIMPROVEMENT,B,10000,11.14,0.08,N,11,0
36032,22,26000,RENT,0.0,DEBTCONSOLIDATION,B,4000,11.49,0.15,N,3,0
36033,44,60000,MORTGAGE,29.0,MEDICAL,B,2000,10.99,0.03,N,16,0
36034,25,86400,MORTGAGE,4.0,VENTURE,A,12000,7.29,0.14,N,2,0
36035,22,66000,MORTGAGE,6.0,PERSONAL,A,6000,7.9,0.09,N,3,0
36036,24,67150,MORTGAGE,1.0,MEDICAL,D,15000,14.11,0.19,Y,3,1
36037,24,58000,RENT,0.0,VENTURE,B,15000,12.53,0.26,N,4,0
36038,28,75000,RENT,7.0,MEDICAL,B,3000,12.69,0.04,N,9,0
36039,22,60500,RENT,3.0,EDUCATION,C,7000,12.84,0.12,N,4,0
36040,46,60000,OWN,18.0,HOMEIMPROVEMENT,C,10000,13.49,0.17,N,11,0
36041,24,85920,MORTGAGE,7.0,PERSONAL,C,15000,13.98,0.18,Y,2,0
36042,26,170000,RENT,4.0,EDUCATION,B,12000,9.63,0.07,N,3,0
36043,24,51850,RENT,4.0,MEDICAL,D,7000,15.95,0.12,N,2,1
36044,23,60000,MORTGAGE,1.0,VENTURE,B,10000,12.21,0.17,N,3,0
36045,23,45000,RENT,7.0,EDUCATION,B,15000,10.65,0.33,N,4,1
36046,23,30000,RENT,0.0,DEBTCONSOLIDATION,A,6000,7.66,0.2,N,2,0
36047,29,110000,MORTGAGE,13.0,MEDICAL,A,10000,6.03,0.09,N,10,0
36048,27,42000,RENT,0.0,MEDICAL,A,4000,7.51,0.1,N,6,0
36049,27,40000,RENT,0.0,MEDICAL,C,9000,12.23,0.23,N,9,0
36050,41,43000,RENT,9.0,MEDICAL,C,3000,13.11,0.07,Y,12,0
36051,24,70000,OWN,8.0,VENTURE,B,4500,11.12,0.06,N,2,0
36052,22,30000,RENT,2.0,MEDICAL,A,5000,8.9,0.17,N,3,0
36053,36,48000,MORTGAGE,3.0,MEDICAL,D,2000,15.62,0.04,N,13,1
36054,25,34000,RENT,1.0,DEBTCONSOLIDATION,E,13000,15.68,0.37,Y,3,1
36055,21,60500,RENT,5.0,EDUCATION,B,5000,10.75,0.08,N,3,0
36056,24,33600,RENT,4.0,MEDICAL,A,3500,8.9,0.11,N,2,0
36057,24,39600,RENT,5.0,PERSONAL,A,12000,8.9,0.3,N,4,0
36058,26,37680,RENT,5.0,MEDICAL,B,15000,9.88,0.4,N,2,1
36059,25,79050,RENT,5.0,MEDICAL,D,7000,14.96,0.09,N,4,1
36060,23,36000,RENT,0.0,EDUCATION,A,10000,7.14,0.28,N,4,0
36061,23,25000,RENT,2.0,EDUCATION,B,5600,10.99,0.22,N,4,0
36062,39,30000,OWN,0.0,VENTURE,A,6500,8.49,0.22,N,15,0
36063,45,33000,MORTGAGE,0.0,HOMEIMPROVEMENT,C,1000,13.06,0.03,Y,15,1
36064,22,45000,MORTGAGE,3.0,EDUCATION,B,7500,11.86,0.17,N,4,0
36065,22,60000,MORTGAGE,7.0,DEBTCONSOLIDATION,C,8000,13.92,0.13,N,2,0
36066,22,65000,RENT,6.0,EDUCATION,C,12000,13.99,0.18,Y,2,0
36067,28,78000,MORTGAGE,0.0,DEBTCONSOLIDATION,C,15000,13.22,0.19,Y,10,1
36068,22,40000,RENT,4.0,EDUCATION,C,9000,14.27,0.23,Y,2,0
36069,22,30000,RENT,6.0,EDUCATION,B,2400,11.49,0.08,N,2,0
36070,22,90000,RENT,0.0,EDUCATION,C,13200,13.48,0.15,N,3,0
36071,27,69000,RENT,4.0,VENTURE,C,13000,13.49,0.19,N,5,0
36072,30,30000,RENT,2.0,EDUCATION,C,4000,13.22,0.13,N,7,0
36073,27,69000,MORTGAGE,11.0,EDUCATION,D,24000,16.77,0.36,N,8,1
36074,22,27600,RENT,4.0,EDUCATION,C,7500,13.49,0.27,N,2,0
36075,38,60000,MORTGAGE,4.0,MEDICAL,B,15000,10.99,0.25,N,13,0
36076,27,80000,MORTGAGE,11.0,EDUCATION,A,18000,7.51,0.23,N,8,0
36077,29,120000,MORTGAGE,3.0,HOMEIMPROVEMENT,A,4800,7.4,0.04,N,6,0
36078,29,60000,OTHER,4.0,VENTURE,B,16000,11.14,0.27,N,8,0
36079,32,69000,MORTGAGE,0.0,MEDICAL,A,3500,7.9,0.05,N,5,0
36080,23,72000,RENT,0.0,VENTURE,F,10000,20.89,0.14,Y,3,0
36081,52,56950,RENT,10.0,MEDICAL,B,5000,9.88,0.07,N,29,1
36082,26,51500,RENT,2.0,HOMEIMPROVEMENT,D,20000,14.09,0.39,N,3,1
36083,46,92000,MORTGAGE,1.0,EDUCATION,B,24000,10.99,0.26,N,12,0
36084,23,75000,MORTGAGE,2.0,EDUCATION,A,13500,8.94,0.19,N,2,0
36085,22,75000,RENT,2.0,EDUCATION,B,18000,11.49,0.24,N,4,0
36086,26,75000,MORTGAGE,10.0,MEDICAL,A,20000,7.88,0.27,N,3,0
36087,22,65000,MORTGAGE,4.0,DEBTCONSOLIDATION,A,9000,5.79,0.14,N,3,0
36088,26,30000,RENT,1.0,MEDICAL,A,10750,8.94,0.36,N,3,1
36089,22,60000,MORTGAGE,6.0,EDUCATION,B,2500,10.65,0.04,N,3,0
36090,23,95000,RENT,1.0,PERSONAL,C,7500,14.65,0.08,Y,2,0
36091,30,50000,RENT,4.0,DEBTCONSOLIDATION,C,8000,14.79,0.16,N,8,0
36092,26,75000,RENT,1.0,VENTURE,D,25000,12.92,0.33,Y,4,0
36093,33,86000,RENT,2.0,PERSONAL,A,20000,6.54,0.23,N,8,0
36094,22,24000,RENT,2.0,EDUCATION,A,8000,7.51,0.33,N,4,1
36095,31,108000,RENT,1.0,HOMEIMPROVEMENT,E,14000,16.0,0.13,Y,6,1
36096,23,37000,RENT,3.0,MEDICAL,B,2000,10.99,0.05,N,2,0
36097,23,93000,MORTGAGE,6.0,PERSONAL,C,8000,13.8,0.09,Y,4,0
36098,23,92004,MORTGAGE,2.0,EDUCATION,B,5000,11.12,0.06,N,4,0
36099,22,45000,RENT,1.0,VENTURE,C,20000,13.48,0.44,N,3,1
36100,22,70000,MORTGAGE,4.0,VENTURE,A,8400,7.51,0.12,N,2,0
36101,36,57600,RENT,1.0,PERSONAL,B,10000,10.37,0.17,N,16,0
36102,38,62000,MORTGAGE,6.0,DEBTCONSOLIDATION,A,9000,6.03,0.15,N,14,0
36103,26,15000,OWN,0.0,MEDICAL,B,4200,10.59,0.29,N,3,0
36104,30,42000,MORTGAGE,5.0,VENTURE,A,3250,7.88,0.08,N,9,0
36105,33,59617,MORTGAGE,14.0,HOMEIMPROVEMENT,F,21000,15.62,0.35,N,6,0
36106,28,48000,RENT,1.0,DEBTCONSOLIDATION,B,4000,11.49,0.08,N,9,0
36107,27,65000,MORTGAGE,3.0,EDUCATION,A,4500,8.0,0.07,N,5,0
36108,24,90000,MORTGAGE,8.0,MEDICAL,B,20000,10.38,0.22,N,2,0
36109,21,32000,RENT,2.0,PERSONAL,C,11000,13.57,0.34,N,4,1
36110,33,140000,MORTGAGE,2.0,MEDICAL,A,12000,7.88,0.09,N,6,0
36111,31,57335,MORTGAGE,6.0,EDUCATION,D,11500,14.84,0.2,Y,10,1
36112,34,90000,MORTGAGE,0.0,PERSONAL,D,17600,16.77,0.2,Y,5,0
36113,23,18000,RENT,2.0,EDUCATION,B,3000,12.69,0.17,N,3,1
36114,25,90900,RENT,9.0,VENTURE,A,9000,6.91,0.1,N,2,0
36115,30,56400,RENT,3.0,EDUCATION,D,3000,14.96,0.05,Y,7,1
36116,23,35000,RENT,1.0,EDUCATION,A,8000,9.32,0.23,N,4,0
36117,23,50000,RENT,7.0,EDUCATION,B,5000,12.42,0.1,N,4,0
36118,23,51996,RENT,7.0,VENTURE,A,9600,6.62,0.18,N,3,0
36119,27,80000,MORTGAGE,3.0,VENTURE,B,7500,9.91,0.09,N,5,0
36120,23,43000,MORTGAGE,5.0,MEDICAL,A,8500,7.88,0.2,N,4,0
36121,28,40000,OWN,12.0,HOMEIMPROVEMENT,A,6000,6.62,0.15,N,10,0
36122,26,42000,RENT,6.0,MEDICAL,C,7500,12.87,0.18,Y,2,0
36123,23,120000,MORTGAGE,3.0,PERSONAL,B,8000,11.49,0.07,N,2,0
36124,45,22000,RENT,2.0,HOMEIMPROVEMENT,A,10000,6.54,0.46,N,17,1
36125,26,45000,RENT,3.0,PERSONAL,B,17000,9.91,0.38,N,2,1
36126,31,43200,MORTGAGE,4.0,MEDICAL,C,3200,13.49,0.08,N,10,0
36127,24,48000,RENT,1.0,EDUCATION,B,4500,11.83,0.09,N,4,0
36128,22,35000,MORTGAGE,6.0,EDUCATION,A,3000,6.03,0.09,N,3,0
36129,24,60000,MORTGAGE,5.0,DEBTCONSOLIDATION,C,6000,12.87,0.09,Y,4,0
36130,28,56000,RENT,4.0,HOMEIMPROVEMENT,E,10750,14.38,0.19,N,8,0
36131,31,135000,MORTGAGE,9.0,HOMEIMPROVEMENT,C,15000,13.85,0.11,N,10,0
36132,23,105000,MORTGAGE,7.0,DEBTCONSOLIDATION,A,6000,8.9,0.06,N,3,0
36133,24,93000,RENT,0.0,DEBTCONSOLIDATION,B,10800,11.83,0.11,N,2,0
36134,24,48000,RENT,5.0,PERSONAL,D,7200,14.96,0.15,N,2,0
36135,25,45000,RENT,3.0,MEDICAL,A,4000,7.49,0.09,N,4,0
36136,33,110000,MORTGAGE,1.0,VENTURE,D,25000,15.99,0.23,N,9,0
36137,22,44004,RENT,0.0,MEDICAL,C,5000,13.79,0.11,Y,4,1
36138,39,120000,MORTGAGE,7.0,MEDICAL,B,15000,11.71,0.13,N,15,0
36139,32,86400,MORTGAGE,16.0,PERSONAL,A,5000,7.9,0.06,N,7,0
36140,34,28800,RENT,0.0,PERSONAL,A,10000,7.68,0.35,N,10,1
36141,26,65000,RENT,3.0,HOMEIMPROVEMENT,A,12500,7.51,0.19,N,4,0
36142,30,57600,MORTGAGE,14.0,DEBTCONSOLIDATION,A,10000,6.62,0.17,N,8,0
36143,24,46800,MORTGAGE,0.0,MEDICAL,C,6500,12.87,0.13,N,3,1
36144,22,24000,RENT,0.0,EDUCATION,A,6000,8.0,0.25,N,2,0
36145,25,35000,RENT,9.0,PERSONAL,C,3500,13.72,0.1,N,2,0
36146,50,25000,RENT,1.0,MEDICAL,C,7500,12.68,0.3,N,15,0
36147,27,50000,MORTGAGE,7.0,DEBTCONSOLIDATION,A,3000,5.79,0.06,N,9,0
36148,22,28114,RENT,0.0,EDUCATION,A,8800,8.49,0.31,N,2,1
36149,23,65000,MORTGAGE,7.0,EDUCATION,A,3000,7.88,0.05,N,3,0
36150,32,45000,MORTGAGE,3.0,VENTURE,A,5000,7.88,0.11,N,10,0
36151,23,60000,RENT,4.0,MEDICAL,B,1600,11.99,0.03,N,2,1
36152,23,46000,MORTGAGE,3.0,MEDICAL,A,11000,7.88,0.24,N,2,0
36153,23,73000,RENT,7.0,DEBTCONSOLIDATION,C,2500,14.35,0.03,N,3,0
36154,25,43200,RENT,6.0,EDUCATION,C,1200,13.8,0.03,N,3,1
36155,22,35004,RENT,6.0,MEDICAL,C,8000,15.27,0.22,Y,4,0
36156,29,50000,RENT,0.0,PERSONAL,C,12000,13.8,0.24,N,7,0
36157,29,120000,MORTGAGE,0.0,MEDICAL,B,18000,9.63,0.15,N,5,0
36158,25,78000,MORTGAGE,6.0,MEDICAL,A,7200,6.62,0.09,N,3,0
36159,23,60000,RENT,1.0,VENTURE,D,25000,14.96,0.42,N,4,1
36160,43,47000,RENT,4.0,MEDICAL,G,16000,19.82,0.34,Y,14,1
36161,56,65000,MORTGAGE,2.0,PERSONAL,A,20000,6.17,0.31,N,19,0
36162,37,40000,RENT,2.0,MEDICAL,B,16000,10.99,0.4,N,16,1
36163,23,39000,RENT,3.0,MEDICAL,B,10000,11.99,0.26,N,3,1
36164,27,110000,OWN,0.0,HOMEIMPROVEMENT,A,15000,8.94,0.14,N,5,0
36165,24,102000,MORTGAGE,9.0,HOMEIMPROVEMENT,A,14000,7.9,0.14,N,3,0
36166,25,58560,MORTGAGE,3.0,MEDICAL,C,10000,14.22,0.18,N,3,0
36167,23,55000,RENT,3.0,PERSONAL,A,9000,7.51,0.16,N,2,0
36168,27,74400,MORTGAGE,11.0,EDUCATION,B,12000,11.86,0.16,N,8,0
36169,30,34000,RENT,14.0,MEDICAL,D,7500,15.58,0.22,Y,6,1
36170,27,59000,RENT,7.0,VENTURE,C,15000,13.16,0.25,N,6,0
36171,25,66560,MORTGAGE,4.0,DEBTCONSOLIDATION,C,6000,13.57,0.09,Y,3,0
36172,23,80500,RENT,0.0,VENTURE,B,4000,10.99,0.05,N,2,0
36173,26,60000,RENT,10.0,DEBTCONSOLIDATION,B,15000,10.37,0.25,N,2,0
36174,23,87000,RENT,4.0,EDUCATION,B,15000,10.99,0.17,N,4,0
36175,32,78000,MORTGAGE,3.0,EDUCATION,C,6000,14.72,0.08,Y,10,0
36176,25,66000,RENT,2.0,DEBTCONSOLIDATION,B,20000,10.99,0.3,N,2,0
36177,30,75000,RENT,5.0,HOMEIMPROVEMENT,A,15000,6.03,0.2,N,8,0
36178,43,63000,RENT,2.0,MEDICAL,B,10000,9.91,0.15,N,12,0
36179,34,28500,RENT,1.0,VENTURE,D,1000,14.59,0.03,N,9,1
36180,23,48000,OWN,6.0,VENTURE,B,15000,11.12,0.31,N,4,0
36181,22,36996,RENT,3.0,VENTURE,B,5000,9.99,0.14,N,4,0
36182,23,36000,MORTGAGE,7.0,VENTURE,A,8000,7.49,0.22,N,4,0
36183,22,55000,RENT,6.0,MEDICAL,A,6000,6.99,0.11,N,2,0
36184,38,62400,OWN,3.0,MEDICAL,B,12000,9.99,0.19,N,12,0
36185,27,30000,MORTGAGE,2.0,VENTURE,B,7800,11.83,0.24,N,8,0
36186,24,90000,RENT,0.0,DEBTCONSOLIDATION,B,7000,11.26,0.08,N,3,0
36187,22,85000,MORTGAGE,7.0,EDUCATION,A,10000,7.88,0.12,N,3,0
36188,40,186996,RENT,18.0,DEBTCONSOLIDATION,A,25000,6.99,0.12,N,17,0
36189,33,35000,RENT,12.0,VENTURE,B,4200,10.99,0.12,N,6,0
36190,24,65000,RENT,3.0,VENTURE,B,12800,11.48,0.2,N,2,0
36191,24,45336,MORTGAGE,8.0,MEDICAL,B,12250,11.86,0.27,N,2,0
36192,32,65000,MORTGAGE,2.0,MEDICAL,B,18000,9.99,0.28,N,8,0
36193,23,40000,RENT,2.0,VENTURE,B,1000,9.25,0.03,N,2,0
36194,25,58000,RENT,5.0,DEBTCONSOLIDATION,D,14000,12.61,0.24,N,4,1
36195,35,44000,RENT,4.0,MEDICAL,C,7000,13.23,0.16,Y,7,0
36196,22,85000,RENT,1.0,EDUCATION,A,12000,7.88,0.14,N,3,0
36197,23,120000,RENT,7.0,EDUCATION,C,10000,12.73,0.08,Y,4,0
36198,33,30000,RENT,0.0,DEBTCONSOLIDATION,E,8000,16.45,0.27,Y,10,1
36199,34,80000,RENT,2.0,PERSONAL,A,7000,6.99,0.09,N,9,0
36200,34,44000,RENT,5.0,DEBTCONSOLIDATION,C,20000,13.49,0.45,N,7,1
36201,23,45000,MORTGAGE,6.0,EDUCATION,C,6000,14.17,0.13,Y,2,0
36202,25,30000,RENT,9.0,EDUCATION,A,8875,5.42,0.3,N,4,0
36203,20,88000,MORTGAGE,4.0,EDUCATION,B,9925,10.99,0.11,N,4,0
36204,30,150000,MORTGAGE,14.0,PERSONAL,B,25000,10.75,0.17,N,10,0
36205,24,120000,MORTGAGE,9.0,HOMEIMPROVEMENT,B,14000,11.14,0.12,N,2,0
36206,39,36000,RENT,8.0,DEBTCONSOLIDATION,C,10000,13.48,0.28,N,16,0
36207,31,42000,RENT,9.0,MEDICAL,B,2500,9.99,0.06,N,8,0
36208,29,70000,RENT,6.0,DEBTCONSOLIDATION,C,13000,15.27,0.19,N,9,0
36209,21,61455,MORTGAGE,3.0,MEDICAL,D,9600,15.58,0.14,N,4,1
36210,26,32400,RENT,6.0,MEDICAL,C,3200,13.49,0.1,N,4,0
36211,22,65000,OWN,0.0,VENTURE,C,2500,13.49,0.04,Y,2,0
36212,24,35000,MORTGAGE,4.0,DEBTCONSOLIDATION,A,3500,7.14,0.1,N,2,0
36213,23,96000,MORTGAGE,7.0,EDUCATION,A,24000,7.88,0.25,N,3,0
36214,24,45243,RENT,3.0,EDUCATION,B,7200,9.25,0.16,N,2,0
36215,25,45000,RENT,2.0,VENTURE,D,10000,15.05,0.22,Y,3,1
36216,26,28000,RENT,6.0,DEBTCONSOLIDATION,C,8000,12.99,0.29,N,3,1
36217,23,36000,OWN,7.0,EDUCATION,A,15000,6.54,0.42,N,3,0
36218,22,42000,RENT,4.0,MEDICAL,B,5000,10.36,0.12,N,2,0
36219,29,43000,RENT,8.0,MEDICAL,A,10000,7.14,0.23,N,7,0
36220,25,85000,MORTGAGE,9.0,EDUCATION,C,20000,14.65,0.24,Y,3,0
36221,23,41004,RENT,2.0,DEBTCONSOLIDATION,B,3000,11.99,0.07,N,2,0
36222,26,75000,RENT,2.0,EDUCATION,B,6000,11.48,0.08,N,4,0
36223,22,42000,RENT,2.0,PERSONAL,D,6000,14.96,0.14,N,4,1
36224,22,24996,RENT,4.0,DEBTCONSOLIDATION,C,8500,12.98,0.33,Y,2,1
36225,23,69600,RENT,7.0,PERSONAL,C,1000,12.99,0.01,Y,3,0
36226,30,60000,MORTGAGE,2.0,DEBTCONSOLIDATION,B,15000,10.99,0.25,N,5,0
36227,23,55000,MORTGAGE,5.0,DEBTCONSOLIDATION,B,8000,11.71,0.15,N,2,0
36228,34,36000,RENT,0.0,DEBTCONSOLIDATION,B,4000,11.89,0.11,N,10,0
36229,23,65000,RENT,7.0,VENTURE,A,4400,5.79,0.07,N,4,0
36230,26,54400,RENT,2.0,MEDICAL,E,24250,19.03,0.35,Y,3,1
36231,33,44000,RENT,3.0,DEBTCONSOLIDATION,D,8000,12.92,0.18,N,7,1
36232,30,96500,RENT,2.0,DEBTCONSOLIDATION,C,7000,13.43,0.07,N,10,0
36233,23,44000,RENT,2.0,DEBTCONSOLIDATION,D,6000,15.62,0.14,N,2,1
36234,30,35000,OWN,4.0,MEDICAL,C,5000,14.79,0.14,N,8,0
36235,27,110000,RENT,4.0,DEBTCONSOLIDATION,B,30000,8.88,0.27,N,6,0
36236,28,50000,MORTGAGE,2.0,EDUCATION,A,12000,8.59,0.24,N,7,0
36237,33,130000,MORTGAGE,17.0,VENTURE,C,9000,13.49,0.07,Y,7,0
36238,22,66000,MORTGAGE,6.0,EDUCATION,A,5000,6.99,0.08,N,2,0
36239,23,40000,RENT,3.0,VENTURE,E,6000,16.0,0.15,Y,3,1
36240,38,70000,MORTGAGE,6.0,VENTURE,C,6000,13.23,0.09,N,14,0
36241,36,60000,RENT,1.0,HOMEIMPROVEMENT,C,5000,13.98,0.08,Y,15,0
36242,22,70000,MORTGAGE,3.0,MEDICAL,A,12000,6.03,0.17,N,3,0
36243,37,25000,RENT,1.0,EDUCATION,C,2000,13.22,0.08,Y,13,0
36244,33,72136,RENT,17.0,VENTURE,D,24000,15.65,0.33,N,9,1
36245,28,130000,RENT,1.0,EDUCATION,B,12500,9.62,0.1,N,5,0
36246,24,38000,MORTGAGE,0.0,MEDICAL,C,4000,12.73,0.11,Y,3,0
36247,31,80000,MORTGAGE,0.0,MEDICAL,A,18000,7.9,0.23,N,6,0
36248,23,36000,RENT,3.0,EDUCATION,C,5000,12.68,0.14,N,2,0
36249,24,45000,RENT,3.0,VENTURE,A,8000,6.92,0.18,N,4,0
36250,41,95000,MORTGAGE,12.0,HOMEIMPROVEMENT,A,12000,6.03,0.13,N,16,0
36251,30,180000,MORTGAGE,14.0,MEDICAL,A,6000,6.76,0.03,N,6,0
36252,28,84000,RENT,5.0,DEBTCONSOLIDATION,B,12000,12.42,0.14,N,5,0
36253,29,105000,MORTGAGE,3.0,HOMEIMPROVEMENT,C,20000,12.87,0.19,Y,8,0
36254,25,36396,RENT,9.0,EDUCATION,A,5000,5.42,0.14,N,3,0
36255,24,100000,MORTGAGE,4.0,MEDICAL,A,10000,5.79,0.1,N,4,0
36256,33,113800,RENT,8.0,VENTURE,B,5000,11.83,0.04,N,10,0
36257,23,18000,RENT,1.0,PERSONAL,D,7500,15.31,0.44,N,3,1
36258,27,54996,OTHER,11.0,PERSONAL,A,5500,9.32,0.1,N,8,0
36259,22,38000,RENT,3.0,DEBTCONSOLIDATION,A,11000,8.94,0.29,N,2,0
36260,24,72000,MORTGAGE,7.0,PERSONAL,A,6000,5.42,0.08,N,2,0
36261,23,40000,MORTGAGE,4.0,PERSONAL,A,10000,8.94,0.25,N,2,0
36262,29,180000,MORTGAGE,2.0,MEDICAL,A,12000,7.88,0.07,N,8,0
36263,31,120000,MORTGAGE,3.0,MEDICAL,A,10000,5.42,0.08,N,10,0
36264,42,108639,MORTGAGE,2.0,DEBTCONSOLIDATION,B,18000,9.99,0.17,N,15,0
36265,25,54000,MORTGAGE,4.0,HOMEIMPROVEMENT,B,5200,10.08,0.1,N,3,0
36266,32,74000,MORTGAGE,5.0,HOMEIMPROVEMENT,C,2400,12.99,0.03,Y,5,0
36267,28,95000,MORTGAGE,12.0,EDUCATION,A,20000,7.88,0.21,N,8,0
36268,23,42000,MORTGAGE,3.0,VENTURE,A,10000,5.99,0.24,N,4,0
36269,36,250000,MORTGAGE,2.0,EDUCATION,A,4000,7.14,0.02,N,12,0
36270,30,96000,MORTGAGE,4.0,HOMEIMPROVEMENT,D,5000,15.33,0.05,Y,7,0
36271,40,50000,MORTGAGE,6.0,DEBTCONSOLIDATION,B,12000,10.37,0.24,N,14,0
36272,30,63000,MORTGAGE,4.0,EDUCATION,A,4500,7.14,0.07,N,6,0
36273,35,80000,MORTGAGE,6.0,DEBTCONSOLIDATION,B,5000,11.71,0.06,N,10,0
36274,39,78000,RENT,14.0,MEDICAL,B,25000,11.36,0.32,N,12,1
36275,21,15600,OWN,1.0,VENTURE,C,1000,14.65,0.06,Y,3,0
36276,31,60000,MORTGAGE,3.0,VENTURE,A,5000,5.42,0.08,N,9,0
36277,24,25000,MORTGAGE,1.0,DEBTCONSOLIDATION,A,1600,6.76,0.06,N,2,0
36278,22,60000,RENT,7.0,PERSONAL,C,10000,13.57,0.17,Y,3,0
36279,29,60000,OWN,0.0,MEDICAL,A,7000,9.63,0.12,N,6,0
36280,34,73000,MORTGAGE,3.0,HOMEIMPROVEMENT,A,15000,6.54,0.21,N,5,1
36281,29,48000,MORTGAGE,3.0,HOMEIMPROVEMENT,A,10000,7.49,0.21,N,8,0
36282,27,85000,RENT,3.0,HOMEIMPROVEMENT,B,20000,10.25,0.24,N,10,0
36283,26,144600,MORTGAGE,0.0,PERSONAL,A,7000,9.63,0.05,N,3,0
36284,27,130000,MORTGAGE,11.0,VENTURE,B,5000,9.91,0.04,N,9,0
36285,31,72000,RENT,3.0,MEDICAL,B,15000,10.99,0.21,N,9,0
36286,23,40000,RENT,5.0,VENTURE,A,4500,7.49,0.11,N,3,0
36287,24,38000,MORTGAGE,8.0,PERSONAL,C,12000,12.99,0.32,Y,3,0
36288,24,65000,RENT,0.0,MEDICAL,A,7000,7.88,0.11,N,2,0
36289,27,65200,MORTGAGE,5.0,PERSONAL,A,8000,8.94,0.12,N,9,0
36290,22,220000,MORTGAGE,6.0,EDUCATION,B,2500,9.91,0.01,N,3,0
36291,25,65000,RENT,9.0,HOMEIMPROVEMENT,D,10000,16.77,0.15,Y,3,0
36292,23,37000,RENT,8.0,MEDICAL,B,6000,11.71,0.16,N,4,0
36293,27,60000,RENT,0.0,EDUCATION,B,20000,12.53,0.33,N,5,1
36294,22,55000,RENT,1.0,DEBTCONSOLIDATION,A,8000,7.9,0.15,N,2,0
36295,21,114000,MORTGAGE,5.0,VENTURE,B,7500,9.76,0.07,N,3,0
36296,28,105804,RENT,4.0,HOMEIMPROVEMENT,E,20000,17.74,0.19,N,5,0
36297,23,85000,RENT,5.0,EDUCATION,B,2500,10.99,0.03,N,2,0
36298,26,35000,RENT,0.0,MEDICAL,A,5100,9.63,0.15,N,3,0
36299,21,35000,RENT,3.0,PERSONAL,A,2500,5.42,0.07,N,3,0
36300,23,29916,RENT,2.0,VENTURE,D,6000,15.65,0.2,N,4,1
36301,25,90000,RENT,6.0,EDUCATION,C,10000,12.61,0.11,N,3,0
36302,29,48000,RENT,4.0,EDUCATION,B,5000,12.42,0.1,N,9,0
36303,31,30000,MORTGAGE,5.0,HOMEIMPROVEMENT,B,5000,10.36,0.17,N,7,0
36304,23,83200,MORTGAGE,7.0,EDUCATION,A,5000,7.51,0.06,N,2,0
36305,23,160000,MORTGAGE,4.0,DEBTCONSOLIDATION,B,25000,11.49,0.16,N,2,0
36306,26,36000,RENT,0.0,EDUCATION,A,6000,8.9,0.17,N,4,0
36307,23,62690,MORTGAGE,7.0,EDUCATION,B,4400,11.71,0.07,N,2,0
36308,27,35000,RENT,2.0,PERSONAL,B,5500,9.99,0.15,N,9,0
36309,31,40000,RENT,5.0,PERSONAL,A,14000,6.03,0.35,N,6,1
36310,26,40000,RENT,2.0,VENTURE,B,7300,10.65,0.19,N,3,0
36311,37,215000,RENT,2.0,HOMEIMPROVEMENT,A,6000,7.51,0.03,N,16,0
36312,35,28800,RENT,0.0,VENTURE,A,6500,6.17,0.23,N,7,0
36313,32,30000,RENT,4.0,PERSONAL,B,2400,12.42,0.08,N,8,0
36314,23,75000,RENT,2.0,DEBTCONSOLIDATION,B,7000,9.91,0.09,N,2,0
36315,23,139992,RENT,1.0,MEDICAL,B,16000,9.63,0.12,N,4,0
36316,24,108000,RENT,1.0,HOMEIMPROVEMENT,A,10000,7.66,0.09,N,3,0
36317,26,90000,MORTGAGE,0.0,HOMEIMPROVEMENT,B,25000,11.36,0.28,N,4,0
36318,39,60000,OWN,0.0,PERSONAL,B,7200,9.99,0.12,N,14,0
36319,23,30000,MORTGAGE,7.0,DEBTCONSOLIDATION,B,10000,11.71,0.33,N,3,0
36320,35,50000,RENT,2.0,DEBTCONSOLIDATION,A,18000,6.54,0.37,N,6,1
36321,22,120000,MORTGAGE,4.0,EDUCATION,A,7000,7.49,0.06,N,2,0
36322,23,33000,MORTGAGE,8.0,MEDICAL,G,12000,19.82,0.36,N,4,1
36323,26,54000,RENT,2.0,EDUCATION,E,5000,15.13,0.09,N,2,1
36324,28,90000,MORTGAGE,4.0,DEBTCONSOLIDATION,A,10000,7.14,0.11,N,5,0
36325,32,240000,MORTGAGE,2.0,MEDICAL,C,15000,12.99,0.06,Y,10,0
36326,32,45000,RENT,16.0,DEBTCONSOLIDATION,A,6000,7.49,0.12,N,8,0
36327,23,85272,RENT,7.0,VENTURE,A,5000,11.11,0.06,N,4,0
36328,31,80000,RENT,6.0,HOMEIMPROVEMENT,C,16000,13.22,0.2,N,7,0
36329,26,99518,MORTGAGE,10.0,HOMEIMPROVEMENT,A,4500,7.74,0.05,N,3,0
36330,24,69996,RENT,1.0,EDUCATION,B,15000,11.89,0.21,N,3,0
36331,38,80000,MORTGAGE,5.0,PERSONAL,A,8000,5.99,0.1,N,13,0
36332,24,78513,RENT,0.0,MEDICAL,C,10000,11.03,0.13,Y,2,0
36333,23,25000,OTHER,0.0,EDUCATION,B,7000,11.48,0.28,N,2,0
36334,27,40000,MORTGAGE,6.0,HOMEIMPROVEMENT,B,6000,11.99,0.15,N,9,0
36335,24,50000,MORTGAGE,7.0,EDUCATION,A,18650,7.9,0.37,N,2,0
36336,23,70000,MORTGAGE,7.0,VENTURE,A,3000,7.51,0.04,N,3,0
36337,32,65004,RENT,16.0,PERSONAL,B,15000,10.99,0.23,N,7,0
36338,27,150000,MORTGAGE,11.0,VENTURE,A,6000,6.99,0.04,N,7,0
36339,26,108000,MORTGAGE,10.0,HOMEIMPROVEMENT,D,18000,16.29,0.17,Y,4,1
36340,24,60000,RENT,4.0,PERSONAL,A,7200,7.29,0.12,N,3,0
36341,31,70000,RENT,2.0,VENTURE,B,10000,10.74,0.14,N,7,0
36342,28,74000,MORTGAGE,12.0,VENTURE,A,1000,9.63,0.01,N,5,0
36343,29,50000,OWN,7.0,MEDICAL,C,6600,13.8,0.13,N,6,0
36344,23,138000,RENT,1.0,EDUCATION,D,16000,12.8,0.12,Y,3,1
36345,22,20000,RENT,2.0,MEDICAL,B,5500,12.21,0.26,N,2,0
36346,22,35000,RENT,1.0,MEDICAL,B,2400,11.49,0.07,N,2,0
36347,22,53000,MORTGAGE,5.0,PERSONAL,A,10000,6.99,0.19,N,4,0
36348,26,52000,MORTGAGE,10.0,PERSONAL,A,3600,5.99,0.07,N,3,0
36349,28,75000,MORTGAGE,5.0,HOMEIMPROVEMENT,A,15000,7.88,0.2,N,8,0
36350,22,35000,RENT,3.0,PERSONAL,B,15000,10.99,0.43,N,2,1
36351,24,50000,MORTGAGE,8.0,PERSONAL,A,6000,7.66,0.12,N,2,0
36352,34,29000,OWN,2.0,VENTURE,B,2500,10.99,0.09,N,5,0
36353,26,30000,RENT,4.0,DEBTCONSOLIDATION,C,3000,13.49,0.1,Y,2,1
36354,26,29004,MORTGAGE,7.0,EDUCATION,D,9000,14.11,0.31,N,2,1
36355,39,50000,RENT,3.0,HOMEIMPROVEMENT,A,3000,8.49,0.06,N,15,0
36356,26,64500,MORTGAGE,10.0,EDUCATION,C,5000,14.17,0.07,Y,2,0
36357,28,70000,MORTGAGE,0.0,PERSONAL,C,6000,13.16,0.09,N,9,0
36358,24,65000,RENT,2.0,VENTURE,B,20000,10.25,0.31,N,4,1
36359,28,90000,MORTGAGE,2.0,VENTURE,A,10000,8.49,0.11,N,6,0
36360,25,26000,RENT,4.0,MEDICAL,C,3825,14.27,0.15,N,3,0
36361,25,49000,RENT,4.0,MEDICAL,A,2400,6.92,0.05,N,3,0
36362,24,28800,MORTGAGE,8.0,VENTURE,B,1500,10.62,0.05,N,4,0
36363,28,64755,RENT,2.0,DEBTCONSOLIDATION,B,13200,11.58,0.2,N,6,0
36364,25,40000,RENT,5.0,VENTURE,A,9000,7.9,0.23,N,3,0
36365,28,72000,RENT,0.0,MEDICAL,C,10000,12.87,0.14,N,6,0
36366,30,50000,MORTGAGE,4.0,DEBTCONSOLIDATION,A,6000,6.76,0.12,N,7,0
36367,32,65000,RENT,3.0,HOMEIMPROVEMENT,C,20000,13.8,0.31,Y,10,1
36368,30,90000,MORTGAGE,14.0,PERSONAL,A,6000,7.14,0.07,N,9,0
36369,24,16800,OWN,2.0,HOMEIMPROVEMENT,B,5600,11.99,0.3,N,4,0
36370,29,36000,OWN,0.0,EDUCATION,A,4000,5.42,0.11,N,9,0
36371,30,155867,MORTGAGE,15.0,EDUCATION,C,8000,12.84,0.05,N,3,0
36372,31,30000,RENT,0.0,DEBTCONSOLIDATION,A,3000,7.51,0.1,N,7,0
36373,22,59800,RENT,7.0,EDUCATION,D,9000,16.0,0.15,Y,2,0
36374,28,122000,MORTGAGE,3.0,MEDICAL,D,25000,15.2,0.2,N,8,0
36375,27,85000,MORTGAGE,4.0,MEDICAL,B,35000,10.65,0.41,N,10,0
36376,36,43200,MORTGAGE,5.0,VENTURE,D,7000,14.84,0.16,Y,15,0
36377,25,38000,RENT,3.0,DEBTCONSOLIDATION,B,1500,11.12,0.04,N,3,0
36378,22,42000,MORTGAGE,6.0,EDUCATION,B,2000,11.58,0.05,N,3,0
36379,22,65000,RENT,1.0,PERSONAL,C,8000,13.47,0.12,N,2,0
36380,29,50000,RENT,4.0,MEDICAL,B,12000,9.91,0.24,N,9,0
36381,25,55000,RENT,4.0,DEBTCONSOLIDATION,B,8000,10.37,0.15,N,3,0
36382,33,70000,MORTGAGE,4.0,PERSONAL,A,5600,7.29,0.08,N,6,0
36383,23,39396,MORTGAGE,7.0,EDUCATION,A,7800,6.54,0.21,N,3,0
36384,22,60000,OWN,0.0,VENTURE,A,10000,7.14,0.17,N,3,0
36385,29,70000,RENT,3.0,DEBTCONSOLIDATION,A,5000,8.9,0.07,N,6,0
36386,25,100000,MORTGAGE,4.0,EDUCATION,C,7000,12.98,0.07,N,3,0
36387,39,60000,OWN,5.0,EDUCATION,C,14400,15.96,0.24,N,17,0
36388,25,100000,MORTGAGE,1.0,EDUCATION,B,15000,11.83,0.15,N,2,0
36389,29,68000,RENT,6.0,VENTURE,B,18000,10.65,0.26,N,10,0
36390,34,46800,RENT,3.0,HOMEIMPROVEMENT,A,7000,6.62,0.14,N,10,1
36391,23,29000,RENT,1.0,PERSONAL,B,6000,10.59,0.21,N,2,1
36392,30,60000,MORTGAGE,5.0,PERSONAL,B,10000,11.14,0.17,N,9,0
36393,25,29100,MORTGAGE,1.0,MEDICAL,D,7500,14.54,0.25,Y,2,1
36394,23,24000,RENT,1.0,MEDICAL,B,5000,11.46,0.21,N,2,1
36395,29,101138,RENT,2.0,DEBTCONSOLIDATION,C,20500,13.35,0.2,N,10,0
36396,22,85000,MORTGAGE,6.0,EDUCATION,A,14000,9.07,0.16,N,4,0
36397,32,50000,MORTGAGE,2.0,MEDICAL,A,6000,7.49,0.12,N,5,0
36398,23,40000,RENT,7.0,EDUCATION,C,2000,14.27,0.05,N,2,0
36399,26,40000,MORTGAGE,2.0,MEDICAL,A,2500,7.29,0.06,N,3,0
36400,38,89000,MORTGAGE,3.0,VENTURE,A,10000,7.51,0.11,N,14,0
36401,27,48000,RENT,7.0,PERSONAL,B,15000,10.46,0.31,N,9,1
36402,22,45000,RENT,5.0,EDUCATION,B,4500,10.37,0.1,N,2,0
36403,27,50000,MORTGAGE,2.0,PERSONAL,A,1000,7.29,0.02,N,8,0
36404,29,35000,MORTGAGE,4.0,VENTURE,B,1400,9.91,0.04,N,10,0
36405,23,75000,RENT,4.0,PERSONAL,B,10000,11.99,0.13,N,2,0
36406,23,50000,MORTGAGE,4.0,DEBTCONSOLIDATION,C,8000,13.49,0.16,N,3,0
36407,22,43000,RENT,0.0,EDUCATION,B,4000,10.25,0.09,N,4,0
36408,21,44004,RENT,2.0,MEDICAL,A,10000,5.79,0.23,N,3,0
36409,23,50000,RENT,7.0,DEBTCONSOLIDATION,A,12000,7.88,0.24,N,3,0
36410,24,48000,MORTGAGE,0.0,EDUCATION,B,6000,9.63,0.13,N,4,0
36411,23,65000,RENT,7.0,DEBTCONSOLIDATION,D,20000,15.33,0.31,N,4,1
36412,26,117500,MORTGAGE,0.0,EDUCATION,C,15000,13.47,0.13,Y,2,0
36413,28,60000,MORTGAGE,12.0,HOMEIMPROVEMENT,A,15000,6.03,0.25,N,10,0
36414,36,60000,MORTGAGE,2.0,EDUCATION,A,2500,7.4,0.04,N,16,0
36415,23,55000,MORTGAGE,7.0,EDUCATION,A,4000,5.42,0.07,N,4,0
36416,22,50000,RENT,6.0,PERSONAL,B,6400,9.88,0.13,N,3,0
36417,24,83004,MORTGAGE,8.0,HOMEIMPROVEMENT,B,12000,10.0,0.15,N,4,0
36418,28,65000,RENT,12.0,MEDICAL,C,7000,12.73,0.11,Y,7,0
36419,32,80000,RENT,16.0,HOMEIMPROVEMENT,B,12000,11.49,0.15,N,8,0
36420,23,60000,MORTGAGE,7.0,EDUCATION,B,4000,11.71,0.07,N,4,0
36421,23,30000,RENT,0.0,PERSONAL,B,8000,12.21,0.27,N,2,0
36422,33,155000,MORTGAGE,3.0,MEDICAL,A,20000,6.54,0.13,N,6,0
36423,36,60000,MORTGAGE,3.0,DEBTCONSOLIDATION,A,8000,5.79,0.13,N,16,0
36424,30,42000,MORTGAGE,14.0,HOMEIMPROVEMENT,A,3000,7.43,0.07,N,9,0
36425,21,50000,RENT,5.0,VENTURE,B,3000,10.37,0.06,N,2,0
36426,31,70000,RENT,3.0,VENTURE,A,9500,5.79,0.14,N,9,0
36427,22,45000,RENT,3.0,DEBTCONSOLIDATION,A,5000,7.49,0.11,N,4,0
36428,45,44908,RENT,4.0,HOMEIMPROVEMENT,D,7000,15.58,0.15,Y,15,1
36429,23,42000,MORTGAGE,4.0,PERSONAL,C,8000,13.61,0.19,N,3,0
36430,22,96000,MORTGAGE,6.0,EDUCATION,A,6000,7.9,0.06,N,2,0
36431,23,50000,MORTGAGE,3.0,PERSONAL,C,5500,13.99,0.11,N,3,0
36432,29,47000,RENT,6.0,PERSONAL,C,7000,12.53,0.15,Y,8,0
36433,29,70000,RENT,4.0,EDUCATION,A,8000,8.9,0.11,N,9,0
36434,24,75000,MORTGAGE,8.0,DEBTCONSOLIDATION,C,6000,15.23,0.08,N,4,0
36435,25,50000,OWN,4.0,PERSONAL,A,6000,8.49,0.12,N,2,0
36436,24,60000,RENT,3.0,HOMEIMPROVEMENT,A,7000,6.92,0.12,N,3,0
36437,29,38000,RENT,0.0,PERSONAL,C,6000,12.87,0.16,N,5,0
36438,33,45000,MORTGAGE,5.0,DEBTCONSOLIDATION,C,10000,14.65,0.22,N,6,0
36439,21,32000,RENT,6.0,PERSONAL,B,10000,11.14,0.31,N,4,1
36440,23,45000,RENT,1.0,VENTURE,C,10000,13.49,0.22,N,3,0
36441,38,150000,MORTGAGE,11.0,DEBTCONSOLIDATION,B,8000,10.99,0.05,N,13,0
36442,39,116004,MORTGAGE,5.0,PERSONAL,C,18000,13.99,0.16,Y,17,0
36443,28,72000,MORTGAGE,12.0,HOMEIMPROVEMENT,A,16000,7.88,0.22,N,8,0
36444,26,55000,RENT,10.0,VENTURE,B,4000,11.12,0.07,N,2,0
36445,23,60000,MORTGAGE,3.0,VENTURE,A,4000,6.92,0.07,N,4,0
36446,29,42000,RENT,2.0,VENTURE,B,4000,11.11,0.1,N,7,0
36447,24,90000,RENT,5.0,HOMEIMPROVEMENT,A,15000,7.9,0.17,N,2,0
36448,22,45000,RENT,3.0,VENTURE,B,17500,10.25,0.39,N,2,0
36449,25,46000,MORTGAGE,4.0,VENTURE,A,10000,6.03,0.22,N,3,0
36450,21,123000,MORTGAGE,5.0,DEBTCONSOLIDATION,B,12000,11.71,0.1,N,2,0
36451,21,70000,MORTGAGE,5.0,EDUCATION,B,25000,11.71,0.35,N,2,0
36452,24,55000,MORTGAGE,3.0,DEBTCONSOLIDATION,B,20000,11.71,0.36,N,3,0
36453,58,25000,RENT,1.0,DEBTCONSOLIDATION,D,3000,15.33,0.12,N,29,1
36454,38,54000,MORTGAGE,1.0,HOMEIMPROVEMENT,A,3000,7.9,0.06,N,11,0
36455,46,140000,MORTGAGE,14.0,VENTURE,C,16000,13.79,0.11,N,16,0
36456,38,40000,RENT,2.0,DEBTCONSOLIDATION,C,10000,13.22,0.25,N,17,0
36457,30,52000,MORTGAGE,5.0,MEDICAL,B,15000,10.38,0.29,N,5,0
36458,28,87500,RENT,2.0,MEDICAL,B,6000,10.75,0.07,N,10,0
36459,23,16800,RENT,2.0,HOMEIMPROVEMENT,D,3250,14.84,0.2,Y,4,1
36460,22,59000,RENT,3.0,EDUCATION,C,14000,12.73,0.24,N,4,0
36461,38,80000,MORTGAGE,18.0,PERSONAL,B,6000,11.99,0.07,N,11,0
36462,23,80750,RENT,1.0,MEDICAL,E,24000,17.39,0.25,Y,2,1
36463,29,32004,RENT,1.0,MEDICAL,C,7500,13.22,0.27,Y,7,0
36464,37,70000,RENT,0.0,EDUCATION,C,20000,14.65,0.28,Y,11,0
36465,29,70000,MORTGAGE,4.0,DEBTCONSOLIDATION,A,5000,6.03,0.07,N,9,0
36466,24,90000,RENT,0.0,MEDICAL,C,12000,14.26,0.13,Y,2,0
36467,22,48500,RENT,0.0,VENTURE,C,20000,12.41,0.41,Y,2,1
36468,25,30000,RENT,0.0,DEBTCONSOLIDATION,D,3600,15.95,0.12,N,2,1
36469,30,45000,RENT,2.0,EDUCATION,B,3500,11.49,0.08,N,5,0
36470,23,28150,RENT,0.0,MEDICAL,B,1600,10.59,0.06,N,3,0
36471,22,60000,RENT,4.0,DEBTCONSOLIDATION,B,8000,10.0,0.13,N,4,0
36472,42,40000,OWN,6.0,PERSONAL,A,6000,5.42,0.15,N,16,0
36473,22,90000,MORTGAGE,6.0,MEDICAL,A,12000,7.51,0.13,N,3,0
36474,27,70000,RENT,3.0,DEBTCONSOLIDATION,C,6000,13.49,0.09,Y,7,0
36475,31,140000,MORTGAGE,0.0,VENTURE,D,25000,16.02,0.18,Y,9,0
36476,31,24000,RENT,1.0,MEDICAL,B,7500,11.14,0.33,N,5,1
36477,27,75000,MORTGAGE,6.0,DEBTCONSOLIDATION,C,10000,13.48,0.13,N,10,0
36478,26,80000,RENT,0.0,EDUCATION,A,4975,6.76,0.06,N,2,0
36479,26,40000,RENT,0.0,DEBTCONSOLIDATION,B,8000,12.42,0.2,N,2,0
36480,22,40000,RENT,1.0,EDUCATION,A,2800,7.49,0.07,N,2,0
36481,22,69867,MORTGAGE,6.0,EDUCATION,A,13000,7.51,0.19,N,2,0
36482,25,25000,RENT,1.0,EDUCATION,B,2400,11.48,0.1,N,2,0
36483,21,87000,MORTGAGE,5.0,DEBTCONSOLIDATION,B,10000,9.99,0.11,N,2,0
36484,21,50000,OWN,0.0,VENTURE,A,14000,6.92,0.28,N,2,0
36485,25,85000,RENT,9.0,PERSONAL,B,12000,10.65,0.14,N,3,0
36486,23,25000,OWN,7.0,VENTURE,A,4800,7.14,0.19,N,2,0
36487,24,35004,MORTGAGE,2.0,DEBTCONSOLIDATION,B,7200,11.49,0.21,N,3,0
36488,23,68000,OWN,2.0,MEDICAL,A,15000,8.49,0.22,N,2,0
36489,23,62000,MORTGAGE,8.0,VENTURE,A,12500,6.03,0.2,N,2,0
36490,50,35000,MORTGAGE,1.0,DEBTCONSOLIDATION,A,4000,9.32,0.11,N,12,0
36491,23,40000,RENT,7.0,EDUCATION,B,5000,9.99,0.13,N,3,0
36492,23,30000,MORTGAGE,3.0,EDUCATION,A,10000,7.88,0.33,N,2,0
36493,22,24000,RENT,1.0,VENTURE,B,5000,10.59,0.21,N,4,0
36494,38,60000,RENT,0.0,DEBTCONSOLIDATION,C,5000,13.72,0.08,Y,11,0
36495,27,34000,RENT,7.0,MEDICAL,B,10000,12.69,0.29,N,7,0
36496,24,176000,MORTGAGE,6.0,EDUCATION,A,3000,6.91,0.01,N,3,0
36497,22,45000,MORTGAGE,6.0,EDUCATION,A,3000,6.92,0.07,N,2,0
36498,26,26400,OWN,6.0,HOMEIMPROVEMENT,B,4750,9.91,0.18,N,3,0
36499,22,55000,MORTGAGE,4.0,MEDICAL,A,4000,5.79,0.07,N,4,0
36500,21,48720,MORTGAGE,5.0,DEBTCONSOLIDATION,B,10000,12.42,0.21,N,3,0
36501,29,47000,MORTGAGE,13.0,EDUCATION,A,8000,8.0,0.17,N,5,0
36502,23,45000,RENT,2.0,VENTURE,B,1500,11.36,0.03,N,4,0
36503,32,36000,RENT,4.0,PERSONAL,A,9600,7.49,0.27,N,6,0
36504,40,60000,RENT,2.0,VENTURE,C,10000,13.43,0.17,Y,14,0
36505,24,85000,RENT,4.0,VENTURE,B,20000,10.65,0.24,N,4,0
36506,23,80000,MORTGAGE,5.0,EDUCATION,B,17000,11.14,0.21,N,2,0
36507,35,36000,MORTGAGE,2.0,DEBTCONSOLIDATION,B,14500,10.25,0.4,N,7,0
36508,28,80400,RENT,4.0,MEDICAL,A,9000,7.14,0.11,N,5,0
36509,32,39000,RENT,2.0,MEDICAL,C,4000,13.99,0.1,Y,9,1
36510,24,53000,MORTGAGE,7.0,PERSONAL,C,6000,13.99,0.11,N,3,0
36511,53,33600,OWN,0.0,PERSONAL,C,5000,13.99,0.15,Y,22,0
36512,24,59000,MORTGAGE,8.0,DEBTCONSOLIDATION,D,10000,14.83,0.17,N,2,1
36513,37,24000,OWN,3.0,PERSONAL,C,3000,14.72,0.13,N,11,0
36514,32,125000,MORTGAGE,4.0,MEDICAL,B,6800,9.91,0.06,N,7,0
36515,24,25004,RENT,2.0,VENTURE,B,2550,12.21,0.1,N,4,0
36516,22,24000,RENT,0.0,PERSONAL,D,2800,15.21,0.12,Y,3,1
36517,25,38000,RENT,0.0,PERSONAL,A,5000,7.75,0.13,N,3,0
36518,26,78000,RENT,2.0,PERSONAL,B,25000,12.18,0.32,N,4,1
36519,32,95000,MORTGAGE,9.0,EDUCATION,B,21000,10.25,0.22,N,8,0
36520,26,80000,OWN,10.0,PERSONAL,A,7000,6.62,0.09,N,2,0
36521,27,48000,RENT,7.0,PERSONAL,A,5000,6.99,0.1,N,10,0
36522,25,30000,RENT,9.0,DEBTCONSOLIDATION,C,13000,13.99,0.43,Y,4,1
36523,25,31800,RENT,2.0,VENTURE,B,8000,10.71,0.23,N,2,1
36524,24,80000,MORTGAGE,8.0,PERSONAL,A,5000,7.66,0.06,N,2,0
36525,23,58000,RENT,7.0,EDUCATION,C,4800,13.98,0.08,Y,3,0
36526,43,36000,OWN,4.0,EDUCATION,A,5000,6.99,0.14,N,16,0
36527,27,70000,MORTGAGE,0.0,VENTURE,C,8000,14.65,0.11,N,6,0
36528,22,35004,RENT,0.0,PERSONAL,C,3500,14.72,0.1,Y,4,0
36529,23,90000,MORTGAGE,3.0,EDUCATION,B,10000,12.53,0.11,N,2,0
36530,38,140000,MORTGAGE,5.0,HOMEIMPROVEMENT,A,24000,5.99,0.17,N,13,0
36531,22,78000,MORTGAGE,6.0,MEDICAL,C,12000,13.85,0.15,Y,3,0
36532,35,43800,OWN,6.0,VENTURE,A,4800,7.51,0.11,N,10,0
36533,34,45000,RENT,1.0,MEDICAL,B,7800,9.99,0.17,N,7,0
36534,25,40000,MORTGAGE,2.0,EDUCATION,B,8000,10.95,0.2,N,4,0
36535,33,267000,MORTGAGE,12.0,HOMEIMPROVEMENT,B,21000,10.65,0.08,N,7,0
36536,21,14400,RENT,0.0,MEDICAL,C,2800,13.11,0.2,Y,3,1
36537,21,30000,RENT,0.0,PERSONAL,A,7000,9.63,0.23,N,3,0
36538,29,121500,MORTGAGE,13.0,HOMEIMPROVEMENT,A,6000,8.94,0.05,N,7,0
36539,23,80000,RENT,7.0,EDUCATION,B,12800,12.42,0.16,N,3,0
36540,32,60000,RENT,4.0,MEDICAL,A,12000,6.03,0.2,N,9,0
36541,29,84000,MORTGAGE,13.0,VENTURE,A,6500,5.42,0.08,N,9,0
36542,25,65000,MORTGAGE,6.0,MEDICAL,B,16000,10.75,0.25,N,2,0
36543,29,50000,RENT,13.0,MEDICAL,C,15000,13.98,0.3,Y,7,0
36544,21,39000,MORTGAGE,5.0,MEDICAL,A,5000,7.14,0.13,N,3,0
36545,35,50000,RENT,0.0,DEBTCONSOLIDATION,B,12000,10.25,0.24,N,7,0
36546,33,24000,RENT,5.0,PERSONAL,A,4500,7.91,0.19,N,5,0
36547,33,70000,RENT,17.0,PERSONAL,C,35000,14.27,0.5,Y,8,1
36548,26,71040,MORTGAGE,1.0,VENTURE,A,7000,5.79,0.1,N,3,0
36549,29,48000,RENT,6.0,MEDICAL,C,1000,13.49,0.02,N,8,0
36550,28,24000,OWN,4.0,HOMEIMPROVEMENT,D,6000,14.42,0.25,N,5,0
36551,28,60000,MORTGAGE,12.0,PERSONAL,D,10000,15.33,0.17,N,5,0
36552,31,24000,RENT,5.0,MEDICAL,A,3500,5.99,0.15,N,9,0
36553,33,55000,MORTGAGE,13.0,PERSONAL,B,3200,12.69,0.06,N,9,0
36554,21,24000,RENT,0.0,EDUCATION,C,8000,13.23,0.33,N,3,1
36555,23,30000,RENT,3.0,EDUCATION,A,2000,6.62,0.07,N,2,1
36556,41,52000,RENT,0.0,MEDICAL,A,10000,8.94,0.19,N,12,0
36557,41,66000,RENT,2.0,HOMEIMPROVEMENT,B,25000,10.25,0.38,N,14,1
36558,22,36000,RENT,2.0,DEBTCONSOLIDATION,D,12250,16.0,0.35,Y,3,1
36559,27,38000,MORTGAGE,11.0,HOMEIMPROVEMENT,A,11000,6.99,0.29,N,8,0
36560,26,52800,RENT,1.0,DEBTCONSOLIDATION,A,11400,7.9,0.22,N,3,0
36561,23,49000,RENT,7.0,PERSONAL,B,5000,11.71,0.1,N,3,1
36562,23,65000,MORTGAGE,7.0,DEBTCONSOLIDATION,A,4800,6.76,0.07,N,2,0
36563,28,40000,MORTGAGE,2.0,HOMEIMPROVEMENT,A,15000,7.9,0.38,N,9,0
36564,32,120000,MORTGAGE,10.0,HOMEIMPROVEMENT,B,11050,12.69,0.09,N,5,0
36565,22,80000,MORTGAGE,7.0,DEBTCONSOLIDATION,B,15000,12.21,0.19,N,2,0
36566,24,70000,MORTGAGE,8.0,HOMEIMPROVEMENT,A,4000,5.42,0.06,N,3,0
36567,24,50000,OWN,4.0,VENTURE,B,6000,12.69,0.12,N,4,0
36568,23,30000,OWN,5.0,EDUCATION,A,5000,8.59,0.17,N,4,0
36569,24,40000,RENT,3.0,EDUCATION,A,9000,8.94,0.23,N,2,0
36570,31,60000,MORTGAGE,4.0,VENTURE,D,8000,15.62,0.13,Y,5,0
36571,21,40000,MORTGAGE,5.0,VENTURE,A,1500,8.9,0.04,N,3,0
36572,23,62690,MORTGAGE,6.0,VENTURE,A,4800,7.14,0.07,N,3,0
36573,28,51000,OWN,12.0,EDUCATION,A,1500,7.74,0.03,N,9,0
36574,23,42000,RENT,7.0,EDUCATION,A,12000,7.88,0.29,N,2,0
36575,22,100000,MORTGAGE,6.0,EDUCATION,A,5000,7.88,0.05,N,3,0
36576,25,30000,MORTGAGE,9.0,HOMEIMPROVEMENT,A,1000,5.42,0.03,N,4,0
36577,30,54400,OWN,12.0,MEDICAL,D,7000,15.99,0.11,Y,9,1
36578,43,62000,MORTGAGE,6.0,EDUCATION,A,5000,6.92,0.08,N,14,0
36579,26,36000,RENT,5.0,MEDICAL,C,10000,13.85,0.28,N,2,0
36580,28,122004,MORTGAGE,12.0,PERSONAL,A,15000,8.59,0.13,N,10,0
36581,22,41000,MORTGAGE,7.0,DEBTCONSOLIDATION,B,7200,11.71,0.18,N,2,0
36582,25,60000,MORTGAGE,3.0,DEBTCONSOLIDATION,A,7000,7.14,0.12,N,4,0
36583,22,42000,OWN,0.0,VENTURE,B,3500,11.58,0.08,N,4,0
36584,28,50000,MORTGAGE,7.0,PERSONAL,A,3600,6.99,0.07,N,9,0
36585,27,60000,RENT,6.0,DEBTCONSOLIDATION,C,5000,12.99,0.08,N,7,0
36586,24,80000,MORTGAGE,6.0,VENTURE,B,12000,10.99,0.15,N,3,0
36587,27,38000,RENT,3.0,DEBTCONSOLIDATION,B,8000,11.36,0.21,N,8,0
36588,23,30000,RENT,0.0,EDUCATION,B,4800,12.42,0.16,N,4,0
36589,32,70000,MORTGAGE,3.0,PERSONAL,A,7000,7.14,0.1,N,5,0
36590,26,30000,RENT,3.0,MEDICAL,D,6000,15.99,0.2,N,2,1
36591,24,31000,RENT,3.0,DEBTCONSOLIDATION,D,12000,14.42,0.39,N,4,1
36592,36,48000,RENT,2.0,MEDICAL,B,3000,10.37,0.06,N,16,0
36593,25,37200,RENT,4.0,HOMEIMPROVEMENT,C,7200,13.49,0.19,N,3,1
36594,25,59004,RENT,5.0,DEBTCONSOLIDATION,C,20000,13.79,0.34,N,4,1
36595,36,233000,MORTGAGE,6.0,VENTURE,B,15000,11.83,0.06,N,13,0
36596,22,51000,RENT,6.0,DEBTCONSOLIDATION,A,8000,9.63,0.16,N,3,1
36597,27,96000,MORTGAGE,0.0,HOMEIMPROVEMENT,C,4000,13.43,0.04,N,9,0
36598,28,95827,MORTGAGE,11.0,EDUCATION,E,15000,14.5,0.16,N,5,0
36599,23,88000,MORTGAGE,7.0,PERSONAL,A,14000,7.88,0.16,N,4,0
36600,23,42000,RENT,2.0,EDUCATION,A,3000,7.29,0.07,N,3,0
36601,23,27000,RENT,2.0,VENTURE,B,6000,10.0,0.22,N,4,0
36602,26,46000,RENT,6.0,DEBTCONSOLIDATION,C,11000,13.79,0.23,N,2,0
36603,26,46000,MORTGAGE,6.0,MEDICAL,C,9000,13.22,0.2,N,4,1
36604,34,60000,MORTGAGE,7.0,PERSONAL,A,6000,7.29,0.1,N,6,0
36605,25,31200,RENT,0.0,DEBTCONSOLIDATION,D,9250,14.59,0.3,N,4,1
36606,23,47000,RENT,7.0,PERSONAL,A,15000,7.66,0.32,N,3,1
36607,31,36000,MORTGAGE,8.0,EDUCATION,A,6400,6.92,0.18,N,9,0
36608,41,41000,RENT,0.0,MEDICAL,C,4000,12.87,0.1,Y,16,0
36609,24,70000,RENT,4.0,DEBTCONSOLIDATION,A,6400,7.68,0.09,N,2,0
36610,39,65000,MORTGAGE,14.0,HOMEIMPROVEMENT,D,3000,15.33,0.05,Y,14,0
36611,33,40000,RENT,14.0,MEDICAL,A,14000,6.62,0.36,N,9,1
36612,23,52000,RENT,7.0,MEDICAL,A,8000,7.51,0.15,N,3,0
36613,23,52000,RENT,7.0,VENTURE,C,2500,13.79,0.05,Y,4,0
36614,24,80000,RENT,3.0,HOMEIMPROVEMENT,A,6400,7.88,0.08,N,2,0
36615,43,108366,RENT,20.0,HOMEIMPROVEMENT,B,30000,11.11,0.27,N,16,1
36616,24,45400,RENT,7.0,DEBTCONSOLIDATION,A,5000,7.51,0.11,N,2,1
36617,37,60000,MORTGAGE,11.0,VENTURE,C,5000,12.99,0.08,N,15,0
36618,26,62000,RENT,3.0,EDUCATION,A,8000,6.76,0.13,N,2,0
36619,29,63000,MORTGAGE,7.0,DEBTCONSOLIDATION,A,11200,8.49,0.18,N,7,0
36620,23,75000,MORTGAGE,4.0,VENTURE,C,15000,12.73,0.2,Y,3,0
36621,24,66500,RENT,0.0,DEBTCONSOLIDATION,B,15000,11.99,0.23,N,3,0
36622,24,72444,MORTGAGE,8.0,HOMEIMPROVEMENT,B,22650,10.65,0.31,N,2,0
36623,29,29496,RENT,5.0,MEDICAL,B,5500,11.11,0.18,N,7,0
36624,21,50000,RENT,5.0,DEBTCONSOLIDATION,B,6000,10.75,0.12,N,4,0
36625,24,50000,MORTGAGE,0.0,PERSONAL,A,7000,9.32,0.14,N,3,0
36626,22,70000,RENT,5.0,EDUCATION,B,20000,12.21,0.29,N,3,0
36627,33,25000,RENT,8.0,PERSONAL,B,8500,12.21,0.34,N,8,1
36628,25,38400,RENT,9.0,MEDICAL,D,10000,15.62,0.26,Y,2,0
36629,23,50400,MORTGAGE,7.0,EDUCATION,A,12000,7.88,0.24,N,3,0
36630,27,37000,RENT,5.0,EDUCATION,C,8000,15.23,0.22,Y,7,0
36631,23,39000,RENT,0.0,MEDICAL,C,3000,13.48,0.08,N,3,0
36632,48,37048,RENT,4.0,DEBTCONSOLIDATION,B,2375,12.42,0.07,N,11,0
36633,26,67000,RENT,2.0,EDUCATION,A,10000,6.62,0.15,N,3,0
36634,24,33000,RENT,1.0,DEBTCONSOLIDATION,B,5000,11.99,0.15,N,2,0
36635,28,84000,RENT,4.0,DEBTCONSOLIDATION,B,6000,11.71,0.07,N,6,0
36636,49,102000,MORTGAGE,1.0,PERSONAL,A,14400,9.63,0.14,N,17,0
36637,28,90000,RENT,3.0,MEDICAL,C,5500,12.98,0.06,Y,9,0
36638,22,48000,RENT,3.0,EDUCATION,A,3000,7.51,0.06,N,3,0
36639,23,70000,MORTGAGE,1.0,DEBTCONSOLIDATION,A,10000,7.29,0.14,N,4,0
36640,22,58000,MORTGAGE,6.0,PERSONAL,B,10000,9.91,0.17,N,3,0
36641,42,20400,RENT,3.0,MEDICAL,C,2000,13.49,0.1,Y,12,0
36642,23,55000,RENT,7.0,DEBTCONSOLIDATION,C,10000,12.73,0.18,N,2,0
36643,22,73000,MORTGAGE,0.0,EDUCATION,D,3000,16.32,0.04,Y,2,1
36644,21,50000,RENT,5.0,EDUCATION,A,5000,7.88,0.1,N,2,0
36645,31,87000,RENT,15.0,HOMEIMPROVEMENT,A,15000,6.03,0.17,N,7,0
36646,27,120000,MORTGAGE,11.0,VENTURE,B,16000,11.49,0.13,N,5,0
36647,23,50000,RENT,0.0,DEBTCONSOLIDATION,B,15000,10.59,0.3,N,2,0
36648,22,49200,MORTGAGE,4.0,EDUCATION,A,4000,7.51,0.08,N,3,0
36649,42,82000,RENT,0.0,MEDICAL,C,10000,12.99,0.12,Y,12,0
36650,29,30000,RENT,2.0,MEDICAL,E,2400,18.79,0.08,Y,8,1
36651,34,30000,RENT,2.0,MEDICAL,B,14000,12.42,0.47,N,8,1
36652,29,58000,MORTGAGE,2.0,MEDICAL,A,6000,7.88,0.1,N,7,0
36653,24,65200,MORTGAGE,3.0,DEBTCONSOLIDATION,A,7000,8.0,0.11,N,2,0
36654,23,36000,RENT,1.0,EDUCATION,B,12000,11.71,0.33,N,4,1
36655,23,70000,MORTGAGE,7.0,PERSONAL,B,8000,11.12,0.11,N,3,0
36656,29,95000,MORTGAGE,7.0,PERSONAL,B,20000,10.62,0.21,N,8,0
36657,28,38000,RENT,0.0,DEBTCONSOLIDATION,A,3500,5.42,0.09,N,10,0
36658,25,35000,MORTGAGE,2.0,DEBTCONSOLIDATION,A,3600,8.94,0.1,N,2,0
36659,40,120000,MORTGAGE,9.0,PERSONAL,B,25000,10.75,0.21,N,12,0
36660,25,62393,RENT,6.0,MEDICAL,D,25000,15.65,0.39,Y,4,1
36661,21,15600,RENT,0.0,DEBTCONSOLIDATION,A,2000,7.29,0.13,N,2,0
36662,24,75000,MORTGAGE,6.0,EDUCATION,B,25000,10.99,0.33,N,4,0
36663,31,66500,OWN,3.0,VENTURE,C,10000,13.23,0.15,N,8,0
36664,22,120000,MORTGAGE,2.0,PERSONAL,A,12000,7.29,0.1,N,4,0
36665,22,33000,MORTGAGE,3.0,EDUCATION,B,12000,12.69,0.35,N,2,0
36666,24,33600,RENT,5.0,PERSONAL,B,5000,11.49,0.15,N,2,0
36667,27,104000,RENT,2.0,VENTURE,A,10000,8.94,0.1,N,7,0
36668,28,46000,RENT,5.0,MEDICAL,C,20000,14.27,0.43,N,5,1
36669,28,67000,MORTGAGE,11.0,HOMEIMPROVEMENT,A,10750,7.14,0.16,N,5,0
36670,27,71400,RENT,6.0,HOMEIMPROVEMENT,B,5000,11.12,0.07,N,6,0
36671,42,32000,OWN,26.0,PERSONAL,A,4000,7.66,0.13,N,2,0
36672,21,40000,RENT,4.0,DEBTCONSOLIDATION,C,4000,13.61,0.1,N,2,0
36673,22,45000,RENT,6.0,VENTURE,A,4800,5.42,0.11,N,4,0
36674,28,75000,RENT,5.0,HOMEIMPROVEMENT,B,8800,10.65,0.11,N,5,0
36675,32,51400,RENT,16.0,EDUCATION,A,10000,7.51,0.19,N,5,0
36676,33,100000,MORTGAGE,8.0,EDUCATION,C,20000,13.06,0.2,N,9,0
36677,27,67500,RENT,11.0,HOMEIMPROVEMENT,B,7500,10.37,0.11,N,5,0
36678,22,63000,MORTGAGE,6.0,MEDICAL,B,4000,10.59,0.06,N,3,0
36679,35,45000,MORTGAGE,6.0,EDUCATION,A,6000,6.99,0.13,N,5,0
36680,32,60000,MORTGAGE,16.0,MEDICAL,C,8000,13.49,0.13,Y,7,0
36681,30,54000,RENT,9.0,VENTURE,B,1500,11.48,0.03,N,7,0
36682,21,24000,RENT,0.0,MEDICAL,C,3000,14.27,0.13,Y,4,0
36683,30,90000,RENT,4.0,EDUCATION,A,8000,7.51,0.09,N,10,0
36684,26,88000,MORTGAGE,1.0,HOMEIMPROVEMENT,B,15000,11.89,0.17,N,2,0
36685,25,65000,MORTGAGE,7.0,PERSONAL,B,5000,10.99,0.08,N,4,0
36686,27,45000,MORTGAGE,11.0,VENTURE,B,5000,11.36,0.11,N,5,0
36687,22,50000,OWN,6.0,EDUCATION,A,4800,7.88,0.1,N,2,0
36688,28,48000,RENT,3.0,VENTURE,A,12000,5.79,0.25,N,10,0
36689,42,110000,MORTGAGE,18.0,HOMEIMPROVEMENT,A,10000,7.9,0.09,N,17,0
36690,37,50000,RENT,1.0,EDUCATION,A,13000,7.51,0.26,N,15,0
36691,27,80000,MORTGAGE,5.0,DEBTCONSOLIDATION,B,25000,10.75,0.31,N,10,0
36692,29,140000,MORTGAGE,13.0,HOMEIMPROVEMENT,A,6000,6.62,0.04,N,7,0
36693,29,55000,RENT,0.0,MEDICAL,C,12000,13.85,0.22,N,8,0
36694,30,75000,RENT,2.0,PERSONAL,A,11000,8.94,0.15,N,9,0
36695,27,50004,MORTGAGE,11.0,VENTURE,B,6000,10.0,0.12,N,9,0
36696,28,42000,MORTGAGE,3.0,DEBTCONSOLIDATION,B,3000,10.99,0.07,N,6,0
36697,25,85000,OWN,7.0,MEDICAL,A,12000,6.62,0.14,N,3,0
36698,34,20000,RENT,0.0,MEDICAL,B,4725,10.37,0.24,N,7,0
36699,41,48000,MORTGAGE,23.0,PERSONAL,A,7000,8.59,0.15,N,17,0
36700,31,30000,RENT,3.0,HOMEIMPROVEMENT,C,7000,14.79,0.23,N,5,1
36701,27,28800,OWN,3.0,MEDICAL,A,9000,6.03,0.31,N,5,1
36702,22,90000,MORTGAGE,6.0,PERSONAL,B,20000,11.99,0.22,N,3,0
36703,22,43000,RENT,5.0,PERSONAL,D,9000,14.84,0.21,N,2,0
36704,26,140000,MORTGAGE,8.0,EDUCATION,C,35000,13.8,0.25,N,2,0
36705,24,75000,MORTGAGE,0.0,EDUCATION,A,12000,6.92,0.16,N,4,0
36706,22,45000,RENT,0.0,EDUCATION,C,10200,14.35,0.22,N,3,0
36707,33,40000,RENT,0.0,DEBTCONSOLIDATION,B,6000,10.99,0.15,N,7,0
36708,22,55000,RENT,6.0,PERSONAL,D,3000,15.33,0.05,Y,2,0
36709,28,44000,RENT,2.0,DEBTCONSOLIDATION,D,10000,14.11,0.23,N,10,1
36710,23,75000,RENT,2.0,MEDICAL,B,4000,11.83,0.05,N,3,0
36711,21,48000,MORTGAGE,5.0,VENTURE,A,10000,7.51,0.21,N,2,0
36712,22,70000,RENT,6.0,PERSONAL,A,7500,7.88,0.11,N,3,0
36713,24,68480,RENT,6.0,HOMEIMPROVEMENT,B,2800,10.99,0.04,N,4,0
36714,30,77000,MORTGAGE,14.0,PERSONAL,A,10000,7.51,0.13,N,8,0
36715,30,67000,MORTGAGE,14.0,DEBTCONSOLIDATION,B,10000,12.21,0.15,N,5,0
36716,29,44000,MORTGAGE,4.0,PERSONAL,C,8000,14.65,0.18,N,6,0
36717,32,62000,MORTGAGE,2.0,EDUCATION,B,28000,10.99,0.45,N,9,1
36718,25,54000,MORTGAGE,7.0,HOMEIMPROVEMENT,A,6400,7.88,0.12,N,2,0
36719,31,190000,MORTGAGE,3.0,HOMEIMPROVEMENT,B,10000,9.99,0.05,N,7,0
36720,22,9600,RENT,1.0,VENTURE,D,7500,15.05,0.08,N,2,1
36721,22,27000,RENT,4.0,MEDICAL,B,9600,11.14,0.36,N,3,1
36722,23,47000,RENT,7.0,VENTURE,B,10800,10.74,0.23,N,2,0
36723,24,40000,RENT,8.0,EDUCATION,A,10000,7.49,0.25,N,4,0
36724,28,24000,RENT,5.0,PERSONAL,A,7125,7.49,0.3,N,5,0
36725,36,31416,RENT,0.0,EDUCATION,A,8000,7.49,0.25,N,16,0
36726,28,120000,MORTGAGE,12.0,HOMEIMPROVEMENT,C,6000,12.99,0.05,Y,10,0
36727,34,54600,MORTGAGE,13.0,EDUCATION,B,4800,12.42,0.09,N,10,0
36728,24,70000,MORTGAGE,8.0,DEBTCONSOLIDATION,A,3500,7.4,0.05,N,2,0
36729,23,14000,RENT,0.0,EDUCATION,A,2100,7.14,0.15,N,3,0
36730,24,30000,RENT,6.0,PERSONAL,A,6000,7.51,0.2,N,2,0
36731,28,58100,RENT,4.0,DEBTCONSOLIDATION,C,17500,13.57,0.3,Y,10,0
36732,27,75000,MORTGAGE,11.0,HOMEIMPROVEMENT,A,5000,5.42,0.07,N,6,0
36733,23,60000,MORTGAGE,0.0,EDUCATION,C,4000,13.99,0.07,Y,2,0
36734,22,50000,MORTGAGE,6.0,EDUCATION,C,2400,14.27,0.05,Y,2,0
36735,23,40992,RENT,7.0,EDUCATION,B,5000,11.86,0.12,N,4,0
36736,23,39000,RENT,8.0,PERSONAL,B,5000,12.69,0.13,N,4,0
36737,24,65000,RENT,2.0,HOMEIMPROVEMENT,A,8000,7.88,0.12,N,4,0
36738,24,58000,MORTGAGE,8.0,EDUCATION,A,3500,7.88,0.06,N,2,0
36739,25,42000,RENT,2.0,MEDICAL,A,3500,6.76,0.08,N,4,0
36740,29,42000,RENT,4.0,MEDICAL,D,8000,14.96,0.19,N,7,0
36741,58,80000,OWN,0.0,HOMEIMPROVEMENT,D,3200,14.96,0.04,N,28,0
36742,26,29176,OWN,2.0,EDUCATION,B,4000,11.49,0.14,N,4,0
36743,29,75000,MORTGAGE,3.0,DEBTCONSOLIDATION,B,10000,11.49,0.13,N,8,0
36744,23,60000,RENT,0.0,MEDICAL,C,7000,14.22,0.12,Y,2,0
36745,28,56700,MORTGAGE,12.0,PERSONAL,A,10000,5.42,0.18,N,7,0
36746,23,44000,MORTGAGE,2.0,DEBTCONSOLIDATION,C,12800,13.85,0.28,N,2,0
36747,24,40000,RENT,6.0,MEDICAL,C,10000,11.34,0.25,Y,3,0
36748,36,32000,RENT,4.0,MEDICAL,A,7000,7.88,0.22,N,12,0
36749,25,40000,RENT,5.0,VENTURE,B,12000,9.91,0.3,N,3,0
36750,21,29000,RENT,0.0,EDUCATION,D,8000,18.25,0.28,N,2,1
36751,30,45000,MORTGAGE,14.0,PERSONAL,B,6000,10.74,0.13,N,9,0
36752,23,102000,MORTGAGE,5.0,DEBTCONSOLIDATION,A,10000,6.91,0.1,N,2,0
36753,31,120000,MORTGAGE,4.0,VENTURE,A,8000,6.03,0.07,N,5,0
36754,26,55000,RENT,10.0,HOMEIMPROVEMENT,A,8800,8.49,0.15,N,2,0
36755,22,74000,RENT,5.0,VENTURE,B,12000,12.53,0.16,N,3,0
36756,23,37460,MORTGAGE,7.0,EDUCATION,A,11000,6.54,0.29,N,3,0
36757,22,58000,OWN,5.0,VENTURE,B,20000,10.74,0.34,N,2,0
36758,32,70000,MORTGAGE,2.0,PERSONAL,A,5000,8.32,0.07,N,8,0
36759,40,40000,RENT,0.0,PERSONAL,C,11500,14.26,0.28,N,12,0
36760,35,37200,RENT,7.0,PERSONAL,A,10000,6.91,0.27,N,5,0
36761,22,44400,MORTGAGE,5.0,MEDICAL,A,2100,8.9,0.05,N,4,0
36762,37,46180,MORTGAGE,2.0,VENTURE,C,10000,13.98,0.22,N,14,0
36763,33,75000,MORTGAGE,2.0,HOMEIMPROVEMENT,B,6000,10.99,0.08,N,6,0
36764,24,66000,RENT,1.0,HOMEIMPROVEMENT,C,15000,15.96,0.24,N,2,1
36765,22,42000,RENT,1.0,EDUCATION,A,6000,8.94,0.14,N,2,0
36766,43,40000,MORTGAGE,3.0,VENTURE,A,6000,8.94,0.15,N,11,0
36767,54,120000,OWN,9.0,PERSONAL,C,17625,13.17,0.15,N,24,0
36768,24,35000,RENT,1.0,DEBTCONSOLIDATION,A,10000,8.49,0.29,N,3,0
36769,25,40000,RENT,0.0,DEBTCONSOLIDATION,C,10000,13.72,0.25,N,3,0
36770,23,27600,RENT,6.0,PERSONAL,A,7500,8.59,0.27,N,3,0
36771,24,69000,RENT,0.0,PERSONAL,D,4200,16.29,0.06,N,3,1
36772,30,65000,MORTGAGE,11.0,VENTURE,A,6000,7.14,0.09,N,5,0
36773,32,50000,RENT,0.0,MEDICAL,B,15600,10.99,0.31,N,8,1
36774,22,56902,MORTGAGE,6.0,DEBTCONSOLIDATION,A,12000,7.14,0.21,N,2,0
36775,24,48000,RENT,5.0,DEBTCONSOLIDATION,A,10000,7.66,0.21,N,4,0
36776,25,87000,MORTGAGE,5.0,EDUCATION,B,9000,10.36,0.1,N,3,0
36777,26,60000,RENT,2.0,EDUCATION,A,6000,8.9,0.1,N,2,0
36778,26,78996,RENT,4.0,HOMEIMPROVEMENT,E,10000,16.45,0.13,Y,2,1
36779,30,45000,RENT,7.0,DEBTCONSOLIDATION,B,16750,12.53,0.37,N,6,1
36780,23,101000,MORTGAGE,7.0,EDUCATION,A,6000,8.49,0.06,N,4,0
36781,35,80000,RENT,4.0,DEBTCONSOLIDATION,A,9000,5.79,0.11,N,5,0
36782,26,72000,MORTGAGE,10.0,MEDICAL,A,10000,8.94,0.14,N,4,0
36783,30,57000,MORTGAGE,6.0,HOMEIMPROVEMENT,B,7500,10.25,0.13,N,8,0
36784,27,50000,RENT,1.0,HOMEIMPROVEMENT,C,12000,13.48,0.24,Y,7,0
36785,29,72000,MORTGAGE,13.0,MEDICAL,A,6000,5.42,0.09,N,10,0
36786,30,58000,MORTGAGE,8.0,DEBTCONSOLIDATION,A,4600,7.49,0.08,N,6,0
36787,26,130000,RENT,3.0,MEDICAL,A,14000,7.74,0.11,N,4,0
36788,26,50400,RENT,0.0,DEBTCONSOLIDATION,A,1500,6.03,0.03,N,3,0
36789,33,115000,RENT,0.0,VENTURE,A,12000,7.51,0.1,N,10,0
36790,24,30000,MORTGAGE,8.0,HOMEIMPROVEMENT,B,6000,10.65,0.2,N,3,0
36791,33,30000,RENT,1.0,EDUCATION,B,8050,12.69,0.27,N,10,1
36792,24,33000,RENT,4.0,DEBTCONSOLIDATION,B,4650,10.38,0.14,N,3,0
36793,26,38000,RENT,3.0,MEDICAL,D,7600,18.25,0.19,N,3,0
36794,25,85000,RENT,6.0,VENTURE,B,8000,11.71,0.09,N,2,0
36795,36,42000,OWN,4.0,VENTURE,A,10000,9.32,0.24,N,14,0
36796,29,40000,MORTGAGE,1.0,VENTURE,C,7500,13.99,0.19,Y,9,0
36797,25,42000,RENT,9.0,PERSONAL,C,5000,12.87,0.12,Y,2,1
36798,27,85000,MORTGAGE,11.0,HOMEIMPROVEMENT,A,8000,5.79,0.09,N,9,0
36799,41,104736,RENT,4.0,HOMEIMPROVEMENT,C,25000,13.47,0.24,N,11,0
36800,29,130000,MORTGAGE,2.0,VENTURE,C,18000,12.04,0.14,N,5,0
36801,26,110000,MORTGAGE,3.0,VENTURE,B,5000,9.63,0.05,N,4,0
36802,23,97000,RENT,1.0,EDUCATION,C,25000,13.79,0.26,N,3,1
36803,26,34200,RENT,2.0,DEBTCONSOLIDATION,D,6500,17.49,0.19,N,2,1
36804,28,60000,MORTGAGE,4.0,PERSONAL,C,5000,13.92,0.08,N,9,0
36805,28,90000,MORTGAGE,5.0,HOMEIMPROVEMENT,D,20000,16.77,0.22,Y,5,0
36806,22,76000,RENT,6.0,DEBTCONSOLIDATION,B,19200,10.25,0.24,N,4,0
36807,27,40000,RENT,11.0,MEDICAL,B,10000,10.65,0.25,N,6,0
36808,23,32144,RENT,4.0,DEBTCONSOLIDATION,D,2000,15.05,0.06,N,2,1
36809,44,69764,RENT,4.0,MEDICAL,C,1200,14.26,0.02,Y,13,0
36810,25,96000,MORTGAGE,3.0,MEDICAL,A,12000,7.29,0.13,N,2,0
36811,26,54000,MORTGAGE,2.0,DEBTCONSOLIDATION,B,1900,12.42,0.04,N,4,1
36812,46,54000,MORTGAGE,19.0,VENTURE,A,5000,7.49,0.09,N,17,0
36813,39,54000,RENT,2.0,HOMEIMPROVEMENT,C,12000,13.23,0.22,Y,13,0
36814,22,75000,RENT,6.0,EDUCATION,B,10000,9.99,0.13,N,2,0
36815,24,52260,MORTGAGE,4.0,EDUCATION,A,9000,7.51,0.17,N,3,0
36816,32,47000,RENT,0.0,DEBTCONSOLIDATION,A,9000,7.14,0.19,N,6,0
36817,25,60000,MORTGAGE,9.0,DEBTCONSOLIDATION,C,12000,12.73,0.2,Y,4,0
36818,28,28800,RENT,4.0,PERSONAL,C,6000,13.22,0.21,Y,7,0
36819,36,30000,MORTGAGE,14.0,HOMEIMPROVEMENT,A,1450,5.42,0.05,N,13,0
36820,35,45000,MORTGAGE,8.0,PERSONAL,A,11000,8.49,0.24,N,8,0
36821,24,33000,RENT,0.0,MEDICAL,B,6000,10.71,0.18,N,4,0
36822,23,45000,MORTGAGE,8.0,MEDICAL,A,14400,6.62,0.32,N,2,0
36823,25,50000,RENT,1.0,VENTURE,A,9000,8.94,0.18,N,3,0
36824,33,45000,MORTGAGE,17.0,VENTURE,C,3000,13.99,0.07,Y,7,0
36825,44,49000,MORTGAGE,2.0,DEBTCONSOLIDATION,E,15000,16.63,0.31,Y,15,1
36826,23,80000,MORTGAGE,7.0,PERSONAL,A,2000,7.51,0.03,N,4,0
36827,22,225000,MORTGAGE,0.0,PERSONAL,B,24000,11.48,0.11,N,3,0
36828,29,44000,MORTGAGE,9.0,MEDICAL,C,4400,11.03,0.1,Y,10,1
36829,21,30000,RENT,1.0,EDUCATION,A,3000,5.79,0.1,N,4,0
36830,37,50000,RENT,0.0,DEBTCONSOLIDATION,C,10000,13.47,0.2,N,12,0
36831,27,65000,RENT,5.0,HOMEIMPROVEMENT,B,15000,11.12,0.23,N,5,0
36832,21,36000,RENT,5.0,VENTURE,C,12000,12.61,0.35,Y,4,1
36833,23,70000,OTHER,4.0,PERSONAL,B,8000,12.42,0.11,N,4,0
36834,32,30996,RENT,0.0,PERSONAL,B,5600,11.11,0.18,N,5,0
36835,23,85000,RENT,4.0,PERSONAL,B,8000,10.99,0.09,N,2,0
36836,23,70000,MORTGAGE,5.0,VENTURE,A,8800,7.51,0.13,N,3,0
36837,22,250000,MORTGAGE,6.0,EDUCATION,A,5000,7.66,0.02,N,4,0
36838,27,75600,MORTGAGE,4.0,PERSONAL,C,9000,13.61,0.12,N,6,0
36839,27,130000,MORTGAGE,11.0,MEDICAL,C,25000,13.61,0.19,Y,8,0
36840,25,110000,MORTGAGE,5.0,MEDICAL,A,25000,8.94,0.23,N,3,0
36841,43,67000,MORTGAGE,5.0,VENTURE,A,7000,7.14,0.1,N,14,0
36842,24,108000,MORTGAGE,4.0,EDUCATION,B,10000,11.83,0.09,N,2,1
36843,30,54000,MORTGAGE,5.0,DEBTCONSOLIDATION,B,10000,9.99,0.19,N,5,0
36844,45,25000,RENT,0.0,EDUCATION,A,3000,7.51,0.12,N,12,0
36845,29,30000,RENT,3.0,MEDICAL,C,8500,13.22,0.29,N,8,0
36846,37,60000,RENT,0.0,VENTURE,A,17000,7.51,0.28,N,17,0
36847,30,65000,RENT,4.0,PERSONAL,A,10000,6.17,0.15,N,10,0
36848,22,50000,RENT,6.0,EDUCATION,A,15000,7.51,0.3,N,3,0
36849,27,60000,RENT,5.0,PERSONAL,B,15000,11.71,0.25,N,9,0
36850,23,30000,OWN,7.0,EDUCATION,A,6000,7.9,0.2,N,3,0
36851,23,78000,RENT,4.0,EDUCATION,C,12000,14.26,0.15,N,4,0
36852,22,90000,MORTGAGE,6.0,EDUCATION,B,20000,11.48,0.22,N,3,0
36853,28,100000,RENT,12.0,HOMEIMPROVEMENT,B,20000,12.42,0.2,N,10,0
36854,29,85000,MORTGAGE,8.0,PERSONAL,A,10000,5.79,0.12,N,9,0
36855,33,57000,RENT,3.0,PERSONAL,A,12000,9.32,0.21,N,6,0
36856,28,52000,RENT,0.0,HOMEIMPROVEMENT,A,4500,6.54,0.09,N,6,0
36857,28,60000,RENT,12.0,HOMEIMPROVEMENT,A,12000,7.51,0.2,N,9,0
36858,29,140000,MORTGAGE,13.0,MEDICAL,A,6000,6.99,0.04,N,10,0
36859,38,83000,RENT,4.0,HOMEIMPROVEMENT,D,4000,16.29,0.05,N,17,0
36860,23,27000,OWN,4.0,EDUCATION,A,7500,7.88,0.27,N,3,0
36861,26,50000,RENT,1.0,DEBTCONSOLIDATION,B,10000,9.88,0.2,N,2,0
36862,29,101000,RENT,6.0,EDUCATION,A,11200,8.49,0.11,N,5,0
36863,22,70000,RENT,6.0,EDUCATION,B,8400,10.65,0.12,N,2,0
36864,22,32000,RENT,5.0,VENTURE,C,2000,13.49,0.06,Y,2,0
36865,27,120000,MORTGAGE,11.0,HOMEIMPROVEMENT,A,10000,7.9,0.08,N,7,0
36866,30,79000,MORTGAGE,6.0,EDUCATION,B,10000,10.99,0.13,N,9,0
36867,23,30000,RENT,1.0,PERSONAL,D,5000,15.7,0.17,Y,2,1
36868,22,62000,RENT,6.0,EDUCATION,B,8000,11.49,0.13,N,2,0
36869,36,88000,MORTGAGE,2.0,DEBTCONSOLIDATION,B,10000,11.36,0.11,N,14,0
36870,24,78956,RENT,5.0,MEDICAL,D,17600,14.96,0.21,N,2,1
36871,25,30000,RENT,0.0,VENTURE,C,2000,13.47,0.07,Y,3,0
36872,40,75000,RENT,2.0,EDUCATION,C,14400,14.72,0.19,Y,16,0
36873,21,24000,RENT,2.0,EDUCATION,A,7000,8.49,0.29,N,3,0
36874,36,44684,OTHER,2.0,EDUCATION,B,5000,11.09,0.11,N,13,0
36875,23,41000,RENT,4.0,DEBTCONSOLIDATION,A,6000,7.51,0.15,N,2,0
36876,25,49716,MORTGAGE,3.0,MEDICAL,A,8000,5.42,0.16,N,3,1
36877,24,100000,MORTGAGE,8.0,MEDICAL,A,6000,7.51,0.06,N,3,0
36878,26,82116,MORTGAGE,10.0,VENTURE,B,2800,9.88,0.03,N,3,0
36879,22,50000,RENT,3.0,DEBTCONSOLIDATION,C,10000,14.27,0.2,Y,2,0
36880,25,60000,MORTGAGE,3.0,VENTURE,B,7000,9.62,0.12,N,2,0
36881,27,24000,RENT,1.0,VENTURE,B,6000,10.99,0.25,N,7,0
36882,24,75000,MORTGAGE,8.0,MEDICAL,A,12000,7.9,0.16,N,2,0
36883,29,44640,OWN,0.0,EDUCATION,D,9000,14.11,0.2,Y,8,0
36884,38,140000,MORTGAGE,7.0,VENTURE,A,7000,7.88,0.05,N,16,0
36885,43,38400,RENT,5.0,DEBTCONSOLIDATION,B,10000,9.99,0.26,N,16,0
36886,22,75000,MORTGAGE,5.0,VENTURE,B,12500,11.48,0.17,N,2,0
36887,24,50000,RENT,8.0,MEDICAL,B,15000,10.25,0.3,N,2,0
36888,28,140000,MORTGAGE,4.0,EDUCATION,B,25000,11.12,0.18,N,5,0
36889,27,36000,MORTGAGE,5.0,VENTURE,A,4000,7.14,0.11,N,6,0
36890,22,60000,MORTGAGE,4.0,EDUCATION,C,8500,13.92,0.14,N,3,0
36891,30,190000,MORTGAGE,1.0,EDUCATION,C,15000,12.73,0.08,Y,8,0
36892,47,34000,MORTGAGE,3.0,PERSONAL,B,10000,9.99,0.29,N,11,1
36893,32,65000,RENT,16.0,PERSONAL,A,5000,7.74,0.08,N,10,0
36894,37,200000,RENT,5.0,HOMEIMPROVEMENT,A,18000,7.88,0.09,N,15,0
36895,24,45000,RENT,2.0,VENTURE,B,2400,10.99,0.05,N,3,0
36896,23,29000,RENT,3.0,EDUCATION,B,10000,11.99,0.34,N,3,1
36897,25,44000,MORTGAGE,3.0,EDUCATION,C,2725,12.98,0.06,N,2,1
36898,23,100000,MORTGAGE,0.0,VENTURE,B,8000,11.12,0.08,N,3,0
36899,22,43000,RENT,3.0,EDUCATION,B,2400,11.11,0.06,N,4,0
36900,26,87360,MORTGAGE,3.0,PERSONAL,B,14400,11.11,0.16,N,3,0
36901,28,60000,MORTGAGE,5.0,DEBTCONSOLIDATION,B,12000,11.71,0.2,N,7,0
36902,27,38400,RENT,4.0,VENTURE,A,5000,7.29,0.13,N,5,0
36903,23,31000,RENT,5.0,EDUCATION,A,5000,7.88,0.16,N,2,0
36904,24,34000,RENT,2.0,MEDICAL,A,8000,9.32,0.24,N,2,0
36905,27,75000,RENT,5.0,EDUCATION,B,6000,11.48,0.08,N,7,0
36906,22,56000,RENT,6.0,VENTURE,C,3500,13.49,0.06,Y,3,0
36907,26,48000,RENT,1.0,PERSONAL,B,6000,10.74,0.13,N,2,0
36908,23,65000,RENT,0.0,EDUCATION,C,10000,13.47,0.15,Y,2,0
36909,35,30000,RENT,0.0,MEDICAL,C,4000,13.72,0.13,Y,9,0
36910,36,69654,MORTGAGE,9.0,MEDICAL,C,7500,13.61,0.11,N,11,0
36911,25,50000,MORTGAGE,3.0,DEBTCONSOLIDATION,C,14000,12.61,0.28,N,4,0
36912,22,39750,MORTGAGE,1.0,VENTURE,D,7200,14.59,0.18,N,3,1
36913,26,36120,RENT,0.0,MEDICAL,C,7000,14.22,0.19,N,2,0
36914,32,68000,MORTGAGE,16.0,VENTURE,A,4000,8.63,0.06,N,7,0
36915,25,54000,MORTGAGE,4.0,DEBTCONSOLIDATION,C,11025,12.87,0.2,Y,4,1
36916,23,65338,MORTGAGE,0.0,EDUCATION,B,6500,11.71,0.1,N,4,0
36917,25,125000,MORTGAGE,9.0,HOMEIMPROVEMENT,B,15000,11.11,0.12,N,2,0
36918,23,72000,MORTGAGE,6.0,EDUCATION,A,5000,7.14,0.07,N,4,0
36919,32,42000,RENT,1.0,DEBTCONSOLIDATION,B,20000,10.37,0.48,N,10,1
36920,33,24000,RENT,1.0,EDUCATION,A,4000,6.91,0.17,N,8,0
36921,21,45600,MORTGAGE,5.0,MEDICAL,B,1000,11.14,0.02,N,4,0
36922,23,75000,RENT,6.0,VENTURE,A,10000,6.62,0.13,N,3,0
36923,22,120000,MORTGAGE,6.0,VENTURE,B,25000,12.18,0.21,N,3,0
36924,23,80000,RENT,2.0,MEDICAL,C,15000,13.22,0.19,N,3,0
36925,33,75000,MORTGAGE,4.0,DEBTCONSOLIDATION,A,10400,5.42,0.14,N,5,0
36926,51,66000,RENT,3.0,VENTURE,A,15000,6.03,0.23,N,18,0
36927,24,75000,RENT,4.0,VENTURE,B,12000,11.71,0.16,N,3,0
36928,25,33300,RENT,3.0,VENTURE,B,13200,11.48,0.4,N,3,1
36929,32,51996,RENT,5.0,HOMEIMPROVEMENT,B,14000,11.14,0.27,N,10,0
36930,29,54000,RENT,13.0,DEBTCONSOLIDATION,A,7000,6.03,0.13,N,10,0
36931,25,28000,RENT,0.0,DEBTCONSOLIDATION,B,13000,9.91,0.5,N,3,1
36932,26,96339,MORTGAGE,10.0,MEDICAL,B,18000,11.36,0.19,N,4,0
36933,25,54000,MORTGAGE,1.0,EDUCATION,B,10000,11.46,0.19,N,2,0
36934,23,30000,RENT,4.0,EDUCATION,A,12000,7.49,0.4,N,4,1
36935,23,75000,RENT,0.0,DEBTCONSOLIDATION,B,10000,12.21,0.13,N,2,0
36936,27,78000,MORTGAGE,7.0,PERSONAL,C,25000,12.73,0.32,Y,9,0
36937,24,50000,MORTGAGE,5.0,MEDICAL,D,15000,15.65,0.24,Y,4,1
36938,29,75000,RENT,2.0,VENTURE,B,10000,11.71,0.13,N,10,0
36939,21,24000,RENT,4.0,MEDICAL,C,5000,14.27,0.21,N,2,0
36940,21,50000,RENT,3.0,VENTURE,B,10000,10.99,0.2,N,2,0
36941,22,75000,RENT,6.0,EDUCATION,B,20000,11.11,0.27,N,4,0
36942,33,72000,MORTGAGE,13.0,VENTURE,A,12000,5.99,0.17,N,6,0
36943,23,74000,MORTGAGE,3.0,PERSONAL,B,25000,11.49,0.34,N,4,0
36944,36,40000,RENT,2.0,DEBTCONSOLIDATION,B,14000,10.99,0.35,N,11,1
36945,22,40000,RENT,0.0,DEBTCONSOLIDATION,A,2000,5.79,0.05,N,4,0
36946,23,45000,MORTGAGE,4.0,MEDICAL,B,12250,10.36,0.27,N,2,0
36947,41,40000,RENT,4.0,MEDICAL,B,10000,11.49,0.25,N,13,0
36948,25,42000,RENT,8.0,EDUCATION,B,7000,10.59,0.17,N,3,1
36949,25,35000,RENT,3.0,DEBTCONSOLIDATION,B,2000,9.99,0.06,N,3,0
36950,24,32000,RENT,2.0,DEBTCONSOLIDATION,D,5000,14.59,0.16,Y,4,1
36951,34,108000,MORTGAGE,2.0,MEDICAL,B,15000,11.36,0.14,N,8,0
36952,25,60000,MORTGAGE,8.0,HOMEIMPROVEMENT,B,9800,10.99,0.16,N,4,0
36953,26,81000,OWN,4.0,VENTURE,A,8400,7.51,0.1,N,3,0
36954,40,50000,RENT,5.0,DEBTCONSOLIDATION,C,6000,14.27,0.12,N,17,0
36955,24,60000,RENT,3.0,EDUCATION,D,18000,15.28,0.3,Y,3,0
36956,26,60000,MORTGAGE,2.0,DEBTCONSOLIDATION,A,5500,7.88,0.09,N,4,0
36957,24,64000,RENT,5.0,DEBTCONSOLIDATION,A,1350,7.88,0.02,N,3,0
36958,41,78504,RENT,0.0,DEBTCONSOLIDATION,B,16000,9.63,0.21,N,17,0
36959,38,24000,RENT,2.0,PERSONAL,D,5000,16.77,0.21,Y,14,1
36960,36,33000,OWN,4.0,VENTURE,A,4000,5.99,0.12,N,12,0
36961,34,75000,MORTGAGE,0.0,VENTURE,D,20000,14.84,0.27,N,10,0
36962,22,33600,RENT,2.0,EDUCATION,B,8000,11.36,0.24,N,2,0
36963,23,30000,RENT,5.0,EDUCATION,B,6000,12.69,0.2,N,2,0
36964,29,90000,MORTGAGE,5.0,MEDICAL,B,6000,11.12,0.07,N,6,0
36965,32,85000,MORTGAGE,1.0,EDUCATION,B,15000,9.88,0.18,N,8,0
36966,24,54996,RENT,3.0,VENTURE,B,5000,10.65,0.09,N,3,0
36967,39,18000,OWN,1.0,VENTURE,A,4000,6.99,0.22,N,14,0
36968,22,50000,MORTGAGE,6.0,VENTURE,B,10000,10.0,0.2,N,4,0
36969,25,37000,RENT,3.0,VENTURE,B,5000,9.25,0.14,N,3,0
36970,30,120000,MORTGAGE,11.0,DEBTCONSOLIDATION,B,22000,11.71,0.18,N,8,0
36971,24,24000,RENT,3.0,MEDICAL,D,8000,15.65,0.33,N,4,1
36972,33,65000,MORTGAGE,6.0,PERSONAL,A,8000,7.14,0.12,N,8,0
36973,24,70000,RENT,5.0,PERSONAL,A,6000,7.88,0.09,N,3,0
36974,23,28800,RENT,4.0,MEDICAL,A,8700,7.29,0.31,N,2,1
36975,24,90000,RENT,1.0,MEDICAL,B,7000,12.69,0.08,N,2,0
36976,38,27000,RENT,1.0,DEBTCONSOLIDATION,B,9000,11.11,0.33,N,11,1
36977,24,80000,MORTGAGE,8.0,PERSONAL,B,6000,11.49,0.07,N,4,0
36978,38,160000,MORTGAGE,5.0,VENTURE,B,10000,10.65,0.06,N,16,0
36979,29,75000,RENT,0.0,EDUCATION,D,20000,14.09,0.27,N,8,1
36980,30,60000,RENT,0.0,PERSONAL,C,20000,13.49,0.33,Y,8,1
36981,30,45000,MORTGAGE,14.0,EDUCATION,A,16750,8.9,0.36,N,9,0
36982,23,75000,MORTGAGE,7.0,PERSONAL,A,6000,6.62,0.08,N,3,0
36983,22,80000,MORTGAGE,6.0,EDUCATION,B,2000,10.65,0.03,N,4,0
36984,24,140004,OWN,5.0,MEDICAL,A,5000,6.03,0.03,N,4,0
36985,26,38000,RENT,0.0,PERSONAL,B,7500,11.89,0.2,N,4,0
36986,30,33000,MORTGAGE,3.0,HOMEIMPROVEMENT,D,10000,17.49,0.3,Y,10,1
36987,24,54000,RENT,8.0,MEDICAL,C,6000,14.27,0.11,Y,3,0
36988,22,70000,OWN,5.0,VENTURE,B,6000,9.99,0.09,N,2,0
36989,27,60000,RENT,2.0,DEBTCONSOLIDATION,C,15000,13.92,0.25,Y,8,0
36990,21,131000,MORTGAGE,5.0,PERSONAL,D,30000,15.62,0.21,Y,3,0
36991,22,98000,MORTGAGE,6.0,EDUCATION,B,6200,9.99,0.06,N,2,0
36992,23,33000,RENT,7.0,EDUCATION,B,6500,9.25,0.2,N,3,0
36993,23,47000,RENT,0.0,MEDICAL,B,7000,10.62,0.15,N,2,0
36994,25,150000,MORTGAGE,8.0,HOMEIMPROVEMENT,A,30000,7.51,0.2,N,3,0
36995,22,30000,RENT,0.0,EDUCATION,A,6000,7.51,0.2,N,2,0
36996,32,32000,RENT,2.0,DEBTCONSOLIDATION,C,2000,13.57,0.06,Y,6,0
36997,27,130000,MORTGAGE,2.0,HOMEIMPROVEMENT,B,18000,10.65,0.14,N,9,0
36998,25,65000,OWN,1.0,MEDICAL,A,3600,7.49,0.06,N,3,0
36999,26,45000,RENT,5.0,EDUCATION,B,1500,11.49,0.03,N,3,0
37000,26,102000,RENT,10.0,VENTURE,A,7800,7.51,0.08,N,2,0
37001,25,26000,RENT,0.0,HOMEIMPROVEMENT,B,9000,11.71,0.35,N,4,1
37002,24,60000,MORTGAGE,3.0,EDUCATION,A,5000,7.88,0.08,N,2,0
37003,21,30000,RENT,3.0,EDUCATION,B,6000,10.99,0.2,N,2,0
37004,22,35000,OWN,6.0,VENTURE,A,3000,6.76,0.09,N,3,0
37005,37,24000,RENT,0.0,DEBTCONSOLIDATION,D,4500,14.91,0.19,Y,16,1
37006,24,70000,MORTGAGE,8.0,EDUCATION,A,14000,7.88,0.2,N,4,0
37007,26,78000,MORTGAGE,3.0,DEBTCONSOLIDATION,A,10000,6.54,0.13,N,3,0
37008,27,65000,RENT,6.0,VENTURE,B,15000,11.12,0.23,N,6,0
37009,31,60000,MORTGAGE,7.0,DEBTCONSOLIDATION,A,10000,7.66,0.17,N,6,0
37010,40,65000,MORTGAGE,2.0,EDUCATION,B,4000,10.99,0.06,N,11,0
37011,22,70000,RENT,2.0,PERSONAL,A,12000,7.29,0.17,N,4,0
37012,21,48000,OWN,5.0,EDUCATION,A,7500,7.88,0.16,N,2,0
37013,36,120000,MORTGAGE,12.0,EDUCATION,B,8400,8.88,0.07,N,11,0
37014,39,40000,OWN,0.0,PERSONAL,A,21000,6.17,0.53,N,13,0
37015,28,89004,RENT,2.0,PERSONAL,D,4800,14.11,0.05,Y,7,0
37016,31,60000,RENT,5.0,DEBTCONSOLIDATION,C,8000,13.49,0.13,Y,7,0
37017,28,48000,RENT,0.0,VENTURE,C,8000,13.49,0.17,Y,8,0
37018,28,95000,RENT,5.0,VENTURE,B,8000,9.62,0.08,N,10,0
37019,22,48000,MORTGAGE,6.0,VENTURE,B,5000,11.14,0.1,N,3,0
37020,36,63235,MORTGAGE,3.0,VENTURE,B,25000,10.25,0.4,N,15,0
37021,22,20000,OWN,0.0,VENTURE,A,4800,7.14,0.24,N,2,0
37022,28,97000,MORTGAGE,7.0,DEBTCONSOLIDATION,D,7500,15.31,0.08,Y,9,1
37023,70,45000,RENT,0.0,MEDICAL,C,5000,14.27,0.11,N,24,0
37024,24,162000,MORTGAGE,2.0,PERSONAL,B,7500,11.49,0.04,N,4,0
37025,23,45000,RENT,6.0,MEDICAL,B,6000,11.86,0.13,N,4,0
37026,31,102000,MORTGAGE,1.0,HOMEIMPROVEMENT,C,12000,14.26,0.12,Y,6,0
37027,25,120000,MORTGAGE,3.0,VENTURE,A,23000,8.94,0.19,N,3,0
37028,21,44000,RENT,5.0,PERSONAL,B,11000,9.63,0.24,N,4,0
37029,26,78000,MORTGAGE,8.0,VENTURE,A,5275,8.07,0.07,N,3,0
37030,27,90000,MORTGAGE,6.0,MEDICAL,A,20000,6.54,0.22,N,6,0
37031,43,61000,RENT,3.0,DEBTCONSOLIDATION,D,10000,14.84,0.16,Y,16,1
37032,26,75852,MORTGAGE,0.0,DEBTCONSOLIDATION,B,4000,9.32,0.05,N,4,0
37033,26,90000,RENT,2.0,DEBTCONSOLIDATION,C,9600,13.85,0.11,Y,2,0
37034,25,44000,RENT,0.0,PERSONAL,A,5500,6.17,0.13,N,4,0
37035,28,100000,MORTGAGE,1.0,PERSONAL,A,10000,7.51,0.1,N,7,0
37036,26,45000,MORTGAGE,4.0,VENTURE,A,10000,7.51,0.22,N,2,0
37037,22,50000,RENT,1.0,PERSONAL,A,10000,8.9,0.2,N,3,0
37038,24,110000,RENT,8.0,HOMEIMPROVEMENT,B,12000,10.0,0.11,N,2,0
37039,38,125000,MORTGAGE,9.0,PERSONAL,A,9000,8.94,0.07,N,13,0
37040,22,90000,MORTGAGE,6.0,MEDICAL,B,8000,10.99,0.09,N,2,0
37041,21,35000,OWN,5.0,MEDICAL,A,4000,6.91,0.11,N,3,0
37042,24,100000,MORTGAGE,8.0,EDUCATION,A,6000,7.14,0.06,N,2,0
37043,26,35000,MORTGAGE,4.0,DEBTCONSOLIDATION,A,10750,7.88,0.31,N,4,0
37044,41,96000,MORTGAGE,12.0,MEDICAL,C,4000,13.06,0.04,N,16,0
37045,23,42000,RENT,0.0,PERSONAL,D,10000,14.83,0.24,N,4,1
37046,23,90000,RENT,5.0,PERSONAL,A,6000,6.03,0.07,N,2,0
37047,22,51996,OWN,7.0,PERSONAL,A,6000,8.94,0.12,N,4,0
37048,42,65000,RENT,12.0,HOMEIMPROVEMENT,A,3600,7.37,0.06,N,16,0
37049,28,75000,OWN,7.0,VENTURE,B,12000,12.69,0.16,N,5,0
37050,28,30000,RENT,4.0,PERSONAL,A,6000,6.99,0.2,N,8,0
37051,30,35000,RENT,4.0,MEDICAL,B,7500,10.99,0.21,N,10,0
37052,28,78000,RENT,4.0,HOMEIMPROVEMENT,B,35000,11.99,0.45,N,5,1
37053,27,60000,MORTGAGE,6.0,VENTURE,A,3000,8.94,0.05,N,10,0
37054,24,32388,RENT,1.0,MEDICAL,B,6000,10.71,0.19,N,4,0
37055,23,44000,RENT,1.0,MEDICAL,A,12000,8.94,0.27,N,2,0
37056,31,80000,RENT,6.0,VENTURE,D,23000,14.96,0.29,N,9,1
37057,29,70000,RENT,3.0,PERSONAL,C,10000,13.16,0.14,Y,7,0
37058,26,81996,RENT,4.0,PERSONAL,D,15000,14.84,0.18,N,2,0
37059,28,234600,MORTGAGE,12.0,VENTURE,B,6000,10.59,0.03,N,6,0
37060,22,50000,RENT,3.0,EDUCATION,B,10000,11.86,0.2,N,2,0
37061,28,80000,MORTGAGE,12.0,EDUCATION,A,4000,5.79,0.05,N,8,0
37062,25,80000,MORTGAGE,9.0,HOMEIMPROVEMENT,B,18000,11.99,0.23,N,3,0
37063,28,56100,RENT,3.0,MEDICAL,D,22000,16.49,0.33,N,10,1
37064,24,50000,RENT,3.0,EDUCATION,B,4000,11.48,0.08,N,3,0
37065,24,105000,MORTGAGE,8.0,DEBTCONSOLIDATION,A,7000,7.49,0.07,N,3,0
37066,25,72612,RENT,9.0,MEDICAL,C,25000,13.11,0.34,N,2,0
37067,38,60000,MORTGAGE,6.0,DEBTCONSOLIDATION,B,7000,9.99,0.12,N,14,0
37068,27,40000,RENT,7.0,PERSONAL,C,6000,14.27,0.15,Y,6,0
37069,25,40000,OWN,0.0,EDUCATION,B,5000,10.74,0.13,N,4,0
37070,30,110000,MORTGAGE,14.0,PERSONAL,C,8000,15.96,0.07,Y,10,0
37071,31,100000,MORTGAGE,5.0,PERSONAL,D,15000,15.99,0.15,N,10,0
37072,28,65000,MORTGAGE,12.0,HOMEIMPROVEMENT,B,20000,11.49,0.31,N,7,0
37073,31,23000,RENT,1.0,DEBTCONSOLIDATION,B,6200,9.45,0.26,N,5,0
37074,29,65000,MORTGAGE,13.0,VENTURE,A,6000,7.51,0.09,N,6,0
37075,39,65000,RENT,7.0,DEBTCONSOLIDATION,C,20000,13.61,0.31,Y,13,1
37076,32,48400,RENT,4.0,DEBTCONSOLIDATION,C,12000,14.65,0.25,Y,8,0
37077,24,72000,MORTGAGE,4.0,DEBTCONSOLIDATION,C,10000,13.06,0.14,Y,3,0
37078,28,120000,RENT,4.0,PERSONAL,A,10000,7.66,0.08,N,10,0
37079,26,52200,OWN,0.0,PERSONAL,B,15000,10.99,0.29,N,3,0
37080,26,28000,RENT,10.0,VENTURE,C,6150,15.23,0.23,Y,3,0
37081,26,60000,MORTGAGE,4.0,DEBTCONSOLIDATION,A,8400,7.9,0.14,N,3,0
37082,28,140000,RENT,3.0,DEBTCONSOLIDATION,A,12000,6.62,0.09,N,7,0
37083,23,36000,RENT,5.0,PERSONAL,B,4000,12.42,0.11,N,4,0
37084,25,40000,RENT,4.0,VENTURE,B,2400,9.91,0.06,N,2,0
37085,23,25000,OWN,1.0,EDUCATION,B,7200,10.95,0.29,N,2,0
37086,28,60000,MORTGAGE,4.0,DEBTCONSOLIDATION,A,10000,6.62,0.17,N,10,0
37087,29,120000,MORTGAGE,8.0,MEDICAL,A,10000,6.62,0.08,N,9,0
37088,26,65000,RENT,10.0,VENTURE,C,10000,13.49,0.15,N,4,0
37089,26,54000,MORTGAGE,5.0,DEBTCONSOLIDATION,A,5000,6.62,0.09,N,4,0
37090,29,85000,MORTGAGE,13.0,DEBTCONSOLIDATION,B,10000,11.71,0.12,N,8,0
37091,29,60000,MORTGAGE,10.0,EDUCATION,D,16000,14.09,0.27,N,9,0
37092,22,45000,MORTGAGE,6.0,VENTURE,D,8000,14.61,0.18,N,4,0
37093,27,50000,RENT,0.0,HOMEIMPROVEMENT,B,3600,10.99,0.07,N,9,0
37094,30,40000,MORTGAGE,8.0,PERSONAL,A,4000,7.14,0.1,N,9,0
37095,29,61000,RENT,3.0,MEDICAL,B,7200,9.01,0.12,N,9,0
37096,35,182004,MORTGAGE,1.0,PERSONAL,A,5800,6.62,0.03,N,6,0
37097,26,39000,RENT,10.0,MEDICAL,A,4500,5.79,0.12,N,4,0
37098,30,75000,MORTGAGE,6.0,DEBTCONSOLIDATION,C,7000,12.98,0.09,Y,9,0
37099,23,31200,RENT,3.0,EDUCATION,B,7500,11.49,0.24,N,3,0
37100,22,60000,RENT,4.0,PERSONAL,A,12000,5.79,0.2,N,3,0
37101,25,48000,MORTGAGE,9.0,HOMEIMPROVEMENT,D,10800,16.29,0.23,N,3,0
37102,23,80000,MORTGAGE,7.0,VENTURE,B,3000,12.21,0.04,N,2,0
37103,26,119496,RENT,7.0,VENTURE,A,12000,7.88,0.1,N,4,0
37104,27,49000,MORTGAGE,8.0,VENTURE,B,6000,10.59,0.12,N,5,0
37105,33,46000,MORTGAGE,6.0,DEBTCONSOLIDATION,A,7000,8.49,0.15,N,9,0
37106,24,19200,RENT,0.0,EDUCATION,C,5000,13.61,0.26,N,4,1
37107,23,115000,MORTGAGE,7.0,EDUCATION,A,4000,7.68,0.03,N,4,0
37108,26,102000,RENT,10.0,HOMEIMPROVEMENT,C,17000,14.26,0.16,Y,4,0
37109,22,34500,RENT,3.0,VENTURE,B,4000,11.49,0.12,N,2,0
37110,22,83004,MORTGAGE,6.0,PERSONAL,C,3400,13.92,0.04,N,4,0
37111,28,33000,RENT,3.0,VENTURE,B,6500,10.36,0.2,N,7,0
37112,33,68004,MORTGAGE,17.0,PERSONAL,A,6000,5.42,0.09,N,6,0
37113,22,85000,MORTGAGE,6.0,EDUCATION,A,8100,7.88,0.09,N,2,0
37114,35,45000,OWN,0.0,VENTURE,A,7000,7.43,0.16,N,7,0
37115,23,50000,OWN,1.0,VENTURE,B,10000,11.14,0.2,N,4,0
37116,23,62400,RENT,0.0,EDUCATION,A,14000,8.94,0.22,N,3,0
37117,22,59000,MORTGAGE,6.0,VENTURE,A,24000,6.62,0.41,N,3,0
37118,25,89000,MORTGAGE,1.0,VENTURE,D,18500,16.02,0.2,N,2,0
37119,22,35000,OWN,1.0,VENTURE,A,10400,9.63,0.3,N,3,0
37120,31,42000,RENT,7.0,DEBTCONSOLIDATION,A,3000,7.49,0.07,N,10,0
37121,21,29000,MORTGAGE,0.0,MEDICAL,B,10000,11.49,0.34,N,3,1
37122,22,87000,MORTGAGE,0.0,MEDICAL,C,13000,12.73,0.15,Y,2,0
37123,25,110000,MORTGAGE,9.0,VENTURE,C,3600,13.99,0.03,Y,2,0
37124,24,90000,MORTGAGE,8.0,DEBTCONSOLIDATION,A,10000,5.42,0.11,N,2,0
37125,31,30000,RENT,0.0,HOMEIMPROVEMENT,C,3000,13.23,0.1,N,8,1
37126,40,60000,MORTGAGE,12.0,HOMEIMPROVEMENT,B,3000,10.0,0.05,N,14,0
37127,28,59000,RENT,4.0,DEBTCONSOLIDATION,D,12000,15.62,0.21,N,6,1
37128,22,81960,RENT,6.0,EDUCATION,A,9600,7.29,0.12,N,2,0
37129,54,150000,MORTGAGE,1.0,PERSONAL,B,10000,11.99,0.07,N,20,0
37130,31,45600,RENT,5.0,MEDICAL,B,8000,10.0,0.17,N,7,0
37131,26,84000,MORTGAGE,5.0,PERSONAL,B,15000,11.71,0.18,N,3,0
37132,27,130000,MORTGAGE,0.0,DEBTCONSOLIDATION,A,18000,7.9,0.14,N,9,0
37133,25,95000,MORTGAGE,9.0,PERSONAL,C,17000,13.48,0.18,Y,4,0
37134,32,65000,RENT,0.0,DEBTCONSOLIDATION,A,4000,7.88,0.06,N,10,0
37135,28,40000,MORTGAGE,3.0,HOMEIMPROVEMENT,C,3600,14.72,0.09,Y,7,0
37136,24,75000,RENT,0.0,EDUCATION,B,12000,10.38,0.16,N,3,0
37137,22,60000,RENT,6.0,PERSONAL,A,10000,8.94,0.17,N,4,0
37138,22,60000,MORTGAGE,6.0,DEBTCONSOLIDATION,A,7200,7.29,0.12,N,3,0
37139,60,36000,RENT,0.0,PERSONAL,C,6000,12.87,0.17,Y,18,0
37140,25,30000,RENT,4.0,VENTURE,B,13250,11.71,0.44,N,3,1
37141,26,54000,RENT,4.0,EDUCATION,B,5000,12.69,0.09,N,2,0
37142,27,34000,RENT,0.0,MEDICAL,B,4000,10.95,0.12,N,5,0
37143,36,30000,RENT,4.0,EDUCATION,C,5000,12.23,0.17,N,16,0
37144,23,45000,RENT,7.0,EDUCATION,B,4000,10.37,0.09,N,3,0
37145,24,190000,OWN,8.0,PERSONAL,B,25000,9.25,0.13,N,3,0
37146,36,40000,MORTGAGE,2.0,VENTURE,C,6000,14.27,0.15,Y,12,0
37147,28,90000,MORTGAGE,13.0,HOMEIMPROVEMENT,B,8000,12.53,0.09,N,8,0
37148,27,60000,MORTGAGE,11.0,DEBTCONSOLIDATION,B,4000,10.25,0.07,N,8,0
37149,22,71000,RENT,0.0,DEBTCONSOLIDATION,B,12000,10.0,0.17,N,2,0
37150,25,36000,RENT,0.0,MEDICAL,C,6000,13.92,0.17,N,4,0
37151,30,45000,MORTGAGE,1.0,MEDICAL,A,10000,5.79,0.22,N,6,0
37152,22,68400,MORTGAGE,5.0,EDUCATION,D,25000,14.96,0.384,N,3,0
37153,24,69996,RENT,5.0,HOMEIMPROVEMENT,B,6000,10.99,0.09,N,2,0
37154,22,53000,MORTGAGE,6.0,PERSONAL,A,2500,6.76,0.05,N,4,0
37155,23,55000,RENT,7.0,EDUCATION,C,12000,13.49,0.22,Y,4,0
37156,28,92004,MORTGAGE,2.0,VENTURE,B,12000,9.63,0.13,N,8,0
37157,22,63600,RENT,5.0,DEBTCONSOLIDATION,B,12000,11.99,0.19,N,2,0
37158,25,39996,OWN,3.0,VENTURE,A,4800,5.79,0.12,N,3,0
37159,24,136000,MORTGAGE,0.0,EDUCATION,A,4900,6.17,0.04,N,4,0
37160,49,60000,RENT,15.0,PERSONAL,A,10000,7.51,0.17,N,12,0
37161,23,42000,RENT,1.0,EDUCATION,C,10000,12.87,0.24,N,2,0
37162,27,51600,MORTGAGE,0.0,DEBTCONSOLIDATION,A,10500,6.54,0.2,N,9,0
37163,27,60000,RENT,0.0,HOMEIMPROVEMENT,A,3000,7.74,0.05,N,7,0
37164,24,95000,RENT,2.0,MEDICAL,A,9000,9.63,0.09,N,4,0
37165,32,40000,MORTGAGE,3.0,MEDICAL,C,4000,13.43,0.1,Y,9,0
37166,22,60000,RENT,4.0,EDUCATION,A,15000,7.88,0.25,N,4,0
37167,26,33000,RENT,2.0,MEDICAL,B,3600,11.99,0.11,N,2,0
37168,23,66000,RENT,7.0,EDUCATION,B,20000,10.25,0.3,N,4,1
37169,30,55000,RENT,2.0,VENTURE,C,8000,13.61,0.15,N,7,0
37170,23,55000,MORTGAGE,7.0,EDUCATION,A,9000,6.62,0.16,N,4,0
37171,24,28000,RENT,5.0,VENTURE,C,3000,13.35,0.01,N,2,0
37172,24,50000,RENT,3.0,VENTURE,A,10000,7.14,0.2,N,3,0
37173,30,78000,MORTGAGE,1.0,HOMEIMPROVEMENT,B,25000,10.99,0.32,N,5,1
37174,24,54000,MORTGAGE,8.0,HOMEIMPROVEMENT,A,6000,7.49,0.11,N,2,0
37175,28,100000,MORTGAGE,12.0,PERSONAL,A,10000,7.49,0.1,N,6,0
37176,23,110000,MORTGAGE,7.0,PERSONAL,B,6000,10.75,0.05,N,3,0
37177,22,34000,RENT,6.0,VENTURE,A,5000,5.42,0.15,N,3,0
37178,27,48000,RENT,4.0,DEBTCONSOLIDATION,B,24250,10.25,0.51,N,7,1
37179,23,70000,MORTGAGE,3.0,DEBTCONSOLIDATION,B,13000,11.26,0.19,N,4,0
37180,33,102000,MORTGAGE,4.0,MEDICAL,A,10000,6.03,0.1,N,5,0
37181,23,85000,RENT,5.0,DEBTCONSOLIDATION,A,10000,6.54,0.12,N,3,0
37182,21,38500,MORTGAGE,5.0,DEBTCONSOLIDATION,A,5500,7.51,0.14,N,2,0
37183,27,67222,MORTGAGE,0.0,DEBTCONSOLIDATION,B,10000,11.11,0.15,N,9,0
37184,28,75000,MORTGAGE,12.0,VENTURE,B,3000,11.49,0.04,N,10,0
37185,23,90000,MORTGAGE,4.0,EDUCATION,B,18000,10.99,0.2,N,3,0
37186,32,50000,OWN,4.0,VENTURE,B,6000,9.99,0.12,N,5,0
37187,27,55000,MORTGAGE,4.0,PERSONAL,C,6200,13.23,0.11,N,6,0
37188,22,69996,RENT,6.0,MEDICAL,C,12000,14.65,0.17,N,4,0
37189,26,87278,MORTGAGE,5.0,HOMEIMPROVEMENT,B,12000,10.38,0.14,N,3,0
37190,23,44000,RENT,4.0,EDUCATION,B,12000,10.39,0.26,N,3,1
37191,22,60000,RENT,4.0,EDUCATION,B,10000,11.99,0.17,N,4,0
37192,21,55000,OTHER,5.0,PERSONAL,C,16000,14.26,0.29,N,2,0
37193,26,70000,MORTGAGE,10.0,PERSONAL,A,5000,7.49,0.07,N,4,0
37194,39,73000,RENT,0.0,HOMEIMPROVEMENT,D,6800,14.96,0.09,Y,16,1
37195,44,95000,RENT,5.0,HOMEIMPROVEMENT,A,17000,7.51,0.18,N,15,0
37196,25,50000,RENT,3.0,VENTURE,B,2000,10.99,0.04,N,2,0
37197,33,58650,RENT,8.0,MEDICAL,B,12000,11.36,0.17,N,10,1
37198,25,38004,RENT,5.0,MEDICAL,A,5000,7.88,0.13,N,2,0
37199,28,48000,OWN,1.0,EDUCATION,A,10200,7.49,0.21,N,5,0
37200,41,24000,RENT,0.0,MEDICAL,A,3000,7.51,0.13,N,15,0
37201,24,42000,RENT,9.0,DEBTCONSOLIDATION,B,4200,12.42,0.1,N,2,0
37202,21,12000,RENT,0.0,HOMEIMPROVEMENT,B,3000,10.99,0.25,N,2,1
37203,25,30000,RENT,4.0,VENTURE,B,5000,11.71,0.17,N,2,0
37204,26,32400,RENT,10.0,DEBTCONSOLIDATION,B,10000,9.88,0.31,N,3,1
37205,27,60000,MORTGAGE,11.0,VENTURE,A,4000,7.51,0.07,N,10,0
37206,21,60000,MORTGAGE,5.0,VENTURE,A,7000,7.66,0.12,N,2,0
37207,29,130000,RENT,3.0,HOMEIMPROVEMENT,C,11250,14.27,0.09,Y,6,0
37208,24,50000,RENT,7.0,VENTURE,D,15000,16.89,0.3,Y,3,0
37209,27,75000,MORTGAGE,8.0,MEDICAL,B,1800,11.48,0.02,N,7,0
37210,22,75531,MORTGAGE,6.0,EDUCATION,D,15000,16.49,0.2,N,4,0
37211,26,38400,RENT,5.0,MEDICAL,C,10000,14.27,0.26,Y,2,0
37212,23,45000,RENT,2.0,PERSONAL,C,1800,12.61,0.04,Y,3,0
37213,23,80000,MORTGAGE,7.0,PERSONAL,C,13000,15.96,0.16,Y,4,0
37214,21,36000,RENT,5.0,EDUCATION,B,1500,10.0,0.04,N,4,0
37215,29,120000,OWN,13.0,VENTURE,C,15000,13.61,0.13,N,9,0
37216,35,34980,MORTGAGE,0.0,VENTURE,B,6000,11.48,0.17,N,5,0
37217,30,60000,RENT,2.0,DEBTCONSOLIDATION,B,5000,11.89,0.08,N,10,0
37218,29,42000,RENT,0.0,MEDICAL,B,6600,10.99,0.16,N,6,0
37219,23,120000,MORTGAGE,3.0,VENTURE,A,7000,7.4,0.06,N,3,0
37220,25,120000,MORTGAGE,5.0,VENTURE,A,8000,7.49,0.07,N,4,0
37221,24,53307,RENT,7.0,VENTURE,B,15000,12.53,0.28,N,3,0
37222,34,77927,MORTGAGE,5.0,HOMEIMPROVEMENT,D,15000,17.58,0.19,N,5,0
37223,28,46000,RENT,12.0,EDUCATION,B,4800,10.99,0.1,N,8,1
37224,25,94500,OWN,6.0,EDUCATION,B,15000,11.83,0.16,N,2,0
37225,23,17688,RENT,0.0,PERSONAL,B,3000,11.11,0.15,N,3,0
37226,31,60000,RENT,0.0,HOMEIMPROVEMENT,B,15000,11.48,0.25,N,6,0
37227,23,54000,RENT,2.0,PERSONAL,D,7500,14.46,0.14,Y,4,1
37228,31,110000,MORTGAGE,4.0,DEBTCONSOLIDATION,A,10000,7.51,0.09,N,10,0
37229,40,60000,MORTGAGE,0.0,HOMEIMPROVEMENT,A,3000,7.68,0.05,N,15,0
37230,22,80000,MORTGAGE,4.0,PERSONAL,A,7000,7.51,0.09,N,4,0
37231,23,54000,MORTGAGE,1.0,EDUCATION,A,5500,7.14,0.1,N,4,0
37232,23,42000,MORTGAGE,7.0,EDUCATION,B,7200,10.65,0.17,N,2,0
37233,58,30000,RENT,2.0,EDUCATION,D,5000,16.0,0.17,N,21,1
37234,28,64000,MORTGAGE,13.0,EDUCATION,A,8000,6.54,0.13,N,10,0
37235,37,80000,RENT,4.0,HOMEIMPROVEMENT,A,10000,6.03,0.13,N,17,0
37236,36,34000,RENT,1.0,MEDICAL,D,15000,15.99,0.44,N,16,1
37237,22,30000,RENT,6.0,DEBTCONSOLIDATION,A,6000,7.51,0.2,N,3,0
37238,27,40000,MORTGAGE,1.0,HOMEIMPROVEMENT,A,4000,5.79,0.1,N,6,0
37239,52,80000,MORTGAGE,9.0,PERSONAL,A,8000,5.42,0.1,N,18,0
37240,29,14400,RENT,2.0,DEBTCONSOLIDATION,C,3000,13.49,0.2,Y,10,1
37241,32,120000,MORTGAGE,16.0,HOMEIMPROVEMENT,B,6000,10.59,0.05,N,7,0
37242,22,62500,MORTGAGE,0.0,DEBTCONSOLIDATION,A,14000,8.94,0.22,N,4,0
37243,24,65000,MORTGAGE,3.0,PERSONAL,B,10000,11.36,0.15,N,3,0
37244,22,44160,RENT,6.0,EDUCATION,B,10000,11.86,0.23,N,2,0
37245,23,58000,MORTGAGE,6.0,EDUCATION,D,14900,14.83,0.26,N,4,0
37246,32,67000,RENT,3.0,EDUCATION,B,6400,9.99,0.1,N,8,0
37247,27,50000,RENT,2.0,VENTURE,C,3000,13.85,0.06,Y,10,0
37248,23,35000,OWN,1.0,VENTURE,C,4000,13.57,0.11,Y,3,0
37249,27,100000,RENT,0.0,PERSONAL,B,10000,10.59,0.1,N,9,0
37250,25,40000,RENT,3.0,DEBTCONSOLIDATION,C,15000,14.26,0.38,N,4,1
37251,28,37200,RENT,0.0,EDUCATION,C,6000,13.98,0.16,Y,7,0
37252,27,40000,RENT,0.0,DEBTCONSOLIDATION,C,12000,13.49,0.3,N,7,0
37253,22,31200,RENT,7.0,PERSONAL,A,12000,7.51,0.38,N,3,1
37254,24,115000,MORTGAGE,8.0,DEBTCONSOLIDATION,A,12000,7.88,0.1,N,3,0
37255,31,91000,MORTGAGE,15.0,EDUCATION,B,14700,12.42,0.16,N,6,0
37256,28,84000,MORTGAGE,9.0,HOMEIMPROVEMENT,B,10000,11.83,0.12,N,10,0
37257,29,62400,RENT,3.0,PERSONAL,B,14100,12.42,0.23,N,6,0
37258,22,48000,RENT,0.0,PERSONAL,A,4000,7.43,0.08,N,3,0
37259,23,42000,RENT,0.0,PERSONAL,C,3000,13.98,0.07,N,3,0
37260,29,110000,MORTGAGE,13.0,DEBTCONSOLIDATION,A,15000,6.62,0.13,N,6,0
37261,25,150000,MORTGAGE,8.0,DEBTCONSOLIDATION,C,6000,12.61,0.04,Y,3,0
37262,23,75000,RENT,7.0,DEBTCONSOLIDATION,B,25000,10.99,0.33,N,2,1
37263,25,132850,MORTGAGE,9.0,PERSONAL,C,2800,13.49,0.02,Y,3,0
37264,25,30000,RENT,0.0,EDUCATION,A,6000,8.0,0.2,N,4,0
37265,36,25000,OWN,1.0,PERSONAL,B,5000,11.86,0.2,N,16,0
37266,22,60000,MORTGAGE,6.0,EDUCATION,D,2500,15.99,0.04,N,4,0
37267,24,200000,RENT,0.0,MEDICAL,B,8000,10.74,0.04,N,4,0
37268,28,140000,MORTGAGE,0.0,PERSONAL,A,35000,7.9,0.25,N,7,0
37269,24,55000,MORTGAGE,3.0,DEBTCONSOLIDATION,A,12500,7.88,0.23,N,2,0
37270,25,120000,RENT,9.0,EDUCATION,B,12000,11.71,0.1,N,3,0
37271,30,70000,RENT,4.0,DEBTCONSOLIDATION,D,5000,15.62,0.07,N,5,1
37272,23,29496,RENT,5.0,VENTURE,A,5600,8.0,0.2,N,2,0
37273,29,105000,MORTGAGE,12.0,HOMEIMPROVEMENT,B,12350,6.62,0.12,N,5,0
37274,27,30000,OWN,4.0,MEDICAL,A,10000,7.14,0.33,N,7,0
37275,27,49641,MORTGAGE,11.0,DEBTCONSOLIDATION,A,8400,7.51,0.17,N,9,0
37276,26,97500,RENT,10.0,MEDICAL,A,4000,5.42,0.04,N,3,0
37277,30,44000,RENT,7.0,MEDICAL,C,7500,12.61,0.18,Y,7,0
37278,28,55000,MORTGAGE,3.0,VENTURE,B,12500,9.99,0.23,N,9,0
37279,30,85000,MORTGAGE,4.0,HOMEIMPROVEMENT,A,8000,8.9,0.09,N,6,0
37280,28,43000,RENT,11.0,VENTURE,C,13500,13.43,0.32,N,9,1
37281,55,64800,MORTGAGE,3.0,PERSONAL,A,5000,7.88,0.08,N,18,0
37282,23,60000,RENT,3.0,MEDICAL,C,16000,14.27,0.27,N,2,0
37283,23,55000,RENT,0.0,VENTURE,B,6500,10.75,0.12,N,4,0
37284,25,75000,MORTGAGE,9.0,PERSONAL,A,3500,7.9,0.05,N,2,0
37285,28,55000,MORTGAGE,11.0,VENTURE,A,12500,7.9,0.23,N,10,0
37286,27,135000,MORTGAGE,1.0,MEDICAL,A,12500,5.42,0.09,N,5,0
37287,30,75000,MORTGAGE,4.0,EDUCATION,B,3000,10.65,0.04,N,7,0
37288,23,65000,RENT,5.0,VENTURE,B,4000,11.86,0.06,N,4,0
37289,25,120000,MORTGAGE,9.0,DEBTCONSOLIDATION,A,4750,7.88,0.04,N,3,0
37290,27,25000,RENT,2.0,EDUCATION,B,5000,9.99,0.2,N,7,0
37291,31,38400,RENT,15.0,VENTURE,A,3600,7.14,0.09,N,9,0
37292,26,37200,RENT,2.0,DEBTCONSOLIDATION,B,7200,9.91,0.19,N,3,0
37293,33,82000,MORTGAGE,11.0,PERSONAL,C,18000,13.98,0.23,N,10,0
37294,24,70000,RENT,5.0,DEBTCONSOLIDATION,B,10000,12.42,0.14,N,2,0
37295,28,74000,RENT,1.0,VENTURE,C,10000,13.22,0.14,N,5,0
37296,24,65416,MORTGAGE,3.0,HOMEIMPROVEMENT,A,9000,6.92,0.13,N,3,0
37297,24,82000,MORTGAGE,5.0,PERSONAL,A,8000,8.49,0.1,N,3,0
37298,30,80000,OWN,0.0,MEDICAL,A,8000,6.17,0.1,N,8,0
37299,24,57335,OWN,7.0,EDUCATION,B,16700,11.99,0.29,N,2,0
37300,23,38400,RENT,3.0,VENTURE,A,13000,8.49,0.35,N,3,1
37301,37,74400,RENT,21.0,DEBTCONSOLIDATION,D,6600,16.02,0.09,N,12,1
37302,23,33000,RENT,0.0,MEDICAL,D,6000,13.24,0.19,N,4,1
37303,24,56000,RENT,8.0,EDUCATION,B,3000,10.37,0.05,N,2,1
37304,32,96000,MORTGAGE,16.0,DEBTCONSOLIDATION,A,9000,6.03,0.09,N,5,0
37305,23,51000,MORTGAGE,6.0,MEDICAL,D,6000,15.33,0.12,Y,3,1
37306,25,110000,RENT,6.0,HOMEIMPROVEMENT,A,22000,6.91,0.22,N,2,0
37307,21,40000,MORTGAGE,5.0,PERSONAL,B,4750,10.37,0.12,N,3,0
37308,24,40800,RENT,6.0,MEDICAL,C,17500,13.49,0.43,N,3,1
37309,31,60000,MORTGAGE,4.0,PERSONAL,A,3000,7.51,0.05,N,10,0
37310,23,55000,RENT,1.0,PERSONAL,B,10000,10.59,0.18,N,2,0
37311,36,28000,OWN,8.0,HOMEIMPROVEMENT,B,8000,10.99,0.29,N,14,0
37312,26,42264,RENT,1.0,DEBTCONSOLIDATION,B,3000,12.53,0.07,N,4,0
37313,24,28800,RENT,4.0,DEBTCONSOLIDATION,C,5000,13.72,0.17,Y,2,0
37314,27,38000,RENT,0.0,DEBTCONSOLIDATION,B,5500,9.76,0.14,N,9,0
37315,28,100000,RENT,1.0,DEBTCONSOLIDATION,C,10000,13.57,0.1,Y,6,0
37316,23,50000,MORTGAGE,5.0,PERSONAL,B,8000,10.59,0.16,N,4,0
37317,29,75000,MORTGAGE,4.0,VENTURE,C,7500,13.43,0.1,Y,9,0
37318,37,80000,MORTGAGE,4.0,VENTURE,B,10000,11.99,0.13,N,11,0
37319,34,57000,RENT,18.0,DEBTCONSOLIDATION,B,15000,10.75,0.26,N,8,0
37320,24,40000,RENT,5.0,VENTURE,A,8000,8.0,0.2,N,4,0
37321,29,90000,MORTGAGE,4.0,HOMEIMPROVEMENT,B,15000,11.14,0.17,N,7,0
37322,27,84000,MORTGAGE,11.0,PERSONAL,A,6000,6.62,0.07,N,9,0
37323,29,138000,RENT,0.0,HOMEIMPROVEMENT,E,35000,16.32,0.25,Y,7,1
37324,29,55272,OWN,13.0,PERSONAL,A,17600,6.17,0.33,N,9,0
37325,23,40000,RENT,2.0,DEBTCONSOLIDATION,C,2800,13.49,0.07,N,3,0
37326,26,130000,MORTGAGE,0.0,EDUCATION,C,25000,12.53,0.19,Y,2,0
37327,24,30000,RENT,2.0,DEBTCONSOLIDATION,B,12000,11.48,0.4,N,4,1
37328,35,189000,MORTGAGE,15.0,DEBTCONSOLIDATION,A,6000,8.9,0.03,N,6,0
37329,30,120000,MORTGAGE,14.0,EDUCATION,B,8000,10.25,0.07,N,9,0
37330,22,90000,MORTGAGE,5.0,PERSONAL,B,20000,11.26,0.22,N,3,0
37331,24,30000,RENT,2.0,EDUCATION,C,6000,13.49,0.2,N,3,0
37332,23,60000,MORTGAGE,4.0,EDUCATION,B,4000,10.99,0.07,N,4,0
37333,30,55000,RENT,6.0,EDUCATION,A,7500,7.88,0.14,N,9,0
37334,22,35000,RENT,0.0,MEDICAL,B,4800,10.99,0.14,N,2,0
37335,38,78792,RENT,4.0,PERSONAL,D,15000,15.21,0.19,Y,16,0
37336,21,110000,OWN,2.0,VENTURE,D,15000,15.05,0.14,N,2,0
37337,22,95000,MORTGAGE,4.0,PERSONAL,C,15000,12.73,0.16,N,2,0
37338,27,60500,RENT,3.0,VENTURE,B,2400,12.69,0.04,N,5,0
37339,24,24000,RENT,2.0,VENTURE,E,6000,17.04,0.25,N,4,1
37340,25,48500,RENT,0.0,HOMEIMPROVEMENT,D,6000,15.99,0.13,N,3,1
37341,27,40000,MORTGAGE,11.0,EDUCATION,A,3000,6.54,0.07,N,7,0
37342,28,100000,RENT,12.0,HOMEIMPROVEMENT,A,12000,7.88,0.12,N,6,0
37343,27,48000,MORTGAGE,11.0,MEDICAL,C,19200,14.27,0.4,Y,5,0
37344,22,78000,RENT,1.0,MEDICAL,A,6000,8.94,0.07,N,3,1
37345,28,69743,MORTGAGE,12.0,HOMEIMPROVEMENT,D,10000,14.96,0.01,N,8,0
37346,21,30000,RENT,2.0,EDUCATION,A,5000,8.49,0.17,N,3,0
37347,25,55000,MORTGAGE,9.0,HOMEIMPROVEMENT,A,10000,7.66,0.18,N,3,0
37348,21,61000,MORTGAGE,5.0,PERSONAL,A,12000,8.94,0.2,N,2,0
37349,22,43000,OWN,5.0,VENTURE,B,15000,11.48,0.35,N,2,0
37350,29,90000,RENT,4.0,MEDICAL,D,16000,16.29,0.18,N,9,0
37351,27,42000,RENT,7.0,EDUCATION,B,12000,12.42,0.29,N,6,0
37352,26,52780,RENT,7.0,DEBTCONSOLIDATION,B,8000,12.69,0.15,N,4,0
37353,46,82000,MORTGAGE,4.0,HOMEIMPROVEMENT,A,6000,7.14,0.07,N,15,0
37354,48,60000,MORTGAGE,21.0,HOMEIMPROVEMENT,B,2000,12.42,0.03,N,12,0
37355,25,39000,RENT,6.0,PERSONAL,C,5000,14.79,0.13,Y,2,0
37356,21,25000,MORTGAGE,6.0,VENTURE,B,6000,9.99,0.24,N,4,0
37357,33,48000,RENT,1.0,VENTURE,B,4000,9.88,0.08,N,9,0
37358,22,29400,RENT,3.0,MEDICAL,G,4000,19.82,0.14,N,4,1
37359,26,48000,RENT,10.0,DEBTCONSOLIDATION,B,15000,10.25,0.31,N,2,1
37360,22,55000,RENT,5.0,VENTURE,B,2000,10.74,0.04,N,2,0
37361,31,79000,MORTGAGE,3.0,HOMEIMPROVEMENT,B,8000,10.38,0.1,N,5,0
37362,22,54000,RENT,4.0,EDUCATION,B,4000,10.74,0.07,N,2,0
37363,25,50000,RENT,1.0,DEBTCONSOLIDATION,B,6000,10.08,0.12,N,2,0
37364,24,40000,MORTGAGE,5.0,PERSONAL,B,2000,10.36,0.05,N,3,0
37365,22,54000,RENT,5.0,VENTURE,A,9000,7.66,0.16,N,2,0
37366,27,54996,RENT,1.0,DEBTCONSOLIDATION,B,6000,9.63,0.11,N,5,0
37367,25,153000,MORTGAGE,0.0,HOMEIMPROVEMENT,C,30000,13.49,0.2,Y,4,0
37368,25,85000,MORTGAGE,9.0,EDUCATION,A,12000,7.88,0.14,N,2,0
37369,25,57000,MORTGAGE,1.0,EDUCATION,E,2500,17.04,0.04,Y,3,0
37370,26,127000,MORTGAGE,10.0,MEDICAL,A,4400,8.49,0.04,N,4,0
37371,25,45000,RENT,8.0,PERSONAL,A,9000,7.51,0.19,N,4,0
37372,22,56000,MORTGAGE,6.0,MEDICAL,C,15000,14.22,0.27,N,2,0
37373,26,58979,RENT,2.0,DEBTCONSOLIDATION,A,9000,7.14,0.15,N,4,0
37374,27,60000,MORTGAGE,4.0,HOMEIMPROVEMENT,C,10000,14.79,0.17,Y,5,0
37375,31,85000,MORTGAGE,15.0,PERSONAL,A,9000,6.17,0.11,N,7,0
37376,45,34000,RENT,1.0,PERSONAL,B,5000,12.53,0.15,N,11,1
37377,33,30000,RENT,2.0,EDUCATION,B,7000,10.99,0.23,N,5,1
37378,22,37120,RENT,4.0,HOMEIMPROVEMENT,E,8000,16.45,0.22,Y,3,1
37379,34,33996,RENT,2.0,HOMEIMPROVEMENT,D,3200,15.95,0.1,N,5,1
37380,34,50004,RENT,3.0,PERSONAL,C,7175,12.99,0.14,Y,6,0
37381,25,35000,MORTGAGE,8.0,VENTURE,B,8000,12.69,0.23,N,2,0
37382,28,126251,MORTGAGE,2.0,VENTURE,C,14000,13.48,0.11,Y,8,0
37383,30,60000,MORTGAGE,6.0,MEDICAL,A,10000,6.91,0.17,N,5,0
37384,36,45600,MORTGAGE,8.0,VENTURE,D,7000,16.29,0.15,N,12,0
37385,48,40000,MORTGAGE,4.0,PERSONAL,B,4000,12.69,0.1,N,11,0
37386,25,60000,MORTGAGE,9.0,VENTURE,A,13000,6.91,0.22,N,2,0
37387,23,84000,MORTGAGE,7.0,PERSONAL,A,5175,6.03,0.06,N,3,0
37388,26,90000,MORTGAGE,6.0,VENTURE,B,4000,9.99,0.05,N,4,0
37389,24,110000,RENT,7.0,MEDICAL,A,12000,8.9,0.11,N,4,0
37390,22,40000,RENT,3.0,EDUCATION,A,10000,6.03,0.25,N,4,0
37391,28,125000,RENT,6.0,VENTURE,D,14400,16.29,0.11,N,9,0
37392,22,50000,RENT,3.0,EDUCATION,A,3000,7.49,0.06,N,4,0
37393,22,43200,OWN,6.0,VENTURE,A,14000,6.03,0.33,N,4,0
37394,23,48000,RENT,4.0,VENTURE,A,4000,7.49,0.08,N,4,0
37395,38,45000,RENT,2.0,MEDICAL,B,12000,12.42,0.27,N,11,0
37396,23,70000,MORTGAGE,7.0,EDUCATION,A,4000,7.9,0.06,N,3,0
37397,33,75000,RENT,3.0,HOMEIMPROVEMENT,B,12000,10.65,0.16,N,10,0
37398,26,110000,RENT,8.0,EDUCATION,C,10800,14.17,0.1,Y,3,0
37399,35,80000,RENT,5.0,MEDICAL,C,10000,14.27,0.13,N,5,0
37400,30,101000,MORTGAGE,12.0,PERSONAL,B,20000,8.88,0.2,N,7,0
37401,22,50000,RENT,2.0,EDUCATION,B,5000,12.18,0.1,N,2,0
37402,23,123735,OWN,0.0,VENTURE,A,6000,8.9,0.05,N,4,0
37403,23,65000,RENT,1.0,MEDICAL,C,10000,13.98,0.15,N,4,0
37404,25,95004,OWN,5.0,HOMEIMPROVEMENT,D,25000,15.37,0.26,N,3,0
37405,27,24000,RENT,0.0,VENTURE,B,5000,11.71,0.21,N,10,0
37406,23,63000,MORTGAGE,7.0,EDUCATION,B,20000,10.25,0.32,N,3,0
37407,25,40000,RENT,9.0,MEDICAL,B,3000,12.42,0.07,N,2,0
37408,27,125000,MORTGAGE,7.0,VENTURE,B,25000,10.38,0.2,N,9,0
37409,24,28800,MORTGAGE,1.0,HOMEIMPROVEMENT,C,4000,13.72,0.14,Y,3,0
37410,23,30000,RENT,0.0,EDUCATION,C,4800,12.87,0.16,Y,3,0
37411,30,84000,MORTGAGE,13.0,PERSONAL,B,12000,11.11,0.14,N,9,0
37412,27,90000,MORTGAGE,4.0,PERSONAL,A,10000,7.88,0.11,N,6,0
37413,24,91800,MORTGAGE,4.0,MEDICAL,C,20000,13.43,0.18,Y,2,1
37414,22,50361,RENT,3.0,EDUCATION,C,6000,12.98,0.12,N,2,0
37415,27,48000,RENT,0.0,DEBTCONSOLIDATION,A,2400,8.49,0.05,N,6,0
37416,25,28000,RENT,0.0,EDUCATION,B,4000,10.75,0.14,N,3,0
37417,21,40000,RENT,3.0,EDUCATION,B,5500,9.62,0.14,N,4,0
37418,23,45000,RENT,7.0,MEDICAL,B,5000,10.38,0.11,N,2,0
37419,32,95000,RENT,4.0,DEBTCONSOLIDATION,B,12000,11.49,0.13,N,8,0
37420,30,55000,MORTGAGE,14.0,DEBTCONSOLIDATION,B,13750,10.75,0.25,N,9,0
37421,30,102000,MORTGAGE,7.0,DEBTCONSOLIDATION,B,12000,11.99,0.12,N,7,0
37422,33,153000,RENT,1.0,PERSONAL,D,23100,14.96,0.15,Y,5,1
37423,24,54000,MORTGAGE,8.0,DEBTCONSOLIDATION,D,8000,15.65,0.15,Y,3,1
37424,37,60000,MORTGAGE,12.0,HOMEIMPROVEMENT,D,5000,15.62,0.08,Y,17,0
37425,26,35000,MORTGAGE,6.0,EDUCATION,B,10000,12.69,0.29,N,4,0
37426,27,83886,MORTGAGE,11.0,VENTURE,A,15000,7.66,0.18,N,6,0
37427,21,26000,RENT,2.0,HOMEIMPROVEMENT,A,3000,6.91,0.12,N,2,1
37428,28,60000,OWN,12.0,VENTURE,C,10000,11.66,0.16,N,7,0
37429,23,36000,RENT,2.0,EDUCATION,B,12000,11.71,0.33,N,3,1
37430,27,30000,RENT,4.0,DEBTCONSOLIDATION,B,10000,9.25,0.33,N,9,1
37431,30,150000,MORTGAGE,2.0,DEBTCONSOLIDATION,C,21000,13.49,0.14,Y,9,0
37432,31,57335,RENT,2.0,DEBTCONSOLIDATION,D,16500,15.05,0.29,Y,9,1
37433,23,50000,RENT,7.0,PERSONAL,A,15000,7.49,0.3,N,3,0
37434,24,113000,MORTGAGE,8.0,EDUCATION,E,20000,16.95,0.18,Y,2,0
37435,23,48000,RENT,0.0,HOMEIMPROVEMENT,D,4000,14.96,0.08,N,4,1
37436,23,48000,MORTGAGE,5.0,PERSONAL,B,4000,10.59,0.08,N,4,0
37437,28,70000,MORTGAGE,4.0,PERSONAL,A,15000,7.51,0.21,N,9,0
37438,27,75000,RENT,4.0,EDUCATION,B,10000,10.38,0.13,N,10,0
37439,28,72000,RENT,8.0,PERSONAL,B,17000,10.62,0.24,N,5,0
37440,25,96000,RENT,2.0,HOMEIMPROVEMENT,C,10000,14.27,0.1,Y,3,0
37441,22,75500,MORTGAGE,6.0,MEDICAL,A,6000,7.74,0.07,N,2,0
37442,24,90000,RENT,4.0,EDUCATION,B,14000,10.99,0.16,N,2,0
37443,22,75000,MORTGAGE,3.0,EDUCATION,A,14800,6.03,0.2,N,2,0
37444,25,42000,RENT,1.0,MEDICAL,B,5000,10.74,0.12,N,2,0
37445,27,25000,RENT,0.0,EDUCATION,B,8000,10.99,0.32,N,8,1
37446,23,33000,RENT,2.0,VENTURE,B,3000,10.95,0.09,N,2,0
37447,23,44000,RENT,5.0,EDUCATION,C,20000,13.22,0.45,N,4,1
37448,27,63000,MORTGAGE,5.0,PERSONAL,A,10000,5.99,0.16,N,10,0
37449,23,45000,RENT,7.0,DEBTCONSOLIDATION,B,5000,10.37,0.11,N,2,0
37450,29,28800,RENT,1.0,EDUCATION,C,5000,12.99,0.17,N,6,0
37451,35,70000,RENT,3.0,DEBTCONSOLIDATION,A,14400,7.14,0.21,N,6,0
37452,23,120000,MORTGAGE,8.0,DEBTCONSOLIDATION,A,24000,7.9,0.21,N,4,0
37453,22,50000,MORTGAGE,4.0,VENTURE,D,10000,15.21,0.2,Y,2,0
37454,24,60000,RENT,0.0,MEDICAL,C,10000,13.57,0.17,N,3,0
37455,22,65000,MORTGAGE,6.0,EDUCATION,C,7000,14.65,0.11,Y,2,0
37456,22,75600,OWN,7.0,EDUCATION,B,10000,9.64,0.13,N,4,0
37457,26,55000,MORTGAGE,0.0,DEBTCONSOLIDATION,A,7000,8.59,0.13,N,2,0
37458,21,40000,MORTGAGE,5.0,VENTURE,B,2800,11.99,0.07,N,3,0
37459,22,49000,MORTGAGE,6.0,DEBTCONSOLIDATION,D,10000,16.89,0.2,N,4,1
37460,26,29000,RENT,4.0,VENTURE,B,13200,11.58,0.47,N,3,1
37461,24,24000,RENT,0.0,MEDICAL,B,5000,10.99,0.21,N,2,0
37462,23,85000,RENT,5.0,EDUCATION,A,3500,7.9,0.04,N,2,0
37463,31,112000,MORTGAGE,15.0,EDUCATION,C,5400,14.27,0.05,Y,6,0
37464,24,75000,RENT,8.0,PERSONAL,C,8000,12.61,0.11,N,2,0
37465,24,48000,MORTGAGE,8.0,VENTURE,A,3000,5.99,0.06,N,2,0
37466,26,75000,RENT,8.0,VENTURE,B,20000,9.99,0.27,N,4,0
37467,23,50000,RENT,0.0,PERSONAL,B,7000,10.65,0.14,N,4,0
37468,29,38000,RENT,4.0,MEDICAL,A,7200,7.29,0.19,N,6,0
37469,22,56400,MORTGAGE,6.0,EDUCATION,B,18800,9.96,0.34,N,3,0
37470,24,58000,RENT,4.0,HOMEIMPROVEMENT,A,5000,6.62,0.09,N,3,0
37471,21,140000,MORTGAGE,0.0,VENTURE,A,12000,6.03,0.09,N,3,0
37472,22,67992,MORTGAGE,6.0,EDUCATION,A,12000,6.62,0.18,N,4,0
37473,33,40000,MORTGAGE,1.0,PERSONAL,A,3000,6.39,0.07,N,6,0
37474,22,35000,RENT,2.0,DEBTCONSOLIDATION,C,5000,13.57,0.14,Y,2,0
37475,31,55200,MORTGAGE,11.0,MEDICAL,A,5000,6.99,0.09,N,7,0
37476,26,110000,RENT,7.0,MEDICAL,C,3500,14.65,0.03,N,3,0
37477,22,52000,RENT,2.0,PERSONAL,A,6000,8.59,0.12,N,3,0
37478,22,60000,RENT,1.0,EDUCATION,B,10000,10.36,0.17,N,2,0
37479,28,75000,RENT,0.0,VENTURE,A,10000,9.32,0.13,N,7,0
37480,34,50000,RENT,1.0,EDUCATION,B,3000,11.49,0.06,N,10,0
37481,30,90000,MORTGAGE,14.0,DEBTCONSOLIDATION,A,10000,6.91,0.11,N,10,0
37482,36,60000,MORTGAGE,16.0,MEDICAL,A,8000,7.51,0.13,N,14,0
37483,27,40000,MORTGAGE,4.0,MEDICAL,A,4200,6.76,0.1,N,6,0
37484,28,65000,RENT,4.0,HOMEIMPROVEMENT,C,1000,14.27,0.02,Y,8,0
37485,27,35000,RENT,2.0,MEDICAL,A,8000,7.49,0.23,N,10,0
37486,30,60000,MORTGAGE,11.0,DEBTCONSOLIDATION,A,6000,7.14,0.1,N,8,0
37487,22,45000,RENT,6.0,EDUCATION,C,18000,13.85,0.42,N,2,1
37488,38,81000,MORTGAGE,0.0,DEBTCONSOLIDATION,B,7800,10.36,0.1,N,13,0
37489,30,33000,MORTGAGE,14.0,HOMEIMPROVEMENT,B,7800,10.65,0.23,N,10,0
37490,27,84000,MORTGAGE,11.0,EDUCATION,A,10000,8.49,0.12,N,5,0
37491,23,70000,MORTGAGE,7.0,EDUCATION,B,9600,11.71,0.14,N,4,0
37492,25,100000,MORTGAGE,9.0,PERSONAL,A,6000,9.07,0.06,N,3,0
37493,27,83300,RENT,3.0,MEDICAL,D,16500,16.77,0.17,Y,6,1
37494,22,40000,RENT,1.0,DEBTCONSOLIDATION,B,15000,10.65,0.38,N,2,1
37495,27,78000,MORTGAGE,4.0,PERSONAL,A,5000,7.14,0.06,N,9,0
37496,32,145000,MORTGAGE,10.0,EDUCATION,C,8000,12.99,0.06,Y,6,0
37497,27,84000,MORTGAGE,5.0,VENTURE,A,10000,8.0,0.12,N,10,0
37498,28,52000,RENT,3.0,PERSONAL,C,10000,13.11,0.19,Y,9,0
37499,30,50000,MORTGAGE,5.0,PERSONAL,A,10000,7.88,0.2,N,7,0
37500,27,48000,MORTGAGE,6.0,PERSONAL,B,5000,10.74,0.1,N,5,0
37501,29,50000,MORTGAGE,5.0,DEBTCONSOLIDATION,B,7000,10.99,0.14,N,5,0
37502,23,50000,MORTGAGE,5.0,PERSONAL,B,13000,9.99,0.26,N,3,0
37503,28,60000,RENT,12.0,VENTURE,A,5000,7.14,0.08,N,8,0
37504,24,150000,MORTGAGE,8.0,PERSONAL,A,10000,5.79,0.07,N,2,0
37505,22,87000,MORTGAGE,5.0,MEDICAL,B,15000,11.49,0.17,N,2,0
37506,27,75000,RENT,11.0,HOMEIMPROVEMENT,B,15000,10.99,0.2,N,7,0
37507,23,52000,OWN,7.0,EDUCATION,B,4000,10.0,0.08,N,2,0
37508,33,33504,RENT,4.0,DEBTCONSOLIDATION,C,12000,13.98,0.35,Y,8,0
37509,27,43000,RENT,4.0,EDUCATION,B,9800,10.65,0.22,N,9,0
37510,30,38400,RENT,0.0,DEBTCONSOLIDATION,A,10000,6.62,0.26,N,5,0
37511,33,72100,RENT,0.0,PERSONAL,C,6000,14.65,0.08,Y,10,0
37512,24,54000,RENT,8.0,PERSONAL,B,5000,11.11,0.09,N,4,0
37513,27,60000,MORTGAGE,4.0,EDUCATION,B,12000,10.99,0.2,N,10,0
37514,25,48000,MORTGAGE,9.0,PERSONAL,A,12000,5.79,0.25,N,3,0
37515,21,45000,MORTGAGE,2.0,DEBTCONSOLIDATION,A,4800,7.51,0.11,N,3,0
37516,27,40000,MORTGAGE,3.0,DEBTCONSOLIDATION,B,6200,11.49,0.15,N,6,0
37517,23,38000,RENT,2.0,DEBTCONSOLIDATION,B,8000,12.21,0.21,N,4,0
37518,23,45600,MORTGAGE,0.0,VENTURE,A,2325,6.91,0.05,N,3,0
37519,23,56000,OWN,7.0,PERSONAL,B,5500,11.71,0.1,N,2,0
37520,36,52800,OWN,4.0,PERSONAL,B,2500,11.49,0.05,N,13,0
37521,27,120000,MORTGAGE,7.0,DEBTCONSOLIDATION,A,6000,7.51,0.05,N,7,0
37522,25,80000,MORTGAGE,9.0,MEDICAL,A,10000,7.88,0.13,N,4,0
37523,33,51996,MORTGAGE,0.0,PERSONAL,A,10000,9.63,0.19,N,7,0
37524,25,34000,MORTGAGE,4.0,PERSONAL,D,7600,16.29,0.23,N,2,1
37525,26,83004,MORTGAGE,4.0,DEBTCONSOLIDATION,D,15000,16.29,0.18,N,2,1
37526,24,30000,RENT,0.0,MEDICAL,A,3000,8.59,0.1,N,2,0
37527,25,60000,MORTGAGE,3.0,PERSONAL,B,17000,10.37,0.28,N,3,0
37528,36,85000,MORTGAGE,5.0,VENTURE,A,4000,6.92,0.05,N,14,0
37529,22,68000,MORTGAGE,7.0,VENTURE,B,7800,9.99,0.11,N,2,0
37530,22,27996,RENT,4.0,MEDICAL,A,5600,9.63,0.2,N,2,0
37531,26,36000,RENT,10.0,PERSONAL,B,1000,9.91,0.03,N,2,0
37532,24,30000,RENT,2.0,MEDICAL,D,3000,14.96,0.1,Y,3,1
37533,35,54500,MORTGAGE,19.0,DEBTCONSOLIDATION,B,30000,9.91,0.55,N,5,0
37534,25,232050,MORTGAGE,9.0,MEDICAL,D,6000,15.7,0.26,N,2,1
37535,34,45000,MORTGAGE,15.0,EDUCATION,A,10400,5.99,0.23,N,9,0
37536,23,49000,RENT,6.0,PERSONAL,B,6000,10.65,0.12,N,2,0
37537,28,65000,RENT,5.0,MEDICAL,B,14000,9.99,0.22,N,8,0
37538,33,53000,RENT,6.0,HOMEIMPROVEMENT,B,3600,11.71,0.07,N,5,0
37539,22,48000,MORTGAGE,5.0,PERSONAL,B,4800,9.99,0.1,N,3,0
37540,25,45000,MORTGAGE,9.0,HOMEIMPROVEMENT,A,8000,7.49,0.18,N,4,0
37541,27,44000,MORTGAGE,11.0,MEDICAL,E,25000,15.76,0.06,N,8,1
37542,22,57006,RENT,6.0,VENTURE,B,6000,11.83,0.11,N,3,0
37543,24,50000,RENT,2.0,EDUCATION,B,4800,10.59,0.1,N,3,0
37544,23,57600,MORTGAGE,7.0,DEBTCONSOLIDATION,A,8000,6.03,0.14,N,3,0
37545,21,24000,RENT,5.0,MEDICAL,B,2000,9.91,0.08,N,2,0
37546,22,65000,MORTGAGE,2.0,DEBTCONSOLIDATION,B,11800,10.95,0.18,N,4,0
37547,28,60000,MORTGAGE,12.0,PERSONAL,B,14400,11.71,0.24,N,8,0
37548,22,36000,RENT,5.0,PERSONAL,A,10000,7.14,0.28,N,3,0
37549,25,25000,MORTGAGE,3.0,HOMEIMPROVEMENT,A,6000,6.03,0.24,N,3,0
37550,23,30000,RENT,2.0,EDUCATION,D,6000,14.91,0.2,Y,4,1
37551,23,42000,MORTGAGE,6.0,EDUCATION,B,9000,9.83,0.21,N,3,0
37552,40,170000,MORTGAGE,18.0,HOMEIMPROVEMENT,B,9000,9.45,0.05,N,11,0
37553,23,85000,MORTGAGE,0.0,EDUCATION,A,12000,7.88,0.14,N,2,0
37554,24,78000,MORTGAGE,2.0,HOMEIMPROVEMENT,D,15000,17.27,0.19,Y,4,1
37555,30,81000,MORTGAGE,8.0,PERSONAL,C,6000,12.99,0.07,N,7,0
37556,30,45000,RENT,2.0,MEDICAL,B,6000,10.75,0.13,N,7,0
37557,35,60000,RENT,5.0,EDUCATION,A,8000,8.49,0.13,N,8,0
37558,39,99518,RENT,13.0,PERSONAL,C,8400,13.23,0.09,N,12,0
37559,26,75000,MORTGAGE,0.0,DEBTCONSOLIDATION,B,7200,11.49,0.1,N,2,0
37560,24,57700,MORTGAGE,8.0,HOMEIMPROVEMENT,A,3600,6.99,0.06,N,2,0
37561,22,42000,RENT,6.0,EDUCATION,B,12000,9.63,0.29,N,4,0
37562,33,60000,MORTGAGE,5.0,DEBTCONSOLIDATION,B,11500,10.71,0.19,N,7,0
37563,26,21600,RENT,2.0,EDUCATION,E,5000,19.42,0.22,Y,4,1
37564,28,263004,MORTGAGE,1.0,MEDICAL,B,25000,11.11,0.1,N,6,0
37565,23,72000,MORTGAGE,7.0,EDUCATION,B,15000,11.86,0.21,N,3,0
37566,31,85000,RENT,1.0,MEDICAL,C,3350,12.68,0.04,N,5,0
37567,23,38000,RENT,1.0,VENTURE,B,9000,12.18,0.23,N,4,0
37568,24,41500,RENT,3.0,EDUCATION,D,9600,14.84,0.22,Y,2,0
37569,36,63582,MORTGAGE,12.0,DEBTCONSOLIDATION,C,10000,13.49,0.15,Y,13,1
37570,24,70000,MORTGAGE,3.0,MEDICAL,A,5000,7.88,0.07,N,4,0
37571,36,95000,MORTGAGE,2.0,EDUCATION,C,10000,15.23,0.11,N,12,0
37572,28,50000,RENT,2.0,MEDICAL,A,10000,8.49,0.2,N,8,0
37573,25,40000,OWN,2.0,VENTURE,B,3000,12.42,0.07,N,2,0
37574,24,64500,OWN,4.0,EDUCATION,C,5000,14.26,0.08,N,4,0
37575,25,48000,RENT,5.0,PERSONAL,B,5000,9.62,0.1,N,3,0
37576,26,36000,MORTGAGE,3.0,MEDICAL,B,4400,11.49,0.12,N,3,0
37577,29,42000,MORTGAGE,7.0,HOMEIMPROVEMENT,A,3000,7.49,0.07,N,10,0
37578,40,100000,OWN,16.0,MEDICAL,A,10000,7.49,0.1,N,17,0
37579,22,34000,RENT,6.0,DEBTCONSOLIDATION,D,10000,15.31,0.29,Y,2,1
37580,28,38000,RENT,12.0,MEDICAL,B,12000,9.62,0.32,N,8,1
37581,25,29004,MORTGAGE,9.0,DEBTCONSOLIDATION,A,7000,6.03,0.24,N,2,0
37582,37,36400,RENT,3.0,MEDICAL,C,7000,13.49,0.19,N,13,0
37583,22,28000,RENT,1.0,HOMEIMPROVEMENT,A,3000,7.29,0.11,N,2,1
37584,26,50000,RENT,10.0,HOMEIMPROVEMENT,D,14000,16.89,0.28,N,2,1
37585,24,77004,MORTGAGE,4.0,DEBTCONSOLIDATION,A,15000,9.63,0.19,N,4,0
37586,22,110000,MORTGAGE,6.0,EDUCATION,B,3000,10.74,0.03,N,2,0
37587,23,60000,MORTGAGE,6.0,VENTURE,A,8000,7.74,0.13,N,3,0
37588,35,90000,MORTGAGE,14.0,MEDICAL,B,6000,12.18,0.07,N,5,0
37589,33,84000,OWN,0.0,VENTURE,A,15000,8.94,0.18,N,7,0
37590,32,48000,RENT,2.0,PERSONAL,B,4000,10.74,0.08,N,5,0
37591,29,1824000,MORTGAGE,8.0,DEBTCONSOLIDATION,C,6000,13.99,0.03,N,6,0
37592,24,50000,RENT,4.0,DEBTCONSOLIDATION,A,4750,7.49,0.1,N,2,0
37593,22,45000,RENT,2.0,EDUCATION,A,7000,7.29,0.16,N,4,0
37594,30,32000,RENT,0.0,HOMEIMPROVEMENT,D,2000,15.62,0.06,N,9,1
37595,22,48000,MORTGAGE,4.0,VENTURE,B,3000,11.36,0.06,N,4,0
37596,27,66500,MORTGAGE,4.0,VENTURE,A,10000,7.88,0.15,N,5,0
37597,28,56461,RENT,2.0,PERSONAL,E,15000,16.77,0.27,N,8,0
37598,26,44052,RENT,0.0,DEBTCONSOLIDATION,B,2500,11.71,0.06,N,4,1
37599,31,50402,MORTGAGE,4.0,HOMEIMPROVEMENT,C,2500,13.22,0.05,Y,8,0
37600,36,58380,MORTGAGE,8.0,PERSONAL,A,3000,7.29,0.05,N,13,0
37601,37,75000,MORTGAGE,9.0,HOMEIMPROVEMENT,C,6000,13.48,0.08,N,11,0
37602,28,50000,RENT,3.0,DEBTCONSOLIDATION,C,15000,13.49,0.3,N,8,0
37603,24,30000,RENT,1.0,MEDICAL,E,9200,17.99,0.3,Y,2,1
37604,22,56664,MORTGAGE,2.0,VENTURE,B,13800,10.25,0.26,N,3,0
37605,25,130000,MORTGAGE,9.0,MEDICAL,A,13000,6.99,0.01,N,4,0
37606,31,75000,MORTGAGE,3.0,EDUCATION,A,8000,6.62,0.11,N,6,0
37607,32,53000,RENT,9.0,EDUCATION,B,4000,9.99,0.07,N,5,0
37608,26,13200,RENT,0.0,DEBTCONSOLIDATION,B,1825,10.74,0.14,N,2,0
37609,32,30000,RENT,0.0,EDUCATION,B,12250,10.59,0.4,N,8,1
37610,28,108000,MORTGAGE,7.0,MEDICAL,B,8000,10.99,0.07,N,9,0
37611,33,54000,MORTGAGE,4.0,MEDICAL,B,13500,9.99,0.24,N,10,0
37612,22,60000,RENT,3.0,EDUCATION,B,2000,11.86,0.03,N,3,0
37613,33,36000,OWN,3.0,VENTURE,A,7000,7.9,0.19,N,8,0
37614,26,40000,RENT,4.0,PERSONAL,B,8000,12.42,0.2,N,2,0
37615,28,65000,OWN,12.0,MEDICAL,C,12000,14.35,0.18,N,8,0
37616,28,68000,RENT,12.0,MEDICAL,A,8000,9.63,0.11,N,8,0
37617,34,80000,MORTGAGE,5.0,MEDICAL,B,5000,10.99,0.06,N,9,0
37618,23,44000,RENT,4.0,PERSONAL,D,3600,16.02,0.08,Y,3,1
37619,28,90000,RENT,3.0,HOMEIMPROVEMENT,C,10000,13.61,0.11,Y,8,0
37620,24,75000,MORTGAGE,8.0,EDUCATION,B,15000,12.21,0.2,N,3,0
37621,21,19200,RENT,4.0,MEDICAL,D,4000,16.49,0.21,Y,2,1
37622,24,50000,RENT,5.0,PERSONAL,C,5000,13.49,0.1,Y,3,0
37623,23,35004,RENT,1.0,PERSONAL,B,6000,10.59,0.17,N,3,0
37624,27,110000,MORTGAGE,0.0,PERSONAL,A,10000,7.51,0.09,N,5,0
37625,28,72000,MORTGAGE,1.0,HOMEIMPROVEMENT,A,8000,5.42,0.11,N,8,0
37626,22,50400,RENT,2.0,VENTURE,C,2000,12.29,0.04,N,2,0
37627,30,80000,MORTGAGE,0.0,VENTURE,A,10000,6.62,0.13,N,7,0
37628,46,70000,RENT,0.0,DEBTCONSOLIDATION,C,10000,13.49,0.14,N,16,0
37629,26,39000,RENT,4.0,EDUCATION,C,3000,14.35,0.08,N,3,1
37630,24,75000,MORTGAGE,8.0,PERSONAL,C,10000,15.27,0.13,N,4,0
37631,26,87000,MORTGAGE,0.0,HOMEIMPROVEMENT,B,15000,9.25,0.17,N,4,0
37632,21,34368,RENT,3.0,DEBTCONSOLIDATION,B,12000,9.91,0.35,N,4,1
37633,22,60775,MORTGAGE,4.0,MEDICAL,D,10000,16.49,0.14,Y,3,1
37634,25,60000,RENT,5.0,DEBTCONSOLIDATION,A,5600,7.29,0.09,N,3,0
37635,24,37000,RENT,3.0,VENTURE,C,4600,13.43,0.13,Y,3,0
37636,40,43000,RENT,1.0,MEDICAL,B,3000,9.99,0.07,N,15,0
37637,26,54000,MORTGAGE,10.0,HOMEIMPROVEMENT,A,3600,6.91,0.07,N,4,1
37638,21,30000,RENT,0.0,EDUCATION,C,7500,11.97,0.25,N,3,0
37639,22,60000,RENT,4.0,VENTURE,C,4000,13.98,0.07,N,3,0
37640,22,65000,MORTGAGE,6.0,EDUCATION,A,5125,6.99,0.08,N,3,0
37641,22,48000,RENT,6.0,EDUCATION,A,5000,7.9,0.1,N,4,0
37642,36,72500,RENT,4.0,EDUCATION,B,3625,10.65,0.05,N,15,0
37643,22,80000,MORTGAGE,6.0,PERSONAL,C,6000,13.49,0.07,Y,4,0
37644,22,38000,OWN,3.0,VENTURE,B,2500,10.37,0.06,N,2,0
37645,30,120000,RENT,0.0,MEDICAL,B,6000,10.65,0.05,N,9,0
37646,28,58617,RENT,0.0,MEDICAL,D,6100,14.96,0.09,N,5,1
37647,27,120000,MORTGAGE,11.0,VENTURE,B,18000,10.99,0.15,N,6,0
37648,26,55000,MORTGAGE,10.0,HOMEIMPROVEMENT,C,11000,12.98,0.21,N,3,0
37649,23,30000,RENT,4.0,DEBTCONSOLIDATION,D,5000,16.77,0.17,N,3,1
37650,26,144000,MORTGAGE,10.0,EDUCATION,B,10000,9.91,0.07,N,3,0
37651,26,45000,MORTGAGE,10.0,MEDICAL,B,1800,11.83,0.04,N,3,0
37652,25,34000,RENT,4.0,MEDICAL,D,14500,15.58,0.47,N,4,1
37653,23,32500,RENT,0.0,EDUCATION,A,5000,8.94,0.15,N,3,0
37654,28,120000,MORTGAGE,12.0,PERSONAL,B,14000,10.99,0.12,N,7,0
37655,31,49000,MORTGAGE,5.0,EDUCATION,C,10000,13.49,0.2,Y,9,1
37656,41,30000,RENT,3.0,MEDICAL,C,7000,13.49,0.23,N,12,0
37657,33,45000,OWN,3.0,HOMEIMPROVEMENT,B,5000,11.48,0.11,N,7,0
37658,35,32000,RENT,4.0,EDUCATION,A,1500,7.29,0.05,N,7,0
37659,21,30000,RENT,1.0,HOMEIMPROVEMENT,D,3000,15.62,0.1,N,2,1
37660,45,72000,MORTGAGE,14.0,VENTURE,A,10000,6.99,0.14,N,12,0
37661,27,38400,RENT,3.0,MEDICAL,B,10000,10.75,0.26,N,10,0
37662,27,52000,RENT,7.0,PERSONAL,B,10000,9.91,0.19,N,9,0
37663,31,62000,RENT,0.0,VENTURE,B,3600,12.69,0.06,N,7,0
37664,27,70000,MORTGAGE,4.0,MEDICAL,B,10000,9.88,0.14,N,5,0
37665,22,70550,RENT,6.0,MEDICAL,E,10000,16.77,0.12,N,4,1
37666,27,50000,RENT,5.0,PERSONAL,A,7000,8.9,0.14,N,8,0
37667,36,95004,RENT,7.0,EDUCATION,A,18000,9.63,0.19,N,16,0
37668,22,40000,OWN,4.0,EDUCATION,B,8000,12.21,0.2,N,2,0
37669,24,30000,MORTGAGE,8.0,MEDICAL,A,6000,7.29,0.2,N,2,0
37670,29,29004,RENT,3.0,VENTURE,B,6000,11.83,0.21,N,7,0
37671,42,28800,OWN,0.0,HOMEIMPROVEMENT,B,7200,9.63,0.25,N,14,0
37672,27,48000,RENT,3.0,MEDICAL,D,1400,15.62,0.03,Y,6,0
37673,25,63000,MORTGAGE,0.0,DEBTCONSOLIDATION,D,10000,17.49,0.16,Y,4,1
37674,34,114000,MORTGAGE,18.0,MEDICAL,C,6000,13.06,0.05,N,5,0
37675,38,60000,RENT,6.0,VENTURE,C,3000,15.23,0.05,Y,15,0
37676,21,54000,MORTGAGE,2.0,PERSONAL,A,6600,7.9,0.12,N,4,0
37677,23,54000,RENT,0.0,PERSONAL,B,12000,10.99,0.23,N,4,1
37678,33,30000,RENT,2.0,HOMEIMPROVEMENT,C,8000,13.35,0.27,N,10,1
37679,22,48000,RENT,6.0,EDUCATION,C,8000,14.27,0.17,N,3,0
37680,25,36000,MORTGAGE,4.0,DEBTCONSOLIDATION,A,8000,6.62,0.22,N,2,0
37681,23,92500,RENT,3.0,DEBTCONSOLIDATION,A,12000,7.66,0.13,N,2,0
37682,28,24000,RENT,8.0,PERSONAL,A,8000,5.79,0.33,N,6,1
37683,26,33000,RENT,8.0,PERSONAL,A,6000,8.63,0.18,N,2,0
37684,28,120000,RENT,0.0,VENTURE,B,24250,11.48,0.2,N,7,0
37685,29,70000,MORTGAGE,5.0,MEDICAL,A,10000,7.14,0.14,N,6,0
37686,24,120000,MORTGAGE,8.0,PERSONAL,A,10000,5.42,0.08,N,3,0
37687,22,30000,MORTGAGE,6.0,EDUCATION,A,6000,6.03,0.2,N,2,0
37688,40,60000,MORTGAGE,4.0,HOMEIMPROVEMENT,A,10000,7.88,0.17,N,16,0
37689,30,106000,RENT,4.0,VENTURE,B,2400,10.99,0.02,N,10,0
37690,24,57000,RENT,8.0,VENTURE,C,14000,13.11,0.25,Y,4,0
37691,33,72000,MORTGAGE,5.0,PERSONAL,A,8000,5.79,0.11,N,5,0
37692,32,65000,MORTGAGE,4.0,VENTURE,B,6000,9.91,0.09,N,8,0
37693,26,95000,MORTGAGE,10.0,DEBTCONSOLIDATION,B,20000,10.25,0.21,N,4,0
37694,27,85392,MORTGAGE,11.0,PERSONAL,C,9950,13.11,0.12,Y,7,0
37695,36,60000,MORTGAGE,2.0,MEDICAL,B,9250,11.36,0.15,N,14,0
37696,26,50000,RENT,7.0,HOMEIMPROVEMENT,E,10750,19.42,0.21,N,3,0
37697,33,108000,RENT,5.0,DEBTCONSOLIDATION,D,5000,14.96,0.05,Y,7,1
37698,23,40000,RENT,7.0,VENTURE,A,10000,5.79,0.25,N,3,0
37699,22,29000,RENT,6.0,EDUCATION,A,11000,6.62,0.36,N,3,1
37700,27,36000,RENT,2.0,VENTURE,B,4200,10.99,0.12,N,10,0
37701,23,33500,RENT,5.0,VENTURE,A,2000,6.91,0.06,N,4,0
37702,32,31200,RENT,4.0,EDUCATION,A,6000,5.99,0.19,N,8,0
37703,25,100000,MORTGAGE,0.0,PERSONAL,A,5000,8.59,0.05,N,2,0
37704,24,28800,RENT,0.0,PERSONAL,A,4000,8.9,0.14,N,3,0
37705,29,27000,MORTGAGE,7.0,PERSONAL,B,3600,11.71,0.13,N,10,0
37706,32,65000,RENT,8.0,PERSONAL,C,7000,13.49,0.11,Y,9,0
37707,37,153000,RENT,0.0,HOMEIMPROVEMENT,D,18000,16.0,0.11,N,13,1
37708,21,40000,RENT,5.0,EDUCATION,C,1000,14.72,0.03,Y,4,0
37709,44,27000,RENT,0.0,MEDICAL,A,12000,7.51,0.43,N,13,1
37710,22,41000,MORTGAGE,6.0,VENTURE,A,6000,7.51,0.15,N,3,0
37711,25,68000,RENT,5.0,DEBTCONSOLIDATION,A,6000,7.88,0.09,N,3,0
37712,27,48996,RENT,2.0,MEDICAL,C,5000,13.16,0.1,Y,9,0
37713,38,27000,RENT,0.0,DEBTCONSOLIDATION,C,5600,12.73,0.21,N,13,0
37714,27,50000,MORTGAGE,3.0,DEBTCONSOLIDATION,A,2000,7.4,0.04,N,9,0
37715,23,52000,MORTGAGE,7.0,DEBTCONSOLIDATION,A,12000,5.42,0.23,N,3,0
37716,32,54000,RENT,6.0,PERSONAL,C,6000,12.99,0.11,N,9,0
37717,21,25200,RENT,3.0,DEBTCONSOLIDATION,B,7000,11.36,0.27,N,3,0
37718,32,55000,MORTGAGE,4.0,PERSONAL,A,18000,7.9,0.33,N,8,0
37719,23,27000,RENT,7.0,EDUCATION,C,5000,12.73,0.19,Y,3,0
37720,39,29000,RENT,4.0,EDUCATION,C,10000,13.43,0.34,N,17,1
37721,29,90000,RENT,1.0,PERSONAL,B,12000,12.69,0.13,N,5,0
37722,23,65000,RENT,0.0,MEDICAL,A,20000,7.51,0.31,N,4,1
37723,27,48000,MORTGAGE,3.0,VENTURE,A,3000,5.79,0.06,N,8,0
37724,27,78000,RENT,4.0,VENTURE,B,20000,11.12,0.26,N,9,0
37725,22,59000,MORTGAGE,7.0,EDUCATION,D,9000,16.49,0.15,N,2,0
37726,30,39600,RENT,14.0,DEBTCONSOLIDATION,A,5600,5.42,0.14,N,7,0
37727,24,82700,RENT,3.0,HOMEIMPROVEMENT,C,12000,13.57,0.15,N,3,0
37728,27,75000,MORTGAGE,9.0,VENTURE,B,15000,10.37,0.2,N,6,0
37729,21,42000,RENT,1.0,EDUCATION,A,7000,7.9,0.17,N,3,0
37730,28,100000,MORTGAGE,12.0,HOMEIMPROVEMENT,A,15000,6.99,0.15,N,7,0
37731,22,39000,RENT,6.0,DEBTCONSOLIDATION,D,16000,16.49,0.43,N,3,1
37732,22,48000,MORTGAGE,5.0,MEDICAL,A,3000,6.76,0.06,N,3,0
37733,30,80000,RENT,1.0,EDUCATION,C,24000,12.87,0.3,N,5,0
37734,24,46000,MORTGAGE,5.0,VENTURE,B,8000,10.0,0.17,N,2,0
37735,24,33000,RENT,1.0,MEDICAL,C,11500,13.85,0.34,Y,2,1
37736,22,39996,RENT,2.0,VENTURE,B,8000,12.21,0.2,N,2,0
37737,37,51000,MORTGAGE,3.0,HOMEIMPROVEMENT,B,10000,10.75,0.2,N,14,0
37738,29,100000,MORTGAGE,5.0,VENTURE,B,6000,11.12,0.06,N,9,0
37739,26,139008,MORTGAGE,2.0,EDUCATION,A,15000,7.49,0.11,N,4,0
37740,28,38000,RENT,2.0,MEDICAL,B,2000,11.71,0.05,N,10,0
37741,27,50000,RENT,0.0,MEDICAL,A,7000,8.9,0.14,N,8,0
37742,51,70000,RENT,2.0,HOMEIMPROVEMENT,A,7000,5.42,0.1,N,25,0
37743,24,70000,RENT,8.0,EDUCATION,C,25000,13.11,0.36,Y,3,1
37744,31,50000,RENT,2.0,VENTURE,B,6000,10.62,0.12,N,5,0
37745,23,50000,RENT,4.0,DEBTCONSOLIDATION,B,4000,11.49,0.08,N,2,0
37746,23,80000,RENT,5.0,EDUCATION,C,5000,13.98,0.06,N,4,0
37747,38,65000,MORTGAGE,1.0,EDUCATION,B,9500,10.0,0.15,N,14,0
37748,25,70000,MORTGAGE,6.0,DEBTCONSOLIDATION,B,25000,11.36,0.36,N,3,0
37749,33,90000,MORTGAGE,1.0,DEBTCONSOLIDATION,A,4000,7.14,0.04,N,6,0
37750,38,100000,RENT,5.0,EDUCATION,C,10000,12.53,0.1,N,14,0
37751,24,75000,MORTGAGE,1.0,VENTURE,B,15000,10.95,0.2,N,2,0
37752,23,64000,MORTGAGE,7.0,EDUCATION,A,8000,7.9,0.13,N,2,0
37753,32,55000,MORTGAGE,4.0,MEDICAL,A,12000,5.42,0.23,N,7,0
37754,23,28080,RENT,3.0,EDUCATION,C,9600,13.57,0.34,N,4,1
37755,38,39996,RENT,0.0,DEBTCONSOLIDATION,C,5000,13.48,0.13,Y,16,0
37756,29,85000,MORTGAGE,3.0,DEBTCONSOLIDATION,A,9600,7.88,0.11,N,8,0
37757,23,78000,MORTGAGE,4.0,DEBTCONSOLIDATION,D,10000,12.61,0.13,Y,2,1
37758,31,32496,RENT,2.0,PERSONAL,C,1800,13.61,0.06,N,5,0
37759,24,120000,MORTGAGE,8.0,VENTURE,B,25000,10.25,0.21,N,2,0
37760,27,42000,OWN,11.0,EDUCATION,A,7000,7.68,0.17,N,10,0
37761,25,50268,MORTGAGE,4.0,VENTURE,B,12000,12.53,0.24,N,2,0
37762,24,100460,RENT,2.0,MEDICAL,B,5600,10.59,0.06,N,2,0
37763,42,60000,OWN,3.0,PERSONAL,B,21000,11.99,0.35,N,17,0
37764,26,64999,MORTGAGE,3.0,HOMEIMPROVEMENT,C,10000,13.98,0.15,Y,2,0
37765,27,100000,MORTGAGE,2.0,EDUCATION,C,14000,13.85,0.14,N,9,0
37766,24,150000,RENT,0.0,PERSONAL,A,6000,8.49,0.04,N,4,0
37767,23,50000,MORTGAGE,7.0,EDUCATION,A,6000,8.49,0.12,N,3,0
37768,28,72000,MORTGAGE,8.0,PERSONAL,A,10250,7.9,0.15,N,6,0
37769,24,72000,RENT,8.0,VENTURE,B,12000,10.99,0.17,N,3,0
37770,31,56004,RENT,2.0,DEBTCONSOLIDATION,C,10000,13.57,0.18,Y,7,0
37771,27,120000,MORTGAGE,11.0,HOMEIMPROVEMENT,B,10000,10.59,0.08,N,5,0
37772,23,56400,RENT,1.0,EDUCATION,B,20000,11.11,0.35,N,3,1
37773,32,55000,RENT,5.0,EDUCATION,A,3600,7.29,0.07,N,10,0
37774,24,80000,MORTGAGE,4.0,EDUCATION,A,8500,6.62,0.11,N,3,0
37775,25,50000,RENT,2.0,HOMEIMPROVEMENT,A,4000,9.63,0.08,N,4,0
37776,37,50000,RENT,4.0,MEDICAL,B,10000,12.69,0.2,N,14,0
37777,23,72000,MORTGAGE,7.0,VENTURE,A,10000,7.51,0.14,N,2,0
37778,22,54000,RENT,6.0,VENTURE,A,11000,7.49,0.2,N,2,0
37779,30,90000,MORTGAGE,3.0,DEBTCONSOLIDATION,C,8000,13.06,0.09,Y,7,0
37780,25,66000,MORTGAGE,5.0,HOMEIMPROVEMENT,B,10000,10.65,0.15,N,4,0
37781,29,97000,MORTGAGE,3.0,PERSONAL,A,4000,6.99,0.04,N,5,0
37782,23,28800,RENT,3.0,MEDICAL,B,5500,10.38,0.19,N,2,0
37783,28,42000,RENT,5.0,MEDICAL,B,9600,11.99,0.23,N,10,0
37784,28,88000,MORTGAGE,12.0,VENTURE,E,6000,16.45,0.07,Y,7,0
37785,23,80000,MORTGAGE,3.0,VENTURE,C,10000,13.98,0.13,Y,3,0
37786,29,35100,RENT,2.0,DEBTCONSOLIDATION,B,1000,9.25,0.03,N,8,0
37787,40,69996,OWN,2.0,EDUCATION,C,15000,12.84,0.21,N,11,0
37788,24,65000,MORTGAGE,7.0,HOMEIMPROVEMENT,A,6000,7.14,0.09,N,4,0
37789,36,63000,RENT,5.0,MEDICAL,A,10000,5.79,0.16,N,14,0
37790,27,42000,MORTGAGE,3.0,MEDICAL,B,8500,10.95,0.2,N,10,0
37791,28,30000,RENT,2.0,MEDICAL,D,6000,14.96,0.2,Y,9,1
37792,22,95000,MORTGAGE,6.0,MEDICAL,B,17500,12.21,0.18,N,2,0
37793,23,65000,RENT,7.0,EDUCATION,A,2000,5.42,0.03,N,3,0
37794,25,39000,RENT,2.0,MEDICAL,B,4000,11.86,0.1,N,4,0
37795,24,61284,MORTGAGE,3.0,VENTURE,D,15000,18.25,0.24,Y,2,0
37796,24,108000,MORTGAGE,5.0,PERSONAL,B,10000,10.99,0.09,N,2,0
37797,24,65000,RENT,2.0,HOMEIMPROVEMENT,B,4000,11.49,0.06,N,2,0
37798,27,65000,MORTGAGE,11.0,HOMEIMPROVEMENT,C,8000,13.49,0.12,N,8,0
37799,23,100000,OWN,7.0,VENTURE,B,15000,11.14,0.15,N,3,0
37800,35,54000,MORTGAGE,2.0,HOMEIMPROVEMENT,B,15250,9.88,0.28,N,9,0
37801,23,80000,OWN,0.0,EDUCATION,A,12500,6.54,0.16,N,4,0
37802,30,50000,RENT,4.0,EDUCATION,A,6000,8.0,0.12,N,5,0
37803,34,48000,OWN,4.0,HOMEIMPROVEMENT,C,13250,13.72,0.27,N,6,0
37804,26,60000,MORTGAGE,5.0,DEBTCONSOLIDATION,A,15000,6.03,0.25,N,3,0
37805,23,38400,RENT,2.0,EDUCATION,A,10000,7.88,0.26,N,2,0
37806,27,62000,MORTGAGE,11.0,MEDICAL,B,15000,9.63,0.24,N,10,0
37807,36,41000,RENT,2.0,EDUCATION,C,6000,13.11,0.15,Y,11,0
37808,22,36000,MORTGAGE,4.0,PERSONAL,A,4800,7.9,0.13,N,4,0
37809,24,65000,MORTGAGE,8.0,VENTURE,B,12000,11.49,0.18,N,4,0
37810,46,60000,RENT,0.0,MEDICAL,C,16800,14.35,0.28,N,16,0
37811,24,48000,RENT,3.0,DEBTCONSOLIDATION,B,5000,10.25,0.1,N,3,0
37812,26,36000,MORTGAGE,5.0,PERSONAL,A,11500,8.9,0.33,N,2,0
37813,23,48000,RENT,0.0,MEDICAL,B,10000,9.63,0.21,N,2,0
37814,36,53000,MORTGAGE,2.0,HOMEIMPROVEMENT,A,6000,8.59,0.11,N,14,0
37815,23,36000,RENT,5.0,PERSONAL,D,10000,14.54,0.28,Y,4,0
37816,24,70000,MORTGAGE,8.0,PERSONAL,B,13000,10.99,0.18,N,2,0
37817,23,93600,MORTGAGE,7.0,DEBTCONSOLIDATION,A,20000,5.42,0.21,N,3,0
37818,30,120000,MORTGAGE,2.0,HOMEIMPROVEMENT,B,5000,10.65,0.04,N,9,0
37819,37,45000,OWN,2.0,VENTURE,A,3000,5.42,0.07,N,11,0
37820,35,50000,RENT,3.0,PERSONAL,B,3600,11.71,0.07,N,5,0
37821,29,60000,MORTGAGE,5.0,PERSONAL,A,2000,7.66,0.03,N,8,0
37822,35,65000,RENT,8.0,MEDICAL,C,5000,13.61,0.08,Y,8,0
37823,23,32000,RENT,3.0,EDUCATION,B,14000,10.25,0.45,N,3,1
37824,26,60000,RENT,4.0,HOMEIMPROVEMENT,C,12000,13.84,0.2,N,2,0
37825,22,54996,MORTGAGE,6.0,EDUCATION,C,5000,13.92,0.09,N,3,0
37826,25,80000,RENT,1.0,VENTURE,B,5000,10.38,0.06,N,2,0
37827,34,72000,MORTGAGE,3.0,DEBTCONSOLIDATION,D,12750,15.95,0.18,Y,6,1
37828,25,70000,MORTGAGE,6.0,HOMEIMPROVEMENT,A,3400,5.99,0.05,N,2,0
37829,22,58000,RENT,6.0,EDUCATION,B,3000,11.83,0.05,N,4,0
37830,24,72000,MORTGAGE,8.0,HOMEIMPROVEMENT,D,6500,15.95,0.09,N,4,0
37831,24,50000,OWN,1.0,VENTURE,B,2750,11.86,0.05,N,4,0
37832,34,45000,RENT,2.0,PERSONAL,A,9000,7.9,0.2,N,8,0
37833,32,30000,RENT,0.0,EDUCATION,B,3500,11.49,0.12,N,8,0
37834,22,70000,MORTGAGE,6.0,DEBTCONSOLIDATION,C,20000,13.48,0.29,N,4,0
37835,41,180000,MORTGAGE,3.0,MEDICAL,C,9000,13.8,0.05,Y,17,0
37836,22,44004,RENT,2.0,MEDICAL,C,12000,13.06,0.27,N,4,1
37837,26,55000,RENT,10.0,PERSONAL,B,5000,10.62,0.09,N,2,0
37838,22,42000,RENT,4.0,DEBTCONSOLIDATION,A,11500,6.99,0.28,N,3,0
37839,22,36120,MORTGAGE,3.0,HOMEIMPROVEMENT,C,10000,12.68,0.28,N,3,1
37840,22,28800,RENT,6.0,DEBTCONSOLIDATION,A,13000,8.49,0.45,N,4,1
37841,28,150000,RENT,0.0,EDUCATION,A,10000,7.9,0.07,N,9,0
37842,23,80000,OWN,7.0,MEDICAL,C,5000,11.34,0.06,Y,2,0
37843,25,63000,RENT,5.0,VENTURE,B,6000,10.74,0.1,N,2,0
37844,25,40000,RENT,0.0,EDUCATION,B,4200,9.63,0.1,N,2,0
37845,25,78000,MORTGAGE,1.0,HOMEIMPROVEMENT,D,12800,16.02,0.15,N,3,0
37846,23,30000,RENT,1.0,PERSONAL,D,7000,14.91,0.23,N,2,1
37847,37,79000,OWN,9.0,VENTURE,A,3200,7.14,0.04,N,14,0
37848,29,46000,MORTGAGE,8.0,HOMEIMPROVEMENT,A,8000,7.49,0.17,N,9,0
37849,25,100000,RENT,0.0,PERSONAL,B,3000,10.99,0.03,N,2,0
37850,23,40000,RENT,0.0,PERSONAL,B,4800,10.99,0.12,N,4,0
37851,24,24432,RENT,0.0,MEDICAL,A,2000,8.59,0.08,N,3,0
37852,28,29963,OWN,13.0,EDUCATION,C,10000,15.96,0.34,Y,8,0
37853,24,55000,MORTGAGE,5.0,HOMEIMPROVEMENT,A,8000,6.17,0.15,N,4,0
37854,23,70000,RENT,2.0,VENTURE,A,12000,8.9,0.17,N,2,0
37855,36,70000,MORTGAGE,19.0,EDUCATION,C,5000,13.49,0.07,Y,11,0
37856,22,30000,RENT,1.0,DEBTCONSOLIDATION,A,3000,6.62,0.1,N,3,0
37857,33,92004,MORTGAGE,4.0,MEDICAL,A,10000,9.63,0.11,N,8,0
37858,22,50000,RENT,2.0,PERSONAL,B,15200,10.25,0.3,N,2,0
37859,24,51000,RENT,1.0,HOMEIMPROVEMENT,D,22000,15.58,0.44,Y,3,1
37860,22,24000,OWN,4.0,PERSONAL,A,1800,7.49,0.07,N,4,1
37861,27,100000,MORTGAGE,11.0,VENTURE,F,12000,15.76,0.12,Y,9,0
37862,28,48000,RENT,1.0,MEDICAL,A,8000,8.49,0.17,N,8,0
37863,23,90000,RENT,5.0,EDUCATION,B,8500,10.62,0.09,N,4,0
37864,25,43000,RENT,10.0,HOMEIMPROVEMENT,B,20000,12.18,0.46,N,2,1
37865,23,56000,RENT,2.0,MEDICAL,C,2500,10.28,0.05,Y,2,0
37866,24,25200,RENT,0.0,PERSONAL,B,6500,9.76,0.26,N,3,0
37867,25,50000,OWN,0.0,HOMEIMPROVEMENT,A,15000,7.51,0.3,N,3,0
37868,35,73000,MORTGAGE,17.0,PERSONAL,C,4000,13.23,0.05,Y,5,0
37869,32,57992,RENT,5.0,HOMEIMPROVEMENT,A,10000,8.59,0.17,N,6,0
37870,30,38000,MORTGAGE,5.0,HOMEIMPROVEMENT,C,6000,14.79,0.16,N,10,0
37871,29,60000,MORTGAGE,11.0,HOMEIMPROVEMENT,B,2500,12.69,0.04,N,10,0
37872,23,56000,OWN,7.0,VENTURE,A,6000,6.17,0.11,N,2,0
37873,23,54000,RENT,7.0,DEBTCONSOLIDATION,B,12000,9.91,0.22,N,4,0
37874,30,38400,RENT,1.0,VENTURE,B,3600,10.46,0.09,N,9,0
37875,34,42000,RENT,5.0,MEDICAL,B,4000,10.25,0.1,N,6,0
37876,35,54000,RENT,4.0,DEBTCONSOLIDATION,D,10000,14.11,0.19,Y,6,1
37877,23,60000,MORTGAGE,7.0,EDUCATION,B,10000,10.65,0.17,N,3,0
37878,28,65000,MORTGAGE,6.0,HOMEIMPROVEMENT,B,15000,11.99,0.23,N,9,0
37879,25,9600,RENT,2.0,MEDICAL,D,7000,14.11,0.06,Y,4,1
37880,23,78792,MORTGAGE,7.0,EDUCATION,D,20000,14.96,0.25,Y,2,0
37881,24,44000,RENT,2.0,DEBTCONSOLIDATION,C,5000,12.23,0.11,Y,3,1
37882,24,95000,MORTGAGE,1.0,DEBTCONSOLIDATION,A,4000,5.42,0.04,N,3,0
37883,29,78000,RENT,3.0,EDUCATION,A,6000,9.63,0.08,N,7,0
37884,36,59000,RENT,3.0,MEDICAL,A,10000,8.49,0.17,N,14,0
37885,24,62004,RENT,8.0,EDUCATION,D,6000,14.09,0.1,N,2,0
37886,23,84000,MORTGAGE,7.0,EDUCATION,B,25000,12.18,0.3,N,3,0
37887,32,40000,RENT,3.0,MEDICAL,B,10400,11.71,0.27,N,10,0
37888,25,45000,RENT,9.0,MEDICAL,A,5000,6.62,0.11,N,4,1
37889,57,65000,OWN,7.0,PERSONAL,B,10000,9.91,0.15,N,20,0
37890,25,60000,MORTGAGE,0.0,PERSONAL,A,3600,8.59,0.06,N,3,0
37891,29,62000,RENT,2.0,VENTURE,C,13000,13.57,0.21,Y,9,0
37892,22,70000,RENT,4.0,VENTURE,B,10000,10.37,0.14,N,2,0
37893,26,70000,MORTGAGE,10.0,HOMEIMPROVEMENT,A,12000,7.51,0.17,N,2,0
37894,23,90000,MORTGAGE,7.0,MEDICAL,B,12000,10.37,0.13,N,3,0
37895,29,120000,MORTGAGE,5.0,DEBTCONSOLIDATION,B,10000,11.14,0.08,N,9,0
37896,33,85000,MORTGAGE,2.0,DEBTCONSOLIDATION,B,7750,11.12,0.09,N,7,0
37897,29,72000,RENT,2.0,MEDICAL,B,20000,11.36,0.28,N,10,0
37898,27,26000,RENT,1.0,MEDICAL,A,7200,7.49,0.27,N,8,0
37899,27,90000,RENT,4.0,HOMEIMPROVEMENT,C,15000,12.68,0.17,N,10,0
37900,27,45000,MORTGAGE,1.0,DEBTCONSOLIDATION,B,12000,11.86,0.27,N,9,0
37901,35,45000,RENT,6.0,MEDICAL,B,15650,11.49,0.34,N,9,1
37902,35,900000,MORTGAGE,18.0,PERSONAL,B,4500,10.65,0.01,N,6,0
37903,27,36000,RENT,0.0,EDUCATION,B,8000,10.65,0.22,N,7,0
37904,37,60000,RENT,4.0,EDUCATION,D,4000,14.09,0.07,Y,13,0
37905,29,75000,RENT,4.0,VENTURE,B,15000,12.69,0.2,N,10,0
37906,23,32004,RENT,3.0,EDUCATION,B,12000,11.49,0.37,N,3,1
37907,31,70000,MORTGAGE,9.0,DEBTCONSOLIDATION,B,8000,11.11,0.11,N,9,0
37908,25,53000,MORTGAGE,7.0,DEBTCONSOLIDATION,B,12000,10.65,0.23,N,2,0
37909,38,110000,MORTGAGE,13.0,EDUCATION,A,12000,7.88,0.11,N,13,0
37910,26,38004,RENT,0.0,MEDICAL,A,3500,6.91,0.09,N,4,0
37911,21,42000,RENT,5.0,EDUCATION,A,5000,6.03,0.12,N,4,0
37912,23,60000,RENT,3.0,EDUCATION,C,5000,13.11,0.08,N,4,0
37913,27,130000,MORTGAGE,1.0,HOMEIMPROVEMENT,C,24000,13.49,0.18,N,8,0
37914,23,80196,OWN,2.0,VENTURE,B,5500,9.91,0.07,N,4,0
37915,31,39000,MORTGAGE,2.0,HOMEIMPROVEMENT,B,5000,10.99,0.13,N,10,0
37916,23,25000,MORTGAGE,0.0,DEBTCONSOLIDATION,B,3000,11.49,0.12,N,3,0
37917,27,108000,RENT,4.0,HOMEIMPROVEMENT,D,7000,15.99,0.06,Y,6,1
37918,23,32000,RENT,4.0,DEBTCONSOLIDATION,A,10625,6.62,0.32,N,2,1
37919,23,60000,MORTGAGE,0.0,VENTURE,D,5600,15.28,0.09,Y,2,0
37920,31,70000,RENT,3.0,HOMEIMPROVEMENT,B,7000,10.59,0.1,N,5,0
37921,25,30000,MORTGAGE,1.0,HOMEIMPROVEMENT,B,8000,11.89,0.27,N,3,1
37922,23,28800,RENT,1.0,MEDICAL,A,4000,7.66,0.15,N,3,0
37923,25,42504,RENT,7.0,MEDICAL,A,7125,7.51,0.17,N,2,0
37924,22,30000,RENT,0.0,MEDICAL,A,1000,9.32,0.03,N,4,0
37925,29,80000,RENT,4.0,PERSONAL,B,12000,12.42,0.15,N,9,0
37926,24,80000,MORTGAGE,8.0,PERSONAL,A,5000,7.51,0.06,N,3,0
37927,41,64500,MORTGAGE,3.0,VENTURE,A,2500,8.94,0.04,N,12,0
37928,22,105000,MORTGAGE,6.0,EDUCATION,C,14000,12.61,0.13,N,2,0
37929,24,78000,RENT,1.0,DEBTCONSOLIDATION,B,9600,11.26,0.12,N,4,0
37930,22,92000,MORTGAGE,6.0,EDUCATION,A,15000,7.88,0.16,N,3,0
37931,37,130000,RENT,9.0,HOMEIMPROVEMENT,C,10000,13.49,0.08,N,12,0
37932,32,25000,RENT,1.0,MEDICAL,A,8400,7.66,0.33,N,9,1
37933,35,55000,RENT,3.0,DEBTCONSOLIDATION,A,6000,6.91,0.11,N,9,0
37934,36,120000,MORTGAGE,7.0,MEDICAL,A,6850,7.29,0.06,N,15,0
37935,23,57500,MORTGAGE,7.0,PERSONAL,C,15000,12.09,0.26,Y,3,0
37936,24,90000,MORTGAGE,8.0,EDUCATION,A,8000,7.51,0.09,N,4,0
37937,30,95000,RENT,4.0,VENTURE,B,4800,10.99,0.05,N,9,0
37938,24,122000,MORTGAGE,2.0,VENTURE,A,11200,5.42,0.09,N,2,0
37939,29,60000,OWN,7.0,HOMEIMPROVEMENT,C,12000,12.87,0.2,Y,9,0
37940,23,120000,OWN,7.0,PERSONAL,B,11050,11.48,0.09,N,3,0
37941,22,50000,RENT,6.0,PERSONAL,A,12000,7.9,0.24,N,2,0
37942,37,30000,RENT,0.0,MEDICAL,C,8000,13.22,0.27,N,17,0
37943,23,90000,MORTGAGE,4.0,EDUCATION,A,4000,8.0,0.04,N,3,0
37944,22,30000,RENT,0.0,DEBTCONSOLIDATION,A,4000,6.76,0.13,N,4,0
37945,21,21600,RENT,0.0,MEDICAL,B,4200,9.99,0.19,N,4,0
37946,22,44000,RENT,3.0,MEDICAL,D,7500,12.92,0.17,N,3,1
37947,24,40000,RENT,0.0,EDUCATION,C,10000,13.49,0.25,N,2,0
37948,24,55236,RENT,8.0,PERSONAL,B,4400,10.0,0.08,N,4,0
37949,22,120000,MORTGAGE,6.0,MEDICAL,B,5000,10.65,0.04,N,3,0
37950,25,81500,MORTGAGE,9.0,PERSONAL,B,10000,11.48,0.12,N,4,1
37951,26,86095,OWN,5.0,HOMEIMPROVEMENT,C,5000,13.99,0.06,N,2,0
37952,29,70000,MORTGAGE,13.0,HOMEIMPROVEMENT,A,8000,6.03,0.11,N,6,0
37953,25,65000,MORTGAGE,9.0,HOMEIMPROVEMENT,B,10000,10.25,0.15,N,3,0
37954,22,60000,RENT,0.0,MEDICAL,A,4800,7.88,0.08,N,3,0
37955,23,49200,RENT,7.0,MEDICAL,C,5600,13.43,0.11,N,4,0
37956,26,25000,MORTGAGE,2.0,MEDICAL,A,3000,7.9,0.12,N,2,0
37957,27,85000,OWN,7.0,VENTURE,A,8000,7.43,0.09,N,10,0
37958,29,260000,MORTGAGE,3.0,MEDICAL,B,25000,10.37,0.1,N,6,0
37959,33,30000,RENT,2.0,PERSONAL,B,3000,11.86,0.1,N,6,0
37960,38,75000,RENT,6.0,VENTURE,B,10000,9.99,0.13,N,17,0
37961,22,51480,MORTGAGE,4.0,EDUCATION,A,10000,7.14,0.19,N,4,0
37962,22,37850,RENT,2.0,DEBTCONSOLIDATION,B,6200,10.65,0.16,N,2,0
37963,29,48000,RENT,11.0,DEBTCONSOLIDATION,A,3000,5.42,0.06,N,9,0
37964,22,65000,RENT,4.0,MEDICAL,B,8000,10.91,0.12,N,2,0
37965,22,60000,RENT,6.0,PERSONAL,C,3600,13.06,0.06,N,4,0
37966,22,62000,RENT,6.0,VENTURE,A,3600,7.51,0.06,N,3,0
37967,22,48000,OWN,6.0,EDUCATION,B,2400,10.75,0.05,N,3,0
37968,29,60000,MORTGAGE,4.0,MEDICAL,A,4000,6.99,0.07,N,5,0
37969,26,33000,OWN,10.0,EDUCATION,A,7000,6.91,0.21,N,4,0
37970,22,60000,RENT,0.0,EDUCATION,B,15000,11.86,0.25,N,3,0
37971,21,27500,RENT,5.0,VENTURE,C,7000,15.27,0.27,Y,2,0
37972,24,70000,RENT,2.0,DEBTCONSOLIDATION,C,8000,13.85,0.11,N,2,0
37973,25,52800,RENT,2.0,MEDICAL,B,5000,10.37,0.1,N,4,0
37974,22,60000,MORTGAGE,6.0,EDUCATION,A,14000,7.51,0.23,N,3,0
37975,23,54000,RENT,7.0,PERSONAL,B,2500,9.62,0.05,N,3,0
37976,27,52000,OWN,2.0,PERSONAL,B,5000,11.36,0.1,N,6,0
37977,36,80000,MORTGAGE,5.0,VENTURE,B,10000,11.48,0.13,N,16,0
37978,28,60000,OWN,4.0,HOMEIMPROVEMENT,B,20000,12.18,0.33,N,5,0
37979,27,60000,MORTGAGE,7.0,MEDICAL,A,7000,6.91,0.12,N,8,0
37980,28,80000,RENT,2.0,VENTURE,C,3600,13.16,0.04,Y,5,0
37981,30,40000,MORTGAGE,4.0,VENTURE,A,2000,7.51,0.05,N,6,0
37982,35,120000,MORTGAGE,11.0,DEBTCONSOLIDATION,A,10000,5.79,0.08,N,8,0
37983,23,50004,MORTGAGE,7.0,DEBTCONSOLIDATION,A,7200,7.88,0.14,N,3,0
37984,29,40000,RENT,9.0,MEDICAL,A,5000,7.51,0.13,N,5,0
37985,23,80000,RENT,7.0,EDUCATION,B,4000,10.99,0.05,N,2,0
37986,22,60000,MORTGAGE,6.0,VENTURE,A,5500,6.03,0.09,N,4,0
37987,28,33600,RENT,12.0,MEDICAL,A,3000,7.29,0.09,N,6,0
37988,22,24500,MORTGAGE,4.0,EDUCATION,A,4500,7.14,0.18,N,4,0
37989,29,55200,MORTGAGE,13.0,MEDICAL,A,4000,6.76,0.07,N,9,0
37990,25,65000,MORTGAGE,9.0,MEDICAL,B,6000,11.49,0.09,N,3,0
37991,30,60000,RENT,5.0,EDUCATION,A,10000,8.9,0.17,N,5,0
37992,28,90000,MORTGAGE,12.0,PERSONAL,B,15000,8.88,0.17,N,6,0
37993,24,45000,RENT,0.0,VENTURE,A,15000,7.29,0.33,N,2,1
37994,23,60000,MORTGAGE,3.0,EDUCATION,B,12250,10.59,0.2,N,3,0
37995,42,60000,RENT,4.0,DEBTCONSOLIDATION,B,9600,10.99,0.16,N,11,0
37996,23,33000,RENT,0.0,VENTURE,B,5000,11.71,0.15,N,2,0
37997,32,110000,MORTGAGE,8.0,HOMEIMPROVEMENT,A,5000,5.79,0.05,N,7,0
37998,29,100000,RENT,3.0,DEBTCONSOLIDATION,B,16000,12.18,0.16,N,8,0
37999,25,90000,MORTGAGE,9.0,DEBTCONSOLIDATION,A,18000,6.03,0.2,N,3,0
38000,25,80000,RENT,0.0,PERSONAL,B,10000,10.37,0.13,N,4,0
38001,24,74004,RENT,3.0,PERSONAL,A,7200,7.88,0.1,N,4,0
38002,28,63996,MORTGAGE,12.0,VENTURE,B,12000,10.62,0.19,N,10,0
38003,22,50000,RENT,4.0,PERSONAL,A,7000,5.79,0.14,N,3,0
38004,28,51996,MORTGAGE,12.0,PERSONAL,C,8000,13.11,0.15,N,7,0
38005,25,95000,RENT,0.0,DEBTCONSOLIDATION,B,5600,9.99,0.06,N,4,0
38006,22,43000,RENT,6.0,MEDICAL,D,15000,14.59,0.35,Y,2,1
38007,43,44400,MORTGAGE,3.0,EDUCATION,C,2500,14.35,0.06,Y,15,0
38008,23,47000,MORTGAGE,3.0,MEDICAL,B,16500,11.83,0.35,N,4,0
38009,41,61000,MORTGAGE,14.0,DEBTCONSOLIDATION,A,6000,7.66,0.1,N,15,0
38010,22,50000,RENT,3.0,EDUCATION,C,15000,13.49,0.3,N,3,0
38011,24,69996,RENT,4.0,PERSONAL,A,12000,5.79,0.17,N,3,0
38012,23,48000,RENT,1.0,PERSONAL,A,16750,7.49,0.33,N,2,1
38013,31,100000,RENT,1.0,EDUCATION,B,18000,11.48,0.18,N,10,0
38014,25,60000,RENT,9.0,HOMEIMPROVEMENT,B,7000,11.99,0.12,N,2,0
38015,53,48000,RENT,0.0,PERSONAL,B,13000,11.83,0.27,N,30,0
38016,27,65004,RENT,4.0,VENTURE,B,14100,11.49,0.22,N,5,0
38017,22,53000,RENT,2.0,MEDICAL,A,10000,7.88,0.19,N,4,0
38018,34,72000,MORTGAGE,5.0,DEBTCONSOLIDATION,B,20000,10.38,0.28,N,10,0
38019,32,50000,RENT,4.0,MEDICAL,D,16000,14.42,0.32,N,8,1
38020,30,60000,RENT,3.0,HOMEIMPROVEMENT,A,6000,5.99,0.1,N,10,0
38021,45,35000,RENT,3.0,DEBTCONSOLIDATION,C,12000,13.22,0.34,N,15,1
38022,25,75996,RENT,4.0,VENTURE,A,3250,7.75,0.05,N,2,0
38023,24,48000,MORTGAGE,8.0,EDUCATION,A,2000,7.68,0.04,N,4,0
38024,24,70000,RENT,1.0,VENTURE,B,10000,9.88,0.14,N,4,0
38025,29,60000,OWN,13.0,MEDICAL,A,12600,6.92,0.21,N,6,0
38026,22,130000,MORTGAGE,6.0,EDUCATION,C,20000,13.47,0.15,Y,4,0
38027,28,33000,RENT,1.0,DEBTCONSOLIDATION,B,5000,11.12,0.15,N,9,0
38028,39,30000,RENT,3.0,MEDICAL,C,2300,12.84,0.08,N,17,0
38029,29,57600,MORTGAGE,13.0,DEBTCONSOLIDATION,A,12000,7.88,0.21,N,7,0
38030,26,36000,RENT,4.0,PERSONAL,C,12000,13.16,0.33,Y,4,0
38031,34,36000,RENT,0.0,MEDICAL,A,3000,7.49,0.08,N,6,0
38032,24,40000,RENT,0.0,MEDICAL,B,4425,12.18,0.11,N,4,0
38033,53,60000,RENT,0.0,PERSONAL,B,3000,11.71,0.05,N,30,0
38034,30,40000,RENT,14.0,MEDICAL,B,5000,8.88,0.13,N,8,0
38035,21,20000,RENT,3.0,EDUCATION,A,5500,5.42,0.27,N,4,0
38036,36,60000,RENT,0.0,VENTURE,C,5600,13.22,0.09,Y,14,0
38037,26,48000,RENT,2.0,EDUCATION,C,4000,14.35,0.08,N,4,0
38038,28,75000,MORTGAGE,6.0,MEDICAL,A,2500,7.66,0.03,N,10,0
38039,23,36000,MORTGAGE,4.0,PERSONAL,A,8000,6.54,0.22,N,3,0
38040,27,40000,RENT,0.0,PERSONAL,C,10000,12.53,0.25,N,5,0
38041,23,150000,MORTGAGE,7.0,DEBTCONSOLIDATION,B,21000,10.99,0.13,N,3,0
38042,28,41496,RENT,4.0,DEBTCONSOLIDATION,D,5000,15.62,0.12,Y,9,1
38043,25,40000,RENT,1.0,MEDICAL,A,5000,7.88,0.13,N,2,0
38044,23,92004,MORTGAGE,4.0,EDUCATION,C,10000,12.73,0.11,Y,4,0
38045,25,125000,MORTGAGE,5.0,VENTURE,A,12000,6.03,0.1,N,2,0
38046,29,64500,MORTGAGE,0.0,HOMEIMPROVEMENT,A,7000,6.91,0.11,N,6,0
38047,32,59363,RENT,2.0,PERSONAL,C,6000,13.92,0.1,Y,7,0
38048,25,57700,MORTGAGE,9.0,HOMEIMPROVEMENT,B,13500,10.99,0.23,N,4,0
38049,22,33000,MORTGAGE,0.0,EDUCATION,B,1800,10.0,0.05,N,3,0
38050,32,29000,RENT,3.0,MEDICAL,B,6000,11.86,0.21,N,9,0
38051,28,33000,RENT,1.0,EDUCATION,B,4800,12.42,0.15,N,8,0
38052,24,28000,RENT,1.0,DEBTCONSOLIDATION,B,3600,10.59,0.13,N,4,0
38053,23,30000,RENT,4.0,EDUCATION,B,6000,10.59,0.2,N,3,0
38054,29,40000,MORTGAGE,2.0,HOMEIMPROVEMENT,B,8000,10.99,0.2,N,9,0
38055,27,56000,MORTGAGE,11.0,HOMEIMPROVEMENT,A,12000,7.49,0.21,N,5,0
38056,24,24000,RENT,0.0,VENTURE,B,2000,11.12,0.08,N,3,0
38057,38,130000,MORTGAGE,2.0,PERSONAL,C,16000,13.47,0.12,Y,16,0
38058,25,70000,MORTGAGE,5.0,PERSONAL,A,10000,7.14,0.14,N,4,0
38059,22,48000,RENT,4.0,EDUCATION,D,5000,15.31,0.1,Y,3,0
38060,35,40000,RENT,3.0,EDUCATION,C,10000,13.43,0.25,N,5,0
38061,34,28800,RENT,0.0,EDUCATION,B,1800,9.63,0.06,N,5,0
38062,24,45000,RENT,4.0,MEDICAL,B,10000,10.65,0.22,N,2,0
38063,24,70000,MORTGAGE,8.0,DEBTCONSOLIDATION,B,20000,9.62,0.29,N,4,0
38064,23,113000,RENT,4.0,VENTURE,A,10000,7.66,0.09,N,2,0
38065,23,60000,RENT,7.0,MEDICAL,B,5000,11.71,0.08,N,2,0
38066,28,154000,MORTGAGE,6.0,HOMEIMPROVEMENT,B,5000,12.53,0.03,N,10,0
38067,32,67000,RENT,8.0,EDUCATION,C,12000,11.03,0.18,N,7,0
38068,24,54566,MORTGAGE,8.0,EDUCATION,C,2200,15.27,0.04,Y,4,0
38069,24,80000,MORTGAGE,5.0,MEDICAL,B,15000,11.86,0.19,N,3,0
38070,27,110000,RENT,4.0,HOMEIMPROVEMENT,C,12000,13.11,0.1,N,5,0
38071,23,65000,RENT,7.0,VENTURE,F,15175,19.79,0.23,Y,4,0
38072,28,50000,RENT,3.0,DEBTCONSOLIDATION,C,5000,12.73,0.1,Y,7,0
38073,30,150000,RENT,5.0,HOMEIMPROVEMENT,B,10000,12.42,0.07,N,8,0
38074,31,85000,MORTGAGE,5.0,DEBTCONSOLIDATION,A,14000,8.9,0.16,N,8,0
38075,25,80000,RENT,5.0,DEBTCONSOLIDATION,A,12000,8.49,0.15,N,3,0
38076,33,50000,OWN,3.0,VENTURE,A,12000,8.94,0.24,N,10,0
38077,24,46000,MORTGAGE,4.0,EDUCATION,D,7700,14.54,0.17,Y,2,0
38078,31,95000,MORTGAGE,6.0,DEBTCONSOLIDATION,A,17000,6.03,0.18,N,5,0
38079,25,40000,MORTGAGE,9.0,DEBTCONSOLIDATION,B,8000,10.74,0.2,N,4,0
38080,30,99996,RENT,14.0,HOMEIMPROVEMENT,C,20000,13.49,0.2,N,7,0
38081,23,100000,MORTGAGE,2.0,PERSONAL,D,10000,16.49,0.1,Y,2,0
38082,23,60000,RENT,3.0,PERSONAL,C,10000,12.23,0.17,N,2,0
38083,24,94500,MORTGAGE,8.0,HOMEIMPROVEMENT,A,13500,7.66,0.14,N,2,0
38084,38,86000,MORTGAGE,12.0,HOMEIMPROVEMENT,A,28000,8.49,0.33,N,13,0
38085,22,58000,RENT,6.0,PERSONAL,B,10000,11.99,0.17,N,4,0
38086,22,14400,RENT,1.0,MEDICAL,B,3000,11.99,0.21,N,4,1
38087,22,45000,RENT,3.0,DEBTCONSOLIDATION,A,1500,7.88,0.03,N,3,0
38088,38,35482,OWN,6.0,HOMEIMPROVEMENT,B,4250,11.83,0.12,N,16,0
38089,27,75800,MORTGAGE,1.0,HOMEIMPROVEMENT,A,6000,6.76,0.08,N,5,0
38090,22,78000,MORTGAGE,0.0,DEBTCONSOLIDATION,B,1475,10.25,0.02,N,2,0
38091,23,120000,MORTGAGE,5.0,VENTURE,B,6000,10.99,0.05,N,4,0
38092,24,120000,RENT,8.0,EDUCATION,B,28000,11.49,0.23,N,2,0
38093,27,37000,OWN,1.0,VENTURE,B,10000,9.88,0.27,N,9,0
38094,22,57200,MORTGAGE,6.0,EDUCATION,B,5600,10.59,0.1,N,2,0
38095,26,85000,RENT,7.0,PERSONAL,A,7500,7.88,0.09,N,3,0
38096,29,120000,MORTGAGE,13.0,EDUCATION,C,4800,13.61,0.04,Y,6,0
38097,37,90000,RENT,4.0,VENTURE,C,3000,13.79,0.03,N,12,0
38098,21,12000,RENT,2.0,PERSONAL,B,4000,10.99,0.33,N,2,1
38099,36,78000,MORTGAGE,4.0,MEDICAL,B,15000,11.49,0.19,N,14,0
38100,23,50000,RENT,2.0,MEDICAL,B,1200,11.26,0.02,N,3,0
38101,42,97000,MORTGAGE,1.0,PERSONAL,E,18000,16.4,0.19,Y,16,0
38102,22,70584,MORTGAGE,7.0,EDUCATION,A,3000,5.99,0.04,N,2,0
38103,28,64000,MORTGAGE,4.0,EDUCATION,D,12800,14.11,0.19,Y,6,0
38104,29,78000,MORTGAGE,0.0,DEBTCONSOLIDATION,C,15000,13.85,0.19,N,5,1
38105,29,70000,MORTGAGE,3.0,EDUCATION,A,6500,6.03,0.09,N,10,0
38106,24,60000,RENT,1.0,VENTURE,B,10000,10.65,0.17,N,2,0
38107,28,60000,MORTGAGE,12.0,EDUCATION,A,15000,7.9,0.25,N,7,0
38108,26,48000,MORTGAGE,10.0,EDUCATION,B,9000,12.69,0.19,N,2,0
38109,24,36000,RENT,5.0,VENTURE,D,6000,14.59,0.17,N,2,0
38110,27,90000,RENT,3.0,PERSONAL,A,1000,8.0,0.1,N,7,0
38111,22,25800,RENT,2.0,VENTURE,A,6000,7.14,0.23,N,2,0
38112,31,70000,MORTGAGE,3.0,HOMEIMPROVEMENT,A,6000,7.9,0.09,N,8,0
38113,45,62000,OWN,17.0,EDUCATION,C,9600,13.57,0.15,Y,12,0
38114,22,48000,RENT,3.0,DEBTCONSOLIDATION,B,3500,9.88,0.07,N,4,0
38115,22,40000,RENT,2.0,EDUCATION,A,10000,7.88,0.25,N,4,0
38116,28,65000,RENT,3.0,MEDICAL,C,16000,13.22,0.25,N,5,0
38117,37,75000,MORTGAGE,8.0,HOMEIMPROVEMENT,A,10000,6.62,0.13,N,17,0
38118,27,85000,MORTGAGE,2.0,DEBTCONSOLIDATION,B,12000,10.99,0.14,N,6,0
38119,24,200000,MORTGAGE,5.0,DEBTCONSOLIDATION,B,24000,11.71,0.12,N,2,0
38120,26,90000,MORTGAGE,7.0,HOMEIMPROVEMENT,A,12000,7.49,0.13,N,3,0
38121,23,70000,RENT,3.0,PERSONAL,A,8000,8.9,0.11,N,2,0
38122,22,73000,RENT,3.0,EDUCATION,A,1000,8.59,0.01,N,2,0
38123,27,44004,OWN,2.0,VENTURE,A,5000,6.62,0.11,N,7,0
38124,23,80500,RENT,5.0,PERSONAL,B,5000,9.25,0.06,N,3,0
38125,23,54000,OWN,7.0,EDUCATION,A,8000,6.76,0.15,N,2,0
38126,24,51300,MORTGAGE,8.0,VENTURE,B,11200,10.99,0.22,N,3,0
38127,29,60000,MORTGAGE,5.0,VENTURE,A,15000,7.49,0.25,N,6,0
38128,27,88055,RENT,6.0,VENTURE,B,20000,12.42,0.25,N,6,0
38129,23,71604,RENT,7.0,PERSONAL,B,7200,10.95,0.1,N,3,0
38130,22,21600,RENT,2.0,DEBTCONSOLIDATION,B,2400,12.18,0.11,N,4,0
38131,27,50000,RENT,2.0,DEBTCONSOLIDATION,B,16000,10.99,0.32,N,9,1
38132,21,88000,MORTGAGE,0.0,VENTURE,A,13200,7.51,0.16,N,4,0
38133,26,35000,RENT,10.0,VENTURE,B,7000,12.69,0.2,N,2,0
38134,26,34000,MORTGAGE,0.0,HOMEIMPROVEMENT,C,5000,13.61,0.15,Y,4,1
38135,27,40000,MORTGAGE,3.0,EDUCATION,D,8500,14.74,0.21,N,6,0
38136,27,38000,MORTGAGE,0.0,VENTURE,C,10000,13.49,0.26,Y,6,0
38137,21,26000,RENT,0.0,DEBTCONSOLIDATION,B,2400,11.71,0.09,N,2,0
38138,46,57504,MORTGAGE,9.0,PERSONAL,B,1500,10.38,0.03,N,15,0
38139,39,39000,RENT,11.0,EDUCATION,D,1500,15.62,0.04,Y,17,1
38140,22,60000,MORTGAGE,6.0,EDUCATION,A,10000,7.29,0.17,N,3,0
38141,23,53004,RENT,7.0,DEBTCONSOLIDATION,D,9000,14.84,0.17,Y,3,1
38142,22,59619,MORTGAGE,6.0,HOMEIMPROVEMENT,C,12000,13.49,0.2,N,4,1
38143,24,52809,RENT,8.0,MEDICAL,B,13000,10.62,0.25,N,4,0
38144,22,45000,MORTGAGE,0.0,PERSONAL,A,9125,5.79,0.2,N,3,0
38145,27,80000,OWN,2.0,EDUCATION,B,10000,12.69,0.13,N,5,0
38146,24,49000,MORTGAGE,8.0,DEBTCONSOLIDATION,C,10000,12.61,0.2,N,3,0
38147,24,40000,RENT,7.0,VENTURE,A,1500,7.51,0.04,N,4,0
38148,22,30000,OWN,3.0,EDUCATION,B,5000,11.49,0.17,N,4,0
38149,25,60000,RENT,5.0,PERSONAL,A,7000,7.49,0.12,N,4,0
38150,25,38400,RENT,2.0,MEDICAL,B,12000,10.75,0.32,N,4,1
38151,41,48000,MORTGAGE,3.0,HOMEIMPROVEMENT,B,5000,11.71,0.1,N,13,0
38152,29,40000,MORTGAGE,2.0,MEDICAL,A,1400,5.99,0.04,N,8,0
38153,36,43000,RENT,2.0,PERSONAL,C,4200,13.11,0.1,Y,12,0
38154,28,70000,MORTGAGE,5.0,DEBTCONSOLIDATION,D,18000,16.29,0.26,N,9,0
38155,22,30000,MORTGAGE,6.0,PERSONAL,B,6000,10.65,0.2,N,3,0
38156,23,55000,RENT,7.0,MEDICAL,B,10000,10.65,0.18,N,3,0
38157,23,41500,RENT,7.0,EDUCATION,B,1000,11.99,0.03,N,2,0
38158,22,70000,MORTGAGE,1.0,MEDICAL,A,10000,6.62,0.14,N,3,0
38159,23,45000,RENT,0.0,VENTURE,C,7000,13.57,0.16,N,4,0
38160,26,62000,MORTGAGE,0.0,PERSONAL,A,3600,5.42,0.06,N,2,0
38161,36,33000,RENT,2.0,PERSONAL,A,6800,6.17,0.2,N,14,0
38162,30,55000,MORTGAGE,0.0,MEDICAL,A,4950,7.66,0.09,N,9,0
38163,28,58000,MORTGAGE,0.0,MEDICAL,C,4000,15.23,0.07,Y,6,0
38164,26,50000,RENT,9.0,DEBTCONSOLIDATION,C,8000,13.85,0.16,N,2,0
38165,23,78000,RENT,2.0,EDUCATION,B,25000,10.99,0.32,N,3,1
38166,27,65000,RENT,2.0,VENTURE,B,3000,11.71,0.05,N,10,0
38167,24,57996,RENT,2.0,VENTURE,B,7625,12.53,0.01,N,4,0
38168,26,120000,MORTGAGE,10.0,PERSONAL,A,6000,6.76,0.05,N,4,0
38169,22,48996,RENT,3.0,EDUCATION,B,10000,10.37,0.2,N,2,0
38170,22,41196,MORTGAGE,6.0,PERSONAL,B,7500,9.76,0.18,N,4,0
38171,21,180000,MORTGAGE,2.0,MEDICAL,A,5000,5.42,0.03,N,4,0
38172,29,53000,MORTGAGE,0.0,DEBTCONSOLIDATION,B,5000,10.36,0.09,N,5,0
38173,25,30000,RENT,0.0,DEBTCONSOLIDATION,A,5000,7.9,0.17,N,4,0
38174,32,75000,OWN,5.0,VENTURE,D,12000,14.96,0.17,Y,7,0
38175,23,50000,RENT,5.0,PERSONAL,B,12000,10.37,0.24,N,4,0
38176,29,62000,MORTGAGE,7.0,EDUCATION,A,6250,7.51,0.1,N,9,0
38177,34,120000,MORTGAGE,18.0,PERSONAL,A,15000,7.88,0.13,N,9,0
38178,23,48000,RENT,4.0,EDUCATION,C,3500,12.61,0.07,N,2,0
38179,22,60000,RENT,0.0,PERSONAL,A,6000,9.63,0.1,N,4,0
38180,27,52000,RENT,4.0,EDUCATION,C,15000,12.87,0.29,N,8,0
38181,23,60000,RENT,3.0,DEBTCONSOLIDATION,A,3000,7.9,0.05,N,4,0
38182,21,24000,RENT,0.0,VENTURE,A,5000,7.88,0.21,N,2,0
38183,22,31200,RENT,3.0,EDUCATION,A,3500,7.9,0.11,N,4,0
38184,24,91000,MORTGAGE,8.0,HOMEIMPROVEMENT,B,5800,11.97,0.06,N,2,0
38185,34,50000,RENT,1.0,HOMEIMPROVEMENT,A,2500,5.99,0.05,N,6,0
38186,24,50000,OWN,2.0,PERSONAL,A,1000,5.99,0.02,N,3,0
38187,25,75840,OWN,9.0,HOMEIMPROVEMENT,B,23000,12.18,0.31,N,3,0
38188,22,150000,MORTGAGE,0.0,MEDICAL,A,20000,6.91,0.13,N,2,0
38189,23,35000,RENT,5.0,DEBTCONSOLIDATION,B,5000,11.71,0.14,N,3,0
38190,25,50000,RENT,4.0,DEBTCONSOLIDATION,A,7000,7.88,0.14,N,2,0
38191,24,70000,MORTGAGE,1.0,EDUCATION,B,5000,12.18,0.07,N,2,0
38192,31,30000,RENT,1.0,DEBTCONSOLIDATION,B,7500,10.99,0.25,N,5,0
38193,27,70000,MORTGAGE,7.0,HOMEIMPROVEMENT,A,9000,6.99,0.13,N,5,0
38194,28,50000,MORTGAGE,12.0,VENTURE,A,6500,7.74,0.13,N,5,0
38195,27,102000,MORTGAGE,4.0,MEDICAL,A,10000,6.54,0.1,N,7,0
38196,27,105000,MORTGAGE,11.0,DEBTCONSOLIDATION,B,8400,11.83,0.08,N,10,0
38197,30,140000,RENT,6.0,DEBTCONSOLIDATION,B,12000,10.74,0.09,N,8,0
38198,21,24000,RENT,2.0,MEDICAL,B,1500,11.49,0.06,N,4,0
38199,28,48000,RENT,12.0,PERSONAL,B,4000,11.36,0.08,N,7,0
38200,37,70000,RENT,1.0,EDUCATION,B,6000,11.71,0.09,N,14,0
38201,34,75000,RENT,5.0,EDUCATION,D,21600,15.65,0.28,Y,8,1
38202,23,90000,MORTGAGE,7.0,PERSONAL,B,7000,10.65,0.08,N,3,0
38203,24,62000,MORTGAGE,0.0,EDUCATION,B,6000,11.49,0.1,N,3,0
38204,28,42000,RENT,4.0,MEDICAL,A,4000,5.99,0.1,N,5,0
38205,29,58000,OWN,2.0,MEDICAL,A,19200,7.9,0.33,N,7,0
38206,36,70000,OWN,2.0,MEDICAL,C,15000,13.92,0.21,N,14,0
38207,31,50000,RENT,4.0,PERSONAL,B,12800,10.65,0.24,N,10,0
38208,23,24000,RENT,0.0,PERSONAL,B,3500,10.37,0.15,N,3,0
38209,29,55000,MORTGAGE,8.0,PERSONAL,B,8000,11.71,0.15,N,7,0
38210,31,80000,MORTGAGE,5.0,HOMEIMPROVEMENT,A,10000,8.49,0.13,N,10,0
38211,43,110000,RENT,2.0,MEDICAL,B,10000,9.88,0.09,N,16,0
38212,44,94128,RENT,0.0,MEDICAL,A,4400,7.29,0.04,N,15,0
38213,27,45000,RENT,0.0,DEBTCONSOLIDATION,C,10000,13.49,0.22,Y,8,0
38214,22,75000,MORTGAGE,2.0,VENTURE,A,3000,7.51,0.04,N,2,0
38215,22,21600,RENT,1.0,EDUCATION,B,4000,11.99,0.23,N,2,1
38216,28,34000,RENT,5.0,VENTURE,A,2800,5.99,0.08,N,9,1
38217,26,40000,MORTGAGE,3.0,DEBTCONSOLIDATION,C,5000,14.27,0.13,N,4,0
38218,21,34000,RENT,5.0,HOMEIMPROVEMENT,B,1200,9.91,0.04,N,3,1
38219,23,84996,MORTGAGE,7.0,VENTURE,B,16750,10.38,0.2,N,3,0
38220,25,66000,MORTGAGE,9.0,EDUCATION,A,15000,9.63,0.23,N,4,0
38221,26,100000,MORTGAGE,5.0,EDUCATION,B,15000,11.99,0.15,N,2,0
38222,24,100000,MORTGAGE,8.0,EDUCATION,B,12000,11.99,0.12,N,2,0
38223,33,60000,RENT,4.0,HOMEIMPROVEMENT,B,4800,10.99,0.08,N,9,0
38224,23,62900,RENT,7.0,MEDICAL,D,25000,14.96,0.34,N,4,1
38225,31,100995,MORTGAGE,6.0,DEBTCONSOLIDATION,A,16000,7.51,0.16,N,6,0
38226,22,120000,MORTGAGE,1.0,EDUCATION,A,15000,5.42,0.13,N,3,0
38227,29,51000,RENT,2.0,HOMEIMPROVEMENT,D,7500,13.24,0.15,Y,10,1
38228,25,70000,MORTGAGE,4.0,EDUCATION,A,5600,6.99,0.08,N,2,0
38229,23,120000,RENT,0.0,EDUCATION,B,15000,11.48,0.13,N,2,0
38230,31,80000,MORTGAGE,9.0,DEBTCONSOLIDATION,A,5000,7.9,0.06,N,6,0
38231,23,36000,RENT,7.0,HOMEIMPROVEMENT,B,9800,11.11,0.26,N,2,1
38232,23,73000,MORTGAGE,7.0,VENTURE,B,10000,12.69,0.14,N,3,0
38233,21,118000,MORTGAGE,6.0,VENTURE,D,19550,15.62,0.17,Y,4,1
38234,34,72000,RENT,2.0,DEBTCONSOLIDATION,A,6000,8.32,0.08,N,10,0
38235,25,51750,MORTGAGE,5.0,MEDICAL,A,12000,7.51,0.23,N,3,0
38236,25,115000,RENT,9.0,MEDICAL,B,8000,10.75,0.07,N,4,0
38237,27,50000,MORTGAGE,6.0,DEBTCONSOLIDATION,B,12000,10.99,0.24,N,9,0
38238,24,46000,RENT,3.0,HOMEIMPROVEMENT,B,16750,10.75,0.37,N,2,1
38239,25,47000,MORTGAGE,4.0,MEDICAL,B,9000,11.49,0.19,N,4,0
38240,25,138000,MORTGAGE,9.0,DEBTCONSOLIDATION,A,17000,6.03,0.12,N,4,0
38241,26,30000,RENT,0.0,PERSONAL,C,5000,13.11,0.17,Y,4,0
38242,35,65000,MORTGAGE,2.0,HOMEIMPROVEMENT,A,12000,6.03,0.18,N,5,0
38243,24,100000,MORTGAGE,5.0,EDUCATION,A,5000,7.88,0.05,N,3,0
38244,29,69000,RENT,1.0,HOMEIMPROVEMENT,B,15000,10.62,0.22,N,6,0
38245,27,43000,RENT,11.0,PERSONAL,A,3000,7.68,0.07,N,8,0
38246,21,45000,MORTGAGE,5.0,VENTURE,A,8000,6.91,0.18,N,3,0
38247,21,30000,MORTGAGE,5.0,EDUCATION,A,8000,5.42,0.27,N,3,0
38248,24,65000,MORTGAGE,8.0,PERSONAL,D,7000,14.84,0.11,Y,4,0
38249,26,110000,OWN,2.0,VENTURE,C,3000,13.11,0.26,N,3,0
38250,23,36000,RENT,2.0,DEBTCONSOLIDATION,B,7500,12.18,0.21,N,2,0
38251,25,80000,RENT,4.0,DEBTCONSOLIDATION,C,7050,14.17,0.09,N,4,0
38252,36,50000,MORTGAGE,5.0,DEBTCONSOLIDATION,A,4800,6.03,0.1,N,13,0
38253,43,60000,MORTGAGE,2.0,EDUCATION,B,14000,9.99,0.23,N,17,0
38254,22,50000,RENT,5.0,EDUCATION,D,6000,15.31,0.12,N,3,0
38255,36,120000,RENT,12.0,MEDICAL,B,8000,9.99,0.07,N,12,0
38256,29,34000,RENT,4.0,HOMEIMPROVEMENT,C,15000,13.49,0.44,Y,10,1
38257,43,70000,MORTGAGE,2.0,DEBTCONSOLIDATION,B,12800,9.99,0.18,N,16,0
38258,22,65004,MORTGAGE,6.0,MEDICAL,B,10000,12.21,0.15,N,2,0
38259,23,68004,MORTGAGE,7.0,EDUCATION,A,4000,7.51,0.06,N,4,0
38260,22,63000,RENT,3.0,EDUCATION,A,14000,6.03,0.22,N,3,0
38261,22,110000,MORTGAGE,6.0,EDUCATION,C,22400,15.96,0.2,N,3,0
38262,29,48000,RENT,1.0,DEBTCONSOLIDATION,C,10000,13.49,0.21,Y,7,0
38263,27,60000,OWN,2.0,HOMEIMPROVEMENT,C,15000,12.53,0.25,Y,6,0
38264,26,30000,MORTGAGE,3.0,DEBTCONSOLIDATION,D,4300,16.49,0.14,N,3,1
38265,23,45000,RENT,3.0,VENTURE,E,10000,17.93,0.22,Y,3,0
38266,28,42000,RENT,1.0,PERSONAL,D,6000,15.99,0.14,Y,8,1
38267,23,15000,RENT,3.0,MEDICAL,C,4000,14.27,0.27,Y,3,1
38268,70,90000,RENT,0.0,PERSONAL,B,12000,11.36,0.13,N,24,0
38269,22,83000,RENT,7.0,DEBTCONSOLIDATION,D,12000,16.0,0.14,N,3,1
38270,34,190000,MORTGAGE,5.0,HOMEIMPROVEMENT,A,24000,6.99,0.13,N,9,0
38271,27,88000,RENT,1.0,DEBTCONSOLIDATION,B,9600,10.99,0.11,N,8,0
38272,22,62000,MORTGAGE,6.0,EDUCATION,A,9000,7.9,0.15,N,2,0
38273,26,110000,MORTGAGE,0.0,EDUCATION,D,5000,14.96,0.05,Y,2,0
38274,24,44000,OWN,8.0,EDUCATION,A,12500,7.88,0.28,N,4,1
38275,41,24000,RENT,18.0,DEBTCONSOLIDATION,A,5000,7.66,0.21,N,13,0
38276,23,75000,MORTGAGE,7.0,VENTURE,C,16800,13.11,0.22,N,2,0
38277,34,60000,RENT,6.0,PERSONAL,C,5000,14.26,0.08,Y,10,0
38278,29,60000,MORTGAGE,9.0,MEDICAL,A,5000,7.88,0.08,N,6,0
38279,24,145000,RENT,3.0,EDUCATION,C,14000,12.84,0.1,N,2,0
38280,25,154008,RENT,1.0,EDUCATION,D,8500,15.99,0.05,N,4,0
38281,39,165000,MORTGAGE,1.0,HOMEIMPROVEMENT,B,25000,11.36,0.15,N,17,0
38282,23,105000,MORTGAGE,0.0,VENTURE,A,7200,8.0,0.07,N,3,0
38283,25,45000,MORTGAGE,0.0,EDUCATION,A,4000,6.76,0.09,N,2,0
38284,23,120000,MORTGAGE,4.0,PERSONAL,B,11200,10.99,0.09,N,4,0
38285,26,26400,RENT,1.0,DEBTCONSOLIDATION,B,4000,9.99,0.15,N,4,0
38286,47,25200,RENT,7.0,HOMEIMPROVEMENT,D,8000,14.96,0.32,Y,16,1
38287,22,50000,RENT,1.0,VENTURE,C,18225,13.98,0.36,Y,3,1
38288,25,62000,MORTGAGE,2.0,DEBTCONSOLIDATION,B,7000,11.71,0.11,N,3,0
38289,25,128000,MORTGAGE,8.0,DEBTCONSOLIDATION,A,35000,8.9,0.27,N,2,0
38290,25,50000,RENT,0.0,DEBTCONSOLIDATION,A,7000,8.9,0.14,N,3,0
38291,23,90000,MORTGAGE,7.0,EDUCATION,C,7200,13.98,0.08,Y,2,0
38292,26,33800,RENT,4.0,PERSONAL,A,15000,7.88,0.44,N,2,1
38293,24,73500,RENT,2.0,MEDICAL,A,6000,6.54,0.08,N,2,0
38294,25,100000,MORTGAGE,9.0,VENTURE,A,12000,6.62,0.12,N,2,0
38295,24,130000,RENT,8.0,EDUCATION,D,3000,15.95,0.23,Y,2,0
38296,22,24000,RENT,6.0,MEDICAL,C,5000,12.99,0.21,Y,2,0
38297,27,55000,RENT,11.0,MEDICAL,A,8000,7.51,0.15,N,5,0
38298,27,140000,MORTGAGE,12.0,VENTURE,B,24000,10.0,0.17,N,8,0
38299,32,90000,MORTGAGE,3.0,DEBTCONSOLIDATION,A,10000,7.66,0.11,N,9,0
38300,28,95000,MORTGAGE,12.0,PERSONAL,A,10000,7.49,0.11,N,5,0
38301,22,34000,RENT,6.0,VENTURE,A,11000,7.49,0.33,N,2,1
38302,23,102000,MORTGAGE,7.0,VENTURE,A,6000,7.51,0.06,N,3,0
38303,34,70000,RENT,3.0,VENTURE,A,15000,7.14,0.21,N,9,0
38304,31,125000,MORTGAGE,3.0,DEBTCONSOLIDATION,A,10000,7.51,0.08,N,5,0
38305,23,62000,RENT,0.0,EDUCATION,C,3500,13.49,0.06,Y,2,0
38306,29,120000,OWN,13.0,PERSONAL,C,23000,13.61,0.19,Y,7,0
38307,26,40000,OWN,3.0,EDUCATION,B,14000,12.69,0.35,N,2,0
38308,30,41303,MORTGAGE,7.0,PERSONAL,A,7200,8.94,0.18,N,5,0
38309,23,38400,RENT,5.0,PERSONAL,D,7500,16.29,0.2,N,3,0
38310,25,111996,MORTGAGE,1.0,PERSONAL,B,16000,9.2,0.14,N,2,0
38311,29,33000,RENT,0.0,VENTURE,A,10000,8.94,0.3,N,7,0
38312,24,45000,MORTGAGE,8.0,VENTURE,B,6000,9.25,0.13,N,4,0
38313,29,52000,MORTGAGE,10.0,EDUCATION,B,17000,11.71,0.33,N,10,1
38314,35,60000,MORTGAGE,6.0,HOMEIMPROVEMENT,A,12800,7.29,0.21,N,7,0
38315,25,75000,RENT,10.0,DEBTCONSOLIDATION,D,5425,15.62,0.07,N,2,1
38316,27,36000,RENT,2.0,VENTURE,D,10000,16.77,0.28,Y,9,1
38317,23,66000,RENT,0.0,EDUCATION,A,6000,7.88,0.09,N,3,0
38318,24,58000,OWN,3.0,PERSONAL,A,4000,6.76,0.07,N,3,0
38319,54,80000,MORTGAGE,7.0,PERSONAL,B,8000,10.59,0.1,N,20,0
38320,22,60000,MORTGAGE,1.0,DEBTCONSOLIDATION,A,10000,7.29,0.17,N,3,0
38321,44,94800,MORTGAGE,6.0,VENTURE,C,5600,14.27,0.06,Y,13,0
38322,32,65000,MORTGAGE,11.0,MEDICAL,A,10000,7.88,0.15,N,5,0
38323,28,102000,MORTGAGE,7.0,MEDICAL,A,10000,5.79,0.1,N,8,0
38324,25,80000,MORTGAGE,9.0,MEDICAL,A,12000,5.79,0.15,N,3,0
38325,26,62496,RENT,4.0,PERSONAL,C,10000,13.22,0.16,Y,2,0
38326,23,56525,MORTGAGE,1.0,EDUCATION,B,10000,11.48,0.15,N,4,0
38327,30,125000,MORTGAGE,14.0,MEDICAL,A,10000,6.92,0.08,N,5,0
38328,32,35000,RENT,0.0,VENTURE,B,4800,11.14,0.14,N,7,0
38329,24,56500,RENT,1.0,HOMEIMPROVEMENT,D,9600,14.42,0.17,Y,4,1
38330,31,38000,RENT,5.0,MEDICAL,B,10000,11.99,0.26,N,8,0
38331,23,40000,OWN,0.0,VENTURE,B,5000,11.48,0.13,N,3,0
38332,29,46500,MORTGAGE,13.0,PERSONAL,C,11000,14.72,0.24,N,5,0
38333,22,40000,RENT,6.0,MEDICAL,B,12000,11.11,0.3,N,2,0
38334,24,35000,RENT,3.0,VENTURE,A,5000,8.49,0.14,N,3,0
38335,28,62400,MORTGAGE,12.0,EDUCATION,C,15000,13.92,0.24,N,7,0
38336,23,48000,RENT,2.0,MEDICAL,A,3500,8.49,0.07,N,2,0
38337,23,28644,RENT,2.0,EDUCATION,B,4000,10.75,0.14,N,2,0
38338,35,100000,MORTGAGE,9.0,DEBTCONSOLIDATION,A,10000,8.59,0.1,N,10,0
38339,23,54996,MORTGAGE,2.0,EDUCATION,C,15600,13.49,0.3,N,2,0
38340,24,60000,RENT,0.0,HOMEIMPROVEMENT,C,15000,12.61,0.25,N,4,0
38341,23,50000,MORTGAGE,7.0,DEBTCONSOLIDATION,C,3000,13.11,0.06,Y,4,0
38342,30,103500,MORTGAGE,14.0,PERSONAL,B,15000,12.18,0.14,N,9,0
38343,47,38000,RENT,5.0,EDUCATION,B,2000,10.99,0.05,N,16,0
38344,23,45000,MORTGAGE,7.0,EDUCATION,B,10000,12.42,0.22,N,2,0
38345,23,60000,MORTGAGE,8.0,DEBTCONSOLIDATION,C,4500,13.22,0.07,Y,3,0
38346,31,59000,RENT,3.0,HOMEIMPROVEMENT,B,16000,12.18,0.27,N,8,1
38347,24,74000,MORTGAGE,2.0,HOMEIMPROVEMENT,A,7000,8.59,0.09,N,4,0
38348,29,55000,MORTGAGE,0.0,EDUCATION,E,6000,15.68,0.11,Y,6,0
38349,33,150000,RENT,3.0,HOMEIMPROVEMENT,C,10000,12.61,0.07,Y,10,0
38350,27,64000,RENT,3.0,HOMEIMPROVEMENT,B,13000,11.99,0.2,N,5,1
38351,22,54000,RENT,6.0,VENTURE,E,5000,16.45,0.09,Y,2,1
38352,23,70000,RENT,7.0,DEBTCONSOLIDATION,B,7000,11.11,0.1,N,2,0
38353,23,76500,RENT,4.0,MEDICAL,B,14000,10.99,0.18,N,3,0
38354,47,78000,MORTGAGE,9.0,DEBTCONSOLIDATION,D,4750,14.96,0.06,Y,15,1
38355,22,32000,RENT,0.0,EDUCATION,A,10000,7.14,0.31,N,4,1
38356,31,50000,RENT,5.0,PERSONAL,B,3000,10.99,0.06,N,10,0
38357,44,36000,OWN,0.0,HOMEIMPROVEMENT,C,1800,14.22,0.05,N,14,0
38358,54,54400,RENT,2.0,MEDICAL,B,12000,10.99,0.19,N,19,1
38359,22,54996,MORTGAGE,6.0,HOMEIMPROVEMENT,B,20000,11.11,0.36,N,4,1
38360,27,28000,RENT,0.0,MEDICAL,A,6000,7.9,0.21,N,6,0
38361,34,34000,RENT,4.0,HOMEIMPROVEMENT,B,2000,9.62,0.06,N,7,1
38362,22,20000,RENT,0.0,PERSONAL,A,4750,8.0,0.24,N,4,0
38363,22,50000,MORTGAGE,4.0,DEBTCONSOLIDATION,A,6000,6.76,0.12,N,3,0
38364,27,85000,MORTGAGE,1.0,EDUCATION,C,6000,14.27,0.07,N,8,0
38365,25,132650,MORTGAGE,2.0,HOMEIMPROVEMENT,C,25000,13.49,0.21,Y,4,0
38366,22,50000,OWN,6.0,EDUCATION,A,8000,7.49,0.16,N,4,0
38367,27,39000,RENT,1.0,VENTURE,B,5000,11.99,0.13,N,7,0
38368,24,88000,MORTGAGE,8.0,MEDICAL,B,9000,10.36,0.1,N,2,0
38369,37,50000,RENT,0.0,VENTURE,A,9000,5.99,0.18,N,15,0
38370,22,33996,RENT,0.0,MEDICAL,C,9600,13.49,0.28,N,3,1
38371,22,64000,MORTGAGE,3.0,MEDICAL,B,2500,11.71,0.04,N,3,0
38372,29,53500,RENT,2.0,VENTURE,B,5000,9.99,0.09,N,10,0
38373,29,54000,RENT,13.0,HOMEIMPROVEMENT,C,4000,12.99,0.07,Y,10,1
38374,25,84000,RENT,1.0,MEDICAL,A,6000,6.99,0.07,N,4,0
38375,35,60000,MORTGAGE,3.0,DEBTCONSOLIDATION,B,3000,11.49,0.05,N,9,0
38376,24,25000,RENT,3.0,MEDICAL,A,5000,7.14,0.2,N,2,0
38377,27,101500,MORTGAGE,2.0,HOMEIMPROVEMENT,B,17000,10.75,0.17,N,5,0
38378,21,65000,MORTGAGE,0.0,EDUCATION,A,3600,7.68,0.06,N,4,0
38379,27,42000,RENT,2.0,VENTURE,C,10000,13.23,0.24,N,5,0
38380,28,57600,MORTGAGE,4.0,PERSONAL,A,4000,7.88,0.07,N,10,0
38381,28,42000,MORTGAGE,1.0,EDUCATION,D,18000,14.46,0.43,N,9,0
38382,24,45000,MORTGAGE,8.0,VENTURE,A,5000,6.76,0.11,N,4,0
38383,30,145000,MORTGAGE,4.0,HOMEIMPROVEMENT,A,5000,6.62,0.04,N,10,0
38384,25,24000,RENT,1.0,MEDICAL,A,2700,5.79,0.11,N,3,0
38385,22,40000,MORTGAGE,2.0,MEDICAL,A,6000,7.49,0.15,N,4,0
38386,22,44004,RENT,3.0,MEDICAL,D,10000,14.11,0.23,Y,4,1
38387,25,100000,MORTGAGE,2.0,DEBTCONSOLIDATION,A,10000,7.88,0.1,N,2,0
38388,23,55000,RENT,5.0,MEDICAL,A,2500,8.9,0.05,N,4,0
38389,22,53000,RENT,3.0,PERSONAL,D,5000,14.96,0.09,Y,4,0
38390,23,45000,RENT,2.0,MEDICAL,A,6000,7.9,0.13,N,2,0
38391,23,33000,RENT,0.0,EDUCATION,B,2000,11.49,0.06,N,2,0
38392,35,80000,MORTGAGE,9.0,PERSONAL,B,6000,10.65,0.07,N,8,0
38393,29,78000,MORTGAGE,3.0,MEDICAL,A,2400,7.14,0.03,N,9,0
38394,24,28596,RENT,0.0,MEDICAL,A,1500,7.29,0.05,N,3,0
38395,27,102000,RENT,4.0,HOMEIMPROVEMENT,A,6000,6.99,0.06,N,9,0
38396,22,70000,RENT,0.0,MEDICAL,A,10000,6.91,0.14,N,4,0
38397,33,50000,MORTGAGE,2.0,DEBTCONSOLIDATION,B,12000,9.99,0.24,N,9,0
38398,25,78000,MORTGAGE,9.0,DEBTCONSOLIDATION,D,25000,15.65,0.32,Y,4,1
38399,21,42000,RENT,3.0,EDUCATION,C,4000,15.62,0.1,N,4,0
38400,25,50000,MORTGAGE,9.0,DEBTCONSOLIDATION,A,10000,7.49,0.2,N,3,0
38401,36,54400,RENT,2.0,PERSONAL,A,15000,7.66,0.23,N,14,1
38402,25,24000,RENT,0.0,DEBTCONSOLIDATION,A,8200,6.91,0.35,N,2,0
38403,25,41000,RENT,2.0,EDUCATION,B,6000,9.88,0.15,N,3,0
38404,30,69500,RENT,4.0,EDUCATION,C,13000,13.43,0.2,N,8,0
38405,26,56000,MORTGAGE,3.0,DEBTCONSOLIDATION,D,14000,15.99,0.25,Y,2,0
38406,34,43200,RENT,13.0,PERSONAL,C,5000,13.06,0.12,N,8,0
38407,27,46000,MORTGAGE,11.0,PERSONAL,A,12600,7.88,0.28,N,9,0
38408,31,46300,MORTGAGE,16.0,DEBTCONSOLIDATION,A,3600,7.88,0.08,N,6,0
38409,35,66000,RENT,18.0,HOMEIMPROVEMENT,B,15000,11.49,0.23,N,9,1
38410,24,80000,MORTGAGE,8.0,PERSONAL,A,7000,7.14,0.09,N,4,0
38411,21,33996,RENT,0.0,VENTURE,C,5000,12.53,0.15,Y,2,1
38412,33,96000,MORTGAGE,0.0,HOMEIMPROVEMENT,C,6000,13.92,0.06,N,7,0
38413,36,50000,RENT,1.0,MEDICAL,A,11650,5.79,0.21,N,13,0
38414,32,35000,MORTGAGE,0.0,PERSONAL,A,7200,7.29,0.21,N,6,0
38415,33,36000,MORTGAGE,7.0,MEDICAL,D,2000,17.27,0.06,Y,6,1
38416,25,50000,RENT,5.0,DEBTCONSOLIDATION,B,10000,9.88,0.2,N,2,0
38417,28,56000,MORTGAGE,11.0,HOMEIMPROVEMENT,B,14000,11.49,0.25,N,7,0
38418,22,78000,MORTGAGE,6.0,EDUCATION,B,15000,10.25,0.19,N,4,1
38419,23,50000,RENT,7.0,VENTURE,A,10000,7.88,0.2,N,2,0
38420,27,47000,RENT,2.0,MEDICAL,C,12000,13.79,0.26,N,10,0
38421,31,100000,MORTGAGE,0.0,PERSONAL,A,10000,7.66,0.1,N,10,0
38422,26,47000,MORTGAGE,6.0,PERSONAL,C,6000,13.49,0.13,N,3,0
38423,21,32000,OWN,5.0,PERSONAL,D,12000,16.29,0.38,N,2,0
38424,24,85000,MORTGAGE,7.0,VENTURE,A,16875,7.51,0.2,N,4,0
38425,22,41500,RENT,3.0,PERSONAL,E,10000,16.7,0.24,Y,4,1
38426,25,70000,MORTGAGE,9.0,MEDICAL,B,2000,11.71,0.03,N,4,0
38427,24,24000,RENT,0.0,VENTURE,B,5000,10.99,0.21,N,3,0
38428,28,55000,MORTGAGE,8.0,VENTURE,B,12000,11.99,0.22,N,10,0
38429,25,65000,MORTGAGE,5.0,HOMEIMPROVEMENT,B,10000,11.99,0.15,N,4,0
38430,31,53000,MORTGAGE,9.0,MEDICAL,C,7500,11.97,0.14,Y,10,0
38431,22,75000,MORTGAGE,7.0,MEDICAL,A,7200,7.29,0.1,N,2,0
38432,22,120000,OWN,0.0,VENTURE,B,24250,11.48,0.2,N,2,0
38433,29,40000,RENT,4.0,VENTURE,B,10000,9.99,0.25,N,9,0
38434,25,54000,MORTGAGE,4.0,HOMEIMPROVEMENT,D,9600,15.62,0.18,N,4,0
38435,32,122400,MORTGAGE,16.0,PERSONAL,A,10000,7.88,0.08,N,6,0
38436,23,80400,MORTGAGE,7.0,MEDICAL,B,9000,10.65,0.11,N,2,0
38437,21,28000,RENT,0.0,DEBTCONSOLIDATION,C,7000,13.99,0.26,N,3,1
38438,23,57000,MORTGAGE,3.0,EDUCATION,A,14000,5.79,0.24,N,4,0
38439,22,80000,MORTGAGE,5.0,VENTURE,A,2800,6.99,0.03,N,4,0
38440,28,30000,RENT,1.0,MEDICAL,B,4000,9.25,0.13,N,8,0
38441,37,200004,OWN,1.0,VENTURE,B,3000,10.0,0.01,N,17,0
38442,22,66215,MORTGAGE,6.0,MEDICAL,A,9600,8.94,0.13,N,3,0
38443,37,78000,RENT,0.0,DEBTCONSOLIDATION,D,12000,16.0,0.15,Y,12,1
38444,29,132000,MORTGAGE,7.0,MEDICAL,C,20000,12.68,0.15,N,7,0
38445,26,74500,RENT,0.0,MEDICAL,F,8000,20.09,0.1,Y,3,1
38446,29,60000,MORTGAGE,2.0,HOMEIMPROVEMENT,A,20000,6.54,0.33,N,10,0
38447,26,70000,MORTGAGE,2.0,DEBTCONSOLIDATION,B,12000,10.38,0.17,N,3,0
38448,30,90000,MORTGAGE,14.0,HOMEIMPROVEMENT,B,10000,10.65,0.11,N,7,0
38449,28,80400,RENT,13.0,MEDICAL,A,9000,7.49,0.11,N,9,0
38450,31,50000,MORTGAGE,0.0,PERSONAL,A,5000,8.59,0.1,N,9,0
38451,30,60000,RENT,5.0,EDUCATION,A,10000,7.9,0.17,N,7,0
38452,45,54000,RENT,2.0,PERSONAL,B,20000,11.49,0.37,N,15,1
38453,25,46000,RENT,1.0,DEBTCONSOLIDATION,A,11000,9.32,0.24,N,2,0
38454,27,72000,MORTGAGE,11.0,PERSONAL,B,15000,10.59,0.21,N,8,0
38455,27,38000,RENT,0.0,MEDICAL,B,1000,10.25,0.03,N,6,0
38456,22,118400,MORTGAGE,7.0,EDUCATION,B,35000,11.71,0.3,N,3,0
38457,24,90000,MORTGAGE,4.0,VENTURE,A,14000,6.92,0.16,N,3,0
38458,21,49000,RENT,5.0,MEDICAL,D,5000,14.96,0.1,Y,4,1
38459,29,63096,MORTGAGE,3.0,MEDICAL,A,4200,6.17,0.07,N,10,0
38460,22,45000,RENT,0.0,EDUCATION,D,4000,14.61,0.09,Y,2,0
38461,27,75000,MORTGAGE,6.0,EDUCATION,B,10000,10.74,0.13,N,5,0
38462,29,46000,MORTGAGE,13.0,PERSONAL,A,12000,6.91,0.26,N,10,1
38463,23,62000,MORTGAGE,7.0,VENTURE,C,5000,13.06,0.08,Y,2,0
38464,27,60000,MORTGAGE,11.0,MEDICAL,B,5000,12.69,0.08,N,10,0
38465,27,140000,MORTGAGE,12.0,HOMEIMPROVEMENT,B,5000,10.38,0.04,N,6,0
38466,23,78000,MORTGAGE,7.0,EDUCATION,B,12000,10.99,0.15,N,3,0
38467,30,47000,RENT,14.0,EDUCATION,D,9000,15.95,0.19,Y,5,0
38468,22,45000,RENT,0.0,EDUCATION,C,10000,13.11,0.22,Y,2,0
38469,45,100000,MORTGAGE,8.0,PERSONAL,B,15000,10.65,0.15,N,12,0
38470,22,50000,OWN,6.0,EDUCATION,B,6000,10.99,0.12,N,2,0
38471,25,30000,RENT,4.0,MEDICAL,B,5000,10.0,0.17,N,4,0
38472,32,107000,MORTGAGE,1.0,MEDICAL,C,1000,13.49,0.01,N,9,1
38473,25,64000,RENT,1.0,DEBTCONSOLIDATION,D,10000,16.89,0.16,Y,4,1
38474,30,70000,MORTGAGE,4.0,DEBTCONSOLIDATION,A,12000,6.03,0.17,N,10,0
38475,25,140000,MORTGAGE,9.0,HOMEIMPROVEMENT,C,5000,14.26,0.04,N,2,0
38476,29,45000,RENT,4.0,PERSONAL,B,10000,11.99,0.22,N,8,0
38477,31,150000,MORTGAGE,15.0,VENTURE,C,7500,13.47,0.05,Y,7,0
38478,23,84000,RENT,0.0,DEBTCONSOLIDATION,A,10000,7.75,0.12,N,4,0
38479,24,62000,MORTGAGE,2.0,EDUCATION,B,15000,9.63,0.26,N,2,0
38480,30,140000,MORTGAGE,14.0,MEDICAL,B,15000,12.18,0.11,N,6,0
38481,25,60000,RENT,3.0,HOMEIMPROVEMENT,C,7500,12.98,0.13,N,4,0
38482,23,42000,RENT,2.0,DEBTCONSOLIDATION,B,9250,9.63,0.22,N,3,0
38483,38,25104,OWN,8.0,EDUCATION,D,3000,16.29,0.12,Y,14,0
38484,30,34000,RENT,1.0,DEBTCONSOLIDATION,B,2400,12.42,0.07,N,10,0
38485,25,75000,RENT,3.0,DEBTCONSOLIDATION,A,12000,7.9,0.16,N,3,0
38486,25,58000,RENT,5.0,HOMEIMPROVEMENT,D,2000,14.96,0.04,N,3,0
38487,35,48000,RENT,3.0,DEBTCONSOLIDATION,B,3600,11.36,0.07,N,7,0
38488,30,30000,RENT,3.0,PERSONAL,D,5000,14.96,0.17,Y,7,0
38489,24,95000,OWN,2.0,EDUCATION,A,6000,7.9,0.06,N,4,0
38490,27,130000,RENT,5.0,DEBTCONSOLIDATION,B,12000,12.42,0.09,N,6,0
38491,37,98000,MORTGAGE,16.0,HOMEIMPROVEMENT,A,7000,6.99,0.07,N,12,0
38492,27,50000,RENT,7.0,PERSONAL,C,10000,12.99,0.2,Y,8,0
38493,27,33000,RENT,3.0,MEDICAL,B,3000,11.12,0.09,N,9,0
38494,38,60000,MORTGAGE,1.0,PERSONAL,B,5000,9.99,0.08,N,11,0
38495,28,64000,MORTGAGE,12.0,MEDICAL,A,11200,7.66,0.18,N,8,0
38496,22,43200,MORTGAGE,7.0,EDUCATION,B,18000,9.99,0.42,N,4,0
38497,26,48000,RENT,2.0,MEDICAL,C,5000,13.79,0.1,Y,4,0
38498,22,40000,RENT,3.0,EDUCATION,A,5000,8.59,0.13,N,2,0
38499,31,70000,MORTGAGE,14.0,DEBTCONSOLIDATION,A,13000,7.14,0.19,N,8,0
38500,22,47000,RENT,2.0,PERSONAL,A,14000,8.9,0.3,N,4,0
38501,32,77000,MORTGAGE,4.0,DEBTCONSOLIDATION,A,18000,7.9,0.23,N,5,0
38502,28,32000,OWN,4.0,VENTURE,A,8000,6.62,0.25,N,7,0
38503,25,30000,RENT,9.0,VENTURE,B,6000,10.99,0.2,N,3,0
38504,26,76468,RENT,10.0,HOMEIMPROVEMENT,C,20000,13.22,0.26,Y,4,0
38505,44,80000,MORTGAGE,8.0,HOMEIMPROVEMENT,B,25000,10.51,0.31,N,17,0
38506,22,30000,MORTGAGE,6.0,DEBTCONSOLIDATION,A,7500,5.42,0.25,N,4,0
38507,26,60000,MORTGAGE,10.0,VENTURE,A,5000,7.88,0.08,N,4,0
38508,24,24000,RENT,0.0,DEBTCONSOLIDATION,B,9925,11.36,0.41,N,3,1
38509,38,35000,MORTGAGE,9.0,VENTURE,A,10000,5.79,0.29,N,13,0
38510,22,47000,RENT,3.0,DEBTCONSOLIDATION,D,14000,14.11,0.31,N,4,1
38511,30,72000,MORTGAGE,0.0,MEDICAL,B,6000,10.65,0.08,N,5,0
38512,37,50000,MORTGAGE,7.0,EDUCATION,B,5000,11.71,0.1,N,12,0
38513,28,48000,MORTGAGE,3.0,VENTURE,A,6000,7.51,0.13,N,9,0
38514,22,54000,MORTGAGE,6.0,EDUCATION,C,13000,13.47,0.24,N,2,0
38515,34,108000,MORTGAGE,8.0,HOMEIMPROVEMENT,A,13200,8.94,0.12,N,6,0
38516,24,48000,RENT,0.0,EDUCATION,C,10000,13.35,0.21,N,4,0
38517,25,60000,RENT,2.0,DEBTCONSOLIDATION,C,10000,13.23,0.17,Y,3,0
38518,28,36996,MORTGAGE,4.0,PERSONAL,B,10750,10.75,0.29,N,7,0
38519,26,49200,MORTGAGE,2.0,HOMEIMPROVEMENT,B,3500,10.08,0.07,N,2,0
38520,25,75000,RENT,9.0,VENTURE,C,6000,13.49,0.08,Y,2,0
38521,26,64800,MORTGAGE,5.0,DEBTCONSOLIDATION,B,2500,11.99,0.04,N,4,0
38522,24,60000,RENT,8.0,VENTURE,B,15000,10.2,0.25,N,3,0
38523,27,135000,MORTGAGE,5.0,HOMEIMPROVEMENT,B,11000,10.99,0.08,N,6,0
38524,27,65000,MORTGAGE,11.0,VENTURE,A,4000,7.51,0.06,N,8,0
38525,29,64500,MORTGAGE,5.0,HOMEIMPROVEMENT,B,10000,11.86,0.16,N,7,0
38526,24,35000,RENT,5.0,VENTURE,A,3950,8.49,0.11,N,4,0
38527,29,65000,RENT,2.0,MEDICAL,C,8500,13.49,0.13,N,5,0
38528,28,53000,RENT,4.0,VENTURE,C,3000,13.99,0.06,Y,5,0
38529,24,43200,RENT,0.0,EDUCATION,C,10000,13.79,0.23,N,3,0
38530,25,45000,MORTGAGE,0.0,DEBTCONSOLIDATION,C,10000,12.98,0.22,Y,2,0
38531,38,60000,MORTGAGE,5.0,PERSONAL,B,4000,9.99,0.07,N,13,0
38532,24,42000,RENT,0.0,MEDICAL,B,5000,9.76,0.12,N,4,0
38533,22,80000,MORTGAGE,6.0,MEDICAL,A,21000,7.51,0.26,N,4,0
38534,23,54000,RENT,7.0,VENTURE,C,20000,13.49,0.38,N,3,1
38535,22,102500,MORTGAGE,6.0,VENTURE,A,6000,5.42,0.06,N,2,0
38536,27,115000,MORTGAGE,11.0,DEBTCONSOLIDATION,B,4000,10.37,0.03,N,7,0
38537,25,48000,RENT,7.0,PERSONAL,B,10000,12.69,0.21,N,3,0
38538,33,74000,MORTGAGE,0.0,PERSONAL,B,1500,11.49,0.02,N,8,0
38539,37,65000,RENT,0.0,DEBTCONSOLIDATION,C,12000,13.98,0.18,Y,13,0
38540,21,40000,RENT,5.0,EDUCATION,A,6000,7.51,0.15,N,2,0
38541,29,58000,RENT,6.0,VENTURE,A,3200,7.29,0.06,N,8,0
38542,23,36000,RENT,3.0,EDUCATION,A,5000,7.88,0.14,N,3,0
38543,28,110000,RENT,0.0,HOMEIMPROVEMENT,B,12000,11.11,0.11,N,8,0
38544,35,175000,MORTGAGE,2.0,HOMEIMPROVEMENT,B,25000,11.99,0.14,N,10,0
38545,22,58100,RENT,1.0,MEDICAL,C,16000,13.57,0.28,Y,3,1
38546,26,90000,MORTGAGE,10.0,EDUCATION,A,10400,7.51,0.11,N,2,0
38547,24,110004,MORTGAGE,8.0,VENTURE,D,18000,15.28,0.16,N,2,0
38548,24,80000,MORTGAGE,8.0,PERSONAL,A,8000,6.99,0.1,N,2,0
38549,21,39000,OWN,2.0,VENTURE,A,4000,5.79,0.1,N,4,0
38550,21,35000,MORTGAGE,4.0,PERSONAL,B,1500,10.65,0.04,N,4,0
38551,35,95000,MORTGAGE,4.0,HOMEIMPROVEMENT,A,15000,5.99,0.16,N,10,0
38552,26,67775,MORTGAGE,10.0,EDUCATION,A,11000,7.51,0.16,N,2,0
38553,38,33000,RENT,2.0,EDUCATION,B,8400,11.71,0.25,N,13,0
38554,27,90000,RENT,5.0,MEDICAL,B,10000,10.99,0.11,N,7,0
38555,46,110000,MORTGAGE,1.0,VENTURE,B,4600,10.74,0.04,N,12,0
38556,22,72000,RENT,3.0,VENTURE,C,20400,12.73,0.29,Y,2,0
38557,24,36000,RENT,0.0,VENTURE,A,12000,8.94,0.33,N,3,1
38558,29,56000,MORTGAGE,13.0,MEDICAL,A,14300,6.03,0.26,N,8,0
38559,27,65000,MORTGAGE,5.0,HOMEIMPROVEMENT,C,17600,12.99,0.27,Y,9,0
38560,37,43000,OWN,0.0,EDUCATION,B,2400,9.91,0.06,N,14,0
38561,34,38000,MORTGAGE,11.0,PERSONAL,A,1500,7.29,0.04,N,6,0
38562,25,45000,MORTGAGE,2.0,VENTURE,B,7000,9.91,0.16,N,2,0
38563,30,54000,MORTGAGE,7.0,EDUCATION,B,7875,10.99,0.14,N,8,0
38564,28,113316,MORTGAGE,12.0,EDUCATION,C,3000,13.16,0.03,Y,8,0
38565,23,85000,MORTGAGE,3.0,MEDICAL,B,6000,11.99,0.07,N,2,0
38566,27,90000,OWN,0.0,MEDICAL,A,10200,6.03,0.11,N,10,0
38567,36,47000,MORTGAGE,13.0,VENTURE,A,10000,7.51,0.21,N,11,0
38568,23,30000,MORTGAGE,4.0,PERSONAL,A,2000,6.62,0.07,N,2,0
38569,38,80000,RENT,14.0,HOMEIMPROVEMENT,A,8000,7.51,0.1,N,11,0
38570,24,45000,RENT,0.0,MEDICAL,A,5000,6.99,0.11,N,3,0
38571,33,48000,RENT,2.0,EDUCATION,A,17500,7.88,0.37,N,5,1
38572,22,80000,MORTGAGE,6.0,PERSONAL,A,6000,7.9,0.07,N,3,0
38573,23,50000,RENT,7.0,EDUCATION,A,10000,7.29,0.2,N,3,0
38574,28,120000,MORTGAGE,10.0,MEDICAL,A,10000,7.29,0.08,N,8,0
38575,38,102000,RENT,1.0,DEBTCONSOLIDATION,C,15000,12.84,0.15,N,17,0
38576,27,175000,MORTGAGE,3.0,DEBTCONSOLIDATION,C,15000,12.73,0.09,N,5,0
38577,25,80000,MORTGAGE,9.0,MEDICAL,B,18000,10.74,0.23,N,3,0
38578,23,75000,RENT,6.0,VENTURE,C,6000,13.49,0.08,Y,2,0
38579,26,80000,MORTGAGE,3.0,HOMEIMPROVEMENT,A,9600,6.99,0.12,N,4,0
38580,26,72000,MORTGAGE,11.0,HOMEIMPROVEMENT,A,6000,5.99,0.08,N,3,0
38581,24,80000,MORTGAGE,8.0,DEBTCONSOLIDATION,A,3600,6.39,0.04,N,4,0
38582,29,60000,MORTGAGE,8.0,PERSONAL,A,10000,8.9,0.17,N,6,0
38583,24,60000,RENT,2.0,VENTURE,A,5000,5.79,0.08,N,3,0
38584,32,100000,MORTGAGE,0.0,VENTURE,C,10000,13.49,0.1,Y,5,0
38585,37,65000,MORTGAGE,16.0,HOMEIMPROVEMENT,A,2000,7.49,0.03,N,13,0
38586,35,70000,RENT,3.0,VENTURE,C,12800,12.84,0.17,Y,8,0
38587,31,120000,MORTGAGE,15.0,VENTURE,A,8400,6.03,0.07,N,8,0
38588,23,75000,RENT,7.0,VENTURE,B,7200,10.99,0.1,N,4,0
38589,25,44000,RENT,2.0,VENTURE,C,13000,15.27,0.3,Y,3,0
38590,44,48000,MORTGAGE,0.0,VENTURE,B,5000,11.48,0.1,N,15,0
38591,35,85332,RENT,3.0,MEDICAL,C,7000,14.22,0.08,N,8,0
38592,39,66000,OWN,14.0,PERSONAL,B,12000,12.69,0.18,N,12,0
38593,28,60000,MORTGAGE,3.0,VENTURE,B,12500,12.18,0.21,N,9,0
38594,24,57700,MORTGAGE,8.0,HOMEIMPROVEMENT,A,3200,7.68,0.06,N,2,0
38595,23,103000,MORTGAGE,7.0,EDUCATION,B,24000,10.99,0.23,N,3,0
38596,22,25000,RENT,7.0,DEBTCONSOLIDATION,A,8000,6.62,0.32,N,4,1
38597,22,70000,RENT,0.0,EDUCATION,B,18000,11.89,0.26,N,2,0
38598,28,51600,MORTGAGE,3.0,PERSONAL,A,14800,6.92,0.31,N,9,1
38599,27,136173,MORTGAGE,5.0,HOMEIMPROVEMENT,A,5000,6.62,0.04,N,8,0
38600,24,29640,OWN,4.0,PERSONAL,D,6250,14.91,0.22,N,2,0
38601,27,34000,RENT,2.0,HOMEIMPROVEMENT,C,4000,13.49,0.12,N,8,1
38602,23,59160,RENT,2.0,VENTURE,C,23500,13.87,0.4,N,4,1
38603,29,38400,RENT,4.0,PERSONAL,C,4500,14.65,0.12,N,10,0
38604,35,50000,RENT,3.0,EDUCATION,E,10000,19.03,0.2,N,8,0
38605,29,80000,MORTGAGE,5.0,VENTURE,B,12000,10.38,0.15,N,10,0
38606,31,32198,RENT,0.0,PERSONAL,C,1200,13.06,0.04,Y,8,0
38607,25,45000,RENT,5.0,MEDICAL,B,9000,12.69,0.2,N,2,0
38608,23,75000,MORTGAGE,7.0,VENTURE,B,12000,11.71,0.16,N,4,0
38609,41,91992,RENT,0.0,HOMEIMPROVEMENT,A,4000,5.42,0.04,N,15,0
38610,34,54400,MORTGAGE,4.0,MEDICAL,D,6000,14.96,0.09,Y,6,1
38611,32,120000,MORTGAGE,15.0,PERSONAL,B,10000,9.99,0.08,N,9,0
38612,31,75000,MORTGAGE,4.0,PERSONAL,A,8500,6.03,0.12,N,9,0
38613,28,250000,MORTGAGE,12.0,VENTURE,A,15000,5.79,0.06,N,5,0
38614,24,29000,RENT,5.0,PERSONAL,B,8000,10.99,0.28,N,4,1
38615,26,56000,RENT,1.0,MEDICAL,A,5100,8.9,0.09,N,4,0
38616,22,32000,RENT,2.0,DEBTCONSOLIDATION,A,6800,8.49,0.21,N,3,0
38617,22,37200,RENT,6.0,VENTURE,A,10000,6.99,0.27,N,3,0
38618,24,50000,RENT,1.0,VENTURE,B,12000,11.14,0.24,N,2,0
38619,22,50400,MORTGAGE,6.0,PERSONAL,A,12000,5.42,0.24,N,4,0
38620,27,120000,RENT,0.0,HOMEIMPROVEMENT,A,6000,7.51,0.05,N,8,0
38621,24,45000,RENT,5.0,DEBTCONSOLIDATION,A,10000,8.9,0.22,N,2,0
38622,23,70000,MORTGAGE,4.0,MEDICAL,B,12000,10.37,0.17,N,4,0
38623,38,82000,RENT,8.0,EDUCATION,C,6000,11.97,0.07,N,16,0
38624,31,65000,MORTGAGE,4.0,DEBTCONSOLIDATION,B,5000,11.86,0.08,N,6,0
38625,22,32000,RENT,6.0,EDUCATION,B,5000,12.42,0.16,N,3,0
38626,36,106000,MORTGAGE,20.0,VENTURE,A,10000,6.62,0.09,N,13,0
38627,24,100000,MORTGAGE,8.0,MEDICAL,B,10000,11.49,0.1,N,3,0
38628,25,25344,RENT,5.0,VENTURE,D,4000,16.49,0.16,N,2,1
38629,23,42000,MORTGAGE,4.0,EDUCATION,B,6000,10.59,0.14,N,3,0
38630,37,40000,RENT,0.0,MEDICAL,B,5000,9.99,0.13,N,12,0
38631,29,44000,RENT,2.0,MEDICAL,A,8000,9.63,0.18,N,10,0
38632,25,60000,RENT,3.0,MEDICAL,C,5000,12.99,0.08,Y,4,0
38633,23,55000,RENT,1.0,DEBTCONSOLIDATION,A,6200,7.9,0.11,N,4,0
38634,25,95000,MORTGAGE,2.0,EDUCATION,D,4800,14.09,0.05,N,3,0
38635,36,38400,RENT,6.0,VENTURE,C,10000,13.85,0.26,Y,11,0
38636,25,66500,MORTGAGE,0.0,DEBTCONSOLIDATION,A,4000,8.49,0.06,N,2,0
38637,23,95000,RENT,7.0,VENTURE,B,4000,10.99,0.04,N,3,0
38638,26,70000,MORTGAGE,0.0,VENTURE,A,7000,8.94,0.1,N,2,0
38639,28,60000,RENT,4.0,DEBTCONSOLIDATION,A,10000,5.79,0.17,N,6,0
38640,27,63600,RENT,0.0,PERSONAL,D,12000,14.42,0.19,N,9,1
38641,24,40000,RENT,6.0,VENTURE,B,6000,11.49,0.15,N,3,0
38642,38,42000,MORTGAGE,5.0,DEBTCONSOLIDATION,B,7000,11.11,0.17,N,12,0
38643,29,77000,RENT,2.0,VENTURE,C,15000,13.49,0.19,Y,10,0
38644,26,65000,RENT,5.0,MEDICAL,B,12500,11.49,0.2,N,4,0
38645,29,79000,MORTGAGE,4.0,MEDICAL,B,8000,10.25,0.1,N,10,0
38646,22,57006,RENT,7.0,DEBTCONSOLIDATION,A,6000,6.91,0.11,N,3,0
38647,38,70000,RENT,6.0,HOMEIMPROVEMENT,C,14000,13.57,0.2,N,12,0
38648,26,110000,RENT,5.0,DEBTCONSOLIDATION,A,10000,8.94,0.09,N,3,0
38649,24,37000,RENT,2.0,DEBTCONSOLIDATION,B,11000,9.45,0.28,N,4,0
38650,22,55000,MORTGAGE,6.0,EDUCATION,B,6000,10.59,0.11,N,4,0
38651,26,63000,RENT,11.0,PERSONAL,A,5000,7.68,0.08,N,2,0
38652,24,55000,RENT,2.0,VENTURE,A,12000,7.49,0.22,N,2,0
38653,31,48000,RENT,2.0,VENTURE,C,12000,13.49,0.25,N,10,0
38654,25,120000,MORTGAGE,0.0,PERSONAL,A,12000,7.49,0.1,N,2,0
38655,32,47000,RENT,1.0,HOMEIMPROVEMENT,A,15000,8.49,0.32,N,6,1
38656,39,60000,RENT,0.0,MEDICAL,A,10000,9.32,0.17,N,12,0
38657,37,25000,RENT,0.0,DEBTCONSOLIDATION,D,5000,12.86,0.2,Y,12,1
38658,32,66000,MORTGAGE,13.0,HOMEIMPROVEMENT,A,7000,7.66,0.11,N,7,0
38659,24,70000,OWN,4.0,HOMEIMPROVEMENT,C,12000,13.61,0.17,Y,3,0
38660,21,30000,RENT,0.0,MEDICAL,B,14000,11.26,0.47,N,2,1
38661,27,60000,RENT,0.0,HOMEIMPROVEMENT,B,6000,10.74,0.1,N,5,0
38662,23,60000,RENT,4.0,PERSONAL,C,4000,13.43,0.07,N,4,0
38663,22,52800,RENT,3.0,EDUCATION,B,4800,10.37,0.09,N,4,0
38664,23,71250,RENT,7.0,MEDICAL,D,12000,14.96,0.17,Y,2,1
38665,29,58327,RENT,4.0,VENTURE,B,5000,11.48,0.08,N,5,0
38666,33,45000,RENT,4.0,MEDICAL,B,8000,10.99,0.18,N,8,0
38667,23,60000,RENT,0.0,VENTURE,C,6000,13.22,0.1,N,2,0
38668,24,60000,RENT,3.0,VENTURE,B,2000,11.49,0.03,N,2,0
38669,29,35138,MORTGAGE,13.0,EDUCATION,C,1000,12.68,0.03,N,6,0
38670,29,70000,MORTGAGE,3.0,PERSONAL,A,4800,7.51,0.07,N,9,0
38671,25,75000,MORTGAGE,9.0,HOMEIMPROVEMENT,A,6000,6.03,0.08,N,4,0
38672,31,42000,RENT,0.0,MEDICAL,C,4000,13.49,0.1,N,5,0
38673,46,44000,RENT,2.0,PERSONAL,F,4000,21.36,0.09,Y,16,1
38674,23,42000,RENT,7.0,DEBTCONSOLIDATION,A,4800,8.9,0.11,N,2,0
38675,25,120000,MORTGAGE,9.0,DEBTCONSOLIDATION,A,6000,7.68,0.05,N,3,0
38676,31,44000,RENT,0.0,MEDICAL,B,3500,10.59,0.08,N,10,0
38677,23,60000,MORTGAGE,7.0,PERSONAL,B,15000,11.83,0.25,N,3,0
38678,32,120000,MORTGAGE,4.0,MEDICAL,A,12000,5.79,0.1,N,9,0
38679,38,48000,MORTGAGE,9.0,MEDICAL,B,5000,10.65,0.1,N,16,0
38680,36,60000,MORTGAGE,8.0,VENTURE,A,5000,6.99,0.08,N,14,0
38681,23,80000,MORTGAGE,0.0,VENTURE,B,12000,10.62,0.15,N,2,0
38682,28,55000,MORTGAGE,6.0,VENTURE,A,4800,7.14,0.09,N,8,0
38683,24,100000,OWN,8.0,HOMEIMPROVEMENT,A,24000,7.88,0.24,N,3,0
38684,21,43000,MORTGAGE,6.0,VENTURE,A,4500,5.42,0.1,N,2,0
38685,23,45000,RENT,4.0,VENTURE,A,7000,6.62,0.16,N,2,0
38686,27,80000,MORTGAGE,11.0,EDUCATION,A,14000,6.91,0.17,N,10,0
38687,28,150000,MORTGAGE,12.0,VENTURE,C,7000,13.49,0.05,N,9,0
38688,24,95000,MORTGAGE,8.0,HOMEIMPROVEMENT,A,6300,7.29,0.06,N,3,0
38689,37,110000,MORTGAGE,7.0,PERSONAL,C,5000,13.61,0.05,N,16,0
38690,23,40000,RENT,0.0,DEBTCONSOLIDATION,B,4000,12.42,0.1,N,2,0
38691,40,54000,RENT,0.0,MEDICAL,A,5000,5.42,0.09,N,13,0
38692,56,150000,MORTGAGE,3.0,PERSONAL,C,15000,12.99,0.1,Y,22,0
38693,21,40000,MORTGAGE,5.0,EDUCATION,C,4000,13.49,0.1,Y,4,0
38694,27,80000,MORTGAGE,0.0,EDUCATION,A,20000,7.51,0.25,N,7,0
38695,38,47000,MORTGAGE,5.0,VENTURE,B,8500,10.65,0.18,N,17,0
38696,27,120000,MORTGAGE,11.0,EDUCATION,A,10000,6.99,0.08,N,5,0
38697,32,33078,RENT,2.0,DEBTCONSOLIDATION,A,10000,7.51,0.3,N,8,0
38698,27,44000,RENT,1.0,PERSONAL,D,8000,15.99,0.18,N,7,1
38699,24,36000,RENT,0.0,EDUCATION,C,5000,13.23,0.14,N,4,0
38700,27,45000,RENT,2.0,HOMEIMPROVEMENT,A,2200,5.42,0.05,N,8,0
38701,33,40000,RENT,4.0,EDUCATION,A,7000,7.14,0.17,N,9,0
38702,36,74000,RENT,0.0,EDUCATION,D,25000,15.65,0.34,Y,13,1
38703,29,100000,MORTGAGE,4.0,DEBTCONSOLIDATION,B,7700,11.86,0.08,N,9,0
38704,24,70000,MORTGAGE,7.0,PERSONAL,B,25000,10.62,0.36,N,3,0
38705,27,72000,OWN,11.0,PERSONAL,A,18000,7.88,0.25,N,5,0
38706,53,85000,MORTGAGE,0.0,PERSONAL,B,17000,10.37,0.2,N,23,0
38707,23,72000,RENT,4.0,PERSONAL,B,16800,10.59,0.23,N,3,0
38708,29,24000,RENT,0.0,PERSONAL,B,5000,10.25,0.21,N,8,0
38709,22,30000,MORTGAGE,6.0,DEBTCONSOLIDATION,B,12000,11.71,0.4,N,3,0
38710,27,50000,MORTGAGE,7.0,DEBTCONSOLIDATION,A,6000,5.99,0.12,N,10,0
38711,28,42000,MORTGAGE,8.0,VENTURE,A,4000,5.79,0.1,N,10,0
38712,27,75000,RENT,1.0,MEDICAL,B,20000,11.83,0.27,N,7,0
38713,23,30000,OWN,0.0,MEDICAL,A,10000,5.42,0.33,N,4,0
38714,30,40000,MORTGAGE,3.0,DEBTCONSOLIDATION,A,6000,7.9,0.15,N,10,0
38715,22,40000,MORTGAGE,6.0,PERSONAL,A,10000,5.99,0.25,N,3,0
38716,28,45000,OWN,5.0,EDUCATION,A,9000,5.99,0.19,N,7,0
38717,29,48000,RENT,9.0,PERSONAL,A,15000,7.88,0.31,N,9,1
38718,22,41000,RENT,6.0,PERSONAL,C,10000,13.57,0.24,Y,3,1
38719,36,35000,RENT,3.0,DEBTCONSOLIDATION,A,4000,8.9,0.11,N,13,0
38720,23,35000,MORTGAGE,7.0,EDUCATION,C,15000,10.91,0.43,Y,3,0
38721,36,68000,RENT,5.0,PERSONAL,B,21000,10.65,0.31,N,12,1
38722,27,90000,RENT,10.0,DEBTCONSOLIDATION,B,14500,8.88,0.15,N,5,0
38723,26,50000,RENT,2.0,PERSONAL,A,7200,7.9,0.14,N,3,0
38724,24,65000,RENT,2.0,PERSONAL,B,10000,9.99,0.15,N,2,0
38725,29,54586,MORTGAGE,4.0,EDUCATION,C,19000,13.61,0.35,Y,5,0
38726,28,90000,MORTGAGE,12.0,MEDICAL,A,20000,6.54,0.22,N,10,0
38727,23,45000,RENT,2.0,PERSONAL,B,12000,11.11,0.26,N,3,0
38728,43,54000,RENT,9.0,PERSONAL,B,9250,12.53,0.17,N,12,0
38729,31,65000,RENT,9.0,MEDICAL,C,5000,13.92,0.07,Y,8,0
38730,24,110000,MORTGAGE,8.0,EDUCATION,A,7000,6.76,0.06,N,4,0
38731,28,52000,RENT,0.0,VENTURE,C,12000,13.85,0.23,Y,10,0
38732,38,55000,OWN,8.0,VENTURE,C,10000,15.96,0.18,N,14,0
38733,22,86400,MORTGAGE,6.0,EDUCATION,A,8000,6.03,0.09,N,2,0
38734,24,86000,RENT,3.0,DEBTCONSOLIDATION,A,4600,5.99,0.05,N,2,0
38735,27,70000,RENT,4.0,MEDICAL,C,3000,13.49,0.04,Y,10,0
38736,32,45000,MORTGAGE,16.0,VENTURE,A,14500,6.62,0.32,N,8,0
38737,40,134000,MORTGAGE,3.0,DEBTCONSOLIDATION,D,25000,15.99,0.18,Y,14,1
38738,25,38496,RENT,7.0,HOMEIMPROVEMENT,D,12000,14.11,0.32,Y,2,1
38739,26,70000,RENT,1.0,VENTURE,A,4000,7.42,0.06,N,2,0
38740,25,50960,MORTGAGE,9.0,HOMEIMPROVEMENT,D,7125,16.32,0.14,N,3,0
38741,26,64000,RENT,3.0,HOMEIMPROVEMENT,B,2000,11.14,0.03,N,2,0
38742,23,52000,RENT,1.0,HOMEIMPROVEMENT,D,5000,13.99,0.1,N,4,1
38743,22,84996,MORTGAGE,5.0,DEBTCONSOLIDATION,B,5000,10.99,0.06,N,3,0
38744,25,90000,MORTGAGE,9.0,EDUCATION,B,7000,11.71,0.08,N,4,0
38745,41,42000,RENT,2.0,MEDICAL,B,3000,11.36,0.07,N,14,0
38746,32,95200,MORTGAGE,15.0,PERSONAL,A,15000,7.51,0.16,N,9,0
38747,24,82600,RENT,2.0,MEDICAL,A,10000,7.66,0.12,N,4,0
38748,22,75000,MORTGAGE,6.0,VENTURE,A,18000,5.79,0.24,N,2,0
38749,27,50000,MORTGAGE,3.0,MEDICAL,A,9600,8.9,0.19,N,5,0
38750,24,52000,RENT,8.0,PERSONAL,A,12000,7.29,0.23,N,2,0
38751,23,29000,RENT,2.0,PERSONAL,D,10000,14.84,0.34,N,2,1
38752,22,46800,MORTGAGE,1.0,DEBTCONSOLIDATION,B,14000,10.37,0.3,N,4,0
38753,28,55000,MORTGAGE,12.0,MEDICAL,B,7000,10.65,0.13,N,9,0
38754,22,51000,MORTGAGE,6.0,DEBTCONSOLIDATION,B,12000,10.99,0.24,N,3,0
38755,31,76000,MORTGAGE,4.0,VENTURE,A,10000,7.51,0.13,N,5,0
38756,30,49000,MORTGAGE,0.0,PERSONAL,B,5000,12.18,0.1,N,7,1
38757,26,41100,RENT,1.0,MEDICAL,C,9600,12.68,0.24,N,4,0
38758,25,45000,RENT,2.0,MEDICAL,B,12000,11.86,0.27,N,3,0
38759,29,50000,RENT,5.0,MEDICAL,B,15000,11.99,0.3,N,8,0
38760,22,60000,MORTGAGE,5.0,EDUCATION,A,6500,7.49,0.11,N,2,0
38761,24,112440,MORTGAGE,8.0,EDUCATION,A,8000,8.9,0.07,N,2,0
38762,27,30000,RENT,11.0,PERSONAL,B,5000,11.86,0.17,N,8,0
38763,23,57000,MORTGAGE,7.0,EDUCATION,A,6000,7.51,0.11,N,2,0
38764,25,120000,MORTGAGE,7.0,PERSONAL,B,25000,9.99,0.21,N,4,0
38765,24,85000,RENT,3.0,HOMEIMPROVEMENT,D,10000,14.74,0.12,N,3,0
38766,27,88000,MORTGAGE,2.0,HOMEIMPROVEMENT,A,10000,7.51,0.11,N,9,0
38767,28,48000,RENT,12.0,PERSONAL,B,20000,10.62,0.42,N,9,0
38768,29,18000,OWN,2.0,PERSONAL,A,6000,8.9,0.33,N,5,0
38769,27,50000,MORTGAGE,5.0,PERSONAL,A,12000,8.49,0.24,N,5,0
38770,38,65000,MORTGAGE,6.0,PERSONAL,A,12000,7.9,0.18,N,16,0
38771,22,36000,RENT,6.0,EDUCATION,B,6000,10.65,0.17,N,3,0
38772,30,52000,RENT,1.0,EDUCATION,B,8000,10.0,0.15,N,9,0
38773,25,100000,MORTGAGE,5.0,VENTURE,C,24000,13.85,0.24,Y,3,0
38774,25,70000,MORTGAGE,3.0,EDUCATION,A,10000,5.42,0.14,N,4,0
38775,28,46809,RENT,8.0,DEBTCONSOLIDATION,B,10000,12.42,0.21,Y,6,0
38776,24,30000,OWN,0.0,PERSONAL,C,10000,12.68,0.33,N,4,0
38777,22,45000,MORTGAGE,4.0,EDUCATION,A,6000,7.51,0.13,N,4,0
38778,37,75000,MORTGAGE,13.0,PERSONAL,D,20000,15.33,0.27,N,17,0
38779,29,30000,RENT,2.0,MEDICAL,B,1500,11.48,0.05,N,10,0
38780,24,80000,MORTGAGE,0.0,MEDICAL,B,10000,11.83,0.13,N,3,0
38781,21,37000,RENT,0.0,MEDICAL,D,4000,17.27,0.11,N,4,1
38782,33,109000,MORTGAGE,4.0,PERSONAL,A,15000,7.9,0.14,N,5,0
38783,24,72000,MORTGAGE,5.0,DEBTCONSOLIDATION,B,8000,12.42,0.11,N,2,0
38784,22,48000,MORTGAGE,7.0,EDUCATION,A,1000,7.4,0.02,N,3,0
38785,23,80000,MORTGAGE,7.0,PERSONAL,A,10000,7.88,0.13,N,4,0
38786,24,85000,RENT,7.0,DEBTCONSOLIDATION,B,18000,11.71,0.21,N,4,0
38787,25,54600,RENT,4.0,EDUCATION,A,1500,6.91,0.03,N,2,0
38788,32,60000,RENT,0.0,DEBTCONSOLIDATION,B,2500,9.88,0.04,N,7,0
38789,25,45000,MORTGAGE,2.0,MEDICAL,B,12000,10.37,0.27,N,2,0
38790,35,45996,RENT,2.0,VENTURE,C,12000,13.06,0.26,Y,6,0
38791,28,100000,RENT,3.0,PERSONAL,E,15000,16.35,0.15,Y,9,0
38792,33,80000,MORTGAGE,17.0,VENTURE,A,6000,7.4,0.07,N,9,0
38793,29,83820,MORTGAGE,4.0,DEBTCONSOLIDATION,D,16000,14.84,0.2,Y,8,1
38794,27,48000,RENT,3.0,DEBTCONSOLIDATION,A,10000,8.0,0.21,N,10,0
38795,31,70000,MORTGAGE,2.0,VENTURE,C,11400,13.16,0.16,Y,9,0
38796,28,80000,RENT,12.0,VENTURE,A,12000,6.62,0.15,N,6,0
38797,23,50000,RENT,2.0,MEDICAL,A,3000,7.51,0.06,N,3,0
38798,23,48000,MORTGAGE,7.0,DEBTCONSOLIDATION,C,15000,13.49,0.31,N,2,0
38799,23,36000,MORTGAGE,4.0,MEDICAL,B,6350,10.38,0.18,N,4,0
38800,29,96000,MORTGAGE,11.0,HOMEIMPROVEMENT,C,4000,13.49,0.04,N,8,0
38801,27,61200,MORTGAGE,5.0,MEDICAL,B,8000,11.49,0.13,N,8,0
38802,36,25000,MORTGAGE,0.0,DEBTCONSOLIDATION,C,6000,14.27,0.24,N,12,0
38803,22,45000,RENT,3.0,MEDICAL,A,5000,7.51,0.11,N,3,0
38804,22,40000,RENT,4.0,MEDICAL,C,5000,14.27,0.13,N,3,0
38805,33,38220,RENT,0.0,VENTURE,A,12000,7.88,0.31,N,10,0
38806,21,28800,RENT,0.0,PERSONAL,B,8000,11.11,0.28,N,2,0
38807,40,90000,MORTGAGE,2.0,PERSONAL,B,6000,10.62,0.07,N,16,0
38808,26,24000,RENT,5.0,MEDICAL,C,2500,13.11,0.1,Y,3,0
38809,22,60000,MORTGAGE,5.0,VENTURE,A,7200,7.9,0.12,N,4,0
38810,28,100000,MORTGAGE,9.0,DEBTCONSOLIDATION,B,6000,10.99,0.06,N,8,0
38811,23,60000,MORTGAGE,5.0,DEBTCONSOLIDATION,B,10000,12.18,0.17,N,4,0
38812,32,39000,RENT,4.0,MEDICAL,D,6000,16.49,0.15,Y,7,0
38813,25,71688,RENT,2.0,HOMEIMPROVEMENT,B,13000,10.95,0.18,N,3,0
38814,40,70000,MORTGAGE,5.0,EDUCATION,C,15000,14.26,0.21,Y,15,0
38815,28,45000,MORTGAGE,12.0,PERSONAL,A,6000,5.42,0.13,N,7,0
38816,27,38000,MORTGAGE,0.0,PERSONAL,A,12000,7.29,0.32,N,6,0
38817,21,35000,OWN,5.0,MEDICAL,C,8000,14.72,0.23,N,3,0
38818,23,48000,RENT,7.0,PERSONAL,C,4000,14.35,0.08,N,4,0
38819,26,36000,RENT,5.0,EDUCATION,A,6000,8.0,0.17,N,2,0
38820,38,73100,RENT,3.0,MEDICAL,D,15000,13.24,0.21,Y,12,1
38821,25,70000,RENT,0.0,HOMEIMPROVEMENT,A,8000,7.51,0.11,N,3,0
38822,21,52000,MORTGAGE,3.0,DEBTCONSOLIDATION,B,13250,11.71,0.25,N,4,0
38823,24,40000,RENT,1.0,DEBTCONSOLIDATION,C,4000,14.26,0.1,Y,4,0
38824,27,31200,RENT,3.0,VENTURE,C,6000,14.79,0.19,Y,5,0
38825,33,75000,RENT,3.0,DEBTCONSOLIDATION,A,25000,7.29,0.33,N,10,1
38826,46,115000,RENT,8.0,HOMEIMPROVEMENT,A,6000,5.42,0.05,N,15,0
38827,25,51600,RENT,9.0,VENTURE,A,14000,6.54,0.27,N,3,0
38828,26,120000,MORTGAGE,3.0,VENTURE,A,7000,5.42,0.06,N,4,0
38829,28,150000,MORTGAGE,8.0,MEDICAL,A,24000,7.9,0.16,N,5,0
38830,31,42500,RENT,15.0,EDUCATION,D,8000,16.29,0.19,N,6,0
38831,22,48000,RENT,0.0,DEBTCONSOLIDATION,A,4800,7.29,0.1,N,2,0
38832,39,45000,RENT,0.0,MEDICAL,A,7200,5.99,0.16,N,16,0
38833,25,17004,OWN,5.0,PERSONAL,B,4750,9.88,0.28,N,2,0
38834,27,80000,MORTGAGE,4.0,HOMEIMPROVEMENT,A,6000,6.99,0.07,N,5,0
38835,31,72000,MORTGAGE,1.0,EDUCATION,C,8000,15.96,0.11,N,5,1
38836,33,98000,MORTGAGE,2.0,EDUCATION,A,20000,7.88,0.2,N,5,0
38837,27,45000,RENT,1.0,VENTURE,B,4800,9.99,0.11,N,10,0
38838,23,47000,RENT,4.0,PERSONAL,A,5000,7.14,0.11,N,2,0
38839,26,150000,MORTGAGE,10.0,HOMEIMPROVEMENT,B,15000,11.49,0.09,N,2,0
38840,23,30000,MORTGAGE,7.0,PERSONAL,D,3500,16.32,0.12,N,4,0
38841,23,30000,RENT,0.0,PERSONAL,B,5000,11.14,0.17,N,4,0
38842,53,59000,MORTGAGE,6.0,PERSONAL,B,4800,9.99,0.08,N,22,0
38843,23,90000,MORTGAGE,8.0,EDUCATION,D,13000,16.77,0.14,Y,4,0
38844,27,72000,MORTGAGE,4.0,DEBTCONSOLIDATION,A,15000,6.03,0.21,N,10,0
38845,26,52800,RENT,0.0,PERSONAL,A,2400,7.9,0.04,N,4,1
38846,33,55000,RENT,3.0,PERSONAL,B,9000,10.36,0.16,N,8,0
38847,27,80000,MORTGAGE,4.0,EDUCATION,C,16000,13.49,0.21,N,10,0
38848,23,100000,RENT,7.0,VENTURE,C,8000,13.98,0.08,Y,2,0
38849,34,38000,RENT,1.0,MEDICAL,B,5000,10.08,0.13,N,8,0
38850,25,60000,RENT,9.0,HOMEIMPROVEMENT,B,6000,9.99,0.1,N,4,0
38851,28,34000,RENT,0.0,DEBTCONSOLIDATION,E,3000,16.45,0.09,N,8,1
38852,23,40000,RENT,4.0,EDUCATION,A,5000,5.79,0.13,N,4,0
38853,34,75000,OWN,4.0,VENTURE,D,5000,14.42,0.07,N,10,0
38854,23,27996,RENT,0.0,PERSONAL,C,8500,12.53,0.31,N,4,1
38855,27,45000,MORTGAGE,5.0,EDUCATION,C,12000,13.11,0.27,N,10,0
38856,21,50000,OTHER,0.0,MEDICAL,B,8000,11.71,0.16,N,4,0
38857,37,42000,MORTGAGE,2.0,DEBTCONSOLIDATION,B,4200,9.99,0.1,N,12,0
38858,28,57600,MORTGAGE,2.0,EDUCATION,B,4000,10.99,0.07,N,8,0
38859,25,53000,MORTGAGE,6.0,MEDICAL,A,8000,8.49,0.15,N,3,0
38860,31,100000,MORTGAGE,0.0,VENTURE,A,12000,6.62,0.12,N,5,0
38861,30,60000,MORTGAGE,7.0,HOMEIMPROVEMENT,B,6000,10.0,0.1,N,5,0
38862,23,28800,RENT,2.0,VENTURE,B,4000,12.21,0.14,N,2,0
38863,40,550000,MORTGAGE,5.0,VENTURE,B,18000,11.12,0.03,N,13,0
38864,30,55000,RENT,3.0,DEBTCONSOLIDATION,B,10000,10.38,0.18,N,9,0
38865,35,39000,OWN,13.0,VENTURE,C,16000,12.73,0.41,N,5,0
38866,33,50000,MORTGAGE,5.0,PERSONAL,A,3000,5.42,0.06,N,8,0
38867,24,52000,MORTGAGE,6.0,MEDICAL,B,12000,10.99,0.23,N,2,0
38868,38,90000,MORTGAGE,15.0,HOMEIMPROVEMENT,A,11000,8.59,0.12,N,12,0
38869,21,60000,RENT,4.0,DEBTCONSOLIDATION,A,5400,7.9,0.09,N,3,0
38870,29,50000,MORTGAGE,10.0,PERSONAL,A,5000,6.76,0.1,N,5,0
38871,31,43000,RENT,15.0,EDUCATION,C,5000,12.99,0.12,Y,10,0
38872,21,60000,RENT,5.0,PERSONAL,B,14000,11.71,0.23,N,3,0
38873,30,57000,MORTGAGE,15.0,EDUCATION,A,8000,5.42,0.14,N,9,0
38874,22,75000,RENT,0.0,EDUCATION,A,14400,8.59,0.19,N,3,0
38875,22,110000,RENT,1.0,DEBTCONSOLIDATION,B,12000,12.53,0.11,N,4,0
38876,26,70000,MORTGAGE,3.0,VENTURE,B,6000,9.99,0.09,N,4,0
38877,33,84000,MORTGAGE,3.0,HOMEIMPROVEMENT,B,4400,9.91,0.05,N,8,1
38878,27,125000,MORTGAGE,5.0,HOMEIMPROVEMENT,F,12000,19.13,0.1,Y,8,0
38879,22,60000,RENT,0.0,DEBTCONSOLIDATION,A,9000,8.49,0.15,N,2,0
38880,24,48000,RENT,8.0,VENTURE,B,4000,12.69,0.08,N,4,0
38881,21,30000,RENT,2.0,VENTURE,C,3000,12.99,0.1,Y,2,0
38882,21,50000,MORTGAGE,0.0,PERSONAL,A,2500,5.79,0.05,N,2,0
38883,26,37000,RENT,1.0,MEDICAL,B,5000,10.99,0.14,N,4,0
38884,24,54000,MORTGAGE,8.0,DEBTCONSOLIDATION,C,4000,13.92,0.07,N,4,0
38885,23,59000,RENT,0.0,VENTURE,A,2500,6.62,0.04,N,2,0
38886,26,72000,MORTGAGE,3.0,EDUCATION,B,10000,10.99,0.14,N,3,0
38887,32,55000,RENT,3.0,HOMEIMPROVEMENT,B,7500,9.99,0.14,N,8,0
38888,23,93000,MORTGAGE,5.0,DEBTCONSOLIDATION,A,3000,7.12,0.03,N,4,0
38889,26,100000,MORTGAGE,1.0,DEBTCONSOLIDATION,C,5000,13.57,0.05,Y,2,0
38890,27,38400,MORTGAGE,6.0,PERSONAL,A,8500,5.42,0.22,N,7,0
38891,22,38500,RENT,1.0,DEBTCONSOLIDATION,B,5000,10.0,0.13,N,4,0
38892,24,40000,RENT,0.0,PERSONAL,A,5000,8.59,0.13,N,4,0
38893,25,30000,MORTGAGE,8.0,EDUCATION,C,3000,12.98,0.1,N,3,0
38894,23,60000,RENT,2.0,EDUCATION,B,2000,9.63,0.03,N,4,0
38895,27,81600,MORTGAGE,5.0,HOMEIMPROVEMENT,A,11500,6.92,0.14,N,5,0
38896,26,29000,RENT,5.0,VENTURE,B,8000,9.88,0.28,N,3,0
38897,25,15600,RENT,1.0,EDUCATION,B,2500,12.53,0.16,N,4,1
38898,24,69996,RENT,6.0,EDUCATION,B,15000,11.89,0.21,N,2,0
38899,24,60000,RENT,0.0,DEBTCONSOLIDATION,B,5600,12.21,0.09,N,4,0
38900,28,50000,RENT,10.0,EDUCATION,B,10000,9.99,0.2,N,7,0
38901,60,37680,RENT,4.0,PERSONAL,D,2000,14.96,0.05,Y,27,0
38902,31,72000,MORTGAGE,6.0,VENTURE,A,12000,5.99,0.17,N,10,0
38903,22,46000,RENT,5.0,PERSONAL,B,10000,12.69,0.22,N,3,0
38904,24,25000,RENT,4.0,EDUCATION,B,6500,10.99,0.26,N,3,0
38905,28,144000,MORTGAGE,3.0,PERSONAL,A,30000,5.99,0.21,N,6,0
38906,32,54000,RENT,16.0,PERSONAL,B,6000,11.71,0.11,N,5,0
38907,24,50000,OTHER,5.0,PERSONAL,A,6000,8.0,0.12,N,2,0
38908,25,28000,RENT,6.0,MEDICAL,B,8000,10.25,0.29,N,3,0
38909,27,125000,MORTGAGE,1.0,MEDICAL,A,8000,7.51,0.06,N,7,0
38910,32,45000,OWN,17.0,EDUCATION,D,7000,16.49,0.16,N,7,0
38911,30,170000,MORTGAGE,0.0,HOMEIMPROVEMENT,C,25000,13.85,0.15,N,7,0
38912,28,83004,MORTGAGE,12.0,VENTURE,B,18000,10.0,0.22,N,5,0
38913,25,70000,RENT,3.0,MEDICAL,A,10000,8.59,0.14,N,2,0
38914,23,44208,MORTGAGE,1.0,EDUCATION,B,7200,11.12,0.17,N,2,0
38915,26,48000,RENT,0.0,VENTURE,A,12000,8.49,0.25,N,2,0
38916,22,50000,RENT,2.0,EDUCATION,A,5000,9.32,0.1,N,3,0
38917,35,182500,RENT,2.0,HOMEIMPROVEMENT,A,12500,5.42,0.07,N,11,0
38918,23,50000,RENT,7.0,EDUCATION,C,5000,15.96,0.1,Y,3,0
38919,23,55000,RENT,2.0,DEBTCONSOLIDATION,A,5000,7.29,0.09,N,4,0
38920,22,58000,MORTGAGE,3.0,MEDICAL,A,8000,7.51,0.14,N,4,0
38921,23,30000,RENT,3.0,MEDICAL,A,5000,8.49,0.17,N,2,0
38922,22,60000,MORTGAGE,6.0,EDUCATION,A,1900,5.79,0.03,N,4,0
38923,29,34000,RENT,14.0,MEDICAL,D,7500,16.89,0.23,N,5,1
38924,28,55000,MORTGAGE,12.0,EDUCATION,C,6000,13.98,0.11,N,10,0
38925,23,36000,RENT,1.0,EDUCATION,B,8500,12.42,0.24,N,4,0
38926,33,60000,MORTGAGE,0.0,HOMEIMPROVEMENT,A,7875,6.91,0.13,N,6,0
38927,28,62304,MORTGAGE,3.0,DEBTCONSOLIDATION,A,11000,5.79,0.18,N,8,0
38928,32,120000,MORTGAGE,16.0,DEBTCONSOLIDATION,B,4375,10.95,0.35,N,8,0
38929,22,41600,RENT,3.0,EDUCATION,A,10000,6.91,0.24,N,4,0
38930,29,150000,MORTGAGE,12.0,DEBTCONSOLIDATION,A,7000,9.32,0.05,N,6,0
38931,29,60000,RENT,2.0,MEDICAL,C,6000,12.87,0.1,N,9,0
38932,25,42000,RENT,4.0,VENTURE,A,5000,5.42,0.12,N,4,0
38933,21,45000,RENT,3.0,EDUCATION,B,5000,11.83,0.11,N,4,0
38934,25,48000,MORTGAGE,1.0,VENTURE,A,4000,7.75,0.08,N,4,0
38935,25,73440,MORTGAGE,9.0,EDUCATION,A,25000,6.03,0.35,N,3,0
38936,25,157500,RENT,1.0,VENTURE,B,12000,12.69,0.07,N,2,0
38937,28,110000,MORTGAGE,12.0,MEDICAL,A,6000,7.49,0.05,N,8,0
38938,29,30000,RENT,0.0,PERSONAL,B,9000,10.59,0.3,N,7,1
38939,27,110000,RENT,0.0,DEBTCONSOLIDATION,B,5000,10.59,0.05,N,9,0
38940,22,42000,RENT,6.0,MEDICAL,D,15000,16.77,0.36,N,3,1
38941,30,100000,MORTGAGE,8.0,PERSONAL,A,6000,5.79,0.06,N,8,0
38942,34,120000,MORTGAGE,0.0,VENTURE,E,20000,17.74,0.17,Y,10,0
38943,39,60000,RENT,1.0,PERSONAL,B,17000,11.71,0.28,N,16,0
38944,30,54000,RENT,2.0,VENTURE,D,5000,14.96,0.09,Y,10,1
38945,23,77940,MORTGAGE,2.0,DEBTCONSOLIDATION,B,16250,10.0,0.2,N,3,0
38946,26,36000,RENT,0.0,DEBTCONSOLIDATION,C,5000,14.26,0.14,N,3,0
38947,27,55000,RENT,4.0,VENTURE,B,7500,9.99,0.14,N,5,0
38948,23,41000,MORTGAGE,7.0,DEBTCONSOLIDATION,C,6000,13.22,0.15,Y,4,0
38949,41,36100,RENT,2.0,MEDICAL,A,8400,7.51,0.23,N,15,0
38950,47,45000,RENT,3.0,EDUCATION,B,10000,10.65,0.22,N,16,0
38951,27,26400,RENT,0.0,VENTURE,C,10000,13.79,0.38,Y,6,1
38952,25,52000,RENT,0.0,PERSONAL,B,7000,10.65,0.13,N,3,0
38953,23,74000,RENT,7.0,DEBTCONSOLIDATION,B,10000,10.62,0.14,N,2,0
38954,32,60000,MORTGAGE,12.0,MEDICAL,A,8000,7.51,0.13,N,9,0
38955,28,40000,RENT,0.0,MEDICAL,C,10000,13.49,0.25,N,6,0
38956,24,38400,RENT,1.0,PERSONAL,C,1000,14.79,0.03,Y,4,0
38957,26,43680,MORTGAGE,5.0,VENTURE,B,5000,10.37,0.11,N,2,0
38958,25,48000,RENT,1.0,DEBTCONSOLIDATION,A,4200,7.29,0.09,N,4,0
38959,23,75000,MORTGAGE,3.0,EDUCATION,A,15000,6.54,0.2,N,4,0
38960,22,30000,MORTGAGE,4.0,MEDICAL,B,6000,10.99,0.2,N,4,0
38961,27,39000,RENT,0.0,MEDICAL,B,15000,10.25,0.38,N,6,1
38962,28,96000,MORTGAGE,12.0,PERSONAL,A,8000,6.99,0.08,N,8,0
38963,24,50000,RENT,5.0,DEBTCONSOLIDATION,A,10000,7.29,0.2,N,3,0
38964,22,60000,MORTGAGE,0.0,VENTURE,A,6000,6.62,0.1,N,3,0
38965,25,80000,RENT,4.0,MEDICAL,C,10000,13.49,0.13,Y,4,0
38966,31,60000,MORTGAGE,6.0,PERSONAL,C,5000,13.49,0.08,N,8,0
38967,28,60000,RENT,4.0,MEDICAL,B,5000,11.48,0.08,N,9,0
38968,23,63600,MORTGAGE,7.0,DEBTCONSOLIDATION,B,7000,11.49,0.11,N,4,0
38969,29,60000,MORTGAGE,7.0,DEBTCONSOLIDATION,A,5000,5.42,0.08,N,7,0
38970,28,63000,MORTGAGE,3.0,VENTURE,C,7000,13.92,0.11,N,9,0
38971,23,50000,MORTGAGE,5.0,EDUCATION,A,5500,6.92,0.11,N,2,0
38972,29,60000,MORTGAGE,5.0,MEDICAL,B,13000,9.99,0.22,N,10,0
38973,23,65000,MORTGAGE,7.0,EDUCATION,A,3800,7.49,0.06,N,2,0
38974,22,48996,RENT,1.0,PERSONAL,B,5000,10.59,0.1,N,4,0
38975,27,140000,MORTGAGE,5.0,PERSONAL,B,25000,10.25,0.18,N,7,0
38976,23,72000,MORTGAGE,3.0,DEBTCONSOLIDATION,B,10000,10.37,0.14,N,3,0
38977,29,60000,MORTGAGE,8.0,HOMEIMPROVEMENT,B,7000,11.14,0.12,N,10,0
38978,41,30000,MORTGAGE,5.0,VENTURE,A,8000,6.62,0.27,N,14,0
38979,30,50000,MORTGAGE,7.0,PERSONAL,A,5000,8.59,0.1,N,5,0
38980,26,94000,MORTGAGE,10.0,EDUCATION,B,10000,10.99,0.11,N,3,0
38981,32,42000,RENT,5.0,EDUCATION,C,5000,13.49,0.12,Y,6,0
38982,26,89000,RENT,7.0,EDUCATION,B,20000,10.99,0.22,N,4,0
38983,22,75000,RENT,1.0,DEBTCONSOLIDATION,A,12000,6.99,0.16,N,2,0
38984,27,30000,RENT,3.0,VENTURE,B,13250,10.99,0.44,N,5,1
38985,45,110000,RENT,3.0,PERSONAL,B,9000,11.11,0.08,N,13,0
38986,25,74000,MORTGAGE,9.0,EDUCATION,C,12000,13.49,0.16,N,4,1
38987,22,48000,RENT,5.0,EDUCATION,B,8000,10.99,0.17,N,3,0
38988,43,45840,RENT,5.0,DEBTCONSOLIDATION,B,4800,10.99,0.1,N,15,0
38989,30,60000,RENT,3.0,MEDICAL,B,5000,11.86,0.08,N,6,0
38990,25,34000,RENT,5.0,EDUCATION,B,10000,10.36,0.29,N,2,1
38991,35,37000,MORTGAGE,19.0,DEBTCONSOLIDATION,A,10000,6.54,0.27,N,9,0
38992,23,43200,MORTGAGE,7.0,EDUCATION,A,10000,7.9,0.23,N,2,0
38993,27,90000,MORTGAGE,11.0,EDUCATION,B,20000,11.14,0.22,N,10,0
38994,30,78465,MORTGAGE,0.0,PERSONAL,B,14400,11.48,0.18,N,5,0
38995,29,48000,MORTGAGE,11.0,MEDICAL,B,4800,10.75,0.09,N,8,0
38996,35,69996,MORTGAGE,8.0,DEBTCONSOLIDATION,A,4000,6.99,0.06,N,9,0
38997,23,50000,RENT,4.0,PERSONAL,C,10000,13.23,0.2,Y,3,0
38998,29,30000,OWN,3.0,VENTURE,C,5000,13.99,0.17,N,6,0
38999,38,68000,MORTGAGE,19.0,VENTURE,A,11000,5.99,0.16,N,11,0
39000,25,65000,RENT,1.0,MEDICAL,C,9500,13.47,0.15,N,4,0
39001,23,74000,MORTGAGE,3.0,EDUCATION,C,18850,12.73,0.26,Y,4,0
39002,24,52800,MORTGAGE,8.0,VENTURE,A,4500,6.76,0.09,N,4,0
39003,23,75000,RENT,7.0,VENTURE,B,6000,9.25,0.08,N,2,0
39004,22,120000,RENT,2.0,EDUCATION,B,10000,11.71,0.08,N,3,0
39005,29,80000,MORTGAGE,4.0,EDUCATION,B,4500,11.71,0.05,N,8,0
39006,23,30000,RENT,4.0,VENTURE,B,9500,10.99,0.32,N,2,1
39007,23,70000,MORTGAGE,7.0,VENTURE,B,25000,9.62,0.36,N,3,0
39008,26,93000,RENT,8.0,VENTURE,A,3000,7.14,0.03,N,2,0
39009,26,45000,MORTGAGE,9.0,PERSONAL,A,12000,7.88,0.27,N,3,0
39010,22,25000,RENT,3.0,VENTURE,B,3000,11.11,0.12,N,2,0
39011,33,110000,MORTGAGE,2.0,EDUCATION,A,5000,7.51,0.05,N,8,0
39012,21,42000,RENT,1.0,EDUCATION,D,4800,14.09,0.11,N,2,1
39013,26,60000,RENT,5.0,MEDICAL,A,10000,7.51,0.17,N,4,0
39014,27,70000,MORTGAGE,0.0,PERSONAL,A,3000,5.99,0.04,N,8,0
39015,33,40000,RENT,1.0,DEBTCONSOLIDATION,G,7200,21.21,0.18,Y,8,1
39016,25,50000,RENT,5.0,HOMEIMPROVEMENT,B,6000,10.99,0.12,N,3,0
39017,29,40500,RENT,0.0,HOMEIMPROVEMENT,B,7500,11.89,0.18,N,9,1
39018,22,48000,RENT,0.0,DEBTCONSOLIDATION,C,12000,13.49,0.25,Y,2,0
39019,33,34600,MORTGAGE,3.0,DEBTCONSOLIDATION,A,4000,5.42,0.12,N,9,0
39020,24,65000,RENT,8.0,VENTURE,C,12000,14.65,0.18,N,2,0
39021,25,30000,MORTGAGE,0.0,DEBTCONSOLIDATION,C,5200,13.49,0.17,Y,4,0
39022,23,60000,RENT,1.0,PERSONAL,A,7000,8.94,0.12,N,3,0
39023,29,24000,RENT,6.0,MEDICAL,B,10000,8.88,0.42,N,7,1
39024,26,69600,MORTGAGE,10.0,PERSONAL,A,8500,7.88,0.12,N,3,0
39025,24,50000,MORTGAGE,8.0,MEDICAL,B,8000,10.62,0.16,N,4,0
39026,27,61600,RENT,2.0,MEDICAL,B,4200,9.62,0.07,N,10,0
39027,31,85757,RENT,0.0,MEDICAL,B,7800,11.83,0.09,N,8,0
39028,32,38000,RENT,0.0,DEBTCONSOLIDATION,A,7500,8.0,0.2,N,5,0
39029,24,78000,MORTGAGE,5.0,VENTURE,C,12000,13.49,0.15,N,2,0
39030,22,64125,RENT,2.0,DEBTCONSOLIDATION,B,10000,10.65,0.16,N,3,0
39031,26,80000,MORTGAGE,5.0,PERSONAL,A,7000,6.03,0.08,N,4,0
39032,30,27983,RENT,4.0,EDUCATION,D,8000,14.84,0.26,Y,7,0
39033,22,24000,RENT,1.0,EDUCATION,B,7000,11.36,0.29,N,4,0
39034,23,44000,RENT,7.0,DEBTCONSOLIDATION,B,6000,11.99,0.14,N,2,0
39035,22,60000,MORTGAGE,6.0,DEBTCONSOLIDATION,B,5000,10.37,0.08,N,2,0
39036,21,52000,RENT,4.0,DEBTCONSOLIDATION,B,8800,10.59,0.16,N,3,0
39037,24,49200,RENT,8.0,MEDICAL,C,4800,13.06,0.1,N,4,0
39038,23,30000,MORTGAGE,3.0,EDUCATION,B,4200,10.25,0.14,N,3,0
39039,30,69500,MORTGAGE,13.0,VENTURE,A,6000,7.51,0.09,N,7,0
39040,34,105000,MORTGAGE,9.0,VENTURE,B,12000,9.2,0.11,N,5,0
39041,22,44000,RENT,1.0,EDUCATION,B,16000,12.18,0.36,N,4,1
39042,25,50000,RENT,3.0,PERSONAL,B,12000,10.74,0.24,N,2,0
39043,23,48000,MORTGAGE,7.0,EDUCATION,A,10000,6.62,0.21,N,4,0
39044,27,78504,RENT,2.0,EDUCATION,C,10000,12.53,0.13,Y,5,0
39045,23,24000,RENT,1.0,EDUCATION,B,6000,12.69,0.25,N,3,0
39046,29,49000,RENT,2.0,PERSONAL,D,5000,14.11,0.1,Y,7,1
39047,31,60000,RENT,3.0,HOMEIMPROVEMENT,A,4000,8.49,0.07,N,7,0
39048,28,75000,RENT,3.0,HOMEIMPROVEMENT,A,6000,6.92,0.08,N,5,0
39049,26,80000,MORTGAGE,0.0,EDUCATION,B,10000,11.26,0.13,N,4,0
39050,35,59497,MORTGAGE,9.0,EDUCATION,D,7750,16.77,0.12,N,8,1
39051,40,108000,RENT,4.0,PERSONAL,D,20000,16.77,0.19,N,15,1
39052,21,30000,RENT,1.0,EDUCATION,B,6000,12.53,0.2,N,2,0
39053,35,40000,RENT,2.0,EDUCATION,A,8000,9.63,0.2,N,5,0
39054,25,150000,MORTGAGE,5.0,HOMEIMPROVEMENT,A,15000,7.88,0.1,N,2,0
39055,22,60000,MORTGAGE,6.0,PERSONAL,A,10000,7.88,0.17,N,3,0
39056,31,60000,RENT,1.0,DEBTCONSOLIDATION,A,20000,7.9,0.33,N,8,1
39057,22,39000,MORTGAGE,4.0,EDUCATION,A,8500,8.94,0.22,N,3,1
39058,24,60000,RENT,6.0,VENTURE,C,4800,13.48,0.08,N,4,0
39059,23,50000,RENT,5.0,EDUCATION,A,10000,7.14,0.2,N,4,0
39060,25,31200,RENT,4.0,PERSONAL,B,8000,10.99,0.26,N,2,0
39061,23,40000,RENT,3.0,MEDICAL,C,12000,13.35,0.3,N,4,0
39062,30,120000,RENT,2.0,EDUCATION,B,9600,10.59,0.08,N,8,0
39063,32,50000,RENT,0.0,DEBTCONSOLIDATION,B,9000,12.42,0.17,N,8,0
39064,34,30000,RENT,2.0,PERSONAL,D,4200,16.49,0.14,Y,9,1
39065,26,50500,RENT,0.0,HOMEIMPROVEMENT,A,4050,7.88,0.08,N,3,0
39066,30,75000,MORTGAGE,7.0,PERSONAL,A,8000,6.03,0.11,N,5,0
39067,23,51600,MORTGAGE,2.0,VENTURE,B,13800,12.42,0.27,N,2,1
39068,23,95000,MORTGAGE,7.0,PERSONAL,B,15000,11.11,0.16,N,4,0
39069,24,95000,MORTGAGE,5.0,EDUCATION,A,15000,6.03,0.16,N,2,0
39070,36,45000,MORTGAGE,20.0,HOMEIMPROVEMENT,A,15000,7.9,0.33,N,15,0
39071,27,390000,MORTGAGE,2.0,MEDICAL,B,35000,10.99,0.09,N,5,0
39072,22,62400,MORTGAGE,5.0,DEBTCONSOLIDATION,B,5600,12.69,0.09,N,2,0
39073,27,33000,RENT,1.0,VENTURE,E,14000,16.4,0.44,N,10,1
39074,24,75000,RENT,0.0,HOMEIMPROVEMENT,A,5000,8.49,0.07,N,2,0
39075,23,45000,RENT,0.0,DEBTCONSOLIDATION,C,10000,12.73,0.22,N,4,0
39076,38,120000,MORTGAGE,16.0,MEDICAL,B,25000,10.62,0.21,N,13,0
39077,28,78000,OWN,5.0,VENTURE,B,5000,12.69,0.06,N,5,0
39078,25,47300,MORTGAGE,2.0,PERSONAL,C,7000,12.87,0.14,N,3,0
39079,33,43000,RENT,6.0,PERSONAL,A,18000,8.49,0.42,N,5,1
39080,26,50000,RENT,10.0,PERSONAL,C,16000,13.85,0.32,N,3,1
39081,29,70000,RENT,11.0,PERSONAL,B,16000,12.42,0.23,N,6,0
39082,25,72500,RENT,4.0,MEDICAL,A,7000,6.62,0.1,N,3,0
39083,24,100000,RENT,4.0,EDUCATION,D,3000,16.77,0.03,N,2,1
39084,31,33000,RENT,5.0,MEDICAL,B,8000,10.99,0.24,N,5,0
39085,22,39000,MORTGAGE,6.0,EDUCATION,A,1000,7.51,0.03,N,4,0
39086,26,35000,RENT,0.0,MEDICAL,A,8000,7.49,0.23,N,2,0
39087,36,45000,OWN,5.0,MEDICAL,B,15000,10.62,0.33,N,11,0
39088,26,85000,RENT,0.0,DEBTCONSOLIDATION,C,12000,13.49,0.14,N,2,0
39089,27,57758,MORTGAGE,6.0,DEBTCONSOLIDATION,B,12000,10.99,0.21,N,6,0
39090,48,42000,MORTGAGE,3.0,HOMEIMPROVEMENT,B,12000,10.99,0.29,N,16,0
39091,42,38004,RENT,2.0,MEDICAL,D,10000,14.96,0.26,N,15,1
39092,24,50000,RENT,0.0,PERSONAL,B,5000,10.38,0.1,N,2,0
39093,27,61450,RENT,2.0,PERSONAL,A,12000,8.49,0.19,N,10,0
39094,27,50000,OWN,6.0,HOMEIMPROVEMENT,B,11000,10.65,0.22,N,10,0
39095,34,26729,RENT,3.0,VENTURE,A,7000,7.9,0.27,N,6,0
39096,27,63000,MORTGAGE,3.0,DEBTCONSOLIDATION,B,20000,12.21,0.32,N,9,0
39097,23,106000,MORTGAGE,7.0,PERSONAL,B,6000,10.65,0.06,N,4,0
39098,21,130000,MORTGAGE,5.0,PERSONAL,A,18000,8.94,0.14,N,2,0
39099,26,45000,MORTGAGE,4.0,HOMEIMPROVEMENT,C,10000,12.99,0.22,Y,3,0
39100,28,56000,MORTGAGE,6.0,EDUCATION,A,6000,7.9,0.11,N,8,0
39101,28,60000,MORTGAGE,12.0,DEBTCONSOLIDATION,A,7000,8.9,0.12,N,8,0
39102,25,45000,RENT,3.0,DEBTCONSOLIDATION,A,10000,7.51,0.22,N,2,0
39103,31,120000,MORTGAGE,9.0,VENTURE,A,16000,7.9,0.13,N,9,0
39104,35,112000,RENT,0.0,EDUCATION,A,3000,7.9,0.03,N,6,0
39105,26,135000,RENT,2.0,DEBTCONSOLIDATION,B,12000,11.49,0.09,N,2,0
39106,23,120000,MORTGAGE,7.0,EDUCATION,C,25000,12.99,0.21,N,2,0
39107,24,28000,RENT,6.0,VENTURE,A,6000,8.94,0.22,N,3,0
39108,25,28800,RENT,5.0,MEDICAL,A,7000,6.91,0.24,N,2,0
39109,23,54000,RENT,4.0,VENTURE,C,5400,13.99,0.1,N,3,0
39110,32,45000,MORTGAGE,3.0,PERSONAL,A,12000,7.88,0.27,N,6,0
39111,22,78000,RENT,6.0,MEDICAL,B,6000,11.99,0.08,N,3,0
39112,46,84000,MORTGAGE,31.0,HOMEIMPROVEMENT,D,20000,17.49,0.24,N,8,0
39113,30,28800,MORTGAGE,1.0,MEDICAL,B,9250,10.75,0.32,N,7,0
39114,42,90000,MORTGAGE,0.0,MEDICAL,B,6000,10.38,0.07,N,14,0
39115,22,60000,MORTGAGE,6.0,MEDICAL,A,7500,8.0,0.13,N,4,0
39116,22,27000,RENT,6.0,VENTURE,B,5000,11.71,0.19,N,3,0
39117,26,45000,MORTGAGE,1.0,PERSONAL,A,5000,7.51,0.11,N,4,0
39118,23,40000,RENT,3.0,EDUCATION,A,5000,7.9,0.13,N,4,0
39119,35,25000,RENT,1.0,MEDICAL,B,3000,10.37,0.12,N,10,0
39120,30,40000,RENT,0.0,DEBTCONSOLIDATION,C,8000,14.35,0.2,N,6,0
39121,21,27600,RENT,1.0,MEDICAL,B,7800,10.99,0.28,N,2,0
39122,27,68700,RENT,0.0,HOMEIMPROVEMENT,C,10000,12.53,0.15,N,7,0
39123,24,85000,RENT,0.0,EDUCATION,B,4900,10.59,0.06,N,2,0
39124,40,74000,RENT,7.0,MEDICAL,B,10200,12.53,0.14,N,17,0
39125,27,75000,RENT,2.0,HOMEIMPROVEMENT,D,10400,16.29,0.14,N,7,0
39126,22,35000,MORTGAGE,3.0,VENTURE,A,14400,7.88,0.4,N,4,0
39127,26,78408,RENT,10.0,PERSONAL,B,12000,11.99,0.15,N,2,0
39128,30,132000,MORTGAGE,3.0,HOMEIMPROVEMENT,C,3000,15.23,0.02,N,8,0
39129,23,93000,MORTGAGE,3.0,EDUCATION,B,25000,10.25,0.27,N,3,0
39130,41,70000,RENT,2.0,EDUCATION,C,6000,11.34,0.09,Y,17,0
39131,21,35004,RENT,5.0,EDUCATION,A,3000,7.9,0.09,N,2,0
39132,41,35000,RENT,0.0,EDUCATION,B,12000,11.71,0.34,N,13,1
39133,29,120000,MORTGAGE,11.0,HOMEIMPROVEMENT,A,10000,5.79,0.08,N,7,0
39134,23,62496,RENT,4.0,PERSONAL,A,5000,6.92,0.08,N,3,0
39135,22,24000,OWN,0.0,EDUCATION,A,7200,7.49,0.3,N,4,0
39136,26,25000,RENT,0.0,DEBTCONSOLIDATION,D,3000,15.33,0.12,N,2,1
39137,27,66560,MORTGAGE,11.0,MEDICAL,A,5000,6.03,0.07,N,8,0
39138,25,36000,RENT,9.0,MEDICAL,B,15000,8.88,0.43,N,2,1
39139,22,110000,MORTGAGE,6.0,PERSONAL,C,10000,13.57,0.09,N,3,0
39140,23,66300,MORTGAGE,6.0,MEDICAL,E,15000,13.93,0.19,Y,4,1
39141,22,49500,MORTGAGE,7.0,PERSONAL,C,4750,14.27,0.1,Y,4,0
39142,22,58000,MORTGAGE,6.0,DEBTCONSOLIDATION,A,6000,5.79,0.1,N,2,0
39143,70,93000,RENT,1.0,MEDICAL,A,4000,6.0,0.04,N,24,0
39144,29,45000,OWN,6.0,EDUCATION,A,8000,7.66,0.18,N,10,0
39145,27,35000,RENT,3.0,VENTURE,C,10000,12.84,0.29,Y,9,0
39146,35,72000,MORTGAGE,8.0,VENTURE,C,12000,13.61,0.17,N,6,0
39147,24,24000,OWN,2.0,PERSONAL,B,6000,11.86,0.25,N,4,0
39148,25,48000,MORTGAGE,0.0,EDUCATION,B,15000,11.99,0.31,N,4,0
39149,28,90000,MORTGAGE,12.0,EDUCATION,A,12000,6.92,0.13,N,5,0
39150,26,90000,MORTGAGE,10.0,MEDICAL,B,10000,11.71,0.11,N,2,0
39151,24,42000,MORTGAGE,0.0,MEDICAL,B,7500,10.99,0.17,N,3,0
39152,34,82000,RENT,5.0,MEDICAL,B,20000,12.42,0.23,N,8,0
39153,23,91234,MORTGAGE,4.0,PERSONAL,B,12000,11.83,0.13,N,2,0
39154,33,40000,MORTGAGE,1.0,MEDICAL,A,6400,6.54,0.16,N,5,0
39155,26,60560,RENT,2.0,MEDICAL,D,12000,14.91,0.2,N,2,0
39156,23,130000,MORTGAGE,0.0,EDUCATION,B,25000,12.21,0.19,N,3,0
39157,30,32000,RENT,1.0,MEDICAL,C,3100,13.49,0.1,N,9,0
39158,22,66300,MORTGAGE,6.0,MEDICAL,D,12000,15.33,0.15,N,4,1
39159,26,60000,MORTGAGE,1.0,PERSONAL,B,12000,10.99,0.2,N,4,0
39160,21,15600,RENT,2.0,PERSONAL,C,3600,11.66,0.21,Y,2,1
39161,23,30000,RENT,7.0,MEDICAL,C,10000,13.48,0.33,Y,2,1
39162,26,125000,RENT,9.0,PERSONAL,B,21000,9.91,0.17,N,3,0
39163,36,50000,RENT,1.0,HOMEIMPROVEMENT,C,9500,11.22,0.19,N,16,0
39164,22,62000,MORTGAGE,5.0,PERSONAL,A,11500,7.51,0.19,N,4,0
39165,32,67300,MORTGAGE,3.0,VENTURE,A,12800,7.51,0.18,N,7,0
39166,25,35000,RENT,0.0,MEDICAL,B,3000,9.45,0.09,N,2,0
39167,22,50000,RENT,4.0,EDUCATION,C,14000,12.99,0.28,N,2,0
39168,23,43000,RENT,7.0,DEBTCONSOLIDATION,C,3600,13.11,0.08,Y,2,0
39169,31,55000,RENT,2.0,HOMEIMPROVEMENT,C,6000,14.27,0.11,Y,10,0
39170,24,78300,RENT,2.0,EDUCATION,C,7000,11.03,0.09,N,4,0
39171,29,60000,OWN,7.0,EDUCATION,C,12000,12.87,0.2,Y,8,0
39172,26,80004,RENT,3.0,EDUCATION,D,7150,16.77,0.09,Y,3,0
39173,22,40000,RENT,1.0,EDUCATION,C,5000,13.49,0.13,Y,4,0
39174,29,45000,MORTGAGE,13.0,VENTURE,A,16750,7.88,0.37,N,10,0
39175,26,68000,RENT,3.0,EDUCATION,E,14000,17.99,0.2,Y,2,0
39176,22,63900,RENT,6.0,EDUCATION,E,6000,16.45,0.1,N,3,1
39177,22,47000,OWN,6.0,MEDICAL,B,9500,11.99,0.2,N,3,0
39178,22,48000,RENT,5.0,VENTURE,C,4800,13.49,0.1,Y,3,0
39179,25,79000,RENT,9.0,EDUCATION,E,15000,16.45,0.19,N,4,0
39180,30,70000,RENT,2.0,DEBTCONSOLIDATION,A,14000,7.66,0.2,N,9,0
39181,23,24000,RENT,0.0,HOMEIMPROVEMENT,D,1325,15.99,0.06,Y,2,1
39182,33,105000,MORTGAGE,4.0,MEDICAL,A,10000,7.51,0.1,N,6,0
39183,27,92000,RENT,11.0,EDUCATION,D,24250,16.0,0.27,N,5,0
39184,27,68000,RENT,5.0,PERSONAL,B,16000,9.99,0.24,N,6,0
39185,24,69996,RENT,5.0,HOMEIMPROVEMENT,A,19200,7.88,0.27,N,4,0
39186,22,25200,RENT,6.0,DEBTCONSOLIDATION,B,6000,12.69,0.24,N,3,0
39187,28,115000,MORTGAGE,12.0,HOMEIMPROVEMENT,A,5000,6.03,0.04,N,7,0
39188,32,43000,RENT,9.0,MEDICAL,A,7200,8.9,0.17,N,5,0
39189,28,52692,OWN,1.0,HOMEIMPROVEMENT,C,9000,12.87,0.15,Y,8,0
39190,23,50808,MORTGAGE,7.0,MEDICAL,A,4000,7.51,0.08,N,4,0
39191,26,60000,MORTGAGE,0.0,DEBTCONSOLIDATION,A,12000,7.29,0.2,N,2,0
39192,24,40000,RENT,1.0,DEBTCONSOLIDATION,B,5000,11.99,0.13,N,2,0
39193,31,60000,RENT,0.0,PERSONAL,A,15000,7.9,0.25,N,7,0
39194,28,28800,RENT,3.0,MEDICAL,A,12000,7.49,0.42,N,6,1
39195,39,79900,MORTGAGE,0.0,DEBTCONSOLIDATION,D,24000,16.77,0.28,N,11,1
39196,35,48000,RENT,5.0,EDUCATION,B,4000,11.49,0.08,N,9,0
39197,44,51000,MORTGAGE,2.0,DEBTCONSOLIDATION,C,20000,13.43,0.39,N,15,0
39198,30,70000,MORTGAGE,14.0,MEDICAL,A,9000,5.42,0.13,N,10,0
39199,26,45000,MORTGAGE,2.0,EDUCATION,B,10000,11.83,0.22,N,4,0
39200,24,39000,MORTGAGE,1.0,PERSONAL,A,7500,8.0,0.19,N,3,0
39201,32,50000,RENT,3.0,DEBTCONSOLIDATION,B,15000,10.25,0.3,N,8,0
39202,22,25920,OWN,7.0,MEDICAL,D,8000,15.58,0.31,N,3,0
39203,39,60000,RENT,2.0,MEDICAL,C,5000,13.57,0.08,N,11,0
39204,26,50000,MORTGAGE,6.0,MEDICAL,C,16200,13.99,0.32,Y,2,0
39205,22,45000,MORTGAGE,6.0,EDUCATION,C,10800,13.47,0.25,Y,2,0
39206,24,125000,MORTGAGE,4.0,MEDICAL,A,12000,8.94,0.1,N,2,0
39207,34,75000,MORTGAGE,2.0,VENTURE,B,20000,12.21,0.27,N,8,0
39208,22,66800,RENT,3.0,DEBTCONSOLIDATION,D,9300,15.62,0.14,Y,3,1
39209,22,52000,RENT,6.0,MEDICAL,B,3900,11.99,0.07,N,2,0
39210,25,86000,RENT,9.0,EDUCATION,D,15000,16.49,0.17,N,2,0
39211,23,60000,RENT,2.0,VENTURE,B,6000,10.37,0.1,N,3,0
39212,41,52000,RENT,1.0,PERSONAL,A,7000,9.32,0.13,N,12,0
39213,25,54383,RENT,5.0,HOMEIMPROVEMENT,D,20000,15.65,0.37,Y,4,1
39214,27,60000,MORTGAGE,3.0,DEBTCONSOLIDATION,A,15000,7.9,0.25,N,8,0
39215,25,55000,MORTGAGE,9.0,VENTURE,C,10200,12.84,0.19,Y,3,0
39216,26,58000,RENT,0.0,HOMEIMPROVEMENT,C,4000,13.98,0.07,N,3,0
39217,23,63000,MORTGAGE,7.0,MEDICAL,D,10000,15.33,0.16,Y,2,1
39218,38,100000,MORTGAGE,16.0,PERSONAL,B,10000,10.59,0.1,N,14,0
39219,22,40000,RENT,3.0,MEDICAL,A,6400,8.9,0.16,N,3,0
39220,37,47000,RENT,1.0,MEDICAL,B,12000,10.99,0.26,N,12,0
39221,26,65000,MORTGAGE,7.0,EDUCATION,B,6250,9.63,0.1,N,3,0
39222,42,65000,MORTGAGE,7.0,MEDICAL,B,9600,11.99,0.15,N,12,0
39223,27,120000,MORTGAGE,4.0,MEDICAL,A,10000,7.51,0.08,N,8,0
39224,24,37200,MORTGAGE,2.0,MEDICAL,B,8000,10.99,0.22,N,4,0
39225,24,74000,RENT,4.0,PERSONAL,B,11000,11.26,0.15,N,2,0
39226,31,90000,MORTGAGE,5.0,VENTURE,B,12000,10.99,0.13,N,10,0
39227,26,36000,RENT,0.0,DEBTCONSOLIDATION,A,6000,8.9,0.17,N,4,0
39228,35,143485,MORTGAGE,10.0,DEBTCONSOLIDATION,B,21500,10.62,0.15,N,5,0
39229,23,50000,RENT,1.0,EDUCATION,A,4000,7.88,0.08,N,3,0
39230,25,38500,RENT,3.0,VENTURE,B,15000,9.88,0.39,N,2,1
39231,22,38000,MORTGAGE,3.0,EDUCATION,B,5000,11.71,0.13,N,2,0
39232,22,62500,MORTGAGE,5.0,EDUCATION,B,8000,10.65,0.13,N,4,0
39233,22,40000,RENT,3.0,EDUCATION,A,8000,6.96,0.2,N,2,0
39234,32,120000,MORTGAGE,16.0,DEBTCONSOLIDATION,A,10000,7.51,0.08,N,10,0
39235,36,87204,MORTGAGE,18.0,VENTURE,A,10000,5.42,0.11,N,13,0
39236,26,70000,MORTGAGE,5.0,PERSONAL,A,6500,7.14,0.09,N,2,0
39237,23,39000,RENT,1.0,VENTURE,F,7000,18.43,0.18,N,3,1
39238,28,42000,MORTGAGE,6.0,MEDICAL,D,2500,15.33,0.06,Y,7,1
39239,21,110000,MORTGAGE,5.0,VENTURE,A,15000,6.03,0.13,N,2,0
39240,34,69500,MORTGAGE,6.0,PERSONAL,A,6000,7.49,0.09,N,6,0
39241,25,80000,RENT,6.0,HOMEIMPROVEMENT,B,15000,10.99,0.19,N,2,0
39242,29,116000,MORTGAGE,4.0,HOMEIMPROVEMENT,C,5000,13.49,0.04,Y,10,0
39243,25,49000,RENT,0.0,DEBTCONSOLIDATION,B,14000,11.89,0.28,N,3,0
39244,25,90000,RENT,7.0,MEDICAL,B,8000,10.36,0.09,N,3,0
39245,49,120000,MORTGAGE,1.0,PERSONAL,B,5000,10.99,0.04,N,17,0
39246,25,50000,RENT,10.0,VENTURE,B,14000,9.63,0.28,N,3,0
39247,27,54000,OWN,2.0,HOMEIMPROVEMENT,D,7500,14.09,0.14,Y,5,0
39248,27,24996,RENT,2.0,MEDICAL,D,4750,16.02,0.2,N,5,1
39249,22,28800,RENT,5.0,MEDICAL,B,8000,12.42,0.29,N,4,0
39250,24,42000,MORTGAGE,8.0,DEBTCONSOLIDATION,B,2200,12.42,0.05,N,4,0
39251,22,50000,RENT,6.0,PERSONAL,A,10000,6.03,0.2,N,3,0
39252,22,38000,MORTGAGE,0.0,VENTURE,D,1200,14.84,0.03,N,2,0
39253,33,40000,RENT,3.0,EDUCATION,B,3000,11.71,0.07,N,5,1
39254,30,57000,MORTGAGE,2.0,MEDICAL,B,12000,10.36,0.21,N,9,0
39255,22,43200,RENT,5.0,EDUCATION,D,9000,14.54,0.21,N,4,0
39256,22,44000,OWN,2.0,EDUCATION,B,6300,10.99,0.14,N,2,0
39257,23,70000,RENT,0.0,MEDICAL,C,10000,12.84,0.14,N,4,0
39258,43,70000,MORTGAGE,3.0,HOMEIMPROVEMENT,B,10000,10.25,0.14,N,14,0
39259,26,32000,RENT,5.0,HOMEIMPROVEMENT,D,10400,16.49,0.29,Y,4,1
39260,29,75000,RENT,7.0,PERSONAL,A,8000,7.29,0.11,N,6,0
39261,42,60000,RENT,4.0,PERSONAL,C,16000,12.73,0.27,N,11,0
39262,24,33996,RENT,2.0,DEBTCONSOLIDATION,D,8000,16.32,0.24,Y,4,1
39263,23,38000,RENT,0.0,HOMEIMPROVEMENT,D,19750,15.7,0.52,N,3,1
39264,36,175000,MORTGAGE,4.0,EDUCATION,C,10000,13.8,0.06,N,15,0
39265,27,52273,MORTGAGE,11.0,HOMEIMPROVEMENT,A,5000,6.62,0.1,N,6,0
39266,24,138000,RENT,0.0,MEDICAL,B,5000,12.18,0.04,N,3,0
39267,28,82863,RENT,4.0,VENTURE,A,11000,7.49,0.13,N,10,0
39268,28,86496,RENT,4.0,EDUCATION,A,4000,6.91,0.05,N,8,0
39269,45,12000,RENT,0.0,EDUCATION,C,3600,13.72,0.31,Y,12,1
39270,22,35400,RENT,4.0,EDUCATION,B,8000,11.83,0.23,N,2,0
39271,25,30000,RENT,4.0,DEBTCONSOLIDATION,D,8000,14.61,0.27,Y,4,0
39272,22,61656,MORTGAGE,6.0,VENTURE,A,15000,7.88,0.24,N,2,0
39273,24,85000,MORTGAGE,8.0,VENTURE,B,2500,11.49,0.03,N,4,0
39274,25,105996,MORTGAGE,0.0,HOMEIMPROVEMENT,B,18000,8.88,0.15,N,3,0
39275,31,37000,RENT,1.0,MEDICAL,D,5000,15.37,0.14,Y,8,1
39276,24,90000,MORTGAGE,3.0,PERSONAL,C,15000,13.85,0.17,Y,4,0
39277,27,65000,RENT,6.0,MEDICAL,B,22000,10.25,0.34,N,8,1
39278,22,50000,RENT,5.0,VENTURE,A,8000,6.99,0.16,N,2,0
39279,24,35000,RENT,5.0,PERSONAL,A,1800,7.12,0.05,N,2,0
39280,22,90000,MORTGAGE,6.0,DEBTCONSOLIDATION,A,11000,7.88,0.12,N,2,0
39281,27,50000,MORTGAGE,8.0,DEBTCONSOLIDATION,A,9500,6.62,0.19,N,5,0
39282,22,56000,RENT,6.0,PERSONAL,C,10000,13.35,0.18,N,3,0
39283,22,48000,RENT,6.0,PERSONAL,C,5000,12.68,0.1,N,4,0
39284,23,54252,RENT,4.0,EDUCATION,C,5000,13.47,0.09,Y,4,0
39285,41,51000,MORTGAGE,16.0,VENTURE,A,8000,7.51,0.16,N,11,0
39286,27,50000,MORTGAGE,11.0,EDUCATION,A,7000,6.99,0.14,N,9,0
39287,23,65000,RENT,0.0,EDUCATION,B,6000,10.25,0.09,N,3,0
39288,33,34000,RENT,7.0,MEDICAL,C,6000,13.57,0.18,Y,7,0
39289,52,85000,MORTGAGE,6.0,PERSONAL,C,15000,13.49,0.18,N,22,0
39290,21,140000,MORTGAGE,5.0,EDUCATION,B,10000,11.71,0.07,N,2,0
39291,41,68100,RENT,5.0,DEBTCONSOLIDATION,C,17500,14.26,0.26,Y,12,0
39292,24,70000,RENT,2.0,HOMEIMPROVEMENT,B,8000,11.71,0.11,N,3,0
39293,22,90000,RENT,6.0,EDUCATION,C,12000,15.96,0.13,N,4,0
39294,25,40000,RENT,9.0,PERSONAL,A,5000,5.42,0.13,N,3,0
39295,29,53000,MORTGAGE,13.0,PERSONAL,A,8000,5.42,0.15,N,10,0
39296,32,96000,MORTGAGE,2.0,PERSONAL,B,12000,11.99,0.13,N,8,0
39297,24,65000,OWN,6.0,VENTURE,B,20000,11.49,0.31,N,3,0
39298,23,43000,RENT,1.0,EDUCATION,B,2500,10.59,0.06,N,4,0
39299,24,90000,MORTGAGE,2.0,DEBTCONSOLIDATION,A,10400,8.49,0.11,N,3,0
39300,22,65000,MORTGAGE,7.0,EDUCATION,C,5000,12.68,0.08,N,3,0
39301,24,60000,OWN,3.0,VENTURE,B,15000,11.83,0.25,N,4,0
39302,25,54000,RENT,2.0,DEBTCONSOLIDATION,D,25000,15.65,0.47,Y,2,1
39303,22,57000,MORTGAGE,6.0,VENTURE,D,8500,15.33,0.15,Y,2,0
39304,23,56000,MORTGAGE,3.0,VENTURE,B,4000,10.75,0.07,N,4,0
39305,34,39000,RENT,4.0,DEBTCONSOLIDATION,B,14750,12.69,0.36,N,7,1
39306,30,80000,MORTGAGE,2.0,EDUCATION,A,5000,6.99,0.06,N,7,0
39307,42,75531,RENT,3.0,PERSONAL,D,14000,16.49,0.2,Y,17,0
39308,24,32000,RENT,8.0,MEDICAL,B,15000,9.88,0.47,N,4,1
39309,23,25000,OWN,7.0,VENTURE,C,6000,13.48,0.24,N,4,0
39310,22,45000,MORTGAGE,6.0,EDUCATION,A,15000,7.51,0.33,N,3,0
39311,30,120000,MORTGAGE,0.0,MEDICAL,C,6000,13.49,0.05,Y,8,0
39312,24,95000,MORTGAGE,1.0,HOMEIMPROVEMENT,B,10000,11.71,0.11,N,2,0
39313,44,82300,RENT,5.0,HOMEIMPROVEMENT,B,4800,10.38,0.06,N,12,0
39314,21,35004,OWN,0.0,PERSONAL,E,4000,16.0,0.11,N,2,0
39315,30,95000,OWN,4.0,PERSONAL,C,8000,13.92,0.08,N,9,0
39316,31,66352,MORTGAGE,15.0,EDUCATION,A,8000,9.63,0.12,N,9,0
39317,24,80000,MORTGAGE,2.0,MEDICAL,B,15000,11.83,0.19,N,3,0
39318,23,24000,RENT,0.0,EDUCATION,A,2400,6.91,0.1,N,2,0
39319,28,65000,OWN,7.0,MEDICAL,A,13600,6.62,0.21,N,9,0
39320,29,30000,RENT,7.0,DEBTCONSOLIDATION,B,10000,11.71,0.33,N,6,1
39321,24,90000,MORTGAGE,8.0,HOMEIMPROVEMENT,A,20000,6.99,0.22,N,4,0
39322,22,80000,MORTGAGE,6.0,EDUCATION,A,10000,7.51,0.13,N,2,0
39323,27,70000,RENT,4.0,MEDICAL,C,16000,13.49,0.23,N,10,0
39324,22,25000,OWN,0.0,EDUCATION,A,5000,8.94,0.2,N,4,0
39325,29,63000,MORTGAGE,8.0,HOMEIMPROVEMENT,A,10000,7.29,0.16,N,5,0
39326,21,44000,RENT,2.0,EDUCATION,D,18000,16.89,0.41,N,4,1
39327,30,48000,RENT,0.0,MEDICAL,A,3000,5.42,0.06,N,5,0
39328,25,120000,MORTGAGE,9.0,EDUCATION,A,6000,5.42,0.05,N,3,0
39329,23,102000,MORTGAGE,7.0,EDUCATION,B,15000,10.25,0.15,N,2,0
39330,28,47004,RENT,3.0,PERSONAL,C,9000,12.53,0.19,Y,10,0
39331,29,75000,RENT,6.0,DEBTCONSOLIDATION,A,7200,5.42,0.1,N,10,0
39332,30,60000,OWN,3.0,MEDICAL,B,7200,12.69,0.12,N,8,0
39333,23,53004,MORTGAGE,7.0,EDUCATION,A,10000,5.79,0.19,N,3,0
39334,32,33000,MORTGAGE,4.0,EDUCATION,C,7500,13.72,0.23,N,8,0
39335,22,90000,MORTGAGE,4.0,EDUCATION,A,10000,7.49,0.11,N,2,0
39336,40,110000,MORTGAGE,1.0,EDUCATION,B,5000,9.63,0.05,N,11,0
39337,32,50000,RENT,2.0,MEDICAL,C,3600,14.79,0.07,N,6,0
39338,22,60000,RENT,4.0,MEDICAL,A,7000,6.99,0.12,N,4,0
39339,34,36000,RENT,0.0,VENTURE,A,12000,7.29,0.33,N,7,1
39340,38,40000,MORTGAGE,0.0,MEDICAL,B,5000,11.83,0.13,N,16,0
39341,21,67596,MORTGAGE,4.0,EDUCATION,B,9000,11.86,0.13,N,2,0
39342,23,70000,MORTGAGE,3.0,EDUCATION,A,10000,7.51,0.14,N,4,0
39343,24,35004,RENT,7.0,PERSONAL,B,5000,10.65,0.14,N,3,0
39344,23,29120,RENT,1.0,EDUCATION,A,4500,8.94,0.15,N,4,0
39345,34,73000,MORTGAGE,2.0,PERSONAL,B,10000,11.11,0.14,N,7,0
39346,22,72500,RENT,3.0,DEBTCONSOLIDATION,C,5000,13.49,0.07,Y,2,0
39347,37,85000,RENT,5.0,MEDICAL,B,10000,9.76,0.12,N,11,0
39348,24,45000,RENT,3.0,EDUCATION,B,1450,10.74,0.03,N,2,0
39349,25,69000,RENT,5.0,MEDICAL,A,5100,8.49,0.07,N,4,0
39350,28,75000,RENT,2.0,MEDICAL,A,7000,8.9,0.09,N,7,0
39351,25,96300,MORTGAGE,0.0,EDUCATION,A,18000,7.88,0.19,N,4,0
39352,28,150000,MORTGAGE,12.0,EDUCATION,A,6000,6.03,0.04,N,5,0
39353,43,72000,MORTGAGE,6.0,PERSONAL,A,25000,7.49,0.35,N,13,0
39354,22,59000,RENT,2.0,DEBTCONSOLIDATION,D,10000,14.74,0.17,Y,3,1
39355,21,50000,MORTGAGE,3.0,PERSONAL,A,5000,7.49,0.1,N,4,0
39356,24,65000,RENT,5.0,PERSONAL,C,15000,13.16,0.23,Y,4,0
39357,33,96000,MORTGAGE,1.0,EDUCATION,A,6000,7.51,0.06,N,10,0
39358,23,40000,MORTGAGE,7.0,VENTURE,B,9000,10.59,0.23,N,3,0
39359,26,52000,MORTGAGE,4.0,PERSONAL,B,3000,10.99,0.06,N,4,0
39360,25,93924,MORTGAGE,8.0,DEBTCONSOLIDATION,D,11000,15.62,0.12,N,4,1
39361,24,85000,RENT,3.0,MEDICAL,B,10000,12.69,0.12,N,4,0
39362,23,65000,MORTGAGE,6.0,PERSONAL,A,12500,8.9,0.18,N,3,0
39363,26,24000,RENT,1.0,HOMEIMPROVEMENT,D,10000,15.58,0.42,Y,4,1
39364,29,85000,MORTGAGE,13.0,EDUCATION,B,15000,11.99,0.18,N,5,0
39365,23,50000,MORTGAGE,6.0,VENTURE,A,5000,5.79,0.1,N,3,0
39366,26,38500,MORTGAGE,6.0,PERSONAL,B,3000,10.36,0.08,N,3,0
39367,34,60000,OWN,9.0,MEDICAL,B,15000,11.14,0.25,N,6,0
39368,28,85000,MORTGAGE,0.0,MEDICAL,C,15000,13.49,0.18,N,10,0
39369,54,65000,RENT,3.0,MEDICAL,B,5000,10.38,0.08,N,20,0
39370,47,100000,MORTGAGE,5.0,EDUCATION,C,9000,14.65,0.09,Y,14,0
39371,26,170000,RENT,5.0,VENTURE,B,20000,10.25,0.12,N,2,0
39372,28,99518,MORTGAGE,10.0,DEBTCONSOLIDATION,A,3000,5.42,0.03,N,8,0
39373,31,60096,OWN,0.0,MEDICAL,D,2000,14.59,0.03,Y,6,0
39374,26,69000,RENT,10.0,DEBTCONSOLIDATION,D,8800,14.59,0.13,Y,3,1
39375,22,44000,RENT,7.0,DEBTCONSOLIDATION,A,15000,8.9,0.34,N,2,1
39376,25,37000,RENT,0.0,MEDICAL,D,6000,14.96,0.16,Y,2,1
39377,23,84500,RENT,3.0,PERSONAL,A,10000,5.79,0.12,N,3,0
39378,29,72000,RENT,13.0,VENTURE,A,6000,5.42,0.08,N,5,0
39379,27,54000,RENT,2.0,MEDICAL,C,7500,13.98,0.14,N,9,1
39380,27,43200,RENT,1.0,MEDICAL,B,12000,12.69,0.28,N,8,0
39381,23,50000,RENT,7.0,VENTURE,B,5000,10.99,0.1,N,3,0
39382,31,60000,MORTGAGE,12.0,DEBTCONSOLIDATION,B,7000,10.36,0.12,N,7,0
39383,23,52656,RENT,4.0,VENTURE,A,13000,7.9,0.25,N,4,0
39384,41,34000,RENT,0.0,MEDICAL,A,4600,8.94,0.14,N,12,1
39385,28,80000,RENT,8.0,MEDICAL,A,12000,7.14,0.15,N,9,0
39386,35,40000,OWN,0.0,PERSONAL,B,5000,11.71,0.13,N,10,0
39387,28,75000,RENT,0.0,VENTURE,A,12000,8.9,0.16,N,7,0
39388,23,45000,MORTGAGE,7.0,MEDICAL,A,2500,5.42,0.05,N,3,0
39389,25,120000,MORTGAGE,9.0,DEBTCONSOLIDATION,B,21000,11.26,0.17,N,3,0
39390,23,100000,MORTGAGE,1.0,DEBTCONSOLIDATION,C,12000,13.57,0.12,Y,3,0
39391,38,65000,MORTGAGE,2.0,DEBTCONSOLIDATION,A,3000,6.99,0.05,N,14,0
39392,23,62400,MORTGAGE,7.0,EDUCATION,B,4000,10.99,0.06,N,4,0
39393,26,38000,MORTGAGE,10.0,PERSONAL,F,15175,19.13,0.38,N,3,0
39394,30,63000,MORTGAGE,4.0,VENTURE,A,5575,6.62,0.09,N,6,0
39395,27,60000,RENT,1.0,MEDICAL,B,7000,12.21,0.12,N,10,0
39396,24,42856,RENT,8.0,VENTURE,A,12000,8.9,0.28,N,4,0
39397,32,60000,RENT,5.0,HOMEIMPROVEMENT,A,5000,7.49,0.08,N,10,0
39398,23,84000,MORTGAGE,7.0,VENTURE,A,7000,7.49,0.08,N,4,0
39399,23,41600,MORTGAGE,7.0,PERSONAL,B,5000,11.71,0.12,N,4,0
39400,27,50000,RENT,5.0,PERSONAL,A,15000,7.49,0.3,N,6,0
39401,26,68000,MORTGAGE,9.0,MEDICAL,A,3000,7.88,0.04,N,2,0
39402,29,60000,RENT,3.0,PERSONAL,A,4200,7.29,0.07,N,6,0
39403,36,70000,RENT,5.0,PERSONAL,B,15000,11.99,0.21,N,11,0
39404,26,78000,MORTGAGE,1.0,DEBTCONSOLIDATION,D,18000,15.95,0.23,Y,3,0
39405,26,63000,MORTGAGE,7.0,DEBTCONSOLIDATION,C,3000,13.22,0.05,N,4,0
39406,38,45000,MORTGAGE,5.0,VENTURE,B,14000,11.99,0.31,N,17,0
39407,23,25000,RENT,0.0,DEBTCONSOLIDATION,A,4000,7.9,0.16,N,4,0
39408,24,60000,RENT,4.0,MEDICAL,A,10000,7.51,0.17,N,4,0
39409,29,85000,MORTGAGE,13.0,EDUCATION,B,10000,11.49,0.12,N,9,0
39410,26,50000,RENT,6.0,DEBTCONSOLIDATION,B,7000,12.69,0.14,N,4,0
39411,51,54400,MORTGAGE,11.0,MEDICAL,D,5000,15.99,0.08,Y,27,1
39412,31,24000,OWN,2.0,EDUCATION,B,1600,10.71,0.06,N,5,0
39413,27,60000,MORTGAGE,8.0,EDUCATION,A,4200,7.29,0.07,N,8,0
39414,27,75000,RENT,8.0,EDUCATION,B,3200,11.48,0.04,N,6,0
39415,28,35000,RENT,12.0,VENTURE,A,10000,7.88,0.29,N,9,0
39416,22,99600,MORTGAGE,6.0,VENTURE,A,10000,7.51,0.1,N,4,0
39417,24,40000,RENT,5.0,VENTURE,B,2000,10.99,0.05,N,4,0
39418,26,52000,OWN,8.0,MEDICAL,C,10000,13.22,0.19,N,4,0
39419,22,82000,MORTGAGE,2.0,PERSONAL,B,6000,11.99,0.07,N,4,0
39420,38,61000,RENT,5.0,PERSONAL,C,12000,12.99,0.2,N,17,0
39421,22,42000,RENT,6.0,VENTURE,A,6000,7.9,0.14,N,2,0
39422,22,40000,RENT,3.0,VENTURE,A,5000,7.29,0.13,N,3,0
39423,25,34000,RENT,2.0,VENTURE,D,10000,15.58,0.29,Y,2,1
39424,36,42000,MORTGAGE,13.0,PERSONAL,B,2500,10.37,0.06,N,16,0
39425,53,50000,OWN,8.0,VENTURE,B,8400,9.91,0.16,N,22,0
39426,24,49000,RENT,2.0,DEBTCONSOLIDATION,D,12000,14.91,0.24,Y,2,1
39427,31,61000,MORTGAGE,3.0,VENTURE,B,7500,10.08,0.12,N,7,0
39428,23,60000,MORTGAGE,7.0,EDUCATION,A,5000,7.88,0.08,N,2,0
39429,26,138000,RENT,7.0,EDUCATION,C,10000,13.8,0.07,Y,3,0
39430,24,72800,MORTGAGE,8.0,PERSONAL,B,5000,11.86,0.07,N,2,0
39431,32,120000,MORTGAGE,16.0,VENTURE,B,6000,12.69,0.05,N,6,0
39432,23,65000,OWN,4.0,EDUCATION,A,8000,8.0,0.12,N,4,0
39433,28,80000,RENT,6.0,VENTURE,B,6500,11.71,0.08,N,6,0
39434,31,46300,OWN,3.0,VENTURE,B,6400,10.65,0.14,N,9,0
39435,24,61000,RENT,2.0,MEDICAL,A,9150,6.62,0.16,N,3,0
39436,40,50000,RENT,5.0,HOMEIMPROVEMENT,C,7500,14.27,0.15,N,14,0
39437,35,120000,MORTGAGE,4.0,HOMEIMPROVEMENT,A,4800,6.76,0.04,N,10,0
39438,35,35000,RENT,5.0,MEDICAL,B,8400,11.99,0.24,N,5,0
39439,29,40000,RENT,2.0,PERSONAL,C,16000,12.99,0.4,Y,7,1
39440,25,30000,RENT,0.0,DEBTCONSOLIDATION,C,10000,13.49,0.33,Y,3,1
39441,26,53000,MORTGAGE,1.0,HOMEIMPROVEMENT,C,10800,12.84,0.2,Y,3,0
39442,28,39900,RENT,3.0,HOMEIMPROVEMENT,B,15000,9.91,0.38,N,8,1
39443,22,35000,RENT,6.0,MEDICAL,D,3800,18.25,0.11,Y,3,1
39444,22,67350,RENT,6.0,EDUCATION,C,9600,14.96,0.14,N,4,0
39445,38,72000,RENT,0.0,VENTURE,A,10000,8.49,0.14,N,17,0
39446,29,43288,RENT,7.0,MEDICAL,C,10000,13.57,0.23,Y,10,0
39447,23,21600,RENT,0.0,MEDICAL,A,5400,7.49,0.25,N,2,0
39448,39,70000,MORTGAGE,16.0,EDUCATION,B,10000,9.88,0.14,N,16,0
39449,22,66300,RENT,0.0,MEDICAL,D,8400,15.37,0.13,N,3,1
39450,23,100000,MORTGAGE,7.0,EDUCATION,B,20000,9.88,0.2,N,3,0
39451,27,122000,MORTGAGE,5.0,VENTURE,C,14000,12.73,0.11,N,10,0
39452,27,60000,RENT,4.0,VENTURE,C,25000,13.22,0.42,N,9,1
39453,22,70000,MORTGAGE,2.0,MEDICAL,B,15000,10.75,0.21,N,2,0
39454,22,60000,MORTGAGE,6.0,EDUCATION,B,13000,12.69,0.22,N,4,0
39455,23,50000,MORTGAGE,7.0,DEBTCONSOLIDATION,A,15000,7.9,0.3,N,2,0
39456,22,95000,MORTGAGE,0.0,EDUCATION,B,21600,11.89,0.24,N,2,0
39457,38,90000,RENT,1.0,PERSONAL,B,5000,11.71,0.06,N,12,0
39458,22,75000,MORTGAGE,5.0,EDUCATION,A,8500,7.9,0.11,N,3,0
39459,26,110000,RENT,3.0,HOMEIMPROVEMENT,B,6000,10.74,0.05,N,4,0
39460,28,55000,MORTGAGE,3.0,HOMEIMPROVEMENT,A,3000,6.03,0.05,N,10,0
39461,28,96000,MORTGAGE,5.0,VENTURE,A,15000,7.49,0.16,N,7,0
39462,32,200000,RENT,16.0,MEDICAL,A,16000,6.17,0.08,N,9,0
39463,25,170000,MORTGAGE,9.0,MEDICAL,C,30000,13.06,0.18,Y,4,0
39464,24,57600,RENT,8.0,HOMEIMPROVEMENT,B,8500,11.49,0.15,N,3,0
39465,28,30000,RENT,9.0,EDUCATION,B,2000,10.37,0.07,N,6,0
39466,27,50000,RENT,5.0,DEBTCONSOLIDATION,B,16000,11.71,0.32,N,5,1
39467,28,60000,MORTGAGE,12.0,PERSONAL,A,13000,7.51,0.22,N,8,0
39468,23,41004,MORTGAGE,7.0,DEBTCONSOLIDATION,A,10000,7.49,0.24,N,3,0
39469,22,40000,RENT,6.0,EDUCATION,B,5000,10.36,0.13,N,2,0
39470,34,42000,RENT,2.0,EDUCATION,A,6000,5.42,0.14,N,7,0
39471,40,125000,MORTGAGE,5.0,MEDICAL,B,7000,11.71,0.06,N,12,0
39472,23,96996,MORTGAGE,7.0,EDUCATION,C,3000,12.73,0.03,Y,3,0
39473,36,53000,RENT,2.0,DEBTCONSOLIDATION,C,16000,14.72,0.3,N,12,0
39474,22,31200,RENT,0.0,EDUCATION,C,10000,13.99,0.32,Y,3,1
39475,32,50000,MORTGAGE,1.0,VENTURE,A,8000,7.88,0.16,N,10,0
39476,30,300000,MORTGAGE,13.0,PERSONAL,B,18000,10.65,0.06,N,10,0
39477,27,79050,RENT,6.0,MEDICAL,C,17500,13.16,0.18,Y,5,1
39478,29,50000,MORTGAGE,13.0,VENTURE,A,10000,5.42,0.2,N,5,0
39479,25,80000,MORTGAGE,9.0,MEDICAL,A,16800,6.62,0.21,N,4,0
39480,36,24000,RENT,4.0,MEDICAL,B,2000,9.99,0.08,N,11,0
39481,39,27000,RENT,3.0,EDUCATION,B,5000,10.65,0.18,N,17,0
39482,29,48000,RENT,6.0,PERSONAL,D,15000,16.77,0.31,N,8,1
39483,33,120000,OWN,3.0,VENTURE,C,18400,13.06,0.15,Y,10,0
39484,22,90000,MORTGAGE,6.0,DEBTCONSOLIDATION,A,4700,5.42,0.05,N,4,0
39485,23,27996,RENT,3.0,EDUCATION,C,4200,13.72,0.15,N,4,0
39486,25,32400,RENT,1.0,DEBTCONSOLIDATION,D,4000,14.09,0.12,Y,2,1
39487,22,90000,RENT,0.0,EDUCATION,A,8500,8.0,0.09,N,4,0
39488,28,15000,RENT,0.0,MEDICAL,C,2250,13.49,0.15,Y,8,0
39489,23,65000,RENT,1.0,EDUCATION,A,8000,7.29,0.12,N,4,0
39490,26,75000,MORTGAGE,10.0,VENTURE,A,3000,7.49,0.04,N,2,0
39491,22,18000,RENT,3.0,PERSONAL,B,4200,12.53,0.25,N,3,1
39492,24,70000,MORTGAGE,8.0,HOMEIMPROVEMENT,A,8000,6.99,0.11,N,4,0
39493,25,43000,RENT,9.0,EDUCATION,A,10000,7.49,0.23,N,3,0
39494,27,70000,RENT,9.0,DEBTCONSOLIDATION,A,6600,6.62,0.09,N,5,0
39495,22,30000,RENT,6.0,EDUCATION,C,13000,14.22,0.43,Y,2,1
39496,25,120000,MORTGAGE,5.0,MEDICAL,B,28000,11.99,0.23,N,4,0
39497,23,81000,MORTGAGE,5.0,PERSONAL,A,6000,7.49,0.07,N,3,1
39498,66,53307,RENT,3.0,PERSONAL,B,15000,9.88,0.28,N,25,0
39499,23,99855,OWN,2.0,MEDICAL,C,16000,12.98,0.17,N,2,0
39500,21,87000,MORTGAGE,0.0,EDUCATION,B,7000,10.59,0.08,N,3,0
39501,22,33000,OWN,0.0,PERSONAL,B,14000,11.86,0.41,N,4,0
39502,23,48000,MORTGAGE,7.0,PERSONAL,C,9600,12.99,0.2,N,3,0
39503,38,60000,MORTGAGE,2.0,VENTURE,A,9200,7.29,0.15,N,12,0
39504,35,38000,RENT,21.0,MEDICAL,C,10000,14.27,0.26,Y,9,0
39505,27,75000,MORTGAGE,0.0,MEDICAL,A,5400,7.68,0.07,N,9,0
39506,27,120000,MORTGAGE,11.0,VENTURE,C,20000,13.92,0.17,N,7,0
39507,22,67350,MORTGAGE,6.0,EDUCATION,C,10600,12.99,0.16,N,3,0
39508,29,61455,MORTGAGE,4.0,MEDICAL,C,3000,15.23,0.04,N,9,1
39509,34,49000,RENT,0.0,DEBTCONSOLIDATION,C,2500,13.92,0.05,Y,9,1
39510,22,39996,RENT,4.0,VENTURE,A,5000,7.29,0.13,N,3,0
39511,22,30000,RENT,5.0,EDUCATION,A,6000,5.79,0.2,N,4,0
39512,34,28800,RENT,16.0,MEDICAL,A,6925,7.29,0.23,N,10,0
39513,28,78000,MORTGAGE,12.0,DEBTCONSOLIDATION,B,10000,11.26,0.13,N,6,1
39514,26,24000,RENT,0.0,MEDICAL,B,10800,12.42,0.48,N,2,1
39515,24,150000,MORTGAGE,8.0,VENTURE,A,9000,7.51,0.06,N,4,0
39516,24,40000,RENT,2.0,PERSONAL,A,13200,6.17,0.33,N,4,1
39517,23,60000,RENT,3.0,PERSONAL,C,5000,14.35,0.08,N,4,0
39518,27,25000,RENT,0.0,HOMEIMPROVEMENT,D,10000,14.96,0.4,Y,6,1
39519,21,52800,MORTGAGE,5.0,DEBTCONSOLIDATION,B,15000,11.86,0.29,N,2,1
39520,21,55000,OWN,5.0,EDUCATION,B,16000,9.62,0.29,N,3,0
39521,22,30000,RENT,6.0,PERSONAL,C,5000,15.96,0.17,Y,4,0
39522,28,24000,RENT,4.0,PERSONAL,D,4800,16.07,0.2,Y,9,0
39523,26,84000,MORTGAGE,8.0,DEBTCONSOLIDATION,A,15000,6.03,0.18,N,2,0
39524,25,50000,MORTGAGE,9.0,HOMEIMPROVEMENT,B,7200,10.65,0.14,N,4,0
39525,24,35000,MORTGAGE,8.0,EDUCATION,B,6000,11.49,0.17,N,3,0
39526,26,43000,RENT,4.0,PERSONAL,D,12500,15.05,0.3,Y,3,1
39527,26,41160,RENT,2.0,MEDICAL,B,4000,11.49,0.1,N,3,0
39528,25,54000,RENT,9.0,MEDICAL,C,12250,14.27,0.22,Y,3,0
39529,25,37120,RENT,4.0,PERSONAL,A,7000,7.14,0.19,N,4,0
39530,24,50000,RENT,0.0,PERSONAL,A,7000,6.91,0.14,N,2,0
39531,30,60000,MORTGAGE,7.0,MEDICAL,C,5000,14.22,0.08,N,8,0
39532,22,36000,RENT,1.0,DEBTCONSOLIDATION,A,10000,7.29,0.28,N,3,0
39533,29,84996,RENT,6.0,MEDICAL,A,5000,8.94,0.06,N,10,0
39534,35,65000,RENT,0.0,EDUCATION,B,12000,10.99,0.18,N,6,0
39535,32,47210,RENT,15.0,EDUCATION,D,8000,16.89,0.17,N,9,0
39536,29,130000,RENT,2.0,DEBTCONSOLIDATION,A,8000,7.14,0.06,N,10,0
39537,23,60000,RENT,7.0,EDUCATION,B,10000,10.65,0.17,N,4,0
39538,33,44000,RENT,2.0,HOMEIMPROVEMENT,C,2000,14.22,0.05,Y,5,1
39539,23,25320,RENT,1.0,HOMEIMPROVEMENT,B,7000,12.53,0.29,N,4,1
39540,29,54000,MORTGAGE,6.0,PERSONAL,A,10000,7.49,0.19,N,7,0
39541,23,102000,MORTGAGE,7.0,MEDICAL,A,6000,7.51,0.06,N,4,0
39542,28,85000,RENT,1.0,DEBTCONSOLIDATION,B,10000,10.65,0.12,N,6,0
39543,21,50000,RENT,0.0,EDUCATION,A,5000,6.54,0.1,N,4,0
39544,32,45000,RENT,3.0,MEDICAL,B,11200,9.91,0.25,N,9,0
39545,26,38000,RENT,0.0,PERSONAL,B,2500,11.99,0.07,N,4,0
39546,28,75000,RENT,3.0,VENTURE,B,10000,10.74,0.13,N,6,0
39547,31,56000,RENT,0.0,EDUCATION,A,4800,7.88,0.09,N,7,1
39548,31,35000,RENT,2.0,PERSONAL,A,6500,5.79,0.18,N,5,0
39549,22,65000,MORTGAGE,6.0,EDUCATION,B,5000,11.49,0.08,N,2,0
39550,29,34000,RENT,7.0,MEDICAL,D,5000,15.99,0.15,Y,7,1
39551,31,68000,MORTGAGE,7.0,VENTURE,A,6000,7.49,0.09,N,7,0
39552,23,57000,MORTGAGE,1.0,PERSONAL,A,3000,5.42,0.05,N,4,0
39553,23,62400,RENT,2.0,PERSONAL,A,4000,7.51,0.06,N,4,0
39554,29,79500,MORTGAGE,11.0,VENTURE,D,12000,14.74,0.17,N,8,0
39555,25,62000,MORTGAGE,9.0,EDUCATION,B,2100,11.86,0.03,N,4,0
39556,22,50000,RENT,3.0,EDUCATION,B,10000,10.0,0.2,N,3,0
39557,33,35000,MORTGAGE,3.0,DEBTCONSOLIDATION,A,2000,6.17,0.06,N,5,0
39558,27,108960,MORTGAGE,0.0,PERSONAL,C,25000,13.47,0.23,N,10,0
39559,23,35000,MORTGAGE,0.0,PERSONAL,A,9000,6.99,0.26,N,3,0
39560,25,62000,RENT,9.0,MEDICAL,A,7000,9.22,0.11,N,3,0
39561,30,60000,MORTGAGE,2.0,HOMEIMPROVEMENT,B,6000,10.39,0.1,N,8,0
39562,23,85000,RENT,0.0,PERSONAL,A,7500,7.51,0.08,N,4,0
39563,33,55000,MORTGAGE,7.0,MEDICAL,B,7500,10.39,0.14,N,5,0
39564,24,40000,RENT,0.0,EDUCATION,C,10000,13.35,0.25,N,3,0
39565,24,49000,RENT,8.0,EDUCATION,D,8000,14.96,0.16,N,2,1
39566,22,46800,MORTGAGE,0.0,EDUCATION,B,2800,9.99,0.06,N,3,0
39567,24,60000,RENT,5.0,PERSONAL,C,4000,13.48,0.07,N,3,0
39568,23,72000,RENT,7.0,EDUCATION,C,8000,13.22,0.11,Y,4,0
39569,24,81996,RENT,5.0,EDUCATION,C,10000,14.26,0.12,N,4,0
39570,27,42000,RENT,2.0,DEBTCONSOLIDATION,C,5000,13.23,0.12,N,5,0
39571,28,90000,MORTGAGE,12.0,HOMEIMPROVEMENT,B,1800,11.36,0.02,N,9,0
39572,23,40000,RENT,2.0,DEBTCONSOLIDATION,C,2000,13.49,0.05,N,4,0
39573,28,113000,RENT,7.0,HOMEIMPROVEMENT,A,25000,7.9,0.22,N,9,0
39574,24,72000,MORTGAGE,1.0,DEBTCONSOLIDATION,A,6000,6.92,0.08,N,3,0
39575,33,72000,RENT,5.0,EDUCATION,A,4500,8.49,0.06,N,8,0
39576,23,55000,RENT,4.0,MEDICAL,B,10800,10.99,0.2,N,2,0
39577,34,57000,MORTGAGE,11.0,EDUCATION,C,2500,11.72,0.04,N,6,0
39578,24,60000,RENT,0.0,EDUCATION,B,5000,10.37,0.08,N,2,0
39579,28,90000,MORTGAGE,12.0,VENTURE,A,5000,5.42,0.06,N,9,0
39580,24,145000,RENT,2.0,HOMEIMPROVEMENT,D,20000,14.74,0.14,Y,2,1
39581,42,45000,RENT,0.0,VENTURE,B,10000,10.38,0.22,N,13,0
39582,22,30000,RENT,6.0,EDUCATION,B,10000,9.25,0.33,N,2,1
39583,22,55000,RENT,6.0,DEBTCONSOLIDATION,B,6000,10.99,0.11,N,2,0
39584,30,75000,RENT,4.0,DEBTCONSOLIDATION,C,8000,13.57,0.11,Y,9,0
39585,31,41000,MORTGAGE,15.0,HOMEIMPROVEMENT,A,9000,8.0,0.22,N,5,0
39586,22,25800,RENT,2.0,EDUCATION,A,6000,7.51,0.23,N,3,0
39587,24,30000,RENT,2.0,EDUCATION,B,1000,11.14,0.03,N,4,0
39588,24,100000,MORTGAGE,8.0,MEDICAL,A,8000,7.88,0.08,N,2,0
39589,23,32000,RENT,7.0,VENTURE,B,10000,10.99,0.31,N,2,1
39590,39,55000,RENT,3.0,MEDICAL,B,10000,10.99,0.18,N,11,0
39591,22,43000,RENT,0.0,EDUCATION,C,8800,14.27,0.2,N,4,0
39592,24,89700,MORTGAGE,2.0,VENTURE,B,6000,11.86,0.07,N,4,0
39593,28,88055,MORTGAGE,6.0,DEBTCONSOLIDATION,B,21600,12.42,0.25,N,8,0
39594,24,90000,MORTGAGE,8.0,HOMEIMPROVEMENT,B,3000,10.99,0.03,N,2,0
39595,38,60000,MORTGAGE,3.0,DEBTCONSOLIDATION,A,8000,7.88,0.13,N,12,0
39596,31,70000,MORTGAGE,15.0,DEBTCONSOLIDATION,B,2000,11.14,0.03,N,7,0
39597,36,60000,RENT,5.0,EDUCATION,D,20000,14.96,0.33,N,14,1
39598,22,60000,MORTGAGE,2.0,DEBTCONSOLIDATION,B,5125,10.65,0.09,N,2,0
39599,36,36140,RENT,0.0,PERSONAL,C,2800,12.68,0.08,Y,16,1
39600,23,75000,OWN,7.0,EDUCATION,B,10000,10.99,0.13,N,4,0
39601,23,35000,OWN,8.0,EDUCATION,A,4000,6.39,0.11,N,3,0
39602,22,60000,RENT,2.0,DEBTCONSOLIDATION,C,6000,13.22,0.1,Y,2,0
39603,26,80000,MORTGAGE,7.0,MEDICAL,B,15000,11.49,0.19,N,2,0
39604,36,24000,OWN,0.0,HOMEIMPROVEMENT,A,2000,6.91,0.08,N,13,0
39605,26,53000,MORTGAGE,4.0,HOMEIMPROVEMENT,A,21250,8.9,0.4,N,3,0
39606,23,35000,RENT,7.0,DEBTCONSOLIDATION,A,6000,7.49,0.17,N,2,0
39607,31,70000,MORTGAGE,3.0,DEBTCONSOLIDATION,B,7000,9.62,0.1,N,9,0
39608,24,68000,RENT,9.0,EDUCATION,C,20000,14.26,0.29,N,4,0
39609,27,60000,RENT,2.0,MEDICAL,A,3000,7.29,0.05,N,6,0
39610,22,60000,MORTGAGE,3.0,EDUCATION,A,10000,7.9,0.17,N,2,0
39611,24,42000,MORTGAGE,2.0,HOMEIMPROVEMENT,A,3000,7.66,0.07,N,4,0
39612,29,30000,RENT,2.0,VENTURE,A,6000,5.79,0.2,N,9,0
39613,22,67500,RENT,2.0,EDUCATION,B,4000,9.99,0.06,N,2,0
39614,24,88000,MORTGAGE,8.0,PERSONAL,G,25000,19.66,0.28,N,4,0
39615,28,50000,RENT,0.0,PERSONAL,D,3000,15.62,0.06,N,10,1
39616,28,46000,MORTGAGE,4.0,PERSONAL,G,16750,20.11,0.36,Y,7,0
39617,28,46200,RENT,12.0,PERSONAL,A,8400,7.51,0.19,N,5,0
39618,24,75000,RENT,9.0,PERSONAL,C,6500,13.49,0.09,Y,2,0
39619,21,15996,RENT,3.0,DEBTCONSOLIDATION,D,4000,15.37,0.25,Y,4,1
39620,22,60000,RENT,1.0,EDUCATION,C,2500,14.27,0.04,Y,3,0
39621,22,54780,RENT,2.0,HOMEIMPROVEMENT,C,6400,12.68,0.12,Y,3,1
39622,34,130000,MORTGAGE,9.0,VENTURE,B,12000,10.59,0.09,N,8,0
39623,26,40000,OWN,0.0,VENTURE,A,1800,7.51,0.04,N,3,0
39624,27,40000,MORTGAGE,4.0,MEDICAL,A,4750,7.88,0.12,N,10,0
39625,24,70000,RENT,2.0,HOMEIMPROVEMENT,A,2000,7.88,0.03,N,2,0
39626,24,78408,MORTGAGE,8.0,VENTURE,B,14000,12.18,0.18,N,2,0
39627,30,60000,RENT,2.0,DEBTCONSOLIDATION,C,12000,13.49,0.2,N,8,0
39628,23,110000,RENT,3.0,EDUCATION,B,20000,12.42,0.18,N,2,0
39629,42,90000,RENT,5.0,MEDICAL,A,6000,5.42,0.07,N,16,0
39630,25,32000,RENT,4.0,DEBTCONSOLIDATION,C,1000,13.99,0.03,Y,3,1
39631,22,70000,MORTGAGE,5.0,PERSONAL,A,7800,8.9,0.11,N,2,0
39632,29,50000,RENT,5.0,PERSONAL,B,10000,10.99,0.2,N,6,0
39633,22,48000,MORTGAGE,6.0,DEBTCONSOLIDATION,B,5000,10.38,0.1,N,2,0
39634,22,50000,RENT,1.0,EDUCATION,C,5000,14.79,0.1,Y,3,0
39635,25,122000,MORTGAGE,0.0,VENTURE,A,12000,7.29,0.1,N,4,0
39636,25,45996,MORTGAGE,3.0,VENTURE,C,18000,12.84,0.38,Y,2,0
39637,22,75000,MORTGAGE,4.0,EDUCATION,A,12000,6.91,0.16,N,3,0
39638,23,50000,RENT,4.0,EDUCATION,B,8400,11.86,0.17,N,2,0
39639,22,51600,RENT,1.0,EDUCATION,C,10800,13.16,0.21,Y,3,0
39640,24,65000,RENT,0.0,MEDICAL,A,6000,9.63,0.09,N,4,0
39641,33,62910,OWN,3.0,PERSONAL,D,7075,17.58,0.11,N,7,0
39642,23,72000,MORTGAGE,7.0,DEBTCONSOLIDATION,A,10800,5.79,0.15,N,2,0
39643,21,30000,RENT,4.0,VENTURE,C,6000,12.99,0.2,N,4,0
39644,24,102540,MORTGAGE,8.0,PERSONAL,B,2000,8.88,0.02,N,4,0
39645,24,200000,MORTGAGE,0.0,EDUCATION,B,21000,11.83,0.1,N,3,0
39646,33,76800,MORTGAGE,6.0,PERSONAL,A,6000,6.91,0.08,N,8,0
39647,21,33000,OWN,5.0,MEDICAL,A,7500,5.79,0.23,N,4,0
39648,22,46000,RENT,3.0,MEDICAL,C,8500,12.68,0.19,Y,2,0
39649,23,31000,RENT,4.0,DEBTCONSOLIDATION,B,5000,10.59,0.16,N,2,1
39650,24,25000,OWN,1.0,VENTURE,C,6100,12.84,0.24,N,4,0
39651,23,88400,RENT,1.0,VENTURE,D,4000,14.91,0.04,Y,2,1
39652,32,39000,RENT,4.0,PERSONAL,B,4500,9.91,0.12,N,10,1
39653,24,96000,RENT,6.0,VENTURE,B,12000,9.91,0.13,N,4,0
39654,24,50000,RENT,0.0,HOMEIMPROVEMENT,B,3000,11.83,0.06,N,2,0
39655,23,39996,RENT,0.0,VENTURE,B,4000,10.0,0.1,N,2,0
39656,22,42000,RENT,0.0,EDUCATION,C,12000,13.57,0.29,Y,2,0
39657,23,120000,RENT,3.0,DEBTCONSOLIDATION,B,7000,11.99,0.06,N,2,0
39658,25,75000,RENT,2.0,DEBTCONSOLIDATION,A,8000,7.49,0.11,N,3,0
39659,23,48000,MORTGAGE,1.0,MEDICAL,A,5000,5.42,0.1,N,3,0
39660,27,45000,RENT,5.0,VENTURE,B,10000,12.18,0.22,N,10,0
39661,22,40000,MORTGAGE,6.0,DEBTCONSOLIDATION,A,5000,7.14,0.13,N,3,0
39662,23,43680,RENT,2.0,EDUCATION,D,10800,15.62,0.25,N,3,1
39663,21,38000,RENT,3.0,DEBTCONSOLIDATION,A,2000,7.51,0.05,N,4,0
39664,26,39000,RENT,4.0,PERSONAL,B,5000,10.75,0.13,N,2,0
39665,23,54000,MORTGAGE,7.0,MEDICAL,A,6000,7.49,0.11,N,3,0
39666,27,52000,MORTGAGE,11.0,MEDICAL,A,8500,5.79,0.16,N,5,0
39667,45,100000,RENT,10.0,PERSONAL,D,25000,16.07,0.25,N,12,0
39668,25,32000,RENT,0.0,PERSONAL,B,9000,9.88,0.28,N,4,0
39669,26,48000,MORTGAGE,0.0,EDUCATION,B,4000,10.74,0.08,N,4,0
39670,29,85000,MORTGAGE,2.0,VENTURE,A,14000,7.51,0.16,N,7,0
39671,24,74984,RENT,2.0,DEBTCONSOLIDATION,C,13500,14.27,0.18,N,4,0
39672,23,60000,RENT,2.0,PERSONAL,A,8000,6.17,0.13,N,2,0
39673,23,87550,MORTGAGE,7.0,MEDICAL,C,18000,13.23,0.16,Y,4,1
39674,34,40000,RENT,9.0,PERSONAL,C,9000,12.84,0.23,Y,6,0
39675,24,140000,RENT,5.0,DEBTCONSOLIDATION,B,16000,11.12,0.11,N,3,0
39676,23,40000,RENT,1.0,EDUCATION,C,3600,13.11,0.09,Y,2,0
39677,30,24000,RENT,0.0,PERSONAL,E,7200,16.45,0.29,Y,10,1
39678,28,83500,RENT,1.0,MEDICAL,A,2800,7.14,0.03,N,5,0
39679,41,32500,RENT,1.0,VENTURE,C,15000,13.49,0.45,Y,17,1
39680,22,50250,RENT,7.0,MEDICAL,A,9000,7.51,0.18,N,2,0
39681,25,82000,MORTGAGE,4.0,VENTURE,B,10000,10.99,0.12,N,3,0
39682,26,113000,MORTGAGE,5.0,EDUCATION,C,14400,11.66,0.13,N,2,1
39683,28,30000,RENT,1.0,VENTURE,D,10000,15.31,0.33,Y,10,1
39684,24,48600,MORTGAGE,4.0,DEBTCONSOLIDATION,D,5000,14.84,0.1,N,4,1
39685,38,16800,MORTGAGE,5.0,VENTURE,A,3000,6.39,0.18,N,14,0
39686,23,60000,MORTGAGE,5.0,DEBTCONSOLIDATION,C,2000,13.49,0.03,N,3,0
39687,27,85000,RENT,3.0,PERSONAL,C,8000,12.84,0.09,Y,7,0
39688,22,48000,MORTGAGE,6.0,VENTURE,B,10000,10.65,0.21,N,2,0
39689,28,91200,MORTGAGE,6.0,MEDICAL,B,3000,11.48,0.03,N,8,0
39690,21,38000,RENT,5.0,MEDICAL,A,6000,8.9,0.16,N,4,0
39691,40,92004,RENT,4.0,MEDICAL,B,6000,10.37,0.07,N,16,0
39692,24,40000,RENT,1.0,MEDICAL,A,6000,6.54,0.15,N,4,0
39693,25,87000,MORTGAGE,9.0,EDUCATION,B,24400,10.99,0.29,N,3,0
39694,25,36000,RENT,9.0,EDUCATION,D,8000,15.58,0.22,N,2,0
39695,37,50000,MORTGAGE,21.0,PERSONAL,A,4000,6.03,0.08,N,14,0
39696,22,74004,MORTGAGE,1.0,DEBTCONSOLIDATION,A,7125,7.51,0.09,N,3,0
39697,28,60000,MORTGAGE,2.0,HOMEIMPROVEMENT,B,2000,10.59,0.03,N,9,0
39698,25,36000,RENT,2.0,MEDICAL,A,5000,6.17,0.14,N,4,0
39699,24,51684,RENT,8.0,HOMEIMPROVEMENT,C,2500,13.99,0.05,Y,2,0
39700,23,54000,MORTGAGE,7.0,PERSONAL,A,6500,7.9,0.12,N,2,0
39701,23,72000,MORTGAGE,4.0,EDUCATION,B,8000,10.38,0.11,N,4,0
39702,39,75000,MORTGAGE,9.0,DEBTCONSOLIDATION,A,3000,5.42,0.04,N,12,0
39703,36,62900,RENT,4.0,MEDICAL,C,12000,14.27,0.16,N,13,1
39704,23,58000,RENT,2.0,EDUCATION,A,3000,6.76,0.05,N,3,0
39705,23,90000,MORTGAGE,7.0,VENTURE,B,7000,11.11,0.08,N,4,0
39706,28,75000,MORTGAGE,11.0,VENTURE,C,8000,15.96,0.11,Y,10,0
39707,26,85000,RENT,10.0,VENTURE,B,12000,12.42,0.14,N,2,0
39708,32,84000,OWN,11.0,VENTURE,A,15000,8.49,0.18,N,7,0
39709,29,69000,MORTGAGE,13.0,PERSONAL,A,10000,7.51,0.14,N,7,0
39710,42,35000,OWN,0.0,VENTURE,A,4800,7.74,0.14,N,12,0
39711,29,45608,RENT,0.0,EDUCATION,A,12000,8.94,0.27,N,7,0
39712,27,33448,RENT,6.0,MEDICAL,B,8500,10.65,0.26,N,8,0
39713,35,130000,MORTGAGE,12.0,VENTURE,B,20000,11.14,0.15,N,6,0
39714,24,52800,RENT,3.0,VENTURE,E,14000,17.56,0.27,Y,4,0
39715,27,50000,MORTGAGE,5.0,MEDICAL,C,10000,13.49,0.2,N,5,0
39716,25,4200,RENT,5.0,MEDICAL,A,5000,6.76,0.12,N,4,0
39717,23,61104,MORTGAGE,7.0,MEDICAL,A,15000,8.9,0.25,N,3,0
39718,36,32000,OWN,2.0,VENTURE,C,7800,13.98,0.24,N,14,0
39719,32,75000,RENT,2.0,DEBTCONSOLIDATION,B,6000,12.53,0.08,N,9,0
39720,23,60000,MORTGAGE,3.0,MEDICAL,A,20000,6.54,0.33,N,4,0
39721,33,40000,MORTGAGE,2.0,EDUCATION,B,16000,10.0,0.4,N,6,1
39722,29,65000,MORTGAGE,4.0,MEDICAL,A,6000,6.03,0.09,N,5,0
39723,22,45000,MORTGAGE,0.0,VENTURE,B,7000,11.83,0.16,N,4,0
39724,53,100000,MORTGAGE,2.0,PERSONAL,A,12000,5.42,0.12,N,23,0
39725,22,60000,MORTGAGE,6.0,EDUCATION,C,5000,13.48,0.08,N,2,0
39726,27,48500,MORTGAGE,1.0,VENTURE,B,5000,10.38,0.1,N,8,0
39727,27,54000,MORTGAGE,2.0,EDUCATION,C,12000,13.48,0.22,Y,10,0
39728,23,37342,RENT,2.0,PERSONAL,A,6000,7.49,0.16,N,4,0
39729,32,60000,RENT,2.0,EDUCATION,C,16000,13.11,0.28,Y,10,0
39730,33,85000,RENT,2.0,PERSONAL,C,15000,13.16,0.18,N,5,0
39731,22,30000,RENT,2.0,EDUCATION,A,10000,7.88,0.33,N,4,1
39732,35,100000,MORTGAGE,5.0,PERSONAL,B,25000,11.49,0.25,N,8,0
39733,22,62000,MORTGAGE,4.0,EDUCATION,D,6800,14.42,0.11,Y,3,0
39734,27,59000,RENT,4.0,MEDICAL,B,9250,10.65,0.17,N,5,0
39735,23,36000,OWN,7.0,EDUCATION,A,5500,7.49,0.15,N,3,0
39736,26,60000,RENT,1.0,HOMEIMPROVEMENT,C,6000,12.99,0.1,Y,4,0
39737,22,30000,RENT,2.0,EDUCATION,C,10000,13.48,0.33,N,2,1
39738,26,54996,RENT,3.0,HOMEIMPROVEMENT,C,4000,12.61,0.07,Y,2,0
39739,29,54400,RENT,2.0,MEDICAL,E,11000,16.45,0.17,N,9,1
39740,27,45996,RENT,0.0,VENTURE,C,2000,13.98,0.04,Y,8,0
39741,29,66000,RENT,4.0,PERSONAL,A,20000,7.9,0.3,N,10,0
39742,27,17676,RENT,1.0,PERSONAL,C,3000,14.72,0.17,Y,10,0
39743,31,53000,MORTGAGE,3.0,VENTURE,A,12000,5.99,0.23,N,10,0
39744,34,70000,RENT,3.0,VENTURE,B,8000,10.65,0.11,N,10,0
39745,26,34400,RENT,10.0,EDUCATION,A,4200,8.9,0.12,N,4,0
39746,24,36000,RENT,5.0,EDUCATION,B,10000,10.99,0.28,N,2,0
39747,22,64800,RENT,5.0,MEDICAL,B,11000,11.86,0.17,N,4,0
39748,26,52800,RENT,0.0,EDUCATION,B,4800,11.89,0.09,N,3,0
39749,28,42000,OWN,7.0,VENTURE,C,6000,13.98,0.14,N,5,0
39750,23,54000,RENT,0.0,HOMEIMPROVEMENT,D,12000,14.61,0.22,N,2,1
39751,29,80000,MORTGAGE,13.0,DEBTCONSOLIDATION,A,6000,7.88,0.07,N,7,0
39752,26,40000,RENT,1.0,PERSONAL,B,4000,11.48,0.1,N,2,0
39753,23,50400,MORTGAGE,3.0,EDUCATION,A,9600,7.51,0.19,N,2,0
39754,24,75000,MORTGAGE,5.0,EDUCATION,D,9250,16.77,0.12,N,3,0
39755,24,80000,MORTGAGE,0.0,VENTURE,B,2500,9.91,0.03,N,4,0
39756,35,75573,MORTGAGE,9.0,MEDICAL,B,18000,10.39,0.24,N,8,0
39757,25,65000,MORTGAGE,9.0,MEDICAL,A,6000,7.88,0.09,N,4,0
39758,24,45000,MORTGAGE,3.0,VENTURE,A,6000,7.88,0.13,N,3,0
39759,55,120000,MORTGAGE,1.0,PERSONAL,B,20000,9.99,0.17,N,28,0
39760,25,44000,RENT,4.0,MEDICAL,A,6000,8.9,0.14,N,3,1
39761,29,40000,RENT,3.0,MEDICAL,A,2200,7.9,0.05,N,8,0
39762,23,45600,MORTGAGE,6.0,EDUCATION,A,16000,6.91,0.33,N,4,0
39763,25,39240,RENT,6.0,HOMEIMPROVEMENT,D,2000,15.7,0.05,Y,3,1
39764,23,47400,MORTGAGE,0.0,PERSONAL,B,4000,13.48,0.08,N,2,0
39765,23,55000,RENT,1.0,EDUCATION,A,10000,7.88,0.18,N,2,0
39766,27,45000,MORTGAGE,8.0,EDUCATION,A,10500,7.49,0.23,N,6,0
39767,51,60000,RENT,3.0,MEDICAL,B,1500,10.14,0.03,N,16,0
39768,32,100000,RENT,3.0,HOMEIMPROVEMENT,A,10000,7.51,0.1,N,8,0
39769,22,51996,RENT,6.0,MEDICAL,C,11000,13.22,0.22,N,4,0
39770,36,47000,MORTGAGE,4.0,MEDICAL,A,8000,6.91,0.17,N,14,0
39771,25,35000,RENT,0.0,PERSONAL,A,2500,7.68,0.07,N,4,0
39772,39,45000,RENT,1.0,PERSONAL,B,10000,10.74,0.22,N,16,0
39773,37,150000,MORTGAGE,14.0,EDUCATION,C,10000,14.35,0.07,Y,13,0
39774,27,62400,RENT,7.0,VENTURE,C,12500,14.26,0.2,N,5,0
39775,23,84000,MORTGAGE,7.0,PERSONAL,A,20000,7.9,0.24,N,3,0
39776,29,60000,MORTGAGE,4.0,HOMEIMPROVEMENT,A,10000,6.92,0.17,N,9,0
39777,44,89000,OWN,6.0,VENTURE,A,14200,8.49,0.16,N,11,0
39778,22,72000,OWN,1.0,PERSONAL,B,15000,10.99,0.21,N,2,0
39779,23,60000,MORTGAGE,2.0,VENTURE,A,14000,9.63,0.23,N,4,0
39780,36,54000,MORTGAGE,2.0,PERSONAL,C,10000,12.98,0.19,N,14,1
39781,27,34000,RENT,10.0,DEBTCONSOLIDATION,A,7500,8.9,0.22,N,8,1
39782,41,92000,MORTGAGE,18.0,PERSONAL,B,12000,11.26,0.13,N,17,0
39783,32,25000,RENT,0.0,EDUCATION,C,8000,14.65,0.32,Y,5,0
39784,37,45000,MORTGAGE,4.0,EDUCATION,C,18000,13.22,0.38,Y,15,0
39785,41,45000,RENT,2.0,EDUCATION,C,5000,12.99,0.11,Y,13,0
39786,23,25000,RENT,7.0,PERSONAL,B,8000,12.42,0.31,N,2,1
39787,28,108288,MORTGAGE,12.0,MEDICAL,A,10000,6.62,0.09,N,6,0
39788,36,75971,MORTGAGE,10.0,HOMEIMPROVEMENT,D,18125,14.91,0.25,Y,14,0
39789,25,28800,RENT,2.0,MEDICAL,B,6000,10.62,0.21,N,2,0
39790,28,50000,MORTGAGE,2.0,MEDICAL,A,10000,5.79,0.2,N,5,0
39791,22,68000,RENT,2.0,VENTURE,A,13600,7.88,0.2,N,4,0
39792,24,70000,MORTGAGE,0.0,DEBTCONSOLIDATION,A,12500,5.42,0.18,N,2,0
39793,22,49000,MORTGAGE,6.0,VENTURE,A,20000,6.62,0.41,N,3,0
39794,29,150000,MORTGAGE,6.0,VENTURE,A,20000,6.54,0.13,N,10,0
39795,27,32400,MORTGAGE,1.0,PERSONAL,A,2500,7.05,0.08,N,7,0
39796,25,65000,RENT,9.0,DEBTCONSOLIDATION,C,6000,13.49,0.09,Y,2,0
39797,23,70000,MORTGAGE,3.0,DEBTCONSOLIDATION,A,5000,7.9,0.07,N,2,0
39798,24,70550,RENT,0.0,MEDICAL,E,14000,15.68,0.17,N,4,1
39799,31,58000,RENT,2.0,VENTURE,A,12800,6.62,0.22,N,6,0
39800,25,34000,RENT,5.0,DEBTCONSOLIDATION,B,7500,10.01,0.22,N,4,0
39801,31,50000,MORTGAGE,3.0,DEBTCONSOLIDATION,B,5000,10.95,0.1,N,9,0
39802,36,50000,RENT,2.0,VENTURE,E,20000,17.04,0.4,N,16,1
39803,26,80690,RENT,8.0,PERSONAL,B,25000,10.25,0.34,N,3,1
39804,25,150000,MORTGAGE,9.0,MEDICAL,A,7200,6.92,0.05,N,2,0
39805,23,77000,MORTGAGE,7.0,DEBTCONSOLIDATION,B,25000,10.99,0.32,N,3,0
39806,23,60000,MORTGAGE,0.0,DEBTCONSOLIDATION,A,7800,7.88,0.13,N,4,0
39807,29,30000,RENT,1.0,MEDICAL,A,8000,7.74,0.27,N,6,0
39808,27,48000,OWN,11.0,EDUCATION,B,18000,12.69,0.38,N,9,0
39809,30,90000,MORTGAGE,7.0,PERSONAL,B,25000,12.18,0.28,N,9,0
39810,28,120000,MORTGAGE,12.0,MEDICAL,A,5000,7.14,0.04,N,9,0
39811,23,44000,RENT,7.0,MEDICAL,D,10000,16.77,0.23,N,4,1
39812,21,44000,RENT,5.0,HOMEIMPROVEMENT,C,4000,13.43,0.09,Y,2,1
39813,26,82008,RENT,7.0,HOMEIMPROVEMENT,A,7200,8.0,0.09,N,3,0
39814,27,120000,MORTGAGE,12.0,DEBTCONSOLIDATION,A,15000,6.03,0.13,N,7,0
39815,23,19200,RENT,1.0,VENTURE,C,6000,13.57,0.31,N,4,1
39816,25,96000,MORTGAGE,4.0,VENTURE,B,4800,10.99,0.05,N,4,0
39817,24,37000,MORTGAGE,8.0,PERSONAL,A,7500,7.88,0.19,N,2,0
39818,28,95000,MORTGAGE,4.0,HOMEIMPROVEMENT,A,12000,5.79,0.13,N,8,0
39819,27,120000,MORTGAGE,11.0,DEBTCONSOLIDATION,B,6000,11.99,0.05,N,9,0
39820,25,140000,MORTGAGE,9.0,HOMEIMPROVEMENT,A,15000,7.88,0.11,N,3,0
39821,24,85000,MORTGAGE,4.0,EDUCATION,A,2000,9.63,0.02,N,4,0
39822,31,40000,RENT,1.0,PERSONAL,C,4000,13.16,0.1,N,8,0
39823,52,31200,RENT,1.0,MEDICAL,B,4000,11.83,0.13,N,22,1
39824,23,65000,MORTGAGE,7.0,DEBTCONSOLIDATION,A,12000,5.42,0.18,N,3,0
39825,26,20000,RENT,4.0,EDUCATION,B,5000,11.71,0.25,N,3,0
39826,30,350000,MORTGAGE,3.0,HOMEIMPROVEMENT,A,14000,6.03,0.04,N,6,0
39827,48,65000,MORTGAGE,4.0,DEBTCONSOLIDATION,A,7000,8.07,0.11,N,14,0
39828,52,18000,RENT,2.0,VENTURE,B,2000,10.65,0.11,N,22,0
39829,22,71500,MORTGAGE,2.0,PERSONAL,A,7500,8.32,0.1,N,3,0
39830,23,57000,RENT,3.0,EDUCATION,B,6000,10.51,0.11,N,3,0
39831,23,48000,RENT,7.0,DEBTCONSOLIDATION,A,8000,7.66,0.17,N,2,0
39832,23,397800,MORTGAGE,5.0,EDUCATION,B,14000,11.12,0.03,N,3,0
39833,24,43000,RENT,4.0,EDUCATION,A,10000,7.88,0.23,N,2,0
39834,28,80000,RENT,2.0,VENTURE,B,12000,10.62,0.15,N,10,0
39835,24,41000,RENT,8.0,PERSONAL,C,15000,12.73,0.37,Y,2,1
39836,26,57500,RENT,1.0,EDUCATION,E,4000,15.68,0.07,Y,2,1
39837,40,112500,MORTGAGE,2.0,HOMEIMPROVEMENT,B,10000,10.25,0.09,N,12,0
39838,25,59450,MORTGAGE,9.0,EDUCATION,B,12000,10.38,0.22,N,3,0
39839,23,65000,MORTGAGE,2.0,DEBTCONSOLIDATION,A,7000,6.99,0.11,N,4,0
39840,22,39760,RENT,3.0,EDUCATION,C,8000,15.23,0.2,Y,2,0
39841,32,95000,MORTGAGE,9.0,HOMEIMPROVEMENT,C,15000,12.84,0.16,Y,5,0
39842,30,105000,MORTGAGE,1.0,VENTURE,B,20000,10.25,0.19,N,9,0
39843,27,50000,MORTGAGE,11.0,PERSONAL,A,9600,7.49,0.18,N,9,0
39844,23,59004,RENT,0.0,HOMEIMPROVEMENT,E,5000,18.64,0.08,Y,4,1
39845,30,37500,RENT,0.0,DEBTCONSOLIDATION,A,12000,8.94,0.32,N,7,1
39846,27,55000,RENT,0.0,DEBTCONSOLIDATION,B,20000,12.21,0.36,N,10,1
39847,24,95000,RENT,4.0,EDUCATION,C,8000,15.23,0.08,Y,2,0
39848,37,50000,RENT,4.0,VENTURE,C,12000,15.27,0.24,N,13,0
39849,45,110000,MORTGAGE,11.0,PERSONAL,A,6000,7.74,0.05,N,11,0
39850,24,57996,MORTGAGE,8.0,HOMEIMPROVEMENT,A,2500,7.51,0.04,N,4,0
39851,31,95000,RENT,5.0,MEDICAL,C,4800,13.47,0.05,Y,6,0
39852,26,100800,MORTGAGE,7.0,EDUCATION,B,8000,11.99,0.08,N,4,0
39853,22,26500,RENT,0.0,EDUCATION,B,6000,10.0,0.23,N,3,0
39854,24,60000,MORTGAGE,2.0,VENTURE,A,12000,7.49,0.2,N,4,0
39855,30,30000,RENT,9.0,DEBTCONSOLIDATION,C,9000,14.79,0.3,Y,10,1
39856,25,60000,MORTGAGE,5.0,DEBTCONSOLIDATION,A,5000,9.32,0.08,N,3,0
39857,22,24300,RENT,0.0,PERSONAL,D,4500,16.07,0.19,N,2,1
39858,23,38000,MORTGAGE,1.0,EDUCATION,A,6800,7.49,0.17,N,3,0
39859,21,35000,RENT,5.0,PERSONAL,A,9475,7.29,0.27,N,2,0
39860,23,56755,RENT,6.0,DEBTCONSOLIDATION,B,12000,10.99,0.21,N,3,0
39861,23,54000,RENT,0.0,EDUCATION,A,7200,8.0,0.13,N,2,0
39862,23,110000,MORTGAGE,3.0,VENTURE,A,5000,5.42,0.05,N,4,0
39863,21,42000,RENT,3.0,VENTURE,B,6000,10.99,0.14,N,4,0
39864,22,20000,RENT,2.0,MEDICAL,B,5000,11.86,0.25,N,4,0
39865,29,32000,RENT,0.0,MEDICAL,B,14000,11.83,0.44,N,6,1
39866,21,140000,MORTGAGE,5.0,EDUCATION,B,11000,9.91,0.08,N,3,0
39867,25,175000,MORTGAGE,1.0,PERSONAL,B,24150,11.48,0.14,N,3,0
39868,31,45000,RENT,5.0,PERSONAL,B,5000,11.71,0.11,N,8,0
39869,22,45000,RENT,1.0,VENTURE,C,10000,12.53,0.22,N,3,0
39870,22,42000,RENT,2.0,VENTURE,A,1000,6.99,0.02,N,2,0
39871,29,130000,MORTGAGE,2.0,HOMEIMPROVEMENT,C,25000,13.49,0.19,N,7,0
39872,39,85000,MORTGAGE,14.0,MEDICAL,A,12000,6.03,0.14,N,11,0
39873,29,70000,MORTGAGE,13.0,EDUCATION,A,15000,7.9,0.21,N,9,0
39874,23,30000,OWN,1.0,EDUCATION,A,7500,8.94,0.25,N,2,0
39875,28,50000,MORTGAGE,0.0,EDUCATION,A,2500,7.49,0.05,N,7,0
39876,27,30000,OWN,3.0,EDUCATION,A,5000,6.91,0.17,N,10,0
39877,27,72000,MORTGAGE,11.0,VENTURE,D,3000,15.58,0.04,Y,5,0
39878,23,78000,MORTGAGE,4.0,MEDICAL,C,8000,12.87,0.1,Y,4,0
39879,35,36000,RENT,4.0,PERSONAL,B,15000,10.99,0.42,N,7,1
39880,32,24000,RENT,2.0,MEDICAL,C,5000,14.22,0.21,N,6,0
39881,36,80000,RENT,0.0,EDUCATION,C,12000,12.68,0.15,N,15,0
39882,29,40000,MORTGAGE,4.0,DEBTCONSOLIDATION,D,4000,14.42,0.1,N,6,1
39883,22,20000,RENT,2.0,PERSONAL,C,2500,13.79,0.13,N,2,1
39884,25,80000,RENT,9.0,EDUCATION,B,25000,12.42,0.31,N,3,0
39885,24,65000,RENT,0.0,EDUCATION,B,4000,10.99,0.06,N,2,0
39886,34,83000,MORTGAGE,0.0,PERSONAL,A,2500,7.14,0.03,N,9,1
39887,29,60000,MORTGAGE,6.0,MEDICAL,A,5000,5.42,0.08,N,9,0
39888,33,39000,RENT,2.0,HOMEIMPROVEMENT,C,12000,13.48,0.32,N,6,1
39889,23,60000,MORTGAGE,7.0,PERSONAL,B,6000,11.48,0.1,N,3,0
39890,24,54000,MORTGAGE,5.0,EDUCATION,A,5000,8.9,0.09,N,3,0
39891,24,70000,MORTGAGE,4.0,MEDICAL,B,4000,10.25,0.06,N,3,0
39892,24,38000,MORTGAGE,8.0,EDUCATION,A,8000,8.49,0.21,N,4,0
39893,41,52000,OWN,17.0,VENTURE,C,8000,12.99,0.15,Y,17,0
39894,22,46000,RENT,5.0,EDUCATION,C,10000,13.49,0.22,Y,2,0
39895,23,60000,RENT,5.0,EDUCATION,A,9000,7.49,0.15,N,4,0
39896,26,78000,RENT,5.0,HOMEIMPROVEMENT,D,12000,16.77,0.15,N,3,0
39897,24,49000,MORTGAGE,4.0,PERSONAL,C,8000,12.29,0.16,N,2,1
39898,24,65000,RENT,4.0,HOMEIMPROVEMENT,A,8000,8.59,0.12,N,3,0
39899,27,83300,RENT,11.0,MEDICAL,D,5000,16.77,0.05,Y,10,1
39900,23,50000,RENT,7.0,DEBTCONSOLIDATION,B,8000,10.99,0.16,N,3,0
39901,29,110000,MORTGAGE,2.0,MEDICAL,B,16000,10.0,0.15,N,7,0
39902,33,63996,MORTGAGE,6.0,EDUCATION,C,3200,15.23,0.05,N,7,0
39903,44,88000,RENT,0.0,HOMEIMPROVEMENT,B,9000,11.83,0.1,N,15,1
39904,23,47000,RENT,7.0,DEBTCONSOLIDATION,B,6500,10.37,0.14,N,3,0
39905,27,70000,MORTGAGE,4.0,VENTURE,B,10000,10.95,0.14,N,8,0
39906,35,60000,MORTGAGE,12.0,MEDICAL,A,3600,6.99,0.06,N,8,0
39907,28,48000,RENT,4.0,PERSONAL,A,5000,5.99,0.1,N,5,0
39908,24,30873,MORTGAGE,8.0,EDUCATION,A,4200,6.62,0.14,N,2,0
39909,27,75000,MORTGAGE,11.0,HOMEIMPROVEMENT,A,12000,7.49,0.16,N,8,0
39910,22,120000,MORTGAGE,2.0,EDUCATION,A,6000,7.9,0.05,N,2,0
39911,22,80000,RENT,0.0,PERSONAL,A,9800,6.62,0.12,N,2,0
39912,50,68608,RENT,21.0,VENTURE,B,7500,10.33,0.11,N,6,0
39913,22,59500,RENT,6.0,MEDICAL,B,18000,10.36,0.3,N,3,1
39914,24,40000,RENT,8.0,EDUCATION,A,4000,7.14,0.1,N,4,0
39915,37,28800,RENT,6.0,EDUCATION,A,5000,7.49,0.17,N,14,0
39916,27,75000,MORTGAGE,8.0,MEDICAL,B,15000,9.63,0.2,N,8,0
39917,27,36000,RENT,7.0,EDUCATION,A,5500,7.88,0.15,N,8,0
39918,25,58000,RENT,9.0,EDUCATION,C,15900,13.04,0.27,N,2,0
39919,33,54000,MORTGAGE,0.0,MEDICAL,A,5650,5.79,0.1,N,7,0
39920,45,55000,RENT,0.0,HOMEIMPROVEMENT,E,9000,16.0,0.16,N,16,1
39921,24,54000,RENT,2.0,DEBTCONSOLIDATION,D,5000,14.96,0.09,N,2,1
39922,23,64000,RENT,3.0,DEBTCONSOLIDATION,D,4000,17.58,0.06,N,4,1
39923,30,120000,RENT,5.0,HOMEIMPROVEMENT,B,16000,11.71,0.13,N,9,0
39924,25,90000,MORTGAGE,5.0,HOMEIMPROVEMENT,B,15000,11.11,0.17,N,4,0
39925,23,38500,RENT,5.0,MEDICAL,A,5000,8.49,0.13,N,2,0
39926,27,92000,RENT,1.0,HOMEIMPROVEMENT,E,25000,16.77,0.27,Y,9,1
39927,23,40000,RENT,2.0,PERSONAL,B,3000,12.69,0.07,N,4,0
39928,33,25700,RENT,3.0,VENTURE,B,2400,10.37,0.1,N,7,0
39929,26,30000,RENT,2.0,VENTURE,C,10000,14.22,0.33,Y,3,1
39930,33,30000,RENT,1.0,EDUCATION,B,3000,10.65,0.1,N,9,0
39931,23,78000,RENT,7.0,PERSONAL,C,9600,13.57,0.12,N,2,0
39932,23,51000,MORTGAGE,5.0,MEDICAL,B,4750,12.42,0.09,N,2,0
39933,28,30000,OWN,1.0,VENTURE,D,4200,14.61,0.14,Y,10,0
39934,41,60000,MORTGAGE,7.0,PERSONAL,A,9000,7.49,0.15,N,13,0
39935,23,30000,RENT,4.0,EDUCATION,A,3350,7.49,0.11,N,3,0
39936,27,38004,RENT,2.0,PERSONAL,B,6250,10.65,0.17,N,9,0
39937,23,100000,RENT,2.0,EDUCATION,B,5000,11.71,0.05,N,4,0
39938,39,52000,MORTGAGE,3.0,VENTURE,C,16000,12.99,0.31,Y,11,0
39939,22,40000,MORTGAGE,2.0,DEBTCONSOLIDATION,A,10200,6.03,0.26,N,2,0
39940,24,40000,RENT,2.0,MEDICAL,A,2800,8.49,0.07,N,2,0
39941,27,40000,MORTGAGE,0.0,HOMEIMPROVEMENT,A,5000,6.99,0.13,N,8,0
39942,26,80000,RENT,5.0,PERSONAL,A,24000,7.51,0.3,N,4,0
39943,22,96588,MORTGAGE,6.0,DEBTCONSOLIDATION,B,20000,10.95,0.21,N,2,0
39944,25,70000,MORTGAGE,4.0,EDUCATION,B,8000,10.99,0.11,N,2,0
39945,23,32000,RENT,2.0,DEBTCONSOLIDATION,A,9000,7.14,0.27,N,2,0
39946,21,24000,RENT,0.0,HOMEIMPROVEMENT,D,1500,14.96,0.06,Y,3,1
39947,24,102000,RENT,5.0,PERSONAL,C,13000,13.11,0.13,Y,3,0
39948,29,60000,MORTGAGE,4.0,PERSONAL,A,12000,5.79,0.2,N,6,0
39949,25,34000,RENT,4.0,VENTURE,B,7500,9.76,0.22,N,4,0
39950,23,50000,MORTGAGE,7.0,DEBTCONSOLIDATION,A,7000,6.03,0.14,N,3,0
39951,47,30000,RENT,6.0,MEDICAL,B,7500,12.18,0.25,N,11,0
39952,23,65000,RENT,5.0,PERSONAL,B,22000,8.88,0.34,N,2,1
39953,23,153000,MORTGAGE,7.0,DEBTCONSOLIDATION,C,8000,12.84,0.05,N,2,0
39954,47,72000,MORTGAGE,6.0,HOMEIMPROVEMENT,A,10000,6.03,0.14,N,12,0
39955,31,88000,MORTGAGE,13.0,DEBTCONSOLIDATION,C,14600,11.97,0.17,Y,9,0
39956,32,30000,RENT,6.0,MEDICAL,B,3500,9.99,0.12,N,6,0
39957,29,70000,MORTGAGE,0.0,HOMEIMPROVEMENT,A,10000,8.59,0.14,N,10,0
39958,22,52400,MORTGAGE,4.0,EDUCATION,A,4800,6.03,0.09,N,4,0
39959,44,60000,MORTGAGE,2.0,HOMEIMPROVEMENT,A,5000,5.79,0.08,N,11,0
39960,34,48000,RENT,2.0,EDUCATION,C,10000,12.99,0.21,N,7,0
39961,23,34000,RENT,4.0,PERSONAL,C,5000,13.49,0.15,N,2,0
39962,28,110000,RENT,0.0,PERSONAL,A,25000,6.54,0.23,N,5,0
39963,35,100596,MORTGAGE,2.0,PERSONAL,B,35000,10.59,0.35,N,6,0
39964,24,85000,RENT,1.0,MEDICAL,C,12000,13.57,0.14,Y,4,0
39965,24,34000,RENT,8.0,VENTURE,B,9000,9.96,0.26,N,3,0
39966,25,45000,MORTGAGE,4.0,EDUCATION,A,7000,6.99,0.16,N,3,0
39967,26,85000,RENT,4.0,PERSONAL,B,10000,9.62,0.12,N,2,0
39968,54,90000,MORTGAGE,14.0,PERSONAL,C,10000,13.99,0.11,N,29,0
39969,26,75860,MORTGAGE,6.0,MEDICAL,B,24000,11.49,0.32,N,4,0
39970,32,32000,RENT,10.0,VENTURE,A,15000,7.88,0.47,N,10,1
39971,30,43000,RENT,1.0,MEDICAL,C,13000,12.99,0.31,Y,6,1
39972,32,25000,RENT,0.0,PERSONAL,A,2500,6.62,0.1,N,8,0
39973,28,54000,RENT,0.0,HOMEIMPROVEMENT,C,10000,13.79,0.19,Y,9,0
39974,24,58000,MORTGAGE,0.0,MEDICAL,A,13000,6.62,0.23,N,4,0
39975,22,34800,RENT,6.0,EDUCATION,A,16000,7.88,0.48,N,2,1
39976,27,40000,RENT,1.0,DEBTCONSOLIDATION,B,12000,11.71,0.3,N,6,0
39977,25,90000,RENT,9.0,VENTURE,D,28000,13.99,0.32,Y,4,1
39978,26,52000,MORTGAGE,10.0,PERSONAL,B,10000,12.69,0.19,N,2,0
39979,28,70000,MORTGAGE,8.0,PERSONAL,C,10000,13.49,0.14,N,9,0
39980,22,70000,RENT,3.0,DEBTCONSOLIDATION,C,4800,12.68,0.07,Y,2,0
39981,43,74000,MORTGAGE,0.0,DEBTCONSOLIDATION,D,12000,14.74,0.16,N,12,1
39982,38,65000,OWN,8.0,EDUCATION,C,5000,13.47,0.08,N,12,0
39983,22,45000,MORTGAGE,6.0,PERSONAL,D,4850,14.54,0.11,N,2,1
39984,21,38000,OWN,6.0,VENTURE,A,14000,7.49,0.37,N,2,0
39985,23,120000,RENT,0.0,PERSONAL,C,10000,13.06,0.08,N,4,0
39986,28,39000,RENT,6.0,MEDICAL,D,10000,14.96,0.26,N,7,1
39987,29,64600,RENT,1.0,MEDICAL,B,7500,10.74,0.11,N,8,1
39988,23,48000,MORTGAGE,7.0,MEDICAL,B,3000,11.99,0.06,N,4,0
39989,23,69000,MORTGAGE,7.0,DEBTCONSOLIDATION,A,7000,7.14,0.1,N,4,0
39990,30,85000,MORTGAGE,14.0,HOMEIMPROVEMENT,A,10000,8.9,0.12,N,7,0
39991,32,75000,MORTGAGE,7.0,HOMEIMPROVEMENT,B,3000,11.49,0.04,N,8,0
39992,30,33000,RENT,5.0,MEDICAL,A,8000,7.88,0.24,N,9,0
39993,27,50000,RENT,5.0,HOMEIMPROVEMENT,B,8000,10.37,0.16,N,9,0
39994,24,45000,OWN,3.0,MEDICAL,A,14000,6.17,0.31,N,2,0
39995,23,85000,RENT,3.0,DEBTCONSOLIDATION,B,20000,10.25,0.24,N,4,0
39996,25,74800,RENT,1.0,MEDICAL,E,8400,16.77,0.1,Y,4,1
39997,25,25992,OTHER,5.0,PERSONAL,G,5000,20.52,0.2,N,4,1
39998,25,48000,MORTGAGE,9.0,EDUCATION,A,9000,7.14,0.19,N,4,0
39999,25,50496,RENT,6.0,DEBTCONSOLIDATION,B,4600,10.37,0.09,N,4,0
40000,22,46000,MORTGAGE,6.0,PERSONAL,A,12800,6.91,0.28,N,2,0
40001,27,96000,OWN,3.0,VENTURE,A,12000,7.51,0.13,N,6,0
40002,25,85000,RENT,0.0,EDUCATION,C,10000,13.49,0.12,Y,4,0
40003,23,55000,RENT,5.0,VENTURE,A,5500,5.42,0.1,N,4,0
40004,28,54000,RENT,3.0,DEBTCONSOLIDATION,D,20000,14.11,0.37,N,9,1
40005,32,100000,MORTGAGE,16.0,PERSONAL,A,12000,7.88,0.12,N,9,0
40006,50,68608,RENT,21.0,VENTURE,C,6000,12.99,0.09,N,15,0
40007,23,100000,RENT,2.0,EDUCATION,B,5000,10.65,0.05,N,2,0
40008,33,75000,MORTGAGE,12.0,EDUCATION,A,15000,6.03,0.2,N,9,0
40009,29,75000,MORTGAGE,0.0,EDUCATION,A,7500,8.0,0.1,N,9,0
40010,31,102000,MORTGAGE,0.0,MEDICAL,B,7200,10.95,0.07,N,7,0
40011,24,69077,MORTGAGE,4.0,PERSONAL,A,10000,7.88,0.14,N,3,0
40012,24,74400,MORTGAGE,0.0,MEDICAL,A,3500,7.29,0.05,N,4,0
40013,30,110000,MORTGAGE,14.0,VENTURE,B,6000,11.49,0.05,N,9,0
40014,28,135000,MORTGAGE,4.0,PERSONAL,A,8000,7.49,0.06,N,10,0
40015,26,80000,RENT,3.0,PERSONAL,A,12000,6.03,0.15,N,3,0
40016,24,67600,RENT,7.0,PERSONAL,D,10000,16.29,0.15,Y,4,0
40017,22,55000,MORTGAGE,6.0,EDUCATION,E,8000,16.95,0.15,Y,3,0
40018,22,14400,RENT,2.0,VENTURE,F,3600,16.15,0.25,N,2,1
40019,27,50000,RENT,3.0,DEBTCONSOLIDATION,A,4000,6.92,0.08,N,10,0
40020,34,84000,RENT,3.0,PERSONAL,B,10000,10.99,0.12,N,8,0
40021,30,50000,MORTGAGE,14.0,HOMEIMPROVEMENT,A,12600,5.42,0.25,N,6,0
40022,28,50000,MORTGAGE,5.0,PERSONAL,A,7000,9.63,0.14,N,6,0
40023,22,120000,MORTGAGE,4.0,MEDICAL,B,3600,9.99,0.03,N,3,0
40024,25,60000,MORTGAGE,4.0,MEDICAL,A,3000,6.99,0.05,N,2,0
40025,29,37000,RENT,2.0,VENTURE,C,17500,12.87,0.47,Y,10,1
40026,23,170000,RENT,1.0,PERSONAL,C,20000,13.06,0.12,N,2,0
40027,25,150000,MORTGAGE,4.0,PERSONAL,B,15000,9.63,0.1,N,4,0
40028,23,69000,RENT,0.0,PERSONAL,D,10000,12.92,0.14,Y,3,1
40029,23,50000,RENT,0.0,PERSONAL,D,4000,16.07,0.08,Y,4,1
40030,25,62500,RENT,9.0,DEBTCONSOLIDATION,B,8000,12.69,0.13,N,2,0
40031,26,130000,MORTGAGE,4.0,VENTURE,D,16000,17.58,0.12,Y,4,0
40032,25,90000,MORTGAGE,9.0,DEBTCONSOLIDATION,A,13000,7.66,0.14,N,3,0
40033,28,69000,RENT,8.0,VENTURE,B,15000,11.71,0.22,N,8,1
40034,29,72000,RENT,13.0,HOMEIMPROVEMENT,B,23000,12.18,0.32,N,8,1
40035,25,48000,RENT,9.0,MEDICAL,C,7500,11.03,0.16,Y,4,0
40036,32,111280,MORTGAGE,13.0,EDUCATION,A,8000,6.91,0.07,N,10,0
40037,27,95000,RENT,11.0,HOMEIMPROVEMENT,A,5000,7.74,0.05,N,9,0
40038,27,95000,RENT,1.0,PERSONAL,C,5600,14.65,0.05,Y,8,0
40039,36,80000,RENT,5.0,HOMEIMPROVEMENT,B,5000,10.62,0.06,N,13,0
40040,29,65000,RENT,0.0,HOMEIMPROVEMENT,B,10000,11.49,0.15,N,9,0
40041,27,72000,RENT,5.0,EDUCATION,C,15000,12.84,0.21,N,10,0
40042,24,58000,RENT,8.0,MEDICAL,C,12000,13.11,0.21,N,3,0
40043,22,50000,MORTGAGE,5.0,PERSONAL,B,10000,11.99,0.2,N,2,0
40044,29,78000,RENT,7.0,HOMEIMPROVEMENT,B,25000,9.99,0.32,N,5,1
40045,24,60000,RENT,4.0,MEDICAL,A,7000,5.79,0.12,N,2,0
40046,22,50000,RENT,4.0,VENTURE,B,10000,10.37,0.2,N,3,0
40047,24,95000,RENT,5.0,DEBTCONSOLIDATION,B,6600,10.99,0.07,N,4,0
40048,24,75000,RENT,1.0,DEBTCONSOLIDATION,A,11500,7.05,0.15,N,3,0
40049,22,74000,RENT,6.0,DEBTCONSOLIDATION,B,4350,9.99,0.06,N,2,0
40050,22,33000,RENT,6.0,MEDICAL,A,4000,6.39,0.12,N,4,0
40051,36,120000,MORTGAGE,1.0,DEBTCONSOLIDATION,C,15000,14.27,0.13,Y,14,0
40052,23,70000,MORTGAGE,0.0,MEDICAL,B,13000,11.71,0.19,N,2,0
40053,24,120000,RENT,1.0,VENTURE,B,24250,10.37,0.2,N,4,0
40054,26,42000,RENT,1.0,EDUCATION,A,7000,7.74,0.17,N,2,0
40055,33,85000,RENT,1.0,EDUCATION,D,7500,14.61,0.09,Y,5,0
40056,22,33996,RENT,0.0,EDUCATION,D,7000,14.96,0.21,Y,3,1
40057,24,72000,MORTGAGE,1.0,VENTURE,A,6000,6.99,0.08,N,3,0
40058,24,47700,RENT,0.0,MEDICAL,B,11500,9.99,0.25,N,4,0
40059,26,54000,RENT,2.0,HOMEIMPROVEMENT,B,5000,9.99,0.09,N,2,0
40060,21,50400,RENT,5.0,EDUCATION,D,2000,15.99,0.04,Y,2,0
40061,24,42000,MORTGAGE,2.0,VENTURE,B,12000,10.99,0.29,N,4,0
40062,22,75000,MORTGAGE,6.0,EDUCATION,A,15000,7.88,0.2,N,3,0
40063,31,70550,RENT,9.0,MEDICAL,D,9000,16.77,0.1,Y,9,1
40064,30,35000,RENT,8.0,MEDICAL,B,2000,11.49,0.06,N,6,0
40065,24,50000,RENT,1.0,DEBTCONSOLIDATION,A,5000,8.49,0.1,N,3,0
40066,23,30000,OWN,3.0,VENTURE,B,8000,10.99,0.27,N,2,0
40067,35,70360,RENT,8.0,MEDICAL,A,10000,6.62,0.14,N,10,0
40068,25,32000,RENT,0.0,EDUCATION,A,12000,8.94,0.38,N,3,1
40069,26,85000,RENT,1.0,PERSONAL,B,15000,10.37,0.18,N,3,0
40070,28,80000,RENT,12.0,MEDICAL,A,18000,8.94,0.23,N,8,0
40071,36,70000,MORTGAGE,0.0,DEBTCONSOLIDATION,C,20000,13.57,0.29,Y,12,0
40072,26,120000,MORTGAGE,9.0,HOMEIMPROVEMENT,E,6000,18.64,0.05,Y,3,0
40073,21,48000,OWN,6.0,DEBTCONSOLIDATION,D,5600,14.96,0.11,Y,4,0
40074,35,72000,MORTGAGE,17.0,MEDICAL,B,10000,10.59,0.14,N,9,0
40075,36,100010,MORTGAGE,11.0,PERSONAL,B,8000,11.49,0.08,N,13,0
40076,28,210000,RENT,3.0,PERSONAL,B,16000,11.26,0.08,N,8,0
40077,29,120000,RENT,5.0,EDUCATION,C,3000,14.22,0.02,Y,6,0
40078,21,24000,OWN,1.0,MEDICAL,C,6000,12.68,0.25,N,4,0
40079,25,66000,RENT,9.0,HOMEIMPROVEMENT,D,3000,16.29,0.05,Y,2,1
40080,23,72000,MORTGAGE,7.0,VENTURE,B,24000,11.83,0.33,N,4,0
40081,22,42000,MORTGAGE,6.0,EDUCATION,A,7000,7.9,0.17,N,2,0
40082,33,60000,OWN,15.0,PERSONAL,B,17000,12.42,0.28,N,9,0
40083,32,60000,RENT,2.0,MEDICAL,A,10000,6.03,0.17,N,9,0
40084,26,118000,RENT,5.0,PERSONAL,B,4800,9.25,0.04,N,4,0
40085,23,38000,RENT,5.0,PERSONAL,A,4800,7.14,0.13,N,4,0
40086,26,105000,MORTGAGE,11.0,HOMEIMPROVEMENT,A,12000,5.99,0.11,N,4,0
40087,28,100000,MORTGAGE,12.0,DEBTCONSOLIDATION,C,15000,13.11,0.15,Y,6,0
40088,22,60000,RENT,6.0,PERSONAL,A,9600,7.14,0.16,N,3,0
40089,22,66000,RENT,1.0,VENTURE,C,7000,14.26,0.11,Y,2,0
40090,26,40000,RENT,10.0,PERSONAL,B,12000,10.74,0.3,N,3,0
40091,21,69000,MORTGAGE,5.0,HOMEIMPROVEMENT,D,8000,17.58,0.11,N,2,1
40092,24,65000,MORTGAGE,8.0,EDUCATION,B,15000,9.99,0.23,N,3,0
40093,30,24000,RENT,4.0,PERSONAL,A,8875,8.9,0.36,N,8,1
40094,22,50000,MORTGAGE,3.0,EDUCATION,A,6000,8.94,0.12,N,3,0
40095,22,39000,RENT,2.0,PERSONAL,D,5000,16.77,0.13,Y,4,1
40096,32,95000,MORTGAGE,9.0,VENTURE,B,15000,10.62,0.16,N,10,0
40097,26,56000,MORTGAGE,0.0,EDUCATION,C,5000,15.27,0.08,Y,4,0
40098,23,60000,RENT,0.0,EDUCATION,B,4000,12.21,0.07,N,2,0
40099,22,60000,MORTGAGE,6.0,VENTURE,A,9800,7.88,0.16,N,4,0
40100,28,26500,MORTGAGE,5.0,VENTURE,C,5600,13.43,0.21,Y,10,0
40101,43,42000,OWN,0.0,VENTURE,C,10000,14.27,0.24,Y,13,0
40102,22,51000,MORTGAGE,6.0,DEBTCONSOLIDATION,B,6000,10.99,0.12,N,2,0
40103,33,55000,RENT,2.0,EDUCATION,D,15000,15.62,0.27,Y,5,1
40104,50,80000,RENT,0.0,HOMEIMPROVEMENT,B,24000,11.71,0.3,N,15,0
40105,25,62000,RENT,1.0,VENTURE,C,8000,13.98,0.13,N,2,0
40106,24,84000,MORTGAGE,8.0,HOMEIMPROVEMENT,B,25000,11.71,0.3,N,4,0
40107,36,120000,MORTGAGE,2.0,HOMEIMPROVEMENT,D,25000,15.62,0.21,Y,14,0
40108,32,115600,MORTGAGE,2.0,EDUCATION,A,9925,7.29,0.09,N,9,0
40109,23,51000,MORTGAGE,3.0,PERSONAL,A,2000,7.66,0.04,N,2,0
40110,22,48000,RENT,4.0,PERSONAL,A,7500,6.76,0.16,N,4,0
40111,22,50000,RENT,2.0,DEBTCONSOLIDATION,B,4600,11.86,0.09,N,4,0
40112,38,35000,MORTGAGE,3.0,MEDICAL,B,8000,10.65,0.23,N,11,0
40113,27,110000,MORTGAGE,11.0,PERSONAL,A,9000,6.76,0.08,N,8,0
40114,27,24000,RENT,11.0,EDUCATION,C,4400,13.11,0.18,N,6,0
40115,23,130000,RENT,5.0,MEDICAL,B,25000,10.99,0.19,N,2,0
40116,25,45000,RENT,2.0,DEBTCONSOLIDATION,B,3000,11.14,0.07,N,2,0
40117,22,54000,RENT,0.0,PERSONAL,B,4000,11.11,0.07,N,4,0
40118,23,30000,RENT,0.0,MEDICAL,B,10000,12.18,0.33,N,4,1
40119,21,42000,OWN,3.0,PERSONAL,B,2500,11.71,0.06,N,3,0
40120,22,45600,RENT,5.0,MEDICAL,A,4000,7.66,0.09,N,2,0
40121,24,9600,RENT,0.0,DEBTCONSOLIDATION,E,25000,17.56,0.25,Y,3,1
40122,29,80000,MORTGAGE,13.0,EDUCATION,B,15000,10.99,0.19,N,6,0
40123,31,75500,MORTGAGE,4.0,HOMEIMPROVEMENT,B,25000,10.99,0.33,N,9,0
40124,26,80000,RENT,5.0,DEBTCONSOLIDATION,B,7400,12.69,0.09,N,3,0
40125,28,51480,MORTGAGE,12.0,MEDICAL,B,8000,10.65,0.16,N,8,0
40126,23,120000,OWN,2.0,VENTURE,C,6000,14.27,0.05,Y,2,0
40127,23,38400,MORTGAGE,2.0,DEBTCONSOLIDATION,A,2000,6.17,0.05,N,4,0
40128,23,70000,RENT,0.0,EDUCATION,C,12000,15.27,0.17,N,4,0
40129,24,72000,RENT,2.0,DEBTCONSOLIDATION,B,9975,9.76,0.14,N,4,0
40130,38,40000,MORTGAGE,5.0,DEBTCONSOLIDATION,A,10000,5.99,0.25,N,12,0
40131,54,200000,MORTGAGE,5.0,PERSONAL,A,10000,6.91,0.05,N,20,0
40132,25,45000,MORTGAGE,10.0,VENTURE,B,19750,10.99,0.42,N,2,0
40133,27,63000,MORTGAGE,11.0,MEDICAL,A,3600,8.0,0.06,N,8,0
40134,28,40000,RENT,2.0,DEBTCONSOLIDATION,A,4000,7.88,0.1,N,6,0
40135,33,35000,RENT,4.0,DEBTCONSOLIDATION,A,10000,7.88,0.29,N,10,0
40136,34,55000,MORTGAGE,15.0,EDUCATION,B,15000,11.36,0.27,N,5,0
40137,25,54252,RENT,0.0,HOMEIMPROVEMENT,C,3500,13.47,0.06,N,4,0
40138,29,37200,RENT,4.0,EDUCATION,A,10000,7.88,0.27,N,9,0
40139,34,88000,MORTGAGE,3.0,EDUCATION,A,8000,7.29,0.09,N,10,0
40140,23,37459,RENT,2.0,EDUCATION,B,2500,12.69,0.07,N,2,0
40141,23,50000,RENT,2.0,DEBTCONSOLIDATION,A,7000,6.03,0.14,N,4,0
40142,39,36000,MORTGAGE,7.0,DEBTCONSOLIDATION,A,12200,5.79,0.33,N,14,0
40143,23,50000,MORTGAGE,2.0,DEBTCONSOLIDATION,B,2400,11.71,0.05,N,3,0
40144,24,72000,MORTGAGE,8.0,HOMEIMPROVEMENT,D,12000,17.19,0.17,Y,2,0
40145,23,84996,MORTGAGE,2.0,MEDICAL,C,15250,14.35,0.2,Y,2,0
40146,22,80000,MORTGAGE,3.0,EDUCATION,A,10000,8.59,0.13,N,2,0
40147,35,45000,RENT,16.0,VENTURE,B,12000,10.37,0.27,N,10,0
40148,45,135000,MORTGAGE,0.0,EDUCATION,A,10000,6.99,0.07,N,16,0
40149,35,90000,MORTGAGE,14.0,PERSONAL,B,4000,11.49,0.04,N,8,0
40150,25,60000,MORTGAGE,9.0,EDUCATION,A,12000,7.51,0.2,N,4,0
40151,21,72000,RENT,4.0,VENTURE,B,24000,10.99,0.33,N,3,1
40152,21,60000,RENT,5.0,VENTURE,C,11200,14.22,0.19,N,4,0
40153,54,43000,RENT,16.0,PERSONAL,A,6000,6.62,0.14,N,20,0
40154,43,72000,MORTGAGE,4.0,VENTURE,B,5000,11.86,0.07,N,16,0
40155,27,44000,MORTGAGE,6.0,MEDICAL,A,5100,8.32,0.11,N,8,0
40156,28,49500,MORTGAGE,3.0,DEBTCONSOLIDATION,B,10000,10.75,0.2,N,7,0
40157,40,45000,RENT,0.0,HOMEIMPROVEMENT,C,9000,12.61,0.19,Y,13,0
40158,27,30000,MORTGAGE,1.0,PERSONAL,D,5000,15.31,0.17,Y,6,0
40159,30,100000,MORTGAGE,6.0,HOMEIMPROVEMENT,A,11500,6.99,0.12,N,9,0
40160,30,58500,RENT,1.0,EDUCATION,A,3500,7.74,0.06,N,9,0
40161,27,38400,MORTGAGE,0.0,DEBTCONSOLIDATION,B,15000,10.65,0.39,N,8,0
40162,25,70000,MORTGAGE,5.0,DEBTCONSOLIDATION,A,12000,7.9,0.17,N,3,0
40163,25,39000,RENT,0.0,MEDICAL,D,7000,15.62,0.18,N,3,1
40164,24,80000,MORTGAGE,7.0,VENTURE,A,24000,6.62,0.3,N,3,0
40165,32,165996,MORTGAGE,5.0,VENTURE,A,8000,5.42,0.05,N,5,0
40166,26,30000,RENT,0.0,EDUCATION,C,3000,14.27,0.1,N,4,0
40167,29,58650,RENT,5.0,MEDICAL,D,25000,14.09,0.37,Y,10,1
40168,25,50000,RENT,2.0,MEDICAL,C,3000,14.79,0.06,N,4,0
40169,44,120000,MORTGAGE,17.0,VENTURE,B,35000,10.38,0.29,N,14,0
40170,34,38400,RENT,5.0,DEBTCONSOLIDATION,B,9500,10.59,0.24,N,7,0
40171,23,32000,RENT,0.0,EDUCATION,B,12000,10.36,0.38,N,2,1
40172,38,50000,MORTGAGE,7.0,EDUCATION,A,12000,7.66,0.24,N,13,0
40173,29,33600,RENT,3.0,VENTURE,B,3000,11.49,0.09,N,7,0
40174,24,70000,RENT,3.0,VENTURE,C,20000,13.98,0.29,Y,4,0
40175,24,71004,RENT,8.0,VENTURE,C,16000,13.47,0.23,Y,4,0
40176,21,37200,OWN,2.0,VENTURE,A,6000,6.92,0.16,N,3,0
40177,29,75000,RENT,4.0,VENTURE,B,10000,11.49,0.13,N,9,0
40178,37,88000,RENT,3.0,HOMEIMPROVEMENT,B,6000,10.65,0.07,N,16,0
40179,22,34000,RENT,5.0,PERSONAL,B,3000,10.36,0.09,N,3,1
40180,25,112000,MORTGAGE,5.0,EDUCATION,C,6000,15.23,0.05,N,4,0
40181,22,44000,RENT,6.0,EDUCATION,B,5000,10.99,0.11,N,2,0
40182,27,80000,MORTGAGE,6.0,PERSONAL,A,22000,6.99,0.28,N,10,0
40183,26,38000,MORTGAGE,5.0,MEDICAL,B,5550,11.49,0.15,N,2,0
40184,51,120000,MORTGAGE,3.0,PERSONAL,A,12000,7.88,0.1,N,24,0
40185,31,50000,RENT,4.0,PERSONAL,A,6000,8.94,0.12,N,9,0
40186,32,100000,MORTGAGE,16.0,VENTURE,A,7000,7.49,0.07,N,10,0
40187,32,70000,MORTGAGE,6.0,HOMEIMPROVEMENT,A,10000,7.14,0.14,N,10,0
40188,32,65000,RENT,2.0,VENTURE,C,4000,14.17,0.06,Y,8,0
40189,28,60000,RENT,3.0,HOMEIMPROVEMENT,A,3500,7.68,0.06,N,10,0
40190,22,67500,RENT,1.0,EDUCATION,A,4000,7.74,0.06,N,3,0
40191,45,33600,MORTGAGE,14.0,VENTURE,C,5000,13.49,0.15,N,11,0
40192,33,75000,RENT,5.0,DEBTCONSOLIDATION,A,5600,7.49,0.07,N,5,0
40193,23,54000,RENT,7.0,MEDICAL,C,6400,13.23,0.12,Y,3,1
40194,27,75000,MORTGAGE,11.0,VENTURE,A,12000,7.51,0.16,N,6,0
40195,44,53000,RENT,5.0,MEDICAL,D,10000,15.33,0.19,N,14,1
40196,24,40000,RENT,2.0,MEDICAL,A,15000,7.66,0.38,N,3,1
40197,30,48000,RENT,3.0,PERSONAL,C,9500,13.11,0.2,N,6,0
40198,29,85000,RENT,3.0,DEBTCONSOLIDATION,B,15000,10.65,0.18,N,8,0
40199,25,24000,RENT,4.0,PERSONAL,B,8500,11.36,0.33,N,4,1
40200,24,28000,MORTGAGE,8.0,EDUCATION,A,1000,6.39,0.04,N,2,0
40201,23,50000,MORTGAGE,5.0,VENTURE,A,10000,9.63,0.2,N,2,0
40202,27,170000,MORTGAGE,5.0,VENTURE,B,20000,11.48,0.12,N,10,0
40203,23,75000,MORTGAGE,0.0,PERSONAL,A,10000,7.51,0.13,N,2,0
40204,24,45000,OWN,8.0,EDUCATION,B,10000,11.11,0.22,N,4,0
40205,23,30000,RENT,7.0,DEBTCONSOLIDATION,B,3000,11.49,0.1,N,3,0
40206,22,43000,RENT,1.0,EDUCATION,A,10000,9.63,0.23,N,2,0
40207,25,50000,RENT,2.0,DEBTCONSOLIDATION,C,4800,13.61,0.1,Y,4,0
40208,21,50000,RENT,5.0,EDUCATION,B,2400,11.71,0.05,N,2,0
40209,23,90000,RENT,1.0,EDUCATION,B,10000,10.65,0.11,N,4,0
40210,29,200000,MORTGAGE,2.0,MEDICAL,B,18000,11.86,0.09,N,7,0
40211,24,45996,RENT,2.0,PERSONAL,D,11000,11.86,0.25,Y,3,1
40212,43,54000,MORTGAGE,13.0,EDUCATION,A,10400,7.51,0.2,N,14,0
40213,22,77000,MORTGAGE,7.0,DEBTCONSOLIDATION,B,20000,11.11,0.26,N,3,0
40214,30,54000,RENT,5.0,PERSONAL,A,10000,7.29,0.19,N,9,0
40215,28,39500,RENT,0.0,MEDICAL,B,3600,11.99,0.09,N,9,0
40216,44,83000,MORTGAGE,8.0,MEDICAL,A,25000,8.49,0.3,N,12,0
40217,27,130000,MORTGAGE,1.0,EDUCATION,D,12000,14.46,0.09,N,5,0
40218,22,48000,RENT,6.0,VENTURE,B,5000,10.08,0.1,N,3,0
40219,26,34000,RENT,5.0,EDUCATION,C,15000,13.49,0.44,N,4,1
40220,28,50000,RENT,0.0,HOMEIMPROVEMENT,B,6000,10.59,0.12,N,7,0
40221,25,50000,RENT,4.0,EDUCATION,B,3000,10.99,0.06,N,2,0
40222,56,57996,RENT,5.0,PERSONAL,E,10000,15.68,0.17,Y,24,0
40223,23,50000,RENT,4.0,EDUCATION,A,5000,5.99,0.1,N,3,0
40224,24,72000,RENT,4.0,MEDICAL,B,8000,11.99,0.11,N,2,0
40225,38,65000,MORTGAGE,2.0,MEDICAL,B,8000,11.83,0.12,N,15,0
40226,25,80000,MORTGAGE,9.0,VENTURE,A,15000,6.03,0.19,N,4,0
40227,24,100000,RENT,5.0,MEDICAL,B,15000,10.62,0.15,N,3,0
40228,23,88000,MORTGAGE,7.0,EDUCATION,A,8000,8.49,0.09,N,3,0
40229,22,34000,RENT,4.0,HOMEIMPROVEMENT,A,9600,7.9,0.28,N,3,1
40230,27,115000,MORTGAGE,6.0,MEDICAL,B,14400,11.49,0.13,N,6,0
40231,32,63000,OWN,2.0,EDUCATION,B,20000,12.18,0.32,N,10,0
40232,38,66725,RENT,3.0,MEDICAL,D,9000,16.29,0.11,N,11,1
40233,22,33000,RENT,4.0,DEBTCONSOLIDATION,A,5000,8.9,0.15,N,4,0
40234,21,35000,RENT,5.0,MEDICAL,A,15000,7.9,0.43,N,2,1
40235,29,105000,RENT,3.0,EDUCATION,C,12000,14.27,0.11,Y,8,0
40236,25,32000,RENT,1.0,VENTURE,B,6000,10.99,0.19,N,4,0
40237,28,150000,MORTGAGE,6.0,DEBTCONSOLIDATION,A,24000,8.9,0.16,N,6,0
40238,23,80000,OWN,7.0,PERSONAL,A,6000,7.49,0.07,N,3,0
40239,29,50000,MORTGAGE,7.0,DEBTCONSOLIDATION,A,13900,7.66,0.27,N,8,0
40240,42,46113,MORTGAGE,3.0,DEBTCONSOLIDATION,D,6000,14.54,0.13,N,15,1
40241,28,55000,MORTGAGE,12.0,EDUCATION,A,8000,6.03,0.15,N,8,0
40242,33,50000,RENT,1.0,MEDICAL,B,12000,10.38,0.24,N,5,0
40243,37,70000,RENT,3.0,VENTURE,B,8000,10.99,0.11,N,16,0
40244,35,48000,RENT,15.0,MEDICAL,B,11500,10.65,0.23,N,8,0
40245,23,34800,RENT,3.0,DEBTCONSOLIDATION,B,1000,10.99,0.03,N,2,0
40246,26,42000,RENT,2.0,VENTURE,B,5000,10.08,0.12,N,4,0
40247,27,28000,RENT,2.0,EDUCATION,B,8000,11.36,0.28,N,6,0
40248,22,38400,RENT,6.0,MEDICAL,A,5000,7.29,0.13,N,2,0
40249,27,36000,RENT,3.0,VENTURE,B,3000,10.75,0.09,N,5,0
40250,29,84000,RENT,13.0,HOMEIMPROVEMENT,A,9600,7.51,0.11,N,7,0
40251,30,72000,RENT,5.0,HOMEIMPROVEMENT,B,12000,10.99,0.17,N,7,0
40252,34,35000,RENT,2.0,MEDICAL,A,2500,7.14,0.07,N,6,0
40253,29,73000,MORTGAGE,4.0,PERSONAL,A,16000,7.49,0.22,N,5,0
40254,37,104000,MORTGAGE,3.0,DEBTCONSOLIDATION,B,25000,11.86,0.24,N,13,0
40255,24,75000,RENT,5.0,HOMEIMPROVEMENT,B,20000,12.21,0.27,N,2,0
40256,22,60000,MORTGAGE,6.0,VENTURE,B,6000,10.65,0.1,N,4,0
40257,29,71400,MORTGAGE,12.0,MEDICAL,D,24000,14.09,0.3,Y,10,1
40258,42,49200,RENT,0.0,PERSONAL,A,2500,7.29,0.05,N,12,0
40259,24,73000,RENT,3.0,VENTURE,B,10000,11.58,0.14,N,2,0
40260,22,119000,MORTGAGE,2.0,VENTURE,B,8800,10.36,0.08,N,4,0
40261,22,72000,RENT,6.0,DEBTCONSOLIDATION,C,8000,15.96,0.11,Y,3,0
40262,23,57860,MORTGAGE,7.0,MEDICAL,A,3000,6.03,0.05,N,2,0
40263,27,40000,RENT,3.0,MEDICAL,A,3500,6.62,0.09,N,10,0
40264,21,35004,OWN,0.0,PERSONAL,A,10000,9.63,0.29,N,2,0
40265,24,50000,RENT,1.0,EDUCATION,A,3500,6.91,0.07,N,3,0
40266,23,50000,MORTGAGE,7.0,DEBTCONSOLIDATION,A,5275,5.42,0.11,N,4,0
40267,23,105000,MORTGAGE,6.0,MEDICAL,C,7200,13.47,0.07,Y,2,0
40268,23,82000,MORTGAGE,3.0,VENTURE,B,6000,11.49,0.07,N,3,0
40269,23,84000,MORTGAGE,3.0,VENTURE,B,12000,11.71,0.14,N,2,0
40270,22,91800,MORTGAGE,6.0,MEDICAL,E,15000,16.35,0.11,N,2,1
40271,43,125000,MORTGAGE,11.0,MEDICAL,A,15000,6.03,0.12,N,15,0
40272,28,50000,MORTGAGE,5.0,DEBTCONSOLIDATION,B,3000,10.99,0.06,N,5,0
40273,26,34000,RENT,1.0,VENTURE,B,5750,10.75,0.17,N,4,0
40274,24,61000,MORTGAGE,7.0,DEBTCONSOLIDATION,B,15000,11.49,0.25,N,3,1
40275,29,90000,MORTGAGE,13.0,PERSONAL,B,21000,10.75,0.23,N,8,0
40276,25,62500,RENT,7.0,DEBTCONSOLIDATION,A,6600,7.49,0.11,N,2,0
40277,31,78000,MORTGAGE,15.0,EDUCATION,C,8500,13.22,0.1,Y,8,0
40278,33,96384,MORTGAGE,3.0,VENTURE,B,18000,10.25,0.19,N,6,0
40279,29,50000,RENT,6.0,HOMEIMPROVEMENT,C,9600,12.87,0.19,Y,9,0
40280,25,55000,RENT,0.0,PERSONAL,C,8000,13.22,0.15,Y,3,0
40281,22,60000,RENT,2.0,VENTURE,C,5000,13.49,0.08,N,3,0
40282,28,85000,MORTGAGE,12.0,VENTURE,D,11000,14.61,0.13,N,8,0
40283,24,40000,RENT,5.0,MEDICAL,A,18000,7.9,0.46,N,4,1
40284,23,40000,RENT,7.0,VENTURE,C,4000,14.22,0.1,Y,4,0
40285,21,55000,RENT,5.0,EDUCATION,B,8000,10.65,0.15,N,2,0
40286,24,40277,MORTGAGE,8.0,HOMEIMPROVEMENT,A,15000,7.51,0.37,N,3,0
40287,39,52000,MORTGAGE,2.0,PERSONAL,A,10000,5.79,0.19,N,14,0
40288,22,38000,RENT,2.0,DEBTCONSOLIDATION,A,2500,7.88,0.07,N,3,0
40289,29,42000,MORTGAGE,10.0,MEDICAL,A,6000,7.88,0.14,N,7,0
40290,27,48000,RENT,7.0,MEDICAL,A,2000,7.74,0.04,N,6,0
40291,43,105000,MORTGAGE,4.0,HOMEIMPROVEMENT,C,24250,14.27,0.21,N,11,0
40292,22,36000,OWN,5.0,VENTURE,B,8400,12.69,0.24,N,3,0
40293,30,50000,RENT,4.0,PERSONAL,B,15000,12.18,0.3,N,9,0
40294,25,49668,RENT,4.0,DEBTCONSOLIDATION,A,10525,7.9,0.21,N,4,0
40295,32,29976,RENT,5.0,EDUCATION,B,15000,11.11,0.5,N,8,1
40296,25,29120,OWN,0.0,MEDICAL,D,6425,15.99,0.22,Y,3,1
40297,23,67000,RENT,7.0,DEBTCONSOLIDATION,B,25000,11.86,0.37,N,2,1
40298,28,80000,MORTGAGE,7.0,EDUCATION,A,15600,7.9,0.19,N,6,0
40299,25,67000,MORTGAGE,9.0,MEDICAL,E,10000,17.93,0.15,N,2,1
40300,23,40000,RENT,4.0,DEBTCONSOLIDATION,B,3500,9.62,0.09,N,3,0
40301,23,60000,RENT,3.0,EDUCATION,C,10000,13.22,0.17,Y,2,0
40302,29,69000,MORTGAGE,13.0,HOMEIMPROVEMENT,A,11200,5.42,0.16,N,9,0
40303,24,46992,RENT,8.0,MEDICAL,A,8000,5.79,0.16,N,4,0
40304,23,34000,RENT,7.0,MEDICAL,A,5500,6.17,0.16,N,2,0
40305,24,32000,MORTGAGE,7.0,PERSONAL,B,11000,10.83,0.34,N,2,0
40306,25,35000,RENT,9.0,MEDICAL,B,9600,11.71,0.27,N,4,0
40307,29,88500,MORTGAGE,2.0,EDUCATION,C,12000,12.68,0.14,N,7,0
40308,46,140000,MORTGAGE,18.0,HOMEIMPROVEMENT,B,14000,11.14,0.1,N,17,0
40309,28,57600,RENT,2.0,HOMEIMPROVEMENT,B,2500,9.62,0.04,N,5,0
40310,22,60000,RENT,6.0,PERSONAL,A,16000,6.03,0.27,N,4,0
40311,29,45000,MORTGAGE,5.0,HOMEIMPROVEMENT,B,15000,11.83,0.33,N,6,0
40312,34,102000,MORTGAGE,9.0,PERSONAL,A,20000,8.49,0.2,N,5,0
40313,27,60000,MORTGAGE,3.0,PERSONAL,A,8000,5.99,0.13,N,6,0
40314,24,141000,MORTGAGE,2.0,EDUCATION,B,10000,12.53,0.07,N,4,0
40315,26,60000,MORTGAGE,4.0,MEDICAL,B,16000,11.12,0.27,N,4,0
40316,27,70000,RENT,7.0,EDUCATION,B,25000,12.53,0.36,N,8,1
40317,25,75996,MORTGAGE,9.0,MEDICAL,B,3000,11.26,0.04,N,2,0
40318,23,75000,MORTGAGE,7.0,DEBTCONSOLIDATION,B,6000,11.49,0.08,N,4,0
40319,23,47500,RENT,0.0,EDUCATION,C,7000,12.84,0.14,N,3,1
40320,46,99996,MORTGAGE,2.0,HOMEIMPROVEMENT,B,4800,10.59,0.05,N,14,0
40321,28,110000,MORTGAGE,12.0,VENTURE,B,15000,11.49,0.14,N,5,0
40322,32,48000,RENT,16.0,VENTURE,C,10000,12.29,0.21,Y,8,0
40323,32,70000,RENT,4.0,MEDICAL,B,11000,11.36,0.16,N,8,0
40324,32,120000,OWN,2.0,EDUCATION,A,16000,5.79,0.14,N,6,0
40325,26,65000,OTHER,11.0,VENTURE,B,10000,11.49,0.15,N,3,0
40326,23,85000,MORTGAGE,2.0,MEDICAL,A,24000,7.49,0.28,N,4,0
40327,25,54000,MORTGAGE,6.0,VENTURE,D,15000,14.11,0.28,Y,2,0
40328,29,125000,MORTGAGE,12.0,MEDICAL,A,6000,5.79,0.05,N,9,0
40329,24,36000,MORTGAGE,5.0,HOMEIMPROVEMENT,C,6000,13.92,0.17,N,4,0
40330,36,50000,MORTGAGE,18.0,PERSONAL,A,3000,6.03,0.06,N,11,0
40331,38,44000,RENT,1.0,EDUCATION,B,12800,10.83,0.3,N,17,1
40332,53,75000,OWN,9.0,PERSONAL,A,5000,5.42,0.07,N,28,0
40333,29,48000,MORTGAGE,5.0,HOMEIMPROVEMENT,B,3000,9.76,0.06,N,10,0
40334,43,52000,MORTGAGE,5.0,MEDICAL,A,6000,7.49,0.12,N,11,0
40335,26,45000,MORTGAGE,10.0,HOMEIMPROVEMENT,C,14800,13.57,0.32,Y,2,0
40336,24,55000,MORTGAGE,4.0,MEDICAL,A,6000,7.51,0.11,N,3,0
40337,22,29004,RENT,2.0,PERSONAL,B,2500,11.99,0.09,N,2,0
40338,36,54000,MORTGAGE,20.0,MEDICAL,C,7500,12.61,0.14,Y,11,1
40339,28,30000,MORTGAGE,12.0,EDUCATION,B,1000,11.86,0.03,N,6,0
40340,23,74004,RENT,0.0,VENTURE,C,13250,13.99,0.17,Y,4,0
40341,25,48000,RENT,0.0,EDUCATION,A,1000,5.99,0.02,N,4,0
40342,29,85000,RENT,5.0,EDUCATION,C,5000,13.49,0.06,N,6,0
40343,32,35000,OWN,3.0,EDUCATION,C,5000,12.73,0.14,Y,6,0
40344,28,150000,MORTGAGE,6.0,PERSONAL,A,20000,6.54,0.13,N,9,0
40345,26,52000,MORTGAGE,7.0,VENTURE,C,4000,12.73,0.08,N,2,0
40346,29,40704,MORTGAGE,9.0,PERSONAL,A,10000,7.66,0.25,N,6,0
40347,27,110000,RENT,0.0,DEBTCONSOLIDATION,A,12000,7.88,0.11,N,6,0
40348,23,55000,RENT,5.0,DEBTCONSOLIDATION,A,17000,6.91,0.31,N,3,1
40349,23,50000,RENT,7.0,MEDICAL,B,12000,10.99,0.24,N,3,0
40350,22,45000,RENT,3.0,DEBTCONSOLIDATION,A,3500,7.49,0.08,N,4,0
40351,26,50000,RENT,10.0,PERSONAL,B,6000,9.99,0.12,N,2,0
40352,22,36000,RENT,0.0,VENTURE,A,5600,8.49,0.15,N,4,0
40353,28,125000,MORTGAGE,0.0,PERSONAL,A,25000,7.51,0.2,N,6,0
40354,21,30000,RENT,5.0,EDUCATION,B,6000,12.18,0.2,N,3,0
40355,31,140000,MORTGAGE,16.0,EDUCATION,A,6000,7.9,0.04,N,8,0
40356,32,45000,OWN,0.0,MEDICAL,B,3500,10.37,0.08,N,5,0
40357,48,65000,RENT,4.0,MEDICAL,B,20000,11.36,0.31,N,17,1
40358,27,51600,RENT,4.0,EDUCATION,B,13650,11.36,0.26,N,10,0
40359,30,50000,RENT,0.0,PERSONAL,C,6000,12.53,0.12,N,5,0
40360,26,68000,MORTGAGE,6.0,HOMEIMPROVEMENT,B,2100,10.37,0.03,N,2,0
40361,26,140000,MORTGAGE,2.0,HOMEIMPROVEMENT,B,25000,11.12,0.18,N,4,0
40362,28,30000,RENT,2.0,VENTURE,B,5000,9.25,0.17,N,6,0
40363,24,41496,RENT,1.0,HOMEIMPROVEMENT,A,5000,7.51,0.12,N,2,1
40364,27,39000,RENT,1.0,HOMEIMPROVEMENT,D,10750,14.59,0.28,Y,7,1
40365,24,72000,MORTGAGE,8.0,VENTURE,A,12000,6.62,0.17,N,2,0
40366,28,28800,RENT,0.0,MEDICAL,B,7000,10.99,0.24,N,7,0
40367,25,70000,MORTGAGE,4.0,MEDICAL,A,4000,6.99,0.06,N,2,0
40368,24,105000,RENT,6.0,PERSONAL,C,18000,14.65,0.17,N,4,0
40369,23,25200,OWN,7.0,PERSONAL,B,1200,11.71,0.05,N,4,0
40370,23,31500,RENT,2.0,VENTURE,C,5000,13.92,0.16,N,2,0
40371,25,69000,RENT,0.0,HOMEIMPROVEMENT,D,9000,15.7,0.13,N,3,1
40372,26,108800,MORTGAGE,3.0,MEDICAL,C,35000,15.23,0.27,Y,3,1
40373,22,30000,RENT,0.0,DEBTCONSOLIDATION,B,3000,10.36,0.1,N,2,0
40374,23,72000,MORTGAGE,7.0,EDUCATION,D,13000,17.58,0.18,Y,3,0
40375,29,45000,MORTGAGE,7.0,VENTURE,A,6000,7.88,0.13,N,9,0
40376,29,70000,RENT,1.0,MEDICAL,C,5000,13.79,0.07,Y,10,0
40377,27,63000,MORTGAGE,7.0,PERSONAL,A,4000,6.39,0.06,N,10,0
40378,26,113000,RENT,1.0,HOMEIMPROVEMENT,D,35000,14.96,0.31,N,3,1
40379,22,60000,MORTGAGE,6.0,EDUCATION,C,7500,13.61,0.13,N,2,0
40380,27,45000,RENT,5.0,HOMEIMPROVEMENT,A,5400,7.29,0.12,N,8,0
40381,23,55000,MORTGAGE,5.0,VENTURE,A,8000,7.14,0.15,N,2,0
40382,23,50000,RENT,6.0,VENTURE,B,4000,11.12,0.08,N,3,0
40383,27,99000,MORTGAGE,4.0,EDUCATION,A,9000,7.51,0.09,N,5,0
40384,27,62316,MORTGAGE,2.0,MEDICAL,A,9200,6.03,0.15,N,5,0
40385,33,75000,MORTGAGE,4.0,VENTURE,A,10000,7.51,0.13,N,9,0
40386,24,105000,MORTGAGE,5.0,VENTURE,B,2400,12.42,0.02,N,4,0
40387,43,48000,MORTGAGE,16.0,PERSONAL,A,3000,9.32,0.06,N,13,0
40388,25,100000,MORTGAGE,9.0,PERSONAL,B,12000,12.21,0.12,N,2,0
40389,23,55000,RENT,5.0,DEBTCONSOLIDATION,B,6000,11.99,0.11,N,2,0
40390,26,125000,MORTGAGE,4.0,DEBTCONSOLIDATION,A,14500,7.9,0.12,N,2,0
40391,24,38400,RENT,1.0,VENTURE,C,3500,13.49,0.09,Y,2,0
40392,29,69000,MORTGAGE,13.0,PERSONAL,A,6000,7.9,0.09,N,9,0
40393,26,80000,MORTGAGE,2.0,MEDICAL,A,5000,7.88,0.06,N,4,0
40394,36,70000,MORTGAGE,3.0,DEBTCONSOLIDATION,A,10000,9.63,0.14,N,16,0
40395,23,44160,RENT,1.0,VENTURE,C,18250,13.85,0.4,Y,2,1
40396,22,36000,MORTGAGE,6.0,DEBTCONSOLIDATION,A,5600,7.14,0.16,N,3,0
40397,23,149385,MORTGAGE,6.0,EDUCATION,A,7000,8.94,0.05,N,4,0
40398,23,54000,RENT,7.0,VENTURE,A,8000,6.62,0.15,N,4,0
40399,25,85000,MORTGAGE,7.0,HOMEIMPROVEMENT,B,8000,10.36,0.1,N,2,0
40400,26,30000,OWN,6.0,VENTURE,A,2700,5.42,0.09,N,4,0
40401,26,60000,RENT,8.0,VENTURE,B,20000,10.51,0.33,N,4,1
40402,30,64000,MORTGAGE,11.0,HOMEIMPROVEMENT,D,12000,14.83,0.19,Y,8,0
40403,28,100000,RENT,7.0,EDUCATION,F,15000,18.43,0.15,Y,5,0
40404,37,115000,RENT,1.0,HOMEIMPROVEMENT,C,8000,13.49,0.07,N,16,0
40405,28,120000,MORTGAGE,1.0,DEBTCONSOLIDATION,B,10000,10.0,0.08,N,10,0
40406,23,70000,MORTGAGE,8.0,EDUCATION,A,10000,7.14,0.14,N,3,0
40407,24,75000,MORTGAGE,4.0,VENTURE,B,25000,10.74,0.33,N,2,0
40408,23,85000,OWN,5.0,EDUCATION,C,20000,13.22,0.24,N,2,0
40409,27,60000,MORTGAGE,5.0,DEBTCONSOLIDATION,B,4000,10.65,0.07,N,10,0
40410,24,93000,MORTGAGE,9.0,VENTURE,B,12000,10.0,0.13,N,3,0
40411,24,47000,RENT,2.0,EDUCATION,A,6000,7.88,0.13,N,3,0
40412,31,30000,RENT,6.0,MEDICAL,B,2400,12.42,0.08,N,6,0
40413,29,35000,RENT,1.0,DEBTCONSOLIDATION,A,6400,5.99,0.18,N,8,0
40414,26,30000,RENT,0.0,PERSONAL,B,3000,9.63,0.1,N,4,0
40415,42,60000,MORTGAGE,0.0,VENTURE,B,10000,10.38,0.17,N,13,0
40416,35,85000,MORTGAGE,19.0,MEDICAL,A,20000,6.54,0.24,N,9,0
40417,27,99780,MORTGAGE,11.0,HOMEIMPROVEMENT,B,6000,9.7,0.06,N,9,0
40418,27,40000,RENT,4.0,DEBTCONSOLIDATION,A,1500,8.94,0.04,N,6,0
40419,30,46800,MORTGAGE,4.0,HOMEIMPROVEMENT,A,5300,6.17,0.12,N,10,1
40420,23,33000,RENT,4.0,PERSONAL,C,8000,14.65,0.24,Y,3,0
40421,27,83300,MORTGAGE,0.0,MEDICAL,D,25000,14.96,0.26,N,10,1
40422,27,45000,MORTGAGE,4.0,MEDICAL,A,4000,7.14,0.09,N,10,0
40423,23,80000,MORTGAGE,7.0,MEDICAL,B,10000,10.99,0.13,N,3,0
40424,25,75000,RENT,1.0,HOMEIMPROVEMENT,C,10000,13.47,0.13,Y,2,0
40425,39,62000,MORTGAGE,11.0,DEBTCONSOLIDATION,A,20000,7.88,0.32,N,15,0
40426,32,42000,RENT,4.0,MEDICAL,B,6000,10.08,0.14,N,8,0
40427,31,60000,RENT,4.0,PERSONAL,B,15000,11.49,0.25,N,5,0
40428,27,50000,RENT,4.0,MEDICAL,C,9000,13.79,0.18,Y,7,0
40429,29,136092,MORTGAGE,13.0,EDUCATION,B,1400,10.59,0.09,N,8,0
40430,22,78000,MORTGAGE,4.0,MEDICAL,A,8000,7.14,0.1,N,4,0
40431,27,62000,MORTGAGE,5.0,EDUCATION,A,7400,6.03,0.12,N,7,0
40432,24,91500,MORTGAGE,8.0,DEBTCONSOLIDATION,A,10000,7.29,0.11,N,4,0
40433,23,33204,RENT,7.0,MEDICAL,C,1000,13.48,0.03,Y,2,0
40434,24,75000,MORTGAGE,4.0,PERSONAL,A,14500,9.63,0.19,N,4,0
40435,30,45000,RENT,0.0,MEDICAL,B,1775,12.69,0.04,N,5,0
40436,28,60000,MORTGAGE,12.0,EDUCATION,A,6000,6.62,0.1,N,7,0
40437,26,115000,MORTGAGE,4.0,DEBTCONSOLIDATION,A,10800,6.76,0.09,N,4,0
40438,23,20000,RENT,1.0,VENTURE,B,4000,12.21,0.2,N,2,0
40439,25,95004,MORTGAGE,9.0,VENTURE,A,16000,5.99,0.17,N,4,0
40440,32,98400,MORTGAGE,8.0,EDUCATION,A,6500,5.42,0.06,N,7,0
40441,26,34000,RENT,7.0,DEBTCONSOLIDATION,D,5000,14.96,0.15,Y,2,1
40442,25,60000,RENT,2.0,DEBTCONSOLIDATION,B,2400,9.45,0.04,N,4,0
40443,23,50000,MORTGAGE,4.0,VENTURE,A,9000,7.88,0.18,N,3,0
40444,29,90000,MORTGAGE,6.0,DEBTCONSOLIDATION,B,4500,12.42,0.05,N,7,0
40445,23,67400,RENT,8.0,EDUCATION,A,10000,8.94,0.15,N,2,0
40446,21,20000,RENT,3.0,MEDICAL,B,4500,11.71,0.22,N,3,0
40447,31,20000,RENT,4.0,MEDICAL,B,2000,11.71,0.1,N,7,0
40448,24,45000,MORTGAGE,5.0,EDUCATION,B,7000,10.99,0.16,N,2,0
40449,29,56000,MORTGAGE,8.0,DEBTCONSOLIDATION,A,13000,7.88,0.23,N,7,0
40450,21,65000,MORTGAGE,5.0,EDUCATION,A,9000,6.03,0.14,N,2,0
40451,27,92000,MORTGAGE,11.0,DEBTCONSOLIDATION,A,21000,8.94,0.24,N,7,0
40452,21,65000,RENT,1.0,EDUCATION,B,10000,10.99,0.15,N,2,0
40453,23,60000,MORTGAGE,5.0,VENTURE,A,16000,7.9,0.27,N,3,0
40454,26,109000,MORTGAGE,4.0,MEDICAL,A,5000,5.42,0.05,N,4,0
40455,23,94976,MORTGAGE,7.0,EDUCATION,A,3700,6.62,0.04,N,3,0
40456,24,52000,RENT,3.0,VENTURE,D,21000,14.96,0.45,N,2,1
40457,22,30000,RENT,1.0,VENTURE,C,10625,14.27,0.35,N,2,1
40458,27,52000,RENT,11.0,DEBTCONSOLIDATION,A,14000,7.29,0.29,N,9,0
40459,23,50000,RENT,8.0,DEBTCONSOLIDATION,B,13000,10.38,0.26,N,4,0
40460,25,32000,RENT,4.0,PERSONAL,C,8000,13.57,0.25,Y,2,0
40461,22,70000,RENT,4.0,EDUCATION,C,4000,12.68,0.06,Y,4,0
40462,26,30000,RENT,8.0,EDUCATION,B,6000,12.53,0.2,N,4,0
40463,21,80000,MORTGAGE,0.0,EDUCATION,B,7000,11.26,0.09,N,3,0
40464,24,150000,MORTGAGE,4.0,VENTURE,A,10000,8.59,0.07,N,4,0
40465,24,55000,RENT,8.0,MEDICAL,A,10000,7.49,0.18,N,3,0
40466,66,24696,RENT,1.0,HOMEIMPROVEMENT,C,8875,13.98,0.36,N,27,1
40467,26,35000,OWN,8.0,MEDICAL,B,1000,10.25,0.03,N,2,0
40468,30,49713,MORTGAGE,7.0,DEBTCONSOLIDATION,B,12000,11.86,0.24,N,10,1
40469,32,67000,MORTGAGE,6.0,VENTURE,A,8400,7.51,0.12,N,9,0
40470,36,50400,RENT,9.0,DEBTCONSOLIDATION,B,1500,11.12,0.03,N,12,0
40471,28,50000,RENT,4.0,VENTURE,B,8000,12.69,0.16,N,10,0
40472,31,125004,MORTGAGE,1.0,DEBTCONSOLIDATION,A,15600,7.51,0.12,N,10,0
40473,21,79000,RENT,5.0,EDUCATION,E,18500,15.33,0.27,N,2,0
40474,22,100000,MORTGAGE,6.0,MEDICAL,B,10000,10.59,0.1,N,2,0
40475,22,60000,MORTGAGE,3.0,EDUCATION,B,10000,12.18,0.17,N,4,0
40476,26,36000,RENT,0.0,MEDICAL,A,10000,8.9,0.28,N,3,0
40477,28,24000,RENT,1.0,DEBTCONSOLIDATION,B,8000,10.0,0.33,N,10,1
40478,23,100000,MORTGAGE,7.0,EDUCATION,B,8000,10.62,0.08,N,3,0
40479,36,50000,MORTGAGE,8.0,MEDICAL,B,4000,10.65,0.08,N,14,0
40480,28,50000,RENT,0.0,VENTURE,C,2000,14.79,0.04,N,5,0
40481,27,125000,MORTGAGE,6.0,HOMEIMPROVEMENT,A,3800,6.99,0.03,N,7,0
40482,29,30000,RENT,0.0,PERSONAL,A,5000,7.74,0.17,N,5,0
40483,24,24000,OWN,0.0,EDUCATION,D,6000,12.86,0.25,Y,4,0
40484,24,30000,RENT,0.0,VENTURE,B,3600,8.88,0.12,N,2,0
40485,27,120000,MORTGAGE,5.0,EDUCATION,B,25000,11.49,0.21,N,5,0
40486,24,69996,OWN,1.0,EDUCATION,B,3500,11.11,0.05,N,3,0
40487,23,41004,RENT,3.0,DEBTCONSOLIDATION,B,12000,11.14,0.29,N,4,0
40488,22,18000,OWN,1.0,VENTURE,B,3000,11.86,0.17,N,3,1
40489,24,60000,MORTGAGE,8.0,EDUCATION,A,2500,7.05,0.04,N,2,0
40490,41,70000,MORTGAGE,7.0,PERSONAL,A,10000,6.99,0.14,N,17,0
40491,25,50000,RENT,2.0,PERSONAL,B,15000,11.99,0.3,N,2,0
40492,23,84000,RENT,7.0,EDUCATION,A,7500,8.63,0.09,N,3,0
40493,24,130000,MORTGAGE,8.0,PERSONAL,B,5000,11.99,0.04,N,4,0
40494,28,65000,MORTGAGE,11.0,VENTURE,C,10000,13.99,0.15,Y,7,0
40495,28,54000,RENT,1.0,HOMEIMPROVEMENT,B,10000,12.53,0.19,N,5,1
40496,20,80000,RENT,4.0,VENTURE,C,7000,15.96,0.09,Y,2,0
40497,23,105000,RENT,2.0,VENTURE,C,24250,12.87,0.23,Y,3,0
40498,31,85000,MORTGAGE,0.0,HOMEIMPROVEMENT,B,10000,12.18,0.12,N,5,0
40499,24,105804,MORTGAGE,8.0,MEDICAL,A,15000,7.9,0.14,N,4,0
40500,25,60000,RENT,4.0,MEDICAL,A,7000,7.14,0.12,N,3,0
40501,28,100000,RENT,0.0,PERSONAL,A,5000,6.99,0.05,N,8,0
40502,35,24000,RENT,2.0,MEDICAL,C,8000,12.84,0.33,N,8,0
40503,27,72250,MORTGAGE,11.0,MEDICAL,D,25000,14.83,0.29,Y,5,1
40504,28,44004,MORTGAGE,0.0,PERSONAL,E,9000,16.35,0.2,Y,9,1
40505,24,66000,RENT,8.0,HOMEIMPROVEMENT,A,16800,8.49,0.25,N,4,1
40506,24,50000,RENT,5.0,PERSONAL,B,6000,10.65,0.12,N,4,0
40507,36,180000,RENT,5.0,MEDICAL,B,15000,12.42,0.08,N,17,0
40508,23,38000,RENT,1.0,VENTURE,A,10000,7.66,0.26,N,3,0
40509,28,70000,RENT,5.0,VENTURE,A,8000,7.51,0.11,N,8,0
40510,32,27996,RENT,0.0,EDUCATION,A,5600,7.74,0.21,N,9,0
40511,24,54996,RENT,4.0,EDUCATION,A,8000,5.79,0.15,N,4,0
40512,21,65000,MORTGAGE,5.0,DEBTCONSOLIDATION,B,3600,9.88,0.06,N,2,0
40513,27,120000,MORTGAGE,1.0,DEBTCONSOLIDATION,B,24000,12.69,0.2,N,7,0
40514,34,40000,RENT,2.0,MEDICAL,A,3000,6.99,0.07,N,9,0
40515,28,38400,MORTGAGE,3.0,VENTURE,B,5000,11.49,0.13,N,9,0
40516,28,73000,MORTGAGE,4.0,MEDICAL,B,6000,9.99,0.08,N,8,0
40517,21,36000,MORTGAGE,0.0,MEDICAL,A,7000,8.0,0.18,N,3,1
40518,29,36000,RENT,7.0,PERSONAL,A,10000,8.59,0.28,N,7,1
40519,41,75000,MORTGAGE,14.0,HOMEIMPROVEMENT,A,8000,7.14,0.11,N,11,0
40520,32,140000,MORTGAGE,3.0,VENTURE,B,14000,10.38,0.1,N,7,0
40521,27,35000,RENT,3.0,MEDICAL,D,6000,16.29,0.17,N,7,0
40522,23,35004,RENT,7.0,MEDICAL,B,4000,11.49,0.11,N,3,0
40523,27,80000,MORTGAGE,11.0,EDUCATION,A,20000,7.49,0.25,N,10,0
40524,29,54000,RENT,7.0,MEDICAL,B,10000,10.99,0.19,N,7,0
40525,53,110000,RENT,1.0,PERSONAL,A,12000,7.49,0.11,N,28,0
40526,23,60000,MORTGAGE,7.0,MEDICAL,A,2000,7.66,0.03,N,2,0
40527,25,34000,MORTGAGE,3.0,HOMEIMPROVEMENT,B,5000,10.83,0.15,N,4,0
40528,23,56496,RENT,1.0,DEBTCONSOLIDATION,B,3000,9.25,0.05,N,3,0
40529,29,50000,MORTGAGE,3.0,HOMEIMPROVEMENT,B,4000,10.59,0.08,N,9,0
40530,27,50000,RENT,3.0,VENTURE,A,18225,7.49,0.36,N,7,1
40531,27,32000,RENT,2.0,MEDICAL,B,6000,11.49,0.19,N,9,0
40532,22,75000,MORTGAGE,6.0,DEBTCONSOLIDATION,B,25000,10.62,0.33,N,2,0
40533,33,52000,MORTGAGE,11.0,VENTURE,A,14000,5.79,0.27,N,5,0
40534,26,150000,OWN,10.0,HOMEIMPROVEMENT,B,14500,11.14,0.09,N,3,0
40535,24,70000,RENT,2.0,DEBTCONSOLIDATION,A,10000,8.94,0.14,N,3,0
40536,24,65000,MORTGAGE,1.0,EDUCATION,B,15000,9.99,0.23,N,4,0
40537,22,38000,RENT,5.0,MEDICAL,B,6000,11.49,0.16,N,3,0
40538,21,66000,RENT,3.0,DEBTCONSOLIDATION,B,8400,11.71,0.13,N,3,0
40539,37,62400,MORTGAGE,16.0,MEDICAL,A,10000,6.62,0.16,N,11,0
40540,28,140000,OWN,12.0,EDUCATION,C,15000,12.61,0.11,Y,9,0
40541,30,30000,RENT,1.0,PERSONAL,C,5000,13.48,0.17,N,9,0
40542,39,27000,RENT,4.0,EDUCATION,B,4800,10.99,0.18,N,12,0
40543,28,100000,MORTGAGE,1.0,EDUCATION,A,9000,9.63,0.09,N,8,0
40544,25,60000,RENT,3.0,HOMEIMPROVEMENT,C,12000,12.53,0.2,Y,2,0
40545,29,68004,MORTGAGE,9.0,DEBTCONSOLIDATION,A,6000,8.49,0.09,N,9,0
40546,24,39996,RENT,2.0,DEBTCONSOLIDATION,B,8500,12.53,0.21,N,4,0
40547,21,48000,OWN,5.0,VENTURE,B,5000,10.59,0.1,N,3,0
40548,37,80000,RENT,5.0,HOMEIMPROVEMENT,C,4000,12.98,0.05,N,13,0
40549,23,65000,MORTGAGE,7.0,VENTURE,D,6000,16.49,0.09,Y,4,0
40550,23,45996,RENT,2.0,EDUCATION,A,15000,7.29,0.34,N,2,1
40551,36,45288,MORTGAGE,16.0,HOMEIMPROVEMENT,A,6000,7.51,0.13,N,12,0
40552,28,39000,RENT,1.0,DEBTCONSOLIDATION,D,11000,16.07,0.28,N,6,1
40553,26,28000,RENT,1.0,DEBTCONSOLIDATION,C,7000,13.47,0.26,Y,4,0
40554,25,53000,OWN,9.0,MEDICAL,C,14000,12.99,0.27,Y,2,0
40555,32,62400,MORTGAGE,8.0,HOMEIMPROVEMENT,C,1200,13.06,0.02,N,7,0
40556,24,48000,MORTGAGE,8.0,EDUCATION,A,12000,7.88,0.25,N,3,0
40557,27,120000,MORTGAGE,11.0,PERSONAL,A,6000,5.42,0.05,N,8,0
40558,29,45000,RENT,2.0,VENTURE,B,5000,10.65,0.11,N,7,0
40559,25,37000,RENT,0.0,DEBTCONSOLIDATION,A,6000,7.66,0.16,N,2,0
40560,29,115000,MORTGAGE,4.0,EDUCATION,D,2500,19.13,0.02,N,5,0
40561,23,70000,RENT,1.0,VENTURE,C,10000,13.49,0.14,Y,2,0
40562,23,28000,MORTGAGE,7.0,MEDICAL,A,1500,7.4,0.05,N,2,0
40563,25,54000,RENT,2.0,VENTURE,D,10000,15.62,0.19,N,2,1
40564,25,40000,MORTGAGE,1.0,EDUCATION,D,13200,16.77,0.33,N,2,0
40565,22,25000,RENT,0.0,EDUCATION,C,5000,13.49,0.2,Y,3,0
40566,24,70000,RENT,2.0,VENTURE,C,10000,14.72,0.14,Y,3,0
40567,32,50000,MORTGAGE,4.0,MEDICAL,A,10000,6.03,0.2,N,9,0
40568,24,70000,RENT,8.0,DEBTCONSOLIDATION,B,5000,9.88,0.07,N,4,0
40569,22,25000,RENT,0.0,EDUCATION,C,6000,13.98,0.24,Y,2,0
40570,28,35000,MORTGAGE,10.0,VENTURE,B,3000,11.83,0.09,N,6,0
40571,26,50000,RENT,2.0,PERSONAL,B,14000,11.14,0.28,N,3,0
40572,34,120000,MORTGAGE,1.0,VENTURE,B,7000,11.49,0.06,N,5,0
40573,26,62000,MORTGAGE,4.0,HOMEIMPROVEMENT,A,15000,9.63,0.24,N,3,0
40574,27,65000,MORTGAGE,1.0,PERSONAL,B,8000,10.65,0.12,N,9,0
40575,24,50000,RENT,1.0,MEDICAL,B,12000,10.38,0.24,N,4,0
40576,24,200000,MORTGAGE,4.0,VENTURE,C,7800,15.23,0.04,Y,3,0
40577,26,60000,MORTGAGE,10.0,VENTURE,A,15000,7.9,0.25,N,3,0
40578,23,52000,RENT,4.0,EDUCATION,B,10000,11.89,0.19,N,2,0
40579,34,150000,OWN,5.0,VENTURE,A,7200,6.92,0.05,N,9,0
40580,29,30000,RENT,5.0,MEDICAL,B,6000,10.75,0.2,N,7,0
40581,43,65000,MORTGAGE,3.0,EDUCATION,D,10000,16.49,0.15,Y,15,0
40582,30,50000,MORTGAGE,0.0,MEDICAL,A,10000,6.92,0.2,N,9,0
40583,24,50000,RENT,0.0,DEBTCONSOLIDATION,B,7000,11.49,0.14,N,2,0
40584,27,49000,MORTGAGE,6.0,PERSONAL,A,3500,5.42,0.07,N,10,0
40585,36,120000,RENT,0.0,MEDICAL,C,12000,13.11,0.1,Y,12,0
40586,24,75000,MORTGAGE,8.0,EDUCATION,B,5000,11.83,0.07,N,4,0
40587,23,29160,RENT,2.0,PERSONAL,C,7500,13.79,0.26,Y,4,0
40588,26,45000,RENT,5.0,PERSONAL,B,10000,10.65,0.22,N,4,0
40589,25,75000,RENT,0.0,PERSONAL,A,8000,9.07,0.11,N,3,0
40590,27,58000,RENT,0.0,MEDICAL,B,24500,11.46,0.41,N,7,1
40591,26,50000,RENT,2.0,HOMEIMPROVEMENT,C,6000,14.79,0.12,N,2,0
40592,22,109000,MORTGAGE,6.0,VENTURE,A,15000,6.03,0.14,N,2,0
40593,27,70000,MORTGAGE,11.0,MEDICAL,A,10000,7.51,0.14,N,9,0
40594,26,70000,RENT,3.0,HOMEIMPROVEMENT,C,4000,13.49,0.06,N,3,0
40595,41,54996,MORTGAGE,2.0,EDUCATION,B,3500,9.62,0.07,N,13,0
40596,25,249999,MORTGAGE,9.0,DEBTCONSOLIDATION,A,25000,7.49,0.1,N,3,0
40597,24,40000,MORTGAGE,8.0,DEBTCONSOLIDATION,C,3000,13.49,0.07,N,3,0
40598,33,114000,RENT,0.0,PERSONAL,B,8000,9.45,0.07,N,6,0
40599,27,36000,OWN,2.0,VENTURE,A,5000,7.49,0.14,N,6,0
40600,23,190000,MORTGAGE,7.0,PERSONAL,A,15000,6.62,0.08,N,2,0
40601,30,60000,MORTGAGE,14.0,DEBTCONSOLIDATION,B,20000,11.49,0.33,N,10,0
40602,30,90000,RENT,4.0,DEBTCONSOLIDATION,B,24000,10.99,0.26,N,10,0
40603,22,74970,MORTGAGE,7.0,EDUCATION,A,15000,7.88,0.2,N,3,0
40604,22,52500,MORTGAGE,3.0,EDUCATION,C,7500,15.23,0.14,N,4,0
40605,30,120000,RENT,1.0,DEBTCONSOLIDATION,B,10000,10.51,0.08,N,5,0
40606,22,45000,MORTGAGE,6.0,PERSONAL,A,6000,7.51,0.13,N,2,0
40607,24,75000,MORTGAGE,8.0,HOMEIMPROVEMENT,B,3000,11.99,0.04,N,2,0
40608,39,123000,RENT,5.0,DEBTCONSOLIDATION,B,8000,12.21,0.07,N,13,0
40609,41,21600,RENT,2.0,DEBTCONSOLIDATION,A,1500,7.51,0.07,N,16,0
40610,22,45000,MORTGAGE,5.0,DEBTCONSOLIDATION,A,5000,6.99,0.11,N,2,0
40611,24,61100,RENT,7.0,EDUCATION,B,25000,11.36,0.41,N,4,1
40612,34,36000,RENT,5.0,MEDICAL,C,5000,13.99,0.14,N,10,1
40613,39,65000,RENT,0.0,DEBTCONSOLIDATION,B,24000,9.99,0.37,N,13,1
40614,29,155000,MORTGAGE,6.0,MEDICAL,B,25000,11.36,0.16,N,8,0
40615,23,150000,MORTGAGE,0.0,EDUCATION,A,21000,6.03,0.14,N,4,0
40616,25,102000,MORTGAGE,4.0,HOMEIMPROVEMENT,B,15000,10.99,0.15,N,4,0
40617,37,35000,OWN,11.0,EDUCATION,A,10400,7.66,0.3,N,13,0
40618,25,80000,MORTGAGE,4.0,PERSONAL,B,10000,10.74,0.13,N,3,0
40619,25,60000,MORTGAGE,1.0,EDUCATION,A,3500,5.79,0.06,N,3,0
40620,23,60000,RENT,5.0,EDUCATION,B,7000,11.99,0.12,N,3,0
40621,25,30000,RENT,0.0,DEBTCONSOLIDATION,B,9000,10.83,0.3,N,4,0
40622,26,132750,RENT,3.0,HOMEIMPROVEMENT,D,25000,15.31,0.18,Y,2,0
40623,27,90000,MORTGAGE,0.0,HOMEIMPROVEMENT,A,5000,5.99,0.06,N,9,0
40624,23,70000,MORTGAGE,7.0,PERSONAL,A,5000,7.29,0.07,N,3,0
40625,28,100010,MORTGAGE,13.0,MEDICAL,B,7000,10.0,0.07,N,7,0
40626,23,25000,RENT,0.0,MEDICAL,C,7000,12.68,0.28,N,4,0
40627,24,45000,RENT,1.0,HOMEIMPROVEMENT,B,5000,10.74,0.11,N,3,1
40628,21,30000,RENT,5.0,VENTURE,B,8000,10.38,0.27,N,2,0
40629,24,110000,RENT,0.0,HOMEIMPROVEMENT,B,10000,10.25,0.1,N,4,0
40630,25,40000,RENT,6.0,VENTURE,B,3000,10.74,0.07,N,2,0
40631,26,44000,MORTGAGE,10.0,EDUCATION,B,8500,8.7,0.19,N,3,0
40632,23,54000,MORTGAGE,7.0,PERSONAL,A,6000,6.03,0.11,N,4,0
40633,24,80000,MORTGAGE,6.0,PERSONAL,B,20000,11.36,0.25,N,2,0
40634,26,68000,MORTGAGE,10.0,EDUCATION,A,3500,7.49,0.05,N,2,0
40635,33,53000,OWN,6.0,VENTURE,A,3000,7.51,0.06,N,7,0
40636,27,82500,MORTGAGE,3.0,DEBTCONSOLIDATION,A,10000,7.49,0.12,N,5,0
40637,33,57700,RENT,3.0,MEDICAL,D,10600,14.91,0.17,Y,6,1
40638,23,60000,RENT,4.0,DEBTCONSOLIDATION,A,10000,7.66,0.17,N,4,0
40639,24,134000,RENT,8.0,PERSONAL,D,25000,16.07,0.19,Y,4,0
40640,27,138000,RENT,4.0,DEBTCONSOLIDATION,E,5000,16.35,0.04,N,10,1
40641,29,32000,RENT,1.0,VENTURE,C,6000,13.49,0.19,Y,6,0
40642,27,72000,RENT,9.0,EDUCATION,B,5000,11.11,0.07,N,8,0
40643,21,29004,RENT,5.0,MEDICAL,C,5600,13.49,0.19,N,2,0
40644,29,54000,MORTGAGE,13.0,DEBTCONSOLIDATION,A,13500,7.49,0.25,N,8,0
40645,21,40000,RENT,5.0,EDUCATION,A,8000,7.51,0.2,N,3,0
40646,31,58656,OWN,0.0,HOMEIMPROVEMENT,C,8000,12.84,0.14,Y,6,0
40647,36,20000,RENT,4.0,VENTURE,B,5000,10.65,0.25,N,14,0
40648,23,60000,MORTGAGE,4.0,EDUCATION,D,10000,14.96,0.17,N,2,0
40649,24,72800,MORTGAGE,8.0,PERSONAL,C,11200,13.79,0.15,N,3,0
40650,24,24000,RENT,3.0,EDUCATION,A,2100,7.68,0.09,N,2,0
40651,29,84000,MORTGAGE,6.0,DEBTCONSOLIDATION,A,10000,7.51,0.12,N,9,0
40652,22,24600,RENT,0.0,PERSONAL,C,5500,13.61,0.23,Y,2,0
40653,23,40000,MORTGAGE,2.0,VENTURE,B,2000,10.99,0.05,N,3,0
40654,45,48000,OWN,11.0,PERSONAL,A,5400,7.49,0.11,N,12,0
40655,21,47000,RENT,5.0,EDUCATION,B,5000,11.99,0.11,N,2,0
40656,23,42000,RENT,2.0,EDUCATION,B,4000,10.59,0.1,N,2,0
40657,29,97000,MORTGAGE,1.0,HOMEIMPROVEMENT,A,12000,7.9,0.12,N,10,0
40658,22,42000,RENT,1.0,VENTURE,C,8000,13.22,0.19,Y,2,0
40659,41,53532,MORTGAGE,18.0,EDUCATION,D,16000,15.33,0.29,N,16,0
40660,26,95000,MORTGAGE,1.0,PERSONAL,C,15000,13.16,0.16,N,4,0
40661,35,70000,RENT,3.0,DEBTCONSOLIDATION,D,3600,15.28,0.05,Y,8,1
40662,27,38000,MORTGAGE,11.0,PERSONAL,A,10000,7.14,0.26,N,8,0
40663,24,75000,RENT,4.0,HOMEIMPROVEMENT,A,10000,7.51,0.13,N,3,0
40664,36,40000,RENT,3.0,EDUCATION,A,3250,6.92,0.08,N,15,0
40665,26,85000,RENT,3.0,VENTURE,B,6000,12.18,0.07,N,2,0
40666,25,130000,RENT,4.0,EDUCATION,B,2400,9.91,0.02,N,2,0
40667,25,107000,RENT,0.0,VENTURE,B,10000,10.99,0.09,N,3,0
40668,26,70000,MORTGAGE,0.0,VENTURE,A,8500,5.79,0.12,N,3,0
40669,22,49000,RENT,3.0,VENTURE,D,16000,14.09,0.33,N,2,1
40670,25,45000,MORTGAGE,3.0,HOMEIMPROVEMENT,A,3000,8.94,0.07,N,2,0
40671,26,50000,RENT,8.0,HOMEIMPROVEMENT,A,6000,8.63,0.12,N,2,0
40672,27,97000,MORTGAGE,7.0,HOMEIMPROVEMENT,C,8000,13.85,0.08,Y,7,0
40673,23,48000,RENT,4.0,DEBTCONSOLIDATION,B,15000,10.99,0.33,N,2,1
40674,26,70000,MORTGAGE,10.0,DEBTCONSOLIDATION,A,10000,7.51,0.14,N,2,0
40675,29,60000,MORTGAGE,9.0,PERSONAL,A,9600,7.88,0.16,N,5,0
40676,22,48000,RENT,0.0,MEDICAL,A,12000,8.94,0.25,N,2,0
40677,35,42000,RENT,0.0,EDUCATION,B,12000,10.99,0.29,N,10,0
40678,32,54000,RENT,2.0,VENTURE,C,5500,12.61,0.1,N,9,0
40679,25,66000,RENT,9.0,EDUCATION,D,25000,15.7,0.38,N,3,1
40680,28,24000,RENT,1.0,EDUCATION,A,10000,7.51,0.42,N,7,1
40681,30,65000,MORTGAGE,14.0,MEDICAL,A,2000,6.99,0.03,N,9,0
40682,25,69000,MORTGAGE,1.0,HOMEIMPROVEMENT,C,1000,13.99,0.01,N,4,0
40683,28,55000,MORTGAGE,3.0,MEDICAL,A,6000,6.03,0.11,N,6,0
40684,28,96000,MORTGAGE,8.0,PERSONAL,B,7000,9.91,0.07,N,9,0
40685,35,74000,RENT,15.0,EDUCATION,C,15000,12.68,0.2,N,5,0
40686,31,77300,RENT,3.0,HOMEIMPROVEMENT,B,2500,10.62,0.03,N,7,0
40687,33,99000,OWN,2.0,MEDICAL,A,8000,7.14,0.08,N,7,0
40688,23,56000,RENT,4.0,EDUCATION,A,12000,7.88,0.21,N,3,0
40689,26,139992,MORTGAGE,0.0,HOMEIMPROVEMENT,C,20000,13.43,0.14,Y,2,0
40690,35,54000,MORTGAGE,5.0,VENTURE,A,6000,7.14,0.11,N,7,0
40691,28,65000,MORTGAGE,5.0,HOMEIMPROVEMENT,A,7000,5.79,0.11,N,7,0
40692,23,65000,RENT,1.0,EDUCATION,A,4000,7.88,0.06,N,4,0
40693,34,90000,RENT,5.0,VENTURE,B,10000,11.12,0.11,N,7,0
40694,23,52000,RENT,4.0,DEBTCONSOLIDATION,B,4500,12.69,0.09,N,4,0
40695,22,30000,RENT,3.0,HOMEIMPROVEMENT,C,3600,13.43,0.12,N,2,1
40696,28,102000,RENT,11.0,VENTURE,B,18000,10.0,0.18,N,10,0
40697,29,100000,MORTGAGE,0.0,MEDICAL,B,14000,10.37,0.14,N,8,0
40698,22,45000,RENT,4.0,MEDICAL,B,15000,10.25,0.33,N,4,1
40699,29,74800,OWN,3.0,DEBTCONSOLIDATION,E,24000,16.45,0.29,Y,6,1
40700,23,120000,MORTGAGE,0.0,PERSONAL,A,15000,8.94,0.13,N,2,0
40701,29,40000,RENT,2.0,DEBTCONSOLIDATION,A,6000,8.9,0.15,N,10,0
40702,23,56000,RENT,8.0,MEDICAL,B,1500,11.86,0.03,N,2,0
40703,27,57996,RENT,4.0,MEDICAL,D,15000,15.21,0.26,N,6,1
40704,21,55000,OWN,5.0,VENTURE,A,6000,7.51,0.11,N,4,0
40705,33,40000,RENT,6.0,DEBTCONSOLIDATION,A,6000,6.17,0.15,N,6,0
40706,34,42000,RENT,1.0,PERSONAL,A,4200,7.37,0.1,N,9,0
40707,22,36000,RENT,4.0,VENTURE,B,12000,11.49,0.33,N,4,1
40708,28,54000,RENT,12.0,HOMEIMPROVEMENT,B,20000,9.91,0.36,N,5,1
40709,39,175000,RENT,2.0,VENTURE,A,12000,7.49,0.07,N,12,0
40710,24,36000,RENT,8.0,EDUCATION,B,5000,9.99,0.14,N,3,0
40711,22,28000,RENT,1.0,VENTURE,C,4000,12.53,0.14,N,4,0
40712,34,33996,RENT,0.0,MEDICAL,A,3000,6.76,0.09,N,6,0
40713,23,48000,RENT,7.0,EDUCATION,B,3000,11.71,0.06,N,2,0
40714,37,26000,RENT,4.0,MEDICAL,B,6500,10.99,0.25,N,17,0
40715,22,30000,RENT,4.0,EDUCATION,C,4000,13.92,0.13,Y,2,0
40716,25,45000,RENT,0.0,MEDICAL,C,6800,13.79,0.15,Y,2,0
40717,23,75000,RENT,7.0,EDUCATION,B,24000,9.25,0.32,N,3,1
40718,24,53000,RENT,4.0,HOMEIMPROVEMENT,A,12000,6.17,0.23,N,3,0
40719,30,65000,RENT,14.0,DEBTCONSOLIDATION,B,6000,10.65,0.09,N,7,0
40720,26,99000,MORTGAGE,10.0,HOMEIMPROVEMENT,B,5000,11.49,0.06,N,4,0
40721,22,30000,MORTGAGE,0.0,VENTURE,C,6400,13.47,0.21,N,4,0
40722,23,70000,MORTGAGE,1.0,VENTURE,B,5000,11.12,0.07,N,4,0
40723,25,42000,RENT,9.0,PERSONAL,A,6000,6.99,0.14,N,3,0
40724,23,31200,RENT,4.0,EDUCATION,A,3200,7.88,0.1,N,3,0
40725,29,80000,MORTGAGE,6.0,PERSONAL,B,5600,10.74,0.07,N,9,0
40726,22,114000,MORTGAGE,0.0,MEDICAL,B,8000,11.86,0.07,N,2,0
40727,21,52800,RENT,0.0,PERSONAL,A,3000,7.68,0.06,N,2,0
40728,29,70000,RENT,3.0,HOMEIMPROVEMENT,B,6000,10.59,0.09,N,6,0
40729,26,122500,MORTGAGE,7.0,VENTURE,D,9100,15.62,0.07,Y,2,0
40730,23,100000,MORTGAGE,7.0,EDUCATION,C,5000,12.99,0.05,Y,4,0
40731,23,32004,RENT,7.0,PERSONAL,C,5500,14.17,0.17,N,3,0
40732,24,43288,RENT,3.0,EDUCATION,B,10000,10.0,0.23,N,2,0
40733,27,55000,MORTGAGE,0.0,VENTURE,A,7500,6.91,0.14,N,10,0
40734,29,50000,OWN,9.0,PERSONAL,B,4600,10.99,0.09,N,10,0
40735,25,78000,RENT,3.0,MEDICAL,B,16000,10.99,0.21,N,3,0
40736,27,60000,MORTGAGE,11.0,VENTURE,A,16000,7.51,0.27,N,7,0
40737,23,36000,RENT,3.0,MEDICAL,C,8000,14.72,0.22,N,3,0
40738,24,48000,RENT,2.0,MEDICAL,C,1500,13.79,0.03,Y,3,0
40739,24,38004,RENT,2.0,PERSONAL,B,6000,12.21,0.16,N,2,0
40740,37,24000,RENT,5.0,MEDICAL,B,6000,11.49,0.25,N,14,0
40741,23,43896,RENT,4.0,EDUCATION,B,17500,12.53,0.38,N,2,1
40742,22,65000,RENT,4.0,EDUCATION,D,10000,16.89,0.15,N,2,0
40743,30,51000,RENT,9.0,MEDICAL,B,6000,12.69,0.12,N,6,0
40744,25,50004,RENT,3.0,MEDICAL,B,20000,11.36,0.4,N,2,1
40745,28,30000,RENT,4.0,MEDICAL,A,7500,8.32,0.25,N,6,0
40746,22,51600,MORTGAGE,6.0,VENTURE,A,13800,6.99,0.26,N,3,0
40747,27,33600,RENT,1.0,MEDICAL,B,4000,11.86,0.12,N,8,0
40748,23,58000,MORTGAGE,5.0,PERSONAL,A,4500,6.76,0.08,N,2,0
40749,23,45000,RENT,4.0,PERSONAL,B,11000,10.59,0.24,N,2,0
40750,22,38400,MORTGAGE,7.0,PERSONAL,A,8000,8.9,0.21,N,2,0
40751,22,60000,RENT,2.0,EDUCATION,B,6000,10.65,0.1,N,3,0
40752,30,250000,MORTGAGE,14.0,PERSONAL,A,10000,7.49,0.04,N,9,0
40753,28,50000,RENT,4.0,PERSONAL,C,3000,13.61,0.06,Y,6,0
40754,26,38244,RENT,6.0,PERSONAL,A,10000,9.63,0.26,N,4,0
40755,40,69000,RENT,2.0,HOMEIMPROVEMENT,D,25000,15.95,0.36,N,16,1
40756,26,70000,MORTGAGE,6.0,VENTURE,B,6000,11.36,0.09,N,2,0
40757,44,54000,MORTGAGE,5.0,MEDICAL,A,10000,9.63,0.19,N,14,0
40758,22,70000,MORTGAGE,1.0,EDUCATION,A,1000,7.4,0.01,N,4,0
40759,24,55000,MORTGAGE,8.0,DEBTCONSOLIDATION,A,8000,7.14,0.15,N,3,0
40760,22,39996,RENT,6.0,MEDICAL,B,10000,10.37,0.25,N,4,0
40761,23,71400,RENT,1.0,MEDICAL,E,17600,17.19,0.21,Y,4,1
40762,29,102000,MORTGAGE,13.0,VENTURE,A,6000,7.88,0.06,N,8,0
40763,25,75600,MORTGAGE,9.0,EDUCATION,C,10000,13.22,0.13,Y,4,0
40764,36,61200,MORTGAGE,5.0,MEDICAL,E,16000,16.45,0.22,N,11,1
40765,23,85000,RENT,7.0,MEDICAL,B,10000,10.37,0.12,N,4,0
40766,23,26000,OWN,1.0,MEDICAL,B,5000,10.99,0.19,N,4,0
40767,22,20000,RENT,2.0,MEDICAL,B,2400,11.86,0.13,N,3,0
40768,24,80000,MORTGAGE,7.0,HOMEIMPROVEMENT,B,15000,10.59,0.19,N,3,0
40769,22,45000,RENT,0.0,EDUCATION,A,5000,6.54,0.11,N,3,0
40770,27,44000,RENT,3.0,MEDICAL,D,3600,15.62,0.08,N,9,1
40771,22,30000,OWN,0.0,EDUCATION,B,12200,11.14,0.41,N,3,0
40772,24,65004,MORTGAGE,8.0,PERSONAL,A,4000,7.88,0.06,N,4,0
40773,22,53808,OWN,6.0,EDUCATION,A,6000,8.9,0.11,N,3,0
40774,27,26400,RENT,0.0,MEDICAL,A,9600,6.62,0.36,N,9,1
40775,27,82863,RENT,4.0,PERSONAL,B,14000,11.49,0.16,N,6,0
40776,23,95000,MORTGAGE,2.0,EDUCATION,A,10000,7.88,0.11,N,3,0
40777,27,72000,MORTGAGE,6.0,HOMEIMPROVEMENT,A,6000,5.42,0.08,N,10,0
40778,34,38000,RENT,3.0,MEDICAL,B,5400,9.91,0.14,N,10,0
40779,27,42000,RENT,2.0,DEBTCONSOLIDATION,A,9000,9.63,0.21,N,6,0
40780,23,21600,RENT,7.0,EDUCATION,C,4500,13.49,0.21,Y,3,0
40781,22,71500,MORTGAGE,2.0,DEBTCONSOLIDATION,B,5000,12.18,0.07,N,2,0
40782,21,32000,RENT,5.0,PERSONAL,C,1500,14.35,0.05,Y,4,0
40783,27,90000,RENT,3.0,HOMEIMPROVEMENT,B,7500,11.86,0.08,N,7,0
40784,31,100000,MORTGAGE,11.0,HOMEIMPROVEMENT,A,12000,7.88,0.12,N,7,0
40785,25,53000,MORTGAGE,9.0,HOMEIMPROVEMENT,B,5000,11.49,0.09,N,4,0
40786,33,29500,MORTGAGE,1.0,VENTURE,A,7000,7.9,0.24,N,6,0
40787,24,100000,MORTGAGE,5.0,PERSONAL,B,20000,11.48,0.2,N,4,0
40788,27,70000,MORTGAGE,11.0,VENTURE,A,4000,7.9,0.06,N,9,0
40789,21,44760,MORTGAGE,2.0,MEDICAL,A,14400,7.51,0.32,N,4,0
40790,23,60000,RENT,7.0,VENTURE,B,5000,10.65,0.08,N,3,0
40791,43,72000,MORTGAGE,3.0,HOMEIMPROVEMENT,C,5000,12.99,0.07,N,16,0
40792,27,60000,RENT,4.0,HOMEIMPROVEMENT,B,14000,10.75,0.23,N,6,0
40793,22,113000,MORTGAGE,6.0,DEBTCONSOLIDATION,D,24000,15.21,0.21,N,3,1
40794,23,55000,MORTGAGE,7.0,VENTURE,A,7500,8.94,0.14,N,2,0
40795,21,40000,RENT,2.0,EDUCATION,A,5000,7.74,0.13,N,4,0
40796,23,51996,MORTGAGE,8.0,EDUCATION,A,9600,6.03,0.18,N,3,0
40797,22,48000,RENT,6.0,EDUCATION,A,4000,7.75,0.08,N,4,0
40798,23,46000,RENT,2.0,PERSONAL,D,6000,15.99,0.13,Y,2,1
40799,27,65000,MORTGAGE,4.0,EDUCATION,B,6000,10.99,0.09,N,10,0
40800,23,52500,MORTGAGE,7.0,EDUCATION,A,7200,6.92,0.13,N,3,0
40801,21,35000,RENT,5.0,VENTURE,B,5000,11.71,0.14,N,4,0
40802,22,34000,RENT,0.0,DEBTCONSOLIDATION,B,10000,11.71,0.29,N,4,1
40803,26,50000,MORTGAGE,0.0,PERSONAL,A,8000,7.14,0.16,N,4,0
40804,22,62004,MORTGAGE,3.0,EDUCATION,B,3500,10.37,0.06,N,3,0
40805,31,250000,MORTGAGE,2.0,EDUCATION,A,25000,6.62,0.1,N,8,0
40806,32,75000,RENT,4.0,VENTURE,B,10000,11.49,0.13,N,9,0
40807,28,48000,RENT,2.0,DEBTCONSOLIDATION,B,5000,11.86,0.1,N,5,0
40808,27,35000,RENT,1.0,VENTURE,B,10000,10.99,0.29,N,5,0
40809,23,70000,RENT,1.0,VENTURE,B,10000,9.63,0.14,N,4,0
40810,26,100000,MORTGAGE,3.0,HOMEIMPROVEMENT,A,12000,7.51,0.12,N,2,0
40811,29,30000,RENT,2.0,DEBTCONSOLIDATION,D,1925,15.28,0.06,Y,8,1
40812,26,35000,RENT,0.0,VENTURE,C,2000,14.26,0.06,Y,2,0
40813,29,30000,OWN,1.0,PERSONAL,B,3000,11.89,0.1,N,5,0
40814,22,40000,RENT,0.0,EDUCATION,C,5000,14.22,0.13,Y,2,0
40815,30,93000,MORTGAGE,14.0,VENTURE,B,25000,11.12,0.27,N,8,0
40816,40,170000,MORTGAGE,1.0,HOMEIMPROVEMENT,C,21000,14.72,0.12,N,12,0
40817,36,40000,RENT,3.0,MEDICAL,B,12000,11.11,0.3,N,16,0
40818,23,65004,MORTGAGE,0.0,EDUCATION,D,20000,15.05,0.31,Y,2,0
40819,25,85000,MORTGAGE,9.0,HOMEIMPROVEMENT,C,20000,12.87,0.24,N,4,0
40820,24,70000,MORTGAGE,8.0,MEDICAL,B,8000,11.86,0.11,N,2,0
40821,24,53000,OWN,2.0,HOMEIMPROVEMENT,D,8000,14.96,0.15,Y,4,0
40822,22,54000,RENT,0.0,EDUCATION,D,16000,15.57,0.3,Y,2,1
40823,33,45000,MORTGAGE,0.0,DEBTCONSOLIDATION,A,7000,8.0,0.16,N,5,0
40824,27,100000,MORTGAGE,11.0,MEDICAL,A,12000,6.03,0.12,N,8,0
40825,25,90000,MORTGAGE,1.0,HOMEIMPROVEMENT,A,21000,6.17,0.23,N,3,0
40826,23,75000,MORTGAGE,0.0,VENTURE,A,10000,6.03,0.13,N,2,0
40827,26,42000,MORTGAGE,10.0,VENTURE,C,15000,13.99,0.36,Y,3,0
40828,26,44000,RENT,3.0,VENTURE,D,1000,16.77,0.02,Y,3,1
40829,22,48000,RENT,1.0,EDUCATION,B,1500,11.46,0.03,N,4,0
40830,22,60000,MORTGAGE,0.0,VENTURE,B,10000,12.21,0.17,N,2,0
40831,24,12000,RENT,0.0,PERSONAL,C,1600,13.11,0.15,N,2,0
40832,24,90000,OWN,7.0,PERSONAL,B,12000,10.99,0.13,N,3,0
40833,23,34000,RENT,2.0,VENTURE,D,10000,14.96,0.29,Y,4,1
40834,23,85000,MORTGAGE,7.0,PERSONAL,B,10000,10.99,0.12,N,3,0
40835,33,41000,RENT,2.0,MEDICAL,A,7000,6.92,0.17,N,8,0
40836,22,50000,MORTGAGE,1.0,MEDICAL,C,6300,13.72,0.13,N,4,0
40837,25,30000,RENT,3.0,DEBTCONSOLIDATION,B,4000,11.86,0.13,N,2,0
40838,23,48000,OWN,7.0,PERSONAL,D,1000,15.37,0.02,N,4,0
40839,43,56880,MORTGAGE,8.0,PERSONAL,A,8800,7.88,0.15,N,17,0
40840,35,31000,RENT,2.0,VENTURE,B,15075,10.74,0.49,N,5,1
40841,23,25000,RENT,7.0,PERSONAL,A,6000,5.42,0.24,N,4,0
40842,23,118000,MORTGAGE,7.0,DEBTCONSOLIDATION,B,4800,10.99,0.04,N,3,0
40843,29,65000,MORTGAGE,3.0,DEBTCONSOLIDATION,B,14000,9.88,0.22,N,9,0
40844,53,65000,OWN,0.0,PERSONAL,A,6000,7.29,0.09,N,21,0
40845,32,41100,OWN,2.0,VENTURE,B,17500,12.42,0.42,N,10,0
40846,27,40000,RENT,1.0,PERSONAL,B,14000,11.99,0.35,N,5,1
40847,27,100000,MORTGAGE,11.0,HOMEIMPROVEMENT,A,12000,6.03,0.12,N,8,0
40848,25,95000,RENT,2.0,EDUCATION,C,8000,12.99,0.08,N,4,0
40849,28,75000,MORTGAGE,5.0,PERSONAL,A,10250,7.88,0.14,N,10,0
40850,22,70000,MORTGAGE,3.0,VENTURE,C,3000,14.79,0.04,N,2,0
40851,25,58000,RENT,0.0,MEDICAL,B,16000,10.99,0.29,N,3,0
40852,22,50496,MORTGAGE,2.0,MEDICAL,B,3000,9.63,0.06,N,3,0
40853,30,96000,MORTGAGE,5.0,EDUCATION,C,10000,14.79,0.1,Y,8,0
40854,27,38000,MORTGAGE,11.0,DEBTCONSOLIDATION,B,4800,10.37,0.13,N,10,0
40855,22,60000,MORTGAGE,6.0,EDUCATION,A,2500,6.76,0.04,N,4,0
40856,29,70000,MORTGAGE,3.0,MEDICAL,B,4000,10.99,0.06,N,7,0
40857,30,48500,RENT,1.0,VENTURE,E,4500,15.57,0.09,N,8,1
40858,22,33000,RENT,3.0,MEDICAL,C,12000,13.49,0.36,N,4,1
40859,36,42000,RENT,0.0,PERSONAL,D,8400,15.2,0.2,Y,14,1
40860,24,100000,RENT,4.0,HOMEIMPROVEMENT,C,15000,12.04,0.15,N,3,0
40861,31,75000,RENT,6.0,HOMEIMPROVEMENT,C,15000,13.61,0.19,N,7,0
40862,36,35000,MORTGAGE,4.0,VENTURE,A,6000,8.59,0.17,N,17,0
40863,22,60000,RENT,4.0,PERSONAL,C,5600,13.49,0.09,N,4,0
40864,23,60000,MORTGAGE,7.0,VENTURE,C,8000,13.61,0.13,Y,2,0
40865,24,65000,RENT,0.0,DEBTCONSOLIDATION,A,12000,8.9,0.18,N,2,0
40866,28,66480,MORTGAGE,3.0,MEDICAL,C,3000,14.79,0.04,Y,10,0
40867,27,70000,RENT,2.0,PERSONAL,B,15000,11.83,0.21,N,7,0
40868,31,37000,RENT,2.0,VENTURE,A,7000,7.88,0.19,N,9,0
40869,27,54000,MORTGAGE,0.0,HOMEIMPROVEMENT,C,3000,14.27,0.06,Y,8,0
40870,23,72000,MORTGAGE,7.0,DEBTCONSOLIDATION,B,6000,10.65,0.08,N,3,0
40871,27,75000,MORTGAGE,4.0,HOMEIMPROVEMENT,A,10000,7.88,0.13,N,9,0
40872,30,72000,RENT,5.0,MEDICAL,A,15000,7.88,0.21,N,6,0
40873,33,42000,RENT,2.0,MEDICAL,A,15000,7.66,0.36,N,6,1
40874,23,62000,MORTGAGE,3.0,EDUCATION,A,6000,5.79,0.1,N,3,0
40875,23,44000,RENT,7.0,EDUCATION,D,10000,14.74,0.23,N,4,0
40876,22,65004,MORTGAGE,5.0,VENTURE,B,20000,10.36,0.31,N,2,0
40877,31,60000,MORTGAGE,6.0,VENTURE,B,10000,12.42,0.17,N,9,0
40878,21,82000,RENT,5.0,VENTURE,B,8000,11.36,0.1,N,3,0
40879,30,85000,MORTGAGE,7.0,EDUCATION,A,1000,8.59,0.01,N,8,0
40880,22,45000,RENT,0.0,EDUCATION,C,5000,13.79,0.11,Y,2,0
40881,43,100000,MORTGAGE,5.0,HOMEIMPROVEMENT,A,5000,6.99,0.05,N,16,0
40882,40,70000,OWN,11.0,HOMEIMPROVEMENT,C,8000,13.61,0.11,N,15,0
40883,25,50000,RENT,3.0,DEBTCONSOLIDATION,C,5000,12.73,0.1,N,3,0
40884,27,60000,RENT,1.0,DEBTCONSOLIDATION,C,5000,13.99,0.08,Y,10,0
40885,25,37200,RENT,0.0,PERSONAL,C,7000,14.27,0.19,N,4,0
40886,27,120000,RENT,7.0,VENTURE,B,12000,10.65,0.1,N,9,0
40887,31,52000,OWN,6.0,VENTURE,C,10000,13.49,0.19,N,8,0
40888,28,85000,MORTGAGE,9.0,EDUCATION,B,6000,8.88,0.07,N,7,0
40889,29,125000,MORTGAGE,9.0,DEBTCONSOLIDATION,B,4000,11.49,0.03,N,7,0
40890,53,60000,MORTGAGE,3.0,PERSONAL,A,12000,8.94,0.2,N,26,0
40891,34,55000,RENT,4.0,VENTURE,A,15000,6.54,0.27,N,5,0
40892,24,51600,RENT,5.0,EDUCATION,B,10800,10.99,0.21,N,4,0
40893,25,80000,MORTGAGE,9.0,VENTURE,A,5000,7.9,0.06,N,3,0
40894,25,100000,MORTGAGE,4.0,VENTURE,D,25000,15.58,0.25,Y,3,0
40895,27,85000,MORTGAGE,6.0,PERSONAL,B,12000,9.88,0.14,N,9,0
40896,29,45000,MORTGAGE,13.0,PERSONAL,B,13400,11.26,0.31,N,10,0
40897,26,34000,RENT,4.0,PERSONAL,B,8500,11.83,0.25,N,3,0
40898,22,45000,RENT,2.0,MEDICAL,C,16750,14.22,0.38,N,4,1
40899,27,50000,RENT,3.0,DEBTCONSOLIDATION,B,4000,10.37,0.08,N,6,0
40900,21,48000,RENT,0.0,EDUCATION,C,10000,13.49,0.21,N,3,0
40901,27,125000,RENT,6.0,PERSONAL,D,24000,16.77,0.19,Y,10,0
40902,25,28896,RENT,5.0,PERSONAL,B,9600,10.59,0.34,N,2,1
40903,27,60000,RENT,3.0,EDUCATION,A,6000,8.9,0.1,N,8,0
40904,27,60000,RENT,7.0,PERSONAL,C,12000,12.84,0.2,N,7,0
40905,27,54000,RENT,11.0,EDUCATION,C,6000,14.27,0.11,Y,7,1
40906,25,90000,MORTGAGE,9.0,PERSONAL,B,6000,10.25,0.07,N,4,0
40907,33,75000,MORTGAGE,2.0,EDUCATION,B,3600,12.69,0.05,N,5,0
40908,27,115000,MORTGAGE,2.0,PERSONAL,A,12000,6.62,0.11,N,10,0
40909,33,91800,MORTGAGE,7.0,MEDICAL,C,8400,14.65,0.08,Y,7,1
40910,27,30000,MORTGAGE,5.0,MEDICAL,B,6000,11.14,0.2,N,10,0
40911,34,35000,MORTGAGE,5.0,MEDICAL,B,4000,9.25,0.11,N,6,0
40912,23,50000,MORTGAGE,3.0,VENTURE,A,3500,6.03,0.07,N,2,0
40913,25,40000,RENT,1.0,MEDICAL,A,5000,6.92,0.13,N,4,0
40914,26,60000,MORTGAGE,2.0,VENTURE,A,10000,6.54,0.17,N,2,0
40915,26,120000,MORTGAGE,3.0,VENTURE,A,12000,7.29,0.1,N,2,0
40916,29,45000,RENT,1.0,DEBTCONSOLIDATION,B,10000,9.88,0.22,N,10,0
40917,24,95000,RENT,3.0,HOMEIMPROVEMENT,D,12000,14.61,0.13,Y,3,0
40918,31,42000,RENT,2.0,MEDICAL,C,6400,12.87,0.15,Y,5,0
40919,32,60000,RENT,0.0,MEDICAL,A,6200,8.59,0.1,N,9,0
40920,33,95000,RENT,1.0,PERSONAL,A,4000,7.29,0.04,N,10,0
40921,25,109500,MORTGAGE,7.0,HOMEIMPROVEMENT,B,18000,10.25,0.16,N,2,0
40922,26,62500,RENT,4.0,EDUCATION,D,12000,16.77,0.19,Y,3,0
40923,22,45000,MORTGAGE,2.0,EDUCATION,B,5000,11.89,0.11,N,4,0
40924,24,30000,RENT,2.0,VENTURE,D,10000,15.65,0.33,N,3,1
40925,22,40000,RENT,5.0,MEDICAL,A,10000,7.14,0.25,N,2,0
40926,31,110000,MORTGAGE,15.0,MEDICAL,B,6000,10.99,0.05,N,6,0
40927,27,60000,MORTGAGE,4.0,PERSONAL,C,12000,13.49,0.2,Y,10,0
40928,29,125000,RENT,5.0,MEDICAL,A,16800,6.91,0.14,N,10,0
40929,33,44500,RENT,4.0,EDUCATION,A,10000,8.63,0.22,N,9,0
40930,28,50000,MORTGAGE,0.0,PERSONAL,B,18000,9.88,0.36,N,9,0
40931,28,53595,OWN,4.0,PERSONAL,B,6000,12.18,0.11,N,8,0
40932,23,153000,RENT,7.0,DEBTCONSOLIDATION,A,16800,7.88,0.11,N,3,0
40933,40,38000,RENT,1.0,EDUCATION,B,1000,10.95,0.03,N,11,0
40934,37,70000,MORTGAGE,8.0,VENTURE,A,12000,7.29,0.17,N,17,0
40935,27,80000,RENT,1.0,VENTURE,C,15000,13.16,0.19,Y,9,0
40936,32,56000,RENT,0.0,EDUCATION,C,14000,13.35,0.25,N,5,0
40937,23,50000,OWN,7.0,VENTURE,B,3000,11.12,0.06,N,4,0
40938,22,40000,RENT,6.0,EDUCATION,A,5000,6.62,0.13,N,3,0
40939,21,45000,RENT,5.0,EDUCATION,A,9000,5.79,0.2,N,2,0
40940,26,55000,RENT,1.0,EDUCATION,B,12000,9.91,0.22,N,2,0
40941,25,30000,RENT,6.0,MEDICAL,D,3000,16.07,0.1,N,2,1
40942,31,27600,RENT,3.0,VENTURE,A,3000,7.51,0.11,N,6,0
40943,29,35000,RENT,1.0,MEDICAL,C,6000,12.68,0.17,N,5,0
40944,30,43920,RENT,2.0,DEBTCONSOLIDATION,B,15000,10.37,0.34,N,6,1
40945,22,37000,RENT,1.0,MEDICAL,C,7500,13.92,0.2,N,4,0
40946,36,60000,MORTGAGE,1.0,VENTURE,C,15000,12.53,0.25,Y,17,0
40947,28,35000,RENT,2.0,EDUCATION,A,3000,7.88,0.09,N,9,0
40948,27,108000,MORTGAGE,0.0,HOMEIMPROVEMENT,A,35000,7.9,0.32,N,7,0
40949,22,41892,RENT,6.0,VENTURE,A,11300,7.51,0.27,N,2,0
40950,29,70000,RENT,6.0,MEDICAL,C,4000,13.98,0.06,Y,8,0
40951,27,140000,MORTGAGE,12.0,HOMEIMPROVEMENT,A,15000,6.03,0.11,N,8,0
40952,25,45000,MORTGAGE,2.0,VENTURE,A,3000,6.17,0.07,N,3,0
40953,22,30000,RENT,3.0,EDUCATION,E,4000,18.64,0.13,N,2,1
40954,23,62000,RENT,3.0,MEDICAL,A,8400,7.29,0.14,N,2,0
40955,23,39000,RENT,3.0,PERSONAL,A,15000,6.99,0.38,N,2,1
40956,24,110000,MORTGAGE,0.0,MEDICAL,B,8000,12.18,0.07,N,2,0
40957,25,106000,RENT,0.0,MEDICAL,B,3200,9.99,0.03,N,4,0
40958,24,100000,RENT,3.0,DEBTCONSOLIDATION,C,11000,13.11,0.11,Y,2,0
40959,23,45000,RENT,7.0,EDUCATION,B,10000,11.71,0.22,N,4,0
40960,34,80000,MORTGAGE,4.0,VENTURE,A,3500,8.94,0.04,N,9,0
40961,24,51000,OWN,8.0,EDUCATION,B,1000,10.37,0.02,N,2,0
40962,35,65000,RENT,0.0,EDUCATION,A,3000,5.42,0.05,N,7,0
40963,30,40000,RENT,8.0,EDUCATION,A,7000,7.9,0.17,N,6,0
40964,22,50000,MORTGAGE,0.0,EDUCATION,A,3600,8.59,0.07,N,2,0
40965,42,35010,MORTGAGE,4.0,MEDICAL,A,4800,8.9,0.14,N,4,0
40966,26,49000,RENT,3.0,MEDICAL,C,11600,12.99,0.23,N,3,0
40967,25,150000,RENT,4.0,MEDICAL,A,10000,5.42,0.07,N,2,0
40968,37,60000,RENT,3.0,DEBTCONSOLIDATION,A,18000,8.49,0.3,N,14,0
40969,25,95000,MORTGAGE,1.0,MEDICAL,B,8000,12.21,0.08,N,2,0
40970,26,46000,MORTGAGE,10.0,DEBTCONSOLIDATION,A,7775,5.99,0.17,N,2,0
40971,25,60000,MORTGAGE,9.0,MEDICAL,E,10000,16.0,0.17,N,4,1
40972,24,54996,RENT,8.0,MEDICAL,C,20000,13.23,0.37,Y,2,1
40973,42,85000,MORTGAGE,3.0,VENTURE,D,6500,12.67,0.08,N,14,0
40974,37,45336,MORTGAGE,12.0,VENTURE,D,1800,15.21,0.04,N,12,0
40975,23,24000,OWN,1.0,MEDICAL,C,4000,15.27,0.17,N,3,0
40976,30,140000,MORTGAGE,12.0,MEDICAL,B,8000,10.0,0.06,N,8,0
40977,33,44000,RENT,5.0,PERSONAL,B,10000,10.62,0.23,N,10,0
40978,24,54000,MORTGAGE,5.0,VENTURE,A,9600,6.62,0.18,N,3,0
40979,28,75000,MORTGAGE,12.0,VENTURE,B,15000,9.88,0.2,N,9,0
40980,23,28000,RENT,1.0,EDUCATION,B,2500,11.99,0.09,N,2,0
40981,25,54000,RENT,3.0,DEBTCONSOLIDATION,B,8000,12.18,0.15,N,3,0
40982,31,95327,OWN,4.0,VENTURE,A,4325,7.74,0.05,N,10,0
40983,43,37000,RENT,0.0,MEDICAL,A,9600,5.99,0.26,N,17,0
40984,21,24000,OWN,2.0,PERSONAL,C,7200,12.87,0.31,N,2,1
40985,24,54000,RENT,4.0,DEBTCONSOLIDATION,B,5200,9.63,0.1,N,2,0
40986,53,47000,RENT,5.0,MEDICAL,D,16250,14.96,0.35,N,23,1
40987,35,77000,MORTGAGE,9.0,DEBTCONSOLIDATION,C,15000,13.49,0.19,N,10,0
40988,24,150000,MORTGAGE,0.0,PERSONAL,B,15000,11.48,0.1,N,3,0
40989,47,100000,RENT,4.0,MEDICAL,B,4800,10.99,0.05,N,11,0
40990,23,28800,MORTGAGE,6.0,MEDICAL,A,5000,8.9,0.17,N,2,0
40991,25,32004,RENT,1.0,DEBTCONSOLIDATION,A,6000,7.49,0.18,N,3,0
40992,26,43000,RENT,8.0,PERSONAL,A,7000,7.14,0.16,N,2,0
40993,25,60000,MORTGAGE,9.0,MEDICAL,A,6000,7.49,0.1,N,2,0
40994,23,74000,RENT,4.0,EDUCATION,B,11500,11.71,0.16,N,3,0
40995,21,24000,RENT,5.0,MEDICAL,C,4000,13.49,0.17,N,4,0
40996,29,85000,RENT,2.0,MEDICAL,B,7000,11.12,0.08,N,8,0
40997,26,31000,RENT,5.0,EDUCATION,A,4000,7.51,0.13,N,4,0
40998,21,12000,RENT,1.0,DEBTCONSOLIDATION,B,2400,11.49,0.2,N,4,1
40999,21,30000,RENT,5.0,PERSONAL,B,6000,11.58,0.2,N,4,0
41000,23,80000,MORTGAGE,4.0,VENTURE,A,25000,8.49,0.31,N,4,0
41001,22,58000,OTHER,4.0,EDUCATION,B,1800,11.48,0.03,N,2,0
41002,42,46394,MORTGAGE,7.0,EDUCATION,C,15000,12.98,0.32,N,14,0
41003,33,130000,MORTGAGE,3.0,HOMEIMPROVEMENT,B,15000,11.14,0.12,N,7,0
41004,22,48000,RENT,6.0,EDUCATION,C,6000,13.92,0.13,Y,2,0
41005,30,50000,RENT,4.0,DEBTCONSOLIDATION,B,8000,11.49,0.16,N,10,0
41006,23,24000,RENT,5.0,MEDICAL,D,1500,14.91,0.06,Y,3,1
41007,36,52000,RENT,3.0,HOMEIMPROVEMENT,C,7000,13.49,0.13,N,12,0
41008,29,42000,RENT,3.0,EDUCATION,A,8000,6.92,0.19,N,5,0
41009,29,37000,OWN,7.0,PERSONAL,A,5000,6.99,0.14,N,6,0
41010,28,45600,MORTGAGE,9.0,PERSONAL,C,3600,12.99,0.08,N,10,0
41011,30,52000,MORTGAGE,7.0,PERSONAL,B,8000,10.99,0.15,N,9,0
41012,23,240000,MORTGAGE,5.0,VENTURE,C,21600,12.68,0.09,N,2,0
41013,23,60000,RENT,0.0,VENTURE,A,9600,7.51,0.16,N,2,0
41014,22,105000,RENT,0.0,DEBTCONSOLIDATION,D,19000,16.77,0.18,N,4,1
41015,25,91392,MORTGAGE,5.0,HOMEIMPROVEMENT,A,12000,5.42,0.13,N,2,0
41016,23,65000,MORTGAGE,7.0,VENTURE,C,9150,13.57,0.14,N,4,0
41017,27,160000,RENT,11.0,MEDICAL,A,7000,8.49,0.04,N,10,0
41018,23,60000,RENT,6.0,EDUCATION,B,4900,11.71,0.08,N,2,0
41019,27,150000,MORTGAGE,11.0,VENTURE,F,8000,19.13,0.05,N,9,0
41020,25,24000,RENT,0.0,MEDICAL,C,4000,14.35,0.17,Y,4,0
41021,25,60000,RENT,2.0,HOMEIMPROVEMENT,A,14000,6.03,0.24,N,3,0
41022,37,37000,RENT,3.0,EDUCATION,B,6000,12.18,0.16,N,11,0
41023,29,55000,MORTGAGE,5.0,PERSONAL,A,9600,7.51,0.17,N,7,0
41024,29,24000,RENT,0.0,EDUCATION,B,4200,11.71,0.17,N,6,0
41025,30,50000,OWN,4.0,PERSONAL,A,10000,7.51,0.2,N,7,0
41026,28,53000,MORTGAGE,12.0,MEDICAL,C,3000,13.99,0.06,N,8,0
41027,21,33000,RENT,3.0,VENTURE,C,5000,13.35,0.15,Y,2,0
41028,22,75000,RENT,3.0,VENTURE,A,11000,8.94,0.15,N,2,0
41029,27,35000,RENT,0.0,MEDICAL,C,5000,13.49,0.14,Y,5,0
41030,31,85000,RENT,4.0,MEDICAL,B,21000,11.83,0.25,N,9,0
41031,22,23000,OWN,0.0,PERSONAL,A,3000,7.29,0.13,N,4,0
41032,32,80000,OWN,5.0,VENTURE,D,20000,15.65,0.25,N,5,0
41033,28,33600,MORTGAGE,12.0,PERSONAL,A,10000,5.42,0.3,N,9,0
41034,23,30000,RENT,3.0,EDUCATION,B,5000,10.38,0.17,N,4,0
41035,28,60000,MORTGAGE,12.0,HOMEIMPROVEMENT,C,10000,13.35,0.17,N,7,0
41036,32,65000,MORTGAGE,16.0,DEBTCONSOLIDATION,A,4000,5.42,0.06,N,10,0
41037,26,75000,RENT,2.0,VENTURE,A,6500,7.9,0.09,N,2,0
41038,26,90000,MORTGAGE,4.0,DEBTCONSOLIDATION,C,15000,13.57,0.17,Y,4,0
41039,23,54000,RENT,2.0,HOMEIMPROVEMENT,D,1000,14.49,0.02,N,2,1
41040,28,60000,MORTGAGE,12.0,DEBTCONSOLIDATION,A,7000,7.9,0.12,N,8,0
41041,25,48000,RENT,9.0,MEDICAL,B,6000,9.63,0.13,N,2,0
41042,22,30000,RENT,4.0,PERSONAL,B,3500,11.49,0.12,N,3,0
41043,21,102000,MORTGAGE,5.0,DEBTCONSOLIDATION,C,10000,14.26,0.1,Y,2,0
41044,23,80000,MORTGAGE,7.0,EDUCATION,A,12000,7.51,0.15,N,2,0
41045,31,25000,RENT,2.0,DEBTCONSOLIDATION,B,5000,10.62,0.21,N,6,0
41046,23,40000,RENT,5.0,DEBTCONSOLIDATION,B,1500,11.49,0.04,N,4,0
41047,29,55000,MORTGAGE,6.0,MEDICAL,A,7500,7.14,0.14,N,6,0
41048,30,110000,MORTGAGE,0.0,PERSONAL,D,5000,15.99,0.05,N,8,0
41049,24,48000,RENT,0.0,MEDICAL,A,7200,9.63,0.15,N,4,0
41050,24,48996,RENT,5.0,MEDICAL,B,5000,9.88,0.1,N,4,0
41051,24,80000,MORTGAGE,8.0,VENTURE,C,7600,12.98,0.1,Y,3,0
41052,22,64000,MORTGAGE,6.0,PERSONAL,A,8000,7.51,0.13,N,4,0
41053,44,48000,RENT,9.0,MEDICAL,D,4000,16.29,0.08,Y,12,1
41054,25,45000,MORTGAGE,5.0,MEDICAL,A,8000,7.49,0.18,N,2,0
41055,25,48000,RENT,3.0,DEBTCONSOLIDATION,A,10400,6.91,0.22,N,2,0
41056,26,38500,RENT,0.0,DEBTCONSOLIDATION,C,5000,13.06,0.13,Y,2,0
41057,23,45000,MORTGAGE,7.0,VENTURE,A,5000,7.49,0.11,N,4,0
41058,22,28800,MORTGAGE,6.0,DEBTCONSOLIDATION,A,10000,7.51,0.35,N,4,0
41059,21,42000,MORTGAGE,0.0,PERSONAL,A,3500,9.63,0.08,N,2,0
41060,35,105000,MORTGAGE,11.0,EDUCATION,A,10000,7.51,0.1,N,10,0
41061,27,36500,MORTGAGE,3.0,MEDICAL,C,7000,13.61,0.19,N,8,0
41062,23,35100,RENT,1.0,MEDICAL,B,1000,11.48,0.03,N,4,0
41063,35,50000,OWN,0.0,VENTURE,A,12000,8.94,0.24,N,5,0
41064,28,99518,MORTGAGE,10.0,EDUCATION,A,6500,5.99,0.07,N,8,0
41065,27,74000,MORTGAGE,1.0,MEDICAL,A,5000,6.76,0.07,N,7,0
41066,27,80000,MORTGAGE,5.0,MEDICAL,A,15000,6.91,0.19,N,10,0
41067,23,42996,MORTGAGE,7.0,EDUCATION,A,2000,7.51,0.05,N,3,0
41068,29,60000,RENT,4.0,PERSONAL,A,3000,9.32,0.05,N,6,0
41069,22,38000,RENT,1.0,DEBTCONSOLIDATION,A,7500,7.88,0.2,N,3,0
41070,37,60000,MORTGAGE,10.0,VENTURE,B,2000,9.91,0.03,N,11,0
41071,22,60000,RENT,3.0,MEDICAL,B,5000,9.96,0.08,N,2,0
41072,25,65004,MORTGAGE,1.0,EDUCATION,C,5000,13.47,0.08,Y,2,0
41073,21,40000,RENT,5.0,DEBTCONSOLIDATION,B,1200,10.2,0.03,N,2,0
41074,21,30000,RENT,0.0,EDUCATION,A,4000,8.59,0.13,N,2,0
41075,22,54000,RENT,3.0,MEDICAL,D,12000,16.49,0.22,N,3,1
41076,26,50000,MORTGAGE,10.0,VENTURE,A,6000,7.14,0.12,N,3,0
41077,22,25200,RENT,3.0,VENTURE,E,8700,23.06,0.33,Y,4,1
41078,37,60000,RENT,11.0,PERSONAL,B,25000,10.99,0.42,N,12,1
41079,28,60350,MORTGAGE,123.0,MEDICAL,D,25000,15.95,0.35,Y,6,1
41080,29,55000,RENT,2.0,EDUCATION,C,14900,13.49,0.27,Y,6,0
41081,24,70000,MORTGAGE,0.0,EDUCATION,C,15000,13.85,0.21,Y,3,0
41082,33,150000,RENT,3.0,HOMEIMPROVEMENT,D,25000,16.32,0.17,N,9,0
41083,39,60000,OWN,9.0,EDUCATION,C,9000,11.34,0.14,Y,11,0
41084,27,100000,MORTGAGE,5.0,HOMEIMPROVEMENT,B,7000,11.99,0.07,N,10,0
41085,23,33000,RENT,1.0,EDUCATION,D,5000,15.7,0.15,N,3,1
41086,26,175000,RENT,0.0,EDUCATION,A,15000,7.49,0.09,N,3,0
41087,30,30000,RENT,5.0,PERSONAL,B,6600,9.99,0.22,N,10,0
41088,36,30000,RENT,0.0,EDUCATION,C,3600,14.79,0.12,Y,12,1
41089,34,82500,MORTGAGE,0.0,MEDICAL,C,10200,13.72,0.13,N,7,0
41090,24,75000,OWN,2.0,MEDICAL,A,7000,5.79,0.09,N,2,0
41091,25,42000,MORTGAGE,6.0,PERSONAL,A,6000,7.9,0.14,N,4,0
41092,24,29120,RENT,3.0,VENTURE,A,3000,8.94,0.1,N,2,0
41093,22,49200,RENT,4.0,HOMEIMPROVEMENT,C,4800,13.61,0.1,Y,4,1
41094,27,70000,RENT,4.0,MEDICAL,B,15000,10.65,0.21,N,6,0
41095,24,60000,MORTGAGE,7.0,HOMEIMPROVEMENT,A,15000,7.88,0.25,N,4,0
41096,22,85000,MORTGAGE,6.0,VENTURE,B,10000,11.49,0.12,N,3,0
41097,22,48000,RENT,0.0,VENTURE,A,10000,8.94,0.21,N,3,0
41098,34,42000,RENT,3.0,DEBTCONSOLIDATION,B,5000,10.65,0.12,N,10,0
41099,24,73527,MORTGAGE,4.0,EDUCATION,D,25000,14.96,0.34,N,3,0
41100,28,65000,RENT,5.0,DEBTCONSOLIDATION,B,10000,9.63,0.15,N,6,0
41101,23,62400,MORTGAGE,7.0,PERSONAL,A,9500,6.54,0.15,N,4,0
41102,27,204000,MORTGAGE,11.0,DEBTCONSOLIDATION,B,25000,10.36,0.12,N,8,0
41103,22,69500,RENT,6.0,DEBTCONSOLIDATION,C,6000,13.49,0.09,N,3,0
41104,23,33000,RENT,4.0,MEDICAL,B,7200,10.65,0.22,N,2,0
41105,25,70000,MORTGAGE,5.0,MEDICAL,B,3000,9.62,0.04,N,4,0
41106,31,24000,RENT,0.0,DEBTCONSOLIDATION,A,4000,6.54,0.17,N,5,0
41107,30,34999,RENT,2.0,VENTURE,B,5000,11.58,0.15,N,9,0
41108,23,63000,MORTGAGE,7.0,DEBTCONSOLIDATION,E,25000,13.75,0.4,N,2,1
41109,22,43580,RENT,2.0,EDUCATION,E,6000,17.39,0.14,Y,3,1
41110,27,85000,RENT,4.0,HOMEIMPROVEMENT,B,2500,10.37,0.03,N,5,0
41111,29,72250,MORTGAGE,5.0,MEDICAL,E,17600,17.19,0.21,Y,8,1
41112,25,50000,MORTGAGE,9.0,VENTURE,C,12000,12.09,0.24,Y,4,0
41113,26,54000,RENT,10.0,MEDICAL,B,8000,10.59,0.15,N,4,0
41114,22,50000,RENT,5.0,EDUCATION,B,9500,11.83,0.19,N,4,0
41115,50,130000,MORTGAGE,0.0,MEDICAL,B,18000,12.42,0.14,N,16,0
41116,29,90000,MORTGAGE,4.0,DEBTCONSOLIDATION,A,10000,7.49,0.11,N,7,0
41117,38,25000,RENT,0.0,MEDICAL,B,7500,9.76,0.3,N,15,0
41118,31,48000,MORTGAGE,3.0,DEBTCONSOLIDATION,A,18000,7.88,0.38,N,6,0
41119,56,52800,MORTGAGE,8.0,PERSONAL,B,5000,9.88,0.09,N,20,0
41120,27,30000,RENT,1.0,VENTURE,B,4800,12.42,0.16,N,6,0
41121,25,100000,MORTGAGE,9.0,EDUCATION,A,6000,7.14,0.06,N,2,0
41122,33,170000,MORTGAGE,3.0,EDUCATION,B,15000,11.36,0.09,N,6,0
41123,31,84996,MORTGAGE,1.0,DEBTCONSOLIDATION,B,7000,10.95,0.08,N,10,0
41124,47,65000,MORTGAGE,21.0,PERSONAL,A,10000,6.99,0.15,N,11,0
41125,24,75000,MORTGAGE,8.0,DEBTCONSOLIDATION,B,8000,10.99,0.11,N,4,0
41126,27,35000,RENT,3.0,DEBTCONSOLIDATION,C,4000,15.27,0.11,Y,7,0
41127,34,50000,MORTGAGE,4.0,MEDICAL,A,6000,8.9,0.12,N,10,0
41128,22,54000,MORTGAGE,6.0,VENTURE,C,4000,15.23,0.08,Y,2,0
41129,29,50000,MORTGAGE,5.0,HOMEIMPROVEMENT,A,5000,7.51,0.1,N,8,0
41130,23,45000,MORTGAGE,7.0,VENTURE,B,15000,10.99,0.33,N,3,0
41131,42,18000,RENT,2.0,HOMEIMPROVEMENT,D,4000,14.74,0.22,N,17,1
41132,23,54000,RENT,7.0,DEBTCONSOLIDATION,A,12000,7.51,0.22,N,2,0
41133,27,60000,MORTGAGE,11.0,DEBTCONSOLIDATION,A,16000,7.9,0.27,N,10,0
41134,32,40000,RENT,0.0,MEDICAL,B,6000,10.62,0.15,N,9,0
41135,40,33996,RENT,1.0,HOMEIMPROVEMENT,D,5000,15.31,0.15,Y,13,1
41136,21,32000,RENT,3.0,EDUCATION,D,2000,16.49,0.06,N,4,1
41137,37,26000,OWN,15.0,VENTURE,A,6500,7.51,0.25,N,15,0
41138,32,175000,RENT,0.0,DEBTCONSOLIDATION,B,15000,11.48,0.09,N,5,0
41139,23,56000,RENT,0.0,EDUCATION,B,10000,11.14,0.18,N,2,0
41140,23,55000,RENT,4.0,VENTURE,B,5000,9.25,0.09,N,3,0
41141,23,56004,OWN,7.0,PERSONAL,B,12000,11.48,0.21,N,3,0
41142,26,30000,MORTGAGE,4.0,DEBTCONSOLIDATION,B,3200,11.49,0.11,N,2,0
41143,34,80000,MORTGAGE,11.0,EDUCATION,A,14000,5.42,0.17,N,9,0
41144,24,52000,RENT,8.0,EDUCATION,B,5000,11.49,0.1,N,2,0
41145,24,42000,RENT,2.0,EDUCATION,C,2500,13.04,0.06,Y,2,1
41146,24,65000,MORTGAGE,5.0,PERSONAL,A,10000,7.49,0.15,N,4,0
41147,27,60000,OWN,8.0,DEBTCONSOLIDATION,D,5500,18.25,0.09,N,7,0
41148,30,51600,MORTGAGE,2.0,PERSONAL,B,3600,8.88,0.07,N,10,0
41149,23,65000,MORTGAGE,7.0,EDUCATION,B,10000,10.62,0.15,N,3,0
41150,23,46000,RENT,3.0,EDUCATION,B,13000,10.59,0.28,N,2,0
41151,23,56000,MORTGAGE,7.0,VENTURE,C,3500,13.49,0.06,N,2,0
41152,25,60000,MORTGAGE,9.0,MEDICAL,C,5000,13.49,0.08,Y,4,0
41153,26,83004,MORTGAGE,6.0,HOMEIMPROVEMENT,A,2400,6.39,0.03,N,2,0
41154,24,62400,MORTGAGE,4.0,MEDICAL,B,2400,12.42,0.04,N,2,0
41155,27,54590,RENT,11.0,MEDICAL,C,8000,13.16,0.15,Y,7,0
41156,25,115000,MORTGAGE,9.0,HOMEIMPROVEMENT,A,8000,7.51,0.07,N,2,0
41157,23,85000,MORTGAGE,7.0,VENTURE,A,16000,7.88,0.19,N,4,0
41158,33,68000,MORTGAGE,6.0,MEDICAL,A,10000,6.62,0.15,N,10,0
41159,23,75000,RENT,0.0,PERSONAL,C,7400,12.87,0.1,Y,2,0
41160,21,45000,RENT,3.0,DEBTCONSOLIDATION,B,5000,12.18,0.11,N,2,0
41161,29,120000,RENT,4.0,VENTURE,B,23475,10.99,0.19,N,6,0
41162,30,70000,MORTGAGE,0.0,PERSONAL,B,8000,12.21,0.11,N,7,0
41163,25,102000,MORTGAGE,3.0,DEBTCONSOLIDATION,A,7200,9.63,0.07,N,3,0
41164,27,180000,MORTGAGE,2.0,PERSONAL,C,15000,12.61,0.08,N,8,0
41165,26,40000,RENT,0.0,DEBTCONSOLIDATION,B,1225,9.99,0.03,N,4,0
41166,28,50000,MORTGAGE,4.0,DEBTCONSOLIDATION,A,5600,9.63,0.11,N,10,0
41167,23,52000,MORTGAGE,7.0,VENTURE,B,5000,11.48,0.1,N,2,0
41168,34,75000,RENT,0.0,DEBTCONSOLIDATION,B,5000,10.2,0.07,N,9,0
41169,24,65000,RENT,6.0,EDUCATION,A,6400,6.62,0.1,N,4,0
41170,24,60000,RENT,8.0,DEBTCONSOLIDATION,C,15000,12.73,0.25,N,2,0
41171,22,44000,RENT,2.0,VENTURE,A,11100,5.79,0.25,N,3,0
41172,26,50000,RENT,5.0,VENTURE,B,6000,10.74,0.12,N,2,0
41173,36,85000,MORTGAGE,1.0,VENTURE,B,10000,11.99,0.12,N,12,0
41174,25,42500,RENT,0.0,MEDICAL,C,5000,12.98,0.12,N,4,0
41175,29,60000,MORTGAGE,4.0,EDUCATION,A,15000,8.9,0.25,N,10,0
41176,25,24000,RENT,3.0,PERSONAL,D,2800,15.31,0.12,Y,3,0
41177,23,36000,RENT,7.0,EDUCATION,A,5000,7.51,0.14,N,4,0
41178,24,70000,MORTGAGE,2.0,MEDICAL,B,10000,9.63,0.14,N,2,0
41179,23,37200,RENT,2.0,EDUCATION,A,6000,7.9,0.16,N,4,0
41180,22,45000,RENT,2.0,EDUCATION,A,6000,7.51,0.13,N,3,0
41181,25,98000,RENT,2.0,DEBTCONSOLIDATION,E,10000,16.4,0.1,Y,2,1
41182,32,95000,RENT,3.0,PERSONAL,B,10000,10.99,0.11,N,10,0
41183,24,64000,MORTGAGE,8.0,PERSONAL,C,3000,13.43,0.05,Y,3,1
41184,23,70000,MORTGAGE,7.0,EDUCATION,C,1000,13.98,0.01,N,2,0
41185,28,125000,MORTGAGE,3.0,DEBTCONSOLIDATION,B,20000,11.49,0.16,N,10,0
41186,28,35000,RENT,0.0,DEBTCONSOLIDATION,B,5600,11.11,0.16,N,6,0
41187,27,50000,RENT,11.0,DEBTCONSOLIDATION,B,20000,12.69,0.4,N,7,1
41188,34,40000,MORTGAGE,0.0,EDUCATION,B,3600,9.99,0.09,N,6,0
41189,27,75885,MORTGAGE,11.0,EDUCATION,C,3000,11.03,0.04,Y,8,0
41190,23,25000,RENT,1.0,VENTURE,E,8000,16.32,0.32,Y,3,1
41191,25,60000,RENT,5.0,PERSONAL,D,3600,14.96,0.06,Y,2,0
41192,38,120000,MORTGAGE,5.0,DEBTCONSOLIDATION,C,20000,13.79,0.17,Y,13,0
41193,36,140000,MORTGAGE,6.0,PERSONAL,D,10000,15.65,0.07,Y,12,0
41194,32,49000,RENT,16.0,VENTURE,A,6300,6.62,0.13,N,8,0
41195,25,48000,MORTGAGE,6.0,EDUCATION,C,4800,13.49,0.1,N,2,0
41196,26,157544,MORTGAGE,8.0,VENTURE,C,5000,12.99,0.03,Y,2,0
41197,27,72000,RENT,2.0,MEDICAL,C,7000,13.79,0.1,Y,8,0
41198,26,36000,RENT,0.0,EDUCATION,B,6400,11.49,0.17,N,3,0
41199,31,47000,MORTGAGE,3.0,VENTURE,A,7000,7.49,0.15,N,6,0
41200,21,36000,RENT,4.0,MEDICAL,B,12250,11.26,0.34,N,4,1
41201,30,100000,MORTGAGE,14.0,PERSONAL,A,10000,7.88,0.1,N,9,0
41202,30,31200,RENT,14.0,PERSONAL,A,8400,8.9,0.26,N,6,0
41203,22,66000,RENT,7.0,DEBTCONSOLIDATION,D,10000,16.02,0.15,Y,4,1
41204,26,39000,RENT,10.0,MEDICAL,C,5800,14.72,0.15,Y,4,0
41205,23,24000,RENT,0.0,MEDICAL,D,4800,12.17,0.2,Y,2,0
41206,31,55920,MORTGAGE,2.0,EDUCATION,C,25000,12.84,0.43,N,7,0
41207,23,72000,RENT,7.0,VENTURE,B,4000,11.48,0.06,N,2,0
41208,24,70000,RENT,2.0,VENTURE,B,20000,10.59,0.29,N,2,0
41209,26,81000,RENT,1.0,HOMEIMPROVEMENT,B,20000,11.11,0.25,N,3,0
41210,32,96000,MORTGAGE,2.0,DEBTCONSOLIDATION,D,10000,15.28,0.1,N,10,1
41211,25,86000,RENT,6.0,VENTURE,B,16000,10.59,0.19,N,2,0
41212,28,30000,RENT,0.0,PERSONAL,D,8400,14.61,0.28,Y,5,1
41213,26,47360,MORTGAGE,10.0,HOMEIMPROVEMENT,A,4400,6.76,0.1,N,3,0
41214,24,40000,MORTGAGE,5.0,DEBTCONSOLIDATION,C,10000,13.49,0.25,N,2,0
41215,24,69996,RENT,5.0,VENTURE,C,4800,13.06,0.07,N,3,0
41216,31,75000,RENT,2.0,HOMEIMPROVEMENT,C,9000,14.79,0.12,Y,5,0
41217,31,75000,MORTGAGE,6.0,VENTURE,A,9000,5.42,0.12,N,9,0
41218,21,60000,MORTGAGE,5.0,PERSONAL,C,10000,13.49,0.17,N,3,0
41219,27,30000,OWN,11.0,VENTURE,A,10000,5.42,0.33,N,5,0
41220,22,45000,RENT,6.0,DEBTCONSOLIDATION,C,4000,13.85,0.09,N,2,0
41221,32,65000,MORTGAGE,7.0,DEBTCONSOLIDATION,A,5000,7.68,0.08,N,8,0
41222,34,42000,RENT,0.0,DEBTCONSOLIDATION,A,6000,8.9,0.14,N,8,0
41223,31,180000,RENT,3.0,MEDICAL,A,15000,5.99,0.08,N,6,0
41224,27,150000,MORTGAGE,1.0,VENTURE,B,20000,9.76,0.13,N,9,0
41225,43,75000,MORTGAGE,2.0,HOMEIMPROVEMENT,C,6000,14.72,0.08,N,16,0
41226,29,34000,RENT,0.0,VENTURE,D,5000,15.33,0.15,Y,10,1
41227,24,59436,MORTGAGE,8.0,HOMEIMPROVEMENT,D,7500,13.24,0.13,Y,3,0
41228,32,31000,RENT,2.0,PERSONAL,B,5500,10.36,0.18,N,9,1
41229,22,73164,MORTGAGE,5.0,VENTURE,D,1200,14.61,0.02,Y,2,0
41230,27,42000,OWN,2.0,VENTURE,B,8000,12.21,0.19,N,10,0
41231,29,60000,MORTGAGE,2.0,VENTURE,A,10000,5.99,0.17,N,8,0
41232,27,78000,MORTGAGE,4.0,DEBTCONSOLIDATION,D,20000,14.59,0.26,N,5,1
41233,34,66300,MORTGAGE,4.0,DEBTCONSOLIDATION,A,6000,8.94,0.08,N,9,1
41234,28,74628,MORTGAGE,12.0,DEBTCONSOLIDATION,C,15000,12.99,0.2,Y,10,0
41235,29,110000,MORTGAGE,5.0,EDUCATION,A,12000,8.94,0.11,N,6,0
41236,24,95000,MORTGAGE,0.0,HOMEIMPROVEMENT,B,15000,10.99,0.16,N,2,0
41237,25,84000,MORTGAGE,9.0,VENTURE,B,10000,11.99,0.12,N,4,0
41238,32,240000,MORTGAGE,10.0,DEBTCONSOLIDATION,A,15000,7.49,0.06,N,10,0
41239,31,48500,RENT,3.0,DEBTCONSOLIDATION,B,6000,10.37,0.12,N,8,0
41240,26,38000,RENT,6.0,MEDICAL,D,8000,16.77,0.2,N,2,1
41241,31,62050,MORTGAGE,0.0,MEDICAL,D,5000,15.21,0.07,N,5,1
41242,29,65000,MORTGAGE,2.0,EDUCATION,C,5000,13.23,0.08,N,8,0
41243,22,78500,RENT,6.0,EDUCATION,B,6000,10.99,0.08,N,4,0
41244,29,74500,MORTGAGE,5.0,EDUCATION,D,7500,14.84,0.1,Y,6,0
41245,22,55000,RENT,4.0,MEDICAL,C,15000,13.49,0.27,Y,2,0
41246,22,29000,RENT,6.0,EDUCATION,D,6000,17.58,0.21,N,3,1
41247,44,100000,RENT,6.0,MEDICAL,A,7000,6.99,0.07,N,14,0
41248,28,102058,MORTGAGE,4.0,EDUCATION,C,15000,13.47,0.15,Y,8,0
41249,30,107004,MORTGAGE,2.0,DEBTCONSOLIDATION,C,25000,13.79,0.22,Y,10,0
41250,22,50000,RENT,1.0,PERSONAL,A,8000,8.94,0.16,N,3,0
41251,30,117500,MORTGAGE,0.0,VENTURE,A,15000,8.49,0.13,N,8,0
41252,30,200000,MORTGAGE,2.0,VENTURE,A,15000,7.88,0.07,N,7,0
41253,24,130000,MORTGAGE,0.0,EDUCATION,C,25000,13.79,0.19,Y,2,0
41254,23,78700,MORTGAGE,6.0,VENTURE,C,7000,13.16,0.09,Y,2,0
41255,33,75000,OWN,2.0,VENTURE,C,10000,13.57,0.13,Y,9,0
41256,41,65000,RENT,3.0,VENTURE,C,6400,13.49,0.1,N,12,0
41257,29,62004,RENT,4.0,MEDICAL,B,12000,9.99,0.19,N,8,0
41258,22,43200,OWN,6.0,VENTURE,C,12000,13.49,0.28,Y,2,0
41259,27,9600,RENT,0.0,VENTURE,E,2100,13.99,0.21,N,9,1
41260,28,40000,MORTGAGE,2.0,MEDICAL,A,5000,5.42,0.13,N,10,0
41261,26,30000,RENT,4.0,PERSONAL,C,3000,13.23,0.1,N,2,0
41262,35,60000,RENT,0.0,EDUCATION,C,12000,13.11,0.2,N,7,0
41263,29,50000,RENT,4.0,VENTURE,C,18000,12.73,0.36,N,6,1
41264,40,69000,RENT,3.0,MEDICAL,B,6000,10.0,0.09,N,11,0
41265,28,36000,MORTGAGE,12.0,DEBTCONSOLIDATION,A,3000,5.42,0.08,N,7,0
41266,22,29000,RENT,5.0,EDUCATION,C,2000,13.49,0.07,Y,2,0
41267,30,48000,RENT,7.0,EDUCATION,A,4750,6.54,0.1,N,5,0
41268,22,70000,MORTGAGE,6.0,EDUCATION,B,14300,9.99,0.2,N,4,0
41269,26,75000,RENT,0.0,EDUCATION,A,15000,7.49,0.2,N,4,0
41270,33,60000,RENT,2.0,HOMEIMPROVEMENT,B,20000,11.11,0.33,N,10,1
41271,29,36000,MORTGAGE,4.0,MEDICAL,A,5400,7.29,0.15,N,5,0
41272,29,115000,RENT,1.0,PERSONAL,A,16000,8.49,0.14,N,10,0
41273,21,80000,MORTGAGE,5.0,PERSONAL,A,10000,7.66,0.13,N,2,0
41274,22,30000,RENT,6.0,HOMEIMPROVEMENT,D,7000,14.96,0.23,N,2,1
41275,30,72000,MORTGAGE,1.0,PERSONAL,C,13200,12.99,0.18,Y,5,0
41276,22,50000,MORTGAGE,2.0,PERSONAL,A,10000,7.51,0.2,N,2,0
41277,22,45000,RENT,6.0,EDUCATION,B,6500,10.65,0.14,N,3,0
41278,26,130000,MORTGAGE,3.0,VENTURE,A,3500,7.74,0.27,N,2,0
41279,27,75000,OWN,3.0,EDUCATION,B,12000,10.38,0.16,N,5,0
41280,30,115731,MORTGAGE,12.0,VENTURE,A,7200,7.74,0.06,N,8,0
41281,35,28800,RENT,2.0,MEDICAL,C,14500,14.65,0.51,N,8,1
41282,33,60000,RENT,6.0,EDUCATION,A,6000,5.42,0.1,N,9,0
41283,22,35000,RENT,6.0,VENTURE,B,6000,11.99,0.17,N,2,0
41284,27,90000,MORTGAGE,7.0,PERSONAL,B,10000,10.39,0.11,N,10,0
41285,22,36000,RENT,3.0,DEBTCONSOLIDATION,A,15000,6.54,0.42,N,4,0
41286,33,70000,MORTGAGE,6.0,DEBTCONSOLIDATION,B,4000,12.18,0.06,N,7,0
41287,24,85000,MORTGAGE,5.0,DEBTCONSOLIDATION,A,15000,6.03,0.18,N,3,0
41288,28,39500,RENT,3.0,MEDICAL,B,10000,11.99,0.25,N,5,0
41289,25,45000,RENT,0.0,VENTURE,B,4000,9.99,0.09,N,3,0
41290,29,124000,MORTGAGE,2.0,PERSONAL,A,14000,6.03,0.11,N,9,0
41291,26,96000,MORTGAGE,5.0,MEDICAL,B,25000,11.49,0.26,N,3,0
41292,25,84000,RENT,0.0,DEBTCONSOLIDATION,A,10000,7.66,0.12,N,3,0
41293,27,62400,RENT,11.0,HOMEIMPROVEMENT,C,12000,13.48,0.19,N,10,0
41294,29,50000,RENT,8.0,PERSONAL,C,5600,14.27,0.11,N,6,0
41295,37,55000,RENT,2.0,PERSONAL,A,4000,7.29,0.07,N,12,0
41296,22,42000,RENT,1.0,DEBTCONSOLIDATION,B,3000,11.11,0.07,N,2,0
41297,22,60000,RENT,7.0,EDUCATION,C,15000,12.73,0.25,N,3,0
41298,25,48000,RENT,0.0,MEDICAL,B,4200,10.74,0.09,N,4,0
41299,27,41200,OWN,1.0,VENTURE,B,11000,11.99,0.26,N,8,0
41300,22,60000,RENT,6.0,DEBTCONSOLIDATION,A,10000,6.62,0.17,N,3,0
41301,24,60000,RENT,2.0,VENTURE,A,8500,6.92,0.14,N,2,0
41302,26,70000,MORTGAGE,3.0,VENTURE,B,10000,9.91,0.14,N,3,0
41303,27,35000,RENT,1.0,PERSONAL,B,6000,11.11,0.17,N,7,0
41304,30,60000,RENT,0.0,DEBTCONSOLIDATION,B,3600,9.99,0.06,N,8,0
41305,24,38400,RENT,1.0,VENTURE,A,5000,7.66,0.13,N,2,0
41306,28,88900,MORTGAGE,6.0,VENTURE,B,20000,10.65,0.23,N,7,0
41307,23,78000,MORTGAGE,7.0,PERSONAL,A,4500,6.76,0.06,N,3,0
41308,24,63000,MORTGAGE,7.0,HOMEIMPROVEMENT,B,18000,11.83,0.29,N,3,0
41309,24,72000,RENT,1.0,MEDICAL,B,10000,10.0,0.14,N,2,0
41310,25,90000,RENT,9.0,HOMEIMPROVEMENT,D,15000,14.42,0.17,N,4,0
41311,27,43200,RENT,11.0,MEDICAL,A,5000,7.49,0.12,N,6,0
41312,23,80000,MORTGAGE,7.0,PERSONAL,A,6000,7.49,0.07,N,2,0
41313,24,65000,OWN,8.0,VENTURE,A,6000,8.49,0.09,N,4,0
41314,31,75000,RENT,5.0,HOMEIMPROVEMENT,B,7000,9.91,0.09,N,9,0
41315,28,60000,MORTGAGE,7.0,DEBTCONSOLIDATION,A,12000,6.03,0.2,N,5,0
41316,23,45000,OWN,0.0,DEBTCONSOLIDATION,D,4000,16.29,0.09,Y,2,0
41317,30,138000,MORTGAGE,0.0,VENTURE,D,22600,13.24,0.17,N,9,0
41318,22,28800,RENT,0.0,MEDICAL,A,4000,7.49,0.14,N,2,0
41319,30,42000,RENT,0.0,VENTURE,C,12000,15.23,0.29,N,8,0
41320,26,30000,MORTGAGE,2.0,EDUCATION,A,6000,7.51,0.2,N,2,0
41321,29,61000,MORTGAGE,9.0,DEBTCONSOLIDATION,B,9600,10.2,0.15,N,6,0
41322,58,33600,RENT,0.0,VENTURE,A,10000,5.79,0.29,N,28,0
41323,23,62000,RENT,2.0,MEDICAL,B,5000,9.99,0.08,N,3,0
41324,26,31200,RENT,1.0,MEDICAL,A,6000,6.62,0.19,N,2,0
41325,24,50000,RENT,5.0,PERSONAL,A,3000,7.9,0.06,N,4,0
41326,35,30000,RENT,1.0,MEDICAL,D,6800,14.59,0.22,N,7,1
41327,29,50000,RENT,13.0,MEDICAL,C,6000,13.23,0.12,Y,10,0
41328,29,60000,MORTGAGE,13.0,EDUCATION,A,7000,7.14,0.12,N,8,0
41329,23,30000,RENT,0.0,VENTURE,B,3300,10.38,0.11,N,3,0
41330,31,45000,MORTGAGE,15.0,MEDICAL,C,6000,13.99,0.13,N,9,0
41331,44,90000,MORTGAGE,4.0,MEDICAL,B,12000,11.14,0.13,N,11,0
41332,23,60000,MORTGAGE,7.0,MEDICAL,A,8000,6.91,0.13,N,3,0
41333,29,40000,RENT,6.0,DEBTCONSOLIDATION,B,15000,11.71,0.38,N,10,1
41334,29,30000,RENT,1.0,EDUCATION,C,7125,14.35,0.24,Y,9,0
41335,29,62050,MORTGAGE,13.0,MEDICAL,C,5000,13.35,0.08,N,5,1
41336,25,28000,RENT,9.0,DEBTCONSOLIDATION,C,9600,12.22,0.34,Y,2,1
41337,32,36000,RENT,1.0,HOMEIMPROVEMENT,D,4600,16.0,0.13,Y,10,1
41338,24,46000,RENT,8.0,MEDICAL,B,8600,11.26,0.19,N,3,0
41339,23,62217,RENT,0.0,EDUCATION,A,5500,7.51,0.09,N,3,0
41340,28,60000,OWN,2.0,HOMEIMPROVEMENT,A,12500,7.49,0.2,N,5,0
41341,23,30000,MORTGAGE,6.0,EDUCATION,A,2200,8.9,0.07,N,3,0
41342,30,113217,MORTGAGE,3.0,HOMEIMPROVEMENT,A,7500,7.88,0.07,N,9,0
41343,41,60000,MORTGAGE,6.0,MEDICAL,B,5000,12.69,0.08,N,15,0
41344,27,50000,RENT,4.0,EDUCATION,A,18500,8.94,0.38,N,5,1
41345,33,60000,MORTGAGE,3.0,PERSONAL,A,7000,7.51,0.12,N,8,0
41346,23,44000,RENT,1.0,MEDICAL,E,15000,16.82,0.34,Y,2,1
41347,23,30000,OWN,1.0,VENTURE,B,2500,11.14,0.08,N,3,0
41348,27,36000,RENT,2.0,MEDICAL,B,2000,11.49,0.06,N,7,0
41349,23,65000,RENT,7.0,EDUCATION,C,7000,12.87,0.11,Y,4,0
41350,29,61440,OWN,2.0,EDUCATION,B,12500,9.91,0.21,N,8,0
41351,24,59000,RENT,1.0,PERSONAL,D,15000,13.87,0.25,Y,3,1
41352,28,35000,RENT,12.0,MEDICAL,A,1500,7.29,0.04,N,6,0
41353,25,20000,RENT,2.0,DEBTCONSOLIDATION,B,2500,10.99,0.13,N,2,0
41354,29,125000,MORTGAGE,13.0,DEBTCONSOLIDATION,A,35000,8.9,0.28,N,10,0
41355,29,40000,RENT,1.0,MEDICAL,D,8000,15.65,0.2,N,10,1
41356,22,50000,RENT,6.0,EDUCATION,C,15000,13.99,0.3,Y,3,0
41357,23,32400,RENT,2.0,EDUCATION,B,3000,11.86,0.09,N,2,0
41358,28,55000,RENT,6.0,MEDICAL,B,4800,10.25,0.09,N,8,0
41359,29,44000,RENT,4.0,EDUCATION,A,15000,6.54,0.34,N,8,1
41360,24,52000,RENT,8.0,DEBTCONSOLIDATION,C,6000,13.99,0.12,N,2,0
41361,29,100000,MORTGAGE,9.0,PERSONAL,B,20000,11.48,0.2,N,7,0
41362,22,60000,MORTGAGE,4.0,EDUCATION,A,3500,7.49,0.06,N,3,0
41363,24,39996,RENT,2.0,DEBTCONSOLIDATION,A,2500,7.4,0.06,N,2,0
41364,22,48000,RENT,3.0,VENTURE,E,7000,16.82,0.15,N,2,0
41365,40,30996,RENT,1.0,PERSONAL,D,1500,15.65,0.05,Y,16,1
41366,23,48000,RENT,4.0,DEBTCONSOLIDATION,A,5000,5.79,0.1,N,2,0
41367,38,52000,MORTGAGE,8.0,VENTURE,D,3000,14.84,0.06,N,17,0
41368,31,102000,RENT,6.0,VENTURE,C,9800,12.99,0.1,N,9,0
41369,24,42000,RENT,2.0,MEDICAL,B,7000,9.62,0.17,N,4,0
41370,24,120000,MORTGAGE,8.0,PERSONAL,C,10000,12.99,0.08,N,2,0
41371,24,65000,RENT,2.0,DEBTCONSOLIDATION,A,13200,8.94,0.2,N,3,0
41372,26,30000,OWN,3.0,VENTURE,A,8000,7.49,0.27,N,2,0
41373,22,48000,RENT,3.0,DEBTCONSOLIDATION,A,5000,8.49,0.1,N,2,0
41374,35,30000,RENT,3.0,MEDICAL,A,7000,7.29,0.23,N,7,0
41375,34,36000,OWN,2.0,PERSONAL,B,2500,10.99,0.07,N,6,0
41376,29,35000,OWN,13.0,VENTURE,B,4200,11.11,0.12,N,7,0
41377,29,74400,OWN,12.0,PERSONAL,C,7500,12.73,0.1,Y,7,0
41378,22,90000,MORTGAGE,0.0,VENTURE,A,12000,7.88,0.13,N,3,0
41379,25,44000,RENT,1.0,DEBTCONSOLIDATION,D,14000,12.61,0.32,N,4,1
41380,27,66300,RENT,9.0,MEDICAL,E,12000,17.99,0.16,N,6,1
41381,22,35496,RENT,6.0,VENTURE,C,10200,14.17,0.29,Y,2,0
41382,26,54600,RENT,10.0,MEDICAL,C,1500,14.79,0.03,Y,3,0
41383,27,55000,MORTGAGE,0.0,PERSONAL,B,10000,10.99,0.18,N,9,0
41384,30,127500,MORTGAGE,14.0,EDUCATION,A,13500,7.49,0.11,N,10,0
41385,30,31200,RENT,4.0,PERSONAL,B,6000,11.46,0.19,N,10,0
41386,34,85000,RENT,5.0,HOMEIMPROVEMENT,C,6000,13.49,0.07,Y,7,0
41387,26,33189,RENT,3.0,EDUCATION,B,3000,9.99,0.09,N,2,0
41388,23,55000,MORTGAGE,0.0,PERSONAL,A,6500,6.17,0.12,N,4,0
41389,39,57000,MORTGAGE,0.0,EDUCATION,A,2500,7.88,0.04,N,11,0
41390,30,68000,RENT,2.0,MEDICAL,C,10000,13.49,0.15,N,8,0
41391,23,45000,RENT,4.0,EDUCATION,D,8000,17.49,0.18,Y,3,1
41392,30,51600,MORTGAGE,6.0,HOMEIMPROVEMENT,B,15000,11.14,0.29,N,10,0
41393,34,41400,RENT,8.0,EDUCATION,C,14000,13.48,0.34,N,8,1
41394,29,55000,MORTGAGE,13.0,EDUCATION,B,25000,10.99,0.45,N,7,1
41395,25,35000,RENT,0.0,EDUCATION,A,3000,9.63,0.09,N,3,0
41396,27,18000,RENT,3.0,PERSONAL,A,1600,7.74,0.08,N,3,0
41397,24,64000,MORTGAGE,8.0,PERSONAL,B,8000,11.86,0.13,N,4,1
41398,22,34000,RENT,2.0,DEBTCONSOLIDATION,B,9000,10.65,0.26,N,4,0
41399,24,68004,MORTGAGE,8.0,DEBTCONSOLIDATION,A,4200,7.51,0.06,N,2,0
41400,27,50000,RENT,3.0,HOMEIMPROVEMENT,B,4800,11.86,0.1,N,9,0
41401,47,48000,OWN,1.0,HOMEIMPROVEMENT,B,4000,10.74,0.08,N,16,0
41402,25,40000,RENT,4.0,PERSONAL,B,10000,10.65,0.25,N,2,0
41403,28,29000,RENT,1.0,MEDICAL,D,6000,15.7,0.21,Y,8,1
41404,24,45000,MORTGAGE,2.0,DEBTCONSOLIDATION,A,8000,7.88,0.18,N,4,0
41405,22,49000,OWN,7.0,VENTURE,B,16750,10.38,0.35,N,4,0
41406,22,38400,OWN,6.0,EDUCATION,B,1000,11.14,0.03,N,4,0
41407,23,35000,RENT,6.0,MEDICAL,B,5000,10.65,0.14,N,3,0
41408,23,42000,RENT,4.0,PERSONAL,B,4000,9.45,0.1,N,2,0
41409,23,37500,RENT,0.0,DEBTCONSOLIDATION,A,1800,8.94,0.05,N,3,0
41410,29,110004,MORTGAGE,13.0,VENTURE,A,25000,7.51,0.23,N,7,0
41411,34,33564,RENT,5.0,DEBTCONSOLIDATION,A,6000,6.99,0.18,N,9,1
41412,33,95004,MORTGAGE,1.0,PERSONAL,C,5600,13.79,0.06,N,6,0
41413,21,100000,MORTGAGE,5.0,EDUCATION,A,2000,5.42,0.02,N,4,0
41414,46,100000,MORTGAGE,0.0,EDUCATION,B,20000,12.69,0.2,N,15,0
41415,28,58951,RENT,7.0,HOMEIMPROVEMENT,A,7000,7.14,0.12,N,8,0
41416,27,52000,RENT,7.0,MEDICAL,C,4000,13.35,0.08,Y,7,0
41417,43,34000,RENT,1.0,DEBTCONSOLIDATION,C,10000,12.87,0.29,Y,16,0
41418,34,65000,MORTGAGE,10.0,HOMEIMPROVEMENT,A,8000,6.62,0.12,N,5,0
41419,24,31000,RENT,3.0,VENTURE,A,10000,6.62,0.32,N,3,1
41420,24,50000,MORTGAGE,3.0,MEDICAL,A,10500,7.29,0.21,N,2,0
41421,25,30000,MORTGAGE,9.0,MEDICAL,B,10200,10.99,0.33,N,3,0
41422,26,50000,MORTGAGE,10.0,DEBTCONSOLIDATION,B,20000,12.21,0.4,N,4,0
41423,30,63000,MORTGAGE,1.0,PERSONAL,B,8000,10.0,0.13,N,5,0
41424,27,50000,MORTGAGE,0.0,HOMEIMPROVEMENT,A,7200,5.42,0.14,N,10,0
41425,23,62500,MORTGAGE,7.0,VENTURE,B,6000,9.99,0.1,N,2,0
41426,28,70000,MORTGAGE,7.0,MEDICAL,B,13800,9.88,0.19,N,7,0
41427,29,66300,MORTGAGE,8.0,MEDICAL,A,6000,7.9,0.08,N,6,1
41428,28,55000,RENT,1.0,PERSONAL,B,10000,12.53,0.18,N,5,0
41429,39,130000,OWN,20.0,HOMEIMPROVEMENT,A,6000,5.42,0.05,N,11,0
41430,23,26400,RENT,0.0,EDUCATION,A,7000,6.91,0.27,N,2,0
41431,24,70000,RENT,8.0,EDUCATION,C,10000,15.96,0.14,Y,2,0
41432,22,73200,MORTGAGE,6.0,EDUCATION,B,4500,10.99,0.07,N,3,0
41433,41,60000,MORTGAGE,4.0,VENTURE,A,10000,6.62,0.17,N,17,0
41434,29,60000,MORTGAGE,2.0,EDUCATION,A,4000,7.51,0.07,N,10,0
41435,23,50000,OWN,0.0,VENTURE,C,6500,14.27,0.13,Y,4,0
41436,24,30000,RENT,0.0,DEBTCONSOLIDATION,B,7200,10.95,0.24,N,4,0
41437,25,80000,RENT,9.0,VENTURE,B,3000,10.99,0.04,N,4,0
41438,40,130000,MORTGAGE,1.0,PERSONAL,B,11000,10.99,0.08,N,12,0
41439,25,140000,MORTGAGE,5.0,DEBTCONSOLIDATION,B,12000,9.99,0.09,N,3,0
41440,26,125000,RENT,10.0,VENTURE,A,30000,7.51,0.24,N,3,0
41441,34,120000,MORTGAGE,11.0,PERSONAL,A,12000,7.51,0.1,N,6,0
41442,24,49700,RENT,1.0,MEDICAL,B,6000,9.62,0.12,N,2,0
41443,32,75000,MORTGAGE,1.0,PERSONAL,A,10000,5.79,0.13,N,10,0
41444,39,40000,RENT,4.0,PERSONAL,C,5000,12.98,0.13,Y,11,0
41445,23,46000,RENT,1.0,VENTURE,A,7000,6.99,0.15,N,3,0
41446,34,30000,RENT,5.0,DEBTCONSOLIDATION,A,9000,7.51,0.3,N,8,1
41447,34,30000,MORTGAGE,3.0,DEBTCONSOLIDATION,A,15000,6.03,0.5,N,10,0
41448,21,65000,RENT,6.0,VENTURE,D,10000,15.7,0.15,Y,4,0
41449,22,28800,RENT,6.0,DEBTCONSOLIDATION,B,2500,10.0,0.09,N,3,0
41450,30,25000,RENT,6.0,VENTURE,B,4125,12.42,0.17,N,7,0
41451,32,80000,MORTGAGE,5.0,EDUCATION,A,15000,7.88,0.19,N,9,0
41452,29,72000,MORTGAGE,10.0,HOMEIMPROVEMENT,A,10000,7.49,0.14,N,6,0
41453,26,103000,MORTGAGE,2.0,VENTURE,A,8800,6.03,0.09,N,3,0
41454,28,30000,OWN,4.0,EDUCATION,B,5000,11.58,0.17,N,6,0
41455,28,60000,OWN,0.0,HOMEIMPROVEMENT,C,16000,12.84,0.27,Y,5,0
41456,33,59800,MORTGAGE,12.0,MEDICAL,A,7000,7.51,0.12,N,8,0
41457,25,85000,MORTGAGE,0.0,DEBTCONSOLIDATION,A,5000,8.63,0.06,N,2,0
41458,24,51000,RENT,8.0,EDUCATION,A,8000,7.49,0.16,N,2,0
41459,34,36000,MORTGAGE,3.0,DEBTCONSOLIDATION,A,12000,6.91,0.33,N,10,0
41460,28,65000,RENT,3.0,PERSONAL,B,15000,10.99,0.23,N,10,0
41461,34,80000,RENT,0.0,EDUCATION,B,10000,9.91,0.13,N,8,0
41462,24,80000,RENT,5.0,PERSONAL,B,4200,11.36,0.05,N,3,0
41463,22,51996,MORTGAGE,2.0,DEBTCONSOLIDATION,D,4000,14.09,0.08,Y,2,1
41464,23,72000,MORTGAGE,7.0,PERSONAL,B,20000,10.62,0.28,N,3,0
41465,27,83000,RENT,11.0,DEBTCONSOLIDATION,B,10000,11.71,0.12,N,7,0
41466,22,55000,RENT,2.0,EDUCATION,B,9000,10.0,0.16,N,3,0
41467,22,29000,RENT,1.0,EDUCATION,C,8500,13.49,0.3,Y,3,1
41468,41,60000,MORTGAGE,1.0,VENTURE,A,6400,7.49,0.11,N,15,0
41469,26,44000,RENT,2.0,PERSONAL,D,10000,15.65,0.23,N,2,1
41470,23,48000,RENT,2.0,EDUCATION,C,20000,13.8,0.42,Y,2,1
41471,24,60000,OWN,0.0,VENTURE,C,4000,14.22,0.07,N,4,0
41472,24,75689,MORTGAGE,7.0,DEBTCONSOLIDATION,B,18000,12.69,0.23,N,3,0
41473,23,24000,RENT,0.0,EDUCATION,C,4000,13.99,0.17,Y,2,0
41474,23,95000,OWN,3.0,VENTURE,A,10000,7.88,0.1,N,3,0
41475,31,100000,MORTGAGE,5.0,VENTURE,A,15000,8.49,0.15,N,5,0
41476,22,80000,RENT,6.0,EDUCATION,C,1500,14.22,0.02,Y,3,0
41477,27,55000,RENT,4.0,VENTURE,A,3200,5.79,0.06,N,6,0
41478,24,74000,RENT,3.0,VENTURE,B,10000,9.91,0.14,N,4,0
41479,23,54996,RENT,7.0,PERSONAL,A,15000,7.66,0.28,N,3,0
41480,31,39000,RENT,15.0,PERSONAL,D,14000,16.29,0.36,N,7,1
41481,24,35000,MORTGAGE,0.0,VENTURE,D,3600,14.61,0.1,N,3,0
41482,43,50000,MORTGAGE,6.0,VENTURE,A,11000,8.49,0.22,N,12,0
41483,23,50000,RENT,1.0,MEDICAL,B,8400,10.83,0.17,N,3,0
41484,44,40000,RENT,4.0,PERSONAL,B,8500,10.37,0.2,N,11,0
41485,23,45000,MORTGAGE,5.0,MEDICAL,B,5000,12.42,0.11,N,3,0
41486,23,62400,RENT,7.0,EDUCATION,D,10000,16.49,0.16,Y,3,0
41487,22,50000,MORTGAGE,6.0,VENTURE,B,4500,11.49,0.09,N,2,0
41488,31,150000,MORTGAGE,5.0,HOMEIMPROVEMENT,D,15000,15.58,0.1,N,5,0
41489,28,78200,MORTGAGE,3.0,MEDICAL,B,24250,10.62,0.28,N,8,1
41490,35,100000,MORTGAGE,2.0,PERSONAL,C,10000,12.87,0.1,Y,8,0
41491,28,90000,MORTGAGE,12.0,HOMEIMPROVEMENT,B,15000,11.49,0.17,N,8,0
41492,28,115000,RENT,7.0,VENTURE,A,3400,7.88,0.03,N,9,0
41493,42,32000,MORTGAGE,1.0,EDUCATION,B,10000,12.69,0.31,N,13,1
41494,25,78000,MORTGAGE,2.0,DEBTCONSOLIDATION,E,15000,16.0,0.19,N,2,1
41495,32,45000,RENT,0.0,EDUCATION,B,3000,11.49,0.07,N,6,0
41496,30,65000,RENT,2.0,DEBTCONSOLIDATION,A,7000,9.32,0.11,N,10,0
41497,24,95000,MORTGAGE,3.0,HOMEIMPROVEMENT,A,15000,6.17,0.16,N,4,0
41498,24,55000,RENT,3.0,EDUCATION,A,10000,8.49,0.18,N,4,0
41499,22,43108,MORTGAGE,2.0,VENTURE,C,12000,13.23,0.27,N,4,0
41500,21,45000,RENT,5.0,MEDICAL,A,5000,7.88,0.11,N,2,0
41501,26,100000,OWN,10.0,HOMEIMPROVEMENT,B,5000,10.75,0.05,N,2,0
41502,22,52000,RENT,2.0,EDUCATION,A,3600,7.68,0.07,N,3,0
41503,24,48880,RENT,2.0,VENTURE,B,6500,10.74,0.13,N,2,0
41504,27,50000,RENT,4.0,MEDICAL,C,10000,14.27,0.2,Y,9,0
41505,42,70000,RENT,4.0,DEBTCONSOLIDATION,B,10000,10.99,0.14,N,12,0
41506,21,15000,RENT,1.0,DEBTCONSOLIDATION,C,6000,13.57,0.4,N,2,1
41507,31,300000,MORTGAGE,0.0,HOMEIMPROVEMENT,A,10000,7.51,0.03,N,5,0
41508,25,30000,RENT,0.0,VENTURE,C,5200,15.96,0.17,N,3,0
41509,22,35000,MORTGAGE,6.0,DEBTCONSOLIDATION,B,5000,10.71,0.14,N,3,0
41510,23,36000,RENT,4.0,EDUCATION,A,4000,7.88,0.11,N,3,0
41511,24,50000,RENT,0.0,HOMEIMPROVEMENT,A,4500,6.91,0.09,N,2,0
41512,33,73500,RENT,1.0,HOMEIMPROVEMENT,C,15000,12.22,0.2,Y,6,0
41513,24,50000,RENT,0.0,PERSONAL,A,20000,7.9,0.4,N,2,1
41514,22,40000,RENT,0.0,EDUCATION,A,9000,7.51,0.23,N,4,0
41515,26,44500,RENT,3.0,DEBTCONSOLIDATION,A,15000,8.9,0.34,N,2,1
41516,36,62475,MORTGAGE,5.0,MEDICAL,D,9600,14.61,0.13,Y,11,1
41517,30,90000,RENT,3.0,VENTURE,C,6000,13.92,0.07,Y,5,0
41518,31,60000,RENT,4.0,MEDICAL,B,16000,10.62,0.27,N,5,0
41519,30,70000,RENT,4.0,PERSONAL,B,15000,10.0,0.21,N,10,0
41520,26,68000,RENT,0.0,VENTURE,C,7000,13.8,0.1,N,4,0
41521,22,52000,RENT,7.0,EDUCATION,A,2500,5.99,0.05,N,4,0
41522,29,55000,MORTGAGE,3.0,DEBTCONSOLIDATION,A,3750,6.76,0.07,N,6,0
41523,40,51500,RENT,1.0,HOMEIMPROVEMENT,B,18000,11.48,0.35,N,14,1
41524,30,48000,RENT,1.0,PERSONAL,B,3000,9.25,0.06,N,8,0
41525,23,78000,MORTGAGE,0.0,EDUCATION,A,10000,7.66,0.13,N,4,1
41526,23,78000,RENT,2.0,VENTURE,A,9600,7.66,0.12,N,4,0
41527,21,57000,MORTGAGE,6.0,MEDICAL,D,8000,14.96,0.14,N,3,1
41528,25,54990,RENT,4.0,DEBTCONSOLIDATION,C,15000,14.27,0.27,Y,2,0
41529,30,46000,RENT,2.0,PERSONAL,C,10000,12.53,0.22,N,9,0
41530,27,350000,MORTGAGE,1.0,EDUCATION,A,12000,7.88,0.03,N,8,0
41531,30,38000,MORTGAGE,3.0,DEBTCONSOLIDATION,B,2000,10.99,0.05,N,8,0
41532,23,50000,RENT,7.0,EDUCATION,B,8000,11.71,0.16,N,4,0
41533,29,150000,MORTGAGE,0.0,HOMEIMPROVEMENT,B,20000,11.48,0.13,N,7,0
41534,33,95000,RENT,5.0,MEDICAL,A,4800,6.54,0.05,N,5,0
41535,32,56400,RENT,1.0,VENTURE,E,8000,16.45,0.14,Y,9,1
41536,23,48000,MORTGAGE,8.0,EDUCATION,B,5000,9.99,0.1,N,4,0
41537,26,45000,MORTGAGE,10.0,PERSONAL,B,5200,11.49,0.12,N,4,1
41538,33,90000,MORTGAGE,14.0,HOMEIMPROVEMENT,B,15000,11.12,0.17,N,5,0
41539,22,60000,RENT,2.0,MEDICAL,C,5000,15.27,0.08,N,2,0
41540,23,22178,RENT,2.0,VENTURE,B,2500,11.99,0.11,N,3,0
41541,21,20000,OWN,2.0,PERSONAL,A,5000,8.59,0.25,N,2,0
41542,22,75000,MORTGAGE,6.0,MEDICAL,A,3000,5.42,0.04,N,4,0
41543,24,90000,RENT,5.0,PERSONAL,A,21000,7.9,0.23,N,2,0
41544,27,36000,RENT,0.0,VENTURE,B,12000,11.11,0.33,N,8,1
41545,27,78402,MORTGAGE,2.0,HOMEIMPROVEMENT,A,11200,6.99,0.14,N,7,1
41546,29,30000,RENT,2.0,PERSONAL,C,1500,12.53,0.05,Y,9,0
41547,43,50000,MORTGAGE,7.0,PERSONAL,A,6400,7.49,0.13,N,17,0
41548,27,40000,RENT,4.0,EDUCATION,B,12000,12.69,0.3,N,10,0
41549,23,51996,RENT,7.0,DEBTCONSOLIDATION,A,9600,7.88,0.18,N,2,0
41550,23,45600,RENT,2.0,EDUCATION,C,12000,14.65,0.26,N,4,0
41551,30,145000,MORTGAGE,0.0,HOMEIMPROVEMENT,B,7000,10.99,0.05,N,7,0
41552,23,27996,RENT,1.0,VENTURE,B,5500,9.45,0.2,N,3,0
41553,27,60000,RENT,2.0,MEDICAL,A,10000,8.59,0.17,N,6,0
41554,26,108000,RENT,1.0,EDUCATION,D,15000,17.49,0.14,N,3,1
41555,22,70800,MORTGAGE,6.0,EDUCATION,B,9600,12.53,0.14,N,2,0
41556,42,68000,MORTGAGE,6.0,EDUCATION,C,14000,12.98,0.21,Y,15,0
41557,24,70000,MORTGAGE,8.0,PERSONAL,B,8400,11.14,0.12,N,3,0
41558,23,30000,RENT,0.0,EDUCATION,C,6000,12.68,0.2,N,3,0
41559,25,78996,RENT,4.0,HOMEIMPROVEMENT,A,6000,7.51,0.08,N,4,1
41560,41,155000,RENT,5.0,HOMEIMPROVEMENT,C,18000,13.06,0.11,Y,12,0
41561,27,25000,RENT,2.0,MEDICAL,B,4000,10.95,0.16,N,7,0
41562,27,108000,RENT,5.0,PERSONAL,B,21000,11.71,0.19,N,6,0
41563,26,75000,MORTGAGE,0.0,DEBTCONSOLIDATION,A,12000,6.62,0.16,N,2,0
41564,29,50000,RENT,2.0,VENTURE,A,3000,7.88,0.06,N,7,0
41565,22,25200,RENT,0.0,HOMEIMPROVEMENT,D,4000,15.7,0.16,Y,4,1
41566,25,225000,MORTGAGE,9.0,DEBTCONSOLIDATION,B,16000,9.91,0.07,N,2,0
41567,36,51600,MORTGAGE,14.0,VENTURE,A,13000,8.49,0.25,N,12,0
41568,36,48996,RENT,5.0,MEDICAL,D,20000,14.61,0.4,N,16,1
41569,43,350000,MORTGAGE,0.0,PERSONAL,B,12000,10.59,0.03,N,16,0
41570,21,62496,MORTGAGE,5.0,EDUCATION,D,2400,14.96,0.04,Y,4,0
41571,29,36000,OWN,2.0,VENTURE,A,1000,8.59,0.03,N,6,0
41572,23,130000,MORTGAGE,7.0,MEDICAL,A,7000,7.14,0.05,N,2,0
41573,23,84000,MORTGAGE,2.0,EDUCATION,A,12000,7.49,0.14,N,2,0
41574,21,37200,RENT,3.0,DEBTCONSOLIDATION,A,7000,7.9,0.19,N,4,0
41575,24,60000,RENT,6.0,DEBTCONSOLIDATION,A,10000,8.9,0.17,N,2,0
41576,26,30000,OWN,4.0,MEDICAL,C,8000,13.47,0.27,Y,3,0
41577,55,72000,MORTGAGE,8.0,PERSONAL,A,5000,6.99,0.07,N,20,0
41578,39,40800,RENT,5.0,MEDICAL,B,2700,11.71,0.07,N,17,0
41579,28,70000,MORTGAGE,3.0,MEDICAL,B,14400,12.42,0.2,N,10,0
41580,24,42000,MORTGAGE,4.0,EDUCATION,A,4200,8.59,0.1,N,4,0
41581,27,27048,RENT,7.0,MEDICAL,D,10750,15.05,0.4,Y,10,1
41582,40,110000,MORTGAGE,3.0,PERSONAL,C,9000,13.72,0.08,Y,15,0
41583,25,65000,MORTGAGE,9.0,PERSONAL,A,15000,6.54,0.23,N,4,0
41584,30,180000,RENT,2.0,MEDICAL,B,20000,12.42,0.11,N,10,0
41585,30,85000,MORTGAGE,3.0,VENTURE,B,12000,11.71,0.14,N,8,0
41586,25,43000,RENT,9.0,VENTURE,B,5000,11.46,0.12,N,3,0
41587,28,54000,MORTGAGE,1.0,PERSONAL,A,20000,7.9,0.37,N,9,0
41588,23,140000,MORTGAGE,7.0,DEBTCONSOLIDATION,B,12000,10.38,0.09,N,3,0
41589,23,40000,MORTGAGE,7.0,EDUCATION,A,4000,6.39,0.1,N,3,0
41590,23,75000,MORTGAGE,4.0,MEDICAL,A,18000,7.9,0.24,N,4,0
41591,30,96000,MORTGAGE,8.0,EDUCATION,B,35000,10.25,0.37,N,5,0
41592,24,50000,OWN,8.0,PERSONAL,C,8000,13.61,0.16,N,4,0
41593,29,145656,MORTGAGE,2.0,VENTURE,B,10000,10.37,0.07,N,6,0
41594,25,59000,RENT,5.0,PERSONAL,D,20000,16.89,0.34,N,3,1
41595,29,81000,MORTGAGE,2.0,MEDICAL,B,5000,10.75,0.06,N,9,0
41596,36,58000,RENT,2.0,MEDICAL,C,7200,14.72,0.12,Y,13,0
41597,41,35000,RENT,17.0,EDUCATION,B,6000,11.71,0.17,N,16,0
41598,27,48000,RENT,11.0,EDUCATION,A,7000,8.49,0.15,N,5,0
41599,42,58650,MORTGAGE,17.0,EDUCATION,D,24000,14.91,0.35,N,15,1
41600,29,90000,MORTGAGE,13.0,MEDICAL,B,8000,10.99,0.09,N,8,0
41601,43,44000,RENT,0.0,PERSONAL,D,11000,15.31,0.25,N,15,0
41602,36,54000,RENT,7.0,MEDICAL,A,4800,7.9,0.09,N,13,1
41603,36,51000,MORTGAGE,1.0,VENTURE,A,1800,5.79,0.04,N,13,0
41604,27,36000,RENT,2.0,VENTURE,B,12000,10.36,0.33,N,5,1
41605,25,54000,MORTGAGE,9.0,PERSONAL,B,4000,11.86,0.07,N,2,0
41606,24,50000,MORTGAGE,2.0,EDUCATION,A,10000,6.03,0.2,N,4,0
41607,27,35000,RENT,6.0,MEDICAL,D,5000,17.58,0.14,N,7,1
41608,27,150000,MORTGAGE,11.0,DEBTCONSOLIDATION,C,8000,14.27,0.05,Y,8,0
41609,37,90000,RENT,0.0,VENTURE,C,8000,13.49,0.09,N,17,0
41610,29,51000,OWN,5.0,VENTURE,A,16000,6.17,0.31,N,7,0
41611,30,45000,RENT,5.0,EDUCATION,B,8000,11.12,0.18,N,6,0
41612,46,55000,RENT,3.0,PERSONAL,D,10000,14.11,0.18,N,16,0
41613,33,60000,RENT,2.0,PERSONAL,A,3000,7.51,0.05,N,5,0
41614,22,50000,RENT,6.0,EDUCATION,A,10000,7.88,0.2,N,2,0
41615,24,52000,MORTGAGE,3.0,HOMEIMPROVEMENT,D,9600,14.42,0.18,N,4,0
41616,23,51630,RENT,8.0,MEDICAL,B,4000,10.59,0.08,N,2,0
41617,27,90000,MORTGAGE,11.0,EDUCATION,A,12000,8.94,0.13,N,5,0
41618,24,42000,RENT,2.0,MEDICAL,B,5000,10.37,0.12,N,2,0
41619,26,108000,MORTGAGE,10.0,HOMEIMPROVEMENT,B,10000,10.99,0.09,N,3,0
41620,22,24000,OWN,6.0,VENTURE,A,7000,8.59,0.29,N,4,0
41621,25,42000,RENT,4.0,MEDICAL,C,7000,13.35,0.17,N,2,0
41622,36,38500,RENT,3.0,DEBTCONSOLIDATION,C,4000,11.03,0.11,Y,13,0
41623,24,62000,MORTGAGE,8.0,MEDICAL,A,9000,5.79,0.15,N,2,0
41624,33,24000,RENT,0.0,HOMEIMPROVEMENT,D,6000,16.49,0.25,Y,10,1
41625,23,60000,RENT,3.0,VENTURE,A,10000,7.51,0.17,N,3,0
41626,25,75996,MORTGAGE,6.0,MEDICAL,B,15000,10.62,0.2,N,3,0
41627,23,56000,RENT,7.0,VENTURE,D,10000,15.05,0.18,N,4,0
41628,23,75000,RENT,2.0,EDUCATION,A,14000,7.51,0.19,N,3,0
41629,40,60000,RENT,2.0,HOMEIMPROVEMENT,B,14000,12.53,0.23,N,15,0
41630,23,30000,RENT,0.0,VENTURE,E,7500,17.04,0.25,N,2,1
41631,22,30000,RENT,2.0,EDUCATION,A,4000,7.29,0.13,N,3,0
41632,31,100000,RENT,8.0,PERSONAL,A,5600,6.76,0.06,N,6,0
41633,22,55000,RENT,4.0,VENTURE,B,10000,12.69,0.18,N,2,0
41634,29,46000,MORTGAGE,0.0,DEBTCONSOLIDATION,A,10000,8.59,0.22,N,10,0
41635,25,62000,RENT,3.0,MEDICAL,C,5000,13.47,0.08,Y,2,0
41636,29,45000,RENT,2.0,VENTURE,C,6000,13.23,0.13,N,5,0
41637,28,60000,RENT,0.0,PERSONAL,A,4000,7.29,0.07,N,5,0
41638,29,120000,RENT,1.0,DEBTCONSOLIDATION,B,17000,11.14,0.14,N,9,0
41639,28,100000,MORTGAGE,12.0,MEDICAL,A,10000,6.62,0.1,N,6,0
41640,24,36000,RENT,0.0,EDUCATION,B,11200,12.42,0.31,N,3,1
41641,26,65000,RENT,3.0,DEBTCONSOLIDATION,B,5000,10.74,0.08,N,2,0
41642,24,85000,MORTGAGE,4.0,VENTURE,B,8000,10.75,0.09,N,2,0
41643,23,43000,RENT,4.0,EDUCATION,B,8000,9.99,0.19,N,4,0
41644,23,105804,MORTGAGE,7.0,EDUCATION,D,15000,15.95,0.14,N,2,0
41645,24,100000,MORTGAGE,8.0,HOMEIMPROVEMENT,C,12000,14.79,0.12,Y,2,0
41646,24,44875,MORTGAGE,8.0,VENTURE,A,7500,5.99,0.17,N,4,0
41647,31,97500,RENT,0.0,PERSONAL,B,24000,10.99,0.25,N,9,0
41648,21,46000,MORTGAGE,5.0,DEBTCONSOLIDATION,C,18000,14.26,0.39,N,2,0
41649,27,48715,MORTGAGE,2.0,EDUCATION,B,12000,9.91,0.25,N,10,0
41650,25,75000,MORTGAGE,6.0,DEBTCONSOLIDATION,A,15000,6.99,0.2,N,3,0
41651,28,60000,MORTGAGE,12.0,DEBTCONSOLIDATION,A,10000,5.42,0.15,N,8,0
41652,22,30000,RENT,0.0,VENTURE,B,6000,11.48,0.2,N,4,1
41653,26,56000,RENT,6.0,DEBTCONSOLIDATION,C,6000,16.11,0.11,N,2,0
41654,36,45600,RENT,6.0,MEDICAL,B,5000,10.99,0.11,N,16,0
41655,26,165000,MORTGAGE,10.0,PERSONAL,A,20000,7.88,0.12,N,4,0
41656,26,36000,MORTGAGE,6.0,MEDICAL,A,4000,8.49,0.11,N,4,0
41657,29,65000,RENT,13.0,VENTURE,A,15000,7.51,0.23,N,7,0
41658,25,43000,MORTGAGE,9.0,PERSONAL,A,5000,7.9,0.12,N,4,0
41659,22,60000,MORTGAGE,6.0,PERSONAL,A,15000,7.49,0.25,N,4,0
41660,22,49500,MORTGAGE,5.0,VENTURE,B,10000,10.36,0.2,N,4,0
41661,24,75000,MORTGAGE,4.0,EDUCATION,B,8000,11.49,0.11,N,2,0
41662,25,24000,RENT,2.0,MEDICAL,B,7000,11.71,0.29,N,3,0
41663,21,56000,MORTGAGE,5.0,PERSONAL,A,12000,5.42,0.21,N,2,0
41664,44,28000,MORTGAGE,0.0,EDUCATION,A,2000,7.29,0.07,N,14,0
41665,36,70000,MORTGAGE,4.0,HOMEIMPROVEMENT,A,6000,7.88,0.09,N,14,0
41666,27,91000,RENT,3.0,MEDICAL,B,14400,12.42,0.16,N,9,0
41667,26,78000,MORTGAGE,0.0,MEDICAL,A,5000,5.42,0.06,N,3,0
41668,23,85000,OWN,7.0,MEDICAL,B,14400,10.59,0.17,N,2,0
41669,41,31000,RENT,0.0,EDUCATION,C,5000,13.47,0.16,Y,14,0
41670,34,40000,RENT,0.0,EDUCATION,A,3500,6.91,0.09,N,7,0
41671,28,50000,RENT,4.0,DEBTCONSOLIDATION,B,15000,11.89,0.3,N,9,0
41672,44,52000,MORTGAGE,13.0,PERSONAL,A,5000,5.99,0.1,N,11,0
41673,23,67000,OWN,5.0,EDUCATION,A,10000,7.9,0.15,N,2,0
41674,22,45000,RENT,2.0,EDUCATION,B,6000,9.91,0.13,N,4,0
41675,26,111000,MORTGAGE,1.0,EDUCATION,A,1000,8.0,0.01,N,3,0
41676,25,96000,OWN,3.0,VENTURE,B,10000,9.99,0.1,N,4,0
41677,22,32000,RENT,6.0,MEDICAL,B,15000,10.25,0.47,N,3,1
41678,40,50000,RENT,3.0,DEBTCONSOLIDATION,E,12000,17.14,0.24,N,16,1
41679,26,48500,RENT,1.0,EDUCATION,B,4800,10.28,0.1,N,3,0
41680,42,36000,RENT,2.0,MEDICAL,A,10000,7.88,0.28,N,12,0
41681,22,69000,MORTGAGE,6.0,VENTURE,A,12000,6.99,0.17,N,2,0
41682,24,40000,RENT,5.0,MEDICAL,B,3000,11.99,0.07,N,3,0
41683,23,130000,RENT,2.0,EDUCATION,A,24000,6.99,0.19,N,2,0
41684,23,66996,MORTGAGE,3.0,EDUCATION,A,8000,7.88,0.12,N,3,0
41685,37,37000,RENT,4.0,EDUCATION,A,17500,7.9,0.47,N,16,1
41686,25,65000,RENT,6.0,HOMEIMPROVEMENT,D,15000,15.33,0.23,Y,4,0
41687,27,37200,RENT,3.0,MEDICAL,A,10000,7.49,0.27,N,10,0
41688,26,32000,RENT,3.0,DEBTCONSOLIDATION,B,10000,10.99,0.31,N,2,1
41689,29,90722,MORTGAGE,6.0,HOMEIMPROVEMENT,A,12000,6.62,0.13,N,9,0
41690,24,40000,RENT,5.0,PERSONAL,A,8000,7.9,0.2,N,3,0
41691,25,36000,RENT,3.0,VENTURE,A,10000,7.66,0.28,N,4,0
41692,25,38496,MORTGAGE,7.0,PERSONAL,A,9000,8.0,0.23,N,3,0
41693,24,80000,MORTGAGE,8.0,EDUCATION,A,10000,7.49,0.13,N,2,0
41694,28,52800,MORTGAGE,10.0,MEDICAL,B,5000,11.83,0.09,N,8,0
41695,22,60000,MORTGAGE,2.0,DEBTCONSOLIDATION,B,15000,11.86,0.25,N,3,0
41696,23,60000,MORTGAGE,3.0,DEBTCONSOLIDATION,C,12000,12.73,0.2,Y,2,0
41697,22,70000,RENT,6.0,EDUCATION,A,10000,7.66,0.14,N,4,0
41698,24,41000,MORTGAGE,6.0,VENTURE,A,7000,7.51,0.17,N,3,0
41699,22,50000,RENT,3.0,VENTURE,C,2500,13.49,0.05,N,3,0
41700,23,60000,MORTGAGE,5.0,EDUCATION,A,5000,7.88,0.08,N,3,0
41701,29,70000,MORTGAGE,1.0,MEDICAL,B,8000,10.39,0.11,N,5,0
41702,30,24000,RENT,3.0,MEDICAL,A,5000,7.14,0.21,N,8,0
41703,30,85000,MORTGAGE,14.0,MEDICAL,A,10000,8.94,0.12,N,10,0
41704,39,46500,MORTGAGE,13.0,EDUCATION,C,8400,14.72,0.18,Y,16,0
41705,32,18996,RENT,0.0,MEDICAL,D,5000,14.42,0.28,N,6,1
41706,25,54000,MORTGAGE,5.0,VENTURE,B,9600,12.42,0.18,N,4,0
41707,25,70000,MORTGAGE,1.0,EDUCATION,C,10000,14.27,0.14,N,2,0
41708,25,72800,MORTGAGE,9.0,HOMEIMPROVEMENT,B,24000,10.99,0.32,N,4,0
41709,29,60000,MORTGAGE,1.0,HOMEIMPROVEMENT,C,15000,12.73,0.25,N,7,0
41710,32,50000,RENT,3.0,DEBTCONSOLIDATION,C,16000,12.73,0.32,N,5,1
41711,25,96000,MORTGAGE,7.0,PERSONAL,D,25000,15.33,0.26,N,3,0
41712,39,84000,MORTGAGE,1.0,HOMEIMPROVEMENT,B,3000,10.99,0.04,N,11,0
41713,24,69000,RENT,4.0,VENTURE,A,6000,7.49,0.09,N,4,0
41714,29,135456,MORTGAGE,14.0,MEDICAL,C,16000,13.22,0.12,Y,8,0
41715,24,33000,MORTGAGE,9.0,VENTURE,B,9000,11.99,0.27,N,3,0
41716,27,55000,MORTGAGE,11.0,MEDICAL,A,6000,7.14,0.11,N,8,0
41717,36,80000,MORTGAGE,7.0,PERSONAL,B,3000,10.65,0.04,N,16,0
41718,23,120000,MORTGAGE,2.0,VENTURE,C,30000,13.99,0.25,N,4,0
41719,22,60000,MORTGAGE,2.0,DEBTCONSOLIDATION,A,11000,8.94,0.18,N,4,0
41720,29,75000,MORTGAGE,13.0,VENTURE,A,12000,6.03,0.16,N,8,0
41721,24,58000,RENT,6.0,MEDICAL,A,12000,7.29,0.21,N,3,0
41722,22,70004,MORTGAGE,5.0,DEBTCONSOLIDATION,B,14400,12.69,0.21,N,4,0
41723,25,100000,MORTGAGE,9.0,HOMEIMPROVEMENT,A,18000,8.49,0.18,N,3,0
41724,27,65000,OWN,1.0,PERSONAL,A,12000,5.79,0.18,N,10,0
41725,26,85900,MORTGAGE,7.0,DEBTCONSOLIDATION,B,20000,12.53,0.23,N,2,0
41726,27,75000,RENT,11.0,PERSONAL,D,7000,15.21,0.09,N,5,0
41727,24,85000,RENT,2.0,HOMEIMPROVEMENT,B,15000,9.88,0.18,N,3,0
41728,36,40000,MORTGAGE,0.0,DEBTCONSOLIDATION,A,10000,7.29,0.25,N,11,0
41729,25,75000,MORTGAGE,9.0,VENTURE,B,12000,10.59,0.16,N,2,0
41730,37,75000,RENT,5.0,PERSONAL,A,35000,8.9,0.5,N,15,1
41731,29,116004,RENT,13.0,MEDICAL,B,6000,11.83,0.05,N,6,0
41732,28,65000,RENT,12.0,HOMEIMPROVEMENT,B,17000,11.86,0.25,N,9,0
41733,24,34560,RENT,2.0,EDUCATION,D,10000,14.96,0.29,N,3,1
41734,23,36000,RENT,4.0,MEDICAL,B,15000,11.71,0.42,N,2,1
41735,29,45000,MORTGAGE,8.0,EDUCATION,C,6000,13.49,0.13,Y,9,0
41736,24,50000,MORTGAGE,2.0,PERSONAL,B,4000,10.99,0.08,N,3,0
41737,33,68000,MORTGAGE,7.0,MEDICAL,C,11500,13.92,0.17,Y,8,0
41738,25,40000,RENT,2.0,PERSONAL,A,2400,6.92,0.05,N,3,0
41739,25,30000,OWN,2.0,PERSONAL,C,8000,15.23,0.27,Y,2,0
41740,24,50000,RENT,8.0,MEDICAL,B,7000,11.26,0.14,N,4,0
41741,23,80000,RENT,5.0,EDUCATION,B,4000,11.71,0.05,N,2,0
41742,30,30000,RENT,0.0,EDUCATION,C,5000,13.23,0.17,Y,8,1
41743,36,100000,MORTGAGE,2.0,DEBTCONSOLIDATION,A,5000,5.42,0.05,N,16,0
41744,24,95000,MORTGAGE,6.0,PERSONAL,A,12000,7.88,0.13,N,4,0
41745,22,75000,MORTGAGE,4.0,MEDICAL,A,10000,7.49,0.13,N,2,0
41746,45,49500,RENT,2.0,EDUCATION,B,25000,9.62,0.5,N,12,1
41747,36,62000,MORTGAGE,2.0,VENTURE,A,10000,7.29,0.16,N,14,0
41748,24,25000,OWN,0.0,PERSONAL,A,7500,8.38,0.3,N,3,0
41749,27,90000,MORTGAGE,11.0,MEDICAL,B,6000,9.25,0.07,N,9,0
41750,21,45000,RENT,5.0,MEDICAL,B,4000,11.49,0.09,N,4,0
41751,49,70000,MORTGAGE,1.0,VENTURE,B,8000,12.21,0.11,N,12,0
41752,24,105000,MORTGAGE,8.0,EDUCATION,E,35000,16.69,0.33,N,3,0
41753,28,120000,MORTGAGE,1.0,VENTURE,D,25000,16.77,0.21,N,10,0
41754,27,34000,RENT,3.0,VENTURE,C,2000,14.72,0.06,N,10,0
41755,23,49000,MORTGAGE,1.0,EDUCATION,F,8000,18.72,0.16,Y,4,1
41756,34,48609,RENT,18.0,EDUCATION,A,12000,7.51,0.25,N,8,0
41757,28,30000,MORTGAGE,12.0,MEDICAL,C,6500,13.99,0.22,N,8,0
41758,24,60000,MORTGAGE,7.0,PERSONAL,C,15000,13.57,0.25,Y,3,0
41759,23,50000,RENT,3.0,EDUCATION,A,10000,9.63,0.2,N,3,0
41760,33,54000,MORTGAGE,13.0,VENTURE,C,5500,12.53,0.1,N,7,0
41761,24,54000,RENT,1.0,MEDICAL,D,19750,14.11,0.36,N,3,1
41762,23,25000,RENT,3.0,EDUCATION,D,10000,15.62,0.4,N,4,1
41763,33,41004,MORTGAGE,10.0,EDUCATION,E,14500,16.35,0.33,N,8,0
41764,33,96000,MORTGAGE,5.0,DEBTCONSOLIDATION,A,20000,6.54,0.21,N,5,0
41765,36,63554,RENT,17.0,DEBTCONSOLIDATION,D,20000,14.11,0.31,N,15,1
41766,24,125000,RENT,5.0,DEBTCONSOLIDATION,A,12000,7.29,0.1,N,4,0
41767,48,60000,RENT,5.0,MEDICAL,A,8000,7.29,0.13,N,13,0
41768,25,35000,RENT,9.0,MEDICAL,A,6000,7.88,0.17,N,3,0
41769,27,135000,MORTGAGE,11.0,VENTURE,A,11000,9.32,0.08,N,6,0
41770,24,98000,MORTGAGE,7.0,VENTURE,C,12000,13.57,0.12,N,2,1
41771,32,65000,RENT,0.0,DEBTCONSOLIDATION,A,12000,8.49,0.18,N,7,0
41772,33,58800,RENT,4.0,MEDICAL,B,3000,10.99,0.05,N,8,0
41773,22,60000,MORTGAGE,4.0,PERSONAL,A,10000,7.51,0.17,N,2,0
41774,24,91800,RENT,6.0,MEDICAL,D,10000,16.89,0.09,N,3,1
41775,24,60000,RENT,1.0,EDUCATION,A,14000,7.88,0.23,N,2,0
41776,30,100000,MORTGAGE,14.0,PERSONAL,B,13000,10.65,0.13,N,7,0
41777,28,50000,OWN,7.0,PERSONAL,B,6000,11.14,0.12,N,8,0
41778,30,60000,RENT,2.0,EDUCATION,C,10000,13.22,0.17,N,8,0
41779,26,60000,RENT,0.0,EDUCATION,B,18000,10.71,0.3,N,3,0
41780,32,60000,RENT,1.0,PERSONAL,B,5600,9.99,0.09,N,10,0
41781,28,58000,MORTGAGE,12.0,EDUCATION,C,8000,13.85,0.14,Y,10,0
41782,25,39000,OWN,4.0,PERSONAL,C,6000,13.79,0.15,Y,2,1
41783,22,30000,RENT,4.0,MEDICAL,B,6000,10.65,0.2,N,3,0
41784,28,72000,RENT,12.0,EDUCATION,B,15000,9.88,0.21,N,10,0
41785,50,115000,MORTGAGE,14.0,MEDICAL,A,4800,6.03,0.04,N,12,0
41786,35,60000,MORTGAGE,7.0,VENTURE,C,6000,12.73,0.1,Y,10,0
41787,27,65000,MORTGAGE,11.0,HOMEIMPROVEMENT,A,5000,5.42,0.08,N,7,0
41788,39,90000,RENT,4.0,EDUCATION,A,3500,8.0,0.04,N,13,0
41789,22,30000,RENT,6.0,DEBTCONSOLIDATION,B,6000,11.86,0.2,N,2,0
41790,29,85000,MORTGAGE,2.0,PERSONAL,A,5500,7.49,0.06,N,7,0
41791,21,30988,RENT,0.0,PERSONAL,D,2400,16.29,0.08,Y,3,1
41792,24,75000,RENT,4.0,PERSONAL,A,18000,7.49,0.24,N,3,0
41793,24,60000,RENT,2.0,EDUCATION,C,10000,14.27,0.17,Y,3,0
41794,27,35000,MORTGAGE,12.0,EDUCATION,B,4000,10.28,0.1,N,5,0
41795,28,60000,RENT,0.0,PERSONAL,C,2000,13.49,0.03,N,8,0
41796,29,50000,OWN,8.0,VENTURE,C,8000,13.49,0.16,Y,7,0
41797,24,38000,RENT,2.0,EDUCATION,C,3000,12.68,0.08,Y,4,0
41798,22,30000,MORTGAGE,0.0,EDUCATION,E,6000,19.42,0.2,N,3,0
41799,25,75000,MORTGAGE,2.0,DEBTCONSOLIDATION,A,12000,6.62,0.16,N,3,0
41800,43,37000,RENT,3.0,DEBTCONSOLIDATION,D,12000,15.65,0.33,N,14,1
41801,32,50000,RENT,4.0,MEDICAL,A,11000,8.94,0.22,N,10,0
41802,25,80000,MORTGAGE,9.0,EDUCATION,C,15000,12.61,0.19,Y,2,0
41803,30,64500,MORTGAGE,14.0,MEDICAL,C,7000,13.98,0.11,Y,7,0
41804,23,95000,MORTGAGE,7.0,VENTURE,B,5000,10.99,0.05,N,3,0
41805,30,96000,MORTGAGE,3.0,HOMEIMPROVEMENT,A,12000,7.51,0.13,N,10,0
41806,27,65000,RENT,2.0,VENTURE,B,6000,12.42,0.09,N,8,0
41807,22,74909,MORTGAGE,6.0,MEDICAL,A,10000,7.66,0.13,N,3,0
41808,29,43000,RENT,4.0,DEBTCONSOLIDATION,B,7200,12.69,0.17,N,10,0
41809,32,58800,MORTGAGE,16.0,PERSONAL,B,3500,10.37,0.06,N,6,0
41810,23,140000,MORTGAGE,2.0,PERSONAL,A,12000,7.88,0.09,N,3,0
41811,22,62500,MORTGAGE,6.0,DEBTCONSOLIDATION,A,4000,7.66,0.06,N,4,0
41812,31,28000,RENT,0.0,VENTURE,D,5000,16.49,0.18,N,9,1
41813,27,110000,RENT,11.0,PERSONAL,B,3600,10.25,0.03,N,7,0
41814,35,46000,RENT,8.0,VENTURE,B,13000,9.91,0.28,N,10,0
41815,23,78000,MORTGAGE,3.0,PERSONAL,A,5000,7.49,0.06,N,4,0
41816,33,58000,RENT,4.0,MEDICAL,A,16000,7.9,0.26,N,5,0
41817,24,32500,RENT,1.0,VENTURE,D,12500,14.83,0.37,Y,2,1
41818,29,75000,MORTGAGE,8.0,HOMEIMPROVEMENT,D,10400,15.21,0.13,N,9,0
41819,26,75500,RENT,5.0,MEDICAL,C,7000,13.16,0.09,N,2,0
41820,37,80000,MORTGAGE,5.0,HOMEIMPROVEMENT,A,6000,7.88,0.07,N,12,0
41821,24,30000,MORTGAGE,6.0,HOMEIMPROVEMENT,B,6000,11.71,0.2,N,4,0
41822,24,42000,MORTGAGE,4.0,HOMEIMPROVEMENT,B,8000,11.14,0.19,N,4,0
41823,23,36000,OWN,5.0,VENTURE,A,10500,7.14,0.3,N,3,0
41824,23,100000,MORTGAGE,7.0,EDUCATION,B,5200,10.75,0.05,N,2,0
41825,25,53155,MORTGAGE,10.0,VENTURE,A,4000,6.76,0.07,N,2,0
41826,51,54000,RENT,5.0,MEDICAL,D,10000,15.31,0.19,Y,28,0
41827,33,40000,RENT,1.0,DEBTCONSOLIDATION,A,6000,6.17,0.15,N,10,0
41828,21,34000,RENT,0.0,EDUCATION,E,5500,16.7,0.16,N,3,1
41829,33,70000,MORTGAGE,6.0,HOMEIMPROVEMENT,E,17600,16.35,0.26,N,6,0
41830,32,42000,RENT,1.0,VENTURE,B,3000,10.0,0.07,N,9,0
41831,25,42000,RENT,6.0,MEDICAL,C,5000,13.8,0.12,N,2,0
41832,33,25000,RENT,0.0,PERSONAL,A,3000,8.9,0.12,N,7,0
41833,29,30000,RENT,4.0,VENTURE,C,5000,13.16,0.17,N,10,0
41834,30,85000,RENT,4.0,MEDICAL,A,5000,6.92,0.06,N,10,0
41835,37,42000,RENT,5.0,PERSONAL,F,2500,21.36,0.06,Y,17,0
41836,24,80000,MORTGAGE,8.0,EDUCATION,A,4800,7.51,0.06,N,4,0
41837,24,72000,OWN,8.0,EDUCATION,A,6000,7.14,0.08,N,3,0
41838,22,40000,RENT,6.0,EDUCATION,B,10000,11.71,0.25,N,4,0
41839,32,70000,RENT,4.0,HOMEIMPROVEMENT,D,20000,14.91,0.29,Y,10,0
41840,23,55000,MORTGAGE,8.0,DEBTCONSOLIDATION,B,18400,9.99,0.34,N,4,0
41841,23,66000,RENT,1.0,HOMEIMPROVEMENT,D,20000,14.59,0.3,N,3,1
41842,22,30000,RENT,6.0,EDUCATION,A,2000,7.29,0.07,N,3,0
41843,26,50000,RENT,0.0,MEDICAL,A,12000,7.29,0.24,N,3,0
41844,33,110000,RENT,3.0,DEBTCONSOLIDATION,A,6000,7.14,0.05,N,8,0
41845,25,48000,RENT,5.0,DEBTCONSOLIDATION,C,7000,14.65,0.15,Y,4,0
41846,22,60000,RENT,0.0,EDUCATION,B,15000,10.75,0.25,N,2,0
41847,24,44000,MORTGAGE,2.0,EDUCATION,D,3500,15.65,0.08,Y,4,0
41848,29,33000,RENT,3.0,DEBTCONSOLIDATION,C,1600,14.22,0.05,Y,6,0
41849,31,77000,MORTGAGE,15.0,DEBTCONSOLIDATION,C,10000,13.06,0.13,N,9,0
41850,27,200000,MORTGAGE,11.0,PERSONAL,A,15000,7.88,0.07,N,6,0
41851,22,53000,MORTGAGE,6.0,MEDICAL,B,3000,11.71,0.06,N,3,0
41852,22,40000,RENT,1.0,PERSONAL,A,6000,7.68,0.15,N,4,0
41853,29,42000,RENT,4.0,PERSONAL,A,7000,8.49,0.17,N,10,0
41854,32,36000,RENT,2.0,MEDICAL,A,5000,7.29,0.14,N,8,0
41855,22,60000,MORTGAGE,4.0,EDUCATION,A,6000,7.14,0.1,N,4,0
41856,27,71000,MORTGAGE,11.0,DEBTCONSOLIDATION,D,15000,15.95,0.21,N,6,1
41857,38,15996,RENT,3.0,PERSONAL,C,4000,13.49,0.25,Y,14,0
41858,29,180000,MORTGAGE,5.0,PERSONAL,A,14000,5.79,0.08,N,9,0
41859,28,59000,MORTGAGE,12.0,PERSONAL,A,10000,7.29,0.17,N,7,0
41860,42,60000,MORTGAGE,5.0,DEBTCONSOLIDATION,B,12000,10.99,0.2,N,15,0
41861,22,40000,RENT,0.0,MEDICAL,C,8000,13.49,0.2,N,2,0
41862,24,58000,RENT,0.0,DEBTCONSOLIDATION,A,6000,6.03,0.1,N,4,0
41863,28,80000,RENT,0.0,MEDICAL,C,25000,12.87,0.31,N,10,1
41864,31,65000,MORTGAGE,1.0,VENTURE,A,4000,7.43,0.06,N,10,0
41865,35,24000,RENT,1.0,HOMEIMPROVEMENT,A,12000,6.54,0.5,N,5,1
41866,39,102000,RENT,16.0,DEBTCONSOLIDATION,B,8000,10.37,0.08,N,14,0
41867,23,48000,MORTGAGE,6.0,EDUCATION,A,5000,5.79,0.1,N,2,0
41868,27,90000,MORTGAGE,12.0,EDUCATION,A,3000,7.14,0.03,N,8,0
41869,30,108000,MORTGAGE,13.0,PERSONAL,A,5000,7.14,0.05,N,9,0
41870,23,42000,RENT,2.0,PERSONAL,B,12000,11.86,0.29,N,2,0
41871,28,30000,RENT,2.0,HOMEIMPROVEMENT,C,15000,13.11,0.5,Y,8,1
41872,21,34000,RENT,5.0,VENTURE,D,1200,14.61,0.04,N,2,0
41873,22,51996,MORTGAGE,5.0,PERSONAL,B,6000,10.75,0.12,N,4,0
41874,23,62000,MORTGAGE,2.0,EDUCATION,A,5000,6.03,0.08,N,4,0
41875,27,40000,RENT,6.0,MEDICAL,B,8000,10.0,0.2,N,8,0
41876,24,44000,MORTGAGE,1.0,EDUCATION,D,10000,15.65,0.23,N,3,0
41877,25,60000,MORTGAGE,1.0,DEBTCONSOLIDATION,A,6000,6.54,0.1,N,2,0
41878,29,30000,RENT,6.0,HOMEIMPROVEMENT,A,6000,7.88,0.2,N,8,1
41879,41,50000,RENT,5.0,HOMEIMPROVEMENT,A,8000,6.62,0.16,N,11,0
41880,39,39996,RENT,4.0,DEBTCONSOLIDATION,D,12000,15.31,0.3,N,15,1
41881,51,42000,RENT,3.0,EDUCATION,C,2500,14.35,0.06,Y,18,0
41882,20,96000,RENT,3.0,MEDICAL,C,16000,13.85,0.17,N,2,0
41883,27,63000,MORTGAGE,3.0,DEBTCONSOLIDATION,A,5000,7.74,0.08,N,5,0
41884,23,100000,RENT,2.0,DEBTCONSOLIDATION,B,12000,11.86,0.12,N,2,0
41885,25,75000,MORTGAGE,1.0,MEDICAL,B,15000,12.18,0.2,N,4,0
41886,25,52000,RENT,1.0,MEDICAL,C,10000,12.53,0.19,N,4,0
41887,24,40000,MORTGAGE,1.0,VENTURE,A,5000,9.32,0.13,N,2,0
41888,23,74000,RENT,7.0,EDUCATION,B,10000,11.71,0.14,N,4,0
41889,22,45000,RENT,0.0,EDUCATION,C,1500,12.99,0.03,Y,2,0
41890,32,73000,MORTGAGE,2.0,VENTURE,A,10000,7.29,0.14,N,5,0
41891,28,44000,RENT,12.0,DEBTCONSOLIDATION,C,13000,15.27,0.3,N,5,1
41892,23,30000,RENT,1.0,EDUCATION,B,4200,12.42,0.14,N,3,0
41893,34,52000,RENT,15.0,PERSONAL,B,8000,11.12,0.15,N,8,0
41894,23,90000,RENT,7.0,VENTURE,A,10000,7.66,0.11,N,2,0
41895,25,24000,OWN,3.0,PERSONAL,A,6000,6.17,0.25,N,2,0
41896,25,70550,MORTGAGE,9.0,MEDICAL,D,20000,16.77,0.22,N,2,1
41897,29,69000,RENT,0.0,PERSONAL,D,20000,14.84,0.29,Y,8,1
41898,27,63000,RENT,2.0,EDUCATION,C,9000,12.53,0.14,N,6,0
41899,32,130000,RENT,3.0,EDUCATION,A,24000,7.49,0.19,N,5,0
41900,30,52000,MORTGAGE,5.0,VENTURE,A,5000,7.88,0.1,N,8,0
41901,26,85000,MORTGAGE,0.0,VENTURE,B,7500,10.39,0.09,N,3,0
41902,21,25000,RENT,3.0,DEBTCONSOLIDATION,B,3000,11.49,0.12,N,2,0
41903,23,81000,RENT,2.0,DEBTCONSOLIDATION,B,10000,11.49,0.12,N,2,0
41904,28,59800,MORTGAGE,12.0,VENTURE,D,15000,15.58,0.25,N,6,0
41905,23,74029,MORTGAGE,7.0,DEBTCONSOLIDATION,C,5000,15.23,0.07,Y,2,0
41906,61,38000,RENT,2.0,PERSONAL,B,7000,11.49,0.18,N,19,0
41907,24,75000,MORTGAGE,8.0,EDUCATION,B,3000,9.62,0.04,N,3,0
41908,21,93000,MORTGAGE,5.0,VENTURE,A,12000,7.51,0.13,N,4,0
41909,32,70000,MORTGAGE,16.0,HOMEIMPROVEMENT,B,25000,10.99,0.36,N,6,0
41910,31,38400,RENT,5.0,MEDICAL,B,10400,11.99,0.27,N,9,0
41911,24,60000,RENT,2.0,HOMEIMPROVEMENT,C,6500,15.96,0.11,Y,4,0
41912,23,48686,RENT,21.0,EDUCATION,B,12000,11.86,0.25,N,2,0
41913,22,121000,MORTGAGE,6.0,MEDICAL,C,18000,12.73,0.15,N,2,0
41914,25,50000,OWN,2.0,EDUCATION,B,6000,11.14,0.12,N,4,0
41915,24,65000,MORTGAGE,0.0,MEDICAL,A,8000,5.42,0.12,N,2,0
41916,23,40000,RENT,0.0,MEDICAL,C,5000,13.35,0.13,N,2,0
41917,27,80000,RENT,5.0,VENTURE,C,24000,13.92,0.3,N,8,0
41918,24,30000,RENT,0.0,HOMEIMPROVEMENT,C,12000,13.79,0.4,N,3,1
41919,26,60000,MORTGAGE,2.0,VENTURE,A,5000,5.99,0.08,N,4,0
41920,30,30000,MORTGAGE,14.0,DEBTCONSOLIDATION,B,7100,9.25,0.24,N,5,0
41921,44,81900,RENT,4.0,PERSONAL,C,20000,13.22,0.25,N,15,0
41922,22,33276,RENT,0.0,MEDICAL,A,6500,9.63,0.2,N,3,0
41923,22,60000,MORTGAGE,2.0,DEBTCONSOLIDATION,A,10000,5.79,0.17,N,4,0
41924,28,80000,RENT,4.0,VENTURE,D,16000,15.7,0.2,N,10,0
41925,23,42000,RENT,2.0,PERSONAL,B,2500,10.37,0.06,N,3,0
41926,28,81000,MORTGAGE,3.0,DEBTCONSOLIDATION,B,7750,11.12,0.1,N,6,0
41927,35,29400,RENT,5.0,MEDICAL,B,5000,10.75,0.17,N,7,1
41928,21,45000,RENT,0.0,VENTURE,B,11200,10.95,0.25,N,4,0
41929,21,45000,RENT,3.0,EDUCATION,C,1800,13.11,0.04,N,3,0
41930,25,100000,MORTGAGE,9.0,DEBTCONSOLIDATION,C,14500,15.96,0.14,Y,2,0
41931,40,60000,RENT,3.0,EDUCATION,D,3600,16.89,0.06,N,17,0
41932,23,32500,RENT,0.0,EDUCATION,B,3600,12.21,0.11,N,4,0
41933,27,35004,RENT,0.0,MEDICAL,A,3000,5.42,0.09,N,6,0
41934,22,66000,MORTGAGE,6.0,EDUCATION,B,5000,11.49,0.08,N,2,0
41935,24,24000,RENT,2.0,VENTURE,D,1500,14.42,0.06,Y,3,1
41936,29,50000,OWN,8.0,VENTURE,A,12000,7.51,0.24,N,9,0
41937,23,38400,RENT,7.0,DEBTCONSOLIDATION,C,1000,15.27,0.03,N,3,0
41938,26,49000,RENT,10.0,VENTURE,C,8500,14.22,0.16,N,4,0
41939,24,45000,RENT,0.0,MEDICAL,C,10000,12.87,0.22,Y,4,0
41940,32,30000,MORTGAGE,4.0,MEDICAL,E,15250,15.95,0.47,N,6,1
41941,26,70000,MORTGAGE,3.0,DEBTCONSOLIDATION,A,17000,7.88,0.24,N,2,0
41942,22,60000,MORTGAGE,0.0,EDUCATION,C,10000,13.57,0.17,Y,2,0
41943,25,29500,RENT,4.0,HOMEIMPROVEMENT,B,2450,11.83,0.08,N,4,1
41944,26,42000,RENT,2.0,MEDICAL,A,6000,6.62,0.14,N,2,0
41945,30,138000,RENT,0.0,PERSONAL,D,25000,14.96,0.18,Y,8,1
41946,24,90000,RENT,0.0,DEBTCONSOLIDATION,B,7000,9.25,0.08,N,2,0
41947,21,24000,OWN,2.0,EDUCATION,B,7000,12.42,0.29,N,2,0
41948,22,50000,MORTGAGE,6.0,VENTURE,A,12000,7.9,0.24,N,2,0
41949,41,30000,RENT,3.0,PERSONAL,B,3000,10.74,0.1,N,13,0
41950,24,30000,RENT,6.0,PERSONAL,B,10000,12.21,0.33,N,2,1
41951,48,17004,RENT,2.0,HOMEIMPROVEMENT,D,3500,14.59,0.21,N,15,1
41952,27,80000,MORTGAGE,4.0,VENTURE,D,6000,15.62,0.07,Y,6,0
41953,24,50000,RENT,4.0,PERSONAL,D,25000,15.58,0.5,N,4,1
41954,24,60000,MORTGAGE,6.0,HOMEIMPROVEMENT,C,10000,12.73,0.17,Y,3,0
41955,28,90000,MORTGAGE,8.0,HOMEIMPROVEMENT,B,3000,11.49,0.03,N,7,0
41956,25,60000,MORTGAGE,0.0,PERSONAL,B,5000,10.65,0.08,N,4,0
41957,26,90000,MORTGAGE,2.0,PERSONAL,B,6000,10.74,0.07,N,2,0
41958,38,60000,RENT,1.0,MEDICAL,A,6000,9.63,0.1,N,16,0
41959,22,51043,RENT,3.0,VENTURE,A,2100,6.76,0.04,N,4,0
41960,36,46000,RENT,3.0,PERSONAL,B,9000,11.14,0.2,N,17,1
41961,44,85000,MORTGAGE,3.0,VENTURE,A,7500,8.9,0.09,N,13,0
41962,31,50000,RENT,0.0,MEDICAL,B,4000,10.95,0.08,N,5,0
41963,25,64000,RENT,9.0,DEBTCONSOLIDATION,A,7000,7.9,0.11,N,2,0
41964,28,50000,RENT,2.0,DEBTCONSOLIDATION,B,25000,10.99,0.5,N,9,0
41965,29,110000,MORTGAGE,11.0,HOMEIMPROVEMENT,A,14000,5.42,0.13,N,7,0
41966,21,80000,MORTGAGE,5.0,VENTURE,A,10000,7.51,0.13,N,2,0
41967,23,35000,MORTGAGE,5.0,MEDICAL,A,12000,7.9,0.34,N,2,0
41968,29,60000,MORTGAGE,5.0,MEDICAL,C,15000,13.85,0.25,Y,7,0
41969,23,38000,MORTGAGE,2.0,VENTURE,B,6000,11.49,0.16,N,3,0
41970,34,125000,MORTGAGE,9.0,DEBTCONSOLIDATION,C,10000,13.16,0.08,Y,5,0
41971,24,47230,RENT,8.0,VENTURE,C,10950,11.97,0.23,Y,2,0
41972,26,73008,RENT,4.0,DEBTCONSOLIDATION,A,25000,8.94,0.34,N,3,1
41973,25,45000,RENT,1.0,MEDICAL,B,10000,10.65,0.22,N,3,0
41974,26,75800,RENT,0.0,EDUCATION,C,7000,12.54,0.09,Y,4,0
41975,26,47000,RENT,5.0,MEDICAL,C,3000,14.35,0.06,N,4,0
41976,23,42996,RENT,7.0,HOMEIMPROVEMENT,A,8500,7.14,0.2,N,2,1
41977,32,62000,RENT,0.0,MEDICAL,C,8000,13.85,0.13,Y,5,1
41978,23,64600,RENT,7.0,MEDICAL,D,25000,15.31,0.38,Y,4,1
41979,25,30000,RENT,0.0,MEDICAL,D,5000,14.42,0.17,N,3,1
41980,25,90000,MORTGAGE,7.0,VENTURE,A,11000,7.51,0.12,N,2,0
41981,28,49000,RENT,8.0,EDUCATION,D,4000,15.7,0.08,Y,7,0
41982,22,48000,RENT,6.0,DEBTCONSOLIDATION,B,8800,11.71,0.18,N,4,0
41983,32,40000,MORTGAGE,11.0,VENTURE,A,6000,7.51,0.15,N,7,0
41984,35,91560,MORTGAGE,6.0,EDUCATION,A,22000,6.91,0.24,N,10,0
41985,23,45000,RENT,2.0,PERSONAL,B,4000,11.86,0.09,N,4,0
41986,24,33000,RENT,2.0,VENTURE,C,2000,14.65,0.06,Y,2,0
41987,23,25000,OWN,1.0,EDUCATION,B,8000,10.99,0.32,N,4,0
41988,23,100000,MORTGAGE,7.0,EDUCATION,B,10000,11.71,0.1,N,2,0
41989,33,68000,MORTGAGE,4.0,VENTURE,C,2500,13.47,0.04,N,10,0
41990,22,30000,OTHER,1.0,PERSONAL,D,6600,14.42,0.22,N,4,1
41991,25,96000,RENT,9.0,HOMEIMPROVEMENT,B,20000,11.11,0.21,N,4,1
41992,26,59600,RENT,2.0,HOMEIMPROVEMENT,A,2000,9.32,0.03,N,2,0
41993,27,48000,MORTGAGE,11.0,PERSONAL,B,10000,11.49,0.21,N,5,0
41994,29,77000,MORTGAGE,6.0,VENTURE,C,21000,12.99,0.27,Y,5,0
41995,23,60000,RENT,7.0,EDUCATION,D,25000,15.57,0.42,Y,4,1
41996,33,85000,MORTGAGE,17.0,VENTURE,D,15000,16.0,0.18,Y,6,0
41997,26,46400,MORTGAGE,0.0,EDUCATION,A,12000,7.49,0.26,N,4,0
41998,25,46000,RENT,0.0,MEDICAL,C,8600,15.96,0.19,N,4,0
41999,36,84996,RENT,5.0,MEDICAL,A,4000,5.42,0.05,N,17,0
42000,25,53004,RENT,2.0,PERSONAL,D,20000,14.84,0.38,N,2,1
42001,25,60000,RENT,5.0,HOMEIMPROVEMENT,A,5000,7.29,0.08,N,3,0
42002,29,125000,MORTGAGE,13.0,MEDICAL,A,10000,5.79,0.08,N,6,0
42003,28,70000,MORTGAGE,11.0,VENTURE,A,5000,7.51,0.07,N,7,0
42004,30,96000,MORTGAGE,14.0,MEDICAL,A,4800,5.42,0.05,N,8,0
42005,26,96000,MORTGAGE,4.0,MEDICAL,B,18225,10.74,0.19,N,2,0
42006,28,75000,OWN,11.0,VENTURE,B,4000,11.99,0.05,N,9,0
42007,23,108000,MORTGAGE,7.0,VENTURE,B,10000,10.65,0.09,N,3,0
42008,22,97000,MORTGAGE,6.0,VENTURE,B,25000,10.99,0.26,N,4,0
42009,29,65000,MORTGAGE,1.0,PERSONAL,A,6000,6.03,0.09,N,10,0
42010,29,54996,MORTGAGE,4.0,VENTURE,A,6000,8.59,0.11,N,7,0
42011,41,108000,MORTGAGE,12.0,PERSONAL,A,9800,7.66,0.09,N,12,0
42012,34,200000,MORTGAGE,4.0,PERSONAL,B,20000,11.83,0.1,N,5,0
42013,22,110000,MORTGAGE,0.0,PERSONAL,A,12000,7.14,0.11,N,4,0
42014,28,55000,RENT,3.0,DEBTCONSOLIDATION,C,6000,13.72,0.11,N,7,0
42015,38,51000,RENT,2.0,VENTURE,E,16000,16.35,0.33,Y,14,1
42016,32,74000,RENT,16.0,HOMEIMPROVEMENT,C,25000,14.35,0.34,Y,9,1
42017,22,40000,OWN,6.0,VENTURE,A,4500,6.62,0.11,N,3,0
42018,22,67145,MORTGAGE,6.0,EDUCATION,A,10000,7.29,0.15,N,4,0
42019,27,80000,RENT,2.0,DEBTCONSOLIDATION,D,25000,15.33,0.31,Y,5,1
42020,29,30000,RENT,0.0,MEDICAL,B,4000,10.36,0.13,N,7,0
42021,27,90000,RENT,5.0,VENTURE,B,6400,11.11,0.07,N,9,0
42022,34,55000,MORTGAGE,6.0,EDUCATION,C,12000,13.49,0.22,Y,5,0
42023,23,60000,MORTGAGE,7.0,PERSONAL,B,5000,9.99,0.08,N,2,0
42024,24,55000,MORTGAGE,8.0,HOMEIMPROVEMENT,C,18000,13.79,0.33,N,3,0
42025,24,55000,RENT,1.0,VENTURE,D,5000,15.62,0.09,N,2,1
42026,23,70000,RENT,7.0,EDUCATION,C,12000,13.99,0.17,Y,3,0
42027,48,47000,RENT,8.0,MEDICAL,B,6000,10.99,0.12,N,17,0
42028,23,75000,RENT,7.0,EDUCATION,B,15000,11.14,0.2,N,4,0
42029,32,30000,RENT,0.0,MEDICAL,C,3000,13.61,0.1,N,6,0
42030,26,48000,RENT,3.0,DEBTCONSOLIDATION,A,7500,7.9,0.16,N,2,0
42031,27,100000,MORTGAGE,0.0,HOMEIMPROVEMENT,A,9000,7.14,0.09,N,5,0
42032,31,140000,MORTGAGE,6.0,VENTURE,B,24000,9.88,0.17,N,10,0
42033,25,42000,MORTGAGE,9.0,EDUCATION,A,3000,8.59,0.07,N,4,0
42034,23,36000,RENT,6.0,PERSONAL,B,9000,9.99,0.25,N,4,0
42035,23,65000,OWN,5.0,EDUCATION,A,7000,8.49,0.11,N,3,0
42036,24,47000,RENT,0.0,EDUCATION,A,12000,7.51,0.26,N,3,0
42037,41,41600,MORTGAGE,20.0,VENTURE,A,4500,6.76,0.11,N,12,0
42038,23,90000,MORTGAGE,0.0,MEDICAL,C,10000,13.06,0.11,Y,4,0
42039,58,30000,RENT,0.0,PERSONAL,D,6000,15.21,0.2,Y,21,1
42040,25,75000,RENT,4.0,MEDICAL,A,7000,6.54,0.09,N,4,0
42041,26,65000,MORTGAGE,5.0,HOMEIMPROVEMENT,B,12000,9.99,0.18,N,4,0
42042,26,30000,RENT,10.0,DEBTCONSOLIDATION,B,11975,10.99,0.4,N,4,1
42043,25,78000,RENT,2.0,HOMEIMPROVEMENT,F,20000,15.76,0.25,Y,3,1
42044,47,30000,RENT,4.0,VENTURE,D,1000,14.96,0.03,Y,15,0
42045,24,90000,MORTGAGE,8.0,EDUCATION,B,6000,9.99,0.07,N,2,0
42046,31,52000,MORTGAGE,15.0,VENTURE,A,10000,6.91,0.19,N,5,0
42047,26,72000,RENT,5.0,EDUCATION,B,3000,10.65,0.04,N,3,0
42048,24,38000,RENT,2.0,PERSONAL,C,12000,13.06,0.32,N,3,1
42049,22,20000,RENT,2.0,PERSONAL,C,4000,13.79,0.2,N,4,0
42050,25,35000,MORTGAGE,9.0,HOMEIMPROVEMENT,B,1800,10.65,0.05,N,4,0
42051,22,85000,RENT,5.0,DEBTCONSOLIDATION,C,10000,13.49,0.12,Y,4,0
42052,24,43200,OWN,5.0,VENTURE,B,9000,12.69,0.21,N,3,0
42053,22,54252,MORTGAGE,5.0,MEDICAL,A,3500,6.39,0.06,N,3,0
42054,23,180000,RENT,8.0,PERSONAL,B,24000,11.83,0.13,N,3,0
42055,24,155000,MORTGAGE,8.0,EDUCATION,A,30000,7.9,0.19,N,3,0
42056,26,40000,RENT,6.0,MEDICAL,C,1500,12.87,0.04,Y,2,0
42057,25,90000,MORTGAGE,7.0,HOMEIMPROVEMENT,B,5000,9.99,0.06,N,4,0
42058,26,67000,RENT,5.0,PERSONAL,A,3000,8.9,0.04,N,2,0
42059,27,72000,MORTGAGE,11.0,VENTURE,C,17000,13.49,0.24,N,6,0
42060,37,34000,RENT,21.0,VENTURE,A,11500,6.62,0.35,N,13,1
42061,24,40000,RENT,0.0,VENTURE,C,5000,13.49,0.13,Y,2,0
42062,30,100000,MORTGAGE,15.0,VENTURE,B,15000,10.25,0.15,N,10,0
42063,46,50000,MORTGAGE,11.0,VENTURE,B,4000,9.91,0.08,N,14,0
42064,26,160000,RENT,3.0,EDUCATION,A,3100,7.49,0.02,N,3,0
42065,22,30000,RENT,2.0,EDUCATION,A,5000,8.59,0.17,N,2,0
42066,36,65000,MORTGAGE,2.0,EDUCATION,A,5000,6.92,0.08,N,16,0
42067,27,60000,MORTGAGE,11.0,HOMEIMPROVEMENT,B,8000,11.11,0.13,N,6,0
42068,22,42500,RENT,4.0,PERSONAL,C,8000,13.49,0.19,Y,3,0
42069,29,90000,RENT,2.0,VENTURE,B,13000,12.42,0.14,N,7,0
42070,24,55000,MORTGAGE,9.0,DEBTCONSOLIDATION,B,4500,10.62,0.08,N,4,0
42071,33,54996,RENT,2.0,VENTURE,D,7000,15.21,0.13,Y,7,1
42072,36,70000,MORTGAGE,5.0,HOMEIMPROVEMENT,D,6000,15.62,0.09,N,14,0
42073,24,60000,MORTGAGE,4.0,PERSONAL,D,15000,15.58,0.25,Y,2,0
42074,24,90000,RENT,0.0,MEDICAL,A,13000,8.94,0.14,N,4,0
42075,27,120000,MORTGAGE,6.0,MEDICAL,B,10000,10.25,0.08,N,8,0
42076,24,48996,RENT,3.0,EDUCATION,B,17000,11.48,0.35,N,4,1
42077,38,140000,MORTGAGE,1.0,MEDICAL,B,24250,11.83,0.17,N,12,0
42078,21,12000,OWN,0.0,VENTURE,B,2000,11.14,0.17,N,4,0
42079,23,78100,MORTGAGE,7.0,VENTURE,B,3200,11.49,0.04,N,3,0
42080,25,50000,MORTGAGE,3.0,VENTURE,B,6000,9.62,0.12,N,4,0
42081,37,90000,RENT,1.0,DEBTCONSOLIDATION,B,3000,11.99,0.03,N,17,0
42082,26,75000,MORTGAGE,10.0,MEDICAL,A,5000,6.92,0.07,N,4,0
42083,39,60000,MORTGAGE,6.0,PERSONAL,B,10000,12.21,0.17,N,11,0
42084,24,50000,RENT,1.0,HOMEIMPROVEMENT,C,8000,13.98,0.16,Y,2,0
42085,25,28000,RENT,0.0,EDUCATION,B,7500,10.01,0.27,N,3,1
42086,24,68000,RENT,2.0,VENTURE,B,6500,9.99,0.1,N,2,0
42087,24,39000,RENT,1.0,EDUCATION,A,3000,7.9,0.08,N,4,0
42088,25,30000,RENT,3.0,MEDICAL,B,2000,10.38,0.07,N,2,0
42089,30,70000,MORTGAGE,11.0,PERSONAL,A,8000,6.17,0.11,N,10,0
42090,23,55000,MORTGAGE,4.0,MEDICAL,A,7000,7.88,0.13,N,4,0
42091,22,75000,MORTGAGE,6.0,DEBTCONSOLIDATION,B,6000,11.11,0.08,N,4,0
42092,27,56000,MORTGAGE,5.0,DEBTCONSOLIDATION,B,13000,10.99,0.23,N,9,0
42093,61,98000,RENT,24.0,PERSONAL,B,12000,10.99,0.12,N,21,0
42094,26,38500,MORTGAGE,2.0,HOMEIMPROVEMENT,A,12000,7.51,0.32,N,4,0
42095,22,40000,RENT,0.0,EDUCATION,C,18000,13.16,0.47,N,4,1
42096,24,99996,MORTGAGE,8.0,VENTURE,A,10000,5.79,0.1,N,2,0
42097,34,90000,MORTGAGE,15.0,MEDICAL,A,15000,6.99,0.17,N,7,0
42098,26,48000,RENT,2.0,EDUCATION,B,6000,10.59,0.12,N,3,0
42099,29,78402,RENT,1.0,VENTURE,C,12500,13.98,0.18,Y,9,0
42100,23,40000,RENT,7.0,VENTURE,A,4000,7.49,0.1,N,2,0
42101,22,90000,RENT,3.0,MEDICAL,B,3000,9.99,0.03,N,2,0
42102,23,48000,RENT,4.0,MEDICAL,C,10000,13.98,0.21,Y,4,0
42103,40,72000,MORTGAGE,0.0,HOMEIMPROVEMENT,A,6000,5.42,0.08,N,11,0
42104,29,100000,MORTGAGE,2.0,EDUCATION,B,25000,10.65,0.25,N,10,0
42105,33,46000,RENT,0.0,VENTURE,C,5000,12.99,0.11,N,8,1
42106,24,15000,RENT,0.0,MEDICAL,C,6250,15.27,0.4,Y,4,1
42107,25,42000,RENT,3.0,PERSONAL,B,8000,9.91,0.19,N,3,0
42108,34,90000,RENT,0.0,DEBTCONSOLIDATION,A,3000,7.88,0.03,N,7,0
42109,23,60000,RENT,0.0,DEBTCONSOLIDATION,A,5500,8.49,0.09,N,2,0
42110,37,68400,RENT,11.0,DEBTCONSOLIDATION,B,3000,8.88,0.04,N,12,0
42111,31,25000,MORTGAGE,2.0,VENTURE,A,8000,6.62,0.32,N,6,0
42112,28,62000,RENT,3.0,DEBTCONSOLIDATION,B,7000,11.99,0.11,N,5,0
42113,26,96000,MORTGAGE,10.0,VENTURE,C,10000,12.99,0.1,N,3,0
42114,22,54400,RENT,6.0,MEDICAL,D,5000,14.11,0.08,N,4,1
42115,21,30600,RENT,2.0,PERSONAL,C,4500,15.23,0.15,Y,2,0
42116,28,32000,RENT,0.0,EDUCATION,A,4500,6.76,0.14,N,10,0
42117,32,66300,RENT,0.0,MEDICAL,B,20000,12.53,0.26,N,6,1
42118,25,101004,MORTGAGE,9.0,PERSONAL,C,12000,13.22,0.12,Y,2,0
42119,26,92700,MORTGAGE,1.0,EDUCATION,C,15000,11.66,0.16,Y,3,0
42120,24,36000,RENT,8.0,MEDICAL,A,5500,6.99,0.15,N,4,0
42121,23,55000,RENT,2.0,EDUCATION,B,6000,10.99,0.11,N,4,0
42122,34,49000,MORTGAGE,2.0,DEBTCONSOLIDATION,A,6000,7.88,0.12,N,9,0
42123,29,36000,RENT,0.0,DEBTCONSOLIDATION,D,5000,10.99,0.14,N,6,1
42124,22,39000,RENT,0.0,PERSONAL,A,15000,6.99,0.38,N,2,1
42125,30,51600,MORTGAGE,2.0,DEBTCONSOLIDATION,B,12000,11.14,0.23,N,10,0
42126,27,88000,RENT,2.0,DEBTCONSOLIDATION,C,12000,14.65,0.14,N,10,0
42127,26,105000,MORTGAGE,10.0,EDUCATION,A,5000,7.14,0.05,N,2,0
42128,35,45000,RENT,0.0,MEDICAL,C,4200,11.34,0.1,Y,7,0
42129,28,35004,RENT,3.0,PERSONAL,D,7200,14.09,0.21,N,6,0
42130,33,70000,RENT,15.0,HOMEIMPROVEMENT,B,25000,10.62,0.39,N,6,1
42131,22,60000,OWN,6.0,EDUCATION,D,6000,15.99,0.1,Y,4,0
42132,27,38000,RENT,1.0,MEDICAL,C,8000,12.73,0.21,N,8,0
42133,23,50000,RENT,6.0,VENTURE,A,3000,7.51,0.06,N,2,0
42134,38,50000,MORTGAGE,6.0,PERSONAL,A,6000,7.29,0.12,N,12,0
42135,23,62000,MORTGAGE,7.0,VENTURE,A,10000,5.99,0.16,N,2,0
42136,22,100000,RENT,2.0,EDUCATION,B,5000,11.83,0.05,N,2,0
42137,28,29244,RENT,4.0,DEBTCONSOLIDATION,B,3000,9.25,0.1,N,9,0
42138,23,24000,RENT,2.0,VENTURE,B,4000,11.58,0.17,N,2,0
42139,23,51000,RENT,2.0,PERSONAL,A,3000,8.49,0.06,N,2,0
42140,25,60000,MORTGAGE,10.0,PERSONAL,A,12000,7.51,0.2,N,3,0
42141,26,83000,RENT,0.0,DEBTCONSOLIDATION,B,12000,11.71,0.14,N,4,0
42142,23,30000,RENT,2.0,DEBTCONSOLIDATION,B,3000,12.18,0.1,N,4,0
42143,26,71500,RENT,3.0,MEDICAL,C,12000,13.11,0.16,Y,3,0
42144,23,25000,RENT,2.0,DEBTCONSOLIDATION,B,8500,11.71,0.33,N,3,1
42145,26,81600,RENT,8.0,EDUCATION,A,4000,5.79,0.05,N,2,0
42146,32,150000,MORTGAGE,5.0,DEBTCONSOLIDATION,B,20000,12.18,0.13,N,10,0
42147,24,80000,OWN,8.0,VENTURE,D,17000,16.07,0.21,Y,2,0
42148,21,26400,RENT,2.0,DEBTCONSOLIDATION,C,5000,12.84,0.19,Y,3,1
42149,21,37000,OWN,6.0,VENTURE,A,6400,7.14,0.17,N,2,0
42150,21,45000,RENT,5.0,PERSONAL,C,5000,12.99,0.11,Y,3,0
42151,30,32000,RENT,14.0,VENTURE,B,4000,8.88,0.12,N,9,0
42152,24,80000,MORTGAGE,8.0,VENTURE,A,5000,6.99,0.06,N,4,0
42153,36,31000,MORTGAGE,2.0,HOMEIMPROVEMENT,A,6000,8.9,0.19,N,17,0
42154,31,61200,MORTGAGE,6.0,HOMEIMPROVEMENT,A,12000,7.51,0.21,N,8,0
42155,24,60000,MORTGAGE,3.0,DEBTCONSOLIDATION,A,2000,7.51,0.03,N,3,0
42156,22,53000,RENT,6.0,MEDICAL,B,12000,9.91,0.23,N,4,0
42157,26,93600,MORTGAGE,0.0,HOMEIMPROVEMENT,B,15000,11.89,0.16,N,3,0
42158,32,68508,RENT,2.0,HOMEIMPROVEMENT,C,6000,13.57,0.09,N,9,0
42159,25,28800,RENT,1.0,MEDICAL,B,8500,11.49,0.29,N,2,1
42160,25,46000,MORTGAGE,9.0,PERSONAL,A,13600,7.88,0.29,N,4,0
42161,29,33000,RENT,4.0,MEDICAL,B,3200,10.37,0.1,N,7,0
42162,27,48000,RENT,3.0,MEDICAL,B,3200,10.74,0.07,N,5,1
42163,27,60000,MORTGAGE,1.0,VENTURE,C,16000,15.96,0.27,Y,9,0
42164,26,40000,RENT,0.0,VENTURE,B,3500,10.74,0.09,N,3,0
42165,29,59000,RENT,4.0,PERSONAL,D,10000,16.89,0.17,Y,10,1
42166,26,95000,RENT,0.0,EDUCATION,B,4800,7.14,0.05,N,4,0
42167,28,95000,MORTGAGE,5.0,PERSONAL,B,15000,9.91,0.16,N,7,0
42168,26,65000,RENT,4.0,HOMEIMPROVEMENT,B,7000,9.99,0.11,N,3,0
42169,22,27000,RENT,0.0,HOMEIMPROVEMENT,D,8600,14.61,0.31,N,4,1
42170,24,35000,OWN,6.0,PERSONAL,B,5000,11.11,0.14,N,3,0
42171,49,140000,MORTGAGE,12.0,MEDICAL,B,10000,10.99,0.07,N,17,0
42172,35,23000,RENT,4.0,MEDICAL,C,6075,12.73,0.26,N,10,0
42173,22,39996,MORTGAGE,6.0,PERSONAL,B,8000,9.63,0.2,N,3,0
42174,30,96720,MORTGAGE,9.0,EDUCATION,A,18000,7.9,0.19,N,7,0
42175,22,69000,RENT,6.0,EDUCATION,B,20000,10.99,0.29,N,4,1
42176,35,70000,RENT,0.0,EDUCATION,A,2000,8.59,0.03,N,9,0
42177,23,24000,RENT,0.0,MEDICAL,B,5000,11.26,0.21,N,4,0
42178,35,115000,MORTGAGE,3.0,PERSONAL,A,12000,7.51,0.1,N,9,0
42179,26,44004,RENT,3.0,EDUCATION,D,2000,15.31,0.05,Y,2,0
42180,29,195000,MORTGAGE,13.0,DEBTCONSOLIDATION,C,10000,13.72,0.05,N,9,0
42181,24,58000,MORTGAGE,8.0,MEDICAL,B,6000,11.83,0.1,N,4,0
42182,36,74000,MORTGAGE,4.0,PERSONAL,B,10000,11.99,0.14,N,15,0
42183,30,45996,OWN,6.0,VENTURE,A,12000,5.79,0.26,N,8,0
42184,24,62100,RENT,4.0,MEDICAL,B,1800,11.71,0.03,N,3,0
42185,27,60000,MORTGAGE,4.0,DEBTCONSOLIDATION,B,10000,10.37,0.17,N,9,0
42186,22,64800,MORTGAGE,6.0,VENTURE,A,6000,7.51,0.09,N,3,0
42187,24,60000,MORTGAGE,8.0,HOMEIMPROVEMENT,C,12000,13.49,0.2,N,2,0
42188,27,75000,OWN,9.0,EDUCATION,C,18000,13.23,0.24,N,6,0
42189,27,84000,MORTGAGE,10.0,PERSONAL,C,25000,14.27,0.3,Y,5,0
42190,23,52000,RENT,7.0,EDUCATION,C,4000,13.06,0.08,Y,2,0
42191,42,75000,RENT,0.0,EDUCATION,C,10000,13.47,0.13,N,12,0
42192,22,72000,RENT,3.0,DEBTCONSOLIDATION,A,6000,7.14,0.08,N,4,0
42193,28,25000,RENT,0.0,MEDICAL,A,10000,7.29,0.4,N,8,1
42194,22,27000,OWN,6.0,VENTURE,A,5000,7.49,0.18,N,4,0
42195,29,36000,RENT,2.0,EDUCATION,C,5500,13.57,0.15,N,7,0
42196,28,42000,RENT,11.0,DEBTCONSOLIDATION,A,2125,6.62,0.05,N,9,0
42197,22,38500,RENT,1.0,DEBTCONSOLIDATION,A,6000,7.14,0.16,N,4,0
42198,47,150000,MORTGAGE,1.0,HOMEIMPROVEMENT,C,12000,13.11,0.08,Y,16,0
42199,25,30000,MORTGAGE,3.0,PERSONAL,A,7000,5.42,0.23,N,4,0
42200,22,40000,RENT,1.0,EDUCATION,B,5000,10.59,0.13,N,2,0
42201,29,68000,MORTGAGE,9.0,PERSONAL,A,8000,7.88,0.12,N,9,0
42202,24,140300,MORTGAGE,6.0,EDUCATION,A,6000,5.99,0.04,N,3,0
42203,29,82000,MORTGAGE,2.0,DEBTCONSOLIDATION,A,8100,6.99,0.1,N,9,0
42204,28,30000,RENT,5.0,VENTURE,C,6000,13.8,0.2,N,7,0
42205,23,9600,RENT,5.0,MEDICAL,B,30000,12.42,0.31,N,3,0
42206,29,150000,MORTGAGE,7.0,EDUCATION,A,10000,6.99,0.07,N,9,0
42207,23,42000,RENT,7.0,MEDICAL,B,6000,9.99,0.14,N,3,0
42208,34,120000,MORTGAGE,11.0,MEDICAL,B,7000,9.99,0.06,N,6,0
42209,28,33000,RENT,0.0,VENTURE,A,6000,7.88,0.18,N,8,0
42210,25,45000,MORTGAGE,4.0,EDUCATION,C,4000,13.49,0.09,N,2,0
42211,38,200000,MORTGAGE,3.0,VENTURE,C,5000,14.79,0.03,N,16,0
42212,31,45000,MORTGAGE,11.0,VENTURE,A,6000,7.9,0.13,N,5,0
42213,28,60000,MORTGAGE,13.0,VENTURE,C,9000,14.72,0.15,Y,7,0
42214,38,38004,RENT,2.0,PERSONAL,B,10000,11.14,0.26,N,16,0
42215,27,50000,MORTGAGE,5.0,PERSONAL,A,5000,6.03,0.1,N,7,0
42216,27,80000,MORTGAGE,5.0,HOMEIMPROVEMENT,A,7000,6.99,0.09,N,9,0
42217,24,72000,MORTGAGE,8.0,EDUCATION,A,18000,5.99,0.25,N,4,0
42218,28,30000,RENT,2.0,VENTURE,B,12000,11.89,0.4,N,10,1
42219,23,75000,RENT,0.0,PERSONAL,A,9250,7.9,0.12,N,4,0
42220,27,95000,MORTGAGE,2.0,PERSONAL,A,8000,5.99,0.08,N,8,0
42221,23,24000,RENT,2.0,MEDICAL,B,3500,11.49,0.15,N,3,1
42222,29,30000,RENT,1.0,HOMEIMPROVEMENT,C,2400,13.72,0.08,Y,8,1
42223,23,40000,RENT,2.0,EDUCATION,B,4000,9.62,0.1,N,2,0
42224,24,65000,MORTGAGE,0.0,EDUCATION,B,5000,11.83,0.08,N,3,0
42225,23,75000,RENT,3.0,VENTURE,B,10000,10.25,0.13,N,3,0
42226,21,36000,RENT,6.0,VENTURE,B,4000,12.69,0.11,N,3,0
42227,23,74000,MORTGAGE,8.0,VENTURE,A,5050,5.42,0.07,N,3,0
42228,29,30000,RENT,4.0,PERSONAL,A,2000,7.51,0.07,N,7,0
42229,24,50000,OWN,5.0,HOMEIMPROVEMENT,B,3000,11.99,0.06,N,2,0
42230,24,23000,RENT,4.0,PERSONAL,B,5000,10.95,0.22,N,3,0
42231,27,82000,MORTGAGE,11.0,PERSONAL,A,5000,8.49,0.06,N,7,0
42232,23,58000,RENT,0.0,VENTURE,B,12000,10.62,0.21,N,4,0
42233,22,74400,RENT,1.0,EDUCATION,B,12000,9.99,0.16,N,4,0
42234,22,66000,RENT,3.0,EDUCATION,C,18000,14.35,0.27,N,3,0
42235,28,80400,OWN,9.0,MEDICAL,B,1000,10.99,0.01,N,6,0
42236,29,120000,MORTGAGE,11.0,VENTURE,B,10000,10.65,0.08,N,5,0
42237,34,50000,MORTGAGE,7.0,HOMEIMPROVEMENT,A,15000,7.49,0.3,N,7,0
42238,21,40000,RENT,5.0,EDUCATION,A,7000,8.9,0.17,N,2,0
42239,23,39000,RENT,1.0,MEDICAL,D,9000,15.7,0.24,Y,3,1
42240,27,50000,RENT,4.0,DEBTCONSOLIDATION,B,5500,9.91,0.11,N,6,0
42241,24,66000,RENT,8.0,DEBTCONSOLIDATION,A,20000,5.79,0.3,N,3,0
42242,23,75000,RENT,0.0,PERSONAL,A,12000,6.17,0.16,N,4,0
42243,38,110000,MORTGAGE,2.0,VENTURE,A,6000,6.92,0.05,N,15,0
42244,33,100000,MORTGAGE,13.0,MEDICAL,A,12000,8.59,0.12,N,6,0
42245,28,75000,MORTGAGE,12.0,MEDICAL,A,20000,7.88,0.27,N,10,0
42246,23,42000,RENT,3.0,VENTURE,C,5000,13.48,0.12,N,4,0
42247,22,45000,RENT,6.0,EDUCATION,C,10000,12.99,0.22,N,2,0
42248,23,45000,RENT,7.0,EDUCATION,B,9000,11.71,0.2,N,4,0
42249,24,75576,MORTGAGE,8.0,MEDICAL,A,18000,7.51,0.24,N,2,0
42250,27,95000,MORTGAGE,6.0,EDUCATION,A,35000,7.9,0.37,N,8,0
42251,28,62000,RENT,4.0,DEBTCONSOLIDATION,C,20000,12.84,0.32,N,9,1
42252,28,60000,MORTGAGE,12.0,DEBTCONSOLIDATION,A,15000,7.49,0.25,N,8,0
42253,29,54000,MORTGAGE,2.0,PERSONAL,A,5000,5.42,0.09,N,5,0
42254,29,120000,MORTGAGE,2.0,EDUCATION,B,6000,12.69,0.05,N,6,0
42255,26,96000,MORTGAGE,10.0,HOMEIMPROVEMENT,A,24000,9.63,0.26,N,4,0
42256,26,82000,RENT,5.0,HOMEIMPROVEMENT,A,10000,7.51,0.12,N,4,0
42257,26,42000,MORTGAGE,3.0,VENTURE,B,5000,10.99,0.12,N,2,0
42258,27,120000,MORTGAGE,4.0,MEDICAL,A,21000,6.91,0.17,N,5,0
42259,24,38400,MORTGAGE,1.0,VENTURE,B,2500,10.99,0.07,N,3,0
42260,22,42000,RENT,7.0,MEDICAL,D,4900,14.96,0.12,Y,3,1
42261,24,42000,RENT,8.0,DEBTCONSOLIDATION,D,15000,14.59,0.36,N,2,1
42262,25,60000,RENT,0.0,HOMEIMPROVEMENT,B,3350,10.99,0.06,N,3,0
42263,26,102000,MORTGAGE,9.0,EDUCATION,A,20000,7.14,0.2,N,3,0
42264,28,140000,MORTGAGE,12.0,VENTURE,B,24000,10.99,0.17,N,8,0
42265,40,42000,MORTGAGE,13.0,EDUCATION,A,14500,7.88,0.33,N,13,0
42266,26,31200,MORTGAGE,4.0,HOMEIMPROVEMENT,A,1200,7.74,0.04,N,2,0
42267,23,159996,MORTGAGE,7.0,EDUCATION,A,12000,5.42,0.08,N,2,0
42268,25,150000,RENT,1.0,HOMEIMPROVEMENT,C,12000,12.87,0.08,Y,2,0
42269,29,34000,RENT,0.0,PERSONAL,B,10000,9.88,0.29,N,7,0
42270,26,32000,OWN,10.0,HOMEIMPROVEMENT,A,4000,7.68,0.13,N,3,0
42271,32,74000,MORTGAGE,16.0,VENTURE,A,11500,6.03,0.16,N,6,0
42272,35,24996,RENT,0.0,MEDICAL,F,5000,18.09,0.2,N,5,1
42273,22,54000,MORTGAGE,0.0,EDUCATION,A,13200,7.49,0.24,N,2,0
42274,32,70000,MORTGAGE,9.0,DEBTCONSOLIDATION,A,3000,5.99,0.04,N,7,0
42275,24,100000,MORTGAGE,1.0,HOMEIMPROVEMENT,B,4800,10.74,0.05,N,2,0
42276,25,48000,MORTGAGE,7.0,MEDICAL,D,8000,15.62,0.17,Y,4,1
42277,25,80000,RENT,9.0,HOMEIMPROVEMENT,B,5600,10.59,0.07,N,4,0
42278,26,78500,MORTGAGE,6.0,EDUCATION,A,10000,7.9,0.13,N,3,0
42279,21,40000,RENT,5.0,VENTURE,C,3000,13.57,0.07,Y,2,0
42280,25,40000,RENT,9.0,EDUCATION,A,15000,6.91,0.38,N,3,0
42281,29,65000,MORTGAGE,3.0,EDUCATION,A,7000,7.29,0.11,N,7,0
42282,23,35000,RENT,3.0,VENTURE,B,10625,11.99,0.3,N,4,0
42283,23,60000,RENT,1.0,EDUCATION,C,12000,13.16,0.2,N,4,0
42284,27,78200,RENT,4.0,MEDICAL,D,25000,14.84,0.32,Y,8,1
42285,22,40000,RENT,2.0,DEBTCONSOLIDATION,B,4000,9.99,0.1,N,2,0
42286,25,39000,RENT,1.0,MEDICAL,B,10000,11.49,0.26,N,3,1
42287,37,60000,OWN,1.0,MEDICAL,B,3300,11.11,0.05,N,12,0
42288,22,50000,MORTGAGE,6.0,EDUCATION,B,9000,10.59,0.18,N,4,0
42289,33,45996,OTHER,8.0,PERSONAL,B,10000,12.18,0.22,N,9,0
42290,28,65000,RENT,3.0,MEDICAL,B,5000,11.14,0.08,N,5,0
42291,31,109000,MORTGAGE,14.0,HOMEIMPROVEMENT,C,6000,14.79,0.06,N,9,0
42292,23,45000,RENT,4.0,DEBTCONSOLIDATION,A,10000,7.88,0.22,N,3,0
42293,34,80000,RENT,17.0,MEDICAL,B,7500,10.01,0.09,N,8,0
42294,29,62000,RENT,13.0,PERSONAL,B,9000,10.0,0.15,N,8,0
42295,23,45000,MORTGAGE,7.0,MEDICAL,A,10000,7.74,0.22,N,3,0
42296,33,80000,MORTGAGE,9.0,MEDICAL,B,17000,6.0,0.22,N,9,0
42297,23,52000,RENT,3.0,EDUCATION,C,6000,12.87,0.12,Y,3,0
42298,21,24000,RENT,5.0,EDUCATION,A,3500,7.9,0.15,N,3,0
42299,24,40000,RENT,0.0,MEDICAL,A,4800,6.03,0.12,N,2,0
42300,31,70000,RENT,0.0,HOMEIMPROVEMENT,A,10000,8.59,0.14,N,8,0
42301,21,60000,MORTGAGE,5.0,MEDICAL,A,4500,6.54,0.07,N,3,0
42302,29,64800,MORTGAGE,11.0,HOMEIMPROVEMENT,B,15000,10.37,0.23,N,8,0
42303,41,40000,MORTGAGE,7.0,PERSONAL,B,15000,11.71,0.38,N,13,0
42304,25,100000,RENT,3.0,PERSONAL,A,7000,7.66,0.07,N,3,0
42305,30,50000,RENT,2.0,DEBTCONSOLIDATION,C,10000,14.22,0.2,Y,10,0
42306,24,75000,MORTGAGE,8.0,DEBTCONSOLIDATION,A,7300,9.32,0.1,N,3,0
42307,46,68580,RENT,6.0,PERSONAL,C,6000,13.35,0.09,N,16,0
42308,22,46000,MORTGAGE,6.0,PERSONAL,C,6000,13.49,0.13,Y,4,0
42309,25,36000,RENT,9.0,DEBTCONSOLIDATION,B,1800,10.59,0.05,N,2,0
42310,33,70000,MORTGAGE,6.0,MEDICAL,B,20000,11.48,0.29,N,5,0
42311,27,45600,RENT,0.0,VENTURE,B,15150,12.21,0.33,N,6,1
42312,43,36000,OWN,3.0,VENTURE,A,9000,7.14,0.25,N,16,0
42313,44,36000,MORTGAGE,3.0,VENTURE,A,7800,8.49,0.22,N,11,0
42314,38,65000,MORTGAGE,2.0,PERSONAL,A,10000,7.51,0.15,N,13,0
42315,35,45000,MORTGAGE,7.0,MEDICAL,A,7000,5.42,0.16,N,6,0
42316,39,45000,MORTGAGE,4.0,HOMEIMPROVEMENT,C,11200,13.48,0.25,N,12,0
42317,56,56950,MORTGAGE,7.0,MEDICAL,D,3600,15.62,0.06,Y,20,1
42318,30,82500,MORTGAGE,8.0,EDUCATION,A,5000,5.79,0.06,N,8,0
42319,26,94700,MORTGAGE,1.0,DEBTCONSOLIDATION,A,9500,7.49,0.1,N,4,0
42320,28,90000,MORTGAGE,12.0,VENTURE,A,6000,7.14,0.07,N,5,0
42321,23,180000,MORTGAGE,6.0,MEDICAL,C,8400,12.99,0.05,N,4,0
42322,23,60000,OWN,7.0,EDUCATION,A,12500,5.99,0.21,N,4,0
42323,23,125000,RENT,4.0,EDUCATION,B,25000,9.63,0.2,N,2,0
42324,25,60000,RENT,3.0,VENTURE,D,15000,14.59,0.25,Y,3,0
42325,27,90000,RENT,4.0,VENTURE,A,10000,8.9,0.11,N,8,0
42326,21,48000,RENT,2.0,DEBTCONSOLIDATION,B,4000,10.59,0.08,N,3,0
42327,37,85000,RENT,1.0,PERSONAL,B,10000,10.99,0.12,N,16,0
42328,34,45000,MORTGAGE,4.0,EDUCATION,B,4000,10.51,0.09,N,9,0
42329,32,31000,RENT,4.0,PERSONAL,B,10000,11.11,0.32,N,5,1
42330,25,100000,MORTGAGE,9.0,VENTURE,C,10000,13.57,0.1,N,4,0
42331,28,50000,RENT,2.0,EDUCATION,A,3000,8.49,0.06,N,8,0
42332,36,60000,RENT,5.0,EDUCATION,C,21000,13.11,0.35,Y,13,1
42333,27,58000,RENT,3.0,MEDICAL,B,20000,11.36,0.34,N,10,1
42334,23,86400,MORTGAGE,0.0,EDUCATION,B,16500,10.75,0.19,N,3,0
42335,35,47000,RENT,0.0,DEBTCONSOLIDATION,C,6000,12.84,0.13,N,7,0
42336,37,75000,OWN,3.0,VENTURE,C,6400,13.47,0.09,N,13,0
42337,23,88000,MORTGAGE,7.0,EDUCATION,D,15000,15.28,0.17,Y,3,1
42338,25,60000,RENT,9.0,HOMEIMPROVEMENT,A,12650,7.9,0.21,N,2,0
42339,27,85000,RENT,1.0,EDUCATION,C,10000,14.27,0.12,Y,8,0
42340,24,65000,RENT,5.0,HOMEIMPROVEMENT,D,15000,15.31,0.23,Y,4,0
42341,37,54500,RENT,11.0,EDUCATION,C,6400,14.65,0.12,N,11,0
42342,23,79200,RENT,7.0,PERSONAL,C,11200,14.79,0.14,N,2,0
42343,42,36000,MORTGAGE,0.0,DEBTCONSOLIDATION,C,7175,13.49,0.2,N,14,0
42344,27,37440,RENT,5.0,PERSONAL,B,18250,11.71,0.49,N,8,1
42345,24,50000,RENT,0.0,DEBTCONSOLIDATION,C,4500,13.22,0.09,N,2,0
42346,43,52800,MORTGAGE,4.0,PERSONAL,C,8000,14.79,0.15,N,14,0
42347,24,102000,MORTGAGE,8.0,EDUCATION,A,18000,8.94,0.18,N,3,0
42348,22,40000,RENT,3.0,VENTURE,B,12000,12.21,0.3,N,3,0
42349,25,100000,MORTGAGE,5.0,PERSONAL,C,5000,13.11,0.05,Y,3,0
42350,22,67500,RENT,4.0,VENTURE,A,7200,7.51,0.11,N,4,0
42351,29,24000,MORTGAGE,3.0,EDUCATION,A,1500,5.42,0.06,N,6,0
42352,22,42000,RENT,0.0,EDUCATION,A,3000,7.66,0.07,N,3,0
42353,23,80000,MORTGAGE,1.0,EDUCATION,B,3000,11.48,0.04,N,4,0
42354,22,60000,RENT,1.0,DEBTCONSOLIDATION,B,4000,11.99,0.06,N,2,0
42355,22,60000,MORTGAGE,7.0,EDUCATION,C,5000,12.73,0.08,N,2,0
42356,37,40000,RENT,2.0,EDUCATION,B,14000,11.71,0.35,N,11,1
42357,26,35000,RENT,3.0,MEDICAL,B,4500,10.99,0.13,N,4,0
42358,27,180000,MORTGAGE,2.0,EDUCATION,A,8000,5.99,0.04,N,8,0
42359,23,50000,RENT,0.0,VENTURE,A,12000,7.88,0.24,N,2,0
42360,23,77004,RENT,7.0,DEBTCONSOLIDATION,B,15000,10.0,0.19,N,2,0
42361,23,45000,RENT,4.0,DEBTCONSOLIDATION,B,8800,11.83,0.19,N,2,0
42362,33,144000,MORTGAGE,3.0,VENTURE,A,6000,7.49,0.04,N,5,0
42363,26,55316,MORTGAGE,10.0,HOMEIMPROVEMENT,C,6000,13.98,0.11,N,4,0
42364,24,58000,MORTGAGE,8.0,PERSONAL,B,8000,10.65,0.14,N,3,0
42365,28,38000,RENT,5.0,MEDICAL,A,6000,7.14,0.16,N,5,0
42366,22,75000,MORTGAGE,6.0,MEDICAL,A,3000,6.99,0.04,N,3,0
42367,23,60000,RENT,1.0,EDUCATION,A,10000,6.03,0.17,N,4,0
42368,25,138000,MORTGAGE,0.0,EDUCATION,B,24000,11.86,0.17,N,4,0
42369,29,69000,RENT,11.0,HOMEIMPROVEMENT,A,4500,7.88,0.07,N,5,0
42370,32,60000,RENT,16.0,EDUCATION,A,10000,7.9,0.17,N,5,0
42371,22,57996,RENT,5.0,EDUCATION,B,5000,11.86,0.09,N,4,0
42372,26,120000,MORTGAGE,10.0,EDUCATION,C,2000,15.23,0.02,Y,4,0
42373,24,52728,RENT,4.0,PERSONAL,A,5000,7.74,0.09,N,3,0
42374,41,33000,RENT,5.0,MEDICAL,A,13650,7.88,0.41,N,3,1
42375,24,45000,RENT,8.0,MEDICAL,B,15000,12.18,0.33,N,2,1
42376,39,45600,RENT,20.0,HOMEIMPROVEMENT,B,17000,9.88,0.38,N,11,1
42377,24,63600,MORTGAGE,8.0,PERSONAL,B,4000,11.49,0.06,N,4,1
42378,28,40000,MORTGAGE,12.0,VENTURE,A,1000,7.74,0.03,N,8,0
42379,24,44000,MORTGAGE,8.0,VENTURE,E,10000,17.14,0.23,Y,4,1
42380,29,90000,MORTGAGE,13.0,EDUCATION,A,15000,8.59,0.17,N,8,0
42381,23,30000,RENT,4.0,EDUCATION,C,10000,13.48,0.33,N,4,1
42382,22,53000,MORTGAGE,6.0,DEBTCONSOLIDATION,A,6000,5.42,0.11,N,4,0
42383,44,36000,RENT,2.0,VENTURE,C,1000,13.92,0.03,N,16,0
42384,26,46000,RENT,3.0,MEDICAL,B,12000,11.71,0.26,N,2,0
42385,21,33000,RENT,4.0,EDUCATION,A,5000,7.14,0.15,N,3,0
42386,27,29000,OWN,0.0,EDUCATION,A,1200,7.4,0.04,N,10,0
42387,27,110000,RENT,2.0,HOMEIMPROVEMENT,A,14400,7.29,0.12,N,7,0
42388,27,90000,MORTGAGE,3.0,MEDICAL,A,10000,7.51,0.11,N,10,0
42389,28,27000,RENT,5.0,PERSONAL,C,12000,15.96,0.44,N,7,1
42390,27,60000,RENT,2.0,MEDICAL,B,4500,10.99,0.07,N,8,0
42391,29,80000,MORTGAGE,13.0,MEDICAL,B,5000,11.49,0.06,N,5,0
42392,22,28440,MORTGAGE,6.0,PERSONAL,B,6000,11.49,0.21,N,3,0
42393,26,30000,RENT,2.0,MEDICAL,D,7000,15.62,0.23,Y,2,1
42394,21,43633,RENT,4.0,EDUCATION,B,10000,10.99,0.23,N,4,0
42395,22,80400,MORTGAGE,7.0,PERSONAL,B,25000,9.25,0.3,N,4,0
42396,33,55000,RENT,4.0,HOMEIMPROVEMENT,A,15000,6.99,0.27,N,6,0
42397,22,37000,MORTGAGE,4.0,VENTURE,B,6000,10.59,0.16,N,2,0
42398,28,75000,MORTGAGE,12.0,PERSONAL,A,10000,6.62,0.13,N,8,0
42399,45,42320,MORTGAGE,6.0,PERSONAL,C,7750,13.49,0.18,N,13,0
42400,27,60000,MORTGAGE,6.0,DEBTCONSOLIDATION,B,8000,10.37,0.13,N,9,0
42401,38,50000,RENT,0.0,DEBTCONSOLIDATION,B,14000,10.37,0.3,N,17,0
42402,25,75000,RENT,5.0,DEBTCONSOLIDATION,C,5000,13.85,0.07,N,3,0
42403,22,30000,RENT,2.0,EDUCATION,C,10000,13.22,0.33,Y,3,1
42404,22,30000,RENT,1.0,EDUCATION,C,5000,12.73,0.17,Y,3,0
42405,27,110000,MORTGAGE,3.0,PERSONAL,B,5000,10.65,0.04,N,5,0
42406,33,97000,MORTGAGE,6.0,PERSONAL,A,5000,6.99,0.05,N,10,0
42407,31,39124,OWN,3.0,EDUCATION,A,4000,8.49,0.1,N,8,0
42408,30,55000,MORTGAGE,4.0,DEBTCONSOLIDATION,B,10000,10.99,0.18,N,5,0
42409,25,36000,RENT,2.0,MEDICAL,A,3600,9.07,0.1,N,3,1
42410,24,26000,RENT,2.0,HOMEIMPROVEMENT,C,5600,13.98,0.22,Y,2,1
42411,23,55000,MORTGAGE,4.0,HOMEIMPROVEMENT,C,25000,13.57,0.46,Y,3,0
42412,22,40000,MORTGAGE,6.0,EDUCATION,C,10000,14.27,0.25,N,2,0
42413,33,118189,MORTGAGE,6.0,DEBTCONSOLIDATION,B,25000,10.99,0.21,N,8,0
42414,30,80000,MORTGAGE,5.0,MEDICAL,C,5000,15.96,0.06,N,8,0
42415,42,49000,RENT,0.0,DEBTCONSOLIDATION,E,4200,17.99,0.09,Y,13,1
42416,23,60000,OWN,7.0,PERSONAL,A,18000,8.49,0.3,N,3,0
42417,22,25000,RENT,0.0,MEDICAL,A,9800,7.66,0.39,N,3,1
42418,25,25000,RENT,9.0,MEDICAL,B,10000,10.99,0.4,N,2,1
42419,27,80000,MORTGAGE,2.0,VENTURE,A,6500,7.14,0.08,N,5,0
42420,43,65000,RENT,3.0,MEDICAL,A,10000,6.62,0.15,N,14,0
42421,24,33996,RENT,2.0,EDUCATION,B,1800,11.12,0.05,N,3,0
42422,24,45000,MORTGAGE,3.0,VENTURE,C,20000,13.49,0.44,Y,3,0
42423,32,54000,MORTGAGE,3.0,MEDICAL,A,3200,8.49,0.06,N,9,1
42424,28,175000,RENT,1.0,DEBTCONSOLIDATION,A,20000,6.54,0.11,N,6,0
42425,27,50000,RENT,8.0,PERSONAL,B,10000,10.99,0.2,N,5,0
42426,23,83600,RENT,7.0,EDUCATION,C,14000,13.11,0.17,Y,3,0
42427,24,95000,RENT,3.0,MEDICAL,A,13600,7.88,0.14,N,4,0
42428,40,55000,MORTGAGE,6.0,VENTURE,B,6000,11.99,0.11,N,14,0
42429,28,52000,MORTGAGE,12.0,HOMEIMPROVEMENT,C,10000,14.35,0.19,Y,8,0
42430,25,72000,MORTGAGE,0.0,MEDICAL,A,3500,6.76,0.05,N,3,0
42431,25,87000,MORTGAGE,9.0,VENTURE,A,1500,8.49,0.02,N,3,0
42432,22,70000,RENT,4.0,MEDICAL,C,8400,13.61,0.12,N,3,0
42433,47,160000,MORTGAGE,14.0,VENTURE,B,10000,10.59,0.07,N,11,0
42434,24,44000,RENT,0.0,EDUCATION,E,8000,17.14,0.18,Y,4,1
42435,22,72000,RENT,1.0,PERSONAL,A,4350,6.99,0.06,N,4,0
42436,28,75000,MORTGAGE,2.0,VENTURE,B,12000,12.21,0.16,N,7,0
42437,28,78000,MORTGAGE,4.0,HOMEIMPROVEMENT,B,12000,11.11,0.15,N,6,0
42438,26,54996,MORTGAGE,6.0,DEBTCONSOLIDATION,A,5000,9.32,0.09,N,3,0
42439,22,55000,RENT,5.0,MEDICAL,B,8000,11.71,0.15,N,4,0
42440,32,40000,MORTGAGE,11.0,VENTURE,C,11200,13.16,0.28,Y,9,0
42441,23,42996,RENT,5.0,MEDICAL,C,5000,13.22,0.12,N,4,0
42442,31,33600,RENT,2.0,VENTURE,C,12000,13.48,0.36,Y,6,0
42443,39,43000,MORTGAGE,10.0,VENTURE,A,7200,7.51,0.17,N,14,0
42444,34,55000,MORTGAGE,3.0,MEDICAL,B,3100,10.99,0.06,N,10,0
42445,22,48000,RENT,4.0,PERSONAL,B,5000,10.37,0.1,N,4,0
42446,30,63000,RENT,13.0,HOMEIMPROVEMENT,A,14000,5.99,0.24,N,10,0
42447,38,120000,MORTGAGE,9.0,PERSONAL,C,10000,13.48,0.08,Y,15,0
42448,24,102400,RENT,8.0,VENTURE,B,25000,11.86,0.24,N,4,0
42449,31,52000,MORTGAGE,15.0,MEDICAL,A,6000,7.49,0.12,N,9,0
42450,22,48000,OWN,2.0,EDUCATION,C,12000,11.66,0.25,N,2,0
42451,24,75000,RENT,4.0,VENTURE,A,16000,6.62,0.21,N,2,0
42452,41,54000,MORTGAGE,6.0,MEDICAL,A,10000,6.03,0.18,N,14,0
42453,48,85000,MORTGAGE,1.0,MEDICAL,B,6000,11.12,0.07,N,16,0
42454,21,50000,RENT,5.0,MEDICAL,A,6000,8.9,0.12,N,2,0
42455,23,68000,RENT,3.0,EDUCATION,A,8000,8.94,0.12,N,2,0
42456,33,78000,MORTGAGE,14.0,EDUCATION,B,6000,11.48,0.08,N,7,1
42457,28,75000,RENT,3.0,DEBTCONSOLIDATION,B,10000,10.37,0.13,N,6,0
42458,23,36000,OWN,4.0,MEDICAL,C,13000,13.99,0.37,Y,2,0
42459,26,62500,MORTGAGE,10.0,DEBTCONSOLIDATION,A,12000,7.51,0.19,N,3,0
42460,32,50000,RENT,4.0,DEBTCONSOLIDATION,C,5000,12.99,0.1,Y,8,0
42461,23,47000,MORTGAGE,7.0,EDUCATION,A,7000,7.74,0.15,N,3,0
42462,23,35000,MORTGAGE,7.0,EDUCATION,B,10000,11.49,0.29,N,2,0
42463,24,30000,RENT,3.0,MEDICAL,B,7000,10.75,0.23,N,2,0
42464,29,33000,RENT,1.0,HOMEIMPROVEMENT,D,8575,12.36,0.27,N,8,1
42465,25,59000,RENT,7.0,MEDICAL,C,3600,14.17,0.06,N,4,1
42466,23,66000,RENT,3.0,EDUCATION,B,7000,10.38,0.11,N,2,0
42467,25,42000,RENT,1.0,MEDICAL,D,15000,15.05,0.36,Y,2,1
42468,27,84000,MORTGAGE,0.0,DEBTCONSOLIDATION,B,8000,10.59,0.1,N,6,0
42469,23,62000,MORTGAGE,0.0,VENTURE,B,20000,10.37,0.32,N,3,0
42470,22,57996,MORTGAGE,6.0,VENTURE,A,7200,7.88,0.13,N,4,0
42471,22,51996,MORTGAGE,0.0,VENTURE,C,16000,13.85,0.31,N,2,0
42472,24,50000,RENT,2.0,EDUCATION,A,5000,6.62,0.1,N,2,0
42473,31,42000,RENT,2.0,VENTURE,B,12000,12.42,0.29,N,7,0
42474,26,18200,RENT,1.0,HOMEIMPROVEMENT,D,3200,15.99,0.18,N,3,1
42475,26,28000,OWN,0.0,VENTURE,B,3000,9.91,0.11,N,4,0
42476,28,50000,RENT,0.0,HOMEIMPROVEMENT,C,6000,13.49,0.12,N,5,0
42477,21,32000,RENT,3.0,MEDICAL,D,5000,15.7,0.16,Y,3,1
42478,24,40000,OWN,5.0,EDUCATION,B,7000,12.42,0.17,N,2,0
42479,28,130000,RENT,0.0,HOMEIMPROVEMENT,B,10000,11.86,0.08,N,7,0
42480,23,29640,MORTGAGE,2.0,PERSONAL,D,6250,14.42,0.21,Y,4,1
42481,30,92000,RENT,0.0,MEDICAL,C,12000,13.16,0.13,N,9,0
42482,32,45000,RENT,0.0,VENTURE,B,15000,11.89,0.35,N,7,1
42483,28,30000,RENT,0.0,VENTURE,A,5000,8.49,0.17,N,6,0
42484,32,30000,OWN,4.0,VENTURE,A,10000,7.88,0.33,N,6,0
42485,30,41900,RENT,1.0,HOMEIMPROVEMENT,B,13800,9.64,0.31,N,10,1
42486,28,110000,MORTGAGE,3.0,PERSONAL,B,8000,10.38,0.07,N,9,0
42487,22,130000,MORTGAGE,1.0,EDUCATION,D,25000,15.05,0.19,Y,4,0
42488,32,80000,RENT,1.0,HOMEIMPROVEMENT,B,20000,10.59,0.25,N,7,0
42489,23,120000,RENT,7.0,PERSONAL,B,15000,10.99,0.13,N,2,0
42490,25,40000,RENT,2.0,EDUCATION,B,3000,11.49,0.07,N,3,0
42491,22,30000,RENT,0.0,EDUCATION,A,6000,7.9,0.2,N,2,0
42492,43,50000,RENT,0.0,HOMEIMPROVEMENT,B,7500,11.49,0.15,N,14,0
42493,36,126000,MORTGAGE,9.0,VENTURE,B,7000,9.91,0.06,N,17,0
42494,32,55000,MORTGAGE,2.0,PERSONAL,A,10000,5.79,0.18,N,10,0
42495,25,150000,MORTGAGE,9.0,HOMEIMPROVEMENT,C,8000,13.8,0.05,Y,2,0
42496,28,120000,MORTGAGE,12.0,VENTURE,B,10000,11.71,0.08,N,7,0
42497,27,27000,RENT,0.0,PERSONAL,D,5000,15.33,0.18,Y,6,1
42498,26,90000,MORTGAGE,9.0,DEBTCONSOLIDATION,A,6500,7.14,0.07,N,2,0
42499,26,32000,RENT,0.0,VENTURE,A,3000,5.42,0.09,N,4,0
42500,29,114000,MORTGAGE,13.0,DEBTCONSOLIDATION,A,15000,6.03,0.13,N,5,0
42501,36,120000,MORTGAGE,9.0,DEBTCONSOLIDATION,A,20000,6.54,0.17,N,12,0
42502,21,30000,OWN,5.0,MEDICAL,B,6000,10.99,0.2,N,2,0
42503,27,122000,RENT,3.0,PERSONAL,C,10000,13.49,0.08,Y,10,0
42504,29,72000,MORTGAGE,5.0,EDUCATION,A,5000,6.03,0.07,N,6,0
42505,27,50000,RENT,11.0,PERSONAL,B,8000,10.36,0.16,N,6,0
42506,22,36000,RENT,3.0,DEBTCONSOLIDATION,C,4000,12.73,0.11,N,2,0
42507,28,170000,RENT,1.0,HOMEIMPROVEMENT,B,25000,12.21,0.15,N,7,1
42508,24,33000,RENT,5.0,MEDICAL,A,6000,7.9,0.18,N,3,0
42509,35,87000,MORTGAGE,9.0,DEBTCONSOLIDATION,B,9000,10.59,0.1,N,9,0
42510,22,24000,RENT,0.0,EDUCATION,B,5000,10.59,0.21,N,3,0
42511,33,58000,MORTGAGE,0.0,DEBTCONSOLIDATION,D,25000,15.57,0.42,Y,7,1
42512,30,81000,MORTGAGE,8.0,EDUCATION,C,6000,13.49,0.07,N,6,1
42513,22,52800,RENT,5.0,EDUCATION,D,1500,16.29,0.03,N,3,0
42514,26,92000,RENT,10.0,PERSONAL,E,25000,17.93,0.26,Y,3,0
42515,22,60000,MORTGAGE,0.0,EDUCATION,A,4800,7.29,0.08,N,2,0
42516,34,65200,MORTGAGE,13.0,VENTURE,A,9000,6.92,0.14,N,6,0
42517,40,120000,MORTGAGE,3.0,MEDICAL,B,7000,10.65,0.06,N,13,0
42518,31,60000,RENT,9.0,DEBTCONSOLIDATION,B,8000,9.63,0.13,N,8,0
42519,26,60000,MORTGAGE,10.0,HOMEIMPROVEMENT,B,8000,10.08,0.13,N,3,0
42520,25,85000,MORTGAGE,0.0,MEDICAL,B,35000,10.59,0.41,N,2,0
42521,26,140000,MORTGAGE,10.0,HOMEIMPROVEMENT,A,13000,7.88,0.09,N,4,0
42522,32,50000,RENT,5.0,DEBTCONSOLIDATION,C,10000,13.57,0.2,N,10,0
42523,24,45000,RENT,2.0,MEDICAL,C,8000,13.48,0.18,N,2,0
42524,37,65004,RENT,5.0,EDUCATION,C,5000,13.49,0.08,Y,13,0
42525,25,50000,OWN,2.0,EDUCATION,B,2500,10.99,0.05,N,4,0
42526,28,90000,MORTGAGE,12.0,PERSONAL,B,35000,11.49,0.39,N,8,0
42527,25,75000,RENT,3.0,MEDICAL,A,18000,8.9,0.24,N,2,0
42528,32,30000,RENT,3.0,PERSONAL,B,3000,11.83,0.1,N,10,1
42529,29,44000,MORTGAGE,0.0,DEBTCONSOLIDATION,D,10000,14.54,0.23,Y,6,1
42530,24,65000,MORTGAGE,2.0,VENTURE,A,10000,7.51,0.15,N,3,0
42531,25,69000,RENT,3.0,HOMEIMPROVEMENT,B,10000,11.71,0.14,N,4,1
42532,37,40000,RENT,3.0,DEBTCONSOLIDATION,B,16000,10.25,0.4,N,17,0
42533,23,44000,RENT,2.0,MEDICAL,D,15000,15.65,0.34,N,2,1
42534,34,62217,RENT,2.0,PERSONAL,B,5000,10.62,0.08,N,9,0
42535,25,60000,RENT,3.0,DEBTCONSOLIDATION,A,2000,6.99,0.03,N,2,0
42536,25,130000,MORTGAGE,9.0,MEDICAL,A,6000,6.99,0.05,N,2,0
42537,25,90000,MORTGAGE,9.0,MEDICAL,A,7000,6.99,0.08,N,2,0
42538,29,52000,RENT,5.0,HOMEIMPROVEMENT,C,1000,13.11,0.02,Y,7,0
42539,22,50000,MORTGAGE,7.0,EDUCATION,B,9000,10.59,0.18,N,4,0
42540,22,38400,MORTGAGE,6.0,EDUCATION,B,6500,10.59,0.17,N,3,0
42541,30,112995,RENT,8.0,EDUCATION,A,2250,6.99,0.02,N,10,0
42542,22,50000,MORTGAGE,6.0,EDUCATION,B,4500,10.37,0.09,N,2,0
42543,27,80000,MORTGAGE,11.0,MEDICAL,C,8400,14.79,0.1,Y,10,0
42544,23,35520,RENT,2.0,HOMEIMPROVEMENT,D,7000,14.91,0.2,Y,4,1
42545,23,50000,MORTGAGE,4.0,PERSONAL,A,10000,5.99,0.2,N,3,0
42546,31,53500,RENT,0.0,VENTURE,A,3200,6.76,0.06,N,7,0
42547,24,65000,RENT,0.0,EDUCATION,A,12500,6.91,0.19,N,3,0
42548,29,260000,MORTGAGE,5.0,PERSONAL,A,20000,7.88,0.08,N,7,0
42549,22,30000,RENT,6.0,VENTURE,B,4000,9.25,0.13,N,4,0
42550,35,78400,RENT,1.0,EDUCATION,E,18250,16.7,0.22,Y,9,1
42551,24,56000,RENT,6.0,MEDICAL,C,5000,14.65,0.09,N,4,0
42552,25,45000,RENT,6.0,MEDICAL,C,17000,12.99,0.36,Y,3,1
42553,24,55000,RENT,1.0,DEBTCONSOLIDATION,B,15000,11.58,0.27,N,4,0
42554,30,49000,RENT,6.0,HOMEIMPROVEMENT,B,8000,11.49,0.16,N,9,1
42555,40,108288,MORTGAGE,13.0,DEBTCONSOLIDATION,B,10000,10.37,0.09,N,14,0
42556,24,110000,MORTGAGE,8.0,PERSONAL,A,6000,6.92,0.05,N,3,0
42557,24,75000,MORTGAGE,8.0,MEDICAL,B,7200,9.91,0.1,N,2,0
42558,26,71500,RENT,10.0,DEBTCONSOLIDATION,C,9600,13.57,0.14,Y,4,0
42559,22,24000,RENT,1.0,MEDICAL,B,7200,11.83,0.3,N,2,0
42560,25,38004,MORTGAGE,3.0,HOMEIMPROVEMENT,A,5000,6.91,0.13,N,4,0
42561,22,87300,MORTGAGE,6.0,MEDICAL,B,5600,11.49,0.07,N,4,0
42562,46,173467,MORTGAGE,10.0,VENTURE,B,10000,11.71,0.06,N,12,0
42563,23,55000,MORTGAGE,6.0,EDUCATION,A,4800,7.51,0.09,N,3,0
42564,35,98000,MORTGAGE,19.0,MEDICAL,A,10000,7.51,0.1,N,7,0
42565,23,100000,RENT,5.0,MEDICAL,B,15000,10.37,0.15,N,2,0
42566,24,120000,RENT,8.0,DEBTCONSOLIDATION,B,15000,9.88,0.13,N,2,0
42567,24,75000,RENT,0.0,VENTURE,C,25000,13.85,0.33,Y,3,1
42568,22,60000,MORTGAGE,6.0,VENTURE,B,8000,12.21,0.13,N,3,0
42569,25,93000,MORTGAGE,9.0,PERSONAL,B,12000,9.88,0.13,N,2,0
42570,38,30000,RENT,1.0,PERSONAL,C,3000,12.73,0.1,N,11,0
42571,41,118000,RENT,2.0,PERSONAL,C,12000,13.11,0.1,N,13,0
42572,37,65004,MORTGAGE,7.0,MEDICAL,A,3000,5.99,0.05,N,11,0
42573,29,100000,MORTGAGE,1.0,VENTURE,A,15000,6.62,0.15,N,9,0
42574,25,50004,RENT,3.0,PERSONAL,B,2000,10.75,0.04,N,2,0
42575,25,50000,MORTGAGE,0.0,PERSONAL,A,6000,8.0,0.12,N,3,0
42576,29,60000,RENT,4.0,EDUCATION,B,7000,10.59,0.12,N,8,0
42577,27,119000,RENT,9.0,DEBTCONSOLIDATION,B,5800,11.49,0.05,N,6,0
42578,22,40000,RENT,2.0,EDUCATION,A,4000,7.14,0.1,N,2,0
42579,36,63996,MORTGAGE,12.0,VENTURE,A,10000,6.03,0.16,N,17,0
42580,28,135000,MORTGAGE,12.0,VENTURE,B,20000,10.25,0.16,N,8,0
42581,24,5000,RENT,0.0,EDUCATION,C,1000,13.06,0.2,Y,4,0
42582,22,30000,RENT,3.0,DEBTCONSOLIDATION,A,3500,5.99,0.12,N,4,0
42583,23,40000,RENT,5.0,DEBTCONSOLIDATION,B,8000,10.59,0.2,N,3,0
42584,40,53000,MORTGAGE,2.0,HOMEIMPROVEMENT,B,15000,10.62,0.28,N,15,0
42585,23,50000,MORTGAGE,7.0,PERSONAL,A,6400,8.94,0.13,N,2,0
42586,34,165000,MORTGAGE,3.0,VENTURE,C,20000,13.92,0.12,N,5,0
42587,27,80000,MORTGAGE,11.0,EDUCATION,A,20000,6.54,0.25,N,10,0
42588,24,75000,MORTGAGE,4.0,DEBTCONSOLIDATION,A,12000,7.51,0.16,N,3,0
42589,23,50000,RENT,1.0,DEBTCONSOLIDATION,A,10000,5.99,0.2,N,4,0
42590,28,37440,MORTGAGE,2.0,HOMEIMPROVEMENT,A,10000,7.74,0.27,N,10,0
42591,35,230000,MORTGAGE,14.0,EDUCATION,B,8500,11.49,0.04,N,7,0
42592,22,91800,MORTGAGE,6.0,MEDICAL,D,25000,15.95,0.23,N,3,1
42593,38,55000,RENT,4.0,DEBTCONSOLIDATION,A,15000,6.91,0.27,N,17,0
42594,25,90000,RENT,3.0,PERSONAL,B,13200,10.74,0.15,N,2,0
42595,22,120000,MORTGAGE,6.0,VENTURE,A,16000,7.9,0.13,N,4,0
42596,28,95000,MORTGAGE,3.0,VENTURE,B,17000,12.42,0.19,N,8,0
42597,28,28500,MORTGAGE,3.0,VENTURE,C,4000,12.73,0.14,N,8,0
42598,25,41000,MORTGAGE,6.0,PERSONAL,C,8000,12.84,0.2,N,3,0
42599,32,62900,RENT,2.0,MEDICAL,A,2800,6.54,0.04,N,10,1
42600,33,140000,MORTGAGE,0.0,VENTURE,A,6300,5.79,0.04,N,7,0
42601,26,60000,MORTGAGE,8.0,EDUCATION,C,3600,13.49,0.06,Y,2,0
42602,31,65000,MORTGAGE,3.0,EDUCATION,D,20000,14.09,0.31,Y,9,0
42603,36,65000,OWN,14.0,VENTURE,B,3000,11.26,0.05,N,13,0
42604,25,36000,RENT,2.0,HOMEIMPROVEMENT,A,5000,8.49,0.14,N,2,1
42605,43,63000,MORTGAGE,0.0,PERSONAL,C,21600,15.27,0.34,Y,11,1
42606,23,61360,RENT,8.0,MEDICAL,C,6125,13.49,0.1,Y,3,0
42607,34,66901,MORTGAGE,13.0,EDUCATION,C,9000,13.92,0.13,N,5,0
42608,46,90000,RENT,5.0,PERSONAL,B,15000,9.88,0.17,N,16,0
42609,28,86004,MORTGAGE,13.0,PERSONAL,B,6000,9.99,0.07,N,5,0
42610,32,75000,MORTGAGE,4.0,DEBTCONSOLIDATION,A,15000,8.9,0.2,N,10,0
42611,28,40000,RENT,12.0,MEDICAL,A,6400,9.32,0.16,N,9,0
42612,39,45000,RENT,0.0,PERSONAL,C,3000,13.43,0.07,Y,16,0
42613,25,24000,OWN,3.0,PERSONAL,B,2400,11.11,0.1,N,4,0
42614,27,70000,RENT,6.0,MEDICAL,C,10000,13.49,0.14,Y,8,0
42615,24,30000,RENT,3.0,DEBTCONSOLIDATION,B,5000,11.11,0.17,N,3,1
42616,22,26000,RENT,2.0,MEDICAL,A,8000,7.49,0.31,N,4,1
42617,24,50000,OWN,8.0,PERSONAL,C,10500,13.16,0.21,Y,4,0
42618,32,150000,MORTGAGE,16.0,HOMEIMPROVEMENT,A,6000,7.49,0.04,N,8,0
42619,28,68000,MORTGAGE,11.0,DEBTCONSOLIDATION,C,3500,13.23,0.05,Y,8,0
42620,23,60000,RENT,2.0,EDUCATION,C,8000,13.92,0.13,N,4,0
42621,32,60000,RENT,0.0,DEBTCONSOLIDATION,B,5600,9.99,0.09,N,10,0
42622,28,80000,RENT,13.0,EDUCATION,C,18000,13.92,0.23,Y,5,0
42623,29,42000,RENT,1.0,HOMEIMPROVEMENT,C,8000,12.99,0.19,N,7,0
42624,52,150500,MORTGAGE,1.0,PERSONAL,B,21000,10.99,0.13,N,25,0
42625,24,60400,RENT,2.0,VENTURE,B,9500,12.69,0.16,N,2,0
42626,25,59000,RENT,4.0,EDUCATION,C,6000,14.27,0.1,Y,4,0
42627,24,29004,MORTGAGE,4.0,MEDICAL,D,5225,16.77,0.18,N,3,1
42628,24,118000,MORTGAGE,8.0,EDUCATION,B,15000,12.18,0.13,N,4,0
42629,23,78000,MORTGAGE,7.0,VENTURE,A,10000,5.42,0.13,N,2,0
42630,32,150000,OWN,1.0,HOMEIMPROVEMENT,A,9000,6.17,0.06,N,6,0
42631,23,35000,RENT,5.0,EDUCATION,B,6000,10.99,0.17,N,3,0
42632,24,35000,RENT,0.0,VENTURE,D,3000,14.84,0.09,Y,2,1
42633,25,48000,MORTGAGE,3.0,VENTURE,C,10000,15.23,0.21,Y,3,0
42634,22,50000,RENT,6.0,EDUCATION,C,7200,13.49,0.15,Y,2,0
42635,30,120000,MORTGAGE,2.0,EDUCATION,A,20000,6.91,0.17,N,6,0
42636,23,30000,OWN,1.0,VENTURE,B,7000,12.69,0.23,N,4,0
42637,27,56628,MORTGAGE,1.0,MEDICAL,B,12000,9.99,0.21,N,8,0
42638,27,100000,MORTGAGE,0.0,MEDICAL,A,6000,8.59,0.06,N,7,0
42639,24,120000,RENT,9.0,DEBTCONSOLIDATION,B,15000,10.62,0.12,N,4,0
42640,22,68000,MORTGAGE,6.0,PERSONAL,C,6000,13.43,0.09,N,2,0
42641,25,30000,RENT,5.0,MEDICAL,A,3000,8.49,0.1,N,4,0
42642,29,75000,RENT,6.0,PERSONAL,A,19600,7.9,0.26,N,6,0
42643,26,96000,MORTGAGE,7.0,HOMEIMPROVEMENT,B,6000,11.99,0.06,N,3,0
42644,29,110000,MORTGAGE,11.0,EDUCATION,A,6000,8.9,0.05,N,5,0
42645,23,50000,RENT,2.0,DEBTCONSOLIDATION,B,6000,10.25,0.12,N,2,0
42646,30,120000,OWN,14.0,PERSONAL,B,20000,10.59,0.16,N,8,0
42647,23,84392,RENT,7.0,PERSONAL,A,12000,7.29,0.14,N,2,0
42648,26,75000,MORTGAGE,6.0,MEDICAL,C,15000,13.61,0.2,Y,2,0
42649,22,45000,RENT,6.0,EDUCATION,B,4000,10.95,0.09,N,2,0
42650,22,35500,MORTGAGE,6.0,EDUCATION,A,9000,8.49,0.25,N,2,0
42651,27,50000,OWN,2.0,VENTURE,B,4000,10.99,0.08,N,10,0
42652,42,33600,RENT,0.0,DEBTCONSOLIDATION,B,8400,11.49,0.26,N,14,1
42653,23,27000,RENT,2.0,HOMEIMPROVEMENT,D,6000,15.62,0.22,Y,2,1
42654,27,70000,MORTGAGE,2.0,HOMEIMPROVEMENT,B,10000,11.11,0.14,N,6,0
42655,25,60000,RENT,8.0,PERSONAL,F,17000,19.41,0.28,N,4,1
42656,30,90000,RENT,14.0,EDUCATION,A,18000,8.49,0.2,N,5,0
42657,35,48000,MORTGAGE,2.0,MEDICAL,A,9000,7.88,0.19,N,9,0
42658,23,78000,RENT,3.0,DEBTCONSOLIDATION,B,35000,10.65,0.44,N,3,1
42659,33,60000,RENT,9.0,MEDICAL,C,10000,13.22,0.17,N,6,0
42660,29,39000,RENT,1.0,VENTURE,A,10000,8.49,0.26,N,7,0
42661,31,95000,MORTGAGE,5.0,DEBTCONSOLIDATION,A,4800,8.49,0.05,N,8,0
42662,24,50000,MORTGAGE,4.0,MEDICAL,A,8000,7.9,0.16,N,2,0
42663,24,80000,MORTGAGE,4.0,EDUCATION,C,5000,14.27,0.06,N,3,0
42664,22,40000,RENT,0.0,DEBTCONSOLIDATION,A,10000,7.9,0.25,N,4,0
42665,21,33009,OWN,5.0,VENTURE,B,10000,11.48,0.3,N,3,0
42666,30,52000,RENT,0.0,PERSONAL,A,3600,8.59,0.07,N,8,0
42667,26,116004,MORTGAGE,6.0,PERSONAL,C,15000,12.99,0.13,N,3,0
42668,29,54000,MORTGAGE,7.0,PERSONAL,A,5000,7.51,0.09,N,8,0
42669,21,83004,MORTGAGE,0.0,DEBTCONSOLIDATION,D,10000,15.28,0.12,N,4,1
42670,24,100000,MORTGAGE,8.0,EDUCATION,A,12000,7.51,0.12,N,2,0
42671,27,50000,RENT,11.0,MEDICAL,B,15000,10.37,0.3,N,7,0
42672,26,35000,RENT,1.0,MEDICAL,C,7000,12.99,0.2,Y,2,0
42673,31,72000,MORTGAGE,6.0,HOMEIMPROVEMENT,A,9800,6.99,0.14,N,10,0
42674,23,75000,RENT,1.0,VENTURE,B,17000,11.99,0.23,N,4,0
42675,30,151800,MORTGAGE,1.0,HOMEIMPROVEMENT,B,21000,10.0,0.14,N,6,0
42676,35,70000,MORTGAGE,5.0,EDUCATION,C,17000,13.49,0.24,Y,6,0
42677,24,45000,OWN,2.0,VENTURE,B,8000,10.38,0.18,N,2,0
42678,23,82000,RENT,5.0,EDUCATION,A,10000,7.51,0.12,N,3,0
42679,25,45000,RENT,2.0,EDUCATION,A,4000,7.51,0.09,N,3,0
42680,24,88296,MORTGAGE,8.0,HOMEIMPROVEMENT,B,15000,10.0,0.17,N,3,0
42681,25,80000,RENT,0.0,PERSONAL,B,2000,11.71,0.03,N,3,0
42682,36,100000,MORTGAGE,4.0,HOMEIMPROVEMENT,A,6000,7.51,0.06,N,12,0
42683,21,25000,OWN,5.0,EDUCATION,D,8000,14.84,0.32,Y,4,0
42684,28,35000,RENT,0.0,EDUCATION,C,13500,12.61,0.38,Y,8,1
42685,22,40000,RENT,1.0,DEBTCONSOLIDATION,B,12000,10.99,0.3,N,4,0
42686,24,40000,RENT,7.0,VENTURE,B,12000,11.11,0.3,N,3,0
42687,23,100000,MORTGAGE,2.0,VENTURE,C,9500,12.99,0.09,Y,3,0
42688,24,47700,MORTGAGE,4.0,EDUCATION,B,10000,11.83,0.21,N,2,0
42689,28,52000,RENT,0.0,MEDICAL,B,2500,11.49,0.05,N,7,0
42690,24,72000,RENT,5.0,VENTURE,A,20000,6.91,0.28,N,4,0
42691,22,30000,RENT,0.0,MEDICAL,C,5000,13.16,0.17,N,2,0
42692,31,50000,RENT,5.0,VENTURE,A,6500,7.88,0.13,N,8,0
42693,24,30000,RENT,8.0,HOMEIMPROVEMENT,D,13000,14.42,0.43,N,4,1
42694,22,37200,RENT,6.0,MEDICAL,A,7000,6.17,0.19,N,3,0
42695,24,90000,MORTGAGE,6.0,VENTURE,A,5600,5.42,0.06,N,4,0
42696,34,140000,MORTGAGE,2.0,HOMEIMPROVEMENT,B,12000,10.0,0.09,N,10,0
42697,24,83290,MORTGAGE,8.0,HOMEIMPROVEMENT,B,5000,11.89,0.06,N,3,1
42698,30,85000,MORTGAGE,8.0,MEDICAL,A,5000,7.88,0.06,N,5,0
42699,25,30000,RENT,8.0,PERSONAL,B,7000,12.12,0.23,N,4,0
42700,27,30000,RENT,4.0,DEBTCONSOLIDATION,C,6600,13.06,0.22,Y,7,0
42701,21,45000,RENT,4.0,PERSONAL,A,15000,7.49,0.33,N,2,1
42702,23,45000,RENT,2.0,MEDICAL,C,9000,13.98,0.2,Y,3,0
42703,29,75000,MORTGAGE,13.0,VENTURE,A,10000,7.51,0.13,N,8,0
42704,23,36000,RENT,0.0,MEDICAL,A,9000,9.63,0.25,N,4,0
42705,25,53352,RENT,3.0,VENTURE,D,17500,14.54,0.33,N,3,1
42706,22,70000,MORTGAGE,5.0,DEBTCONSOLIDATION,B,8000,10.37,0.11,N,4,0
42707,29,35000,RENT,2.0,PERSONAL,B,13500,10.95,0.38,N,7,1
42708,24,150000,MORTGAGE,8.0,HOMEIMPROVEMENT,B,10000,10.65,0.07,N,4,0
42709,27,140000,MORTGAGE,4.0,EDUCATION,B,10000,10.59,0.07,N,9,0
42710,26,36900,RENT,6.0,VENTURE,B,2500,11.49,0.07,N,3,0
42711,27,84000,MORTGAGE,11.0,PERSONAL,A,1000,6.76,0.01,N,7,0
42712,25,57000,RENT,5.0,MEDICAL,B,8000,9.91,0.14,N,2,0
42713,22,70000,RENT,4.0,EDUCATION,B,6000,11.89,0.09,N,2,0
42714,46,45000,RENT,0.0,PERSONAL,B,5000,11.36,0.11,N,11,1
42715,38,40000,RENT,3.0,VENTURE,B,4000,10.74,0.1,N,13,0
42716,39,30000,RENT,4.0,MEDICAL,A,5000,7.51,0.17,N,11,0
42717,26,112000,MORTGAGE,7.0,MEDICAL,A,6000,7.49,0.05,N,4,0
42718,25,42000,MORTGAGE,5.0,DEBTCONSOLIDATION,E,3200,17.19,0.08,N,3,1
42719,28,48000,MORTGAGE,4.0,DEBTCONSOLIDATION,B,3000,11.49,0.06,N,6,0
42720,22,40000,RENT,6.0,VENTURE,A,5500,8.32,0.14,N,3,0
42721,28,88000,RENT,7.0,EDUCATION,D,3000,14.84,0.03,Y,7,0
42722,28,30000,RENT,0.0,EDUCATION,C,3500,14.65,0.12,Y,8,0
42723,37,30000,RENT,8.0,PERSONAL,B,10000,10.75,0.33,N,15,1
42724,31,38000,RENT,0.0,EDUCATION,C,12000,13.23,0.32,Y,7,1
42725,24,72000,RENT,5.0,VENTURE,A,10000,6.54,0.14,N,2,0
42726,21,36000,RENT,5.0,EDUCATION,C,8000,13.49,0.22,N,3,0
42727,22,90000,MORTGAGE,1.0,EDUCATION,A,17600,7.49,0.2,N,3,0
42728,21,30000,RENT,3.0,EDUCATION,C,4000,13.99,0.13,Y,4,0
42729,24,60000,MORTGAGE,8.0,EDUCATION,A,24375,8.9,0.41,N,2,0
42730,29,60000,MORTGAGE,4.0,MEDICAL,B,4800,12.42,0.08,N,9,0
42731,31,60589,MORTGAGE,7.0,MEDICAL,A,3000,7.88,0.05,N,6,0
42732,23,28800,RENT,7.0,EDUCATION,B,8000,11.36,0.28,N,2,0
42733,27,65000,MORTGAGE,0.0,VENTURE,A,5300,6.62,0.08,N,6,0
42734,25,100000,MORTGAGE,9.0,EDUCATION,B,2000,10.74,0.02,N,2,0
42735,26,60000,MORTGAGE,5.0,PERSONAL,A,5000,7.51,0.08,N,2,0
42736,22,50000,RENT,1.0,EDUCATION,A,3000,6.76,0.06,N,2,0
42737,24,41000,RENT,0.0,MEDICAL,B,3000,10.99,0.07,N,2,0
42738,33,26400,RENT,0.0,MEDICAL,C,2500,13.92,0.09,N,9,0
42739,25,55000,MORTGAGE,9.0,HOMEIMPROVEMENT,A,14000,5.42,0.25,N,4,0
42740,22,39000,MORTGAGE,6.0,DEBTCONSOLIDATION,D,7500,14.91,0.19,Y,2,1
42741,23,54000,MORTGAGE,6.0,MEDICAL,B,10000,11.14,0.19,N,4,1
42742,22,36000,RENT,0.0,MEDICAL,B,5000,10.25,0.14,N,2,0
42743,28,29000,RENT,1.0,HOMEIMPROVEMENT,D,10000,15.62,0.34,Y,8,1
42744,45,110000,RENT,1.0,VENTURE,B,7400,9.99,0.07,N,17,0
42745,24,28800,RENT,3.0,EDUCATION,B,11200,10.0,0.4,N,2,1
42746,23,43000,MORTGAGE,1.0,DEBTCONSOLIDATION,C,5400,12.73,0.12,N,3,0
42747,22,74004,OWN,6.0,PERSONAL,A,7200,6.62,0.1,N,2,0
42748,21,58200,RENT,3.0,DEBTCONSOLIDATION,B,12000,11.71,0.21,N,3,0
42749,24,105000,MORTGAGE,7.0,HOMEIMPROVEMENT,E,6000,20.69,0.06,N,3,0
42750,38,50000,MORTGAGE,5.0,PERSONAL,B,3000,9.99,0.06,N,14,0
42751,28,109800,MORTGAGE,12.0,VENTURE,B,15000,10.99,0.15,N,8,0
42752,28,89000,MORTGAGE,5.0,DEBTCONSOLIDATION,B,14400,10.62,0.16,N,6,0
42753,23,78000,MORTGAGE,5.0,MEDICAL,B,10000,11.12,0.13,N,2,0
42754,27,25000,RENT,1.0,MEDICAL,B,6000,9.91,0.24,N,8,0
42755,27,72000,MORTGAGE,4.0,HOMEIMPROVEMENT,B,5000,10.65,0.07,N,9,0
42756,22,27996,RENT,4.0,VENTURE,A,5000,9.63,0.18,N,3,0
42757,27,65000,MORTGAGE,3.0,VENTURE,B,12000,11.49,0.18,N,7,0
42758,30,120000,MORTGAGE,9.0,EDUCATION,C,13000,13.61,0.11,N,7,0
42759,25,45000,RENT,2.0,EDUCATION,C,10000,15.23,0.22,Y,4,0
42760,28,35000,RENT,1.0,PERSONAL,A,1500,6.91,0.04,N,9,0
42761,25,53000,RENT,0.0,EDUCATION,C,6000,13.47,0.11,Y,2,0
42762,23,60000,RENT,7.0,MEDICAL,B,8000,10.99,0.13,N,3,0
42763,28,102000,MORTGAGE,3.0,DEBTCONSOLIDATION,B,15000,10.0,0.15,N,9,0
42764,22,31200,RENT,1.0,PERSONAL,C,6400,14.35,0.21,N,4,0
42765,24,59712,RENT,0.0,DEBTCONSOLIDATION,E,24000,17.43,0.4,N,2,1
42766,28,44004,RENT,2.0,PERSONAL,C,6000,14.27,0.14,N,7,1
42767,25,75600,MORTGAGE,9.0,PERSONAL,A,14500,9.63,0.19,N,2,0
42768,25,70000,RENT,9.0,HOMEIMPROVEMENT,A,12000,6.17,0.17,N,4,0
42769,32,69996,MORTGAGE,10.0,HOMEIMPROVEMENT,A,6000,7.14,0.09,N,5,0
42770,25,62000,RENT,9.0,PERSONAL,A,9100,7.9,0.15,N,2,0
42771,22,100000,RENT,2.0,EDUCATION,B,15000,11.86,0.15,N,2,0
42772,21,42000,RENT,5.0,DEBTCONSOLIDATION,B,6000,9.99,0.14,N,3,0
42773,21,26400,RENT,2.0,PERSONAL,C,5000,13.23,0.19,N,4,0
42774,22,45000,RENT,6.0,DEBTCONSOLIDATION,B,10000,12.69,0.22,N,4,0
42775,25,30000,RENT,7.0,VENTURE,E,13000,17.99,0.43,N,2,1
42776,26,75000,RENT,0.0,EDUCATION,A,3000,6.17,0.04,N,4,0
42777,25,58000,MORTGAGE,9.0,DEBTCONSOLIDATION,A,15000,6.03,0.26,N,4,0
42778,26,70000,MORTGAGE,4.0,EDUCATION,B,15000,11.86,0.21,N,4,1
42779,22,35000,RENT,2.0,DEBTCONSOLIDATION,B,4800,11.99,0.14,N,3,0
42780,23,45000,RENT,1.0,EDUCATION,A,6000,6.03,0.13,N,4,0
42781,21,28000,RENT,5.0,PERSONAL,A,5000,5.42,0.18,N,4,0
42782,31,70000,RENT,2.0,HOMEIMPROVEMENT,B,12000,9.88,0.17,N,6,0
42783,30,175000,MORTGAGE,13.0,VENTURE,A,24000,6.92,0.14,N,6,0
42784,31,66000,MORTGAGE,4.0,DEBTCONSOLIDATION,A,10000,7.51,0.15,N,9,0
42785,33,48000,RENT,5.0,DEBTCONSOLIDATION,D,9000,16.49,0.19,N,9,0
42786,24,54000,RENT,8.0,HOMEIMPROVEMENT,D,10000,14.59,0.19,N,4,0
42787,26,60000,RENT,3.0,DEBTCONSOLIDATION,A,12000,7.88,0.2,N,2,0
42788,21,102000,MORTGAGE,5.0,EDUCATION,A,10000,7.51,0.1,N,4,0
42789,30,96000,MORTGAGE,5.0,MEDICAL,B,8000,10.37,0.08,N,9,0
42790,26,130000,MORTGAGE,5.0,EDUCATION,B,5000,11.49,0.04,N,4,0
42791,22,95004,MORTGAGE,4.0,EDUCATION,A,10000,7.51,0.11,N,2,0
42792,27,65000,RENT,11.0,PERSONAL,B,8000,12.69,0.12,N,9,0
42793,27,59000,RENT,4.0,DEBTCONSOLIDATION,E,24000,19.69,0.41,Y,10,1
42794,31,85000,RENT,0.0,MEDICAL,B,6000,9.07,0.07,N,5,0
42795,24,26400,RENT,3.0,EDUCATION,B,3500,11.49,0.13,N,3,1
42796,27,50000,RENT,0.0,EDUCATION,B,4000,11.36,0.08,N,7,0
42797,40,39000,MORTGAGE,6.0,HOMEIMPROVEMENT,B,10000,11.48,0.26,N,15,0
42798,25,38400,MORTGAGE,1.0,HOMEIMPROVEMENT,C,5500,10.28,0.14,Y,4,0
42799,31,60000,RENT,6.0,VENTURE,A,12000,8.9,0.2,N,6,0
42800,31,75000,MORTGAGE,6.0,HOMEIMPROVEMENT,B,5000,9.63,0.07,N,9,0
42801,26,74900,MORTGAGE,10.0,MEDICAL,B,5000,11.12,0.06,N,3,0
42802,23,57000,RENT,1.0,EDUCATION,D,15000,16.89,0.26,N,2,1
42803,30,65000,MORTGAGE,0.0,HOMEIMPROVEMENT,C,8000,13.49,0.12,Y,8,0
42804,28,90000,MORTGAGE,12.0,VENTURE,B,15000,11.11,0.17,N,7,0
42805,22,60000,RENT,2.0,DEBTCONSOLIDATION,C,21000,13.49,0.35,Y,4,0
42806,37,94965,MORTGAGE,4.0,EDUCATION,A,21850,6.99,0.23,N,11,0
42807,24,47211,OWN,2.0,HOMEIMPROVEMENT,A,10000,6.99,0.22,N,3,0
42808,37,75000,RENT,5.0,DEBTCONSOLIDATION,B,12000,10.99,0.16,N,14,0
42809,22,28956,RENT,3.0,VENTURE,A,10000,8.49,0.34,N,3,1
42810,27,40000,RENT,3.0,MEDICAL,B,12000,12.18,0.3,N,8,0
42811,27,72000,MORTGAGE,6.0,EDUCATION,A,10000,7.9,0.14,N,9,0
42812,33,113000,MORTGAGE,15.0,EDUCATION,B,21000,11.71,0.19,N,10,0
42813,22,69996,RENT,6.0,MEDICAL,D,25000,15.31,0.36,Y,2,1
42814,29,65000,MORTGAGE,4.0,DEBTCONSOLIDATION,C,10000,15.96,0.15,Y,5,0
42815,23,32000,RENT,3.0,PERSONAL,A,8000,6.03,0.25,N,3,0
42816,22,50648,MORTGAGE,6.0,MEDICAL,A,8000,6.76,0.15,N,2,0
42817,22,30000,RENT,4.0,EDUCATION,A,5000,7.49,0.17,N,3,0
42818,23,30000,MORTGAGE,1.0,MEDICAL,A,6000,7.51,0.2,N,4,0
42819,24,56004,RENT,2.0,EDUCATION,A,10000,7.66,0.18,N,3,0
42820,23,75000,RENT,2.0,DEBTCONSOLIDATION,A,5000,5.42,0.07,N,2,0
42821,24,25000,RENT,8.0,MEDICAL,B,5000,12.42,0.2,N,2,0
42822,24,75000,RENT,5.0,HOMEIMPROVEMENT,A,15000,6.17,0.2,N,2,0
42823,31,113676,MORTGAGE,15.0,HOMEIMPROVEMENT,B,24000,9.91,0.21,N,6,0
42824,24,51312,RENT,2.0,MEDICAL,D,12000,13.87,0.23,N,2,1
42825,39,63000,RENT,2.0,DEBTCONSOLIDATION,B,8000,10.74,0.13,N,12,0
42826,24,55000,MORTGAGE,8.0,EDUCATION,B,7800,10.99,0.14,N,3,0
42827,24,40000,RENT,3.0,MEDICAL,C,8000,13.23,0.2,N,4,0
42828,38,48000,MORTGAGE,5.0,PERSONAL,A,4000,7.14,0.08,N,13,0
42829,28,55000,RENT,5.0,EDUCATION,A,4500,8.9,0.08,N,10,0
42830,21,35000,RENT,5.0,EDUCATION,B,5200,11.36,0.14,N,2,0
42831,23,35000,RENT,1.0,VENTURE,A,6400,7.49,0.18,N,3,0
42832,24,45000,RENT,1.0,DEBTCONSOLIDATION,C,3000,12.73,0.07,Y,2,0
42833,24,36000,RENT,5.0,DEBTCONSOLIDATION,A,9000,6.0,0.25,N,3,0
42834,23,40000,RENT,3.0,EDUCATION,A,5000,8.59,0.13,N,2,0
42835,32,30000,RENT,8.0,VENTURE,A,11000,7.91,0.37,N,6,1
42836,21,33000,RENT,1.0,EDUCATION,C,6000,12.61,0.18,Y,2,0
42837,28,50004,RENT,0.0,DEBTCONSOLIDATION,B,6000,10.36,0.12,N,8,0
42838,27,43000,RENT,11.0,PERSONAL,A,6000,8.59,0.14,N,6,0
42839,24,36000,RENT,0.0,MEDICAL,A,4500,7.49,0.13,N,2,0
42840,36,78000,RENT,2.0,HOMEIMPROVEMENT,B,9000,12.69,0.11,N,13,1
42841,28,55000,MORTGAGE,3.0,DEBTCONSOLIDATION,B,15000,11.11,0.27,N,5,0
42842,24,30000,RENT,2.0,MEDICAL,B,3000,10.95,0.1,N,3,0
42843,23,36000,RENT,2.0,DEBTCONSOLIDATION,D,11200,15.31,0.31,N,2,1
42844,34,90000,RENT,5.0,HOMEIMPROVEMENT,B,10000,10.75,0.11,N,8,0
42845,22,44000,RENT,3.0,EDUCATION,B,3500,11.86,0.08,N,4,0
42846,23,33600,RENT,5.0,VENTURE,C,1000,13.49,0.03,Y,3,0
42847,27,80000,MORTGAGE,4.0,EDUCATION,A,10000,7.49,0.13,N,5,0
42848,22,46000,RENT,1.0,MEDICAL,E,7000,15.68,0.15,Y,3,1
42849,27,65000,OWN,11.0,HOMEIMPROVEMENT,A,12000,8.9,0.18,N,6,0
42850,25,90000,MORTGAGE,9.0,VENTURE,A,6000,8.9,0.07,N,4,0
42851,27,51000,RENT,2.0,EDUCATION,A,2500,6.76,0.05,N,6,0
42852,28,60228,RENT,7.0,MEDICAL,B,7200,9.63,0.12,N,5,0
42853,42,100000,MORTGAGE,6.0,MEDICAL,C,3000,12.99,0.03,N,13,0
42854,25,96000,MORTGAGE,2.0,VENTURE,A,12000,6.62,0.13,N,3,0
42855,25,75000,MORTGAGE,8.0,VENTURE,A,8000,5.99,0.11,N,4,0
42856,23,42000,RENT,0.0,VENTURE,B,1000,9.99,0.03,N,2,0
42857,25,60000,RENT,5.0,DEBTCONSOLIDATION,C,5000,13.99,0.08,N,2,0
42858,44,98000,MORTGAGE,5.0,HOMEIMPROVEMENT,A,6400,7.51,0.07,N,16,0
42859,25,59004,RENT,1.0,VENTURE,D,15000,15.58,0.25,Y,2,1
42860,22,47000,RENT,5.0,EDUCATION,B,12000,10.37,0.26,N,3,0
42861,22,30000,RENT,6.0,VENTURE,A,4000,7.51,0.13,N,4,0
42862,21,40000,RENT,5.0,EDUCATION,B,8000,10.65,0.2,N,3,0
42863,26,55000,OWN,10.0,HOMEIMPROVEMENT,B,3600,10.99,0.06,N,2,0
42864,22,44004,RENT,4.0,MEDICAL,D,4500,15.58,0.11,N,2,0
42865,22,90000,RENT,1.0,MEDICAL,B,10000,10.99,0.11,N,2,0
42866,21,130000,RENT,0.0,VENTURE,B,10000,12.18,0.08,N,4,0
42867,27,36000,RENT,0.0,MEDICAL,B,12000,9.91,0.33,N,9,1
42868,23,52000,RENT,0.0,DEBTCONSOLIDATION,A,12000,5.42,0.24,N,4,0
42869,30,60000,RENT,2.0,PERSONAL,A,6000,8.94,0.1,N,7,0
42870,24,122000,MORTGAGE,8.0,DEBTCONSOLIDATION,B,15000,10.99,0.12,N,3,0
42871,23,90000,RENT,1.0,EDUCATION,C,13000,13.57,0.14,Y,2,0
42872,22,42000,RENT,7.0,EDUCATION,A,7000,7.51,0.17,N,4,0
42873,23,77000,MORTGAGE,7.0,VENTURE,D,15000,14.74,0.19,N,3,0
42874,23,82650,RENT,4.0,EDUCATION,B,5000,9.99,0.06,N,3,0
42875,27,63000,MORTGAGE,6.0,VENTURE,A,12000,7.49,0.19,N,5,0
42876,26,150000,RENT,2.0,MEDICAL,B,7000,9.63,0.05,N,2,0
42877,22,50000,MORTGAGE,5.0,EDUCATION,A,8000,5.99,0.16,N,2,0
42878,22,36000,RENT,6.0,DEBTCONSOLIDATION,C,5600,15.96,0.16,Y,4,0
42879,36,54000,RENT,2.0,MEDICAL,D,10000,14.11,0.19,N,12,1
42880,46,52000,RENT,4.0,DEBTCONSOLIDATION,B,7000,11.49,0.13,N,13,0
42881,27,110000,MORTGAGE,2.0,HOMEIMPROVEMENT,B,3000,11.99,0.03,N,6,0
42882,23,38400,MORTGAGE,7.0,EDUCATION,A,5000,7.66,0.13,N,2,0
42883,28,45000,RENT,6.0,MEDICAL,C,10000,14.27,0.22,Y,7,0
42884,36,50000,RENT,2.0,HOMEIMPROVEMENT,B,3000,11.49,0.06,N,14,0
42885,36,60000,OWN,2.0,HOMEIMPROVEMENT,C,8000,14.72,0.13,Y,13,0
42886,21,40000,OWN,4.0,VENTURE,A,6000,5.99,0.15,N,3,0
42887,27,110000,MORTGAGE,5.0,VENTURE,A,12000,6.03,0.11,N,10,0
42888,25,30000,RENT,2.0,DEBTCONSOLIDATION,C,3000,15.23,0.1,Y,4,0
42889,36,135000,MORTGAGE,0.0,EDUCATION,B,25000,11.12,0.19,N,12,0
42890,37,96000,MORTGAGE,3.0,HOMEIMPROVEMENT,A,12000,6.54,0.13,N,12,0
42891,23,85000,MORTGAGE,8.0,EDUCATION,A,7200,8.9,0.08,N,2,0
42892,23,32000,RENT,1.0,MEDICAL,A,5000,7.14,0.16,N,3,0
42893,40,30000,OWN,5.0,EDUCATION,A,7000,9.32,0.23,N,11,0
42894,36,50400,MORTGAGE,8.0,PERSONAL,B,3000,10.99,0.06,N,14,0
42895,27,48686,MORTGAGE,5.0,VENTURE,D,12000,16.29,0.25,N,9,1
42896,28,200000,RENT,7.0,MEDICAL,B,18000,11.71,0.09,N,10,0
42897,31,96000,RENT,0.0,HOMEIMPROVEMENT,A,10000,7.49,0.1,N,5,0
42898,23,72000,MORTGAGE,3.0,PERSONAL,B,5000,11.86,0.07,N,4,0
42899,36,24000,RENT,2.0,VENTURE,C,4000,13.61,0.17,Y,11,0
42900,25,65004,RENT,9.0,DEBTCONSOLIDATION,A,23500,7.88,0.36,N,2,1
42901,29,60000,MORTGAGE,3.0,PERSONAL,B,5000,11.86,0.08,N,7,0
42902,39,113000,RENT,1.0,EDUCATION,D,30000,14.91,0.27,N,14,1
42903,28,70000,RENT,2.0,PERSONAL,B,9000,9.91,0.13,N,8,0
42904,25,69780,RENT,3.0,VENTURE,D,6000,14.42,0.09,Y,3,0
42905,27,31200,RENT,0.0,VENTURE,B,3000,11.99,0.1,N,5,0
42906,22,27600,RENT,5.0,MEDICAL,B,5000,9.99,0.18,N,3,0
42907,25,24000,RENT,2.0,DEBTCONSOLIDATION,B,10000,9.62,0.41,N,3,1
42908,24,43000,RENT,0.0,DEBTCONSOLIDATION,C,7000,12.87,0.16,Y,2,0
42909,23,84000,MORTGAGE,0.0,PERSONAL,B,25000,11.11,0.3,N,3,0
42910,22,30000,RENT,4.0,VENTURE,A,1750,7.49,0.06,N,4,1
42911,29,45000,MORTGAGE,1.0,VENTURE,A,10000,7.49,0.22,N,5,0
42912,31,180000,MORTGAGE,5.0,MEDICAL,C,18000,14.27,0.1,Y,7,0
42913,23,60000,RENT,8.0,VENTURE,A,15000,6.91,0.25,N,2,0
42914,23,40000,RENT,2.0,EDUCATION,A,6000,9.32,0.15,N,4,0
42915,24,31200,RENT,8.0,EDUCATION,B,10000,10.39,0.32,N,2,1
42916,26,120000,MORTGAGE,0.0,HOMEIMPROVEMENT,B,7200,9.99,0.06,N,2,0
42917,25,84000,RENT,2.0,VENTURE,A,16000,6.54,0.19,N,3,0
42918,23,61455,OWN,4.0,MEDICAL,A,12000,6.03,0.2,N,3,0
42919,24,99996,MORTGAGE,3.0,PERSONAL,C,5000,13.61,0.05,N,4,0
42920,39,45000,RENT,0.0,DEBTCONSOLIDATION,C,16000,13.49,0.36,N,15,1
42921,24,60000,MORTGAGE,8.0,HOMEIMPROVEMENT,A,6000,7.68,0.1,N,4,0
42922,23,80000,MORTGAGE,7.0,PERSONAL,B,12000,10.37,0.15,N,3,0
42923,29,66300,RENT,0.0,EDUCATION,D,17000,16.77,0.22,Y,5,1
42924,30,54996,RENT,0.0,EDUCATION,B,7200,11.89,0.13,N,10,0
42925,22,24000,RENT,0.0,MEDICAL,C,8500,11.34,0.35,Y,4,1
42926,24,60000,MORTGAGE,3.0,HOMEIMPROVEMENT,C,15000,13.49,0.25,N,4,0
42927,22,117000,RENT,4.0,DEBTCONSOLIDATION,C,9000,12.53,0.08,N,3,0
42928,21,35100,RENT,0.0,EDUCATION,A,2800,7.9,0.08,N,4,0
42929,31,44000,RENT,2.0,HOMEIMPROVEMENT,E,19750,16.4,0.43,Y,9,1
42930,29,50000,RENT,4.0,VENTURE,B,9000,12.42,0.18,N,7,0
42931,41,42000,RENT,18.0,VENTURE,B,8000,9.63,0.19,N,17,0
42932,25,40000,RENT,3.0,MEDICAL,B,8000,10.36,0.2,N,4,0
42933,32,46000,MORTGAGE,5.0,VENTURE,A,3000,7.49,0.07,N,10,0
42934,22,43000,OWN,2.0,MEDICAL,D,11000,15.31,0.25,Y,3,0
42935,27,50000,MORTGAGE,11.0,VENTURE,A,10000,6.62,0.2,N,5,0
42936,29,50000,RENT,5.0,MEDICAL,B,8000,9.63,0.16,N,7,0
42937,28,39000,RENT,1.0,HOMEIMPROVEMENT,B,5000,11.99,0.13,N,10,1
42938,28,55000,RENT,4.0,PERSONAL,B,20000,12.18,0.36,N,7,1
42939,26,700000,MORTGAGE,10.0,EDUCATION,B,2000,12.69,0.03,N,4,0
42940,25,35000,MORTGAGE,6.0,VENTURE,A,3200,8.49,0.09,N,2,0
42941,22,41000,RENT,2.0,PERSONAL,E,3000,16.77,0.07,Y,2,1
42942,30,72000,MORTGAGE,14.0,MEDICAL,A,4000,5.42,0.06,N,7,0
42943,26,42000,RENT,5.0,EDUCATION,C,6000,15.96,0.14,N,4,0
42944,22,30000,RENT,0.0,VENTURE,C,6000,14.27,0.2,N,4,0
42945,23,47400,RENT,3.0,VENTURE,A,4500,5.42,0.09,N,3,0
42946,32,42000,RENT,2.0,EDUCATION,A,14000,7.9,0.33,N,5,1
42947,27,58000,MORTGAGE,0.0,MEDICAL,C,8000,13.61,0.14,Y,9,0
42948,22,37308,RENT,0.0,EDUCATION,B,8400,10.99,0.23,N,4,0
42949,22,54000,RENT,0.0,VENTURE,D,14500,15.58,0.27,N,4,1
42950,30,24000,RENT,2.0,EDUCATION,A,1800,6.99,0.07,N,10,0
42951,43,100000,RENT,10.0,EDUCATION,D,15000,16.49,0.15,Y,15,0
42952,24,33600,RENT,2.0,VENTURE,B,3200,10.59,0.1,N,4,0
42953,23,75000,MORTGAGE,7.0,MEDICAL,B,6000,10.62,0.08,N,3,0
42954,27,42000,MORTGAGE,2.0,PERSONAL,A,3000,6.03,0.07,N,9,0
42955,26,57000,MORTGAGE,6.0,EDUCATION,B,15000,11.89,0.26,N,4,0
42956,31,125000,MORTGAGE,5.0,VENTURE,C,15000,12.84,0.12,Y,9,0
42957,29,33000,OWN,1.0,PERSONAL,B,7000,10.99,0.21,N,6,0
42958,33,140000,RENT,4.0,HOMEIMPROVEMENT,B,25000,10.08,0.18,N,6,0
42959,37,45000,RENT,2.0,EDUCATION,A,9000,6.03,0.2,N,12,0
42960,26,50000,MORTGAGE,7.0,HOMEIMPROVEMENT,A,8000,7.66,0.16,N,3,0
42961,24,94940,RENT,2.0,EDUCATION,C,4800,13.06,0.05,N,3,0
42962,26,50000,RENT,10.0,PERSONAL,B,5000,11.71,0.1,N,4,0
42963,22,51996,MORTGAGE,3.0,EDUCATION,C,5000,12.98,0.1,Y,4,0
42964,22,40000,RENT,0.0,EDUCATION,A,16000,8.94,0.4,N,4,1
42965,24,12000,RENT,0.0,PERSONAL,C,2500,13.61,0.21,Y,4,1
42966,29,66000,MORTGAGE,0.0,DEBTCONSOLIDATION,B,8500,11.36,0.13,N,6,0
42967,23,44000,MORTGAGE,2.0,DEBTCONSOLIDATION,D,6000,16.77,0.14,N,3,1
42968,27,40000,RENT,3.0,EDUCATION,B,8000,10.65,0.2,N,7,0
42969,32,95200,MORTGAGE,15.0,HOMEIMPROVEMENT,A,2000,5.99,0.02,N,5,0
42970,24,37000,RENT,8.0,MEDICAL,C,10000,13.11,0.27,N,4,0
42971,26,90700,RENT,4.0,HOMEIMPROVEMENT,C,2800,14.17,0.03,Y,4,0
42972,23,44000,MORTGAGE,7.0,MEDICAL,A,15000,7.66,0.34,N,2,0
42973,25,83300,MORTGAGE,0.0,MEDICAL,D,5600,15.99,0.06,N,3,1
42974,22,37200,RENT,3.0,PERSONAL,A,7200,5.42,0.19,N,3,0
42975,35,130000,MORTGAGE,8.0,HOMEIMPROVEMENT,B,12000,12.18,0.09,N,8,0
42976,26,58650,RENT,3.0,MEDICAL,D,9600,15.21,0.14,N,4,1
42977,28,41500,MORTGAGE,3.0,MEDICAL,E,10000,15.68,0.24,Y,6,1
42978,25,50000,RENT,3.0,EDUCATION,C,4800,13.35,0.1,Y,4,0
42979,28,110000,MORTGAGE,7.0,MEDICAL,A,7000,6.99,0.06,N,6,0
42980,24,24000,RENT,1.0,DEBTCONSOLIDATION,A,10000,7.9,0.42,N,3,1
42981,27,49000,RENT,2.0,EDUCATION,C,3000,13.99,0.06,N,8,0
42982,37,74000,MORTGAGE,2.0,VENTURE,B,20900,12.69,0.28,N,13,0
42983,28,36000,RENT,3.0,VENTURE,A,5000,7.49,0.14,N,10,0
42984,32,132000,MORTGAGE,15.0,DEBTCONSOLIDATION,C,25000,12.53,0.19,N,10,0
42985,33,28000,MORTGAGE,2.0,PERSONAL,A,5000,7.51,0.18,N,7,0
42986,28,120000,MORTGAGE,0.0,HOMEIMPROVEMENT,B,15000,11.86,0.13,N,6,0
42987,23,70000,RENT,1.0,EDUCATION,B,10000,9.45,0.14,N,2,0
42988,23,80000,MORTGAGE,7.0,PERSONAL,A,10000,7.66,0.13,N,3,0
42989,38,62000,RENT,1.0,MEDICAL,C,10000,11.66,0.16,Y,15,0
42990,23,40000,MORTGAGE,0.0,EDUCATION,A,7500,5.79,0.19,N,2,0
42991,22,48500,RENT,0.0,MEDICAL,B,8500,9.88,0.17,N,2,0
42992,26,95000,MORTGAGE,3.0,EDUCATION,A,5000,6.99,0.05,N,4,0
42993,22,75000,MORTGAGE,4.0,EDUCATION,B,10000,11.11,0.13,N,3,0
42994,22,28800,RENT,2.0,EDUCATION,A,2000,7.51,0.07,N,4,0
42995,22,64000,RENT,3.0,EDUCATION,C,10000,12.73,0.16,N,3,0
42996,22,34800,RENT,6.0,PERSONAL,C,4000,13.98,0.11,Y,4,0
42997,23,30000,RENT,5.0,DEBTCONSOLIDATION,A,7500,5.99,0.24,N,3,0
42998,22,75000,RENT,6.0,PERSONAL,C,10000,13.48,0.13,Y,2,0
42999,25,63000,RENT,9.0,VENTURE,C,14000,12.23,0.22,N,3,0
43000,34,50000,OWN,6.0,HOMEIMPROVEMENT,B,12000,11.12,0.24,N,10,0
43001,53,45000,RENT,3.0,MEDICAL,C,9000,13.48,0.2,N,23,0
43002,54,100000,OWN,0.0,VENTURE,B,25000,10.65,0.25,N,26,0
43003,22,120000,MORTGAGE,0.0,MEDICAL,D,5000,15.62,0.04,N,2,1
43004,22,40000,MORTGAGE,5.0,DEBTCONSOLIDATION,B,8000,11.49,0.2,N,2,0
43005,37,92000,MORTGAGE,14.0,HOMEIMPROVEMENT,A,13000,8.94,0.16,N,17,0
43006,24,155000,RENT,8.0,HOMEIMPROVEMENT,B,20000,12.42,0.13,N,4,0
43007,24,37000,RENT,2.0,MEDICAL,C,10000,12.87,0.27,Y,3,0
43008,31,24000,OWN,0.0,VENTURE,B,2000,11.36,0.08,N,10,0
43009,27,102000,MORTGAGE,0.0,HOMEIMPROVEMENT,C,6000,13.22,0.06,N,7,0
43010,55,60000,RENT,2.0,PERSONAL,C,8000,12.73,0.13,Y,27,0
43011,24,79500,RENT,1.0,HOMEIMPROVEMENT,A,6000,5.42,0.08,N,3,0
43012,36,108000,MORTGAGE,5.0,MEDICAL,C,15000,13.85,0.14,N,14,0
43013,32,105000,MORTGAGE,4.0,VENTURE,A,12000,7.51,0.11,N,6,0
43014,21,65000,RENT,5.0,EDUCATION,B,10000,11.83,0.15,N,2,0
43015,27,92004,MORTGAGE,2.0,EDUCATION,B,6000,9.63,0.07,N,7,0
43016,25,48000,MORTGAGE,9.0,PERSONAL,A,3500,6.62,0.07,N,4,0
43017,25,70000,MORTGAGE,5.0,MEDICAL,B,13000,10.37,0.19,N,2,0
43018,38,85000,RENT,5.0,PERSONAL,B,9600,11.99,0.11,N,15,0
43019,23,63000,MORTGAGE,0.0,EDUCATION,A,17500,8.59,0.26,N,3,0
43020,23,95610,MORTGAGE,8.0,DEBTCONSOLIDATION,B,9000,10.99,0.09,N,2,0
43021,22,55000,MORTGAGE,6.0,PERSONAL,A,15000,6.03,0.27,N,4,0
43022,42,75000,OWN,3.0,VENTURE,B,29800,10.99,0.4,N,12,0
43023,24,63508,MORTGAGE,8.0,HOMEIMPROVEMENT,B,15000,10.62,0.23,N,4,0
43024,38,60000,MORTGAGE,5.0,DEBTCONSOLIDATION,A,3000,7.51,0.05,N,11,0
43025,24,63996,MORTGAGE,5.0,DEBTCONSOLIDATION,B,14400,10.75,0.23,N,4,0
43026,23,115000,MORTGAGE,3.0,EDUCATION,A,8000,5.99,0.07,N,4,0
43027,25,80000,MORTGAGE,5.0,EDUCATION,C,7000,13.61,0.09,N,3,0
43028,22,30000,RENT,2.0,DEBTCONSOLIDATION,A,3000,8.94,0.1,N,3,0
43029,22,100000,RENT,3.0,VENTURE,B,12000,10.99,0.12,N,4,0
43030,37,48000,RENT,3.0,PERSONAL,B,8300,9.91,0.17,N,12,0
43031,31,30000,RENT,13.0,MEDICAL,A,13000,7.51,0.43,N,8,1
43032,23,50000,RENT,5.0,VENTURE,B,17000,10.99,0.34,N,2,1
43033,23,40000,RENT,5.0,PERSONAL,B,7000,11.49,0.17,N,2,0
43034,24,110000,MORTGAGE,4.0,PERSONAL,B,5000,10.36,0.05,N,2,0
43035,27,65000,RENT,4.0,DEBTCONSOLIDATION,B,4000,12.42,0.06,N,6,0
43036,37,43000,MORTGAGE,3.0,DEBTCONSOLIDATION,A,9500,5.99,0.22,N,12,0
43037,29,100000,MORTGAGE,9.0,HOMEIMPROVEMENT,A,7000,6.03,0.07,N,10,0
43038,31,77927,MORTGAGE,1.0,MEDICAL,C,15000,12.68,0.19,N,9,1
43039,25,65000,MORTGAGE,5.0,HOMEIMPROVEMENT,C,9000,13.49,0.14,N,3,0
43040,23,62000,RENT,2.0,EDUCATION,B,10000,10.25,0.16,N,2,0
43041,25,48000,OWN,4.0,VENTURE,A,8000,7.14,0.17,N,3,0
43042,32,45000,RENT,2.0,MEDICAL,B,8000,10.99,0.18,N,6,0
43043,24,80000,RENT,2.0,PERSONAL,B,20000,12.53,0.25,N,2,0
43044,22,35000,RENT,0.0,DEBTCONSOLIDATION,A,5500,7.51,0.15,N,2,0
43045,28,34900,MORTGAGE,12.0,DEBTCONSOLIDATION,C,5000,11.97,0.14,Y,9,0
43046,24,45000,RENT,8.0,DEBTCONSOLIDATION,B,10000,10.99,0.22,N,4,0
43047,23,75000,RENT,0.0,DEBTCONSOLIDATION,A,10000,9.63,0.13,N,4,0
43048,31,80000,MORTGAGE,3.0,VENTURE,B,16000,9.99,0.2,N,5,0
43049,25,110000,MORTGAGE,9.0,DEBTCONSOLIDATION,B,20000,10.25,0.18,N,4,0
43050,28,90000,MORTGAGE,12.0,MEDICAL,A,6000,7.49,0.07,N,6,0
43051,31,30000,RENT,5.0,MEDICAL,A,4800,8.49,0.16,N,7,0
43052,29,80000,RENT,2.0,EDUCATION,B,15000,11.86,0.19,N,9,0
43053,30,72400,MORTGAGE,11.0,HOMEIMPROVEMENT,B,2300,9.91,0.03,N,8,0
43054,39,86000,RENT,6.0,DEBTCONSOLIDATION,B,8000,10.0,0.09,N,12,0
43055,36,48000,RENT,2.0,DEBTCONSOLIDATION,B,2000,11.49,0.04,N,14,0
43056,31,93000,MORTGAGE,0.0,DEBTCONSOLIDATION,C,10000,13.61,0.11,Y,7,1
43057,30,88000,MORTGAGE,1.0,HOMEIMPROVEMENT,B,5000,10.59,0.06,N,9,0
43058,36,70000,MORTGAGE,16.0,EDUCATION,A,10000,6.62,0.14,N,17,0
43059,23,67000,MORTGAGE,7.0,MEDICAL,A,10000,7.14,0.15,N,3,0
43060,23,69000,MORTGAGE,0.0,DEBTCONSOLIDATION,D,15000,14.96,0.22,N,4,1
43061,29,60000,RENT,4.0,PERSONAL,C,6000,13.49,0.1,Y,5,0
43062,39,75000,RENT,7.0,DEBTCONSOLIDATION,A,17000,7.88,0.21,N,11,0
43063,24,44004,RENT,1.0,VENTURE,D,10000,14.42,0.22,N,2,1
43064,25,98004,RENT,4.0,HOMEIMPROVEMENT,E,5000,16.35,0.05,Y,4,0
43065,36,34000,RENT,0.0,HOMEIMPROVEMENT,D,5000,14.96,0.15,N,14,1
43066,30,60000,RENT,1.0,HOMEIMPROVEMENT,B,14000,12.21,0.23,N,8,0
43067,23,80000,OTHER,1.0,EDUCATION,A,7500,8.32,0.09,N,4,0
43068,22,46464,RENT,2.0,EDUCATION,B,13000,12.18,0.28,N,2,0
43069,22,90000,MORTGAGE,6.0,DEBTCONSOLIDATION,B,4000,11.11,0.04,N,3,0
43070,22,52000,RENT,6.0,MEDICAL,C,9000,15.96,0.17,Y,3,0
43071,22,64000,MORTGAGE,6.0,MEDICAL,B,6000,11.86,0.09,N,3,0
43072,22,60000,OWN,6.0,EDUCATION,C,14000,14.27,0.23,Y,2,0
43073,24,105000,MORTGAGE,2.0,EDUCATION,A,12000,5.99,0.11,N,3,0
43074,22,36000,MORTGAGE,1.0,PERSONAL,B,7875,12.21,0.22,N,3,0
43075,58,87000,MORTGAGE,6.0,PERSONAL,A,18000,7.9,0.21,N,19,0
43076,22,55000,RENT,5.0,PERSONAL,B,12000,11.89,0.22,N,2,0
43077,26,120000,MORTGAGE,10.0,EDUCATION,D,25000,15.31,0.21,N,3,0
43078,28,75000,RENT,2.0,DEBTCONSOLIDATION,A,20000,7.9,0.27,N,7,0
43079,38,80000,RENT,3.0,PERSONAL,B,7000,8.88,0.09,N,17,0
43080,23,90000,MORTGAGE,2.0,VENTURE,A,7000,7.66,0.08,N,4,0
43081,23,60000,MORTGAGE,7.0,DEBTCONSOLIDATION,A,12000,7.51,0.2,N,4,0
43082,48,30000,RENT,0.0,VENTURE,A,10625,6.99,0.35,N,12,1
43083,24,53000,RENT,1.0,VENTURE,B,15000,12.21,0.28,N,2,0
43084,29,34000,RENT,13.0,DEBTCONSOLIDATION,C,7675,16.11,0.22,N,10,1
43085,22,33000,RENT,6.0,DEBTCONSOLIDATION,C,10500,14.72,0.31,Y,4,1
43086,26,60000,MORTGAGE,1.0,VENTURE,D,6400,17.49,0.1,Y,2,0
43087,26,63000,MORTGAGE,7.0,EDUCATION,A,10000,7.88,0.16,N,4,0
43088,35,115000,MORTGAGE,2.0,DEBTCONSOLIDATION,A,10000,7.51,0.09,N,8,0
43089,24,85392,RENT,2.0,EDUCATION,B,9600,10.99,0.11,N,3,0
43090,23,112000,RENT,3.0,DEBTCONSOLIDATION,D,7000,14.96,0.06,Y,2,1
43091,24,83000,MORTGAGE,3.0,DEBTCONSOLIDATION,B,3200,10.99,0.04,N,3,0
43092,24,77500,RENT,3.0,PERSONAL,B,15000,10.99,0.2,N,3,0
43093,22,90000,MORTGAGE,6.0,EDUCATION,C,5000,14.79,0.06,N,4,0
43094,22,50000,RENT,1.0,DEBTCONSOLIDATION,C,12000,14.27,0.24,N,4,0
43095,25,100000,MORTGAGE,1.0,MEDICAL,C,15000,12.09,0.15,Y,3,0
43096,24,41160,RENT,0.0,EDUCATION,A,4000,8.94,0.1,N,2,0
43097,28,34000,RENT,3.0,HOMEIMPROVEMENT,B,9000,10.38,0.26,N,10,1
43098,26,88000,MORTGAGE,10.0,PERSONAL,B,15000,10.99,0.17,N,4,0
43099,31,20000,RENT,1.0,EDUCATION,B,5000,9.63,0.25,N,7,0
43100,23,55000,OWN,2.0,MEDICAL,A,11200,5.99,0.2,N,3,0
43101,30,55000,MORTGAGE,0.0,VENTURE,B,7200,11.58,0.13,N,9,0
43102,29,39000,RENT,2.0,PERSONAL,E,10000,16.0,0.26,N,8,1
43103,39,57000,RENT,3.0,EDUCATION,A,4000,6.17,0.07,N,13,0
43104,29,100000,RENT,4.0,MEDICAL,C,10000,13.57,0.1,Y,7,0
43105,43,65000,RENT,9.0,HOMEIMPROVEMENT,B,4800,11.49,0.07,N,14,0
43106,26,52000,RENT,7.0,MEDICAL,E,8400,17.99,0.16,Y,2,1
43107,39,72000,RENT,9.0,DEBTCONSOLIDATION,B,22000,11.58,0.32,N,12,0
43108,40,90000,MORTGAGE,12.0,PERSONAL,B,6000,11.11,0.07,N,11,0
43109,23,24000,OWN,1.0,MEDICAL,C,8000,13.98,0.33,Y,2,0
43110,22,65496,RENT,6.0,VENTURE,B,13250,10.37,0.2,N,3,0
43111,27,85000,RENT,2.0,MEDICAL,B,12000,12.69,0.14,N,6,0
43112,27,66000,RENT,5.0,HOMEIMPROVEMENT,B,20000,11.36,0.3,N,10,0
43113,31,85000,MORTGAGE,5.0,MEDICAL,B,11000,10.36,0.13,N,5,0
43114,34,150000,MORTGAGE,4.0,HOMEIMPROVEMENT,C,15000,13.49,0.1,N,9,0
43115,30,70000,MORTGAGE,7.0,PERSONAL,A,7000,7.88,0.1,N,5,0
43116,25,60000,MORTGAGE,9.0,VENTURE,C,6000,13.49,0.1,Y,4,0
43117,22,60000,RENT,6.0,VENTURE,A,15000,6.17,0.25,N,2,0
43118,28,75000,RENT,12.0,VENTURE,B,6000,11.49,0.08,N,9,0
43119,23,100000,OWN,7.0,VENTURE,B,12000,12.18,0.12,N,4,0
43120,26,35496,RENT,3.0,VENTURE,A,5400,8.9,0.15,N,3,0
43121,26,59000,OWN,5.0,PERSONAL,A,5500,7.51,0.09,N,3,0
43122,26,30000,RENT,4.0,MEDICAL,A,6000,6.54,0.2,N,3,0
43123,23,45000,RENT,0.0,EDUCATION,C,4500,12.73,0.1,N,2,0
43124,28,52000,MORTGAGE,4.0,DEBTCONSOLIDATION,A,5000,7.29,0.1,N,5,0
43125,25,130000,MORTGAGE,5.0,DEBTCONSOLIDATION,C,12000,13.16,0.09,Y,3,0
43126,23,87200,MORTGAGE,4.0,DEBTCONSOLIDATION,A,10000,6.17,0.11,N,4,0
43127,42,100000,MORTGAGE,7.0,EDUCATION,C,5000,14.26,0.05,Y,11,0
43128,23,32000,RENT,7.0,EDUCATION,B,5000,10.65,0.16,N,2,0
43129,24,58800,OWN,5.0,MEDICAL,C,15000,13.16,0.26,N,3,0
43130,23,65000,MORTGAGE,4.0,MEDICAL,A,2275,8.9,0.04,N,2,0
43131,22,86400,MORTGAGE,6.0,EDUCATION,A,12200,7.14,0.14,N,3,0
43132,28,60000,RENT,5.0,EDUCATION,B,16000,9.91,0.27,N,8,0
43133,22,45000,RENT,3.0,MEDICAL,A,5000,6.62,0.11,N,4,0
43134,34,70000,MORTGAGE,7.0,PERSONAL,A,6000,5.42,0.09,N,6,0
43135,32,65000,MORTGAGE,3.0,VENTURE,A,6000,7.66,0.09,N,7,0
43136,22,35000,RENT,2.0,EDUCATION,B,5000,11.99,0.14,N,4,0
43137,29,50000,RENT,11.0,DEBTCONSOLIDATION,C,15000,12.53,0.3,Y,10,0
43138,22,58608,RENT,2.0,PERSONAL,B,12000,9.91,0.2,N,3,0
43139,28,40000,RENT,3.0,PERSONAL,B,13250,11.71,0.33,N,5,1
43140,22,76486,MORTGAGE,2.0,VENTURE,A,5000,7.88,0.07,N,4,0
43141,27,50000,RENT,5.0,MEDICAL,A,8000,6.99,0.16,N,6,0
43142,23,54000,MORTGAGE,5.0,EDUCATION,C,5000,13.49,0.09,N,3,1
43143,22,55000,RENT,5.0,VENTURE,D,10000,15.65,0.18,N,2,0
43144,22,41196,RENT,2.0,EDUCATION,C,4000,10.28,0.1,N,4,0
43145,23,25000,MORTGAGE,7.0,EDUCATION,C,8000,14.72,0.32,N,4,0
43146,23,75000,MORTGAGE,5.0,PERSONAL,A,15000,6.54,0.2,N,2,0
43147,26,70000,MORTGAGE,5.0,PERSONAL,A,10500,8.32,0.15,N,3,0
43148,29,81400,MORTGAGE,13.0,HOMEIMPROVEMENT,A,6000,8.9,0.07,N,9,0
43149,25,49788,RENT,1.0,DEBTCONSOLIDATION,A,1500,9.32,0.03,N,3,0
43150,22,30000,RENT,2.0,DEBTCONSOLIDATION,A,3000,7.88,0.1,N,2,0
43151,27,72000,MORTGAGE,12.0,MEDICAL,B,12650,10.65,0.18,N,8,0
43152,23,48000,RENT,2.0,DEBTCONSOLIDATION,B,14400,11.36,0.3,N,4,0
43153,27,80000,RENT,5.0,HOMEIMPROVEMENT,B,20000,11.36,0.25,N,8,0
43154,27,58239,RENT,9.0,HOMEIMPROVEMENT,A,17500,7.9,0.3,N,5,0
43155,24,49000,RENT,9.0,VENTURE,D,11500,16.77,0.23,Y,4,0
43156,24,180000,OWN,8.0,VENTURE,B,6000,9.33,0.03,N,2,0
43157,33,58000,RENT,4.0,PERSONAL,C,13200,13.16,0.23,Y,5,0
43158,25,69000,RENT,1.0,EDUCATION,E,10000,14.18,0.14,N,2,1
43159,27,120000,OWN,4.0,PERSONAL,C,8000,12.87,0.07,N,10,0
43160,37,78000,RENT,0.0,VENTURE,D,15000,16.77,0.19,N,16,1
43161,27,60000,RENT,2.0,VENTURE,C,12000,13.11,0.2,N,8,0
43162,24,28800,RENT,1.0,DEBTCONSOLIDATION,B,8000,12.42,0.28,N,2,0
43163,22,49000,RENT,7.0,MEDICAL,B,3000,10.37,0.06,N,2,0
43164,21,55000,MORTGAGE,5.0,EDUCATION,C,25000,13.49,0.45,Y,2,0
43165,22,30000,MORTGAGE,6.0,EDUCATION,B,8875,11.99,0.3,N,3,0
43166,24,55000,MORTGAGE,8.0,PERSONAL,B,15000,10.25,0.27,N,2,0
43167,28,42000,RENT,7.0,MEDICAL,B,5000,10.99,0.12,N,10,0
43168,27,50000,RENT,0.0,VENTURE,C,10000,13.22,0.2,Y,10,0
43169,24,79000,MORTGAGE,6.0,HOMEIMPROVEMENT,A,10000,5.99,0.13,N,2,0
43170,35,51848,RENT,4.0,MEDICAL,D,13000,15.28,0.26,N,9,1
43171,32,45000,MORTGAGE,5.0,PERSONAL,A,8000,6.99,0.18,N,6,0
43172,36,90000,RENT,0.0,PERSONAL,B,6000,10.99,0.07,N,14,0
43173,26,45000,RENT,0.0,DEBTCONSOLIDATION,A,5000,6.99,0.11,N,2,0
43174,24,40000,MORTGAGE,1.0,EDUCATION,A,9000,9.63,0.23,N,2,0
43175,22,50000,MORTGAGE,5.0,DEBTCONSOLIDATION,B,6500,11.26,0.13,N,4,0
43176,32,48000,MORTGAGE,5.0,EDUCATION,C,15000,13.99,0.31,Y,8,0
43177,21,48504,RENT,0.0,MEDICAL,C,15000,14.26,0.31,N,2,1
43178,33,57600,MORTGAGE,12.0,PERSONAL,B,8000,10.59,0.14,N,10,0
43179,33,80000,MORTGAGE,5.0,VENTURE,B,25000,10.62,0.31,N,5,0
43180,23,55000,RENT,4.0,PERSONAL,D,15000,16.77,0.27,N,4,0
43181,23,24000,RENT,2.0,PERSONAL,B,5000,10.25,0.2,N,3,0
43182,22,38400,RENT,2.0,VENTURE,A,5000,6.99,0.13,N,4,0
43183,23,48000,OWN,7.0,VENTURE,A,6500,7.51,0.14,N,3,0
43184,26,42000,RENT,0.0,PERSONAL,B,8000,10.0,0.19,N,3,0
43185,23,65000,OWN,7.0,VENTURE,B,15000,12.42,0.23,N,3,0
43186,22,60000,RENT,0.0,MEDICAL,B,6025,10.37,0.1,N,4,0
43187,23,12000,RENT,0.0,HOMEIMPROVEMENT,B,5000,11.83,0.43,N,3,1
43188,22,35000,RENT,6.0,VENTURE,B,10000,11.11,0.29,N,2,0
43189,22,75000,MORTGAGE,6.0,VENTURE,B,10000,11.26,0.13,N,3,0
43190,27,36000,MORTGAGE,11.0,MEDICAL,C,1450,14.17,0.04,Y,10,1
43191,32,43200,RENT,10.0,HOMEIMPROVEMENT,C,5000,14.27,0.12,N,8,0
43192,24,65000,MORTGAGE,8.0,MEDICAL,A,17000,7.88,0.26,N,3,0
43193,24,45000,MORTGAGE,0.0,VENTURE,B,5000,10.36,0.11,N,2,0
43194,30,105000,MORTGAGE,11.0,MEDICAL,A,6000,8.38,0.06,N,9,0
43195,34,125000,MORTGAGE,18.0,VENTURE,A,24000,6.92,0.19,N,8,0
43196,25,33000,MORTGAGE,9.0,VENTURE,A,7100,6.99,0.22,N,3,0
43197,35,60000,RENT,0.0,EDUCATION,B,16000,11.83,0.27,N,9,0
43198,22,60000,RENT,0.0,EDUCATION,C,12000,14.26,0.2,Y,3,0
43199,27,55000,MORTGAGE,3.0,HOMEIMPROVEMENT,A,12000,6.62,0.22,N,9,0
43200,23,50000,RENT,0.0,VENTURE,C,8000,13.48,0.16,N,3,0
43201,25,48000,RENT,7.0,PERSONAL,A,4200,7.29,0.09,N,2,0
43202,26,80000,RENT,2.0,PERSONAL,A,9000,8.0,0.11,N,4,0
43203,30,33000,RENT,1.0,EDUCATION,A,5000,8.9,0.15,N,8,0
43204,25,50000,MORTGAGE,9.0,PERSONAL,A,3600,7.9,0.07,N,3,0
43205,37,70000,RENT,4.0,PERSONAL,A,8000,7.49,0.11,N,12,0
43206,26,80000,RENT,10.0,VENTURE,A,15000,8.94,0.19,N,3,0
43207,25,37000,RENT,2.0,VENTURE,A,7000,8.9,0.19,N,3,0
43208,27,72000,MORTGAGE,9.0,DEBTCONSOLIDATION,E,6400,16.35,0.09,Y,7,1
43209,35,115000,MORTGAGE,6.0,PERSONAL,A,12000,5.42,0.1,N,9,0
43210,23,30000,RENT,0.0,MEDICAL,A,7000,7.49,0.23,N,3,0
43211,40,130000,MORTGAGE,3.0,PERSONAL,B,12000,9.91,0.09,N,15,0
43212,25,76000,MORTGAGE,1.0,DEBTCONSOLIDATION,D,3600,14.59,0.05,N,4,1
43213,29,30000,RENT,2.0,PERSONAL,A,2000,5.42,0.07,N,7,0
43214,27,61781,RENT,4.0,EDUCATION,D,6500,16.77,0.11,N,5,0
43215,41,60000,MORTGAGE,1.0,MEDICAL,C,6000,13.49,0.1,Y,16,0
43216,33,14400,RENT,1.0,DEBTCONSOLIDATION,C,2000,12.53,0.14,N,6,0
43217,29,28000,RENT,1.0,MEDICAL,A,8000,5.79,0.29,N,9,0
43218,43,50000,OWN,4.0,VENTURE,A,7000,7.51,0.14,N,12,0
43219,30,41277,RENT,2.0,PERSONAL,B,3000,10.0,0.07,N,9,1
43220,32,60000,OWN,13.0,PERSONAL,B,2400,11.26,0.04,N,9,0
43221,24,90000,MORTGAGE,8.0,EDUCATION,C,20000,12.53,0.22,N,3,0
43222,30,80000,RENT,2.0,EDUCATION,C,1500,12.61,0.02,Y,7,0
43223,25,12000,RENT,1.0,PERSONAL,B,2500,12.69,0.21,N,2,1
43224,23,64320,MORTGAGE,6.0,MEDICAL,B,8000,10.99,0.12,N,3,0
43225,27,43000,RENT,5.0,EDUCATION,D,6000,15.21,0.14,Y,9,0
43226,26,40000,RENT,0.0,EDUCATION,B,10000,10.71,0.25,N,4,0
43227,24,70000,RENT,5.0,HOMEIMPROVEMENT,E,17000,14.38,0.24,Y,3,0
43228,29,42000,RENT,0.0,MEDICAL,C,4200,13.79,0.1,N,6,1
43229,22,40000,RENT,2.0,MEDICAL,C,8000,13.23,0.2,N,2,0
43230,32,100000,RENT,3.0,MEDICAL,B,12000,9.91,0.12,N,10,0
43231,41,125000,MORTGAGE,2.0,PERSONAL,B,12000,10.74,0.1,N,14,0
43232,26,75000,MORTGAGE,10.0,HOMEIMPROVEMENT,A,10000,6.17,0.13,N,2,0
43233,30,64000,RENT,3.0,DEBTCONSOLIDATION,C,6225,15.27,0.1,N,5,1
43234,23,44000,OWN,7.0,EDUCATION,A,5000,7.51,0.11,N,3,0
43235,52,28000,RENT,3.0,DEBTCONSOLIDATION,A,7000,8.0,0.25,N,22,0
43236,25,50000,MORTGAGE,9.0,PERSONAL,A,6400,7.88,0.13,N,4,0
43237,22,48000,MORTGAGE,6.0,PERSONAL,C,5000,13.48,0.1,Y,3,0
43238,36,60000,MORTGAGE,4.0,MEDICAL,B,7000,10.99,0.12,N,12,0
43239,27,57500,RENT,5.0,MEDICAL,B,9000,12.42,0.16,N,9,0
43240,27,84996,MORTGAGE,3.0,PERSONAL,C,20000,13.92,0.24,N,9,0
43241,37,50000,RENT,0.0,HOMEIMPROVEMENT,B,5000,9.99,0.1,N,14,0
43242,26,34000,RENT,0.0,PERSONAL,C,7800,13.11,0.23,Y,3,0
43243,52,23000,RENT,4.0,MEDICAL,C,7000,14.27,0.3,N,25,0
43244,27,59619,RENT,2.0,VENTURE,D,10000,15.05,0.17,Y,8,1
43245,22,40000,RENT,3.0,EDUCATION,C,3500,13.85,0.09,Y,4,0
43246,21,28000,MORTGAGE,5.0,VENTURE,A,4500,7.88,0.16,N,2,0
43247,38,85000,MORTGAGE,4.0,EDUCATION,B,15000,10.75,0.18,N,16,0
43248,25,65004,MORTGAGE,9.0,EDUCATION,C,3600,13.49,0.06,N,3,0
43249,39,91000,MORTGAGE,4.0,EDUCATION,A,7000,7.68,0.08,N,11,0
43250,24,69000,RENT,5.0,DEBTCONSOLIDATION,A,14500,7.66,0.21,N,2,0
43251,27,85000,RENT,6.0,EDUCATION,C,15000,15.27,0.18,Y,7,0
43252,33,35000,RENT,1.0,VENTURE,A,10000,7.49,0.29,N,9,0
43253,27,32000,OWN,4.0,VENTURE,B,2500,11.36,0.08,N,7,0
43254,29,72000,MORTGAGE,6.0,HOMEIMPROVEMENT,A,3000,5.42,0.04,N,10,0
43255,29,100000,MORTGAGE,13.0,MEDICAL,A,10000,6.92,0.1,N,9,0
43256,25,54000,RENT,9.0,PERSONAL,B,5000,10.38,0.09,N,2,0
43257,24,70028,MORTGAGE,3.0,MEDICAL,B,2000,11.49,0.03,N,2,0
43258,23,60000,RENT,2.0,EDUCATION,A,2000,7.88,0.03,N,3,0
43259,27,50000,RENT,5.0,PERSONAL,A,12000,6.62,0.24,N,6,0
43260,30,86000,MORTGAGE,3.0,VENTURE,A,15000,6.03,0.17,N,10,0
43261,27,65000,RENT,3.0,HOMEIMPROVEMENT,C,9000,12.84,0.13,Y,9,0
43262,27,78000,RENT,8.0,DEBTCONSOLIDATION,B,10000,10.59,0.13,N,8,1
43263,27,108000,RENT,11.0,DEBTCONSOLIDATION,D,24250,14.96,0.22,N,5,1
43264,30,75000,MORTGAGE,6.0,MEDICAL,C,15000,12.61,0.2,Y,10,0
43265,30,75000,RENT,2.0,HOMEIMPROVEMENT,B,6000,11.99,0.08,N,7,0
43266,25,60000,RENT,2.0,PERSONAL,C,10000,13.49,0.17,Y,4,0
43267,48,50000,RENT,3.0,MEDICAL,B,4000,11.49,0.08,N,11,0
43268,27,38000,RENT,1.0,VENTURE,C,4000,13.06,0.11,Y,5,0
43269,43,140000,MORTGAGE,3.0,VENTURE,A,7200,7.88,0.05,N,14,0
43270,23,28800,OWN,0.0,PERSONAL,D,8000,16.0,0.28,Y,4,0
43271,29,38000,RENT,5.0,EDUCATION,C,12000,13.16,0.32,Y,5,1
43272,44,35000,MORTGAGE,2.0,MEDICAL,D,4000,16.29,0.11,N,11,1
43273,32,68000,RENT,2.0,EDUCATION,A,9200,5.99,0.14,N,10,0
43274,26,75000,MORTGAGE,0.0,PERSONAL,A,10000,8.94,0.13,N,3,0
43275,24,61400,RENT,0.0,PERSONAL,C,12250,12.23,0.2,Y,3,0
43276,28,45600,OWN,1.0,VENTURE,B,1000,9.63,0.02,N,8,0
43277,27,49000,RENT,0.0,HOMEIMPROVEMENT,E,5000,16.32,0.1,N,9,1
43278,23,35000,RENT,4.0,EDUCATION,C,10000,13.49,0.29,Y,2,0
43279,22,96000,MORTGAGE,6.0,VENTURE,A,4500,5.42,0.04,N,4,0
43280,23,70000,RENT,3.0,DEBTCONSOLIDATION,A,8000,7.49,0.11,N,2,0
43281,27,90000,OWN,11.0,VENTURE,A,18000,7.88,0.2,N,7,0
43282,24,50000,RENT,6.0,EDUCATION,C,13000,12.87,0.26,N,2,0
43283,24,70000,RENT,4.0,DEBTCONSOLIDATION,B,3000,9.99,0.04,N,3,0
43284,35,48152,MORTGAGE,7.0,DEBTCONSOLIDATION,A,2600,6.03,0.05,N,7,0
43285,23,45000,RENT,3.0,EDUCATION,B,10000,10.99,0.22,N,4,0
43286,26,85000,RENT,2.0,EDUCATION,A,24000,7.9,0.28,N,3,0
43287,26,110000,MORTGAGE,10.0,HOMEIMPROVEMENT,A,4800,5.99,0.04,N,3,0
43288,36,80000,MORTGAGE,6.0,PERSONAL,A,17000,7.51,0.21,N,12,0
43289,24,100000,MORTGAGE,8.0,DEBTCONSOLIDATION,A,12000,7.88,0.12,N,2,0
43290,24,44000,MORTGAGE,5.0,MEDICAL,A,2000,7.4,0.05,N,4,0
43291,26,45000,RENT,4.0,EDUCATION,C,10000,13.06,0.22,Y,4,0
43292,24,75000,MORTGAGE,1.0,EDUCATION,B,8000,10.99,0.11,N,4,0
43293,24,50000,RENT,8.0,HOMEIMPROVEMENT,E,2000,19.29,0.04,Y,2,0
43294,31,55200,RENT,2.0,MEDICAL,B,4000,10.0,0.07,N,6,0
43295,23,48996,MORTGAGE,7.0,EDUCATION,D,8000,14.11,0.16,Y,4,0
43296,23,65000,MORTGAGE,7.0,EDUCATION,B,13000,9.99,0.2,N,4,0
43297,30,29102,MORTGAGE,3.0,PERSONAL,A,3000,5.79,0.1,N,6,0
43298,31,30000,RENT,2.0,DEBTCONSOLIDATION,A,5000,6.03,0.17,N,9,0
43299,25,150000,OWN,5.0,HOMEIMPROVEMENT,B,24000,11.83,0.16,N,4,0
43300,27,45468,RENT,2.0,VENTURE,C,4000,13.99,0.09,Y,10,0
43301,32,90000,MORTGAGE,6.0,EDUCATION,D,12800,15.21,0.13,N,6,0
43302,25,85000,MORTGAGE,2.0,PERSONAL,D,5000,15.05,0.06,Y,2,0
43303,23,36000,MORTGAGE,7.0,EDUCATION,A,8600,6.91,0.24,N,4,0
43304,39,90000,MORTGAGE,14.0,PERSONAL,A,7000,7.49,0.08,N,13,0
43305,24,120000,MORTGAGE,8.0,HOMEIMPROVEMENT,B,4900,12.21,0.04,N,2,0
43306,37,59004,RENT,2.0,DEBTCONSOLIDATION,D,2000,15.05,0.03,N,11,1
43307,29,125000,MORTGAGE,4.0,HOMEIMPROVEMENT,B,15000,10.59,0.12,N,7,0
43308,23,30000,RENT,7.0,MEDICAL,D,8400,15.28,0.28,N,4,0
43309,31,120000,RENT,1.0,VENTURE,B,12000,10.74,0.1,N,6,0
43310,39,60000,MORTGAGE,20.0,HOMEIMPROVEMENT,A,4000,5.42,0.06,N,12,0
43311,25,60000,OWN,7.0,HOMEIMPROVEMENT,A,8000,6.76,0.13,N,4,0
43312,24,65004,RENT,2.0,VENTURE,A,7000,6.91,0.11,N,2,0
43313,43,110000,MORTGAGE,6.0,PERSONAL,B,17000,8.88,0.16,N,11,0
43314,25,102000,MORTGAGE,9.0,EDUCATION,B,6000,10.36,0.06,N,3,0
43315,34,89000,RENT,4.0,MEDICAL,A,14000,6.03,0.16,N,10,0
43316,22,90000,MORTGAGE,6.0,PERSONAL,B,12000,11.11,0.13,N,3,0
43317,27,40000,MORTGAGE,1.0,MEDICAL,B,14000,11.89,0.35,N,9,0
43318,22,36000,RENT,3.0,EDUCATION,B,12000,12.18,0.33,N,4,1
43319,34,85000,MORTGAGE,2.0,MEDICAL,A,10000,7.51,0.12,N,7,0
43320,35,49000,RENT,0.0,HOMEIMPROVEMENT,D,2400,15.62,0.05,N,9,1
43321,41,60000,MORTGAGE,5.0,PERSONAL,A,3000,7.51,0.05,N,13,0
43322,27,75000,MORTGAGE,5.0,VENTURE,B,12000,11.71,0.16,N,7,0
43323,29,60000,RENT,9.0,DEBTCONSOLIDATION,A,11200,7.88,0.19,N,8,0
43324,26,62004,RENT,3.0,MEDICAL,A,19000,7.49,0.3,N,2,0
43325,26,46800,MORTGAGE,7.0,VENTURE,A,7500,7.14,0.16,N,3,0
43326,25,24000,RENT,4.0,MEDICAL,B,5000,11.58,0.21,N,2,0
43327,22,108000,RENT,1.0,HOMEIMPROVEMENT,D,19000,16.0,0.18,Y,3,1
43328,24,35000,RENT,2.0,DEBTCONSOLIDATION,B,3000,11.49,0.09,N,4,0
43329,37,60000,MORTGAGE,3.0,EDUCATION,C,8000,12.99,0.13,Y,11,0
43330,23,65000,MORTGAGE,7.0,EDUCATION,A,5000,7.43,0.08,N,2,0
43331,21,24000,RENT,1.0,DEBTCONSOLIDATION,C,1500,13.43,0.06,N,3,0
43332,22,45000,RENT,4.0,EDUCATION,A,3600,6.17,0.08,N,4,0
43333,23,65000,MORTGAGE,7.0,DEBTCONSOLIDATION,A,6000,7.49,0.09,N,2,0
43334,25,75600,MORTGAGE,9.0,HOMEIMPROVEMENT,A,10000,6.62,0.13,N,4,0
43335,21,29000,RENT,5.0,MEDICAL,B,9200,10.62,0.32,N,3,1
43336,22,57770,RENT,7.0,VENTURE,B,3500,11.99,0.06,N,3,0
43337,26,75000,MORTGAGE,10.0,EDUCATION,A,10000,7.88,0.13,N,4,0
43338,27,65000,RENT,9.0,PERSONAL,C,29100,13.47,0.42,Y,9,1
43339,25,50000,RENT,0.0,MEDICAL,A,8000,9.63,0.16,N,3,0
43340,37,54000,MORTGAGE,6.0,PERSONAL,A,15000,8.49,0.28,N,17,1
43341,22,32000,RENT,0.0,MEDICAL,C,15000,13.79,0.47,Y,3,1
43342,32,95000,MORTGAGE,2.0,PERSONAL,A,10000,9.07,0.11,N,5,0
43343,23,90000,MORTGAGE,2.0,VENTURE,C,7000,13.49,0.08,Y,2,0
43344,27,64000,OWN,1.0,PERSONAL,C,10000,13.47,0.16,N,7,0
43345,23,91000,MORTGAGE,7.0,VENTURE,B,7000,10.99,0.08,N,4,0
43346,28,50000,RENT,2.0,DEBTCONSOLIDATION,C,12000,13.98,0.24,N,8,0
43347,28,130000,MORTGAGE,12.0,PERSONAL,D,10000,16.29,0.08,N,8,0
43348,24,86000,RENT,0.0,EDUCATION,A,18000,8.49,0.21,N,2,0
43349,33,48000,RENT,5.0,MEDICAL,B,10000,11.11,0.21,N,5,0
43350,23,100000,MORTGAGE,1.0,EDUCATION,B,14000,9.88,0.14,N,3,0
43351,25,110000,MORTGAGE,9.0,MEDICAL,B,8000,11.49,0.07,N,2,0
43352,24,65004,RENT,0.0,HOMEIMPROVEMENT,B,3600,10.99,0.06,N,3,0
43353,24,100000,MORTGAGE,3.0,VENTURE,B,10000,9.99,0.1,N,4,0
43354,28,60000,RENT,5.0,HOMEIMPROVEMENT,A,9000,7.49,0.15,N,10,0
43355,23,65000,MORTGAGE,7.0,EDUCATION,A,9600,7.14,0.15,N,3,0
43356,31,30000,RENT,1.0,MEDICAL,B,5000,9.25,0.17,N,9,0
43357,45,55000,MORTGAGE,8.0,DEBTCONSOLIDATION,A,10000,6.03,0.18,N,13,0
43358,37,40000,RENT,0.0,MEDICAL,B,8000,12.18,0.2,N,11,0
43359,24,36000,RENT,1.0,MEDICAL,B,6000,10.75,0.17,N,4,0
43360,31,92004,RENT,6.0,EDUCATION,D,12000,14.46,0.13,N,5,0
43361,25,110000,MORTGAGE,1.0,MEDICAL,B,25000,11.49,0.23,N,2,0
43362,22,42000,MORTGAGE,0.0,PERSONAL,B,5000,10.59,0.12,N,4,0
43363,28,46000,MORTGAGE,5.0,EDUCATION,B,10000,12.42,0.22,N,5,0
43364,23,58800,RENT,7.0,HOMEIMPROVEMENT,B,3000,11.49,0.05,N,2,1
43365,22,37000,MORTGAGE,6.0,DEBTCONSOLIDATION,B,15000,10.25,0.41,N,3,0
43366,27,78000,RENT,3.0,HOMEIMPROVEMENT,B,4000,10.59,0.05,N,8,0
43367,35,28800,RENT,5.0,EDUCATION,B,5000,11.49,0.17,N,9,0
43368,23,50000,RENT,7.0,EDUCATION,C,6000,13.49,0.12,Y,4,0
43369,31,65000,MORTGAGE,8.0,HOMEIMPROVEMENT,A,15000,9.32,0.23,N,7,0
43370,25,53000,MORTGAGE,5.0,DEBTCONSOLIDATION,B,25000,10.74,0.46,N,2,0
43371,24,37000,RENT,0.0,EDUCATION,A,10000,9.32,0.27,N,4,0
43372,21,24000,RENT,5.0,DEBTCONSOLIDATION,B,6000,10.75,0.25,N,4,0
43373,28,43000,RENT,4.0,MEDICAL,B,8000,11.11,0.19,N,7,0
43374,24,55000,RENT,6.0,DEBTCONSOLIDATION,C,12000,14.27,0.22,Y,3,0
43375,24,38400,RENT,5.0,MEDICAL,A,12000,6.62,0.31,N,3,1
43376,22,40000,RENT,2.0,MEDICAL,B,1500,11.49,0.04,N,4,0
43377,22,50000,RENT,6.0,DEBTCONSOLIDATION,A,18000,7.88,0.36,N,4,1
43378,27,53500,RENT,3.0,MEDICAL,C,5000,12.53,0.09,N,9,0
43379,35,90000,MORTGAGE,4.0,DEBTCONSOLIDATION,B,8000,11.49,0.09,N,9,0
43380,21,18000,RENT,1.0,MEDICAL,C,3000,13.61,0.17,N,2,1
43381,29,150000,RENT,5.0,EDUCATION,B,9000,10.99,0.06,N,9,0
43382,32,42000,MORTGAGE,6.0,EDUCATION,B,8000,11.89,0.19,N,7,0
43383,38,30000,RENT,6.0,VENTURE,A,7000,6.62,0.23,N,15,0
43384,25,29000,RENT,4.0,MEDICAL,C,5000,13.98,0.17,Y,4,0
43385,26,65004,MORTGAGE,9.0,VENTURE,A,10200,5.42,0.15,N,4,0
43386,34,55000,MORTGAGE,9.0,DEBTCONSOLIDATION,B,15000,9.88,0.27,N,9,0
43387,42,35000,OWN,4.0,VENTURE,D,12000,15.58,0.34,N,15,0
43388,26,40000,RENT,5.0,MEDICAL,A,15000,7.49,0.38,N,4,1
43389,24,70000,RENT,4.0,DEBTCONSOLIDATION,A,10000,7.29,0.14,N,2,0
43390,21,30000,OWN,4.0,MEDICAL,A,10000,6.03,0.33,N,3,0
43391,27,45000,MORTGAGE,11.0,VENTURE,B,13750,10.74,0.28,N,6,0
43392,28,40000,RENT,2.0,PERSONAL,C,5000,13.61,0.13,N,5,0
43393,24,70000,MORTGAGE,4.0,PERSONAL,A,17000,7.51,0.24,N,2,0
43394,26,60000,OWN,0.0,VENTURE,B,12000,10.38,0.2,N,3,0
43395,22,67000,MORTGAGE,6.0,EDUCATION,B,20000,10.62,0.3,N,3,0
43396,31,37000,RENT,1.0,EDUCATION,D,3000,17.49,0.08,Y,9,1
43397,24,46000,RENT,1.0,VENTURE,B,12000,12.69,0.26,N,3,0
43398,23,48000,MORTGAGE,3.0,VENTURE,A,5500,8.49,0.11,N,4,0
43399,34,80000,RENT,4.0,HOMEIMPROVEMENT,B,4800,10.59,0.06,N,9,0
43400,25,75000,RENT,3.0,EDUCATION,A,5000,6.17,0.07,N,3,0
43401,24,37000,RENT,0.0,EDUCATION,A,9000,7.51,0.24,N,3,0
43402,28,75000,RENT,2.0,PERSONAL,B,10000,11.49,0.13,N,9,0
43403,24,50000,MORTGAGE,2.0,HOMEIMPROVEMENT,B,3500,11.71,0.07,N,3,0
43404,27,60000,MORTGAGE,2.0,PERSONAL,A,10000,6.91,0.17,N,10,0
43405,22,40000,RENT,2.0,EDUCATION,C,5000,13.22,0.13,N,2,0
43406,24,62000,MORTGAGE,2.0,MEDICAL,C,2000,13.06,0.03,N,4,0
43407,36,126000,MORTGAGE,3.0,DEBTCONSOLIDATION,C,2400,13.92,0.02,N,15,0
43408,25,69000,MORTGAGE,9.0,EDUCATION,A,15000,6.54,0.22,N,4,0
43409,38,26000,RENT,2.0,DEBTCONSOLIDATION,A,1500,6.99,0.06,N,16,0
43410,21,33000,RENT,0.0,PERSONAL,B,14500,10.74,0.44,N,2,1
43411,35,27204,MORTGAGE,16.0,EDUCATION,A,6000,7.74,0.22,N,7,0
43412,22,60000,RENT,6.0,PERSONAL,B,10000,10.65,0.17,N,2,0
43413,26,65000,RENT,7.0,PERSONAL,B,7500,10.99,0.12,N,4,0
43414,25,59548,MORTGAGE,9.0,HOMEIMPROVEMENT,C,5000,11.72,0.09,N,4,0
43415,24,96000,MORTGAGE,8.0,HOMEIMPROVEMENT,B,35000,12.18,0.36,N,4,1
43416,23,44400,OWN,1.0,VENTURE,C,15000,12.72,0.34,N,4,0
43417,23,105000,RENT,4.0,MEDICAL,C,9000,13.49,0.09,Y,4,0
43418,27,136000,MORTGAGE,2.0,MEDICAL,B,8000,9.25,0.06,N,9,0
43419,24,75000,MORTGAGE,1.0,MEDICAL,A,5000,9.63,0.07,N,2,0
43420,35,52728,MORTGAGE,8.0,HOMEIMPROVEMENT,C,6000,14.35,0.11,Y,10,0
43421,24,37392,RENT,5.0,HOMEIMPROVEMENT,C,12000,13.11,0.32,Y,2,1
43422,27,30000,RENT,0.0,MEDICAL,D,7600,15.21,0.25,N,6,1
43423,33,100000,MORTGAGE,17.0,VENTURE,D,21000,17.58,0.21,Y,6,0
43424,22,50000,RENT,6.0,EDUCATION,B,3600,9.91,0.07,N,3,0
43425,42,90000,MORTGAGE,3.0,PERSONAL,B,10000,10.59,0.11,N,12,0
43426,29,28800,RENT,3.0,VENTURE,C,9000,13.49,0.31,N,5,1
43427,22,48000,RENT,7.0,VENTURE,C,5000,14.27,0.1,N,2,0
43428,29,120000,MORTGAGE,0.0,DEBTCONSOLIDATION,B,15000,10.0,0.13,N,6,0
43429,46,58000,MORTGAGE,10.0,MEDICAL,B,4500,11.89,0.08,N,14,0
43430,32,82800,RENT,2.0,HOMEIMPROVEMENT,B,20000,12.18,0.24,N,7,0
43431,23,35004,RENT,1.0,EDUCATION,A,7200,6.62,0.21,N,4,0
43432,25,100000,MORTGAGE,9.0,DEBTCONSOLIDATION,C,14500,11.97,0.14,N,2,0
43433,24,80000,MORTGAGE,0.0,VENTURE,A,10000,6.62,0.13,N,2,0
43434,24,45000,MORTGAGE,8.0,EDUCATION,B,7500,12.53,0.17,N,4,0
43435,25,120000,RENT,2.0,DEBTCONSOLIDATION,B,2500,12.53,0.02,N,3,0
43436,25,60000,OWN,3.0,DEBTCONSOLIDATION,D,4000,15.2,0.07,N,3,0
43437,23,25000,RENT,7.0,EDUCATION,A,10000,6.03,0.4,N,4,1
43438,31,80000,RENT,4.0,MEDICAL,A,10000,6.99,0.13,N,5,0
43439,25,80000,RENT,0.0,EDUCATION,C,5000,13.72,0.06,Y,3,0
43440,30,160000,MORTGAGE,14.0,PERSONAL,B,24000,10.75,0.14,N,9,0
43441,31,72000,MORTGAGE,15.0,DEBTCONSOLIDATION,A,16000,7.88,0.23,N,8,0
43442,26,39779,RENT,8.0,VENTURE,B,4000,11.49,0.1,N,4,0
43443,22,70000,RENT,2.0,DEBTCONSOLIDATION,A,10000,8.9,0.14,N,4,0
43444,27,48000,MORTGAGE,11.0,DEBTCONSOLIDATION,A,16000,7.49,0.33,N,7,0
43445,27,54996,RENT,7.0,DEBTCONSOLIDATION,B,15000,10.25,0.27,N,10,1
43446,24,75000,MORTGAGE,5.0,PERSONAL,A,8000,5.99,0.11,N,4,0
43447,38,24000,RENT,0.0,MEDICAL,D,4000,14.59,0.17,Y,12,0
43448,25,30000,RENT,0.0,DEBTCONSOLIDATION,B,4000,10.36,0.13,N,4,0
43449,30,68803,RENT,3.0,MEDICAL,A,6000,6.17,0.09,N,10,0
43450,24,64000,RENT,8.0,DEBTCONSOLIDATION,D,12000,15.7,0.19,Y,2,1
43451,31,100000,MORTGAGE,3.0,VENTURE,A,16000,6.54,0.16,N,6,0
43452,26,30000,RENT,5.0,EDUCATION,A,5500,8.9,0.18,N,3,0
43453,29,30000,RENT,8.0,HOMEIMPROVEMENT,B,3000,11.49,0.1,N,6,1
43454,22,40000,MORTGAGE,5.0,PERSONAL,A,8000,5.99,0.2,N,3,0
43455,30,110000,MORTGAGE,13.0,VENTURE,B,4000,10.74,0.04,N,9,0
43456,22,53000,MORTGAGE,6.0,DEBTCONSOLIDATION,A,7000,6.03,0.13,N,2,0
43457,24,75000,RENT,1.0,EDUCATION,C,6000,12.99,0.08,Y,3,0
43458,53,78000,RENT,3.0,VENTURE,B,8000,10.74,0.1,N,28,0
43459,22,42000,RENT,6.0,EDUCATION,A,6000,7.88,0.14,N,2,0
43460,26,120000,RENT,10.0,DEBTCONSOLIDATION,B,15000,10.65,0.13,N,4,0
43461,41,60000,RENT,0.0,PERSONAL,B,20000,10.37,0.33,N,13,1
43462,24,85000,MORTGAGE,8.0,EDUCATION,A,10000,7.88,0.12,N,3,0
43463,41,70000,MORTGAGE,5.0,VENTURE,B,16000,10.99,0.23,N,15,0
43464,26,172000,MORTGAGE,4.0,DEBTCONSOLIDATION,B,25000,10.62,0.15,N,2,0
43465,29,60000,MORTGAGE,0.0,HOMEIMPROVEMENT,B,5600,11.11,0.09,N,7,0
43466,31,60000,MORTGAGE,1.0,EDUCATION,A,15000,7.88,0.25,N,10,0
43467,36,36000,MORTGAGE,20.0,PERSONAL,A,15625,8.9,0.42,N,12,0
43468,31,136112,RENT,4.0,DEBTCONSOLIDATION,C,25000,13.61,0.19,N,8,0
43469,30,45000,OWN,1.0,HOMEIMPROVEMENT,A,4000,6.03,0.09,N,7,0
43470,23,45000,RENT,3.0,EDUCATION,C,8000,14.79,0.18,N,2,0
43471,24,40000,RENT,5.0,EDUCATION,A,5000,6.03,0.13,N,3,0
43472,27,90000,MORTGAGE,11.0,MEDICAL,B,7200,11.71,0.08,N,7,0
43473,27,75000,OWN,8.0,VENTURE,A,12000,8.94,0.16,N,8,0
43474,27,55000,RENT,2.0,DEBTCONSOLIDATION,B,14000,11.48,0.25,N,8,0
43475,39,60000,MORTGAGE,9.0,HOMEIMPROVEMENT,B,15000,12.53,0.25,N,15,0
43476,29,78000,MORTGAGE,13.0,PERSONAL,A,4800,7.74,0.06,N,7,0
43477,22,59000,RENT,6.0,MEDICAL,D,5000,14.61,0.08,Y,4,1
43478,25,33000,MORTGAGE,1.0,VENTURE,A,12000,7.14,0.36,N,2,0
43479,24,47000,RENT,5.0,DEBTCONSOLIDATION,A,7500,6.54,0.16,N,3,0
43480,25,29004,RENT,5.0,VENTURE,B,10000,10.0,0.34,N,4,1
43481,27,98056,MORTGAGE,8.0,DEBTCONSOLIDATION,A,6000,7.66,0.06,N,6,0
43482,28,52200,MORTGAGE,13.0,DEBTCONSOLIDATION,B,15000,10.59,0.29,N,9,0
43483,25,65004,RENT,1.0,HOMEIMPROVEMENT,A,5000,6.03,0.08,N,2,0
43484,22,70800,MORTGAGE,6.0,EDUCATION,C,10000,12.61,0.14,Y,3,0
43485,22,41160,RENT,3.0,MEDICAL,B,4000,10.37,0.1,N,3,0
43486,31,29000,RENT,1.0,MEDICAL,B,10000,11.58,0.34,N,9,1
43487,22,60000,MORTGAGE,2.0,MEDICAL,A,5000,7.88,0.08,N,2,0
43488,23,40000,RENT,0.0,PERSONAL,B,6000,10.62,0.15,N,3,0
43489,22,27996,RENT,3.0,EDUCATION,C,6250,12.53,0.23,N,2,0
43490,28,52000,MORTGAGE,2.0,VENTURE,B,20000,10.62,0.38,N,9,0
43491,27,48000,MORTGAGE,11.0,VENTURE,C,8000,12.73,0.17,N,10,0
43492,26,70000,RENT,1.0,MEDICAL,A,12000,6.92,0.17,N,4,0
43493,22,40000,RENT,2.0,DEBTCONSOLIDATION,C,7000,13.49,0.17,N,4,0
43494,29,72000,RENT,3.0,HOMEIMPROVEMENT,B,16000,10.59,0.22,N,7,0
43495,22,60000,MORTGAGE,6.0,EDUCATION,B,4500,10.99,0.07,N,3,0
43496,25,63000,RENT,9.0,VENTURE,A,20000,7.9,0.32,N,3,1
43497,24,64000,MORTGAGE,2.0,VENTURE,B,8000,10.08,0.13,N,2,0
43498,24,38500,RENT,0.0,EDUCATION,B,5000,11.14,0.13,N,4,0
43499,23,55000,MORTGAGE,4.0,EDUCATION,A,5000,7.51,0.09,N,4,0
43500,39,40000,OWN,6.0,MEDICAL,B,5000,10.74,0.13,N,14,0
43501,43,45000,MORTGAGE,5.0,MEDICAL,B,10000,10.65,0.22,N,14,0
43502,37,62000,RENT,2.0,PERSONAL,B,6000,10.25,0.1,N,11,0
43503,29,110000,MORTGAGE,14.0,PERSONAL,A,6000,6.17,0.05,N,8,0
43504,28,120000,MORTGAGE,11.0,EDUCATION,A,13000,9.63,0.11,N,9,0
43505,21,30000,RENT,2.0,DEBTCONSOLIDATION,B,13000,12.53,0.46,N,3,1
43506,23,70000,MORTGAGE,2.0,DEBTCONSOLIDATION,C,25000,12.87,0.36,Y,2,0
43507,24,37200,OWN,8.0,VENTURE,A,10000,6.54,0.27,N,3,0
43508,24,54000,RENT,8.0,MEDICAL,A,8500,7.49,0.16,N,3,0
43509,24,30000,RENT,8.0,VENTURE,C,14500,12.61,0.46,N,3,1
43510,36,30000,RENT,2.0,EDUCATION,B,10000,11.49,0.33,N,12,1
43511,22,43200,MORTGAGE,6.0,VENTURE,A,5000,8.94,0.12,N,4,0
43512,23,50000,RENT,7.0,EDUCATION,B,4000,11.71,0.08,N,4,0
43513,28,100000,MORTGAGE,11.0,PERSONAL,B,12000,10.65,0.12,N,8,0
43514,39,145000,RENT,3.0,PERSONAL,C,20000,13.11,0.14,Y,16,0
43515,24,65000,RENT,8.0,VENTURE,B,10000,10.65,0.15,N,4,0
43516,21,30000,RENT,0.0,VENTURE,C,2500,12.53,0.08,Y,2,0
43517,22,60000,RENT,4.0,DEBTCONSOLIDATION,A,7000,6.99,0.12,N,3,0
43518,25,42000,RENT,19.0,MEDICAL,C,6000,13.49,0.14,N,4,0
43519,28,118000,MORTGAGE,12.0,DEBTCONSOLIDATION,A,5000,8.94,0.04,N,7,0
43520,23,90000,MORTGAGE,0.0,EDUCATION,A,6000,7.14,0.07,N,4,0
43521,25,45600,RENT,4.0,MEDICAL,C,7500,13.35,0.16,N,3,0
43522,23,49000,OWN,0.0,PERSONAL,B,4000,10.37,0.08,N,3,0
43523,22,110000,MORTGAGE,0.0,PERSONAL,B,6000,9.99,0.05,N,2,0
43524,21,59000,MORTGAGE,5.0,PERSONAL,A,10000,9.32,0.17,N,4,0
43525,34,46000,MORTGAGE,5.0,DEBTCONSOLIDATION,C,7000,13.49,0.15,N,5,0
43526,27,80000,MORTGAGE,6.0,EDUCATION,B,20000,12.69,0.25,N,7,0
43527,33,70000,RENT,2.0,EDUCATION,B,6000,9.99,0.09,N,8,0
43528,24,35000,RENT,5.0,MEDICAL,A,5000,6.03,0.14,N,3,0
43529,32,83800,RENT,3.0,EDUCATION,D,25000,15.95,0.3,N,10,1
43530,24,66996,MORTGAGE,4.0,PERSONAL,D,12000,15.21,0.18,Y,2,1
43531,26,100000,RENT,3.0,PERSONAL,B,6000,11.49,0.06,N,2,0
43532,36,39000,MORTGAGE,20.0,VENTURE,A,2800,7.49,0.07,N,12,0
43533,33,65000,MORTGAGE,17.0,VENTURE,A,5000,7.14,0.08,N,5,0
43534,52,45000,RENT,1.0,PERSONAL,A,5000,7.49,0.11,N,25,1
43535,24,50000,RENT,6.0,VENTURE,B,10000,10.99,0.2,N,4,0
43536,22,60000,MORTGAGE,3.0,EDUCATION,B,5000,11.99,0.08,N,4,0
43537,28,60000,RENT,4.0,EDUCATION,D,5000,17.49,0.08,Y,10,0
43538,29,30000,RENT,3.0,EDUCATION,A,8000,5.79,0.27,N,10,0
43539,23,60000,MORTGAGE,7.0,EDUCATION,A,4000,7.05,0.07,N,2,0
43540,31,95000,MORTGAGE,11.0,EDUCATION,A,4650,8.9,0.05,N,7,0
43541,25,86000,MORTGAGE,4.0,MEDICAL,A,6000,6.99,0.07,N,4,0
43542,55,48000,RENT,3.0,MEDICAL,B,3000,10.59,0.06,N,27,1
43543,30,57000,MORTGAGE,9.0,HOMEIMPROVEMENT,B,8000,10.99,0.14,N,8,0
43544,30,30000,RENT,0.0,MEDICAL,B,6000,11.71,0.2,N,6,0
43545,27,66300,MORTGAGE,5.0,PERSONAL,A,6000,6.99,0.09,N,5,0
43546,27,80000,MORTGAGE,11.0,VENTURE,A,5000,7.68,0.06,N,9,0
43547,22,33000,OWN,4.0,VENTURE,A,7000,8.9,0.21,N,4,0
43548,27,31400,MORTGAGE,4.0,VENTURE,C,10625,12.61,0.33,Y,7,0
43549,24,54000,MORTGAGE,2.0,PERSONAL,B,10000,10.37,0.19,N,4,0
43550,23,30000,RENT,0.0,PERSONAL,A,6000,7.29,0.2,N,4,0
43551,26,80000,MORTGAGE,7.0,HOMEIMPROVEMENT,C,15000,12.73,0.19,Y,2,0
43552,34,85000,MORTGAGE,6.0,EDUCATION,B,7500,10.36,0.09,N,10,0
43553,27,75000,MORTGAGE,5.0,PERSONAL,B,4000,9.91,0.05,N,9,0
43554,23,70000,MORTGAGE,7.0,DEBTCONSOLIDATION,A,3000,5.79,0.04,N,2,0
43555,22,100000,RENT,6.0,VENTURE,A,6000,8.9,0.06,N,3,0
43556,24,93080,MORTGAGE,4.0,DEBTCONSOLIDATION,C,7400,13.49,0.08,N,2,0
43557,28,36000,MORTGAGE,7.0,EDUCATION,A,15000,7.88,0.04,N,5,0
43558,24,53000,OWN,1.0,HOMEIMPROVEMENT,B,15000,12.18,0.28,N,2,0
43559,21,30000,RENT,3.0,MEDICAL,C,7000,13.98,0.23,N,2,0
43560,22,35000,RENT,6.0,DEBTCONSOLIDATION,E,9600,17.04,0.27,N,4,1
43561,25,36000,MORTGAGE,6.0,DEBTCONSOLIDATION,B,5100,10.37,0.14,N,4,0
43562,24,55000,MORTGAGE,4.0,MEDICAL,B,3100,10.99,0.06,N,3,0
43563,47,141000,MORTGAGE,4.0,DEBTCONSOLIDATION,E,3000,14.93,0.02,Y,16,1
43564,24,30000,RENT,4.0,EDUCATION,A,10000,7.49,0.33,N,3,1
43565,29,36000,MORTGAGE,2.0,HOMEIMPROVEMENT,B,13000,12.42,0.36,N,5,0
43566,21,24000,OWN,0.0,MEDICAL,B,6000,12.53,0.25,N,4,0
43567,22,50000,MORTGAGE,6.0,PERSONAL,B,8000,12.12,0.16,N,3,0
43568,41,26500,RENT,5.0,PERSONAL,D,6000,15.33,0.23,N,17,0
43569,23,85000,MORTGAGE,7.0,PERSONAL,A,6000,5.99,0.07,N,3,0
43570,28,66240,MORTGAGE,12.0,MEDICAL,B,5000,9.99,0.08,N,7,0
43571,24,55000,RENT,5.0,EDUCATION,B,7000,10.75,0.13,N,2,0
43572,22,24000,RENT,4.0,MEDICAL,B,5000,10.65,0.21,N,3,0
43573,34,135000,MORTGAGE,5.0,VENTURE,A,15000,7.51,0.11,N,9,0
43574,29,60000,MORTGAGE,13.0,DEBTCONSOLIDATION,A,10000,6.03,0.17,N,8,0
43575,30,56000,RENT,4.0,MEDICAL,B,5000,12.69,0.09,N,9,0
43576,30,55000,RENT,2.0,MEDICAL,B,7000,11.49,0.13,N,6,0
43577,41,37000,RENT,4.0,DEBTCONSOLIDATION,A,7000,7.51,0.19,N,16,0
43578,21,40000,RENT,5.0,MEDICAL,A,8000,8.9,0.2,N,4,0
43579,24,75000,RENT,0.0,HOMEIMPROVEMENT,B,10000,10.99,0.13,N,3,0
43580,30,100000,MORTGAGE,3.0,DEBTCONSOLIDATION,C,12000,12.87,0.12,N,9,0
43581,30,38000,MORTGAGE,1.0,VENTURE,B,6000,10.25,0.16,N,7,0
43582,23,52000,MORTGAGE,0.0,VENTURE,B,17500,11.83,0.34,N,3,0
43583,27,40000,MORTGAGE,2.0,VENTURE,A,4000,5.79,0.1,N,7,0
43584,39,72000,MORTGAGE,3.0,MEDICAL,B,20000,10.99,0.28,N,13,0
43585,22,70000,MORTGAGE,1.0,EDUCATION,C,8000,13.22,0.11,N,4,0
43586,23,30000,RENT,4.0,VENTURE,A,6000,7.51,0.2,N,4,0
43587,25,59500,MORTGAGE,6.0,PERSONAL,B,2400,11.49,0.04,N,3,0
43588,23,80000,MORTGAGE,7.0,MEDICAL,A,4000,7.49,0.05,N,4,0
43589,23,75000,MORTGAGE,3.0,PERSONAL,B,6000,11.49,0.08,N,3,0
43590,28,59000,MORTGAGE,0.0,PERSONAL,C,3500,13.92,0.06,N,6,1
43591,22,60000,RENT,0.0,DEBTCONSOLIDATION,D,16450,16.02,0.26,N,3,1
43592,23,160000,MORTGAGE,7.0,PERSONAL,A,11000,7.9,0.07,N,3,0
43593,41,60000,MORTGAGE,3.0,DEBTCONSOLIDATION,A,3000,7.51,0.05,N,13,0
43594,24,60000,MORTGAGE,2.0,DEBTCONSOLIDATION,A,10000,7.51,0.17,N,4,0
43595,28,40000,MORTGAGE,12.0,MEDICAL,B,4000,9.91,0.1,N,9,0
43596,33,51000,RENT,5.0,MEDICAL,A,8000,8.9,0.16,N,10,0
43597,28,75000,MORTGAGE,5.0,PERSONAL,B,15000,11.99,0.2,N,7,0
43598,32,93158,MORTGAGE,16.0,HOMEIMPROVEMENT,D,7800,14.84,0.08,N,2,1
43599,24,52800,RENT,3.0,PERSONAL,A,8000,7.9,0.15,N,2,0
43600,23,80000,MORTGAGE,5.0,EDUCATION,A,3000,7.49,0.04,N,4,0
43601,24,65000,MORTGAGE,3.0,EDUCATION,A,3600,6.39,0.06,N,2,0
43602,24,42000,RENT,3.0,VENTURE,B,12000,11.11,0.29,N,3,0
43603,25,75600,MORTGAGE,9.0,VENTURE,D,10000,14.61,0.14,N,2,0
43604,28,92000,MORTGAGE,12.0,DEBTCONSOLIDATION,B,25000,11.86,0.26,N,9,0
43605,42,44000,RENT,5.0,VENTURE,A,10000,7.51,0.23,N,15,0
43606,22,69500,MORTGAGE,6.0,DEBTCONSOLIDATION,A,6000,7.51,0.09,N,3,0
43607,24,80000,RENT,0.0,DEBTCONSOLIDATION,A,2200,7.88,0.03,N,3,0
43608,26,60000,RENT,7.0,EDUCATION,A,16000,7.9,0.27,N,4,0
43609,30,72000,RENT,2.0,HOMEIMPROVEMENT,C,5000,13.49,0.07,Y,8,0
43610,23,60000,MORTGAGE,7.0,EDUCATION,B,10000,11.14,0.17,N,3,0
43611,27,80000,MORTGAGE,11.0,MEDICAL,A,3000,5.99,0.04,N,8,0
43612,31,120000,MORTGAGE,12.0,VENTURE,A,12000,5.99,0.1,N,6,0
43613,27,30000,RENT,3.0,HOMEIMPROVEMENT,B,8000,10.99,0.27,N,7,0
43614,26,97908,RENT,0.0,EDUCATION,D,20000,14.83,0.22,Y,2,1
43615,22,60000,MORTGAGE,3.0,DEBTCONSOLIDATION,A,5500,7.9,0.09,N,2,0
43616,41,37000,RENT,4.0,MEDICAL,A,2000,7.05,0.05,N,13,0
43617,25,102058,MORTGAGE,9.0,MEDICAL,B,10000,10.25,0.09,N,2,0
43618,36,70000,MORTGAGE,4.0,VENTURE,A,15000,8.94,0.21,N,17,0
43619,38,67000,RENT,5.0,MEDICAL,A,4000,7.88,0.06,N,16,0
43620,25,40000,RENT,2.0,PERSONAL,D,7000,15.95,0.17,Y,3,1
43621,23,54000,MORTGAGE,7.0,MEDICAL,B,7500,11.14,0.14,N,3,0
43622,24,58800,RENT,1.0,PERSONAL,B,12000,11.14,0.2,N,3,0
43623,29,64320,MORTGAGE,14.0,MEDICAL,C,4800,14.65,0.07,Y,9,0
43624,24,65000,MORTGAGE,3.0,HOMEIMPROVEMENT,C,10000,13.35,0.15,N,3,0
43625,37,92000,MORTGAGE,2.0,DEBTCONSOLIDATION,C,20000,15.96,0.22,Y,13,0
43626,27,45000,RENT,3.0,VENTURE,A,9000,6.62,0.2,N,10,0
43627,60,75000,MORTGAGE,5.0,PERSONAL,C,20000,13.8,0.27,Y,27,0
43628,29,130000,MORTGAGE,4.0,EDUCATION,A,35000,7.9,0.27,N,8,0
43629,23,59000,MORTGAGE,7.0,EDUCATION,B,5000,9.99,0.08,N,3,1
43630,26,38000,RENT,0.0,HOMEIMPROVEMENT,B,5000,11.83,0.13,N,3,1
43631,25,120000,MORTGAGE,5.0,HOMEIMPROVEMENT,F,25000,17.9,0.21,N,3,0
43632,28,50160,RENT,0.0,DEBTCONSOLIDATION,D,6000,14.42,0.12,N,10,1
43633,24,75000,RENT,6.0,HOMEIMPROVEMENT,C,6000,13.49,0.08,N,4,0
43634,24,50000,RENT,5.0,VENTURE,C,4800,12.61,0.1,Y,4,0
43635,24,40000,RENT,3.0,VENTURE,B,9000,11.83,0.23,N,2,0
43636,25,38400,RENT,3.0,MEDICAL,C,10000,14.22,0.26,Y,3,0
43637,23,120000,MORTGAGE,7.0,EDUCATION,B,5000,11.86,0.04,N,3,0
43638,31,60000,MORTGAGE,2.0,HOMEIMPROVEMENT,A,3000,9.63,0.05,N,10,0
43639,27,75000,RENT,11.0,MEDICAL,B,7000,10.65,0.09,N,7,0
43640,21,87500,MORTGAGE,2.0,DEBTCONSOLIDATION,A,3500,6.54,0.04,N,3,0
43641,24,32000,RENT,1.0,EDUCATION,C,4800,12.68,0.15,N,2,0
43642,28,31800,RENT,2.0,EDUCATION,A,6400,7.51,0.2,N,6,0
43643,24,80004,RENT,8.0,VENTURE,A,12000,7.29,0.15,N,3,0
43644,26,50000,OWN,10.0,MEDICAL,A,10200,5.42,0.2,N,4,0
43645,31,48000,RENT,8.0,DEBTCONSOLIDATION,A,11000,5.42,0.23,N,10,0
43646,30,84000,RENT,2.0,DEBTCONSOLIDATION,B,22000,10.62,0.27,N,8,0
43647,22,52800,RENT,6.0,VENTURE,B,23500,10.99,0.4,N,2,1
43648,33,91000,MORTGAGE,17.0,HOMEIMPROVEMENT,D,6000,14.11,0.06,Y,10,0
43649,25,108000,MORTGAGE,9.0,EDUCATION,C,19000,13.92,0.19,Y,3,0
43650,29,50000,RENT,5.0,MEDICAL,D,13000,12.92,0.26,Y,7,1
43651,33,80000,MORTGAGE,10.0,VENTURE,A,6300,5.79,0.08,N,9,0
43652,25,82560,RENT,6.0,EDUCATION,A,4500,9.63,0.05,N,4,0
43653,32,40000,RENT,2.0,MEDICAL,D,5000,14.96,0.13,Y,6,1
43654,26,70000,RENT,0.0,EDUCATION,A,5000,8.9,0.07,N,3,0
43655,22,59000,RENT,6.0,DEBTCONSOLIDATION,A,10000,6.54,0.17,N,4,0
43656,25,134300,MORTGAGE,9.0,MEDICAL,D,25000,15.7,0.19,Y,3,1
43657,22,75000,RENT,6.0,VENTURE,B,10000,11.48,0.13,N,4,0
43658,23,30000,RENT,1.0,DEBTCONSOLIDATION,D,12000,16.49,0.4,N,4,1
43659,25,64500,MORTGAGE,8.0,PERSONAL,B,5000,11.99,0.08,N,2,0
43660,27,60000,RENT,5.0,PERSONAL,C,15000,12.84,0.25,N,7,0
43661,24,100000,MORTGAGE,5.0,EDUCATION,C,12000,14.27,0.12,Y,4,0
43662,22,80000,MORTGAGE,5.0,EDUCATION,A,18000,8.49,0.23,N,3,0
43663,25,38004,RENT,3.0,VENTURE,B,10000,10.95,0.26,N,2,0
43664,35,30000,RENT,1.0,MEDICAL,D,8500,14.11,0.29,N,5,1
43665,28,129996,RENT,3.0,PERSONAL,A,5000,9.63,0.04,N,8,0
43666,22,35000,MORTGAGE,5.0,MEDICAL,B,5000,12.42,0.14,N,3,0
43667,35,61440,MORTGAGE,7.0,PERSONAL,A,2500,7.9,0.04,N,7,0
43668,23,100000,RENT,7.0,VENTURE,B,14800,10.65,0.14,N,2,0
43669,22,50000,OWN,6.0,PERSONAL,B,10000,9.99,0.2,N,3,0
43670,28,60000,RENT,0.0,PERSONAL,A,6000,8.0,0.1,N,10,0
43671,24,32640,MORTGAGE,8.0,HOMEIMPROVEMENT,A,3000,7.51,0.09,N,2,0
43672,25,80400,RENT,2.0,PERSONAL,A,13200,8.49,0.16,N,3,0
43673,21,40000,RENT,3.0,PERSONAL,B,13250,9.99,0.33,N,2,1
43674,25,70000,MORTGAGE,9.0,MEDICAL,B,12800,11.83,0.18,N,4,0
43675,21,60000,MORTGAGE,5.0,EDUCATION,B,18000,9.33,0.3,N,4,0
43676,30,90000,RENT,14.0,MEDICAL,B,12000,11.49,0.13,N,8,0
43677,24,35004,RENT,3.0,EDUCATION,B,1500,11.49,0.04,N,2,0
43678,27,75000,MORTGAGE,3.0,MEDICAL,A,10000,7.88,0.13,N,8,0
43679,29,25000,RENT,0.0,EDUCATION,B,5000,10.62,0.2,N,6,0
43680,24,72000,RENT,6.0,PERSONAL,B,12000,10.0,0.17,N,3,0
43681,36,40000,MORTGAGE,5.0,PERSONAL,A,6000,8.0,0.15,N,12,0
43682,24,45000,RENT,7.0,HOMEIMPROVEMENT,B,16000,10.51,0.36,N,3,1
43683,31,120000,RENT,0.0,VENTURE,B,20000,11.14,0.17,N,9,0
43684,28,117000,MORTGAGE,2.0,PERSONAL,B,16800,10.0,0.15,N,5,0
43685,23,140000,RENT,7.0,VENTURE,D,20000,16.07,0.14,N,3,0
43686,27,80000,MORTGAGE,5.0,PERSONAL,A,7000,7.49,0.09,N,5,0
43687,23,125000,MORTGAGE,1.0,EDUCATION,B,20000,11.86,0.16,N,3,0
43688,26,72900,MORTGAGE,11.0,EDUCATION,B,17000,10.62,0.23,N,4,0
43689,24,60000,RENT,5.0,HOMEIMPROVEMENT,A,8800,7.49,0.14,N,4,0
43690,26,90000,RENT,10.0,MEDICAL,B,5000,12.42,0.06,N,2,0
43691,22,61464,MORTGAGE,6.0,DEBTCONSOLIDATION,D,4000,15.33,0.07,Y,4,1
43692,24,40000,RENT,2.0,DEBTCONSOLIDATION,D,7000,16.77,0.17,N,2,1
43693,29,27840,RENT,0.0,MEDICAL,E,8575,19.42,0.31,Y,7,1
43694,51,72800,MORTGAGE,0.0,PERSONAL,B,24000,11.58,0.33,N,29,0
43695,24,52000,RENT,8.0,HOMEIMPROVEMENT,B,5000,10.25,0.1,N,2,0
43696,35,105600,MORTGAGE,5.0,PERSONAL,A,6000,6.99,0.06,N,7,0
43697,23,100000,MORTGAGE,7.0,EDUCATION,B,9000,11.99,0.09,N,4,0
43698,25,75000,MORTGAGE,6.0,DEBTCONSOLIDATION,B,12000,10.36,0.16,N,3,0
43699,26,80000,RENT,10.0,PERSONAL,A,3525,5.42,0.04,N,3,0
43700,28,30000,RENT,2.0,PERSONAL,D,3600,16.32,0.12,N,5,1
43701,22,88970,MORTGAGE,6.0,DEBTCONSOLIDATION,A,12250,6.39,0.14,N,3,0
43702,24,37000,RENT,2.0,MEDICAL,B,6400,9.99,0.17,N,2,0
43703,28,80000,MORTGAGE,4.0,HOMEIMPROVEMENT,A,15000,8.59,0.19,N,7,0
43704,30,200000,MORTGAGE,5.0,DEBTCONSOLIDATION,B,10000,11.36,0.05,N,8,0
43705,27,72000,MORTGAGE,2.0,HOMEIMPROVEMENT,B,16000,11.89,0.22,N,5,0
43706,25,88000,MORTGAGE,4.0,DEBTCONSOLIDATION,C,24000,13.85,0.28,N,4,0
43707,27,70000,MORTGAGE,8.0,EDUCATION,B,3000,11.49,0.04,N,6,0
43708,27,87000,MORTGAGE,11.0,VENTURE,D,15000,16.0,0.17,Y,8,0
43709,24,25000,RENT,0.0,MEDICAL,A,5000,8.94,0.2,N,4,0
43710,25,55000,MORTGAGE,3.0,HOMEIMPROVEMENT,B,12000,10.99,0.22,N,2,0
43711,47,105000,MORTGAGE,13.0,PERSONAL,B,2500,10.99,0.02,N,17,0
43712,41,62900,RENT,2.0,MEDICAL,D,8000,15.7,0.1,Y,17,1
43713,29,84000,MORTGAGE,5.0,VENTURE,A,12000,6.62,0.14,N,5,0
43714,37,65000,RENT,3.0,VENTURE,B,12500,11.48,0.18,N,15,0
43715,29,35000,RENT,3.0,MEDICAL,C,6000,12.99,0.17,Y,8,0
43716,36,65000,RENT,0.0,PERSONAL,B,7000,10.74,0.11,N,15,0
43717,28,65000,OWN,11.0,VENTURE,D,9000,16.77,0.14,Y,8,0
43718,23,60000,RENT,5.0,VENTURE,C,12000,14.22,0.2,Y,3,0
43719,24,78000,RENT,4.0,VENTURE,B,25000,10.99,0.32,N,2,1
43720,27,47000,RENT,4.0,DEBTCONSOLIDATION,C,15000,13.85,0.32,Y,10,1
43721,42,70000,MORTGAGE,3.0,HOMEIMPROVEMENT,A,10000,7.51,0.14,N,16,0
43722,29,75000,RENT,4.0,HOMEIMPROVEMENT,B,10000,10.74,0.13,N,9,0
43723,24,40000,RENT,0.0,DEBTCONSOLIDATION,C,10800,14.26,0.27,N,3,0
43724,34,80000,MORTGAGE,18.0,VENTURE,A,10000,9.63,0.13,N,9,0
43725,30,110000,OWN,14.0,VENTURE,A,6400,9.32,0.06,N,6,0
43726,46,90000,RENT,5.0,EDUCATION,A,16000,8.49,0.18,N,13,0
43727,22,110000,MORTGAGE,6.0,DEBTCONSOLIDATION,B,4000,11.49,0.03,N,2,0
43728,38,89904,RENT,1.0,HOMEIMPROVEMENT,B,24000,10.37,0.27,N,16,0
43729,27,70000,MORTGAGE,6.0,HOMEIMPROVEMENT,D,10000,14.59,0.14,N,8,0
43730,39,60000,MORTGAGE,2.0,DEBTCONSOLIDATION,A,8000,7.66,0.13,N,16,0
43731,25,30000,MORTGAGE,4.0,DEBTCONSOLIDATION,A,10000,7.51,0.33,N,2,0
43732,22,85000,MORTGAGE,2.0,EDUCATION,C,14000,13.92,0.16,N,3,0
43733,30,36000,RENT,9.0,PERSONAL,A,5600,7.14,0.16,N,9,0
43734,28,90000,RENT,4.0,HOMEIMPROVEMENT,C,10000,12.87,0.11,Y,6,0
43735,24,40000,MORTGAGE,6.0,VENTURE,E,15000,16.63,0.38,Y,3,0
43736,24,47300,MORTGAGE,3.0,DEBTCONSOLIDATION,B,12000,9.99,0.25,N,3,0
43737,24,30000,RENT,0.0,EDUCATION,B,3500,11.49,0.12,N,3,0
43738,24,85000,RENT,7.0,HOMEIMPROVEMENT,B,7200,11.71,0.08,N,4,0
43739,22,60000,RENT,2.0,MEDICAL,A,3600,7.51,0.06,N,4,0
43740,22,62000,MORTGAGE,6.0,VENTURE,A,7500,6.54,0.12,N,2,0
43741,21,90000,RENT,0.0,PERSONAL,A,7500,7.51,0.08,N,3,0
43742,23,44000,RENT,0.0,MEDICAL,B,15000,9.63,0.34,N,4,1
43743,24,44208,MORTGAGE,2.0,EDUCATION,A,7000,7.74,0.16,N,4,0
43744,21,30000,OWN,1.0,PERSONAL,A,4200,5.99,0.14,N,2,0
43745,31,30000,RENT,5.0,MEDICAL,B,5000,9.88,0.17,N,8,0
43746,23,60000,MORTGAGE,7.0,EDUCATION,B,7000,12.42,0.12,N,2,0
43747,33,170000,MORTGAGE,11.0,DEBTCONSOLIDATION,A,20000,7.88,0.12,N,9,0
43748,31,70000,MORTGAGE,6.0,VENTURE,A,10000,6.99,0.14,N,10,0
43749,28,42000,RENT,1.0,MEDICAL,B,10000,10.36,0.24,N,6,0
43750,29,50000,MORTGAGE,9.0,EDUCATION,A,5000,7.49,0.1,N,5,0
43751,23,55000,RENT,0.0,MEDICAL,C,9000,12.61,0.16,N,4,0
43752,26,40000,RENT,4.0,PERSONAL,A,3600,6.99,0.09,N,4,0
43753,22,60000,RENT,7.0,EDUCATION,A,12000,7.51,0.2,N,2,0
43754,35,44000,RENT,7.0,MEDICAL,C,5000,12.87,0.11,N,9,0
43755,23,140000,MORTGAGE,7.0,PERSONAL,C,11000,14.79,0.08,N,2,0
43756,24,124080,MORTGAGE,2.0,VENTURE,B,25000,12.18,0.21,N,4,0
43757,22,50000,RENT,3.0,EDUCATION,D,8000,16.49,0.16,Y,4,1
43758,26,55000,RENT,10.0,EDUCATION,C,8000,12.84,0.15,N,2,0
43759,47,75000,MORTGAGE,2.0,VENTURE,B,12000,10.99,0.16,N,16,0
43760,25,30000,RENT,0.0,VENTURE,B,1000,11.48,0.03,N,4,0
43761,27,40000,MORTGAGE,3.0,DEBTCONSOLIDATION,B,6000,11.99,0.15,N,6,0
43762,33,48000,RENT,3.0,MEDICAL,D,20000,15.65,0.42,N,8,1
43763,24,70000,MORTGAGE,8.0,PERSONAL,A,15000,6.03,0.21,N,2,0
43764,37,141000,MORTGAGE,13.0,MEDICAL,A,9000,5.99,0.06,N,16,0
43765,31,50000,MORTGAGE,2.0,MEDICAL,B,2000,10.99,0.04,N,5,0
43766,25,40000,RENT,0.0,MEDICAL,B,12000,10.59,0.3,N,3,0
43767,29,48000,MORTGAGE,4.0,DEBTCONSOLIDATION,C,2000,13.79,0.04,N,6,0
43768,26,65000,MORTGAGE,0.0,HOMEIMPROVEMENT,A,5000,7.51,0.08,N,3,0
43769,21,72000,RENT,2.0,MEDICAL,B,5000,11.86,0.07,N,3,0
43770,22,60000,RENT,2.0,MEDICAL,B,14000,10.65,0.25,N,4,0
43771,23,42000,RENT,4.0,VENTURE,C,9000,14.65,0.21,Y,2,1
43772,30,28800,RENT,0.0,MEDICAL,B,5000,10.0,0.17,N,8,0
43773,23,28800,RENT,1.0,VENTURE,D,10200,16.29,0.36,N,4,1
43774,25,66000,MORTGAGE,9.0,DEBTCONSOLIDATION,D,16000,14.09,0.24,Y,2,1
43775,22,48000,RENT,0.0,EDUCATION,C,1500,13.99,0.03,Y,3,0
43776,27,87500,OWN,8.0,HOMEIMPROVEMENT,B,25000,11.48,0.29,N,10,0
43777,22,40000,RENT,3.0,EDUCATION,A,9000,7.14,0.23,N,4,0
43778,33,36000,RENT,1.0,PERSONAL,A,7500,9.32,0.21,N,5,0
43779,22,45000,MORTGAGE,6.0,EDUCATION,B,7000,9.88,0.16,N,3,0
43780,21,20000,OWN,5.0,EDUCATION,B,4750,11.83,0.24,N,2,0
43781,27,56000,RENT,1.0,PERSONAL,B,14000,9.99,0.25,N,5,0
43782,23,60000,RENT,5.0,VENTURE,C,10000,13.99,0.17,Y,3,0
43783,25,54000,RENT,1.0,MEDICAL,A,3200,7.88,0.06,N,4,0
43784,23,30000,RENT,6.0,DEBTCONSOLIDATION,C,10000,13.79,0.33,Y,4,1
43785,24,38400,RENT,8.0,VENTURE,F,8400,18.43,0.22,N,4,0
43786,29,69000,RENT,0.0,DEBTCONSOLIDATION,D,25000,15.2,0.37,Y,8,1
43787,24,80000,MORTGAGE,8.0,PERSONAL,B,5000,10.65,0.06,N,2,0
43788,23,75000,RENT,2.0,VENTURE,C,10000,13.47,0.13,N,3,0
43789,26,35000,RENT,10.0,VENTURE,C,12000,13.49,0.34,N,2,1
43790,23,40000,MORTGAGE,7.0,VENTURE,A,4500,7.14,0.11,N,2,0
43791,29,120000,MORTGAGE,13.0,PERSONAL,B,10000,9.99,0.08,N,6,0
43792,27,92000,OWN,7.0,HOMEIMPROVEMENT,D,3800,14.96,0.04,Y,10,0
43793,34,75000,MORTGAGE,5.0,HOMEIMPROVEMENT,B,3500,11.49,0.05,N,7,0
43794,24,24000,RENT,0.0,MEDICAL,A,2000,7.88,0.08,N,2,0
43795,23,37700,MORTGAGE,6.0,EDUCATION,D,8000,15.62,0.21,N,4,0
43796,44,100000,MORTGAGE,14.0,MEDICAL,A,5000,7.14,0.05,N,11,0
43797,30,52728,RENT,4.0,EDUCATION,A,4900,8.94,0.09,N,10,0
43798,22,45000,RENT,0.0,MEDICAL,A,11000,7.51,0.24,N,3,0
43799,24,42000,RENT,8.0,PERSONAL,B,20000,11.71,0.48,N,4,1
43800,24,45000,RENT,8.0,HOMEIMPROVEMENT,A,3000,8.0,0.07,N,4,0
43801,25,60000,RENT,0.0,EDUCATION,A,15000,7.88,0.25,N,2,0
43802,34,200000,MORTGAGE,2.0,PERSONAL,A,20000,7.88,0.1,N,7,0
43803,32,50000,RENT,4.0,MEDICAL,A,10000,8.49,0.2,N,10,0
43804,23,30000,RENT,0.0,VENTURE,C,5600,13.49,0.19,N,4,0
43805,23,70000,MORTGAGE,7.0,VENTURE,A,15000,6.91,0.21,N,2,0
43806,22,30000,RENT,0.0,MEDICAL,C,6000,13.49,0.2,N,4,0
43807,22,55000,RENT,1.0,PERSONAL,B,3000,11.83,0.05,N,3,0
43808,23,50000,MORTGAGE,7.0,VENTURE,D,2500,16.49,0.05,N,3,0
43809,33,35000,RENT,15.0,MEDICAL,A,12000,6.99,0.34,N,5,1
43810,32,32000,RENT,0.0,MEDICAL,B,15000,11.14,0.47,N,10,1
43811,22,50000,RENT,6.0,VENTURE,A,10000,6.03,0.2,N,3,0
43812,23,72000,MORTGAGE,5.0,EDUCATION,B,16000,10.59,0.22,N,3,0
43813,24,62000,RENT,1.0,EDUCATION,B,10000,9.91,0.16,N,3,0
43814,23,100000,MORTGAGE,7.0,EDUCATION,A,25000,6.03,0.25,N,3,0
43815,47,30000,RENT,6.0,DEBTCONSOLIDATION,C,7000,12.73,0.23,N,17,1
43816,31,30000,RENT,6.0,DEBTCONSOLIDATION,A,3000,6.03,0.1,N,5,0
43817,30,75000,MORTGAGE,6.0,MEDICAL,C,5000,13.98,0.07,N,6,0
43818,31,135000,MORTGAGE,8.0,HOMEIMPROVEMENT,B,10000,10.37,0.07,N,6,0
43819,34,114054,RENT,2.0,DEBTCONSOLIDATION,B,35000,11.49,0.33,N,5,1
43820,25,70000,MORTGAGE,9.0,VENTURE,A,5000,6.99,0.07,N,4,0
43821,30,30000,RENT,14.0,EDUCATION,C,4000,12.99,0.13,Y,5,0
43822,37,80000,MORTGAGE,11.0,HOMEIMPROVEMENT,B,6000,8.88,0.07,N,11,0
43823,27,120000,MORTGAGE,0.0,VENTURE,B,20000,10.59,0.17,N,10,0
43824,25,73200,MORTGAGE,7.0,EDUCATION,C,15000,13.22,0.2,N,3,0
43825,27,30000,RENT,0.0,DEBTCONSOLIDATION,D,10000,14.54,0.33,N,6,1
43826,24,56000,MORTGAGE,1.0,EDUCATION,A,13000,9.63,0.23,N,4,0
43827,24,72100,MORTGAGE,2.0,EDUCATION,A,12000,5.79,0.17,N,3,0
43828,29,50000,RENT,1.0,HOMEIMPROVEMENT,C,12000,13.49,0.24,Y,6,0
43829,21,27040,RENT,0.0,VENTURE,B,3500,9.62,0.13,N,2,0
43830,26,130000,MORTGAGE,1.0,EDUCATION,B,10000,12.69,0.08,N,3,0
43831,25,48000,RENT,0.0,DEBTCONSOLIDATION,E,16500,15.95,0.34,Y,2,1
43832,34,54000,MORTGAGE,0.0,HOMEIMPROVEMENT,A,4000,6.76,0.07,N,5,1
43833,24,50000,MORTGAGE,8.0,DEBTCONSOLIDATION,A,8500,7.49,0.17,N,3,0
43834,23,90000,MORTGAGE,5.0,EDUCATION,B,14000,9.62,0.16,N,3,0
43835,29,55000,MORTGAGE,5.0,DEBTCONSOLIDATION,B,11200,10.99,0.2,N,5,0
43836,30,80000,MORTGAGE,11.0,PERSONAL,B,10000,10.65,0.13,N,7,0
43837,24,85000,RENT,2.0,MEDICAL,A,14000,8.94,0.16,N,2,0
43838,23,40000,RENT,3.0,VENTURE,C,5000,13.22,0.13,Y,4,0
43839,23,36000,RENT,5.0,DEBTCONSOLIDATION,B,12000,11.71,0.33,N,2,1
43840,24,124080,MORTGAGE,1.0,EDUCATION,E,11000,15.68,0.09,Y,3,0
43841,34,90000,MORTGAGE,8.0,HOMEIMPROVEMENT,A,5000,5.42,0.06,N,6,0
43842,23,84000,RENT,1.0,MEDICAL,A,6800,6.76,0.08,N,4,0
43843,22,79618,MORTGAGE,6.0,VENTURE,A,4000,7.74,0.06,N,2,0
43844,32,42000,RENT,3.0,DEBTCONSOLIDATION,E,3600,18.64,0.08,N,5,1
43845,27,66300,MORTGAGE,11.0,MEDICAL,D,17000,14.83,0.22,Y,9,1
43846,39,44000,OWN,0.0,MEDICAL,B,15000,11.14,0.34,N,13,0
43847,23,60000,MORTGAGE,7.0,DEBTCONSOLIDATION,A,4800,7.51,0.08,N,3,0
43848,25,60000,RENT,0.0,EDUCATION,A,3000,5.79,0.05,N,3,0
43849,27,35000,RENT,11.0,MEDICAL,C,10000,13.48,0.29,N,6,0
43850,25,110000,RENT,1.0,EDUCATION,E,12000,17.04,0.11,Y,4,0
43851,21,36000,RENT,5.0,EDUCATION,A,15000,6.62,0.42,N,2,1
43852,29,48000,RENT,1.0,HOMEIMPROVEMENT,B,3500,10.59,0.07,N,10,0
43853,23,69000,MORTGAGE,7.0,EDUCATION,D,7500,16.89,0.11,N,4,0
43854,21,155800,MORTGAGE,5.0,MEDICAL,C,7500,11.54,0.04,Y,3,0
43855,32,45000,MORTGAGE,16.0,MEDICAL,A,4000,6.39,0.09,N,9,0
43856,22,83004,MORTGAGE,6.0,DEBTCONSOLIDATION,A,3000,6.76,0.04,N,3,0
43857,28,42000,MORTGAGE,12.0,PERSONAL,D,3000,16.29,0.07,Y,8,1
43858,23,50000,RENT,1.0,DEBTCONSOLIDATION,B,6000,10.99,0.12,N,3,0
43859,28,175000,MORTGAGE,2.0,HOMEIMPROVEMENT,D,15000,15.05,0.09,Y,9,0
43860,34,40000,RENT,5.0,MEDICAL,B,8000,10.39,0.2,N,7,0
43861,34,90000,RENT,15.0,PERSONAL,B,10000,11.12,0.11,N,6,0
43862,40,179000,MORTGAGE,7.0,VENTURE,B,25000,10.99,0.14,N,17,0
43863,23,35000,RENT,5.0,EDUCATION,C,10000,14.27,0.29,Y,2,0
43864,28,50000,RENT,7.0,EDUCATION,E,24250,16.82,0.5,N,7,1
43865,28,85000,MORTGAGE,13.0,VENTURE,A,10000,7.14,0.12,N,8,0
43866,33,115000,MORTGAGE,13.0,VENTURE,A,8000,7.9,0.07,N,7,0
43867,24,60500,OWN,8.0,EDUCATION,C,3000,14.65,0.05,N,4,0
43868,27,65000,RENT,2.0,VENTURE,C,15000,15.96,0.23,Y,10,0
43869,21,68000,MORTGAGE,5.0,VENTURE,A,10000,5.99,0.15,N,3,0
43870,46,73500,RENT,4.0,HOMEIMPROVEMENT,B,15000,11.36,0.2,N,16,0
43871,24,95000,MORTGAGE,0.0,PERSONAL,C,4000,14.35,0.04,N,3,0
43872,25,48000,MORTGAGE,9.0,HOMEIMPROVEMENT,A,10000,7.51,0.21,N,3,0
43873,31,65000,RENT,1.0,VENTURE,C,8400,13.49,0.14,Y,8,0
43874,25,75000,MORTGAGE,7.0,HOMEIMPROVEMENT,A,10000,7.66,0.13,N,2,0
43875,23,65000,RENT,5.0,EDUCATION,B,10000,11.36,0.15,N,2,0
43876,37,27000,RENT,0.0,VENTURE,D,8500,15.65,0.32,Y,17,1
43877,36,42000,RENT,2.0,MEDICAL,B,11000,9.63,0.27,N,13,0
43878,31,40000,RENT,3.0,MEDICAL,C,5000,13.85,0.13,N,9,0
43879,21,42000,RENT,2.0,EDUCATION,A,1000,7.51,0.02,N,4,1
43880,31,80000,MORTGAGE,15.0,EDUCATION,B,6000,11.49,0.07,N,10,0
43881,29,62000,MORTGAGE,13.0,DEBTCONSOLIDATION,C,13000,12.98,0.21,Y,10,0
43882,23,108000,RENT,7.0,EDUCATION,A,12000,8.49,0.11,N,3,0
43883,37,175000,MORTGAGE,21.0,DEBTCONSOLIDATION,A,3500,7.29,0.02,N,11,0
43884,31,60000,MORTGAGE,4.0,MEDICAL,A,30000,8.9,0.5,N,10,0
43885,69,60000,OWN,0.0,EDUCATION,A,2800,7.88,0.04,N,24,0
43886,22,60000,MORTGAGE,0.0,VENTURE,B,15000,11.83,0.25,N,2,0
43887,23,60000,RENT,3.0,EDUCATION,C,6000,13.48,0.1,N,4,0
43888,30,120000,MORTGAGE,11.0,DEBTCONSOLIDATION,B,10000,10.99,0.08,N,6,0
43889,25,44000,RENT,8.0,DEBTCONSOLIDATION,C,4500,13.99,0.1,N,2,0
43890,36,80000,MORTGAGE,2.0,EDUCATION,A,9000,6.03,0.11,N,12,0
43891,22,62000,MORTGAGE,6.0,MEDICAL,A,5000,5.99,0.08,N,2,0
43892,35,100000,RENT,1.0,DEBTCONSOLIDATION,A,10000,5.42,0.1,N,7,0
43893,24,35000,OWN,0.0,EDUCATION,A,4800,7.66,0.14,N,4,0
43894,27,40000,RENT,4.0,DEBTCONSOLIDATION,B,5000,10.25,0.13,N,7,0
43895,29,50000,RENT,4.0,PERSONAL,B,10000,10.95,0.2,N,5,0
43896,40,61500,RENT,3.0,MEDICAL,B,8000,10.37,0.13,N,17,0
43897,32,24000,RENT,2.0,MEDICAL,A,5000,7.49,0.21,N,10,0
43898,24,33000,RENT,0.0,DEBTCONSOLIDATION,B,6000,10.59,0.18,N,2,0
43899,29,75996,MORTGAGE,1.0,MEDICAL,A,10000,9.32,0.13,N,10,0
43900,42,205000,MORTGAGE,26.0,DEBTCONSOLIDATION,A,12800,5.79,0.06,N,13,0
43901,28,95000,MORTGAGE,12.0,HOMEIMPROVEMENT,B,6250,10.99,0.06,N,5,0
43902,23,54000,MORTGAGE,5.0,DEBTCONSOLIDATION,A,20000,7.9,0.37,N,4,0
43903,24,120000,MORTGAGE,8.0,PERSONAL,A,14500,7.49,0.12,N,3,0
43904,27,50000,MORTGAGE,11.0,MEDICAL,A,3000,5.42,0.06,N,10,0
43905,22,30000,RENT,3.0,EDUCATION,D,5000,14.96,0.17,N,3,0
43906,32,36000,MORTGAGE,3.0,VENTURE,A,5300,7.88,0.15,N,10,0
43907,29,100000,MORTGAGE,4.0,EDUCATION,B,6000,11.49,0.06,N,7,0
43908,22,73000,MORTGAGE,5.0,VENTURE,B,15000,11.83,0.21,N,4,0
43909,41,100000,MORTGAGE,2.0,VENTURE,B,6000,10.65,0.06,N,14,0
43910,29,29004,RENT,6.0,EDUCATION,B,5000,9.88,0.17,N,10,0
43911,26,24000,RENT,0.0,DEBTCONSOLIDATION,C,5500,12.87,0.23,N,3,0
43912,31,33000,RENT,0.0,MEDICAL,B,4000,10.95,0.12,N,8,0
43913,31,80000,MORTGAGE,15.0,PERSONAL,B,21000,9.99,0.26,N,6,0
43914,24,36000,RENT,1.0,DEBTCONSOLIDATION,D,10000,14.91,0.28,Y,2,1
43915,28,42000,MORTGAGE,5.0,HOMEIMPROVEMENT,B,4800,9.91,0.11,N,10,0
43916,23,75000,MORTGAGE,7.0,EDUCATION,B,9600,12.69,0.13,N,3,0
43917,38,100000,MORTGAGE,6.0,HOMEIMPROVEMENT,C,4000,12.99,0.04,Y,16,0
43918,23,29400,RENT,4.0,VENTURE,A,6150,7.68,0.21,N,3,0
43919,36,24216,RENT,1.0,EDUCATION,D,1800,16.49,0.07,N,17,1
43920,28,65000,MORTGAGE,11.0,HOMEIMPROVEMENT,A,3000,7.49,0.05,N,8,0
43921,28,70000,RENT,4.0,DEBTCONSOLIDATION,B,1500,10.74,0.02,N,9,0
43922,33,75000,RENT,9.0,MEDICAL,C,17000,12.53,0.24,N,10,0
43923,30,36000,RENT,3.0,PERSONAL,A,5500,7.51,0.15,N,10,0
43924,22,64800,OWN,6.0,MEDICAL,C,9600,11.59,0.14,N,3,0
43925,28,62000,MORTGAGE,7.0,EDUCATION,B,9000,10.99,0.15,N,7,0
43926,23,60000,RENT,3.0,EDUCATION,C,20000,13.22,0.33,N,3,1
43927,22,45000,RENT,0.0,VENTURE,C,10000,15.27,0.22,N,3,0
43928,25,63508,RENT,8.0,HOMEIMPROVEMENT,B,2500,8.88,0.04,N,4,0
43929,28,28800,MORTGAGE,5.0,EDUCATION,B,5500,11.99,0.19,N,10,0
43930,47,32000,RENT,3.0,MEDICAL,B,4800,10.37,0.15,N,11,0
43931,24,72000,RENT,8.0,DEBTCONSOLIDATION,C,12000,13.49,0.17,Y,2,0
43932,22,24000,RENT,1.0,VENTURE,B,2000,10.99,0.08,N,3,0
43933,22,60000,MORTGAGE,5.0,EDUCATION,C,6000,12.99,0.1,Y,2,0
43934,34,111996,MORTGAGE,11.0,DEBTCONSOLIDATION,A,12000,7.49,0.11,N,10,0
43935,29,45000,MORTGAGE,13.0,PERSONAL,A,12000,6.62,0.27,N,9,0
43936,22,50000,MORTGAGE,4.0,EDUCATION,A,15000,7.49,0.3,N,4,0
43937,32,49200,MORTGAGE,2.0,PERSONAL,A,4000,7.51,0.08,N,6,0
43938,24,80000,MORTGAGE,8.0,VENTURE,A,12000,7.29,0.15,N,3,0
43939,22,60000,MORTGAGE,7.0,VENTURE,B,10000,10.0,0.17,N,3,0
43940,23,60000,MORTGAGE,4.0,VENTURE,D,10000,14.42,0.17,N,4,0
43941,34,80000,MORTGAGE,5.0,VENTURE,A,6000,6.03,0.07,N,8,0
43942,38,52000,MORTGAGE,12.0,DEBTCONSOLIDATION,A,5000,7.88,0.1,N,15,0
43943,24,163000,MORTGAGE,8.0,VENTURE,B,25000,10.37,0.15,N,4,0
43944,44,29000,RENT,2.0,EDUCATION,B,11200,11.48,0.37,N,15,1
43945,41,29780,RENT,2.0,PERSONAL,B,1500,10.37,0.05,N,14,1
43946,30,57600,MORTGAGE,3.0,HOMEIMPROVEMENT,A,6000,8.59,0.1,N,10,0
43947,27,96000,MORTGAGE,5.0,HOMEIMPROVEMENT,A,10000,7.88,0.1,N,10,0
43948,21,60000,MORTGAGE,5.0,EDUCATION,B,6000,11.49,0.1,N,3,0
43949,31,54000,RENT,3.0,VENTURE,D,27575,16.07,0.49,Y,6,1
43950,23,62000,RENT,1.0,DEBTCONSOLIDATION,B,10000,10.74,0.16,N,4,0
43951,53,45000,RENT,0.0,DEBTCONSOLIDATION,A,7000,5.42,0.16,N,29,0
43952,23,75000,RENT,5.0,VENTURE,B,10800,10.37,0.14,N,3,0
43953,33,40000,RENT,16.0,DEBTCONSOLIDATION,B,8000,9.91,0.2,N,5,0
43954,22,29000,RENT,0.0,EDUCATION,D,9600,12.92,0.33,N,2,1
43955,25,74800,MORTGAGE,3.0,MEDICAL,D,21000,16.77,0.26,Y,3,1
43956,22,48000,RENT,4.0,EDUCATION,C,10000,13.49,0.21,N,4,0
43957,22,80000,RENT,3.0,MEDICAL,C,16000,13.85,0.2,Y,2,0
43958,23,44160,OTHER,7.0,EDUCATION,A,10000,8.0,0.23,N,3,0
43959,27,70000,RENT,3.0,HOMEIMPROVEMENT,C,5000,13.49,0.07,Y,8,0
43960,22,36000,MORTGAGE,6.0,VENTURE,B,10000,9.91,0.28,N,4,0
43961,24,45000,RENT,1.0,EDUCATION,B,6000,10.65,0.13,N,3,0
43962,22,30000,RENT,3.0,EDUCATION,B,6000,11.83,0.2,N,2,0
43963,39,48500,RENT,1.0,VENTURE,D,6000,12.86,0.12,N,16,1
43964,26,85596,MORTGAGE,10.0,PERSONAL,B,6000,10.99,0.07,N,3,0
43965,28,55000,MORTGAGE,4.0,EDUCATION,A,8000,7.49,0.15,N,5,0
43966,41,54000,RENT,2.0,HOMEIMPROVEMENT,D,15000,14.54,0.28,N,16,1
43967,33,130000,MORTGAGE,11.0,MEDICAL,B,15000,11.99,0.12,N,5,0
43968,48,65004,RENT,1.0,DEBTCONSOLIDATION,B,2000,9.99,0.03,N,13,0
43969,25,34000,RENT,7.0,HOMEIMPROVEMENT,B,5000,11.49,0.15,N,2,1
43970,31,75000,MORTGAGE,3.0,HOMEIMPROVEMENT,B,15000,11.11,0.2,N,7,0
43971,23,60000,MORTGAGE,7.0,DEBTCONSOLIDATION,A,7000,6.99,0.12,N,2,0
43972,37,26208,RENT,2.0,DEBTCONSOLIDATION,B,3000,11.89,0.12,N,15,0
43973,42,135000,MORTGAGE,7.0,HOMEIMPROVEMENT,C,7500,12.98,0.05,Y,14,0
43974,22,28000,MORTGAGE,2.0,EDUCATION,C,4000,13.61,0.15,Y,2,0
43975,22,30000,RENT,4.0,PERSONAL,C,3200,14.35,0.11,N,4,0
43976,40,58000,MORTGAGE,16.0,PERSONAL,B,15000,10.25,0.26,N,14,0
43977,25,33000,RENT,0.0,EDUCATION,A,1000,5.79,0.03,N,2,0
43978,24,125000,MORTGAGE,8.0,EDUCATION,A,10400,7.49,0.08,N,3,0
43979,38,65000,MORTGAGE,0.0,VENTURE,A,5000,7.43,0.08,N,13,0
43980,29,42000,RENT,3.0,EDUCATION,B,7000,9.99,0.17,N,5,0
43981,23,40000,MORTGAGE,3.0,EDUCATION,C,7000,13.61,0.17,N,4,0
43982,22,40000,MORTGAGE,6.0,DEBTCONSOLIDATION,A,8000,6.62,0.2,N,3,0
43983,27,120000,MORTGAGE,11.0,VENTURE,A,10000,7.51,0.08,N,7,0
43984,26,61000,MORTGAGE,3.0,DEBTCONSOLIDATION,B,20500,10.99,0.32,N,3,1
43985,35,106226,MORTGAGE,9.0,EDUCATION,A,20000,6.54,0.19,N,6,0
43986,24,24000,RENT,1.0,EDUCATION,C,2000,14.35,0.08,Y,4,0
43987,38,100000,MORTGAGE,2.0,HOMEIMPROVEMENT,B,5000,11.71,0.05,N,16,0
43988,22,30000,RENT,4.0,EDUCATION,B,8000,12.21,0.27,N,4,0
43989,30,40000,MORTGAGE,4.0,VENTURE,A,3600,5.99,0.09,N,7,0
43990,22,78000,RENT,3.0,EDUCATION,C,25000,13.85,0.32,N,4,1
43991,24,30000,OWN,3.0,VENTURE,D,3000,17.58,0.1,N,3,0
43992,25,36276,RENT,2.0,EDUCATION,B,6000,9.99,0.16,N,4,0
43993,22,30000,RENT,6.0,VENTURE,D,5000,16.49,0.17,N,3,0
43994,23,60000,RENT,1.0,MEDICAL,C,7000,13.49,0.12,Y,3,0
43995,26,45000,RENT,0.0,EDUCATION,B,7000,10.51,0.15,N,3,0
43996,27,40000,RENT,0.0,MEDICAL,B,3000,11.83,0.07,N,8,0
43997,23,36000,MORTGAGE,7.0,EDUCATION,A,6000,7.51,0.17,N,4,0
43998,24,72100,MORTGAGE,2.0,EDUCATION,B,13000,10.75,0.18,N,3,0
43999,30,70000,RENT,2.0,VENTURE,A,18000,8.49,0.26,N,8,0
44000,31,44000,MORTGAGE,3.0,VENTURE,C,12000,15.27,0.27,Y,10,0
44001,28,100000,RENT,2.0,EDUCATION,A,5000,7.49,0.05,N,10,0
44002,22,25899,MORTGAGE,6.0,DEBTCONSOLIDATION,A,6250,8.94,0.24,N,2,0
44003,35,80000,RENT,1.0,EDUCATION,A,4000,8.49,0.05,N,9,0
44004,25,62000,MORTGAGE,8.0,DEBTCONSOLIDATION,C,21600,14.17,0.36,N,2,0
44005,27,34000,MORTGAGE,6.0,PERSONAL,B,10000,10.75,0.29,N,8,0
44006,24,70000,MORTGAGE,5.0,MEDICAL,A,10000,6.03,0.14,N,4,0
44007,35,46000,RENT,3.0,PERSONAL,A,9000,6.91,0.2,N,5,0
44008,28,45000,RENT,0.0,PERSONAL,C,10000,13.98,0.22,N,9,0
44009,27,60000,RENT,3.0,VENTURE,A,15000,7.9,0.25,N,7,0
44010,22,45000,RENT,5.0,EDUCATION,C,2500,13.99,0.06,Y,2,0
44011,25,77000,MORTGAGE,9.0,DEBTCONSOLIDATION,A,3000,7.49,0.04,N,2,0
44012,23,44000,RENT,0.0,PERSONAL,A,8000,7.37,0.18,N,3,0
44013,22,33600,MORTGAGE,1.0,MEDICAL,C,5400,14.27,0.15,N,2,0
44014,33,49000,MORTGAGE,6.0,PERSONAL,A,6000,7.88,0.12,N,9,0
44015,29,42000,OWN,11.0,VENTURE,A,17475,8.9,0.43,N,6,0
44016,33,75000,MORTGAGE,1.0,EDUCATION,A,12500,6.03,0.16,N,10,0
44017,25,60000,RENT,9.0,PERSONAL,B,11000,11.71,0.18,N,3,0
44018,26,49000,MORTGAGE,0.0,EDUCATION,B,8000,9.96,0.16,N,2,1
44019,28,45000,RENT,1.0,VENTURE,C,7200,12.84,0.16,N,6,0
44020,32,140000,RENT,4.0,HOMEIMPROVEMENT,A,24000,7.9,0.17,N,5,0
44021,25,50000,RENT,9.0,PERSONAL,B,10000,12.69,0.2,N,2,0
44022,22,48996,RENT,6.0,EDUCATION,A,12000,7.29,0.24,N,4,0
44023,23,78000,RENT,7.0,VENTURE,B,3000,12.42,0.04,N,2,0
44024,27,47000,RENT,1.0,MEDICAL,A,4200,6.62,0.09,N,10,0
44025,40,50000,MORTGAGE,4.0,HOMEIMPROVEMENT,A,5000,7.14,0.1,N,17,0
44026,23,70399,MORTGAGE,0.0,MEDICAL,A,10000,8.59,0.14,N,3,0
44027,23,80000,MORTGAGE,4.0,VENTURE,A,4000,5.42,0.05,N,3,0
44028,23,30000,RENT,3.0,VENTURE,C,1500,15.23,0.05,Y,4,0
44029,24,30000,RENT,1.0,MEDICAL,C,4200,14.79,0.14,Y,3,0
44030,22,50000,MORTGAGE,4.0,EDUCATION,A,6000,7.49,0.12,N,4,0
44031,29,53000,MORTGAGE,5.0,PERSONAL,B,5000,10.62,0.09,N,6,0
44032,61,54996,RENT,4.0,EDUCATION,B,5000,10.38,0.09,N,20,0
44033,23,80000,RENT,4.0,DEBTCONSOLIDATION,B,10000,11.99,0.13,N,3,0
44034,22,25200,RENT,5.0,EDUCATION,C,4500,13.22,0.18,N,2,1
44035,45,38000,RENT,5.0,MEDICAL,A,6000,9.63,0.16,N,14,0
44036,22,30000,RENT,6.0,EDUCATION,A,8000,7.74,0.27,N,2,0
44037,26,90000,MORTGAGE,3.0,EDUCATION,E,15000,16.35,0.17,N,3,0
44038,26,110000,MORTGAGE,7.0,VENTURE,B,12000,9.99,0.11,N,2,0
44039,33,30288,RENT,17.0,PERSONAL,D,5000,14.74,0.17,N,8,1
44040,41,36000,RENT,5.0,MEDICAL,B,10000,11.12,0.28,N,11,0
44041,25,55000,MORTGAGE,2.0,MEDICAL,A,12000,5.79,0.22,N,4,0
44042,24,43300,MORTGAGE,4.0,MEDICAL,B,8000,10.62,0.18,N,2,0
44043,28,140000,MORTGAGE,7.0,DEBTCONSOLIDATION,A,10000,7.14,0.07,N,9,0
44044,23,24000,RENT,7.0,PERSONAL,B,4275,11.86,0.17,N,4,0
44045,44,85000,RENT,6.0,EDUCATION,D,10000,15.21,0.12,N,13,0
44046,35,38000,OWN,2.0,VENTURE,B,15000,11.58,0.39,N,10,0
44047,22,60000,MORTGAGE,6.0,PERSONAL,B,6000,10.59,0.1,N,3,0
44048,26,56000,MORTGAGE,3.0,VENTURE,B,8000,10.65,0.14,N,3,0
44049,29,70000,MORTGAGE,1.0,DEBTCONSOLIDATION,A,6000,5.42,0.09,N,5,0
44050,25,36000,RENT,0.0,MEDICAL,B,5600,11.71,0.16,N,3,0
44051,23,78000,RENT,7.0,EDUCATION,C,20000,13.85,0.26,N,3,0
44052,22,30000,RENT,0.0,HOMEIMPROVEMENT,E,1200,16.45,0.04,Y,2,1
44053,23,56000,MORTGAGE,3.0,EDUCATION,C,12000,13.11,0.21,Y,4,0
44054,30,180000,MORTGAGE,14.0,HOMEIMPROVEMENT,A,20000,6.17,0.11,N,10,0
44055,22,42000,RENT,2.0,EDUCATION,C,19750,13.92,0.43,Y,2,1
44056,21,52500,MORTGAGE,5.0,DEBTCONSOLIDATION,C,15000,13.85,0.29,N,4,0
44057,23,98400,MORTGAGE,0.0,EDUCATION,C,7000,12.68,0.07,N,2,0
44058,41,52000,MORTGAGE,3.0,HOMEIMPROVEMENT,A,6000,8.49,0.12,N,14,0
44059,27,60000,MORTGAGE,3.0,DEBTCONSOLIDATION,A,10000,7.51,0.17,N,5,0
44060,28,65000,MORTGAGE,3.0,EDUCATION,A,7500,7.29,0.12,N,7,0
44061,41,51000,MORTGAGE,6.0,EDUCATION,D,5000,15.21,0.1,Y,16,1
44062,27,54000,RENT,0.0,MEDICAL,C,8000,12.23,0.15,N,7,0
44063,23,45000,OWN,7.0,VENTURE,A,8000,8.49,0.18,N,2,0
44064,29,120000,MORTGAGE,13.0,VENTURE,E,10000,16.32,0.08,Y,9,0
44065,28,160000,MORTGAGE,3.0,VENTURE,D,25000,15.62,0.16,N,7,0
44066,22,45000,MORTGAGE,7.0,VENTURE,A,15000,6.54,0.33,N,2,0
44067,23,40000,MORTGAGE,7.0,MEDICAL,B,6000,11.99,0.15,N,2,0
44068,28,56000,RENT,3.0,MEDICAL,C,12000,13.16,0.21,Y,8,0
44069,28,80000,MORTGAGE,12.0,VENTURE,B,12000,11.71,0.15,N,7,0
44070,40,44000,RENT,0.0,PERSONAL,D,1000,14.91,0.02,N,15,1
44071,24,46000,RENT,6.0,MEDICAL,C,8825,14.27,0.19,N,4,0
44072,23,55000,OWN,5.0,VENTURE,B,16000,12.42,0.31,N,4,0
44073,24,40000,MORTGAGE,8.0,EDUCATION,A,10000,7.88,0.25,N,2,0
44074,23,150000,MORTGAGE,3.0,DEBTCONSOLIDATION,C,18000,12.73,0.12,N,4,0
44075,26,44000,RENT,4.0,MEDICAL,D,8000,17.49,0.18,N,2,1
44076,37,38400,RENT,3.0,MEDICAL,B,9000,10.25,0.24,N,13,0
44077,25,30000,MORTGAGE,0.0,HOMEIMPROVEMENT,C,4300,14.26,0.14,Y,4,0
44078,27,52000,MORTGAGE,8.0,MEDICAL,A,10000,7.29,0.19,N,5,0
44079,36,150000,MORTGAGE,2.0,VENTURE,C,12000,13.16,0.08,Y,16,0
44080,27,40000,RENT,0.0,PERSONAL,C,8000,12.23,0.2,Y,9,0
44081,36,200000,MORTGAGE,6.0,MEDICAL,B,12000,11.83,0.06,N,15,0
44082,35,85000,MORTGAGE,4.0,VENTURE,A,10000,6.03,0.12,N,9,0
44083,24,60000,RENT,0.0,DEBTCONSOLIDATION,A,12000,7.29,0.2,N,3,0
44084,24,65000,RENT,3.0,PERSONAL,A,4000,5.42,0.06,N,3,0
44085,22,54000,RENT,3.0,MEDICAL,A,5000,6.62,0.09,N,2,1
44086,34,140004,MORTGAGE,6.0,HOMEIMPROVEMENT,A,9800,8.59,0.07,N,9,0
44087,24,60000,RENT,4.0,HOMEIMPROVEMENT,B,9200,10.74,0.15,N,2,0
44088,22,75000,RENT,6.0,EDUCATION,A,12500,7.9,0.17,N,3,0
44089,29,68004,RENT,1.0,PERSONAL,B,9600,10.37,0.14,N,9,0
44090,23,58947,MORTGAGE,7.0,MEDICAL,B,25000,10.99,0.43,N,3,1
44091,24,50000,RENT,0.0,VENTURE,B,3600,12.69,0.07,N,2,0
44092,22,24000,RENT,6.0,DEBTCONSOLIDATION,C,2500,14.27,0.1,N,4,0
44093,30,30252,MORTGAGE,5.0,VENTURE,C,10000,12.87,0.33,N,6,0
44094,22,120000,OWN,6.0,VENTURE,C,5000,14.22,0.04,Y,3,0
44095,36,37200,RENT,2.0,VENTURE,D,4000,16.7,0.11,Y,15,1
44096,24,39996,RENT,2.0,EDUCATION,D,5000,14.11,0.13,Y,4,1
44097,23,40000,OWN,0.0,EDUCATION,C,1200,13.49,0.03,N,3,0
44098,22,70000,RENT,1.0,EDUCATION,B,6000,11.12,0.09,N,3,0
44099,24,41004,RENT,5.0,MEDICAL,C,12000,14.26,0.29,N,2,0
44100,22,50000,MORTGAGE,6.0,MEDICAL,A,3000,6.92,0.06,N,2,0
44101,22,24000,OWN,6.0,PERSONAL,A,7500,5.99,0.33,N,2,0
44102,27,68000,MORTGAGE,1.0,HOMEIMPROVEMENT,C,3250,13.23,0.05,N,8,0
44103,22,30000,RENT,4.0,HOMEIMPROVEMENT,C,11500,13.49,0.38,Y,3,1
44104,36,54000,MORTGAGE,7.0,MEDICAL,C,5000,13.35,0.09,Y,17,0
44105,31,192000,RENT,1.0,PERSONAL,F,6000,19.13,0.03,Y,8,0
44106,22,45000,RENT,6.0,MEDICAL,A,5000,7.14,0.11,N,3,0
44107,23,77500,MORTGAGE,7.0,MEDICAL,A,5000,7.49,0.07,N,2,0
44108,22,58650,RENT,6.0,MEDICAL,D,7500,14.96,0.11,N,3,1
44109,23,84996,MORTGAGE,7.0,VENTURE,A,3500,8.59,0.04,N,4,0
44110,24,60000,RENT,1.0,DEBTCONSOLIDATION,C,3000,12.87,0.05,N,4,0
44111,29,55000,MORTGAGE,13.0,VENTURE,A,6000,7.88,0.11,N,8,0
44112,22,46000,RENT,6.0,MEDICAL,A,10000,7.49,0.22,N,4,0
44113,33,70000,RENT,3.0,HOMEIMPROVEMENT,C,4000,13.85,0.06,N,6,0
44114,23,51996,MORTGAGE,1.0,PERSONAL,A,26000,7.88,0.5,N,3,0
44115,23,29004,RENT,0.0,MEDICAL,C,7400,13.72,0.26,N,4,0
44116,25,30000,RENT,0.0,HOMEIMPROVEMENT,E,15000,17.04,0.49,N,3,1
44117,31,60000,RENT,4.0,EDUCATION,A,3600,7.66,0.06,N,6,0
44118,24,80000,MORTGAGE,8.0,HOMEIMPROVEMENT,B,25000,11.71,0.31,N,2,0
44119,33,68000,MORTGAGE,17.0,VENTURE,A,10000,6.99,0.15,N,6,0
44120,30,45000,RENT,1.0,PERSONAL,A,6400,9.32,0.14,N,9,0
44121,29,55000,RENT,1.0,VENTURE,B,1000,11.58,0.02,N,9,0
44122,22,48000,RENT,3.0,EDUCATION,C,5000,14.79,0.1,Y,4,0
44123,23,25000,RENT,1.0,DEBTCONSOLIDATION,B,5000,11.71,0.2,N,4,0
44124,44,40000,RENT,0.0,VENTURE,A,3000,9.32,0.07,N,16,0
44125,28,57000,MORTGAGE,12.0,DEBTCONSOLIDATION,B,10000,11.36,0.18,N,9,0
44126,26,60000,RENT,3.0,HOMEIMPROVEMENT,B,12000,10.65,0.2,N,2,0
44127,22,60000,RENT,6.0,PERSONAL,B,12000,11.48,0.2,N,2,0
44128,26,31000,MORTGAGE,8.0,DEBTCONSOLIDATION,B,6000,11.71,0.19,N,4,0
44129,29,35000,MORTGAGE,5.0,PERSONAL,A,8250,7.51,0.24,N,6,0
44130,22,70000,RENT,2.0,DEBTCONSOLIDATION,C,18000,12.68,0.26,N,4,1
44131,25,66000,MORTGAGE,9.0,VENTURE,C,11200,12.09,0.17,Y,2,1
44132,27,50000,RENT,4.0,DEBTCONSOLIDATION,B,18500,9.99,0.37,N,7,1
44133,22,30000,MORTGAGE,6.0,VENTURE,B,5000,10.37,0.17,N,2,0
44134,22,68000,RENT,4.0,EDUCATION,B,7000,12.69,0.1,N,4,0
44135,24,24000,MORTGAGE,3.0,HOMEIMPROVEMENT,A,7750,7.49,0.36,N,2,0
44136,36,50000,RENT,2.0,MEDICAL,B,6000,9.91,0.12,N,16,0
44137,28,59520,MORTGAGE,0.0,EDUCATION,A,5000,8.59,0.08,N,5,0
44138,31,50000,MORTGAGE,0.0,VENTURE,A,8000,5.42,0.16,N,9,0
44139,29,92004,MORTGAGE,8.0,VENTURE,B,24250,11.12,0.26,N,6,0
44140,42,55000,MORTGAGE,7.0,HOMEIMPROVEMENT,B,7000,9.99,0.13,N,13,0
44141,31,100000,RENT,1.0,VENTURE,B,9000,10.99,0.09,N,9,0
44142,28,90000,RENT,0.0,PERSONAL,C,12000,12.53,0.13,N,10,0
44143,21,29000,RENT,2.0,VENTURE,A,6000,7.51,0.2,N,3,0
44144,27,95000,MORTGAGE,11.0,MEDICAL,A,5000,7.51,0.05,N,5,0
44145,23,100000,MORTGAGE,7.0,MEDICAL,D,5000,14.91,0.04,Y,2,1
44146,36,33288,RENT,5.0,VENTURE,B,11000,12.53,0.32,N,11,1
44147,27,77000,MORTGAGE,9.0,DEBTCONSOLIDATION,B,18000,11.48,0.24,N,10,0
44148,23,55000,RENT,7.0,EDUCATION,B,9000,11.11,0.16,N,3,0
44149,24,50000,RENT,5.0,MEDICAL,B,10800,9.62,0.22,N,2,0
44150,27,90000,RENT,1.0,HOMEIMPROVEMENT,D,25000,16.0,0.28,Y,10,1
44151,25,75000,RENT,9.0,MEDICAL,B,3000,10.37,0.04,N,4,0
44152,26,45000,MORTGAGE,10.0,EDUCATION,A,9000,7.74,0.2,N,2,0
44153,23,81960,RENT,7.0,VENTURE,B,9600,10.62,0.12,N,3,0
44154,24,48000,MORTGAGE,8.0,EDUCATION,B,5000,12.18,0.1,N,2,0
44155,30,120000,OWN,14.0,HOMEIMPROVEMENT,D,25000,14.96,0.21,Y,8,0
44156,23,40000,RENT,7.0,DEBTCONSOLIDATION,B,6300,12.42,0.16,N,2,0
44157,35,50000,MORTGAGE,4.0,VENTURE,C,16000,13.99,0.32,N,10,0
44158,33,45000,RENT,7.0,MEDICAL,C,6350,13.92,0.14,Y,8,0
44159,31,290000,MORTGAGE,5.0,PERSONAL,A,18000,5.79,0.06,N,8,0
44160,25,50000,RENT,9.0,PERSONAL,C,2000,14.72,0.04,Y,3,0
44161,37,55840,RENT,3.0,MEDICAL,B,6000,10.75,0.11,N,15,0
44162,23,52000,OWN,7.0,MEDICAL,A,7000,7.14,0.13,N,4,0
44163,26,51684,RENT,10.0,PERSONAL,E,16000,17.14,0.31,N,4,1
44164,57,69764,RENT,4.0,PERSONAL,D,25000,15.99,0.37,Y,27,1
44165,32,80000,MORTGAGE,4.0,VENTURE,C,10000,14.65,0.13,Y,8,0
44166,25,65000,MORTGAGE,4.0,MEDICAL,A,5000,7.66,0.08,N,4,0
44167,50,36960,RENT,8.0,DEBTCONSOLIDATION,C,8000,13.61,0.22,Y,11,0
44168,35,42000,OWN,0.0,MEDICAL,C,2000,14.35,0.05,N,7,0
44169,24,65000,RENT,0.0,MEDICAL,A,7200,7.29,0.11,N,3,0
44170,22,54996,RENT,6.0,MEDICAL,C,8000,14.35,0.15,N,2,0
44171,43,65000,MORTGAGE,3.0,VENTURE,A,10000,7.49,0.15,N,14,0
44172,22,60000,MORTGAGE,1.0,EDUCATION,B,4000,10.99,0.07,N,4,0
44173,24,96000,MORTGAGE,1.0,HOMEIMPROVEMENT,C,5000,12.84,0.05,N,4,0
44174,25,79992,MORTGAGE,9.0,DEBTCONSOLIDATION,A,6000,6.03,0.08,N,4,0
44175,41,35665,RENT,2.0,PERSONAL,A,10000,7.66,0.28,N,14,0
44176,33,44000,RENT,0.0,VENTURE,D,7000,14.96,0.16,Y,7,1
44177,25,23000,RENT,0.0,MEDICAL,B,7000,12.18,0.3,N,3,0
44178,23,85000,OWN,7.0,VENTURE,A,9000,7.49,0.11,N,4,0
44179,21,69500,RENT,3.0,PERSONAL,B,9600,11.26,0.14,N,2,0
44180,30,86000,MORTGAGE,11.0,PERSONAL,A,20000,7.51,0.23,N,7,0
44181,22,80000,MORTGAGE,6.0,PERSONAL,B,12000,10.25,0.15,N,3,0
44182,23,58788,MORTGAGE,0.0,DEBTCONSOLIDATION,B,6000,12.42,0.1,N,2,0
44183,26,42000,RENT,3.0,PERSONAL,B,7500,10.08,0.18,N,3,0
44184,26,117014,MORTGAGE,10.0,DEBTCONSOLIDATION,A,5400,8.59,0.04,N,3,0
44185,36,126000,MORTGAGE,3.0,VENTURE,B,6000,10.38,0.05,N,14,0
44186,31,741600,MORTGAGE,3.0,MEDICAL,A,12000,7.14,0.02,N,10,0
44187,32,370000,MORTGAGE,4.0,MEDICAL,A,15000,7.88,0.04,N,5,0
44188,27,28800,RENT,1.0,EDUCATION,B,8500,11.14,0.3,N,8,0
44189,22,50000,RENT,4.0,VENTURE,B,18000,11.71,0.36,N,3,1
44190,21,27996,RENT,5.0,MEDICAL,A,5500,6.92,0.2,N,4,0
44191,27,48000,RENT,7.0,PERSONAL,A,7000,8.94,0.15,N,10,0
44192,23,24000,RENT,0.0,VENTURE,E,7200,15.68,0.3,Y,3,1
44193,35,54396,RENT,4.0,MEDICAL,C,7500,11.34,0.13,Y,7,0
44194,22,24996,RENT,2.0,MEDICAL,B,5000,9.25,0.2,N,3,1
44195,22,62322,RENT,0.0,HOMEIMPROVEMENT,A,10000,9.63,0.16,N,2,0
44196,23,109500,MORTGAGE,2.0,PERSONAL,B,25000,10.75,0.25,N,3,0
44197,29,60000,MORTGAGE,13.0,MEDICAL,C,15000,12.73,0.25,N,10,0
44198,23,57000,RENT,0.0,EDUCATION,C,15000,13.85,0.26,Y,2,0
44199,25,60000,MORTGAGE,9.0,MEDICAL,A,6000,8.59,0.1,N,4,0
44200,22,38400,RENT,3.0,MEDICAL,B,10000,9.25,0.26,N,3,0
44201,26,50000,RENT,2.0,MEDICAL,A,7000,8.94,0.14,N,4,0
44202,34,70000,RENT,1.0,MEDICAL,B,5000,8.88,0.07,N,10,0
44203,23,27252,RENT,3.0,PERSONAL,A,5800,13.06,0.21,N,3,0
44204,41,91000,MORTGAGE,13.0,VENTURE,A,15000,5.99,0.16,N,17,0
44205,32,60000,RENT,4.0,MEDICAL,B,9000,12.42,0.15,N,8,0
44206,43,54000,RENT,21.0,HOMEIMPROVEMENT,B,4000,11.71,0.07,N,16,0
44207,30,48000,MORTGAGE,14.0,MEDICAL,B,6400,9.99,0.14,N,8,0
44208,26,60000,RENT,0.0,DEBTCONSOLIDATION,A,6000,7.51,0.1,N,2,0
44209,25,45000,RENT,0.0,PERSONAL,B,3600,10.37,0.08,N,3,0
44210,26,75000,MORTGAGE,4.0,VENTURE,A,10000,6.62,0.13,N,2,0
44211,23,55000,RENT,7.0,EDUCATION,B,7500,10.99,0.14,N,2,0
44212,26,56000,RENT,5.0,DEBTCONSOLIDATION,A,6000,8.9,0.11,N,3,0
44213,30,54000,MORTGAGE,1.0,PERSONAL,B,5000,11.58,0.09,N,5,0
44214,25,37000,RENT,4.0,VENTURE,A,5000,9.63,0.14,N,3,0
44215,24,46800,RENT,2.0,DEBTCONSOLIDATION,B,2000,11.49,0.04,N,2,0
44216,29,30000,RENT,4.0,MEDICAL,B,6000,12.42,0.2,N,9,0
44217,29,130000,MORTGAGE,12.0,MEDICAL,B,25000,10.0,0.19,N,6,0
44218,30,74000,MORTGAGE,2.0,HOMEIMPROVEMENT,C,25000,13.49,0.34,N,8,1
44219,23,70000,MORTGAGE,5.0,PERSONAL,B,10000,10.0,0.14,N,2,0
44220,28,80000,MORTGAGE,3.0,VENTURE,C,10000,15.96,0.13,N,6,0
44221,26,45000,RENT,0.0,MEDICAL,B,3600,9.91,0.08,N,2,0
44222,24,50000,RENT,1.0,VENTURE,A,5000,9.63,0.1,N,3,0
44223,25,87550,RENT,9.0,MEDICAL,A,3000,8.49,0.03,N,4,1
44224,23,66000,MORTGAGE,5.0,VENTURE,A,14000,7.51,0.21,N,2,0
44225,25,35000,RENT,0.0,DEBTCONSOLIDATION,B,2000,10.37,0.06,N,4,0
44226,26,85000,MORTGAGE,10.0,PERSONAL,B,6500,9.91,0.07,N,3,0
44227,22,52000,RENT,3.0,VENTURE,C,6400,12.61,0.13,Y,4,0
44228,26,65000,RENT,1.0,MEDICAL,B,6000,10.25,0.09,N,3,0
44229,28,165000,MORTGAGE,5.0,EDUCATION,A,8000,7.51,0.05,N,5,0
44230,26,39000,RENT,4.0,DEBTCONSOLIDATION,D,12000,16.89,0.32,Y,4,1
44231,35,70000,MORTGAGE,19.0,EDUCATION,A,3500,7.49,0.05,N,8,0
44232,25,87000,MORTGAGE,1.0,EDUCATION,C,7500,11.28,0.09,Y,2,0
44233,25,68000,RENT,2.0,MEDICAL,C,12000,12.99,0.18,N,3,0
44234,23,91234,MORTGAGE,6.0,MEDICAL,A,12000,11.83,0.13,N,2,0
44235,22,54000,RENT,0.0,EDUCATION,A,8000,7.51,0.15,N,4,0
44236,25,89016,MORTGAGE,8.0,EDUCATION,B,4500,10.99,0.05,N,2,0
44237,24,61781,RENT,6.0,MEDICAL,B,17800,10.25,0.29,N,9,0
44238,33,84000,MORTGAGE,11.0,DEBTCONSOLIDATION,A,20000,7.88,0.24,N,6,0
44239,29,180000,MORTGAGE,9.0,DEBTCONSOLIDATION,A,15000,7.88,0.08,N,9,0
44240,27,75000,MORTGAGE,11.0,VENTURE,A,3000,5.42,0.04,N,9,0
44241,23,83000,MORTGAGE,7.0,EDUCATION,B,13000,10.99,0.16,N,3,0
44242,26,95000,RENT,6.0,MEDICAL,B,8000,8.88,0.08,N,4,0
44243,26,100000,MORTGAGE,7.0,EDUCATION,B,15000,11.14,0.15,N,3,0
44244,21,50500,RENT,5.0,PERSONAL,B,12000,11.14,0.24,N,3,0
44245,22,61360,MORTGAGE,5.0,PERSONAL,C,4900,11.28,0.08,Y,2,1
44246,26,40944,RENT,6.0,HOMEIMPROVEMENT,B,8200,8.88,0.2,N,4,1
44247,36,65000,MORTGAGE,2.0,DEBTCONSOLIDATION,A,8000,5.79,0.12,N,14,0
44248,28,67150,RENT,5.0,MEDICAL,D,15000,17.49,0.19,N,6,1
44249,27,65000,MORTGAGE,5.0,PERSONAL,C,5000,12.99,0.08,Y,10,0
44250,30,30000,RENT,2.0,EDUCATION,C,7200,14.27,0.24,N,5,0
44251,28,40000,RENT,0.0,EDUCATION,B,4000,10.08,0.1,N,8,0
44252,32,35000,MORTGAGE,3.0,HOMEIMPROVEMENT,B,10000,12.21,0.29,N,10,0
44253,22,80000,MORTGAGE,6.0,VENTURE,A,10000,7.14,0.13,N,3,0
44254,23,48996,RENT,1.0,PERSONAL,D,7500,15.58,0.15,Y,2,1
44255,34,60000,RENT,5.0,EDUCATION,A,10000,7.88,0.17,N,7,0
44256,23,105000,MORTGAGE,7.0,MEDICAL,A,13000,6.62,0.12,N,2,0
44257,26,35000,RENT,2.0,MEDICAL,B,9600,11.99,0.29,N,2,0
44258,35,30000,OWN,4.0,VENTURE,C,10000,13.79,0.33,N,8,0
44259,24,80000,MORTGAGE,4.0,MEDICAL,A,12000,7.51,0.15,N,3,0
44260,25,120000,MORTGAGE,0.0,VENTURE,A,14000,8.94,0.12,N,3,0
44261,22,42000,RENT,0.0,MEDICAL,A,10000,7.51,0.24,N,4,0
44262,25,74004,OWN,1.0,VENTURE,A,3500,6.62,0.05,N,4,0
44263,42,38000,RENT,2.0,VENTURE,C,4500,12.99,0.12,N,16,0
44264,52,20000,RENT,4.0,DEBTCONSOLIDATION,B,4000,12.69,0.2,N,28,0
44265,26,95004,MORTGAGE,10.0,EDUCATION,B,31000,10.95,0.32,N,3,0
44266,21,85000,OWN,3.0,EDUCATION,A,12000,5.79,0.14,N,4,0
44267,36,140000,MORTGAGE,19.0,MEDICAL,C,25000,13.11,0.18,N,12,0
44268,36,30000,RENT,1.0,VENTURE,D,7500,13.24,0.24,Y,11,0
44269,41,65000,RENT,2.0,MEDICAL,A,3000,8.49,0.05,N,17,0
44270,30,58000,RENT,6.0,DEBTCONSOLIDATION,B,7200,11.71,0.12,N,6,0
44271,43,90000,RENT,1.0,EDUCATION,B,12000,11.48,0.13,N,11,0
44272,25,56000,OWN,9.0,VENTURE,B,9600,10.62,0.17,N,2,0
44273,24,39996,RENT,2.0,EDUCATION,D,12000,15.28,0.3,Y,3,1
44274,28,30000,RENT,3.0,EDUCATION,A,2500,7.51,0.08,N,5,0
44275,22,37000,RENT,6.0,MEDICAL,B,10000,12.69,0.27,N,4,0
44276,21,52020,MORTGAGE,0.0,MEDICAL,C,15000,12.84,0.25,Y,3,1
44277,23,50000,RENT,7.0,PERSONAL,B,6000,10.74,0.12,N,3,0
44278,23,52000,RENT,7.0,EDUCATION,B,10000,11.49,0.19,N,2,0
44279,42,38400,RENT,0.0,MEDICAL,A,7000,6.17,0.18,N,12,0
44280,25,32000,RENT,0.0,MEDICAL,A,3500,8.59,0.11,N,3,0
44281,31,30000,RENT,1.0,PERSONAL,B,5000,10.65,0.17,N,7,0
44282,21,60000,RENT,5.0,DEBTCONSOLIDATION,C,10000,13.49,0.17,N,3,0
44283,27,40000,RENT,4.0,MEDICAL,B,3000,10.38,0.07,N,9,0
44284,22,60000,RENT,7.0,DEBTCONSOLIDATION,B,15000,11.83,0.25,N,2,0
44285,36,48000,MORTGAGE,8.0,PERSONAL,A,6000,5.42,0.13,N,15,0
44286,34,70000,RENT,0.0,HOMEIMPROVEMENT,A,12000,8.94,0.17,N,5,0
44287,25,40000,MORTGAGE,2.0,PERSONAL,A,10000,5.99,0.25,N,3,0
44288,37,48000,RENT,1.0,MEDICAL,C,5000,12.87,0.1,Y,11,0
44289,24,12000,RENT,0.0,MEDICAL,C,1800,12.84,0.14,N,4,0
44290,23,95000,RENT,1.0,VENTURE,A,5000,9.63,0.05,N,3,0
44291,22,69000,RENT,1.0,EDUCATION,B,9600,11.49,0.14,N,4,1
44292,24,102000,MORTGAGE,8.0,HOMEIMPROVEMENT,B,6000,12.21,0.06,N,4,0
44293,23,70000,MORTGAGE,7.0,EDUCATION,B,12000,10.75,0.17,N,4,0
44294,26,48000,MORTGAGE,10.0,VENTURE,A,12000,7.14,0.25,N,3,0
44295,22,85000,RENT,7.0,DEBTCONSOLIDATION,B,10000,10.74,0.12,N,2,0
44296,27,55704,MORTGAGE,11.0,MEDICAL,B,10000,11.36,0.18,N,6,0
44297,22,37000,RENT,0.0,EDUCATION,A,1000,6.99,0.03,N,2,0
44298,28,69000,MORTGAGE,12.0,DEBTCONSOLIDATION,A,4000,7.14,0.06,N,8,1
44299,28,33996,RENT,4.0,HOMEIMPROVEMENT,D,10325,12.92,0.32,Y,6,1
44300,25,56000,RENT,2.0,PERSONAL,A,4800,7.49,0.09,N,4,0
44301,24,24000,RENT,2.0,PERSONAL,C,10625,14.27,0.45,Y,4,1
44302,27,100000,MORTGAGE,11.0,VENTURE,A,18000,8.49,0.18,N,9,0
44303,23,68340,MORTGAGE,7.0,PERSONAL,B,24250,11.11,0.37,N,4,0
44304,23,75000,MORTGAGE,2.0,VENTURE,A,18000,6.17,0.24,N,3,0
44305,41,30000,RENT,23.0,MEDICAL,D,10000,15.65,0.33,N,12,1
44306,25,50000,MORTGAGE,5.0,EDUCATION,A,10000,6.17,0.2,N,4,0
44307,25,50000,MORTGAGE,9.0,EDUCATION,A,7000,8.59,0.14,N,2,0
44308,41,110000,RENT,12.0,HOMEIMPROVEMENT,A,8000,7.14,0.07,N,11,0
44309,30,100000,MORTGAGE,14.0,PERSONAL,A,12000,6.03,0.12,N,5,0
44310,26,100596,RENT,4.0,DEBTCONSOLIDATION,B,15000,10.99,0.15,N,3,0
44311,29,24000,RENT,0.0,MEDICAL,D,1500,14.42,0.06,Y,7,1
44312,22,48000,RENT,6.0,PERSONAL,A,4000,7.88,0.08,N,2,0
44313,27,90722,MORTGAGE,5.0,PERSONAL,B,10000,11.12,0.11,N,10,0
44314,27,94773,MORTGAGE,3.0,HOMEIMPROVEMENT,A,6000,7.74,0.06,N,9,0
44315,23,90000,MORTGAGE,3.0,VENTURE,A,12000,7.51,0.13,N,2,0
44316,28,57300,MORTGAGE,3.0,DEBTCONSOLIDATION,B,13600,10.25,0.24,N,8,0
44317,23,68000,RENT,0.0,EDUCATION,D,11500,15.7,0.17,N,2,1
44318,39,50000,RENT,8.0,MEDICAL,B,12000,11.71,0.24,N,11,0
44319,25,75000,MORTGAGE,9.0,DEBTCONSOLIDATION,A,10000,5.42,0.13,N,3,0
44320,33,35000,MORTGAGE,17.0,VENTURE,B,10625,11.49,0.31,N,7,0
44321,36,18000,RENT,3.0,DEBTCONSOLIDATION,C,2000,14.17,0.11,Y,16,0
44322,23,70000,MORTGAGE,7.0,EDUCATION,A,4000,7.66,0.06,N,4,0
44323,27,40000,OWN,11.0,HOMEIMPROVEMENT,B,15000,8.88,0.38,N,8,0
44324,22,90000,MORTGAGE,6.0,VENTURE,A,12000,6.03,0.13,N,3,0
44325,24,29000,RENT,3.0,MEDICAL,B,4200,10.65,0.14,N,3,0
44326,23,100000,MORTGAGE,7.0,EDUCATION,B,21000,11.36,0.21,N,2,0
44327,22,54000,RENT,3.0,DEBTCONSOLIDATION,D,10000,15.31,0.19,Y,4,1
44328,36,88668,RENT,2.0,HOMEIMPROVEMENT,A,3000,8.9,0.03,N,11,0
44329,38,56524,RENT,16.0,HOMEIMPROVEMENT,B,24000,11.36,0.44,N,14,1
44330,33,30500,RENT,7.0,DEBTCONSOLIDATION,B,10000,10.65,0.33,N,8,1
44331,23,42000,MORTGAGE,3.0,VENTURE,B,1600,11.49,0.04,N,3,0
44332,34,90000,RENT,4.0,PERSONAL,B,23475,11.36,0.27,N,9,0
44333,24,65000,MORTGAGE,8.0,DEBTCONSOLIDATION,A,5000,7.14,0.08,N,2,0
44334,24,69996,MORTGAGE,5.0,VENTURE,A,13600,7.49,0.19,N,2,0
44335,22,28800,MORTGAGE,2.0,PERSONAL,C,6000,13.22,0.21,N,3,0
44336,23,44684,RENT,7.0,DEBTCONSOLIDATION,C,16000,13.06,0.36,N,3,1
44337,34,106000,MORTGAGE,3.0,EDUCATION,A,12000,8.49,0.11,N,6,0
44338,24,64404,RENT,5.0,EDUCATION,B,12000,11.89,0.19,N,3,0
44339,31,60000,MORTGAGE,5.0,VENTURE,A,12000,7.88,0.2,N,5,0
44340,25,59000,MORTGAGE,6.0,DEBTCONSOLIDATION,A,4000,7.88,0.07,N,4,0
44341,27,35000,MORTGAGE,11.0,MEDICAL,B,10000,9.91,0.29,N,7,0
44342,21,60000,MORTGAGE,5.0,EDUCATION,B,7000,10.75,0.12,N,2,0
44343,23,50000,RENT,7.0,EDUCATION,A,2375,7.14,0.04,N,4,0
44344,25,25000,RENT,2.0,MEDICAL,B,2500,9.62,0.1,N,4,0
44345,35,75000,MORTGAGE,9.0,DEBTCONSOLIDATION,C,10000,12.53,0.13,N,5,0
44346,27,40000,MORTGAGE,3.0,VENTURE,A,15000,8.49,0.38,N,9,0
44347,22,30000,RENT,3.0,DEBTCONSOLIDATION,C,2400,13.98,0.08,Y,3,0
44348,27,37290,MORTGAGE,9.0,PERSONAL,B,6000,12.42,0.16,N,10,0
44349,24,34000,RENT,1.0,PERSONAL,C,6000,14.27,0.18,Y,2,1
44350,22,60000,RENT,4.0,EDUCATION,A,6600,7.88,0.11,N,4,0
44351,36,25000,RENT,0.0,VENTURE,B,4000,10.62,0.16,N,15,0
44352,25,57000,MORTGAGE,1.0,PERSONAL,C,9600,13.22,0.17,N,2,0
44353,24,80000,MORTGAGE,8.0,MEDICAL,A,12000,6.62,0.15,N,3,0
44354,56,35000,MORTGAGE,12.0,PERSONAL,B,10000,11.49,0.29,N,21,0
44355,24,40000,RENT,8.0,EDUCATION,D,9000,15.33,0.23,N,4,0
44356,23,47000,RENT,7.0,MEDICAL,B,7500,11.11,0.16,N,2,0
44357,22,66000,RENT,3.0,EDUCATION,C,3250,12.61,0.05,Y,4,0
44358,24,42000,RENT,8.0,DEBTCONSOLIDATION,B,16750,10.62,0.4,N,4,1
44359,24,46500,MORTGAGE,0.0,EDUCATION,C,10000,14.26,0.21,Y,2,1
44360,23,70000,RENT,4.0,EDUCATION,B,10000,9.91,0.14,N,3,0
44361,30,36000,OWN,1.0,VENTURE,C,5000,13.22,0.14,N,7,0
44362,36,33204,RENT,8.0,MEDICAL,B,5000,10.25,0.15,N,14,0
44363,22,40000,RENT,1.0,EDUCATION,C,7500,13.22,0.2,N,4,0
44364,24,60000,RENT,4.0,EDUCATION,C,2500,13.57,0.04,Y,2,0
44365,25,42000,MORTGAGE,5.0,EDUCATION,C,7600,12.73,0.18,Y,2,1
44366,26,110000,MORTGAGE,5.0,HOMEIMPROVEMENT,B,4000,11.49,0.04,N,2,0
44367,24,96500,MORTGAGE,1.0,DEBTCONSOLIDATION,D,13200,17.58,0.15,N,2,1
44368,44,95000,MORTGAGE,0.0,MEDICAL,B,10000,10.99,0.11,N,12,0
44369,24,42000,RENT,0.0,PERSONAL,C,12000,13.23,0.29,Y,2,0
44370,37,80000,MORTGAGE,11.0,EDUCATION,A,10000,6.62,0.13,N,13,0
44371,22,64000,MORTGAGE,1.0,EDUCATION,B,20000,10.74,0.32,N,3,1
44372,29,60000,RENT,4.0,EDUCATION,A,12000,8.94,0.2,N,10,0
44373,22,30000,RENT,1.0,EDUCATION,D,11325,16.02,0.38,Y,4,1
44374,26,65000,MORTGAGE,0.0,HOMEIMPROVEMENT,A,12000,8.94,0.18,N,3,0
44375,26,65000,MORTGAGE,0.0,HOMEIMPROVEMENT,A,5000,5.79,0.08,N,3,0
44376,28,77544,MORTGAGE,2.0,PERSONAL,E,15000,16.63,0.19,N,10,0
44377,29,24000,RENT,3.0,HOMEIMPROVEMENT,D,2800,16.32,0.12,N,6,1
44378,29,65000,MORTGAGE,3.0,DEBTCONSOLIDATION,A,7000,6.62,0.11,N,9,0
44379,25,54000,MORTGAGE,6.0,PERSONAL,A,5000,6.62,0.09,N,2,0
44380,25,50000,RENT,9.0,DEBTCONSOLIDATION,B,6000,11.89,0.12,N,3,0
44381,23,38400,RENT,8.0,EDUCATION,D,10000,16.07,0.26,N,2,0
44382,23,58000,RENT,4.0,MEDICAL,B,2400,12.18,0.04,N,2,0
44383,24,90996,MORTGAGE,8.0,EDUCATION,A,8400,7.51,0.09,N,4,0
44384,22,30000,RENT,2.0,EDUCATION,C,5000,12.84,0.17,Y,2,0
44385,24,70000,MORTGAGE,3.0,HOMEIMPROVEMENT,A,12000,6.54,0.17,N,4,0
44386,33,37000,MORTGAGE,2.0,EDUCATION,D,2000,14.96,0.05,N,5,0
44387,35,25000,RENT,5.0,EDUCATION,B,5000,12.42,0.2,N,6,1
44388,32,44000,RENT,4.0,DEBTCONSOLIDATION,E,12000,16.32,0.27,N,5,1
44389,22,30000,RENT,6.0,PERSONAL,C,6000,14.65,0.2,Y,2,0
44390,26,34000,MORTGAGE,5.0,VENTURE,B,15000,10.75,0.45,N,2,0
44391,38,58125,MORTGAGE,4.0,PERSONAL,B,12000,11.58,0.21,N,13,0
44392,36,50000,RENT,6.0,MEDICAL,B,5000,9.99,0.1,N,17,0
44393,32,42000,RENT,17.0,VENTURE,B,4000,10.59,0.1,N,7,0
44394,30,54000,RENT,4.0,HOMEIMPROVEMENT,D,8000,15.31,0.15,Y,10,1
44395,30,48000,RENT,4.0,MEDICAL,C,9000,12.73,0.19,Y,10,0
44396,31,76500,MORTGAGE,1.0,DEBTCONSOLIDATION,B,15000,10.95,0.2,N,5,0
44397,21,24000,MORTGAGE,5.0,EDUCATION,C,5000,14.72,0.21,Y,2,0
44398,32,24996,RENT,2.0,MEDICAL,B,6000,9.99,0.24,N,9,0
44399,26,42000,RENT,3.0,PERSONAL,B,5000,10.59,0.12,N,4,0
44400,23,92000,MORTGAGE,2.0,VENTURE,A,10000,7.88,0.11,N,2,0
44401,27,100000,MORTGAGE,11.0,VENTURE,A,6000,7.14,0.06,N,6,0
44402,23,80000,MORTGAGE,7.0,VENTURE,C,9000,13.99,0.11,Y,3,0
44403,21,38000,RENT,5.0,MEDICAL,B,15000,8.88,0.39,N,3,1
44404,29,61200,MORTGAGE,5.0,MEDICAL,B,8000,11.48,0.11,N,8,1
44405,41,140000,MORTGAGE,18.0,PERSONAL,A,12000,6.62,0.09,N,13,0
44406,26,50000,RENT,3.0,PERSONAL,C,7200,13.49,0.14,Y,3,0
44407,22,30000,RENT,0.0,MEDICAL,D,5000,15.21,0.17,N,2,1
44408,30,130000,OWN,14.0,PERSONAL,D,25000,15.21,0.19,Y,8,0
44409,24,96000,MORTGAGE,3.0,HOMEIMPROVEMENT,B,12000,11.99,0.13,N,4,0
44410,23,42000,RENT,0.0,VENTURE,D,13000,16.0,0.31,N,2,1
44411,38,85000,MORTGAGE,19.0,MEDICAL,B,6000,12.21,0.07,N,14,0
44412,29,50000,MORTGAGE,0.0,PERSONAL,B,6000,10.25,0.12,N,6,0
44413,23,58650,RENT,7.0,MEDICAL,C,16000,13.43,0.23,Y,4,1
44414,27,73000,MORTGAGE,3.0,HOMEIMPROVEMENT,C,6700,13.43,0.09,N,7,1
44415,31,200000,MORTGAGE,15.0,VENTURE,A,30000,7.9,0.14,N,5,0
44416,23,70000,OWN,3.0,VENTURE,B,9000,9.88,0.13,N,2,0
44417,32,36000,MORTGAGE,4.0,DEBTCONSOLIDATION,C,3000,14.27,0.08,N,6,0
44418,27,33000,RENT,5.0,MEDICAL,B,12250,10.74,0.37,N,5,1
44419,35,24960,RENT,5.0,PERSONAL,A,4000,7.14,0.16,N,5,0
44420,29,68000,RENT,0.0,EDUCATION,B,6500,10.95,0.1,N,7,0
44421,24,37440,RENT,8.0,PERSONAL,B,15000,10.99,0.4,N,3,1
44422,22,40000,MORTGAGE,1.0,EDUCATION,B,1200,11.36,0.03,N,4,0
44423,25,104000,MORTGAGE,6.0,HOMEIMPROVEMENT,A,5000,7.68,0.05,N,4,0
44424,41,29000,MORTGAGE,5.0,HOMEIMPROVEMENT,A,11000,8.49,0.38,N,13,1
44425,32,100000,MORTGAGE,6.0,EDUCATION,B,12000,9.91,0.12,N,5,0
44426,33,250000,MORTGAGE,8.0,EDUCATION,C,9000,11.97,0.04,N,8,0
44427,22,40872,RENT,5.0,EDUCATION,C,13750,13.11,0.34,Y,3,1
44428,23,43000,RENT,4.0,VENTURE,A,7000,7.51,0.16,N,4,0
44429,56,35000,RENT,0.0,DEBTCONSOLIDATION,C,2700,12.98,0.08,N,22,0
44430,47,65000,MORTGAGE,0.0,VENTURE,A,5000,6.92,0.08,N,11,0
44431,26,35380,MORTGAGE,9.0,PERSONAL,B,2000,10.65,0.06,N,3,0
44432,31,25000,OWN,0.0,EDUCATION,B,10000,11.83,0.4,N,8,0
44433,27,72000,MORTGAGE,0.0,EDUCATION,A,6000,6.76,0.08,N,8,0
44434,41,130000,MORTGAGE,11.0,PERSONAL,B,5000,12.69,0.04,N,14,0
44435,52,75000,RENT,3.0,PERSONAL,C,7000,13.79,0.09,N,20,0
44436,25,71000,MORTGAGE,9.0,PERSONAL,B,10000,10.36,0.14,N,3,0
44437,23,40000,OWN,6.0,MEDICAL,A,15000,6.03,0.38,N,3,0
44438,21,29000,RENT,0.0,HOMEIMPROVEMENT,B,4000,9.96,0.14,N,4,1
44439,26,45600,MORTGAGE,5.0,EDUCATION,C,8000,13.35,0.17,Y,4,0
44440,26,69000,RENT,0.0,MEDICAL,A,4800,7.14,0.07,N,4,0
44441,24,72900,MORTGAGE,3.0,PERSONAL,D,10000,15.95,0.14,Y,4,1
44442,27,61200,RENT,3.0,PERSONAL,A,18000,8.49,0.28,N,8,0
44443,23,48000,RENT,0.0,PERSONAL,A,6000,6.92,0.13,N,4,0
44444,24,40000,OWN,1.0,MEDICAL,A,5000,7.74,0.13,N,2,0
44445,27,80000,RENT,0.0,VENTURE,B,4000,11.14,0.05,N,5,0
44446,22,54000,RENT,6.0,VENTURE,A,15500,7.88,0.28,N,2,0
44447,24,51000,RENT,8.0,MEDICAL,E,16750,16.4,0.33,Y,2,1
44448,26,60000,MORTGAGE,2.0,MEDICAL,A,2000,9.63,0.03,N,2,0
44449,23,90000,RENT,0.0,MEDICAL,A,10000,7.49,0.11,N,4,0
44450,22,80000,MORTGAGE,1.0,VENTURE,A,14000,7.88,0.17,N,2,0
44451,36,24000,RENT,3.0,EDUCATION,B,10000,11.71,0.42,N,12,1
44452,23,130000,RENT,8.0,EDUCATION,D,25000,14.84,0.19,N,2,1
44453,31,35000,RENT,3.0,DEBTCONSOLIDATION,B,10850,9.99,0.3,N,7,0
44454,24,90000,MORTGAGE,8.0,EDUCATION,A,7000,7.14,0.08,N,3,0
44455,21,34000,MORTGAGE,5.0,PERSONAL,A,10000,7.66,0.29,N,4,0
44456,22,75000,MORTGAGE,6.0,EDUCATION,B,8000,12.21,0.11,N,2,0
44457,29,82000,MORTGAGE,13.0,PERSONAL,A,10000,7.88,0.12,N,6,0
44458,26,50000,MORTGAGE,4.0,EDUCATION,B,2000,10.65,0.04,N,2,0
44459,24,32400,RENT,1.0,DEBTCONSOLIDATION,C,5000,12.68,0.15,N,2,0
44460,27,50000,RENT,8.0,PERSONAL,B,6400,10.65,0.13,N,9,0
44461,23,27000,MORTGAGE,2.0,EDUCATION,B,5000,12.18,0.19,N,2,0
44462,22,32000,RENT,5.0,PERSONAL,B,5000,11.49,0.16,N,4,0
44463,27,88000,MORTGAGE,4.0,VENTURE,G,30000,19.66,0.33,Y,6,0
44464,28,46000,RENT,3.0,EDUCATION,C,4000,13.47,0.09,N,5,1
44465,28,75000,RENT,7.0,HOMEIMPROVEMENT,B,10000,11.14,0.13,N,7,0
44466,25,33888,RENT,9.0,PERSONAL,B,3000,12.69,0.09,N,3,0
44467,22,70000,MORTGAGE,6.0,MEDICAL,A,4200,7.49,0.06,N,4,0
44468,32,62000,RENT,16.0,PERSONAL,B,8000,11.49,0.13,N,10,0
44469,22,48000,RENT,1.0,EDUCATION,C,4800,13.49,0.1,N,4,0
44470,25,34000,RENT,3.0,MEDICAL,D,5500,15.7,0.16,N,3,1
44471,25,78000,RENT,2.0,VENTURE,D,6000,15.05,0.08,Y,3,1
44472,27,45000,RENT,2.0,PERSONAL,C,3000,12.61,0.07,N,9,0
44473,23,51060,RENT,6.0,VENTURE,B,21250,10.74,0.42,N,4,1
44474,24,50000,RENT,0.0,VENTURE,A,7200,8.49,0.14,N,3,0
44475,40,96000,MORTGAGE,0.0,PERSONAL,A,7000,8.94,0.07,N,16,0
44476,22,75000,RENT,6.0,EDUCATION,B,12000,11.99,0.16,N,3,0
44477,22,50000,RENT,7.0,EDUCATION,B,6000,12.69,0.12,N,3,0
44478,31,26237,RENT,15.0,MEDICAL,C,10000,13.22,0.38,Y,8,1
44479,27,60000,MORTGAGE,11.0,DEBTCONSOLIDATION,B,2500,9.62,0.04,N,10,0
44480,26,24000,OWN,0.0,PERSONAL,B,6000,11.83,0.25,N,3,0
44481,27,120000,OWN,7.0,EDUCATION,B,8400,12.18,0.07,N,10,0
44482,22,60000,RENT,3.0,MEDICAL,B,25000,11.36,0.42,N,4,1
44483,26,20000,RENT,5.0,MEDICAL,B,5400,11.49,0.28,N,4,0
44484,31,68000,RENT,3.0,HOMEIMPROVEMENT,C,12000,13.48,0.18,Y,9,0
44485,28,160000,MORTGAGE,12.0,VENTURE,E,7000,19.91,0.05,N,9,0
44486,36,80000,RENT,1.0,EDUCATION,A,7200,9.63,0.09,N,13,0
44487,28,100000,RENT,12.0,DEBTCONSOLIDATION,A,10000,6.92,0.1,N,10,0
44488,23,90000,MORTGAGE,5.0,PERSONAL,B,10000,11.26,0.11,N,2,0
44489,24,45000,RENT,0.0,EDUCATION,B,4000,11.49,0.09,N,3,0
44490,26,117000,MORTGAGE,10.0,PERSONAL,B,10000,9.91,0.09,N,2,0
44491,26,98000,MORTGAGE,5.0,VENTURE,C,15000,14.26,0.15,N,2,0
44492,30,89610,RENT,5.0,MEDICAL,B,16000,11.36,0.17,N,7,0
44493,23,72000,MORTGAGE,7.0,EDUCATION,A,14000,6.62,0.2,N,2,0
44494,40,54000,RENT,0.0,VENTURE,C,13225,12.23,0.25,Y,14,1
44495,22,28800,RENT,0.0,EDUCATION,A,5000,8.9,0.17,N,4,0
44496,20,38000,RENT,1.0,EDUCATION,A,3200,7.68,0.08,N,4,0
44497,25,50000,RENT,1.0,MEDICAL,B,15000,10.74,0.3,N,2,0
44498,22,67150,RENT,5.0,EDUCATION,A,10000,7.66,0.13,N,3,0
44499,33,52000,RENT,3.0,VENTURE,C,9000,13.48,0.17,Y,5,0
44500,23,39000,MORTGAGE,7.0,VENTURE,A,5000,6.76,0.13,N,3,0
44501,24,44000,RENT,2.0,MEDICAL,C,6000,13.23,0.14,N,4,0
44502,23,55000,MORTGAGE,0.0,PERSONAL,A,2000,5.79,0.04,N,3,0
44503,24,48000,MORTGAGE,4.0,HOMEIMPROVEMENT,A,5000,7.88,0.1,N,2,0
44504,28,50000,MORTGAGE,3.0,EDUCATION,B,15000,11.71,0.3,N,9,0
44505,38,84000,OWN,5.0,PERSONAL,B,20000,12.18,0.24,N,16,0
44506,28,105000,RENT,2.0,PERSONAL,A,8000,7.74,0.08,N,8,0
44507,38,48840,MORTGAGE,2.0,PERSONAL,B,10000,10.36,0.2,N,15,0
44508,24,83000,RENT,2.0,PERSONAL,D,25000,14.96,0.3,Y,4,1
44509,22,60000,MORTGAGE,6.0,EDUCATION,C,3000,13.49,0.05,Y,3,0
44510,22,66000,MORTGAGE,5.0,VENTURE,C,15000,14.79,0.23,Y,4,0
44511,26,78000,RENT,1.0,PERSONAL,B,15000,10.99,0.19,N,4,0
44512,21,75000,RENT,5.0,EDUCATION,A,4800,7.9,0.06,N,2,0
44513,29,99000,OWN,14.0,HOMEIMPROVEMENT,B,12000,11.49,0.12,N,10,0
44514,21,31200,RENT,5.0,DEBTCONSOLIDATION,C,6000,12.99,0.19,N,4,0
44515,37,45000,RENT,1.0,PERSONAL,A,4000,9.32,0.09,N,11,0
44516,23,70000,MORTGAGE,7.0,DEBTCONSOLIDATION,A,4500,5.42,0.06,N,2,0
44517,27,60000,RENT,4.0,MEDICAL,C,12000,12.73,0.2,N,9,0
44518,33,54000,RENT,6.0,EDUCATION,E,25000,18.39,0.45,Y,5,1
44519,23,45000,RENT,4.0,VENTURE,A,6000,7.66,0.13,N,4,0
44520,26,55000,MORTGAGE,10.0,DEBTCONSOLIDATION,B,8000,10.99,0.15,N,4,0
44521,23,38000,MORTGAGE,4.0,EDUCATION,B,5200,10.37,0.14,N,3,0
44522,22,90000,RENT,5.0,PERSONAL,B,6000,10.59,0.07,N,4,0
44523,24,60000,MORTGAGE,5.0,PERSONAL,A,6300,6.62,0.11,N,4,0
44524,26,74029,RENT,0.0,PERSONAL,B,2500,11.99,0.03,N,2,0
44525,21,12600,MORTGAGE,1.0,EDUCATION,A,12000,5.99,0.1,N,2,0
44526,22,40000,RENT,0.0,PERSONAL,C,5000,12.84,0.13,Y,3,0
44527,28,124886,RENT,12.0,MEDICAL,B,5000,11.99,0.04,N,7,1
44528,30,110000,RENT,0.0,EDUCATION,C,20000,13.79,0.18,Y,5,0
44529,28,84000,MORTGAGE,8.0,MEDICAL,A,6000,5.42,0.07,N,9,0
44530,22,30000,RENT,2.0,MEDICAL,D,5000,14.96,0.17,Y,2,1
44531,21,40000,RENT,3.0,VENTURE,D,3600,16.29,0.09,N,4,0
44532,23,40000,RENT,3.0,EDUCATION,B,3600,10.59,0.09,N,3,0
44533,28,115000,MORTGAGE,2.0,DEBTCONSOLIDATION,A,18000,7.88,0.16,N,6,0
44534,23,80000,RENT,6.0,MEDICAL,A,10500,7.51,0.13,N,3,0
44535,28,38400,RENT,4.0,MEDICAL,B,5000,11.49,0.13,N,5,0
44536,25,65000,MORTGAGE,2.0,MEDICAL,A,4000,5.42,0.06,N,3,0
44537,38,60000,MORTGAGE,3.0,VENTURE,A,10000,7.88,0.17,N,13,0
44538,24,63000,MORTGAGE,7.0,VENTURE,B,6000,10.59,0.1,N,2,0
44539,35,75000,MORTGAGE,0.0,DEBTCONSOLIDATION,A,4000,7.49,0.05,N,6,0
44540,36,40000,RENT,4.0,EDUCATION,B,8000,11.36,0.2,N,12,0
44541,22,27000,RENT,5.0,MEDICAL,A,4000,6.76,0.15,N,2,0
44542,28,115000,MORTGAGE,7.0,EDUCATION,A,35000,7.9,0.27,N,9,0
44543,40,61455,RENT,0.0,MEDICAL,D,5000,16.77,0.08,Y,16,1
44544,44,70000,MORTGAGE,4.0,HOMEIMPROVEMENT,B,14400,11.49,0.2,N,11,0
44545,27,60000,MORTGAGE,3.0,PERSONAL,B,5000,10.25,0.08,N,7,0
44546,23,52000,RENT,7.0,VENTURE,A,4000,7.9,0.08,N,4,0
44547,24,37000,RENT,2.0,MEDICAL,B,9600,10.99,0.26,N,3,0
44548,30,60000,RENT,3.0,MEDICAL,B,10000,10.0,0.17,N,8,0
44549,23,37000,MORTGAGE,7.0,PERSONAL,A,10000,7.14,0.27,N,2,0
44550,23,47840,RENT,7.0,MEDICAL,C,20000,14.26,0.43,N,3,0
44551,57,48000,RENT,2.0,VENTURE,C,10000,13.48,0.21,Y,18,0
44552,39,108000,RENT,0.0,EDUCATION,E,15000,16.4,0.14,Y,13,1
44553,25,44004,MORTGAGE,2.0,MEDICAL,A,10000,6.92,0.23,N,4,1
44554,25,39000,RENT,3.0,MEDICAL,B,2300,9.62,0.06,N,3,0
44555,24,80000,MORTGAGE,8.0,PERSONAL,B,4000,11.99,0.05,N,4,0
44556,23,60000,RENT,4.0,PERSONAL,C,10000,15.96,0.17,N,4,0
44557,34,50000,MORTGAGE,5.0,VENTURE,A,3000,8.9,0.06,N,5,0
44558,29,30000,RENT,3.0,VENTURE,C,5000,12.53,0.17,N,8,0
44559,28,122000,MORTGAGE,12.0,DEBTCONSOLIDATION,C,12000,13.57,0.1,Y,5,0
44560,27,30000,MORTGAGE,11.0,VENTURE,A,11225,5.42,0.37,N,10,0
44561,22,29553,MORTGAGE,5.0,HOMEIMPROVEMENT,A,6000,7.51,0.2,N,4,0
44562,27,50000,MORTGAGE,11.0,EDUCATION,C,15000,13.49,0.3,N,5,0
44563,24,110000,RENT,1.0,HOMEIMPROVEMENT,C,6000,14.26,0.05,Y,2,0
44564,42,65000,MORTGAGE,2.0,HOMEIMPROVEMENT,A,7500,8.38,0.12,N,16,0
44565,23,100000,MORTGAGE,7.0,MEDICAL,A,6000,7.49,0.06,N,3,0
44566,25,90000,MORTGAGE,9.0,HOMEIMPROVEMENT,B,10000,11.14,0.11,N,4,0
44567,27,64000,RENT,9.0,MEDICAL,B,2500,10.99,0.04,N,5,0
44568,26,74000,RENT,4.0,DEBTCONSOLIDATION,D,25000,15.05,0.36,N,4,1
44569,23,75000,RENT,5.0,VENTURE,C,18000,13.49,0.24,N,4,0
44570,25,66400,RENT,9.0,MEDICAL,C,6000,12.99,0.09,Y,3,0
44571,24,45000,RENT,2.0,EDUCATION,A,4500,6.62,0.1,N,3,0
44572,22,50000,RENT,2.0,VENTURE,A,6000,7.88,0.12,N,2,0
44573,23,38400,RENT,7.0,MEDICAL,A,10000,7.49,0.26,N,2,0
44574,32,80000,MORTGAGE,16.0,MEDICAL,A,6000,6.03,0.07,N,9,0
44575,34,120000,MORTGAGE,17.0,VENTURE,C,20000,13.79,0.17,N,6,0
44576,23,24000,MORTGAGE,1.0,EDUCATION,A,7500,7.74,0.31,N,4,0
44577,30,30000,MORTGAGE,3.0,HOMEIMPROVEMENT,A,5000,7.9,0.17,N,8,1
44578,21,50000,RENT,3.0,VENTURE,A,6400,8.32,0.13,N,4,0
44579,36,86000,MORTGAGE,11.0,HOMEIMPROVEMENT,A,6000,7.51,0.07,N,14,0
44580,21,25000,OWN,5.0,PERSONAL,A,2500,6.76,0.1,N,3,0
44581,23,60000,RENT,0.0,VENTURE,B,15000,9.99,0.25,N,4,0
44582,33,72000,MORTGAGE,10.0,DEBTCONSOLIDATION,A,5000,7.49,0.07,N,9,0
44583,22,50000,MORTGAGE,6.0,EDUCATION,A,7000,8.49,0.14,N,2,0
44584,36,39996,RENT,9.0,DEBTCONSOLIDATION,A,2500,7.14,0.06,N,12,0
44585,27,100000,MORTGAGE,5.0,MEDICAL,A,12000,7.51,0.12,N,9,0
44586,24,36000,RENT,3.0,DEBTCONSOLIDATION,A,4000,7.51,0.11,N,4,0
44587,22,53664,RENT,7.0,EDUCATION,B,5000,10.75,0.09,N,3,0
44588,22,62500,MORTGAGE,6.0,DEBTCONSOLIDATION,A,11200,5.42,0.18,N,2,0
44589,23,49668,RENT,3.0,DEBTCONSOLIDATION,C,12000,13.79,0.24,Y,2,0
44590,29,32000,RENT,2.0,PERSONAL,D,2500,15.65,0.08,N,8,1
44591,49,60000,RENT,5.0,MEDICAL,A,6500,8.59,0.11,N,13,0
44592,27,45000,RENT,0.0,MEDICAL,B,1800,10.25,0.04,N,7,0
44593,27,32000,RENT,11.0,EDUCATION,E,2400,18.79,0.07,N,8,0
44594,24,100000,MORTGAGE,5.0,MEDICAL,A,15000,6.03,0.15,N,4,0
44595,31,54000,RENT,14.0,HOMEIMPROVEMENT,B,10000,11.86,0.19,N,5,0
44596,24,62050,MORTGAGE,1.0,MEDICAL,D,5500,14.74,0.08,N,3,1
44597,29,51996,RENT,12.0,PERSONAL,E,1500,15.68,0.03,N,8,0
44598,26,65000,MORTGAGE,3.0,HOMEIMPROVEMENT,A,8000,5.99,0.12,N,3,0
44599,31,40000,RENT,2.0,MEDICAL,B,4000,10.38,0.1,N,6,0
44600,36,42000,RENT,2.0,VENTURE,E,15000,16.0,0.36,Y,17,1
44601,36,70000,MORTGAGE,6.0,MEDICAL,C,8000,14.65,0.11,Y,13,0
44602,27,105000,RENT,2.0,HOMEIMPROVEMENT,B,12000,8.88,0.11,N,6,0
44603,29,165000,MORTGAGE,0.0,DEBTCONSOLIDATION,A,7500,9.32,0.05,N,10,0
44604,25,115000,MORTGAGE,9.0,EDUCATION,A,7200,7.49,0.06,N,3,0
44605,30,85000,MORTGAGE,2.0,VENTURE,B,16000,12.18,0.18,N,10,0
44606,28,35000,MORTGAGE,3.0,HOMEIMPROVEMENT,A,8000,7.51,0.23,N,9,0
44607,43,72000,MORTGAGE,20.0,HOMEIMPROVEMENT,A,10000,6.62,0.14,N,15,0
44608,31,75000,MORTGAGE,8.0,MEDICAL,A,12000,6.03,0.16,N,5,0
44609,22,24000,RENT,5.0,EDUCATION,B,3000,10.74,0.13,N,4,0
44610,29,54000,RENT,13.0,PERSONAL,B,12000,11.99,0.22,N,7,0
44611,27,55000,OWN,6.0,EDUCATION,C,4500,11.97,0.08,N,5,0
44612,26,49000,RENT,3.0,MEDICAL,D,4200,16.02,0.09,Y,4,1
44613,23,45000,RENT,3.0,EDUCATION,A,14000,7.88,0.31,N,3,1
44614,30,80000,RENT,0.0,PERSONAL,B,10000,8.88,0.13,N,6,0
44615,23,40000,RENT,5.0,DEBTCONSOLIDATION,C,6000,13.22,0.15,N,3,0
44616,22,70000,MORTGAGE,6.0,PERSONAL,B,6000,8.88,0.09,N,2,0
44617,22,45900,MORTGAGE,6.0,EDUCATION,A,5000,7.51,0.11,N,2,0
44618,31,54996,RENT,3.0,HOMEIMPROVEMENT,B,6000,10.75,0.11,N,6,0
44619,30,40000,RENT,5.0,MEDICAL,A,10000,8.49,0.25,N,9,0
44620,22,42000,OWN,6.0,MEDICAL,B,10000,10.65,0.24,N,2,0
44621,37,30000,RENT,0.0,VENTURE,C,8000,13.49,0.27,N,16,0
44622,35,75573,MORTGAGE,9.0,HOMEIMPROVEMENT,B,24250,9.88,0.32,N,5,0
44623,22,40000,RENT,2.0,PERSONAL,B,6000,10.37,0.15,N,4,0
44624,26,65100,RENT,11.0,EDUCATION,C,4800,13.47,0.07,Y,2,0
44625,37,74000,RENT,3.0,HOMEIMPROVEMENT,B,11500,9.76,0.16,N,15,0
44626,30,38000,MORTGAGE,2.0,DEBTCONSOLIDATION,B,3000,8.88,0.08,N,6,0
44627,25,31200,RENT,3.0,VENTURE,C,15000,13.85,0.48,Y,4,1
44628,27,70000,MORTGAGE,6.0,DEBTCONSOLIDATION,A,6800,7.14,0.1,N,8,1
44629,23,110000,MORTGAGE,0.0,VENTURE,B,5000,10.37,0.05,N,2,0
44630,24,105000,MORTGAGE,3.0,DEBTCONSOLIDATION,B,8000,10.59,0.07,N,4,0
44631,32,54000,MORTGAGE,6.0,HOMEIMPROVEMENT,C,4800,13.06,0.09,N,10,0
44632,40,64000,RENT,7.0,DEBTCONSOLIDATION,D,12000,17.49,0.19,Y,12,1
44633,27,57240,MORTGAGE,4.0,VENTURE,C,7000,11.41,0.13,N,6,0
44634,26,25000,RENT,4.0,PERSONAL,A,10750,6.92,0.43,N,2,1
44635,41,50000,MORTGAGE,5.0,PERSONAL,B,5000,10.36,0.1,N,12,0
44636,32,54000,MORTGAGE,13.0,MEDICAL,A,10000,7.68,0.19,N,10,0
44637,30,90000,MORTGAGE,11.0,MEDICAL,A,10000,6.62,0.11,N,5,0
44638,42,42000,RENT,16.0,HOMEIMPROVEMENT,B,15000,10.37,0.36,N,13,1
44639,29,55000,RENT,2.0,VENTURE,B,14000,11.48,0.25,N,8,0
44640,22,72000,MORTGAGE,6.0,EDUCATION,B,6000,10.36,0.08,N,4,0
44641,27,30000,RENT,5.0,EDUCATION,D,6600,14.54,0.22,Y,10,0
44642,24,60000,MORTGAGE,8.0,EDUCATION,A,5000,7.14,0.08,N,4,0
44643,22,91234,MORTGAGE,6.0,MEDICAL,A,12000,7.88,0.13,N,7,0
44644,27,110000,RENT,0.0,MEDICAL,C,11000,13.85,0.1,N,10,0
44645,22,115000,MORTGAGE,6.0,EDUCATION,B,10000,9.91,0.09,N,4,0
44646,33,80000,MORTGAGE,3.0,PERSONAL,A,6000,6.92,0.07,N,10,0
44647,22,40000,RENT,6.0,PERSONAL,A,4750,6.91,0.12,N,4,0
44648,25,66996,RENT,0.0,VENTURE,C,20000,12.84,0.3,Y,3,0
44649,22,50000,MORTGAGE,5.0,EDUCATION,A,10000,7.9,0.2,N,4,0
44650,21,60000,RENT,5.0,EDUCATION,B,15000,11.83,0.25,N,3,0
44651,41,40000,RENT,1.0,PERSONAL,A,4800,6.76,0.12,N,14,0
44652,22,31200,RENT,0.0,PERSONAL,B,4800,10.37,0.15,N,2,0
44653,29,40000,RENT,1.0,PERSONAL,B,4000,11.99,0.1,N,9,0
44654,22,33500,RENT,0.0,DEBTCONSOLIDATION,C,12000,13.16,0.35,N,4,1
44655,23,42000,RENT,4.0,EDUCATION,B,5000,10.39,0.12,N,3,0
44656,29,70000,MORTGAGE,13.0,PERSONAL,A,10000,7.14,0.14,N,5,0
44657,24,150000,MORTGAGE,8.0,PERSONAL,A,10000,7.74,0.07,N,4,0
44658,27,62000,MORTGAGE,2.0,EDUCATION,C,15250,13.98,0.24,N,7,0
44659,29,100000,RENT,4.0,DEBTCONSOLIDATION,C,12000,13.49,0.12,Y,9,1
44660,23,31200,RENT,7.0,PERSONAL,A,6000,6.03,0.19,N,2,0
44661,37,171870,RENT,0.0,MEDICAL,B,15000,10.59,0.09,N,14,1
44662,26,140000,MORTGAGE,3.0,HOMEIMPROVEMENT,A,12000,7.49,0.09,N,3,0
44663,47,35000,MORTGAGE,2.0,HOMEIMPROVEMENT,C,4000,13.22,0.11,Y,16,0
44664,44,52000,MORTGAGE,3.0,HOMEIMPROVEMENT,C,8000,12.87,0.15,N,11,0
44665,35,50000,MORTGAGE,0.0,VENTURE,E,5600,16.95,0.11,Y,5,0
44666,27,42000,RENT,3.0,MEDICAL,B,3000,11.12,0.07,N,8,0
44667,30,100000,MORTGAGE,14.0,PERSONAL,B,15000,11.58,0.15,N,6,0
44668,23,48000,RENT,2.0,VENTURE,D,10000,16.07,0.21,N,3,1
44669,22,125004,RENT,1.0,EDUCATION,B,17000,11.58,0.14,N,3,0
44670,24,25000,RENT,0.0,MEDICAL,B,5000,10.62,0.2,N,2,0
44671,23,125000,RENT,4.0,VENTURE,B,19750,10.62,0.16,N,4,0
44672,21,60000,RENT,4.0,VENTURE,A,5000,7.88,0.08,N,4,0
44673,30,60000,MORTGAGE,2.0,VENTURE,A,3000,5.42,0.05,N,8,0
44674,27,74800,RENT,1.0,MEDICAL,D,25000,14.54,0.28,N,5,1
44675,28,69600,MORTGAGE,12.0,EDUCATION,B,14700,10.99,0.23,N,7,0
44676,22,64000,RENT,3.0,DEBTCONSOLIDATION,A,10000,8.94,0.16,N,3,0
44677,23,85000,MORTGAGE,7.0,EDUCATION,A,8000,6.62,0.09,N,2,0
44678,25,68000,MORTGAGE,9.0,PERSONAL,B,15900,10.99,0.22,N,4,0
44679,28,48000,MORTGAGE,0.0,PERSONAL,B,8400,10.59,0.18,N,9,0
44680,24,46000,RENT,5.0,VENTURE,B,10000,9.91,0.22,N,3,0
44681,35,52800,RENT,4.0,EDUCATION,B,3000,10.39,0.06,N,6,0
44682,32,120000,RENT,15.0,VENTURE,A,24000,6.17,0.2,N,8,0
44683,21,34368,RENT,0.0,DEBTCONSOLIDATION,C,2500,12.87,0.07,Y,7,0
44684,29,250000,MORTGAGE,13.0,DEBTCONSOLIDATION,B,4525,11.26,0.02,N,7,0
44685,36,45378,MORTGAGE,2.0,VENTURE,A,6000,5.79,0.13,N,12,0
44686,43,141000,MORTGAGE,24.0,VENTURE,A,10000,7.49,0.07,N,11,0
44687,22,50000,RENT,4.0,PERSONAL,A,9000,7.9,0.18,N,3,0
44688,43,36000,MORTGAGE,5.0,VENTURE,B,12000,10.37,0.33,N,17,0
44689,22,39000,RENT,1.0,EDUCATION,D,3500,16.77,0.09,N,4,1
44690,23,60000,MORTGAGE,2.0,DEBTCONSOLIDATION,A,12000,5.79,0.2,N,2,0
44691,29,77100,MORTGAGE,11.0,PERSONAL,A,35000,8.49,0.45,N,10,0
44692,31,65000,RENT,2.0,MEDICAL,A,14500,7.66,0.23,N,6,0
44693,29,74800,MORTGAGE,9.0,MEDICAL,E,15000,14.93,0.17,N,9,1
44694,29,95000,MORTGAGE,5.0,HOMEIMPROVEMENT,D,25000,15.33,0.26,Y,10,0
44695,36,65000,RENT,0.0,PERSONAL,C,12000,13.57,0.18,N,11,0
44696,23,60000,MORTGAGE,7.0,EDUCATION,B,10000,9.88,0.17,N,2,0
44697,38,24000,RENT,0.0,MEDICAL,B,1375,11.11,0.06,N,17,1
44698,23,117000,MORTGAGE,5.0,EDUCATION,D,20400,15.05,0.17,Y,3,0
44699,26,115000,RENT,7.0,VENTURE,D,19000,16.29,0.17,Y,2,0
44700,26,105000,RENT,6.0,HOMEIMPROVEMENT,D,20000,15.05,0.19,Y,2,0
44701,22,34800,RENT,6.0,VENTURE,A,5000,8.0,0.14,N,3,0
44702,22,55000,OWN,6.0,VENTURE,B,18000,8.88,0.33,N,3,0
44703,24,48000,RENT,4.0,EDUCATION,A,6000,7.29,0.13,N,3,0
44704,21,30000,RENT,5.0,PERSONAL,B,3000,11.49,0.1,N,2,0
44705,25,59000,MORTGAGE,7.0,PERSONAL,C,8000,15.27,0.14,N,3,1
44706,33,91092,MORTGAGE,15.0,HOMEIMPROVEMENT,B,12000,11.14,0.13,N,6,0
44707,25,75000,MORTGAGE,6.0,HOMEIMPROVEMENT,A,12000,6.92,0.16,N,3,0
44708,22,80000,RENT,6.0,MEDICAL,A,11400,7.51,0.14,N,3,0
44709,22,30000,RENT,3.0,EDUCATION,C,6500,13.85,0.22,Y,3,0
44710,28,360000,MORTGAGE,12.0,PERSONAL,B,25000,9.99,0.07,N,6,0
44711,22,78000,MORTGAGE,6.0,VENTURE,A,14000,7.51,0.18,N,2,0
44712,25,50000,RENT,6.0,DEBTCONSOLIDATION,A,1600,6.91,0.03,N,3,0
44713,23,45000,RENT,0.0,VENTURE,A,7000,7.66,0.16,N,2,0
44714,23,55000,RENT,7.0,DEBTCONSOLIDATION,A,10000,6.91,0.18,N,2,0
44715,35,40800,RENT,9.0,PERSONAL,D,5000,17.58,0.12,N,7,0
44716,24,72000,RENT,7.0,HOMEIMPROVEMENT,C,10000,15.96,0.14,Y,3,0
44717,23,44000,RENT,1.0,EDUCATION,D,12000,15.05,0.27,N,4,1
44718,33,65000,MORTGAGE,3.0,VENTURE,A,5000,6.99,0.08,N,10,0
44719,22,45000,RENT,6.0,EDUCATION,C,4800,12.73,0.11,Y,4,0
44720,24,46800,RENT,6.0,MEDICAL,C,12000,15.23,0.26,N,3,0
44721,25,19200,RENT,2.0,EDUCATION,A,1000,7.49,0.05,N,2,0
44722,24,52106,RENT,4.0,EDUCATION,C,12000,12.84,0.24,N,4,0
44723,27,63000,RENT,3.0,MEDICAL,C,7200,15.27,0.11,N,5,0
44724,27,33000,RENT,1.0,DEBTCONSOLIDATION,A,3000,6.54,0.09,N,10,0
44725,24,39000,RENT,3.0,DEBTCONSOLIDATION,C,5000,12.68,0.13,N,2,0
44726,22,75000,RENT,6.0,DEBTCONSOLIDATION,A,12000,7.51,0.16,N,3,0
44727,21,55000,RENT,3.0,MEDICAL,B,8000,10.25,0.15,N,2,0
44728,23,45000,RENT,5.0,VENTURE,A,18000,6.03,0.42,N,3,1
44729,23,80000,RENT,0.0,VENTURE,A,10000,5.79,0.13,N,3,0
44730,25,28800,RENT,5.0,MEDICAL,A,5000,7.49,0.17,N,4,0
44731,25,100000,MORTGAGE,9.0,VENTURE,B,18000,10.99,0.18,N,3,0
44732,31,24000,RENT,0.0,MEDICAL,A,5000,6.76,0.21,N,5,0
44733,25,110000,MORTGAGE,9.0,PERSONAL,B,25000,10.74,0.23,N,3,0
44734,32,70000,MORTGAGE,9.0,VENTURE,A,3200,6.03,0.05,N,7,0
44735,24,68004,RENT,4.0,MEDICAL,B,14000,10.38,0.21,N,2,0
44736,23,30000,RENT,5.0,MEDICAL,A,5000,7.51,0.17,N,3,0
44737,25,60000,MORTGAGE,9.0,HOMEIMPROVEMENT,B,15000,10.83,0.25,N,3,0
44738,25,98000,MORTGAGE,9.0,HOMEIMPROVEMENT,B,5000,10.59,0.05,N,3,0
44739,41,70000,RENT,6.0,EDUCATION,B,10000,11.71,0.14,N,16,0
44740,35,80000,MORTGAGE,2.0,EDUCATION,E,6000,15.25,0.07,Y,10,0
44741,22,40000,RENT,5.0,DEBTCONSOLIDATION,A,9000,8.9,0.23,N,3,0
44742,23,50000,MORTGAGE,5.0,MEDICAL,A,10000,5.42,0.2,N,3,0
44743,32,39000,RENT,10.0,EDUCATION,D,5000,16.07,0.13,N,8,1
44744,25,72000,MORTGAGE,9.0,PERSONAL,A,10000,8.49,0.14,N,4,0
44745,22,80000,MORTGAGE,3.0,VENTURE,D,13750,16.29,0.17,N,3,0
44746,26,79416,MORTGAGE,10.0,PERSONAL,D,4500,15.31,0.06,Y,2,0
44747,32,60000,MORTGAGE,11.0,PERSONAL,B,15000,11.86,0.25,N,5,0
44748,23,49000,RENT,0.0,PERSONAL,D,6000,15.62,0.12,Y,2,1
44749,22,30000,RENT,6.0,PERSONAL,D,8500,14.59,0.28,Y,3,1
44750,24,61000,MORTGAGE,8.0,PERSONAL,B,9000,11.49,0.15,N,2,0
44751,27,39996,RENT,11.0,MEDICAL,A,12000,7.51,0.3,N,6,0
44752,25,33000,MORTGAGE,9.0,MEDICAL,A,3000,7.9,0.09,N,2,0
44753,25,67000,RENT,9.0,MEDICAL,B,25000,11.83,0.37,N,2,1
44754,26,24000,OWN,5.0,VENTURE,A,6000,8.9,0.25,N,2,0
44755,23,75000,OWN,7.0,EDUCATION,D,4200,15.95,0.06,N,4,0
44756,32,46800,RENT,3.0,EDUCATION,A,12000,7.88,0.26,N,9,0
44757,23,83004,MORTGAGE,7.0,PERSONAL,C,7500,12.61,0.09,Y,2,0
44758,21,31200,OWN,5.0,VENTURE,B,6000,11.71,0.19,N,2,0
44759,24,115000,MORTGAGE,8.0,HOMEIMPROVEMENT,D,10000,15.05,0.09,N,2,0
44760,29,26400,RENT,0.0,MEDICAL,A,3500,7.74,0.13,N,7,0
44761,23,90000,RENT,2.0,EDUCATION,A,6000,8.9,0.07,N,2,0
44762,26,91000,MORTGAGE,10.0,EDUCATION,B,1000,9.62,0.01,N,4,0
44763,24,62000,MORTGAGE,8.0,EDUCATION,A,12000,6.03,0.19,N,4,0
44764,24,50000,RENT,1.0,EDUCATION,C,7000,13.98,0.14,Y,4,0
44765,34,67000,MORTGAGE,9.0,DEBTCONSOLIDATION,A,22000,6.54,0.33,N,10,0
44766,25,45000,RENT,2.0,VENTURE,B,8000,10.0,0.18,N,4,0
44767,27,79000,MORTGAGE,0.0,EDUCATION,C,7000,12.54,0.09,N,5,0
44768,23,30000,RENT,5.0,MEDICAL,B,10000,11.71,0.33,N,4,1
44769,29,50000,OWN,1.0,EDUCATION,C,6000,12.53,0.12,N,9,0
44770,45,54000,MORTGAGE,4.0,DEBTCONSOLIDATION,B,9000,12.42,0.18,N,14,0
44771,30,55000,MORTGAGE,11.0,DEBTCONSOLIDATION,C,10000,14.72,0.18,N,9,0
44772,24,60000,RENT,3.0,EDUCATION,C,6000,13.99,0.1,Y,3,0
44773,23,102000,MORTGAGE,7.0,DEBTCONSOLIDATION,B,20000,9.01,0.2,N,2,0
44774,25,74700,RENT,0.0,HOMEIMPROVEMENT,D,21000,14.11,0.29,Y,2,1
44775,26,39996,RENT,3.0,MEDICAL,C,12000,13.48,0.3,Y,4,0
44776,24,60000,RENT,4.0,PERSONAL,A,10000,7.49,0.17,N,4,0
44777,29,115000,MORTGAGE,4.0,HOMEIMPROVEMENT,A,6000,7.51,0.05,N,7,0
44778,27,37000,RENT,9.0,DEBTCONSOLIDATION,A,10000,5.42,0.27,N,9,0
44779,33,124000,MORTGAGE,3.0,HOMEIMPROVEMENT,A,12000,7.51,0.1,N,7,0
44780,25,50000,RENT,0.0,EDUCATION,B,8000,10.0,0.16,N,4,0
44781,27,85000,MORTGAGE,11.0,DEBTCONSOLIDATION,A,4000,6.54,0.05,N,5,0
44782,29,74000,MORTGAGE,3.0,EDUCATION,B,11500,11.26,0.16,N,6,0
44783,25,42000,RENT,9.0,MEDICAL,B,12000,10.99,0.29,N,2,0
44784,23,66000,MORTGAGE,7.0,DEBTCONSOLIDATION,A,9600,7.51,0.15,N,3,0
44785,32,86400,RENT,6.0,VENTURE,C,16400,13.98,0.19,N,7,0
44786,22,65000,RENT,3.0,DEBTCONSOLIDATION,B,24000,11.71,0.37,N,4,1
44787,33,67000,MORTGAGE,0.0,EDUCATION,A,7000,7.14,0.1,N,10,0
44788,29,80000,MORTGAGE,13.0,PERSONAL,B,6000,12.69,0.07,N,10,0
44789,30,54600,RENT,2.0,PERSONAL,B,2500,9.99,0.05,N,7,0
44790,28,60000,MORTGAGE,12.0,HOMEIMPROVEMENT,A,3000,7.51,0.05,N,10,0
44791,23,62000,MORTGAGE,4.0,EDUCATION,A,6000,7.51,0.1,N,3,0
44792,22,80000,MORTGAGE,5.0,DEBTCONSOLIDATION,B,3000,11.49,0.04,N,2,0
44793,28,44000,RENT,1.0,VENTURE,C,7200,14.35,0.16,N,6,0
44794,38,49000,RENT,1.0,VENTURE,D,7000,14.96,0.14,Y,15,1
44795,30,42000,RENT,0.0,DEBTCONSOLIDATION,C,10000,13.57,0.24,N,8,1
44796,28,125000,MORTGAGE,3.0,PERSONAL,A,3000,7.51,0.02,N,10,0
44797,27,49200,MORTGAGE,3.0,MEDICAL,C,3500,13.49,0.07,N,7,0
44798,31,72000,MORTGAGE,3.0,MEDICAL,A,10000,6.54,0.14,N,5,0
44799,28,33400,RENT,4.0,PERSONAL,D,1675,15.05,0.05,N,8,1
44800,22,30000,MORTGAGE,6.0,DEBTCONSOLIDATION,A,3075,5.79,0.1,N,3,0
44801,29,41000,RENT,3.0,EDUCATION,B,5000,11.49,0.12,N,7,0
44802,22,75000,RENT,6.0,EDUCATION,C,15000,13.79,0.2,Y,4,0
44803,39,28000,RENT,14.0,MEDICAL,A,1000,7.68,0.04,N,12,0
44804,23,50000,OWN,5.0,VENTURE,B,2000,11.71,0.04,N,2,0
44805,22,60000,MORTGAGE,6.0,PERSONAL,B,6000,12.69,0.1,N,3,0
44806,40,14400,RENT,2.0,HOMEIMPROVEMENT,C,8000,14.27,0.56,N,15,1
44807,21,50000,MORTGAGE,5.0,DEBTCONSOLIDATION,A,12000,6.54,0.24,N,4,0
44808,22,75000,MORTGAGE,6.0,DEBTCONSOLIDATION,A,3000,7.88,0.04,N,4,0
44809,25,58000,RENT,5.0,VENTURE,A,4200,6.62,0.07,N,4,0
44810,36,38000,RENT,0.0,PERSONAL,B,12000,10.59,0.31,N,14,1
44811,36,44000,RENT,4.0,HOMEIMPROVEMENT,D,5000,15.21,0.11,N,13,1
44812,22,54000,MORTGAGE,6.0,HOMEIMPROVEMENT,C,4000,12.99,0.07,Y,2,1
44813,58,34000,RENT,5.0,EDUCATION,D,5000,15.37,0.15,Y,19,0
44814,25,80000,MORTGAGE,9.0,DEBTCONSOLIDATION,C,6000,12.87,0.07,N,2,0
44815,21,92000,MORTGAGE,5.0,DEBTCONSOLIDATION,A,12000,6.62,0.13,N,4,0
44816,25,52500,MORTGAGE,3.0,DEBTCONSOLIDATION,B,8000,11.71,0.15,N,4,0
44817,24,90000,MORTGAGE,0.0,VENTURE,B,7000,10.99,0.08,N,2,0
44818,24,50000,RENT,0.0,PERSONAL,A,8000,9.63,0.16,N,2,0
44819,26,55000,OWN,10.0,HOMEIMPROVEMENT,A,14500,7.88,0.26,N,2,0
44820,31,52000,MORTGAGE,2.0,VENTURE,A,8000,7.51,0.15,N,7,0
44821,26,200000,OWN,10.0,MEDICAL,A,17000,7.88,0.09,N,2,0
44822,30,57000,MORTGAGE,0.0,VENTURE,B,14000,11.58,0.25,N,5,0
44823,56,38000,MORTGAGE,14.0,VENTURE,A,10000,8.0,0.26,N,25,0
44824,27,42000,RENT,6.0,PERSONAL,A,7200,7.9,0.17,N,10,0
44825,33,68000,MORTGAGE,11.0,DEBTCONSOLIDATION,A,5000,9.63,0.07,N,10,0
44826,24,56000,RENT,9.0,EDUCATION,D,8400,16.89,0.15,Y,2,0
44827,30,72000,MORTGAGE,2.0,EDUCATION,D,10000,14.96,0.14,N,10,0
44828,29,38400,RENT,5.0,EDUCATION,A,1000,7.88,0.03,N,7,0
44829,23,48000,RENT,7.0,EDUCATION,B,12000,10.99,0.25,N,2,0
44830,37,50000,RENT,0.0,EDUCATION,B,3000,11.86,0.06,N,15,0
44831,23,72000,MORTGAGE,2.0,VENTURE,A,2000,7.51,0.03,N,3,0
44832,23,69996,MORTGAGE,7.0,EDUCATION,C,3000,14.79,0.04,Y,3,0
44833,29,42000,RENT,14.0,DEBTCONSOLIDATION,B,15000,10.99,0.36,N,9,1
44834,26,142800,MORTGAGE,10.0,MEDICAL,A,6000,5.42,0.05,N,2,1
44835,35,89000,MORTGAGE,3.0,VENTURE,B,10000,10.0,0.11,N,5,0
44836,22,36000,RENT,6.0,DEBTCONSOLIDATION,C,1500,12.53,0.04,Y,2,0
44837,24,84996,MORTGAGE,8.0,HOMEIMPROVEMENT,A,3500,5.42,0.04,N,3,0
44838,26,130000,RENT,3.0,VENTURE,D,25000,14.96,0.19,N,3,0
44839,32,87000,MORTGAGE,3.0,MEDICAL,B,15000,11.14,0.17,N,9,0
44840,47,68000,MORTGAGE,13.0,MEDICAL,C,7000,13.49,0.1,N,16,0
44841,22,28000,RENT,5.0,MEDICAL,D,5000,15.33,0.18,N,2,1
44842,40,38400,RENT,2.0,PERSONAL,B,8000,12.42,0.21,N,11,0
44843,23,60000,RENT,7.0,VENTURE,C,10000,14.22,0.17,Y,4,0
44844,29,115000,RENT,7.0,VENTURE,D,20000,14.74,0.17,N,6,0
44845,22,62000,MORTGAGE,6.0,EDUCATION,A,9000,7.14,0.15,N,4,0
44846,29,52700,RENT,13.0,PERSONAL,D,6000,16.49,0.11,Y,7,0
44847,23,30000,RENT,2.0,HOMEIMPROVEMENT,B,10000,10.99,0.33,N,4,1
44848,26,50000,RENT,6.0,DEBTCONSOLIDATION,A,3000,7.66,0.06,N,3,0
44849,40,90000,MORTGAGE,4.0,DEBTCONSOLIDATION,C,3000,12.53,0.03,N,17,0
44850,26,80000,MORTGAGE,5.0,EDUCATION,B,5000,11.49,0.06,N,4,0
44851,38,85920,MORTGAGE,3.0,VENTURE,A,10000,8.49,0.12,N,13,0
44852,26,72000,MORTGAGE,6.0,EDUCATION,B,15000,9.88,0.21,N,3,0
44853,25,30000,RENT,3.0,DEBTCONSOLIDATION,A,10000,7.9,0.33,N,2,1
44854,30,48720,RENT,2.0,PERSONAL,C,10000,13.85,0.21,Y,7,0
44855,23,55000,MORTGAGE,3.0,EDUCATION,C,8000,13.49,0.15,N,2,0
44856,22,48000,RENT,6.0,EDUCATION,A,5000,7.29,0.1,N,4,0
44857,22,45000,RENT,4.0,VENTURE,C,5000,14.27,0.11,Y,3,0
44858,28,110000,MORTGAGE,3.0,VENTURE,B,14000,10.74,0.13,N,6,0
44859,23,47000,MORTGAGE,8.0,PERSONAL,A,10000,6.62,0.21,N,3,0
44860,24,57996,RENT,8.0,MEDICAL,C,4800,12.99,0.09,Y,2,0
44861,27,110004,MORTGAGE,2.0,HOMEIMPROVEMENT,B,15000,11.58,0.14,N,9,0
44862,21,78200,MORTGAGE,5.0,VENTURE,D,7500,16.02,0.09,N,2,1
44863,32,165000,MORTGAGE,4.0,VENTURE,A,25000,7.9,0.15,N,8,0
44864,38,50000,RENT,0.0,MEDICAL,B,4000,10.59,0.08,N,11,0
44865,28,75000,RENT,0.0,EDUCATION,B,6000,10.59,0.08,N,7,0
44866,43,65000,RENT,0.0,MEDICAL,A,5000,9.32,0.08,N,17,0
44867,22,130000,MORTGAGE,3.0,DEBTCONSOLIDATION,B,24000,11.83,0.18,N,4,0
44868,29,120000,MORTGAGE,13.0,PERSONAL,A,6000,6.03,0.05,N,9,0
44869,26,32000,RENT,1.0,VENTURE,B,15000,10.0,0.48,N,3,1
44870,25,32000,RENT,9.0,MEDICAL,A,5000,8.9,0.16,N,3,0
44871,30,65000,RENT,5.0,VENTURE,A,12000,6.91,0.18,N,7,0
44872,25,35000,OWN,2.0,MEDICAL,B,5000,11.71,0.14,N,3,0
44873,25,72500,RENT,2.0,HOMEIMPROVEMENT,A,16000,7.49,0.22,N,4,0
44874,25,33280,RENT,2.0,EDUCATION,B,8250,12.53,0.25,N,4,0
44875,27,30000,RENT,3.0,MEDICAL,A,9000,7.51,0.3,N,9,1
44876,32,52660,MORTGAGE,11.0,HOMEIMPROVEMENT,C,4500,13.16,0.09,Y,9,0
44877,27,200000,MORTGAGE,11.0,DEBTCONSOLIDATION,B,21000,11.48,0.11,N,6,0
44878,36,85000,MORTGAGE,20.0,VENTURE,D,10000,14.96,0.12,N,12,0
44879,26,75000,RENT,9.0,EDUCATION,C,12000,12.09,0.16,Y,3,0
44880,45,65000,OWN,0.0,VENTURE,D,19000,16.49,0.29,Y,12,0
44881,30,85000,MORTGAGE,0.0,PERSONAL,A,4800,7.88,0.06,N,6,0
44882,30,54000,RENT,5.0,HOMEIMPROVEMENT,B,10000,12.42,0.19,N,5,1
44883,32,65004,MORTGAGE,2.0,PERSONAL,B,5000,11.86,0.07,N,9,0
44884,23,55000,RENT,7.0,MEDICAL,B,10000,11.49,0.18,N,2,0
44885,26,70000,MORTGAGE,10.0,PERSONAL,A,11500,5.99,0.17,N,3,0
44886,21,30000,RENT,5.0,VENTURE,A,8000,8.49,0.27,N,4,0
44887,33,43000,RENT,0.0,MEDICAL,C,15000,13.57,0.35,Y,8,1
44888,23,69000,RENT,5.0,EDUCATION,A,14000,8.49,0.2,N,2,0
44889,25,40000,RENT,2.0,PERSONAL,B,1000,11.99,0.03,N,3,0
44890,22,30000,RENT,0.0,MEDICAL,A,10000,9.63,0.33,N,2,1
44891,24,40000,RENT,8.0,MEDICAL,A,8000,7.14,0.2,N,3,0
44892,24,38400,RENT,3.0,MEDICAL,B,3200,11.71,0.08,N,2,0
44893,24,70000,MORTGAGE,0.0,MEDICAL,B,13000,10.95,0.19,N,2,0
44894,21,34000,RENT,5.0,VENTURE,D,8500,16.89,0.25,Y,3,1
44895,29,70000,MORTGAGE,3.0,HOMEIMPROVEMENT,A,10000,5.79,0.14,N,5,0
44896,23,50000,RENT,1.0,DEBTCONSOLIDATION,C,4000,14.26,0.08,N,2,0
44897,22,60000,MORTGAGE,6.0,MEDICAL,C,6000,12.73,0.1,N,4,0
44898,32,48000,RENT,5.0,EDUCATION,B,4000,10.62,0.08,N,10,0
44899,22,24000,OWN,3.0,VENTURE,B,8000,11.99,0.33,N,4,0
44900,32,60000,RENT,7.0,PERSONAL,C,11200,12.99,0.19,N,5,0
44901,31,60000,MORTGAGE,0.0,MEDICAL,B,12500,10.99,0.21,N,5,0
44902,25,42000,RENT,4.0,EDUCATION,A,13000,6.62,0.33,N,4,1
44903,27,24000,RENT,2.0,PERSONAL,A,10000,6.62,0.42,N,10,1
44904,22,30000,RENT,6.0,EDUCATION,B,8000,10.74,0.27,N,3,0
44905,23,50000,RENT,0.0,EDUCATION,A,7500,8.9,0.14,N,3,0
44906,49,50400,RENT,4.0,HOMEIMPROVEMENT,D,5000,15.21,0.1,N,12,0
44907,29,78000,MORTGAGE,1.0,PERSONAL,C,15000,14.26,0.19,Y,7,0
44908,29,50004,MORTGAGE,5.0,PERSONAL,A,10000,8.59,0.2,N,5,0
44909,36,40000,MORTGAGE,5.0,DEBTCONSOLIDATION,C,6000,13.98,0.15,N,17,0
44910,27,60000,RENT,1.0,MEDICAL,C,9000,13.61,0.15,Y,7,0
44911,45,22000,RENT,0.0,EDUCATION,A,2500,7.14,0.11,N,16,0
44912,26,49993,MORTGAGE,10.0,DEBTCONSOLIDATION,D,10000,15.95,0.2,N,4,1
44913,43,170000,MORTGAGE,2.0,DEBTCONSOLIDATION,A,24000,7.49,0.14,N,16,0
44914,22,80000,RENT,3.0,VENTURE,A,15000,7.49,0.19,N,4,0
44915,25,43000,RENT,2.0,MEDICAL,B,8400,10.62,0.2,N,4,0
44916,33,95000,RENT,0.0,HOMEIMPROVEMENT,B,12000,10.99,0.13,N,7,0
44917,34,28800,RENT,1.0,DEBTCONSOLIDATION,A,2500,5.42,0.09,N,6,0
44918,31,120000,MORTGAGE,5.0,PERSONAL,D,25000,15.58,0.21,Y,5,0
44919,38,130000,MORTGAGE,4.0,EDUCATION,C,12000,12.23,0.09,Y,11,0
44920,29,83600,RENT,0.0,PERSONAL,A,15000,8.49,0.18,N,7,1
44921,23,56000,MORTGAGE,7.0,PERSONAL,A,5000,7.91,0.09,N,3,0
44922,30,100000,OWN,0.0,MEDICAL,B,15000,10.65,0.15,N,9,0
44923,25,60000,RENT,9.0,PERSONAL,C,15000,13.49,0.25,Y,2,0
44924,29,125000,MORTGAGE,13.0,HOMEIMPROVEMENT,B,15000,12.21,0.12,N,9,0
44925,23,42000,RENT,4.0,DEBTCONSOLIDATION,A,10500,7.49,0.25,N,2,0
44926,23,29000,RENT,3.0,PERSONAL,C,5000,12.53,0.17,Y,3,0
44927,30,80690,RENT,6.0,EDUCATION,A,30000,7.9,0.39,N,5,1
44928,27,31200,RENT,2.0,MEDICAL,C,4000,14.35,0.13,N,6,0
44929,27,73580,RENT,3.0,EDUCATION,B,15000,11.89,0.2,N,10,0
44930,38,44000,RENT,2.0,MEDICAL,A,12000,6.17,0.27,N,16,0
44931,34,59700,MORTGAGE,10.0,PERSONAL,B,15000,9.99,0.25,N,7,0
44932,26,52000,RENT,5.0,EDUCATION,B,6000,10.75,0.12,N,2,0
44933,26,45000,RENT,2.0,EDUCATION,A,5000,6.03,0.11,N,3,0
44934,26,95000,RENT,0.0,PERSONAL,B,19200,10.99,0.2,N,2,0
44935,36,36000,MORTGAGE,7.0,MEDICAL,D,5000,15.37,0.14,Y,14,1
44936,28,60000,MORTGAGE,0.0,PERSONAL,B,10000,10.65,0.17,N,8,0
44937,24,54000,RENT,8.0,MEDICAL,B,5200,9.25,0.1,N,2,0
44938,27,90000,MORTGAGE,5.0,DEBTCONSOLIDATION,B,10000,10.62,0.11,N,7,0
44939,23,80000,MORTGAGE,7.0,EDUCATION,D,6500,17.58,0.08,Y,4,0
44940,24,72000,MORTGAGE,8.0,VENTURE,B,6000,10.99,0.08,N,2,0
44941,27,75000,RENT,7.0,EDUCATION,C,6400,13.47,0.09,Y,8,0
44942,30,77000,MORTGAGE,14.0,DEBTCONSOLIDATION,A,25000,7.51,0.32,N,8,0
44943,24,110000,MORTGAGE,8.0,EDUCATION,A,20000,6.54,0.18,N,3,0
44944,24,40000,MORTGAGE,8.0,MEDICAL,A,2950,7.29,0.07,N,4,0
44945,22,75000,OWN,0.0,PERSONAL,B,7200,10.37,0.1,N,3,0
44946,24,29000,RENT,1.0,EDUCATION,D,6400,15.65,0.22,N,2,1
44947,27,75000,RENT,3.0,HOMEIMPROVEMENT,B,6000,10.36,0.08,N,8,0
44948,22,49000,RENT,6.0,EDUCATION,E,10000,16.82,0.2,N,4,1
44949,22,33000,RENT,4.0,MEDICAL,D,1500,14.59,0.04,N,4,1
44950,33,54000,MORTGAGE,3.0,VENTURE,A,5000,7.66,0.09,N,6,0
44951,23,26000,RENT,2.0,MEDICAL,A,8000,6.03,0.31,N,3,1
44952,27,40000,RENT,1.0,DEBTCONSOLIDATION,B,15000,10.65,0.38,N,5,1
44953,28,75000,OWN,6.0,PERSONAL,B,7200,11.99,0.1,N,6,0
44954,28,45000,RENT,1.0,DEBTCONSOLIDATION,A,6000,8.94,0.13,N,7,0
44955,29,57000,MORTGAGE,4.0,PERSONAL,B,5000,11.14,0.09,N,9,0
44956,22,34000,RENT,2.0,VENTURE,D,7200,17.58,0.21,N,2,1
44957,24,49000,MORTGAGE,8.0,DEBTCONSOLIDATION,A,3500,5.42,0.07,N,2,0
44958,22,57000,RENT,0.0,MEDICAL,C,900,11.41,0.02,N,4,0
44959,23,52000,MORTGAGE,3.0,EDUCATION,F,6600,19.79,0.13,N,2,1
44960,22,54000,MORTGAGE,6.0,DEBTCONSOLIDATION,D,10000,15.65,0.19,Y,3,1
44961,27,65000,MORTGAGE,11.0,HOMEIMPROVEMENT,A,10000,7.51,0.15,N,7,0
44962,23,60000,RENT,3.0,MEDICAL,B,8000,10.65,0.13,N,2,0
44963,23,28452,RENT,2.0,DEBTCONSOLIDATION,C,1500,12.87,0.05,N,4,0
44964,22,59000,RENT,3.0,DEBTCONSOLIDATION,B,10000,10.37,0.17,N,3,0
44965,39,45000,MORTGAGE,15.0,DEBTCONSOLIDATION,A,6000,7.88,0.13,N,14,0
44966,36,66000,MORTGAGE,8.0,PERSONAL,A,10000,7.49,0.15,N,14,0
44967,22,70000,MORTGAGE,3.0,PERSONAL,B,10000,10.62,0.14,N,2,0
44968,29,30000,MORTGAGE,3.0,VENTURE,A,3000,5.42,0.1,N,9,0
44969,28,72000,MORTGAGE,12.0,PERSONAL,A,6000,7.14,0.08,N,7,0
44970,28,120000,MORTGAGE,12.0,DEBTCONSOLIDATION,B,5000,11.89,0.04,N,7,0
44971,29,50000,RENT,5.0,DEBTCONSOLIDATION,A,4000,8.49,0.08,N,7,0
44972,25,103000,RENT,8.0,DEBTCONSOLIDATION,D,7500,16.77,0.07,N,2,1
44973,25,58000,MORTGAGE,3.0,MEDICAL,A,6000,5.79,0.1,N,3,1
44974,29,36000,RENT,3.0,EDUCATION,A,9000,7.14,0.25,N,9,0
44975,28,37004,RENT,0.0,VENTURE,D,4000,15.05,0.11,N,10,1
44976,37,75000,MORTGAGE,0.0,EDUCATION,A,7200,7.88,0.09,N,15,0
44977,23,100000,MORTGAGE,3.0,EDUCATION,A,8000,8.49,0.08,N,4,0
44978,23,65000,RENT,0.0,MEDICAL,A,3600,6.99,0.06,N,2,0
44979,24,70000,MORTGAGE,8.0,EDUCATION,A,5000,7.88,0.07,N,4,0
44980,26,31000,RENT,5.0,HOMEIMPROVEMENT,A,8875,7.66,0.29,N,3,1
44981,28,85000,MORTGAGE,9.0,HOMEIMPROVEMENT,A,8000,8.59,0.09,N,10,0
44982,23,60000,RENT,5.0,EDUCATION,A,15000,7.9,0.25,N,2,0
44983,26,105000,MORTGAGE,2.0,MEDICAL,B,6000,10.99,0.06,N,3,0
44984,23,24000,RENT,0.0,VENTURE,C,6000,13.49,0.25,Y,3,0
44985,24,34000,RENT,3.0,DEBTCONSOLIDATION,D,5500,15.62,0.17,Y,3,1
44986,25,65000,RENT,2.0,VENTURE,D,20000,16.71,0.31,N,3,1
44987,28,44000,RENT,3.0,PERSONAL,A,16000,8.9,0.36,N,8,1
44988,36,49000,RENT,2.0,DEBTCONSOLIDATION,B,2400,11.49,0.05,N,14,0
44989,36,60000,MORTGAGE,3.0,HOMEIMPROVEMENT,A,5000,7.88,0.08,N,12,0
44990,32,60000,MORTGAGE,16.0,PERSONAL,A,12000,6.54,0.2,N,7,0
44991,27,90000,RENT,0.0,HOMEIMPROVEMENT,A,12000,8.94,0.13,N,8,0
44992,28,66000,RENT,4.0,DEBTCONSOLIDATION,B,15000,9.99,0.23,N,9,0
44993,38,100000,RENT,3.0,VENTURE,B,24250,10.59,0.25,N,13,0
44994,22,26400,RENT,0.0,VENTURE,A,3500,8.59,0.13,N,3,0
44995,23,54400,RENT,7.0,MEDICAL,D,5000,15.99,0.08,Y,4,1
44996,30,65000,RENT,7.0,VENTURE,A,10000,7.49,0.15,N,9,0
44997,26,45000,RENT,2.0,MEDICAL,A,10000,7.88,0.22,N,3,0
44998,26,110000,RENT,5.0,VENTURE,B,10000,9.45,0.09,N,3,0
44999,21,33000,RENT,3.0,PERSONAL,C,2500,14.35,0.08,N,4,0
45000,22,148350,MORTGAGE,6.0,DEBTCONSOLIDATION,A,2500,6.39,0.02,N,2,0
45001,23,65000,OWN,0.0,VENTURE,B,6000,9.99,0.09,N,2,0
45002,26,30000,RENT,3.0,DEBTCONSOLIDATION,B,6000,12.53,0.2,N,2,0
45003,31,39600,RENT,2.0,DEBTCONSOLIDATION,C,5000,14.72,0.13,N,9,0
45004,26,68496,MORTGAGE,10.0,EDUCATION,B,10000,11.71,0.15,N,3,0
45005,23,42000,RENT,0.0,PERSONAL,B,6000,11.71,0.14,N,3,0
45006,22,76500,MORTGAGE,6.0,EDUCATION,C,25000,14.35,0.33,N,2,0
45007,33,90000,MORTGAGE,4.0,DEBTCONSOLIDATION,B,4600,11.49,0.05,N,9,0
45008,26,48000,OWN,1.0,VENTURE,D,4500,16.02,0.09,N,2,0
45009,23,30000,RENT,0.0,MEDICAL,C,7200,15.27,0.24,N,3,0
45010,24,60000,RENT,8.0,MEDICAL,B,10000,10.25,0.17,N,3,0
45011,25,50000,RENT,0.0,VENTURE,C,7500,13.49,0.15,N,3,0
45012,26,50400,RENT,9.0,DEBTCONSOLIDATION,B,7000,9.91,0.14,N,2,0
45013,22,80000,MORTGAGE,6.0,EDUCATION,A,5000,7.51,0.06,N,2,0
45014,24,24000,RENT,5.0,MEDICAL,B,8000,11.14,0.33,N,3,1
45015,26,58000,RENT,5.0,MEDICAL,A,20000,6.91,0.34,N,2,1
45016,27,50000,MORTGAGE,1.0,MEDICAL,B,5600,10.99,0.11,N,5,0
45017,28,65004,OWN,0.0,PERSONAL,C,15000,12.87,0.23,N,7,0
45018,30,40000,RENT,5.0,PERSONAL,B,9000,10.99,0.23,N,8,0
45019,24,94000,RENT,5.0,PERSONAL,B,25000,11.49,0.27,N,4,0
45020,24,100000,MORTGAGE,4.0,DEBTCONSOLIDATION,C,10000,12.73,0.1,N,2,0
45021,21,90000,RENT,3.0,EDUCATION,A,10000,8.49,0.11,N,2,0
45022,23,60000,MORTGAGE,7.0,VENTURE,A,15000,5.99,0.25,N,3,0
45023,28,42000,RENT,7.0,EDUCATION,B,4800,11.99,0.11,N,5,0
45024,24,30000,RENT,4.0,EDUCATION,E,10000,19.29,0.33,N,2,1
45025,33,140000,MORTGAGE,14.0,MEDICAL,A,9000,5.99,0.06,N,9,0
45026,34,30000,OWN,2.0,VENTURE,D,7500,12.61,0.25,Y,9,0
45027,36,46000,RENT,0.0,PERSONAL,D,15000,14.46,0.33,Y,17,1
45028,24,49500,RENT,2.0,PERSONAL,C,9000,15.23,0.19,Y,3,0
45029,21,30000,OWN,4.0,VENTURE,B,5000,9.99,0.17,N,4,0
45030,23,120000,MORTGAGE,7.0,VENTURE,A,20000,7.9,0.17,N,3,0
45031,33,42000,MORTGAGE,0.0,MEDICAL,C,3000,14.65,0.07,N,6,0
45032,28,70000,OWN,8.0,PERSONAL,B,24000,11.83,0.34,N,9,0
45033,22,55000,MORTGAGE,6.0,MEDICAL,B,3000,11.99,0.05,N,3,0
45034,24,50000,RENT,8.0,HOMEIMPROVEMENT,B,10500,11.48,0.2,N,4,0
45035,37,36000,RENT,0.0,DEBTCONSOLIDATION,E,10000,16.0,0.28,N,15,1
45036,42,44000,MORTGAGE,8.0,PERSONAL,A,5500,7.88,0.12,N,17,0
45037,29,72000,MORTGAGE,2.0,HOMEIMPROVEMENT,A,4000,6.76,0.06,N,9,0
45038,29,92000,MORTGAGE,13.0,MEDICAL,B,18000,12.42,0.2,N,9,0
45039,36,44000,RENT,8.0,DEBTCONSOLIDATION,A,17500,7.51,0.4,N,12,1
45040,30,24000,RENT,4.0,DEBTCONSOLIDATION,B,3000,11.14,0.13,N,7,0
45041,25,75000,RENT,4.0,EDUCATION,C,14000,13.79,0.19,Y,3,0
45042,41,48605,RENT,2.0,MEDICAL,B,12000,10.37,0.25,N,17,0
45043,47,50000,RENT,4.0,PERSONAL,C,12000,13.79,0.24,N,16,0
45044,29,140000,MORTGAGE,2.0,VENTURE,B,10000,10.65,0.07,N,10,0
45045,24,54000,RENT,1.0,PERSONAL,D,4800,14.91,0.09,Y,3,1
45046,23,100000,MORTGAGE,7.0,EDUCATION,D,20000,15.95,0.2,Y,4,0
45047,26,38000,RENT,1.0,EDUCATION,C,2500,13.49,0.07,Y,3,0
45048,44,30000,RENT,8.0,EDUCATION,B,7200,11.71,0.24,N,13,0
45049,23,50000,RENT,1.0,PERSONAL,A,4000,5.99,0.08,N,2,0
45050,24,110000,RENT,4.0,EDUCATION,B,15000,10.38,0.14,N,4,0
45051,26,65000,RENT,1.0,HOMEIMPROVEMENT,B,10000,9.91,0.15,N,3,0
45052,33,60000,RENT,2.0,HOMEIMPROVEMENT,B,4000,10.99,0.07,N,10,0
45053,25,100000,MORTGAGE,9.0,VENTURE,A,10000,5.42,0.1,N,3,0
45054,41,150000,MORTGAGE,16.0,HOMEIMPROVEMENT,B,25000,10.25,0.17,N,15,0
45055,36,43200,MORTGAGE,16.0,PERSONAL,A,6000,5.42,0.14,N,12,0
45056,25,55000,MORTGAGE,9.0,MEDICAL,A,1500,7.49,0.03,N,4,0
45057,28,61656,OWN,12.0,MEDICAL,A,6000,8.49,0.09,N,8,0
45058,27,48000,RENT,9.0,DEBTCONSOLIDATION,C,1400,14.26,0.03,Y,5,0
45059,27,150000,MORTGAGE,11.0,VENTURE,A,10000,7.49,0.07,N,5,0
45060,33,52000,MORTGAGE,13.0,EDUCATION,A,4500,7.14,0.08,N,9,0
45061,30,120000,MORTGAGE,3.0,DEBTCONSOLIDATION,C,6000,12.84,0.05,Y,9,0
45062,22,36000,RENT,0.0,EDUCATION,B,12375,10.91,0.34,N,4,1
45063,21,60000,MORTGAGE,5.0,EDUCATION,B,10000,10.62,0.17,N,3,0
45064,23,28000,RENT,5.0,PERSONAL,C,6000,13.11,0.21,N,3,0
45065,25,62000,MORTGAGE,4.0,HOMEIMPROVEMENT,A,16800,6.92,0.26,N,2,0
45066,22,70000,MORTGAGE,0.0,PERSONAL,A,10000,6.91,0.14,N,4,0
45067,28,50000,MORTGAGE,4.0,PERSONAL,B,6000,9.91,0.12,N,7,0
45068,23,151000,MORTGAGE,1.0,DEBTCONSOLIDATION,C,15000,12.84,0.1,Y,3,0
45069,23,72000,MORTGAGE,8.0,MEDICAL,B,10000,10.65,0.14,N,3,0
45070,30,65000,MORTGAGE,11.0,PERSONAL,A,12000,8.9,0.18,N,9,0
45071,24,82000,MORTGAGE,8.0,HOMEIMPROVEMENT,A,3800,7.66,0.04,N,2,0
45072,29,28000,RENT,3.0,MEDICAL,B,7000,12.42,0.25,N,9,0
45073,23,25000,RENT,3.0,PERSONAL,C,3450,13.48,0.14,Y,3,0
45074,26,16800,RENT,0.0,DEBTCONSOLIDATION,D,2500,16.0,0.14,N,3,1
45075,28,53851,RENT,2.0,DEBTCONSOLIDATION,B,13600,10.0,0.26,N,10,0
45076,27,120000,MORTGAGE,1.0,PERSONAL,B,6000,10.25,0.05,N,9,0
45077,22,48000,RENT,6.0,PERSONAL,B,15000,10.62,0.31,N,2,1
45078,28,28000,RENT,2.0,MEDICAL,A,7500,5.42,0.27,N,9,0
45079,22,25000,RENT,4.0,PERSONAL,D,4000,16.32,0.16,N,3,0
45080,23,73008,MORTGAGE,7.0,DEBTCONSOLIDATION,D,6625,13.24,0.08,Y,3,1
45081,23,27600,RENT,2.0,MEDICAL,B,7500,10.99,0.27,N,4,0
45082,23,47000,RENT,1.0,MEDICAL,B,22000,12.18,0.47,N,3,1
45083,29,52000,RENT,2.0,PERSONAL,C,6000,12.23,0.12,N,10,0
45084,24,85000,RENT,0.0,DEBTCONSOLIDATION,A,11600,7.29,0.14,N,3,0
45085,22,39000,RENT,1.0,VENTURE,C,7000,13.23,0.18,Y,3,1
45086,22,55000,MORTGAGE,2.0,PERSONAL,A,6000,8.9,0.11,N,2,0
45087,34,40000,RENT,0.0,MEDICAL,C,1000,13.99,0.03,Y,6,0
45088,25,55000,MORTGAGE,5.0,EDUCATION,A,10000,7.14,0.18,N,3,0
45089,24,97000,MORTGAGE,8.0,VENTURE,B,10000,10.65,0.1,N,4,0
45090,27,24000,OWN,0.0,MEDICAL,A,6000,7.29,0.25,N,10,0
45091,30,55000,RENT,4.0,VENTURE,B,4200,9.91,0.08,N,10,0
45092,23,75000,MORTGAGE,7.0,DEBTCONSOLIDATION,C,15000,13.49,0.2,N,2,0
45093,35,24000,RENT,3.0,MEDICAL,D,2800,15.21,0.12,Y,6,0
45094,21,38400,OWN,5.0,EDUCATION,D,8000,16.0,0.21,N,4,0
45095,26,84996,MORTGAGE,4.0,DEBTCONSOLIDATION,A,9000,9.32,0.11,N,3,0
45096,23,38400,RENT,7.0,EDUCATION,B,5000,11.49,0.13,N,2,0
45097,27,90000,MORTGAGE,3.0,MEDICAL,B,12000,10.38,0.13,N,7,0
45098,30,64000,RENT,5.0,DEBTCONSOLIDATION,D,16000,14.61,0.25,Y,6,1
45099,35,38000,RENT,3.0,DEBTCONSOLIDATION,A,5000,7.88,0.13,N,6,0
45100,22,36000,RENT,5.0,PERSONAL,B,13500,9.88,0.38,N,3,1
45101,28,56000,RENT,2.0,PERSONAL,D,20000,14.54,0.36,Y,7,1
45102,22,25000,OWN,2.0,VENTURE,C,7000,13.61,0.28,N,2,0
45103,24,24000,RENT,0.0,MEDICAL,A,9750,6.91,0.44,N,4,1
45104,26,170000,MORTGAGE,10.0,MEDICAL,B,25000,10.99,0.15,N,2,0
45105,27,60000,MORTGAGE,9.0,EDUCATION,C,24250,13.47,0.4,N,7,0
45106,23,60000,RENT,5.0,EDUCATION,A,15000,6.62,0.25,N,2,0
45107,27,48000,MORTGAGE,7.0,VENTURE,A,4500,5.42,0.09,N,8,0
45108,41,85000,MORTGAGE,0.0,EDUCATION,C,20000,13.23,0.24,Y,11,0
45109,53,60000,RENT,0.0,PERSONAL,D,5000,15.99,0.08,Y,28,1
45110,30,29004,MORTGAGE,3.0,HOMEIMPROVEMENT,C,12000,13.49,0.41,Y,6,1
45111,25,84000,MORTGAGE,9.0,MEDICAL,A,11500,7.88,0.14,N,2,0
45112,25,55200,RENT,3.0,MEDICAL,D,12000,15.65,0.22,Y,3,0
45113,24,96000,OWN,5.0,EDUCATION,D,12000,16.29,0.13,N,2,0
45114,23,51996,MORTGAGE,7.0,VENTURE,A,10000,7.51,0.19,N,4,0
45115,26,40000,MORTGAGE,3.0,VENTURE,A,4200,6.92,0.1,N,2,0
45116,22,67000,MORTGAGE,6.0,EDUCATION,A,7000,7.14,0.1,N,4,0
45117,23,65000,RENT,2.0,VENTURE,B,7000,10.37,0.11,N,4,0
45118,29,50000,MORTGAGE,13.0,PERSONAL,A,10000,5.42,0.2,N,9,0
45119,23,27996,RENT,4.0,VENTURE,B,8500,11.58,0.3,N,4,0
45120,28,150000,RENT,5.0,DEBTCONSOLIDATION,A,24000,6.99,0.16,N,9,0
45121,24,60000,RENT,8.0,MEDICAL,A,5000,7.29,0.08,N,2,0
45122,23,39996,RENT,0.0,EDUCATION,C,7000,13.79,0.18,N,2,0
45123,22,19200,RENT,2.0,VENTURE,B,4000,11.12,0.21,N,3,1
45124,23,55000,RENT,1.0,VENTURE,A,12000,5.42,0.22,N,2,0
45125,24,52000,RENT,2.0,PERSONAL,C,12000,13.99,0.23,Y,3,0
45126,24,35000,MORTGAGE,8.0,MEDICAL,B,10000,10.59,0.29,N,2,0
45127,24,60000,MORTGAGE,8.0,PERSONAL,A,10000,7.66,0.17,N,4,0
45128,21,128000,RENT,5.0,EDUCATION,D,12000,15.58,0.09,N,4,0
45129,39,35000,MORTGAGE,18.0,EDUCATION,C,4200,15.23,0.12,N,11,0
45130,31,77000,MORTGAGE,4.0,DEBTCONSOLIDATION,B,12000,10.99,0.16,N,10,0
45131,25,84000,MORTGAGE,9.0,DEBTCONSOLIDATION,A,4200,7.9,0.05,N,2,0
45132,23,42000,MORTGAGE,3.0,EDUCATION,A,12000,7.51,0.29,N,2,0
45133,23,110000,RENT,7.0,DEBTCONSOLIDATION,A,12000,7.49,0.11,N,3,0
45134,26,27600,RENT,5.0,VENTURE,B,9000,10.0,0.31,N,4,1
45135,27,130000,RENT,2.0,PERSONAL,B,10800,10.99,0.08,N,6,0
45136,23,30400,RENT,2.0,PERSONAL,D,10000,14.54,0.33,Y,2,1
45137,29,52000,RENT,3.0,MEDICAL,B,12000,10.99,0.23,N,9,0
45138,22,55000,MORTGAGE,6.0,EDUCATION,B,5500,11.99,0.1,N,4,0
45139,31,42000,RENT,0.0,EDUCATION,C,15000,13.48,0.36,N,9,1
45140,25,95000,MORTGAGE,3.0,PERSONAL,B,5000,10.62,0.05,N,3,0
45141,25,60000,MORTGAGE,3.0,DEBTCONSOLIDATION,B,13750,11.14,0.23,N,4,0
45142,40,60000,MORTGAGE,18.0,VENTURE,A,16750,7.88,0.28,N,14,0
45143,23,55000,MORTGAGE,7.0,MEDICAL,A,7000,7.88,0.13,N,4,0
45144,23,51000,MORTGAGE,7.0,VENTURE,A,12000,7.88,0.24,N,3,0
45145,25,53000,OWN,4.0,HOMEIMPROVEMENT,D,10000,14.91,0.19,N,2,0
45146,23,75000,RENT,7.0,DEBTCONSOLIDATION,C,6000,14.27,0.08,N,4,1
45147,24,30000,RENT,8.0,MEDICAL,A,4000,7.74,0.13,N,4,0
45148,26,65004,RENT,1.0,DEBTCONSOLIDATION,C,4800,13.49,0.07,Y,2,0
45149,28,66000,RENT,2.0,PERSONAL,A,4000,6.03,0.06,N,9,0
45150,25,41000,MORTGAGE,1.0,PERSONAL,A,6600,7.49,0.16,N,2,0
45151,25,120000,MORTGAGE,4.0,EDUCATION,B,8000,9.63,0.07,N,2,0
45152,21,27000,RENT,1.0,EDUCATION,B,1500,10.99,0.06,N,3,0
45153,28,200000,MORTGAGE,12.0,MEDICAL,B,12000,10.99,0.06,N,10,0
45154,29,35000,RENT,0.0,EDUCATION,A,5000,8.9,0.14,N,5,0
45155,37,80000,RENT,0.0,VENTURE,A,15000,6.54,0.19,N,17,0
45156,23,48000,MORTGAGE,7.0,DEBTCONSOLIDATION,B,5000,10.99,0.1,N,4,0
45157,23,30000,RENT,2.0,MEDICAL,B,8000,11.99,0.27,N,3,0
45158,28,91000,MORTGAGE,12.0,MEDICAL,D,28000,14.96,0.31,N,7,1
45159,22,29376,RENT,1.0,EDUCATION,A,5950,8.94,0.2,N,3,0
45160,28,95000,MORTGAGE,5.0,HOMEIMPROVEMENT,B,10000,10.99,0.11,N,10,0
45161,23,65000,MORTGAGE,5.0,EDUCATION,A,10000,7.51,0.15,N,4,0
45162,25,40000,RENT,5.0,VENTURE,B,10000,10.36,0.25,N,4,0
45163,23,75000,MORTGAGE,6.0,EDUCATION,A,8000,8.0,0.11,N,4,0
45164,27,61000,RENT,1.0,VENTURE,C,15000,14.65,0.25,N,10,0
45165,27,130000,MORTGAGE,6.0,EDUCATION,A,32000,6.54,0.24,N,8,0
45166,22,48000,MORTGAGE,6.0,EDUCATION,A,5000,8.49,0.1,N,4,0
45167,28,115000,MORTGAGE,12.0,DEBTCONSOLIDATION,A,22000,7.49,0.19,N,6,0
45168,23,57110,RENT,5.0,MEDICAL,B,2400,10.0,0.04,N,4,0
45169,23,76500,RENT,7.0,VENTURE,E,7800,17.04,0.1,Y,2,0
45170,26,32000,RENT,10.0,VENTURE,B,15000,10.0,0.47,N,2,1
45171,24,85000,MORTGAGE,8.0,EDUCATION,B,5000,10.99,0.06,N,3,0
45172,29,60000,RENT,0.0,VENTURE,D,7000,14.96,0.12,N,7,1
45173,25,86000,MORTGAGE,4.0,PERSONAL,A,6000,7.51,0.07,N,2,0
45174,38,65000,RENT,5.0,HOMEIMPROVEMENT,B,2800,10.71,0.04,N,16,0
45175,23,40000,RENT,2.0,MEDICAL,A,10000,7.88,0.25,N,4,0
45176,33,60000,MORTGAGE,5.0,DEBTCONSOLIDATION,A,12000,7.88,0.2,N,5,0
45177,25,38400,RENT,9.0,MEDICAL,B,4000,10.37,0.1,N,2,0
45178,38,48000,MORTGAGE,0.0,HOMEIMPROVEMENT,B,10000,11.14,0.21,N,13,0
45179,24,50000,MORTGAGE,0.0,EDUCATION,A,5000,7.68,0.1,N,3,0
45180,27,95000,RENT,11.0,VENTURE,B,15000,12.69,0.16,N,8,0
45181,41,57000,MORTGAGE,0.0,PERSONAL,B,17000,9.33,0.3,N,17,0
45182,24,110000,MORTGAGE,8.0,VENTURE,B,12000,9.91,0.11,N,3,0
45183,22,34000,MORTGAGE,0.0,PERSONAL,A,9600,5.99,0.29,N,2,0
45184,34,70000,MORTGAGE,5.0,PERSONAL,E,12000,17.56,0.17,Y,10,0
45185,27,43200,OWN,5.0,HOMEIMPROVEMENT,A,8000,7.51,0.19,N,10,0
45186,23,37000,RENT,2.0,EDUCATION,B,12000,9.62,0.32,N,4,1
45187,26,80000,MORTGAGE,10.0,VENTURE,B,5500,11.71,0.07,N,2,0
45188,25,66000,MORTGAGE,9.0,VENTURE,A,20000,7.51,0.3,N,3,0
45189,25,30000,RENT,4.0,MEDICAL,B,7000,10.37,0.23,N,4,0
45190,30,73000,MORTGAGE,8.0,DEBTCONSOLIDATION,B,18250,9.63,0.26,N,7,0
45191,28,82000,MORTGAGE,6.0,PERSONAL,A,6000,7.49,0.07,N,5,0
45192,25,122000,OWN,8.0,PERSONAL,C,11200,13.57,0.09,N,2,0
45193,41,60000,MORTGAGE,4.0,MEDICAL,A,13750,7.51,0.23,N,13,0
45194,28,95000,MORTGAGE,12.0,PERSONAL,B,13200,11.26,0.14,N,6,0
45195,21,60000,MORTGAGE,5.0,MEDICAL,A,7000,7.88,0.12,N,4,0
45196,30,34000,RENT,2.0,HOMEIMPROVEMENT,E,2400,17.93,0.07,Y,5,1
45197,22,60000,MORTGAGE,6.0,DEBTCONSOLIDATION,B,4000,9.99,0.07,N,2,0
45198,23,155000,MORTGAGE,7.0,MEDICAL,A,8000,5.79,0.05,N,2,0
45199,25,70000,RENT,4.0,EDUCATION,D,10000,14.11,0.14,Y,4,0
45200,23,85000,RENT,1.0,VENTURE,C,10000,12.87,0.12,N,2,0
45201,22,63000,RENT,1.0,DEBTCONSOLIDATION,B,15000,10.99,0.24,N,4,1
45202,35,40000,MORTGAGE,9.0,PERSONAL,A,8000,7.51,0.2,N,6,0
45203,29,55000,RENT,1.0,EDUCATION,B,3000,10.75,0.05,N,5,0
45204,22,45000,MORTGAGE,6.0,PERSONAL,A,11000,5.79,0.24,N,2,0
45205,25,25000,MORTGAGE,2.0,EDUCATION,B,8500,10.65,0.34,N,3,0
45206,23,60000,RENT,3.0,PERSONAL,D,10000,14.84,0.17,N,4,0
45207,25,80500,RENT,2.0,DEBTCONSOLIDATION,A,7500,9.63,0.09,N,3,0
45208,39,40000,RENT,2.0,EDUCATION,A,15000,7.88,0.38,N,11,1
45209,36,50000,MORTGAGE,6.0,EDUCATION,A,6000,7.14,0.12,N,13,0
45210,23,70800,RENT,7.0,EDUCATION,A,3000,7.66,0.04,N,4,0
45211,27,44000,MORTGAGE,11.0,EDUCATION,A,6400,7.51,0.15,N,7,0
45212,26,38272,RENT,3.0,VENTURE,A,2400,6.76,0.06,N,3,0
45213,24,120000,MORTGAGE,1.0,PERSONAL,A,6000,6.39,0.05,N,3,0
45214,28,42000,RENT,5.0,MEDICAL,B,4500,12.42,0.11,N,8,0
45215,23,49000,RENT,7.0,DEBTCONSOLIDATION,D,3000,16.29,0.06,Y,2,1
45216,21,40000,RENT,5.0,MEDICAL,B,8000,10.37,0.2,N,2,0
45217,41,41784,RENT,3.0,MEDICAL,C,11500,13.11,0.28,N,14,0
45218,26,42000,RENT,6.0,DEBTCONSOLIDATION,B,11975,10.65,0.29,N,4,0
45219,30,200000,MORTGAGE,2.0,HOMEIMPROVEMENT,B,10000,11.36,0.05,N,8,0
45220,23,56048,RENT,4.0,PERSONAL,B,4800,11.99,0.09,N,3,1
45221,39,91800,OWN,11.0,MEDICAL,D,25000,14.74,0.23,Y,16,0
45222,42,96996,MORTGAGE,26.0,PERSONAL,B,1800,9.99,0.02,N,14,0
45223,23,42000,RENT,0.0,EDUCATION,C,4900,13.23,0.12,N,4,0
45224,30,115000,MORTGAGE,11.0,EDUCATION,B,20000,10.75,0.17,N,8,0
45225,33,35000,RENT,6.0,MEDICAL,A,5000,7.51,0.14,N,9,0
45226,25,75000,MORTGAGE,9.0,PERSONAL,C,10000,14.27,0.13,Y,4,0
45227,30,76800,MORTGAGE,14.0,EDUCATION,A,6400,7.49,0.08,N,9,0
45228,21,36000,RENT,0.0,DEBTCONSOLIDATION,A,4500,5.99,0.13,N,2,0
45229,34,30000,RENT,4.0,VENTURE,A,10000,5.79,0.33,N,10,1
45230,24,63000,MORTGAGE,8.0,PERSONAL,B,1500,11.49,0.02,N,2,0
45231,25,50000,RENT,0.0,VENTURE,C,12000,12.09,0.24,Y,2,0
45232,24,60000,MORTGAGE,8.0,MEDICAL,A,7500,9.32,0.13,N,4,0
45233,35,37008,RENT,4.0,DEBTCONSOLIDATION,B,3600,12.42,0.1,N,5,0
45234,34,73000,MORTGAGE,7.0,DEBTCONSOLIDATION,A,10000,7.29,0.14,N,6,0
45235,46,52000,RENT,7.0,PERSONAL,D,22000,16.49,0.45,Y,15,1
45236,21,24300,OWN,3.0,MEDICAL,A,4500,6.62,0.19,N,2,0
45237,24,26500,RENT,2.0,DEBTCONSOLIDATION,A,6000,7.49,0.23,N,2,0
45238,25,42000,RENT,3.0,EDUCATION,B,3000,10.37,0.07,N,3,0
45239,23,82000,MORTGAGE,7.0,PERSONAL,B,6000,10.99,0.07,N,3,0
45240,23,32400,OWN,2.0,MEDICAL,A,10000,7.51,0.31,N,4,0
45241,31,100000,MORTGAGE,6.0,MEDICAL,B,9800,11.48,0.1,N,7,0
45242,23,83000,MORTGAGE,7.0,VENTURE,B,25000,11.71,0.3,N,4,0
45243,23,90000,MORTGAGE,7.0,VENTURE,A,5000,7.74,0.06,N,3,0
45244,24,85000,RENT,0.0,DEBTCONSOLIDATION,B,1000,10.99,0.01,N,3,0
45245,24,130000,MORTGAGE,8.0,PERSONAL,A,13000,7.51,0.1,N,4,0
45246,23,76500,RENT,1.0,EDUCATION,A,17925,7.51,0.24,N,2,0
45247,23,90000,RENT,7.0,VENTURE,C,3000,13.49,0.03,Y,3,0
45248,30,72000,MORTGAGE,14.0,MEDICAL,A,7000,6.62,0.1,N,8,0
45249,32,130000,RENT,3.0,HOMEIMPROVEMENT,C,8000,14.22,0.06,Y,9,0
45250,27,72000,MORTGAGE,7.0,EDUCATION,A,10000,7.74,0.14,N,10,0
45251,31,33000,RENT,1.0,MEDICAL,B,3000,10.99,0.09,N,9,0
45252,22,50000,RENT,4.0,EDUCATION,A,4500,6.03,0.09,N,2,0
45253,23,100000,RENT,5.0,DEBTCONSOLIDATION,B,16000,10.62,0.16,N,3,0
45254,30,69996,RENT,0.0,PERSONAL,B,2000,10.65,0.03,N,9,0
45255,25,80000,MORTGAGE,5.0,MEDICAL,A,12000,7.29,0.15,N,3,0
45256,32,42000,MORTGAGE,6.0,PERSONAL,C,8000,12.73,0.19,Y,9,0
45257,38,50000,MORTGAGE,5.0,DEBTCONSOLIDATION,A,5000,6.03,0.1,N,16,0
45258,23,75000,MORTGAGE,7.0,DEBTCONSOLIDATION,A,8000,8.49,0.11,N,2,0
45259,23,60000,MORTGAGE,7.0,VENTURE,A,6000,8.94,0.1,N,4,0
45260,22,75000,RENT,4.0,PERSONAL,A,10000,6.17,0.13,N,3,0
45261,33,69000,RENT,17.0,PERSONAL,B,4000,10.74,0.06,N,9,1
45262,26,75000,MORTGAGE,5.0,DEBTCONSOLIDATION,A,4800,5.99,0.06,N,2,0
45263,24,36000,RENT,1.0,VENTURE,A,6000,8.9,0.17,N,3,0
45264,22,34000,RENT,1.0,DEBTCONSOLIDATION,B,7500,12.53,0.22,N,4,1
45265,30,70000,RENT,1.0,DEBTCONSOLIDATION,C,6000,12.87,0.09,Y,8,0
45266,31,70000,MORTGAGE,0.0,MEDICAL,B,15000,11.89,0.21,N,6,0
45267,27,80000,MORTGAGE,11.0,DEBTCONSOLIDATION,A,5000,7.29,0.06,N,9,0
45268,27,30000,RENT,1.0,EDUCATION,A,4000,7.49,0.13,N,6,0
45269,38,90000,MORTGAGE,14.0,PERSONAL,A,10000,7.51,0.11,N,13,0
45270,43,38000,RENT,3.0,PERSONAL,D,11000,16.29,0.29,Y,16,0
45271,24,50000,MORTGAGE,8.0,DEBTCONSOLIDATION,A,8000,7.9,0.16,N,3,0
45272,23,57600,MORTGAGE,7.0,EDUCATION,A,8500,5.79,0.15,N,2,0
45273,24,242400,RENT,9.0,EDUCATION,C,35000,13.79,0.15,Y,4,0
45274,22,65000,MORTGAGE,6.0,PERSONAL,A,7000,7.49,0.11,N,4,0
45275,33,110000,MORTGAGE,6.0,MEDICAL,A,12000,8.9,0.11,N,9,0
45276,24,86000,MORTGAGE,8.0,DEBTCONSOLIDATION,A,2000,5.42,0.02,N,3,0
45277,23,45000,RENT,2.0,MEDICAL,A,7800,7.51,0.17,N,2,0
45278,37,89004,MORTGAGE,14.0,VENTURE,A,10000,7.51,0.11,N,13,0
45279,27,30548,RENT,0.0,EDUCATION,E,14000,7.88,0.46,Y,9,1
45280,29,43000,RENT,6.0,DEBTCONSOLIDATION,B,10000,10.65,0.23,N,10,0
45281,23,60000,RENT,7.0,DEBTCONSOLIDATION,B,6000,10.08,0.1,N,2,0
45282,24,24000,OWN,8.0,EDUCATION,B,3000,12.18,0.13,N,2,0
45283,25,55000,MORTGAGE,9.0,HOMEIMPROVEMENT,A,10000,6.54,0.18,N,3,0
45284,36,80000,MORTGAGE,20.0,HOMEIMPROVEMENT,B,6000,11.36,0.07,N,16,0
45285,28,80000,RENT,1.0,MEDICAL,B,17500,11.49,0.23,N,8,0
45286,36,32000,RENT,2.0,PERSONAL,C,9000,13.85,0.28,Y,12,1
45287,28,65000,MORTGAGE,5.0,EDUCATION,A,4000,6.76,0.06,N,10,0
45288,29,30000,RENT,13.0,MEDICAL,A,10000,7.88,0.33,N,7,1
45289,46,72000,MORTGAGE,4.0,HOMEIMPROVEMENT,A,9000,7.88,0.13,N,13,0
45290,22,81960,RENT,2.0,DEBTCONSOLIDATION,C,15000,13.22,0.18,N,2,0
45291,24,28800,RENT,1.0,MEDICAL,A,5500,5.42,0.19,N,2,0
45292,24,45000,MORTGAGE,4.0,DEBTCONSOLIDATION,B,12000,10.38,0.27,N,2,0
45293,27,60000,OWN,3.0,EDUCATION,B,12000,11.36,0.2,N,8,0
45294,37,51000,MORTGAGE,2.0,EDUCATION,C,10000,13.47,0.2,N,12,0
45295,23,59000,MORTGAGE,0.0,EDUCATION,D,4000,15.62,0.07,N,3,1
45296,23,66300,RENT,4.0,MEDICAL,D,4500,16.77,0.05,Y,2,1
45297,35,40000,RENT,1.0,PERSONAL,A,4800,6.76,0.12,N,5,0
45298,35,40000,RENT,0.0,MEDICAL,A,2000,8.94,0.05,N,6,0
45299,27,103000,RENT,4.0,EDUCATION,D,20000,16.07,0.19,N,6,0
45300,27,130000,MORTGAGE,0.0,HOMEIMPROVEMENT,A,12000,8.94,0.09,N,10,0
45301,25,120000,RENT,5.0,HOMEIMPROVEMENT,C,18000,14.26,0.15,Y,4,0
45302,33,18000,RENT,2.0,MEDICAL,B,3000,12.53,0.17,N,5,1
45303,28,30000,RENT,3.0,MEDICAL,B,5000,11.36,0.17,N,7,0
45304,25,100596,RENT,2.0,DEBTCONSOLIDATION,B,25000,9.99,0.25,N,4,0
45305,35,60000,MORTGAGE,10.0,HOMEIMPROVEMENT,B,10000,9.88,0.17,N,10,0
45306,29,120000,MORTGAGE,11.0,DEBTCONSOLIDATION,A,10000,5.79,0.08,N,6,0
45307,22,33012,RENT,0.0,VENTURE,B,12000,11.49,0.37,N,2,1
45308,28,60000,MORTGAGE,4.0,HOMEIMPROVEMENT,A,6500,5.99,0.11,N,8,0
45309,24,22356,RENT,8.0,VENTURE,B,6000,11.12,0.27,N,3,0
45310,27,60000,MORTGAGE,1.0,MEDICAL,B,6000,10.99,0.1,N,9,0
45311,26,44000,RENT,0.0,MEDICAL,D,15000,15.05,0.34,Y,3,1
45312,22,30000,RENT,2.0,VENTURE,A,10000,7.51,0.33,N,4,1
45313,27,30000,OWN,2.0,HOMEIMPROVEMENT,C,9000,13.92,0.3,Y,10,0
45314,27,48500,RENT,0.0,PERSONAL,C,19500,13.85,0.4,Y,6,1
45315,22,90000,MORTGAGE,2.0,EDUCATION,B,5500,9.99,0.06,N,3,0
45316,27,99996,RENT,3.0,EDUCATION,C,10000,12.73,0.1,N,10,0
45317,35,45000,RENT,5.0,MEDICAL,B,2700,9.91,0.06,N,5,0
45318,26,66912,RENT,11.0,EDUCATION,C,10000,12.53,0.15,Y,4,0
45319,23,70000,RENT,3.0,EDUCATION,B,20000,12.21,0.29,N,3,0
45320,23,45000,RENT,7.0,EDUCATION,C,8000,12.84,0.18,N,2,0
45321,30,96000,MORTGAGE,14.0,PERSONAL,A,10000,9.63,0.1,N,9,0
45322,27,65000,RENT,11.0,DEBTCONSOLIDATION,A,12000,7.49,0.18,N,5,0
45323,25,52000,RENT,9.0,EDUCATION,E,5000,16.32,0.1,N,2,0
45324,33,90000,RENT,8.0,PERSONAL,B,20000,10.62,0.22,N,9,0
45325,32,60000,MORTGAGE,2.0,DEBTCONSOLIDATION,A,12000,6.99,0.2,N,6,0
45326,23,85000,MORTGAGE,8.0,VENTURE,A,10000,7.49,0.12,N,4,0
45327,36,100000,RENT,20.0,MEDICAL,B,35000,10.65,0.35,N,13,1
45328,34,37680,RENT,3.0,VENTURE,D,1500,12.92,0.4,Y,5,1
45329,22,64000,RENT,0.0,EDUCATION,C,7500,11.03,0.11,N,4,0
45330,31,40000,RENT,5.0,PERSONAL,A,7000,7.49,0.17,N,8,0
45331,24,52000,MORTGAGE,8.0,EDUCATION,B,5000,10.99,0.1,N,4,0
45332,38,80000,RENT,0.0,VENTURE,B,5000,9.63,0.06,N,17,0
45333,24,50000,MORTGAGE,5.0,MEDICAL,B,8000,12.21,0.16,N,4,0
45334,27,40000,RENT,2.0,MEDICAL,C,7800,13.22,0.21,Y,9,0
45335,26,50400,MORTGAGE,0.0,VENTURE,A,8000,7.49,0.16,N,2,0
45336,26,36000,MORTGAGE,5.0,HOMEIMPROVEMENT,A,5000,6.99,0.14,N,4,0
45337,24,68000,RENT,8.0,VENTURE,A,1800,8.49,0.02,N,2,0
45338,26,58800,MORTGAGE,7.0,PERSONAL,B,6500,9.88,0.11,N,4,0
45339,22,35000,OWN,6.0,VENTURE,C,5000,13.11,0.14,N,2,0
45340,27,62900,RENT,1.0,MEDICAL,D,16000,16.35,0.22,N,10,1
45341,30,24000,OWN,11.0,PERSONAL,B,5000,12.21,0.21,N,7,0
45342,29,30000,RENT,2.0,VENTURE,A,6000,7.51,0.2,N,6,0
45343,21,32000,MORTGAGE,4.0,MEDICAL,D,7000,15.62,0.22,N,4,1
45344,23,60000,RENT,5.0,EDUCATION,C,9000,13.43,0.15,N,4,0
45345,30,60000,RENT,4.0,PERSONAL,B,10000,11.99,0.17,N,8,0
45346,24,66996,RENT,8.0,VENTURE,C,10000,13.98,0.15,Y,2,0
45347,26,40000,RENT,6.0,VENTURE,A,12000,7.88,0.3,N,3,0
45348,23,33000,RENT,0.0,EDUCATION,C,10000,13.49,0.3,N,4,0
45349,33,40000,RENT,6.0,MEDICAL,B,7200,11.71,0.18,N,9,0
45350,23,39000,RENT,7.0,MEDICAL,B,14000,10.71,0.36,N,3,1
45351,30,32796,OWN,8.0,VENTURE,A,7000,8.0,0.21,N,9,0
45352,22,40000,MORTGAGE,6.0,VENTURE,A,5000,6.99,0.13,N,4,0
45353,27,60000,RENT,11.0,HOMEIMPROVEMENT,B,10000,10.99,0.17,N,8,0
45354,40,89440,OWN,8.0,HOMEIMPROVEMENT,B,8000,11.86,0.09,N,16,0
45355,24,62000,RENT,0.0,VENTURE,B,5000,10.74,0.08,N,2,0
45356,27,60000,MORTGAGE,11.0,PERSONAL,C,6000,13.99,0.1,Y,9,0
45357,32,42000,RENT,2.0,EDUCATION,A,5000,8.0,0.12,N,5,0
45358,28,45000,MORTGAGE,6.0,VENTURE,C,5400,13.48,0.12,Y,6,0
45359,23,36000,RENT,7.0,VENTURE,A,4800,7.51,0.13,N,4,0
45360,33,60000,MORTGAGE,17.0,HOMEIMPROVEMENT,B,3200,9.99,0.06,N,6,0
45361,23,68004,RENT,7.0,DEBTCONSOLIDATION,C,2500,15.27,0.04,Y,4,0
45362,27,54000,RENT,11.0,PERSONAL,A,3000,7.66,0.06,N,6,0
45363,27,138000,MORTGAGE,3.0,PERSONAL,A,4000,5.42,0.03,N,5,0
45364,28,31000,RENT,5.0,DEBTCONSOLIDATION,A,5000,7.51,0.16,N,5,0
45365,25,44000,RENT,0.0,EDUCATION,E,15000,16.0,0.34,N,4,1
45366,31,100000,MORTGAGE,15.0,HOMEIMPROVEMENT,A,10000,6.03,0.1,N,5,0
45367,26,100000,RENT,9.0,PERSONAL,B,15000,10.59,0.15,N,2,0
45368,29,145000,MORTGAGE,0.0,VENTURE,B,20000,11.83,0.14,N,5,0
45369,25,80000,MORTGAGE,3.0,EDUCATION,C,7000,13.61,0.09,Y,3,0
45370,27,50000,RENT,4.0,MEDICAL,B,18000,9.91,0.36,N,8,1
45371,24,38000,RENT,1.0,MEDICAL,C,7500,12.53,0.2,N,2,0
45372,29,130000,MORTGAGE,7.0,VENTURE,A,4000,6.03,0.03,N,5,0
45373,27,75000,MORTGAGE,11.0,EDUCATION,A,1000,6.03,0.01,N,5,0
45374,26,70000,MORTGAGE,3.0,MEDICAL,B,6000,10.37,0.09,N,3,0
45375,30,63000,MORTGAGE,2.0,HOMEIMPROVEMENT,C,4000,15.27,0.06,N,10,1
45376,27,70000,MORTGAGE,8.0,PERSONAL,D,16000,14.61,0.23,N,7,0
45377,23,35352,MORTGAGE,4.0,PERSONAL,A,10000,5.42,0.29,N,3,0
45378,29,32800,OWN,13.0,VENTURE,A,14125,7.29,0.43,N,10,0
45379,28,39996,RENT,0.0,EDUCATION,C,6000,12.87,0.15,N,8,0
45380,25,64000,MORTGAGE,9.0,VENTURE,B,14400,10.25,0.23,N,4,0
45381,26,102000,MORTGAGE,6.0,EDUCATION,A,9800,7.88,0.1,N,3,0
45382,27,60000,MORTGAGE,11.0,PERSONAL,D,15000,14.61,0.25,N,7,0
45383,31,68000,RENT,4.0,VENTURE,D,18000,16.29,0.26,Y,10,0
45384,21,58000,OTHER,5.0,PERSONAL,C,15000,13.48,0.26,Y,4,0
45385,25,59000,RENT,2.0,EDUCATION,D,25000,14.09,0.42,N,4,1
45386,22,95000,RENT,4.0,DEBTCONSOLIDATION,B,10000,11.99,0.11,N,4,0
45387,23,50000,RENT,7.0,EDUCATION,B,4000,10.0,0.08,N,2,0
45388,25,51850,RENT,2.0,HOMEIMPROVEMENT,E,25000,15.95,0.44,N,3,1
45389,24,54000,MORTGAGE,7.0,HOMEIMPROVEMENT,A,6000,5.79,0.11,N,4,0
45390,24,69000,MORTGAGE,6.0,DEBTCONSOLIDATION,C,8400,13.79,0.12,N,3,0
45391,29,52000,RENT,3.0,EDUCATION,B,8000,10.37,0.15,N,7,0
45392,34,48756,RENT,3.0,PERSONAL,A,4800,7.29,0.1,N,9,0
45393,33,54000,MORTGAGE,5.0,DEBTCONSOLIDATION,A,3000,7.14,0.06,N,7,0
45394,24,44000,RENT,2.0,PERSONAL,A,8500,8.49,0.2,N,2,0
45395,40,150000,MORTGAGE,3.0,HOMEIMPROVEMENT,B,8000,9.62,0.05,N,17,0
45396,24,45000,RENT,0.0,VENTURE,C,1000,14.26,0.02,N,3,0
45397,26,48000,MORTGAGE,10.0,DEBTCONSOLIDATION,B,13850,11.86,0.29,N,3,0
45398,23,30000,RENT,2.0,VENTURE,A,6000,7.51,0.2,N,2,0
45399,23,49000,OWN,7.0,VENTURE,B,4000,10.99,0.08,N,3,0
45400,22,33948,RENT,4.0,MEDICAL,C,10000,12.84,0.29,N,3,1
45401,41,38000,RENT,2.0,MEDICAL,B,12000,12.18,0.32,N,13,1
45402,41,130000,MORTGAGE,13.0,HOMEIMPROVEMENT,D,6500,15.99,0.05,Y,13,0
45403,25,90000,MORTGAGE,2.0,DEBTCONSOLIDATION,A,6000,6.03,0.07,N,4,0
45404,23,50000,OWN,0.0,EDUCATION,B,1500,11.83,0.03,N,2,0
45405,24,100000,MORTGAGE,8.0,VENTURE,A,6000,7.9,0.06,N,4,0
45406,25,65000,RENT,4.0,MEDICAL,A,12000,8.94,0.18,N,4,0
45407,22,42000,RENT,6.0,EDUCATION,B,11400,11.49,0.27,N,2,0
45408,29,40000,OWN,3.0,PERSONAL,B,2000,11.12,0.05,N,10,0
45409,31,90000,RENT,6.0,VENTURE,B,17600,10.74,0.2,N,10,0
45410,24,68000,MORTGAGE,0.0,DEBTCONSOLIDATION,B,7500,11.89,0.11,N,2,0
45411,34,26004,MORTGAGE,8.0,DEBTCONSOLIDATION,C,6000,12.99,0.23,N,5,0
45412,21,44000,RENT,5.0,EDUCATION,B,20000,11.36,0.45,N,4,1
45413,34,42000,MORTGAGE,6.0,MEDICAL,A,2000,5.42,0.05,N,7,0
45414,27,60000,RENT,1.0,VENTURE,C,10000,13.79,0.17,N,5,0
45415,29,79500,RENT,2.0,DEBTCONSOLIDATION,C,6000,12.99,0.08,Y,6,0
45416,37,50000,RENT,0.0,EDUCATION,A,2500,7.74,0.05,N,15,0
45417,29,62496,RENT,2.0,PERSONAL,A,3200,7.51,0.05,N,5,0
45418,24,55000,RENT,2.0,HOMEIMPROVEMENT,C,5000,14.72,0.09,N,3,0
45419,31,80000,RENT,0.0,VENTURE,A,6400,5.99,0.08,N,8,0
45420,30,52000,RENT,5.0,MEDICAL,B,18500,11.11,0.37,N,7,1
45421,28,50000,RENT,4.0,PERSONAL,C,8000,14.65,0.16,Y,9,0
45422,29,50000,RENT,5.0,VENTURE,A,8400,6.99,0.17,N,6,0
45423,24,52000,MORTGAGE,1.0,VENTURE,A,7000,6.99,0.13,N,3,0
45424,27,90000,MORTGAGE,0.0,PERSONAL,A,7000,7.14,0.08,N,10,0
45425,33,40000,MORTGAGE,2.0,DEBTCONSOLIDATION,A,9000,5.79,0.23,N,6,0
45426,39,67000,MORTGAGE,4.0,PERSONAL,A,3000,5.99,0.04,N,17,0
45427,25,90000,MORTGAGE,4.0,VENTURE,E,15000,14.69,0.17,N,4,0
45428,22,150000,MORTGAGE,6.0,MEDICAL,A,5000,7.49,0.03,N,2,0
45429,24,75000,MORTGAGE,9.0,PERSONAL,A,9000,5.79,0.12,N,4,0
45430,24,64000,MORTGAGE,8.0,EDUCATION,B,10000,11.36,0.16,N,3,1
45431,22,68000,MORTGAGE,5.0,MEDICAL,B,7400,11.49,0.11,N,2,0
45432,23,90000,MORTGAGE,4.0,DEBTCONSOLIDATION,A,10000,7.9,0.11,N,3,0
45433,23,47000,RENT,0.0,MEDICAL,C,4900,14.65,0.11,Y,3,0
45434,32,66996,MORTGAGE,8.0,DEBTCONSOLIDATION,A,10000,8.59,0.15,N,5,0
45435,26,45000,RENT,2.0,PERSONAL,B,5000,10.75,0.11,N,2,0
45436,24,24000,RENT,0.0,PERSONAL,D,1500,14.54,0.06,N,2,1
45437,23,60000,RENT,6.0,PERSONAL,C,7000,12.73,0.12,N,4,0
45438,34,60000,MORTGAGE,18.0,HOMEIMPROVEMENT,B,14000,10.99,0.24,N,10,0
45439,38,84000,MORTGAGE,2.0,DEBTCONSOLIDATION,A,7500,7.51,0.09,N,12,0
45440,21,25200,RENT,5.0,MEDICAL,D,4000,16.49,0.16,Y,2,1
45441,24,60000,MORTGAGE,6.0,DEBTCONSOLIDATION,B,6000,11.83,0.1,N,3,0
45442,23,46000,RENT,0.0,PERSONAL,D,23000,15.2,0.49,N,2,1
45443,25,100000,RENT,1.0,PERSONAL,B,3000,12.42,0.03,N,3,0
45444,22,70000,MORTGAGE,2.0,DEBTCONSOLIDATION,B,25000,10.99,0.36,N,2,0
45445,29,60000,MORTGAGE,2.0,VENTURE,A,7000,7.51,0.12,N,5,0
45446,27,40000,MORTGAGE,11.0,HOMEIMPROVEMENT,C,4000,13.49,0.1,N,6,0
45447,24,50000,MORTGAGE,5.0,VENTURE,A,8000,7.49,0.16,N,4,0
45448,28,50000,RENT,2.0,EDUCATION,B,16000,10.62,0.32,N,5,1
45449,34,25000,RENT,18.0,MEDICAL,B,1600,11.71,0.06,N,10,0
45450,39,55000,RENT,5.0,VENTURE,A,8000,6.62,0.15,N,15,0
45451,24,30000,RENT,1.0,EDUCATION,C,10000,13.99,0.33,N,4,1
45452,28,65000,RENT,12.0,HOMEIMPROVEMENT,B,16000,9.99,0.25,N,6,0
45453,25,35000,RENT,6.0,DEBTCONSOLIDATION,B,1500,9.63,0.04,N,3,0
45454,33,55000,MORTGAGE,9.0,PERSONAL,C,2200,11.72,0.04,N,6,1
45455,24,36000,MORTGAGE,8.0,HOMEIMPROVEMENT,E,3000,17.56,0.08,N,3,0
45456,30,40000,MORTGAGE,0.0,VENTURE,A,2500,6.62,0.06,N,7,0
45457,22,42000,RENT,6.0,DEBTCONSOLIDATION,B,2500,10.59,0.06,N,4,0
45458,25,18000,RENT,1.0,HOMEIMPROVEMENT,D,6400,14.91,0.36,Y,3,1
45459,24,54000,RENT,5.0,EDUCATION,B,8000,11.99,0.15,N,3,1
45460,23,50000,RENT,5.0,VENTURE,A,10000,8.49,0.2,N,3,0
45461,23,33800,OWN,6.0,MEDICAL,B,13000,10.59,0.38,N,2,0
45462,29,40000,MORTGAGE,9.0,MEDICAL,B,10000,11.99,0.25,N,9,0
45463,21,40000,MORTGAGE,5.0,PERSONAL,B,4000,10.99,0.1,N,2,0
45464,32,32004,RENT,2.0,MEDICAL,B,7200,10.37,0.23,N,9,0
45465,24,75000,RENT,2.0,EDUCATION,B,7200,9.99,0.1,N,3,0
45466,23,65000,RENT,5.0,PERSONAL,B,10200,11.71,0.16,N,4,0
45467,22,95000,MORTGAGE,4.0,VENTURE,A,7200,5.99,0.08,N,2,0
45468,27,59000,MORTGAGE,11.0,PERSONAL,A,10000,7.9,0.17,N,10,0
45469,33,42000,RENT,1.0,DEBTCONSOLIDATION,B,10000,11.14,0.24,N,5,1
45470,22,54000,RENT,3.0,EDUCATION,E,15000,16.32,0.28,Y,2,1
45471,30,40000,RENT,5.0,DEBTCONSOLIDATION,B,8000,11.71,0.2,N,7,0
45472,26,46000,RENT,5.0,MEDICAL,A,7000,7.51,0.15,N,2,0
45473,22,77625,RENT,4.0,DEBTCONSOLIDATION,C,15000,14.65,0.19,N,3,0
45474,31,250000,MORTGAGE,9.0,PERSONAL,C,2500,14.65,0.1,Y,5,0
45475,26,54000,RENT,4.0,VENTURE,C,8000,15.23,0.15,N,4,0
45476,26,60000,RENT,3.0,PERSONAL,A,12000,6.54,0.2,N,3,0
45477,29,87988,MORTGAGE,5.0,PERSONAL,C,22000,12.73,0.25,N,5,0
45478,24,56000,MORTGAGE,5.0,DEBTCONSOLIDATION,A,13000,6.91,0.23,N,2,0
45479,35,76000,MORTGAGE,17.0,HOMEIMPROVEMENT,B,6000,11.49,0.08,N,10,0
45480,23,120000,MORTGAGE,7.0,EDUCATION,A,12000,7.51,0.1,N,3,0
45481,31,29112,RENT,2.0,MEDICAL,B,8000,9.63,0.27,N,10,0
45482,22,36000,MORTGAGE,6.0,HOMEIMPROVEMENT,D,10000,14.61,0.28,N,3,1
45483,25,83000,RENT,3.0,HOMEIMPROVEMENT,C,13900,12.73,0.15,Y,3,0
45484,24,75000,MORTGAGE,7.0,HOMEIMPROVEMENT,A,10000,7.74,0.13,N,3,0
45485,26,36000,RENT,2.0,PERSONAL,B,4000,8.88,0.11,N,3,0
45486,24,50000,MORTGAGE,8.0,VENTURE,A,12000,7.88,0.24,N,3,0
45487,28,90000,RENT,2.0,DEBTCONSOLIDATION,C,25000,12.73,0.28,Y,6,1
45488,27,32000,RENT,2.0,DEBTCONSOLIDATION,A,1700,7.88,0.05,N,8,0
45489,50,55000,MORTGAGE,4.0,MEDICAL,B,21825,12.69,0.37,N,16,0
45490,21,40000,RENT,2.0,MEDICAL,B,6500,10.65,0.17,N,4,0
45491,26,32000,OWN,10.0,MEDICAL,A,9250,7.51,0.29,N,4,0
45492,33,35000,MORTGAGE,5.0,DEBTCONSOLIDATION,A,6000,7.9,0.17,N,6,0
45493,38,61450,OWN,6.0,PERSONAL,C,6000,13.23,0.1,N,4,0
45494,22,98000,OWN,2.0,PERSONAL,A,15000,7.88,0.15,N,3,0
45495,36,120000,MORTGAGE,12.0,DEBTCONSOLIDATION,B,17400,11.71,0.15,N,12,0
45496,27,70000,RENT,3.0,EDUCATION,B,25000,10.75,0.36,N,6,1
45497,42,66000,RENT,6.0,DEBTCONSOLIDATION,C,6000,13.11,0.09,N,15,1
45498,22,45000,RENT,6.0,VENTURE,C,10000,13.16,0.22,N,3,0
45499,21,26400,RENT,2.0,MEDICAL,B,8000,12.42,0.3,N,4,0
45500,25,80000,MORTGAGE,9.0,EDUCATION,C,6000,13.06,0.07,Y,2,0
45501,22,36000,RENT,4.0,EDUCATION,A,14125,7.49,0.39,N,3,1
45502,22,61200,MORTGAGE,6.0,MEDICAL,B,5000,11.86,0.07,N,4,1
45503,25,50000,RENT,5.0,EDUCATION,A,10000,7.51,0.2,N,2,0
45504,25,40000,RENT,4.0,DEBTCONSOLIDATION,C,8400,13.61,0.21,N,3,0
45505,25,24000,RENT,2.0,VENTURE,A,6000,7.49,0.25,N,3,0
45506,22,60000,RENT,5.0,MEDICAL,B,10000,9.91,0.17,N,2,0
45507,23,110000,MORTGAGE,7.0,EDUCATION,B,14000,11.48,0.13,N,2,0
45508,36,50000,MORTGAGE,0.0,HOMEIMPROVEMENT,C,21000,13.48,0.4,Y,12,0
45509,26,42996,RENT,3.0,HOMEIMPROVEMENT,D,7000,12.84,0.17,Y,4,1
45510,26,36225,RENT,5.0,VENTURE,C,5000,12.84,0.14,N,4,0
45511,39,60000,MORTGAGE,7.0,DEBTCONSOLIDATION,A,12000,7.9,0.2,N,15,0
45512,23,50000,RENT,3.0,VENTURE,A,14000,6.03,0.28,N,3,0
45513,28,54996,OWN,4.0,PERSONAL,B,6000,11.36,0.11,N,9,0
45514,32,44000,MORTGAGE,9.0,MEDICAL,D,8000,14.74,0.18,N,6,1
45515,27,70000,MORTGAGE,6.0,MEDICAL,B,20000,12.69,0.29,N,9,0
45516,26,30000,MORTGAGE,0.0,EDUCATION,D,15000,14.61,0.5,N,3,1
45517,24,72000,MORTGAGE,7.0,HOMEIMPROVEMENT,A,8000,7.88,0.11,N,4,0
45518,24,35000,RENT,2.0,MEDICAL,A,5600,7.49,0.16,N,2,0
45519,31,50000,MORTGAGE,0.0,PERSONAL,A,20000,5.42,0.4,N,5,0
45520,25,93000,MORTGAGE,4.0,PERSONAL,C,21000,14.17,0.23,N,2,0
45521,22,70000,RENT,1.0,EDUCATION,C,5000,14.27,0.07,Y,4,0
45522,38,65000,RENT,2.0,PERSONAL,C,12000,12.99,0.18,Y,17,0
45523,47,52600,MORTGAGE,2.0,MEDICAL,D,2800,14.96,0.05,N,11,1
45524,34,92004,MORTGAGE,16.0,MEDICAL,A,10000,9.63,0.11,N,9,0
45525,30,54912,MORTGAGE,7.0,MEDICAL,A,6000,6.76,0.11,N,10,0
45526,47,50000,RENT,3.0,PERSONAL,A,10000,6.62,0.2,N,17,0
45527,23,60000,RENT,0.0,VENTURE,B,7000,10.74,0.12,N,2,0
45528,29,28000,RENT,9.0,MEDICAL,A,7000,6.99,0.25,N,7,0
45529,29,108000,MORTGAGE,7.0,DEBTCONSOLIDATION,D,15000,15.05,0.14,Y,6,1
45530,24,43000,OWN,8.0,MEDICAL,B,17000,9.99,0.38,N,2,0
45531,27,73000,RENT,8.0,DEBTCONSOLIDATION,D,10000,15.58,0.13,Y,9,1
45532,32,38400,MORTGAGE,5.0,EDUCATION,D,2400,16.29,0.06,N,10,0
45533,39,86000,RENT,6.0,DEBTCONSOLIDATION,A,10000,6.03,0.12,N,13,0
45534,24,90000,MORTGAGE,8.0,PERSONAL,B,24250,12.18,0.27,N,4,0
45535,26,120000,MORTGAGE,4.0,HOMEIMPROVEMENT,B,25000,10.99,0.21,N,2,0
45536,29,60000,MORTGAGE,0.0,DEBTCONSOLIDATION,B,5000,10.65,0.08,N,7,0
45537,27,35000,RENT,1.0,DEBTCONSOLIDATION,C,1000,15.23,0.03,N,7,0
45538,21,43000,RENT,2.0,EDUCATION,B,8000,11.83,0.19,N,3,0
45539,23,56400,RENT,1.0,MEDICAL,C,4000,13.49,0.07,N,4,0
45540,30,65000,MORTGAGE,14.0,PERSONAL,A,15000,7.88,0.23,N,8,0
45541,26,85920,RENT,4.0,VENTURE,B,12000,11.49,0.14,N,2,0
45542,30,54000,MORTGAGE,2.0,DEBTCONSOLIDATION,D,20000,15.57,0.37,Y,8,1
45543,23,78000,MORTGAGE,7.0,VENTURE,A,9000,7.51,0.11,N,2,0
45544,29,96000,MORTGAGE,5.0,HOMEIMPROVEMENT,A,12000,7.88,0.13,N,6,0
45545,23,28000,RENT,2.0,MEDICAL,A,5000,6.03,0.18,N,4,0
45546,22,72000,MORTGAGE,6.0,MEDICAL,A,15000,7.88,0.21,N,3,0
45547,34,45000,RENT,3.0,MEDICAL,B,12000,11.36,0.27,N,6,0
45548,22,28000,RENT,0.0,PERSONAL,B,6975,10.59,0.25,N,4,0
45549,46,55000,RENT,2.0,VENTURE,B,4800,11.89,0.09,N,14,0
45550,24,70000,RENT,1.0,PERSONAL,B,8000,11.49,0.11,N,2,0
45551,31,60000,RENT,5.0,MEDICAL,B,15000,11.99,0.25,N,8,0
45552,25,120000,RENT,0.0,PERSONAL,A,15000,7.51,0.13,N,4,0
45553,22,37200,MORTGAGE,5.0,EDUCATION,C,13000,13.85,0.36,N,4,1
45554,26,82000,RENT,6.0,DEBTCONSOLIDATION,A,15000,7.88,0.18,N,3,0
45555,40,114000,RENT,2.0,VENTURE,B,9975,11.49,0.09,N,16,0
45556,26,72000,RENT,0.0,MEDICAL,A,8000,7.66,0.11,N,2,0
45557,25,70000,MORTGAGE,6.0,MEDICAL,C,19000,13.49,0.28,N,2,0
45558,23,72800,RENT,2.0,EDUCATION,C,12000,13.85,0.17,N,2,0
45559,21,15600,RENT,0.0,HOMEIMPROVEMENT,D,5000,14.46,0.31,N,4,1
45560,24,106000,MORTGAGE,8.0,EDUCATION,A,10000,6.03,0.09,N,3,0
45561,22,37000,RENT,1.0,EDUCATION,B,4000,10.99,0.11,N,2,0
45562,30,59484,MORTGAGE,13.0,DEBTCONSOLIDATION,B,6500,10.25,0.1,N,10,0
45563,23,76000,RENT,7.0,PERSONAL,C,15000,13.06,0.2,N,2,0
45564,29,83000,RENT,9.0,DEBTCONSOLIDATION,D,20000,14.59,0.24,Y,7,1
45565,40,45000,MORTGAGE,3.0,PERSONAL,A,5000,6.99,0.11,N,15,0
45566,22,30000,RENT,3.0,EDUCATION,A,8000,6.92,0.27,N,3,0
45567,26,30000,MORTGAGE,6.0,MEDICAL,E,6000,17.99,0.2,Y,3,1
45568,26,70000,MORTGAGE,4.0,HOMEIMPROVEMENT,B,12000,10.65,0.17,N,2,0
45569,38,80000,MORTGAGE,8.0,DEBTCONSOLIDATION,A,15000,7.88,0.19,N,13,0
45570,26,100000,MORTGAGE,0.0,DEBTCONSOLIDATION,A,8000,6.99,0.08,N,4,0
45571,33,120000,MORTGAGE,1.0,VENTURE,B,20000,9.88,0.17,N,9,0
45572,25,62500,RENT,8.0,VENTURE,D,25000,15.65,0.39,N,3,1
45573,23,65000,RENT,4.0,VENTURE,A,7000,7.49,0.11,N,3,0
45574,37,35000,RENT,0.0,MEDICAL,A,1800,9.63,0.05,N,17,0
45575,24,55000,RENT,8.0,EDUCATION,C,2000,13.48,0.04,Y,4,0
45576,37,45000,RENT,6.0,VENTURE,B,4000,12.42,0.09,N,15,0
45577,24,42252,MORTGAGE,5.0,EDUCATION,A,4800,7.51,0.11,N,4,0
45578,26,92800,MORTGAGE,10.0,MEDICAL,B,20000,9.33,0.22,N,2,0
45579,35,50000,RENT,4.0,VENTURE,A,3000,7.66,0.06,N,6,0
45580,27,60000,MORTGAGE,6.0,DEBTCONSOLIDATION,A,9800,7.88,0.16,N,5,0
45581,27,75000,MORTGAGE,8.0,PERSONAL,A,5000,6.92,0.07,N,5,0
45582,23,24000,OWN,0.0,EDUCATION,C,5000,13.61,0.21,Y,2,0
45583,25,47000,RENT,2.0,EDUCATION,C,5000,12.98,0.11,Y,3,1
45584,26,56000,RENT,2.0,PERSONAL,C,3000,15.27,0.05,N,2,0
45585,29,24000,RENT,2.0,VENTURE,A,7000,7.51,0.29,N,10,0
45586,28,55000,RENT,4.0,DEBTCONSOLIDATION,B,4800,11.71,0.09,N,7,0
45587,36,240000,OWN,20.0,VENTURE,B,20000,11.48,0.08,N,15,0
45588,26,50000,RENT,5.0,EDUCATION,B,2000,12.69,0.04,N,3,0
45589,24,45000,RENT,1.0,MEDICAL,B,4000,10.37,0.09,N,3,0
45590,26,60000,MORTGAGE,2.0,MEDICAL,A,15000,6.03,0.25,N,3,0
45591,26,100000,MORTGAGE,1.0,DEBTCONSOLIDATION,A,6000,5.42,0.06,N,2,0
45592,27,35000,RENT,0.0,PERSONAL,B,6000,11.49,0.17,N,7,0
45593,28,45996,OWN,11.0,VENTURE,B,2000,12.21,0.04,N,8,0
45594,36,21600,RENT,2.0,PERSONAL,A,5500,7.88,0.25,N,14,0
45595,23,24000,RENT,0.0,EDUCATION,C,2500,12.99,0.1,N,4,0
45596,29,60000,RENT,5.0,PERSONAL,B,10000,10.65,0.17,N,6,0
45597,25,45000,MORTGAGE,0.0,HOMEIMPROVEMENT,B,3575,11.49,0.08,N,4,0
45598,27,46000,RENT,0.0,MEDICAL,A,1000,7.29,0.02,N,9,0
45599,32,79200,RENT,4.0,MEDICAL,A,16000,6.17,0.2,N,9,0
45600,22,50000,MORTGAGE,6.0,EDUCATION,A,8800,6.62,0.18,N,4,0
45601,28,102058,MORTGAGE,13.0,HOMEIMPROVEMENT,E,15000,16.82,0.15,Y,8,0
45602,30,60000,MORTGAGE,2.0,VENTURE,B,4000,10.65,0.07,N,10,0
45603,32,34000,RENT,16.0,DEBTCONSOLIDATION,D,5000,14.61,0.15,N,5,1
45604,23,54000,MORTGAGE,4.0,EDUCATION,C,12000,14.65,0.22,N,3,0
45605,27,34000,RENT,4.0,VENTURE,A,2000,7.49,0.06,N,8,1
45606,25,77000,MORTGAGE,9.0,EDUCATION,C,21000,14.17,0.26,Y,3,0
45607,21,42000,MORTGAGE,5.0,EDUCATION,B,8000,11.86,0.19,N,3,1
45608,25,31200,RENT,1.0,HOMEIMPROVEMENT,E,12000,14.18,0.39,Y,3,1
45609,34,149400,RENT,10.0,VENTURE,A,8000,6.62,0.06,N,5,0
45610,23,55000,MORTGAGE,3.0,VENTURE,C,8000,13.61,0.15,Y,4,0
45611,34,40000,RENT,3.0,MEDICAL,C,1000,13.23,0.03,Y,9,0
45612,45,35000,RENT,3.0,PERSONAL,B,4000,10.37,0.11,N,12,0
45613,27,25000,RENT,2.0,MEDICAL,B,6000,11.99,0.24,N,5,0
45614,37,32000,RENT,0.0,MEDICAL,B,5000,10.37,0.16,N,14,0
45615,29,100000,RENT,3.0,HOMEIMPROVEMENT,B,16000,11.58,0.16,N,9,0
45616,26,30000,RENT,6.0,DEBTCONSOLIDATION,C,4000,13.11,0.13,Y,4,0
45617,34,54000,OWN,13.0,PERSONAL,D,16000,15.7,0.3,Y,10,0
45618,26,75000,MORTGAGE,5.0,PERSONAL,A,10000,6.03,0.13,N,3,0
45619,30,54000,RENT,4.0,HOMEIMPROVEMENT,A,4200,7.9,0.08,N,8,0
45620,23,65000,RENT,3.0,VENTURE,B,10000,10.37,0.15,N,3,0
45621,26,60000,MORTGAGE,10.0,MEDICAL,A,4400,5.99,0.07,N,3,0
45622,27,50004,RENT,3.0,PERSONAL,B,10000,11.71,0.2,N,7,0
45623,28,30000,RENT,0.0,VENTURE,A,6000,8.94,0.2,N,9,0
45624,22,28800,RENT,2.0,MEDICAL,C,5000,13.23,0.17,N,4,0
45625,30,60000,MORTGAGE,3.0,HOMEIMPROVEMENT,A,6000,5.99,0.1,N,9,0
45626,25,65000,MORTGAGE,0.0,EDUCATION,A,8000,6.91,0.12,N,2,0
45627,36,50000,RENT,3.0,EDUCATION,A,2500,6.92,0.05,N,11,0
45628,36,60000,OWN,11.0,VENTURE,A,2500,7.66,0.04,N,16,0
45629,25,60000,RENT,9.0,VENTURE,B,7000,9.91,0.12,N,4,0
45630,24,40000,RENT,8.0,VENTURE,C,5300,13.43,0.13,N,3,0
45631,21,30000,MORTGAGE,4.0,EDUCATION,A,5000,5.79,0.17,N,3,0
45632,23,50911,OWN,7.0,VENTURE,C,6000,13.43,0.12,Y,3,0
45633,28,30000,RENT,3.0,HOMEIMPROVEMENT,C,6200,14.26,0.21,N,9,1
45634,31,90000,MORTGAGE,5.0,MEDICAL,A,15000,8.49,0.17,N,9,0
45635,28,54000,RENT,6.0,PERSONAL,E,17250,16.45,0.32,N,9,1
45636,29,84000,MORTGAGE,11.0,HOMEIMPROVEMENT,A,15000,5.79,0.18,N,6,1
45637,27,120000,MORTGAGE,11.0,DEBTCONSOLIDATION,B,12000,9.99,0.1,N,6,0
45638,26,55000,MORTGAGE,3.0,PERSONAL,B,5000,11.26,0.09,N,3,0
45639,23,114800,RENT,6.0,VENTURE,A,10000,8.94,0.09,N,3,0
45640,33,18000,RENT,4.0,MEDICAL,B,4000,11.36,0.22,N,5,1
45641,21,33996,RENT,3.0,EDUCATION,D,3000,16.32,0.09,N,2,1
45642,25,59366,RENT,2.0,MEDICAL,C,6000,13.23,0.1,Y,4,0
45643,23,90000,MORTGAGE,7.0,MEDICAL,A,10000,7.49,0.11,N,4,0
45644,27,60000,RENT,4.0,DEBTCONSOLIDATION,B,9600,11.86,0.16,N,8,0
45645,22,70000,RENT,6.0,MEDICAL,A,6000,8.49,0.09,N,4,0
45646,22,80000,MORTGAGE,6.0,EDUCATION,B,8000,11.99,0.1,N,2,0
45647,29,70000,RENT,7.0,EDUCATION,B,16000,10.62,0.22,N,10,0
45648,24,70000,MORTGAGE,0.0,HOMEIMPROVEMENT,A,10000,7.9,0.14,N,4,0
45649,25,60000,RENT,0.0,EDUCATION,A,12500,9.38,0.21,N,2,0
45650,23,157544,MORTGAGE,1.0,DEBTCONSOLIDATION,C,35000,12.99,0.22,N,2,0
45651,37,130000,MORTGAGE,2.0,HOMEIMPROVEMENT,C,8000,13.16,0.06,Y,12,0
45652,41,65000,RENT,2.0,VENTURE,A,3000,5.42,0.05,N,12,0
45653,23,50000,RENT,7.0,EDUCATION,A,10000,7.29,0.2,N,2,0
45654,25,40000,OWN,1.0,EDUCATION,B,5000,11.49,0.13,N,4,0
45655,26,28000,RENT,3.0,MEDICAL,D,4000,15.62,0.14,N,4,0
45656,25,50000,RENT,4.0,MEDICAL,A,8000,6.62,0.16,N,3,0
45657,41,37200,MORTGAGE,2.0,MEDICAL,C,6000,13.23,0.16,N,16,1
45658,26,75000,RENT,4.0,PERSONAL,C,12000,13.49,0.16,N,3,0
45659,24,38000,RENT,5.0,MEDICAL,A,6500,7.88,0.18,N,3,0
45660,51,75000,RENT,3.0,HOMEIMPROVEMENT,C,7500,13.61,0.1,Y,23,0
45661,27,40000,OWN,4.0,EDUCATION,D,7000,14.96,0.17,N,5,0
45662,25,100000,RENT,9.0,HOMEIMPROVEMENT,C,10000,14.27,0.1,Y,4,0
45663,22,60000,MORTGAGE,0.0,VENTURE,B,6000,10.25,0.1,N,4,0
45664,41,56000,MORTGAGE,3.0,EDUCATION,A,2100,6.76,0.04,N,14,0
45665,25,63750,RENT,9.0,MEDICAL,C,15000,12.87,0.2,N,2,0
45666,23,72000,RENT,7.0,VENTURE,B,12000,10.65,0.17,N,3,0
45667,35,21600,RENT,1.0,DEBTCONSOLIDATION,C,3500,14.35,0.16,N,10,0
45668,51,40000,MORTGAGE,1.0,PERSONAL,A,2000,9.63,0.05,N,20,0
45669,34,75000,MORTGAGE,3.0,MEDICAL,B,16000,11.99,0.21,N,7,0
45670,25,120000,MORTGAGE,9.0,EDUCATION,A,4000,6.76,0.03,N,4,0
45671,23,74500,RENT,3.0,PERSONAL,D,7500,16.29,0.1,Y,4,1
45672,28,54000,RENT,2.0,DEBTCONSOLIDATION,D,10000,15.31,0.19,Y,6,1
45673,24,70000,MORTGAGE,1.0,VENTURE,A,10000,9.63,0.14,N,3,0
45674,40,37000,RENT,2.0,MEDICAL,A,6000,5.99,0.16,N,16,0
45675,22,36000,MORTGAGE,6.0,EDUCATION,C,4000,13.61,0.11,N,2,0
45676,40,142000,MORTGAGE,2.0,EDUCATION,C,18000,12.99,0.13,Y,14,0
45677,28,62000,RENT,1.0,PERSONAL,B,15000,11.58,0.24,N,5,0
45678,25,85000,MORTGAGE,9.0,EDUCATION,B,10000,11.49,0.12,N,4,0
45679,28,24000,RENT,3.0,PERSONAL,B,5000,10.75,0.21,N,10,0
45680,22,93000,MORTGAGE,6.0,EDUCATION,D,20000,14.74,0.22,N,2,0
45681,21,40000,RENT,1.0,EDUCATION,D,5000,17.27,0.13,Y,4,1
45682,38,48000,RENT,8.0,VENTURE,B,5000,10.99,0.1,N,14,0
45683,23,80000,MORTGAGE,4.0,VENTURE,A,15000,7.51,0.19,N,3,0
45684,43,54000,RENT,2.0,MEDICAL,D,1500,15.7,0.03,N,16,1
45685,23,145000,MORTGAGE,2.0,PERSONAL,D,14000,15.65,0.1,Y,2,0
45686,25,151000,MORTGAGE,5.0,EDUCATION,B,8000,11.12,0.05,N,3,0
45687,38,85000,RENT,1.0,EDUCATION,B,7000,11.99,0.08,N,17,0
45688,32,78000,MORTGAGE,9.0,HOMEIMPROVEMENT,B,8000,10.37,0.1,N,6,0
45689,22,50500,RENT,0.0,PERSONAL,B,10000,10.38,0.2,N,3,0
45690,24,42000,RENT,2.0,PERSONAL,B,11500,9.99,0.28,N,4,0
45691,24,42000,RENT,0.0,EDUCATION,A,7550,7.49,0.18,N,2,0
45692,27,80000,MORTGAGE,3.0,MEDICAL,B,12000,11.99,0.15,N,9,0
45693,27,51600,RENT,2.0,DEBTCONSOLIDATION,B,15000,11.36,0.29,N,7,0
45694,25,24000,OWN,2.0,HOMEIMPROVEMENT,A,12000,7.51,0.5,N,3,0
45695,25,96050,RENT,0.0,EDUCATION,E,13000,16.4,0.12,N,4,1
45696,23,37000,RENT,2.0,EDUCATION,A,10000,5.79,0.27,N,3,0
45697,57,49000,RENT,1.0,MEDICAL,D,3000,15.62,0.06,N,20,1
45698,26,85000,MORTGAGE,10.0,VENTURE,C,10000,12.99,0.12,N,2,0
45699,23,110000,MORTGAGE,4.0,VENTURE,C,5600,12.98,0.05,N,3,0
45700,23,30000,RENT,1.0,DEBTCONSOLIDATION,B,3000,12.69,0.1,N,4,1
45701,26,57500,RENT,1.0,VENTURE,A,2400,6.76,0.04,N,4,0
45702,25,32004,RENT,4.0,MEDICAL,C,5000,14.35,0.16,N,4,0
45703,28,33150,MORTGAGE,5.0,MEDICAL,A,11500,7.9,0.35,N,8,1
45704,22,43200,MORTGAGE,1.0,EDUCATION,B,10000,12.69,0.23,N,4,0
45705,32,60000,RENT,8.0,EDUCATION,C,8000,14.27,0.13,N,7,0
45706,22,30000,RENT,6.0,DEBTCONSOLIDATION,A,9000,7.51,0.3,N,2,0
45707,25,30000,RENT,4.0,MEDICAL,B,9000,9.91,0.3,N,3,0
45708,32,35000,RENT,3.0,PERSONAL,C,3000,13.61,0.09,Y,8,0
45709,25,65004,MORTGAGE,1.0,PERSONAL,B,3000,10.75,0.05,N,4,0
45710,25,74360,MORTGAGE,1.0,EDUCATION,A,7500,7.05,0.1,N,4,0
45711,39,80004,MORTGAGE,11.0,VENTURE,D,15500,14.96,0.18,N,12,0
45712,26,44000,RENT,0.0,VENTURE,B,5000,11.86,0.11,N,2,0
45713,24,51000,MORTGAGE,3.0,HOMEIMPROVEMENT,B,5000,10.99,0.1,N,2,0
45714,24,38000,OWN,8.0,VENTURE,B,15000,9.88,0.39,N,3,0
45715,28,53000,MORTGAGE,1.0,HOMEIMPROVEMENT,A,5000,6.92,0.1,N,8,0
45716,22,30000,RENT,1.0,DEBTCONSOLIDATION,C,5000,14.35,0.17,Y,3,1
45717,31,65000,RENT,0.0,HOMEIMPROVEMENT,A,4000,7.14,0.06,N,7,0
45718,28,115000,MORTGAGE,3.0,HOMEIMPROVEMENT,B,12000,11.58,0.1,N,6,0
45719,27,40000,RENT,1.0,VENTURE,D,2500,14.59,0.06,Y,10,1
45720,48,78000,MORTGAGE,1.0,EDUCATION,B,8000,9.99,0.1,N,12,0
45721,22,42000,RENT,6.0,EDUCATION,A,14250,7.66,0.33,N,2,1
45722,26,38000,RENT,2.0,DEBTCONSOLIDATION,C,19000,13.48,0.52,N,2,1
45723,32,54400,MORTGAGE,2.0,MEDICAL,D,15000,15.33,0.22,N,6,1
45724,24,48000,MORTGAGE,9.0,HOMEIMPROVEMENT,B,20000,11.36,0.42,N,4,0
45725,35,40000,RENT,12.0,MEDICAL,C,10000,13.16,0.25,Y,5,0
45726,27,60000,RENT,4.0,DEBTCONSOLIDATION,C,3600,15.23,0.06,N,7,0
45727,33,29000,RENT,3.0,DEBTCONSOLIDATION,D,10000,14.61,0.34,Y,8,1
45728,25,44000,RENT,1.0,EDUCATION,A,8000,5.79,0.18,N,4,0
45729,23,60500,RENT,4.0,PERSONAL,A,6000,8.94,0.1,N,2,0
45730,24,52000,RENT,3.0,DEBTCONSOLIDATION,C,4800,13.49,0.09,Y,2,0
45731,22,40000,RENT,1.0,VENTURE,B,12000,10.99,0.3,N,2,0
45732,37,42000,RENT,7.0,VENTURE,C,2500,13.06,0.06,N,11,0
45733,26,55000,RENT,10.0,PERSONAL,A,12000,8.0,0.22,N,2,0
45734,40,140000,MORTGAGE,8.0,EDUCATION,B,6000,9.64,0.04,N,13,0
45735,27,70000,RENT,4.0,MEDICAL,B,15000,11.89,0.21,N,9,0
45736,26,33000,MORTGAGE,10.0,PERSONAL,C,12500,13.22,0.38,N,4,1
45737,24,94185,MORTGAGE,6.0,VENTURE,C,12000,13.8,0.13,N,3,0
45738,23,33504,RENT,4.0,PERSONAL,C,5000,13.98,0.15,Y,2,1
45739,22,54000,MORTGAGE,6.0,VENTURE,B,5000,9.99,0.09,N,2,0
45740,30,130000,MORTGAGE,2.0,PERSONAL,B,6000,9.99,0.05,N,5,0
45741,39,55000,MORTGAGE,8.0,PERSONAL,B,12000,10.65,0.22,N,13,0
45742,24,120000,MORTGAGE,2.0,DEBTCONSOLIDATION,B,8000,10.37,0.07,N,4,0
45743,23,87000,RENT,0.0,EDUCATION,B,10000,10.36,0.11,N,3,0
45744,32,45000,RENT,0.0,MEDICAL,A,11000,6.99,0.24,N,6,0
45745,24,50000,RENT,6.0,MEDICAL,A,7000,7.9,0.14,N,3,0
45746,30,100000,MORTGAGE,5.0,PERSONAL,C,6000,13.49,0.06,Y,10,0
45747,30,75000,RENT,1.0,EDUCATION,B,10000,9.91,0.13,N,10,0
45748,30,68000,MORTGAGE,14.0,PERSONAL,A,1600,5.42,0.02,N,7,0
45749,22,70000,MORTGAGE,6.0,DEBTCONSOLIDATION,A,5150,6.62,0.08,N,2,0
45750,21,50000,RENT,6.0,PERSONAL,C,5000,13.49,0.1,Y,3,0
45751,22,77300,MORTGAGE,6.0,EDUCATION,A,11000,7.9,0.15,N,2,0
45752,30,38000,MORTGAGE,2.0,VENTURE,C,6000,10.28,0.16,N,10,0
45753,29,50000,RENT,3.0,HOMEIMPROVEMENT,D,2000,14.96,0.04,Y,10,0
45754,24,40000,MORTGAGE,0.0,MEDICAL,B,6000,10.65,0.15,N,3,0
45755,22,75000,MORTGAGE,6.0,MEDICAL,B,9600,11.99,0.13,N,2,0
45756,25,46500,RENT,1.0,VENTURE,E,14000,15.95,0.29,N,3,1
45757,23,24000,RENT,2.0,DEBTCONSOLIDATION,A,4000,7.88,0.17,N,3,0
45758,25,35000,RENT,0.0,VENTURE,B,4000,11.58,0.11,N,4,0
45759,22,75000,RENT,0.0,MEDICAL,B,10000,11.14,0.13,N,2,0
45760,24,43200,RENT,2.0,EDUCATION,C,14400,14.22,0.33,Y,2,1
45761,26,43000,RENT,10.0,PERSONAL,A,7500,7.51,0.18,N,4,0
45762,25,42000,RENT,3.0,MEDICAL,B,1500,11.49,0.04,N,4,0
45763,23,64000,RENT,1.0,DEBTCONSOLIDATION,C,3000,13.49,0.05,Y,2,0
45764,25,90000,RENT,2.0,MEDICAL,A,10000,7.88,0.11,N,3,0
45765,33,200000,RENT,0.0,HOMEIMPROVEMENT,C,23500,15.96,0.12,N,5,1
45766,22,52000,MORTGAGE,2.0,PERSONAL,A,3000,8.94,0.06,N,4,0
45767,28,44000,RENT,5.0,VENTURE,B,10000,11.49,0.23,N,10,1
45768,30,100000,RENT,5.0,HOMEIMPROVEMENT,B,8000,11.71,0.08,N,5,0
45769,22,90000,MORTGAGE,4.0,PERSONAL,A,7000,6.92,0.08,N,4,0
45770,33,25000,RENT,1.0,PERSONAL,B,8800,9.33,0.35,N,6,1
45771,26,50000,MORTGAGE,5.0,MEDICAL,C,8000,13.06,0.16,Y,3,1
45772,30,29102,RENT,2.0,VENTURE,A,3000,7.49,0.1,N,9,1
45773,29,85000,MORTGAGE,0.0,PERSONAL,A,10000,7.49,0.12,N,6,0
45774,22,60000,MORTGAGE,5.0,VENTURE,B,5600,10.65,0.09,N,4,0
45775,31,35000,MORTGAGE,15.0,DEBTCONSOLIDATION,C,5000,13.85,0.14,N,7,0
45776,22,40000,RENT,2.0,PERSONAL,C,2800,13.49,0.07,Y,4,0
45777,23,48996,RENT,4.0,EDUCATION,C,5000,13.49,0.1,Y,3,0
45778,35,66000,MORTGAGE,21.0,PERSONAL,A,10000,8.9,0.15,N,5,0
45779,28,60000,RENT,11.0,EDUCATION,B,2000,12.18,0.03,N,9,0
45780,23,48000,RENT,8.0,EDUCATION,B,5000,12.42,0.1,N,3,0
45781,22,48000,RENT,0.0,VENTURE,C,4800,11.09,0.1,Y,3,0
45782,26,46800,MORTGAGE,6.0,PERSONAL,E,10800,16.82,0.23,N,4,0
45783,22,78000,MORTGAGE,6.0,MEDICAL,A,10000,7.88,0.13,N,4,0
45784,24,60000,MORTGAGE,8.0,DEBTCONSOLIDATION,C,4200,15.96,0.07,N,4,0
45785,23,35000,RENT,4.0,MEDICAL,C,5400,14.26,0.15,Y,4,0
45786,27,32000,RENT,4.0,PERSONAL,A,3000,8.49,0.09,N,5,0
45787,26,72000,MORTGAGE,10.0,HOMEIMPROVEMENT,A,8000,6.92,0.11,N,3,0
45788,23,65000,MORTGAGE,7.0,DEBTCONSOLIDATION,B,5000,9.91,0.08,N,3,0
45789,23,70000,MORTGAGE,1.0,EDUCATION,B,12000,11.89,0.17,N,2,0
45790,23,75000,RENT,2.0,EDUCATION,A,6000,7.88,0.08,N,3,0
45791,31,60000,MORTGAGE,5.0,HOMEIMPROVEMENT,B,12000,10.65,0.2,N,9,0
45792,31,30000,RENT,3.0,VENTURE,B,1500,10.25,0.05,N,10,0
45793,36,50000,RENT,4.0,VENTURE,A,4000,7.66,0.08,N,14,0
45794,42,75000,MORTGAGE,12.0,VENTURE,A,12000,6.03,0.16,N,17,0
45795,24,60000,MORTGAGE,5.0,DEBTCONSOLIDATION,B,3500,10.37,0.06,N,4,0
45796,27,24000,RENT,1.0,PERSONAL,B,8000,10.74,0.33,N,10,1
45797,35,78700,MORTGAGE,11.0,EDUCATION,A,9000,7.46,0.12,N,10,1
45798,25,44000,MORTGAGE,9.0,VENTURE,C,5000,12.99,0.11,Y,4,1
45799,27,60000,MORTGAGE,2.0,PERSONAL,B,6000,10.36,0.1,N,7,0
45800,22,50000,RENT,2.0,DEBTCONSOLIDATION,B,3000,10.37,0.06,N,2,0
45801,22,40000,MORTGAGE,3.0,VENTURE,A,7500,7.9,0.19,N,2,0
45802,28,110000,MORTGAGE,12.0,VENTURE,A,6000,5.99,0.05,N,7,0
45803,27,49000,RENT,8.0,EDUCATION,B,5600,11.71,0.11,N,6,0
45804,30,30000,RENT,1.0,VENTURE,B,12200,10.74,0.42,N,5,1
45805,40,54000,MORTGAGE,20.0,PERSONAL,A,5000,7.14,0.09,N,17,0
45806,43,80000,MORTGAGE,15.0,MEDICAL,A,14000,6.92,0.18,N,13,0
45807,23,53922,RENT,3.0,VENTURE,B,5000,11.36,0.09,N,3,0
45808,23,36000,MORTGAGE,4.0,VENTURE,A,2000,6.62,0.06,N,4,0
45809,22,35000,RENT,0.0,VENTURE,B,3000,11.49,0.09,N,2,0
45810,24,120000,MORTGAGE,3.0,HOMEIMPROVEMENT,A,8000,7.66,0.07,N,3,0
45811,32,18000,RENT,4.0,VENTURE,B,1800,11.49,0.1,N,10,0
45812,36,70000,RENT,6.0,PERSONAL,A,10000,7.29,0.14,N,16,0
45813,29,55000,RENT,0.0,PERSONAL,B,4075,9.99,0.07,N,8,0
45814,26,78000,MORTGAGE,2.0,HOMEIMPROVEMENT,A,3200,7.9,0.04,N,2,1
45815,24,88000,MORTGAGE,3.0,HOMEIMPROVEMENT,D,20000,16.29,0.23,Y,4,1
45816,25,50000,MORTGAGE,0.0,EDUCATION,B,6000,12.21,0.12,N,3,0
45817,23,100000,MORTGAGE,4.0,VENTURE,A,12400,6.17,0.12,N,2,0
45818,24,40000,RENT,8.0,MEDICAL,A,8000,7.66,0.2,N,4,0
45819,27,40000,RENT,0.0,MEDICAL,A,3000,7.51,0.07,N,6,0
45820,23,57000,OWN,7.0,EDUCATION,A,1200,5.42,0.02,N,3,0
45821,23,74000,MORTGAGE,8.0,EDUCATION,B,12000,9.91,0.16,N,3,0
45822,26,150000,OWN,3.0,VENTURE,B,10000,11.58,0.07,N,2,0
45823,23,61498,OWN,7.0,VENTURE,B,17000,11.14,0.29,N,4,0
45824,55,72000,RENT,14.0,PERSONAL,B,2400,12.69,0.03,N,29,0
45825,22,26000,MORTGAGE,1.0,DEBTCONSOLIDATION,B,4750,10.99,0.18,N,3,0
45826,26,25000,RENT,1.0,DEBTCONSOLIDATION,B,7000,10.99,0.28,N,4,0
45827,22,62000,MORTGAGE,5.0,EDUCATION,A,2000,6.54,0.03,N,4,0
45828,26,80000,MORTGAGE,10.0,VENTURE,B,5000,11.11,0.06,N,3,0
45829,31,73000,RENT,2.0,HOMEIMPROVEMENT,A,14000,7.51,0.19,N,9,0
45830,22,60000,MORTGAGE,5.0,EDUCATION,A,7000,7.9,0.12,N,4,0
45831,24,115742,MORTGAGE,8.0,HOMEIMPROVEMENT,B,7500,12.69,0.07,N,2,0
45832,29,84000,MORTGAGE,6.0,VENTURE,D,10000,14.96,0.12,Y,9,0
45833,23,74800,MORTGAGE,7.0,EDUCATION,B,14000,11.11,0.18,N,4,0
45834,22,57600,MORTGAGE,6.0,PERSONAL,B,8000,10.99,0.14,N,3,0
45835,38,65000,MORTGAGE,9.0,PERSONAL,A,10000,7.49,0.15,N,12,0
45836,37,24000,RENT,3.0,MEDICAL,A,3000,6.03,0.13,N,12,0
45837,22,45900,RENT,0.0,PERSONAL,C,12000,13.79,0.26,N,3,0
45838,34,113000,MORTGAGE,3.0,DEBTCONSOLIDATION,A,12000,7.9,0.11,N,7,0
45839,23,230000,RENT,3.0,PERSONAL,A,9500,8.63,0.04,N,3,0
45840,30,61200,RENT,14.0,MEDICAL,B,6000,10.38,0.09,N,5,1
45841,27,32000,RENT,3.0,VENTURE,B,8000,10.37,0.25,N,5,0
45842,21,52000,MORTGAGE,5.0,VENTURE,B,15000,10.25,0.29,N,2,0
45843,25,32004,RENT,0.0,MEDICAL,C,5000,14.35,0.16,N,3,0
45844,22,19200,RENT,0.0,HOMEIMPROVEMENT,D,6000,16.49,0.31,Y,4,1
45845,26,45000,RENT,5.0,MEDICAL,C,5000,13.49,0.11,N,3,0
45846,24,40000,RENT,8.0,EDUCATION,A,9000,5.79,0.23,N,4,0
45847,25,61100,RENT,1.0,EDUCATION,B,15000,12.53,0.25,N,2,0
45848,22,36000,RENT,1.0,DEBTCONSOLIDATION,B,5000,10.37,0.14,N,4,0
45849,35,120000,MORTGAGE,4.0,MEDICAL,B,12500,11.49,0.1,N,10,0
45850,25,95950,RENT,2.0,PERSONAL,D,25000,14.42,0.27,Y,3,1
45851,27,75000,RENT,6.0,MEDICAL,B,20000,11.83,0.27,N,9,0
45852,30,35000,RENT,8.0,EDUCATION,B,3000,10.36,0.09,N,9,0
45853,28,33996,RENT,12.0,MEDICAL,A,2000,7.9,0.06,N,8,0
45854,25,28800,MORTGAGE,5.0,MEDICAL,A,8000,7.49,0.28,N,3,0
45855,26,75000,RENT,6.0,PERSONAL,B,5000,9.91,0.07,N,3,0
45856,22,60000,RENT,6.0,PERSONAL,B,7000,12.21,0.12,N,2,0
45857,24,60000,MORTGAGE,4.0,MEDICAL,A,2000,6.03,0.03,N,4,0
45858,22,43000,RENT,6.0,EDUCATION,B,10000,11.49,0.23,N,4,0
45859,33,34000,RENT,3.0,DEBTCONSOLIDATION,C,6000,13.61,0.18,Y,10,0
45860,27,40000,MORTGAGE,5.0,DEBTCONSOLIDATION,B,2500,9.99,0.06,N,6,0
45861,29,68000,MORTGAGE,14.0,VENTURE,A,10000,7.88,0.15,N,7,0
45862,27,42000,OWN,0.0,VENTURE,B,5000,11.83,0.12,N,7,0
45863,22,38400,OWN,6.0,VENTURE,A,2000,7.14,0.05,N,4,0
45864,26,69600,MORTGAGE,10.0,MEDICAL,A,5000,9.63,0.07,N,4,0
45865,22,37000,MORTGAGE,0.0,EDUCATION,E,6000,17.56,0.16,Y,4,0
45866,40,44000,RENT,2.0,DEBTCONSOLIDATION,D,15000,15.05,0.34,N,14,1
45867,23,40000,RENT,5.0,EDUCATION,B,3000,10.37,0.07,N,3,0
45868,25,126000,RENT,4.0,VENTURE,A,7000,6.92,0.06,N,2,0
45869,22,60000,RENT,2.0,DEBTCONSOLIDATION,A,7000,6.39,0.12,N,2,0
45870,26,52000,RENT,3.0,EDUCATION,B,17000,11.58,0.33,N,4,1
45871,24,48000,RENT,1.0,MEDICAL,A,1500,8.94,0.03,N,4,0
45872,23,85000,MORTGAGE,7.0,EDUCATION,A,10000,7.29,0.12,N,4,0
45873,22,24000,OWN,1.0,EDUCATION,B,6000,11.36,0.25,N,3,0
45874,23,33600,OWN,8.0,PERSONAL,B,4000,11.83,0.12,N,3,0
45875,24,70000,MORTGAGE,9.0,MEDICAL,A,3500,7.29,0.05,N,4,0
45876,24,38400,MORTGAGE,8.0,EDUCATION,A,2200,5.42,0.06,N,3,0
45877,22,24000,OWN,6.0,PERSONAL,C,6000,12.99,0.25,Y,3,0
45878,22,60000,RENT,4.0,EDUCATION,A,13000,6.91,0.22,N,3,0
45879,33,60000,RENT,3.0,DEBTCONSOLIDATION,B,2000,10.99,0.03,N,5,0
45880,22,70000,MORTGAGE,6.0,EDUCATION,D,10000,15.62,0.14,N,3,0
45881,44,72000,MORTGAGE,14.0,HOMEIMPROVEMENT,A,3600,7.4,0.05,N,16,0
45882,28,84000,MORTGAGE,12.0,DEBTCONSOLIDATION,A,8000,5.42,0.1,N,9,0
45883,23,54000,MORTGAGE,7.0,EDUCATION,A,14000,8.59,0.26,N,3,0
45884,29,58000,MORTGAGE,5.0,MEDICAL,C,13200,13.16,0.23,N,9,1
45885,26,25000,OWN,5.0,HOMEIMPROVEMENT,D,11500,15.57,0.46,Y,4,0
45886,24,29000,RENT,2.0,EDUCATION,B,1200,11.89,0.04,N,3,0
45887,23,57000,RENT,5.0,VENTURE,B,5000,9.83,0.09,N,4,0
45888,26,85000,RENT,3.0,MEDICAL,A,10000,7.49,0.12,N,2,0
45889,29,50000,MORTGAGE,4.0,EDUCATION,B,10000,12.42,0.2,N,7,0
45890,25,72000,MORTGAGE,9.0,VENTURE,A,10000,6.03,0.14,N,4,0
45891,25,60000,MORTGAGE,0.0,DEBTCONSOLIDATION,A,5000,5.42,0.08,N,2,0
45892,33,50000,MORTGAGE,2.0,PERSONAL,C,2000,14.79,0.04,N,6,0
45893,24,51996,MORTGAGE,6.0,DEBTCONSOLIDATION,A,4000,5.79,0.08,N,4,0
45894,30,100000,MORTGAGE,13.0,HOMEIMPROVEMENT,B,15000,11.89,0.15,N,8,0
45895,29,47000,MORTGAGE,9.0,EDUCATION,A,7000,6.62,0.15,N,9,0
45896,22,52000,MORTGAGE,6.0,DEBTCONSOLIDATION,C,12000,13.22,0.23,Y,2,0
45897,43,43000,RENT,1.0,MEDICAL,B,7000,9.99,0.16,N,16,0
45898,27,55000,MORTGAGE,7.0,DEBTCONSOLIDATION,A,5000,5.79,0.09,N,9,0
45899,27,125000,RENT,3.0,EDUCATION,B,10000,9.63,0.08,N,10,0
45900,25,42000,RENT,1.0,PERSONAL,E,6000,16.45,0.14,N,4,1
45901,44,35004,MORTGAGE,0.0,HOMEIMPROVEMENT,A,5000,7.74,0.14,N,14,0
45902,23,64000,RENT,1.0,DEBTCONSOLIDATION,C,16000,13.47,0.24,N,3,0
45903,24,30000,RENT,0.0,DEBTCONSOLIDATION,A,12000,8.94,0.4,N,4,1
45904,30,53000,RENT,14.0,VENTURE,A,16000,7.88,0.3,N,7,0
45905,24,53500,RENT,3.0,EDUCATION,C,20000,13.49,0.37,N,4,1
45906,38,60000,MORTGAGE,3.0,HOMEIMPROVEMENT,A,10000,9.32,0.17,N,17,0
45907,33,50000,MORTGAGE,4.0,DEBTCONSOLIDATION,B,15000,9.88,0.3,N,5,0
45908,27,46000,RENT,8.0,PERSONAL,B,4000,11.71,0.09,N,6,0
45909,35,83886,MORTGAGE,14.0,VENTURE,A,12000,5.42,0.14,N,8,0
45910,27,105000,MORTGAGE,11.0,EDUCATION,A,5000,7.51,0.05,N,9,0
45911,24,100000,RENT,8.0,VENTURE,C,10000,13.49,0.1,N,2,0
45912,25,62500,RENT,2.0,DEBTCONSOLIDATION,C,4000,12.23,0.06,Y,3,0
45913,23,95004,RENT,1.0,EDUCATION,B,5000,9.88,0.05,N,2,0
45914,28,40000,RENT,1.0,MEDICAL,B,3600,10.59,0.09,N,9,0
45915,23,80000,MORTGAGE,1.0,VENTURE,A,12000,6.62,0.15,N,4,0
45916,33,58000,MORTGAGE,12.0,HOMEIMPROVEMENT,A,3000,7.68,0.05,N,8,0
45917,33,180000,RENT,11.0,MEDICAL,B,12000,10.37,0.07,N,6,0
45918,31,53329,MORTGAGE,5.0,HOMEIMPROVEMENT,A,10800,5.79,0.2,N,5,0
45919,44,65000,MORTGAGE,4.0,VENTURE,C,10000,13.47,0.15,N,15,0
45920,24,30000,RENT,3.0,MEDICAL,B,10000,10.36,0.33,N,4,1
45921,22,28800,RENT,2.0,DEBTCONSOLIDATION,D,5000,16.29,0.17,Y,4,1
45922,25,45000,RENT,2.0,VENTURE,B,15000,11.48,0.33,N,2,1
45923,45,65000,MORTGAGE,15.0,EDUCATION,A,10000,6.03,0.15,N,17,0
45924,33,131000,MORTGAGE,5.0,DEBTCONSOLIDATION,C,25000,13.49,0.19,Y,5,0
45925,22,48000,RENT,1.0,VENTURE,D,7500,16.07,0.16,Y,2,1
45926,26,57500,RENT,5.0,HOMEIMPROVEMENT,D,7500,16.29,0.13,Y,3,1
45927,21,30000,RENT,3.0,VENTURE,A,5000,6.54,0.17,N,2,0
45928,30,85000,OWN,1.0,VENTURE,A,16000,7.9,0.19,N,6,0
45929,44,40000,RENT,0.0,MEDICAL,C,3000,13.49,0.07,Y,11,0
45930,22,35000,RENT,6.0,MEDICAL,B,5000,11.71,0.14,N,4,1
45931,27,84000,RENT,9.0,EDUCATION,D,7500,15.62,0.09,Y,7,0
45932,24,52000,MORTGAGE,0.0,HOMEIMPROVEMENT,B,12500,10.0,0.24,N,3,0
45933,24,63000,MORTGAGE,8.0,HOMEIMPROVEMENT,A,5000,6.03,0.08,N,3,0
45934,24,42000,RENT,3.0,MEDICAL,C,3500,13.16,0.08,Y,3,0
45935,22,60000,RENT,6.0,DEBTCONSOLIDATION,B,20000,10.37,0.33,N,2,1
45936,26,39900,RENT,3.0,PERSONAL,B,6000,10.25,0.15,N,2,0
45937,23,65000,MORTGAGE,0.0,EDUCATION,A,12000,7.9,0.18,N,4,0
45938,27,75000,RENT,11.0,HOMEIMPROVEMENT,A,10000,7.88,0.13,N,7,0
45939,44,99000,MORTGAGE,4.0,EDUCATION,B,10000,11.99,0.1,N,12,0
45940,26,43680,RENT,10.0,EDUCATION,B,15000,12.18,0.34,N,4,1
45941,46,95000,MORTGAGE,6.0,VENTURE,A,5000,7.51,0.05,N,16,0
45942,29,70000,MORTGAGE,8.0,PERSONAL,A,12000,5.79,0.17,N,6,0
45943,22,70000,MORTGAGE,6.0,EDUCATION,A,6000,6.92,0.09,N,4,0
45944,29,67000,OWN,11.0,VENTURE,D,2800,16.02,0.04,N,8,0
45945,26,75000,RENT,5.0,PERSONAL,B,7000,9.25,0.09,N,2,0
45946,36,120000,RENT,5.0,MEDICAL,B,10000,10.62,0.08,N,13,0
45947,28,110000,MORTGAGE,7.0,PERSONAL,D,9600,15.99,0.09,Y,10,0
45948,26,98000,RENT,6.0,HOMEIMPROVEMENT,A,10000,8.94,0.1,N,3,0
45949,31,50000,RENT,9.0,HOMEIMPROVEMENT,A,14000,7.66,0.28,N,6,0
45950,25,55000,RENT,5.0,DEBTCONSOLIDATION,D,20000,14.61,0.36,Y,2,1
45951,24,130000,MORTGAGE,4.0,MEDICAL,C,18000,14.22,0.14,N,2,0
45952,29,85000,MORTGAGE,3.0,PERSONAL,C,35000,12.98,0.41,Y,8,0
45953,24,70000,MORTGAGE,9.0,PERSONAL,A,14400,7.9,0.21,N,2,0
45954,23,54000,RENT,4.0,PERSONAL,D,8000,15.62,0.15,N,2,0
45955,24,33996,RENT,0.0,EDUCATION,C,2000,13.16,0.06,Y,3,0
45956,33,109000,MORTGAGE,7.0,HOMEIMPROVEMENT,B,25000,10.25,0.24,N,7,0
45957,30,55000,OWN,5.0,MEDICAL,A,5000,7.49,0.09,N,5,0
45958,24,80000,RENT,4.0,PERSONAL,B,5000,11.89,0.06,N,4,0
45959,32,85000,MORTGAGE,16.0,MEDICAL,B,20000,10.99,0.24,N,9,0
45960,24,60000,RENT,0.0,PERSONAL,A,15000,7.9,0.25,N,2,0
45961,23,41004,MORTGAGE,5.0,PERSONAL,B,12000,11.99,0.29,N,2,0
45962,26,65000,RENT,3.0,DEBTCONSOLIDATION,A,2000,7.51,0.03,N,2,0
45963,23,69000,RENT,0.0,EDUCATION,A,6000,6.03,0.09,N,2,0
45964,32,52000,RENT,2.0,DEBTCONSOLIDATION,B,2500,12.53,0.05,N,6,0
45965,25,58000,MORTGAGE,10.0,PERSONAL,A,9500,7.51,0.16,N,3,0
45966,24,38000,RENT,8.0,DEBTCONSOLIDATION,C,1800,13.61,0.05,Y,2,0
45967,25,120000,MORTGAGE,9.0,DEBTCONSOLIDATION,A,20000,6.54,0.17,N,2,0
45968,27,35000,RENT,5.0,MEDICAL,A,10000,8.59,0.29,N,6,0
45969,28,90000,RENT,5.0,PERSONAL,C,20000,13.06,0.22,N,8,0
45970,27,30000,RENT,1.0,MEDICAL,A,10000,7.29,0.33,N,5,1
45971,24,57000,MORTGAGE,5.0,EDUCATION,A,15000,6.03,0.26,N,3,0
45972,40,125000,MORTGAGE,1.0,PERSONAL,A,21000,6.99,0.17,N,16,0
45973,35,99000,RENT,15.0,DEBTCONSOLIDATION,C,15000,14.27,0.15,N,7,0
45974,26,83300,RENT,0.0,MEDICAL,D,25000,15.37,0.28,Y,2,1
45975,34,75000,RENT,3.0,HOMEIMPROVEMENT,A,9000,6.99,0.12,N,10,0
45976,30,80000,RENT,0.0,HOMEIMPROVEMENT,A,7000,5.79,0.09,N,7,0
45977,30,60000,MORTGAGE,5.0,HOMEIMPROVEMENT,A,4000,7.14,0.07,N,7,0
45978,32,37000,RENT,2.0,PERSONAL,C,10000,13.47,0.27,Y,10,0
45979,38,38000,RENT,2.0,MEDICAL,B,3000,9.99,0.08,N,11,0
45980,28,85000,RENT,4.0,HOMEIMPROVEMENT,D,10000,15.99,0.12,N,9,0
45981,24,38000,MORTGAGE,8.0,PERSONAL,C,1500,14.35,0.04,Y,4,0
45982,23,78500,MORTGAGE,7.0,MEDICAL,C,27000,13.06,0.34,N,3,1
45983,22,87000,MORTGAGE,6.0,EDUCATION,A,9000,6.03,0.1,N,3,0
45984,26,85000,MORTGAGE,11.0,DEBTCONSOLIDATION,A,13000,8.94,0.15,N,3,0
45985,24,55000,RENT,0.0,PERSONAL,A,3950,5.42,0.07,N,3,0
45986,22,53000,MORTGAGE,6.0,MEDICAL,A,6000,5.42,0.11,N,2,0
45987,31,81000,RENT,5.0,EDUCATION,A,8500,8.9,0.11,N,9,0
45988,23,76000,RENT,0.0,PERSONAL,B,5000,10.62,0.07,N,3,0
45989,27,21600,RENT,11.0,DEBTCONSOLIDATION,C,5300,15.23,0.24,Y,5,0
45990,46,70000,MORTGAGE,0.0,PERSONAL,A,3000,7.49,0.04,N,17,0
45991,22,64000,RENT,6.0,MEDICAL,B,10000,10.99,0.16,N,4,0
45992,24,62400,RENT,8.0,PERSONAL,B,14000,11.12,0.22,N,2,0
45993,25,106000,MORTGAGE,8.0,DEBTCONSOLIDATION,C,25000,10.59,0.24,N,4,0
45994,22,110000,RENT,3.0,EDUCATION,A,20000,6.91,0.18,N,2,0
45995,23,39996,RENT,7.0,EDUCATION,A,1500,8.49,0.04,N,2,0
45996,38,72204,RENT,2.0,PERSONAL,C,4250,12.53,0.06,N,16,0
45997,24,60000,MORTGAGE,0.0,PERSONAL,B,10000,11.86,0.17,N,2,0
45998,22,92000,MORTGAGE,6.0,EDUCATION,B,10000,9.99,0.11,N,4,0
45999,22,40000,RENT,2.0,VENTURE,A,14000,7.29,0.35,N,2,1
46000,32,42000,RENT,4.0,MEDICAL,B,6500,9.99,0.15,N,6,0
46001,22,73000,MORTGAGE,6.0,MEDICAL,A,10000,7.51,0.14,N,3,0
46002,23,80000,MORTGAGE,0.0,MEDICAL,B,25000,9.99,0.31,N,3,0
46003,24,70000,MORTGAGE,8.0,DEBTCONSOLIDATION,A,8000,7.9,0.11,N,4,0
46004,28,31200,MORTGAGE,8.0,DEBTCONSOLIDATION,A,6000,7.14,0.19,N,9,0
46005,23,58000,MORTGAGE,7.0,DEBTCONSOLIDATION,A,5000,7.68,0.09,N,2,0
46006,37,60000,OWN,2.0,VENTURE,A,12000,9.63,0.2,N,14,0
46007,24,96000,MORTGAGE,0.0,VENTURE,C,12000,13.49,0.13,Y,2,0
46008,23,70000,RENT,0.0,EDUCATION,C,4000,13.49,0.06,Y,4,0
46009,23,130000,MORTGAGE,4.0,DEBTCONSOLIDATION,A,10000,6.76,0.08,N,4,0
46010,24,65000,MORTGAGE,5.0,MEDICAL,A,12000,5.42,0.18,N,3,0
46011,27,48000,RENT,4.0,EDUCATION,A,3000,8.0,0.06,N,6,0
46012,23,32000,RENT,2.0,DEBTCONSOLIDATION,C,6000,12.99,0.19,N,4,0
46013,22,67500,MORTGAGE,1.0,EDUCATION,D,7500,14.74,0.11,N,3,0
46014,26,43200,RENT,0.0,VENTURE,A,10000,8.94,0.23,N,2,0
46015,22,70000,RENT,6.0,EDUCATION,A,8000,7.66,0.11,N,3,0
46016,31,40000,MORTGAGE,5.0,HOMEIMPROVEMENT,A,12000,7.49,0.3,N,5,0
46017,22,31200,MORTGAGE,4.0,MEDICAL,B,3300,11.99,0.11,N,4,0
46018,22,45000,RENT,3.0,EDUCATION,B,2000,11.11,0.04,N,3,0
46019,22,72000,RENT,5.0,MEDICAL,B,12000,11.99,0.17,N,2,0
46020,22,60000,RENT,3.0,DEBTCONSOLIDATION,B,7000,10.59,0.12,N,2,0
46021,39,108000,MORTGAGE,6.0,MEDICAL,A,7000,9.32,0.06,N,17,0
46022,26,60000,RENT,0.0,EDUCATION,A,12000,5.79,0.2,N,4,0
46023,29,120000,MORTGAGE,13.0,DEBTCONSOLIDATION,B,25000,10.74,0.21,N,9,0
46024,23,61754,RENT,7.0,PERSONAL,C,7000,13.06,0.11,N,3,0
46025,30,50000,MORTGAGE,1.0,DEBTCONSOLIDATION,A,4000,7.4,0.08,N,5,0
46026,28,80000,MORTGAGE,7.0,VENTURE,A,15000,6.62,0.19,N,9,0
46027,39,32000,RENT,4.0,PERSONAL,A,4500,7.68,0.14,N,12,0
46028,43,85000,MORTGAGE,0.0,PERSONAL,B,12000,9.91,0.14,N,13,0
46029,40,100000,RENT,0.0,MEDICAL,A,5000,7.75,0.05,N,17,0
46030,42,65000,RENT,16.0,DEBTCONSOLIDATION,C,15000,13.47,0.23,Y,13,0
46031,31,52000,RENT,7.0,EDUCATION,A,24000,7.49,0.46,N,6,0
46032,25,45000,RENT,1.0,MEDICAL,C,12000,13.49,0.27,Y,2,0
46033,36,85000,RENT,7.0,MEDICAL,C,12000,13.98,0.14,N,15,0
46034,23,30000,RENT,4.0,EDUCATION,C,2000,13.98,0.07,Y,3,0
46035,26,24000,RENT,0.0,DEBTCONSOLIDATION,A,2000,9.32,0.08,N,4,0
46036,22,34000,RENT,6.0,DEBTCONSOLIDATION,B,5000,12.69,0.15,N,4,1
46037,43,62004,RENT,3.0,HOMEIMPROVEMENT,B,20000,9.99,0.31,N,16,1
46038,31,60000,RENT,3.0,HOMEIMPROVEMENT,A,5000,8.49,0.08,N,10,0
46039,21,38400,RENT,3.0,VENTURE,C,1000,12.87,0.03,Y,3,0
46040,24,125000,RENT,5.0,PERSONAL,A,10000,8.94,0.08,N,2,0
46041,23,72000,RENT,4.0,MEDICAL,A,6200,5.99,0.09,N,3,0
46042,27,35000,RENT,0.0,EDUCATION,C,4000,13.49,0.11,Y,7,0
46043,23,52000,MORTGAGE,1.0,VENTURE,B,7000,11.89,0.13,N,4,0
46044,47,51600,MORTGAGE,15.0,DEBTCONSOLIDATION,A,1500,8.49,0.02,N,12,0
46045,22,62900,MORTGAGE,6.0,MEDICAL,B,10000,10.37,0.16,N,2,1
46046,21,67000,MORTGAGE,0.0,DEBTCONSOLIDATION,A,13000,8.9,0.18,N,4,0
46047,28,75000,MORTGAGE,12.0,HOMEIMPROVEMENT,C,12000,12.98,0.16,N,8,0
46048,22,31200,RENT,3.0,EDUCATION,E,6000,16.45,0.19,Y,3,0
46049,21,30000,RENT,3.0,VENTURE,D,10000,17.27,0.33,N,4,1
46050,39,33996,RENT,0.0,EDUCATION,D,2500,14.84,0.08,Y,12,1
46051,31,35000,MORTGAGE,5.0,HOMEIMPROVEMENT,B,10000,10.65,0.29,N,9,0
46052,27,50000,RENT,0.0,HOMEIMPROVEMENT,A,1500,6.54,0.03,N,5,0
46053,28,65000,RENT,11.0,EDUCATION,D,4800,15.99,0.07,Y,6,0
46054,22,61000,RENT,4.0,VENTURE,B,8000,11.49,0.13,N,2,0
46055,32,48000,RENT,7.0,HOMEIMPROVEMENT,C,15000,13.06,0.31,N,10,1
46056,22,45000,RENT,2.0,MEDICAL,D,19200,16.77,0.44,N,4,1
46057,29,72000,MORTGAGE,8.0,PERSONAL,A,15000,7.88,0.21,N,9,0
46058,28,50000,MORTGAGE,8.0,EDUCATION,A,6000,6.62,0.12,N,5,0
46059,29,48000,MORTGAGE,1.0,PERSONAL,E,15000,18.64,0.31,N,6,1
46060,25,30000,RENT,5.0,HOMEIMPROVEMENT,E,5000,16.45,0.17,N,4,1
46061,24,44500,RENT,2.0,VENTURE,A,14000,7.51,0.32,N,3,1
46062,22,35000,RENT,6.0,EDUCATION,C,7000,13.98,0.2,N,4,0
46063,25,65000,RENT,2.0,DEBTCONSOLIDATION,C,6000,13.98,0.09,N,4,0
46064,32,25000,RENT,2.0,DEBTCONSOLIDATION,A,2800,8.49,0.11,N,9,0
46065,27,62000,MORTGAGE,11.0,PERSONAL,A,8000,7.51,0.13,N,8,0
46066,23,35000,MORTGAGE,8.0,EDUCATION,C,12800,13.99,0.37,N,4,0
46067,25,52650,MORTGAGE,2.0,VENTURE,D,14000,15.7,0.26,N,2,0
46068,37,95459,MORTGAGE,13.0,EDUCATION,A,3600,8.49,0.04,N,14,0
46069,22,50000,RENT,6.0,VENTURE,A,15000,7.88,0.3,N,2,0
46070,34,111996,MORTGAGE,11.0,PERSONAL,A,5000,7.74,0.05,N,7,0
46071,26,58000,RENT,1.0,DEBTCONSOLIDATION,A,1500,7.9,0.03,N,4,0
46072,22,60000,RENT,5.0,DEBTCONSOLIDATION,B,15000,10.08,0.25,N,3,0
46073,28,54000,RENT,3.0,HOMEIMPROVEMENT,D,7000,16.77,0.13,Y,8,1
46074,29,85000,MORTGAGE,11.0,EDUCATION,B,7200,10.65,0.09,N,8,0
46075,50,108000,MORTGAGE,0.0,EDUCATION,B,14100,12.42,0.13,N,13,0
46076,22,31200,OWN,1.0,MEDICAL,B,5000,11.49,0.16,N,4,0
46077,27,96000,RENT,11.0,VENTURE,B,20000,9.88,0.21,N,10,0
46078,21,45000,RENT,2.0,EDUCATION,B,5000,9.91,0.11,N,3,0
46079,23,50000,MORTGAGE,7.0,EDUCATION,B,5000,10.65,0.1,N,2,0
46080,27,52000,RENT,3.0,EDUCATION,C,10000,13.98,0.19,N,6,0
46081,32,138000,RENT,1.0,HOMEIMPROVEMENT,C,16800,14.35,0.12,N,5,0
46082,27,60000,MORTGAGE,3.0,VENTURE,B,20000,10.99,0.33,N,7,0
46083,24,61000,RENT,7.0,MEDICAL,C,10000,11.03,0.16,Y,3,0
46084,22,50004,RENT,4.0,VENTURE,D,25000,15.58,0.5,N,3,1
46085,35,200000,MORTGAGE,14.0,PERSONAL,B,12000,10.99,0.06,N,6,0
46086,25,54000,MORTGAGE,7.0,MEDICAL,A,2500,7.51,0.05,N,2,0
46087,28,40000,RENT,3.0,EDUCATION,A,7000,9.32,0.17,N,9,0
46088,32,60000,MORTGAGE,16.0,VENTURE,A,8000,7.88,0.13,N,6,0
46089,22,30000,RENT,3.0,DEBTCONSOLIDATION,C,8000,13.61,0.27,N,2,0
46090,35,45000,RENT,5.0,DEBTCONSOLIDATION,B,1500,11.12,0.03,N,7,0
46091,29,150000,MORTGAGE,8.0,DEBTCONSOLIDATION,A,6000,7.49,0.04,N,7,0
46092,24,50000,RENT,4.0,PERSONAL,A,5000,7.29,0.1,N,2,0
46093,24,54000,RENT,7.0,HOMEIMPROVEMENT,D,8000,15.62,0.15,N,2,0
46094,29,95000,MORTGAGE,0.0,MEDICAL,A,12000,8.94,0.13,N,7,0
46095,31,65000,RENT,5.0,MEDICAL,B,10000,10.99,0.15,N,9,0
46096,22,98000,MORTGAGE,3.0,HOMEIMPROVEMENT,E,20000,16.32,0.2,Y,2,1
46097,22,32000,RENT,0.0,VENTURE,A,3000,6.99,0.09,N,3,0
46098,23,34560,MORTGAGE,1.0,PERSONAL,B,10000,10.59,0.29,N,2,0
46099,30,50000,RENT,4.0,VENTURE,A,7000,6.92,0.14,N,10,0
46100,31,27600,RENT,1.0,MEDICAL,A,6700,7.74,0.24,N,8,0
46101,23,40000,RENT,0.0,MEDICAL,A,7000,8.0,0.17,N,2,0
46102,27,84996,RENT,2.0,MEDICAL,A,10000,7.29,0.12,N,6,0
46103,22,72000,MORTGAGE,4.0,DEBTCONSOLIDATION,B,6600,11.14,0.09,N,3,0
46104,22,70000,MORTGAGE,6.0,DEBTCONSOLIDATION,B,12000,10.99,0.17,N,3,0
46105,23,60000,MORTGAGE,0.0,MEDICAL,A,10000,8.0,0.17,N,3,0
46106,29,65136,MORTGAGE,0.0,MEDICAL,A,3600,6.39,0.06,N,7,0
46107,22,58979,RENT,2.0,MEDICAL,A,4000,6.62,0.07,N,2,0
46108,23,38400,RENT,5.0,MEDICAL,D,11000,15.33,0.29,Y,2,1
46109,23,106300,MORTGAGE,2.0,PERSONAL,E,10000,16.63,0.1,Y,3,0
46110,22,48000,MORTGAGE,3.0,VENTURE,B,13000,10.99,0.27,N,2,0
46111,24,26400,RENT,2.0,MEDICAL,D,10000,12.92,0.38,Y,4,1
46112,23,37500,RENT,2.0,DEBTCONSOLIDATION,B,10000,10.99,0.27,N,3,0
46113,29,50000,RENT,6.0,MEDICAL,C,6000,14.79,0.12,N,9,0
46114,22,31200,RENT,2.0,EDUCATION,D,13000,15.99,0.44,Y,4,1
46115,25,70000,MORTGAGE,2.0,HOMEIMPROVEMENT,B,12000,10.0,0.17,N,4,0
46116,22,50000,MORTGAGE,6.0,VENTURE,B,4000,10.37,0.08,N,4,0
46117,37,55000,MORTGAGE,8.0,MEDICAL,F,10000,18.43,0.18,Y,12,1
46118,27,120000,RENT,8.0,DEBTCONSOLIDATION,D,7500,15.31,0.06,Y,5,1
46119,28,130000,MORTGAGE,5.0,HOMEIMPROVEMENT,B,8000,10.75,0.06,N,7,0
46120,33,45000,RENT,0.0,DEBTCONSOLIDATION,B,6000,10.59,0.13,N,7,0
46121,32,66000,RENT,3.0,PERSONAL,B,2500,11.71,0.04,N,8,0
46122,23,65004,MORTGAGE,7.0,EDUCATION,A,9600,7.51,0.13,N,2,0
46123,25,32200,RENT,2.0,MEDICAL,D,8400,14.96,0.28,Y,4,1
46124,29,145000,RENT,3.0,PERSONAL,B,14000,10.65,0.1,N,10,0
46125,21,40000,RENT,5.0,PERSONAL,C,3500,13.23,0.09,Y,4,0
46126,29,70000,RENT,13.0,VENTURE,A,12000,7.51,0.17,N,8,0
46127,29,60000,RENT,5.0,PERSONAL,B,5000,10.38,0.08,N,7,0
46128,27,52000,RENT,3.0,HOMEIMPROVEMENT,B,3000,10.59,0.06,N,8,0
46129,32,75000,RENT,3.0,MEDICAL,A,14000,7.88,0.2,N,8,0
46130,35,77237,MORTGAGE,4.0,EDUCATION,C,15000,12.61,0.19,N,10,0
46131,30,150000,MORTGAGE,0.0,VENTURE,C,25000,12.73,0.17,N,5,0
46132,24,80000,RENT,2.0,MEDICAL,C,2400,13.49,0.03,N,3,0
46133,22,38400,MORTGAGE,4.0,MEDICAL,A,10000,8.94,0.26,N,4,0
46134,24,35000,RENT,1.0,EDUCATION,A,8500,7.51,0.24,N,4,0
46135,24,56000,RENT,7.0,HOMEIMPROVEMENT,B,7000,10.36,0.13,N,4,0
46136,24,50000,MORTGAGE,2.0,PERSONAL,B,15000,10.99,0.3,N,3,0
46137,24,43000,RENT,5.0,EDUCATION,C,9925,15.27,0.23,N,4,0
46138,26,52500,MORTGAGE,3.0,HOMEIMPROVEMENT,A,8000,5.79,0.15,N,2,0
46139,24,27000,RENT,3.0,MEDICAL,A,5000,7.88,0.19,N,2,0
46140,22,40000,RENT,6.0,VENTURE,B,17500,10.62,0.43,N,2,1
46141,23,60000,RENT,4.0,EDUCATION,A,5000,7.29,0.08,N,3,0
46142,25,75000,MORTGAGE,9.0,VENTURE,A,3000,5.79,0.04,N,2,0
46143,38,60000,MORTGAGE,22.0,PERSONAL,A,12000,7.88,0.2,N,15,0
46144,23,45000,MORTGAGE,7.0,VENTURE,B,5000,12.42,0.11,N,2,0
46145,48,90000,RENT,1.0,PERSONAL,B,4000,12.69,0.04,N,17,0
46146,30,74000,MORTGAGE,14.0,MEDICAL,B,18000,12.18,0.24,N,10,0
46147,25,42000,MORTGAGE,8.0,EDUCATION,B,5500,10.0,0.13,N,3,0
46148,39,56004,MORTGAGE,3.0,DEBTCONSOLIDATION,B,6000,10.99,0.11,N,14,0
46149,24,54400,RENT,3.0,MEDICAL,D,4000,12.61,0.07,Y,2,1
46150,31,43200,RENT,1.0,HOMEIMPROVEMENT,C,4200,14.26,0.1,Y,8,0
46151,27,50000,RENT,0.0,HOMEIMPROVEMENT,A,8000,5.99,0.16,N,5,0
46152,24,50000,MORTGAGE,8.0,HOMEIMPROVEMENT,B,8000,12.18,0.16,N,2,0
46153,32,30000,RENT,4.0,DEBTCONSOLIDATION,D,5000,16.32,0.17,N,8,1
46154,24,40000,RENT,4.0,DEBTCONSOLIDATION,B,4000,11.12,0.1,N,4,0
46155,24,67000,MORTGAGE,8.0,MEDICAL,A,3000,5.99,0.05,N,2,0
46156,24,36000,RENT,8.0,EDUCATION,B,7000,9.91,0.19,N,2,0
46157,23,115000,MORTGAGE,4.0,MEDICAL,B,5000,9.99,0.04,N,2,0
46158,23,43000,RENT,2.0,DEBTCONSOLIDATION,A,3000,7.88,0.07,N,4,0
46159,27,100000,RENT,11.0,DEBTCONSOLIDATION,B,20000,10.75,0.2,N,9,0
46160,25,120000,MORTGAGE,9.0,HOMEIMPROVEMENT,B,25000,9.91,0.21,N,4,0
46161,30,105000,MORTGAGE,4.0,PERSONAL,B,11000,11.99,0.1,N,8,0
46162,28,150000,MORTGAGE,12.0,VENTURE,A,10000,7.9,0.07,N,8,0
46163,23,30000,RENT,5.0,DEBTCONSOLIDATION,A,14125,8.49,0.47,N,4,1
46164,41,85000,MORTGAGE,4.0,HOMEIMPROVEMENT,A,8000,7.51,0.09,N,16,0
46165,38,74520,RENT,5.0,HOMEIMPROVEMENT,E,10000,17.04,0.14,N,15,0
46166,34,68004,MORTGAGE,8.0,PERSONAL,B,6000,11.99,0.09,N,9,0
46167,24,68926,OWN,9.0,DEBTCONSOLIDATION,D,8400,17.58,0.12,Y,3,0
46168,34,45000,OWN,3.0,VENTURE,B,15000,10.65,0.33,N,10,0
46169,23,45000,RENT,7.0,DEBTCONSOLIDATION,C,4800,13.49,0.11,Y,3,0
46170,28,70000,RENT,5.0,EDUCATION,B,13000,11.89,0.19,N,5,0
46171,34,30000,MORTGAGE,0.0,VENTURE,B,5000,10.08,0.17,N,7,0
46172,41,70000,MORTGAGE,3.0,MEDICAL,E,25000,16.7,0.36,Y,13,1
46173,27,60000,MORTGAGE,1.0,DEBTCONSOLIDATION,D,10400,14.46,0.17,Y,9,1
46174,25,75000,RENT,7.0,HOMEIMPROVEMENT,C,15000,14.26,0.2,N,4,0
46175,30,40000,MORTGAGE,1.0,HOMEIMPROVEMENT,C,9000,15.27,0.23,Y,5,0
46176,25,80000,OWN,0.0,HOMEIMPROVEMENT,C,10000,14.72,0.13,Y,2,0
46177,24,76486,RENT,2.0,DEBTCONSOLIDATION,A,6000,6.54,0.08,N,4,0
46178,28,60000,MORTGAGE,1.0,VENTURE,A,5000,7.14,0.08,N,5,0
46179,23,102000,MORTGAGE,2.0,DEBTCONSOLIDATION,C,12250,14.72,0.12,Y,4,0
46180,22,50000,RENT,1.0,EDUCATION,C,15000,13.22,0.3,N,3,0
46181,23,54000,MORTGAGE,7.0,HOMEIMPROVEMENT,D,3625,14.09,0.07,N,4,1
46182,32,85850,MORTGAGE,17.0,MEDICAL,A,23000,9.63,0.26,N,9,1
46183,23,42000,MORTGAGE,5.0,VENTURE,D,5000,15.62,0.12,Y,2,0
46184,33,120000,MORTGAGE,3.0,PERSONAL,A,20000,6.92,0.17,N,7,0
46185,24,33996,RENT,8.0,EDUCATION,D,2000,14.96,0.06,N,2,0
46186,23,26400,MORTGAGE,4.0,MEDICAL,A,8300,5.99,0.3,N,3,0
46187,24,70000,RENT,2.0,VENTURE,A,5000,7.74,0.07,N,2,0
46188,24,25000,RENT,2.0,VENTURE,C,2000,14.22,0.08,Y,3,0
46189,24,75600,MORTGAGE,8.0,VENTURE,B,7500,10.99,0.1,N,4,0
46190,32,42000,MORTGAGE,7.0,VENTURE,A,10000,6.99,0.24,N,8,0
46191,23,37000,RENT,2.0,MEDICAL,B,7200,10.08,0.19,N,4,0
46192,24,73500,OWN,8.0,HOMEIMPROVEMENT,B,14400,12.18,0.18,N,4,0
46193,24,97000,MORTGAGE,8.0,HOMEIMPROVEMENT,B,15000,11.83,0.15,N,2,0
46194,21,24000,RENT,5.0,DEBTCONSOLIDATION,B,5000,10.25,0.21,N,4,0
46195,36,40000,MORTGAGE,5.0,EDUCATION,B,6000,10.75,0.15,N,13,0
46196,37,780000,MORTGAGE,2.0,HOMEIMPROVEMENT,B,7500,12.18,0.01,N,14,0
46197,35,40000,RENT,2.0,MEDICAL,A,4500,7.51,0.11,N,6,0
46198,28,53000,MORTGAGE,4.0,DEBTCONSOLIDATION,B,5000,11.99,0.09,N,9,0
46199,29,60000,RENT,2.0,EDUCATION,C,7000,14.22,0.12,N,8,1
46200,22,45000,RENT,6.0,PERSONAL,A,7000,5.79,0.16,N,2,0
46201,24,100000,MORTGAGE,0.0,DEBTCONSOLIDATION,C,7500,10.28,0.07,Y,3,0
46202,32,85000,MORTGAGE,16.0,PERSONAL,A,10000,5.42,0.12,N,6,0
46203,37,42000,RENT,2.0,EDUCATION,E,4000,16.0,0.1,Y,12,1
46204,24,127000,OWN,8.0,VENTURE,D,22000,14.83,0.19,Y,2,0
46205,31,56000,MORTGAGE,10.0,HOMEIMPROVEMENT,A,20000,6.91,0.36,N,7,0
46206,35,90000,RENT,10.0,HOMEIMPROVEMENT,B,20000,11.49,0.22,N,10,0
46207,27,34000,MORTGAGE,2.0,DEBTCONSOLIDATION,A,4000,6.62,0.12,N,7,0
46208,22,46932,MORTGAGE,6.0,PERSONAL,A,7000,7.51,0.14,N,3,0
46209,28,86004,RENT,12.0,DEBTCONSOLIDATION,B,15000,12.69,0.17,N,7,0
46210,34,50000,MORTGAGE,11.0,HOMEIMPROVEMENT,A,11100,8.49,0.23,N,10,0
46211,37,88000,OWN,2.0,VENTURE,B,1000,12.18,0.01,N,14,0
46212,30,38000,RENT,5.0,MEDICAL,A,1500,7.68,0.04,N,8,0
46213,31,40000,RENT,5.0,MEDICAL,B,6600,12.69,0.17,N,7,0
46214,37,48000,RENT,0.0,VENTURE,B,3500,11.11,0.07,N,12,0
46215,22,50000,RENT,3.0,DEBTCONSOLIDATION,A,2000,5.42,0.04,N,2,0
46216,23,80000,RENT,5.0,EDUCATION,A,18000,7.88,0.23,N,3,0
46217,30,38400,MORTGAGE,1.0,VENTURE,B,5000,11.99,0.13,N,7,0
46218,33,61200,RENT,12.0,VENTURE,B,3650,9.99,0.06,N,7,0
46219,25,56004,OWN,9.0,HOMEIMPROVEMENT,A,9600,5.99,0.17,N,4,0
46220,39,30000,RENT,0.0,MEDICAL,A,10000,9.32,0.33,N,12,1
46221,25,33000,RENT,1.0,MEDICAL,B,5000,12.69,0.15,N,4,0
46222,23,40000,RENT,0.0,PERSONAL,C,4000,13.57,0.1,Y,3,0
46223,27,87000,MORTGAGE,0.0,HOMEIMPROVEMENT,A,15000,7.88,0.17,N,6,0
46224,23,50000,RENT,0.0,DEBTCONSOLIDATION,B,14000,10.37,0.28,N,2,0
46225,24,30000,RENT,2.0,MEDICAL,B,2000,12.69,0.07,N,2,0
46226,32,150000,MORTGAGE,11.0,EDUCATION,C,20000,12.53,0.13,Y,10,0
46227,23,45000,RENT,4.0,EDUCATION,A,10000,6.62,0.22,N,3,0
46228,37,70000,RENT,2.0,PERSONAL,B,15000,11.71,0.21,N,16,0
46229,33,58650,MORTGAGE,2.0,MEDICAL,D,15000,15.33,0.21,Y,7,1
46230,31,110000,MORTGAGE,8.0,EDUCATION,C,12000,13.48,0.11,N,8,0
46231,23,65000,RENT,3.0,MEDICAL,B,10400,11.49,0.16,N,2,0
46232,26,90000,MORTGAGE,0.0,VENTURE,B,4200,10.59,0.05,N,17,0
46233,23,47004,RENT,0.0,EDUCATION,C,10000,13.61,0.21,N,4,0
46234,25,45000,MORTGAGE,4.0,MEDICAL,A,7000,6.92,0.15,N,3,0
46235,22,42000,RENT,3.0,DEBTCONSOLIDATION,B,12000,12.21,0.29,N,2,0
46236,23,30000,OWN,1.0,VENTURE,A,5600,7.9,0.19,N,3,0
46237,27,33000,RENT,5.0,VENTURE,A,8000,6.03,0.24,N,5,0
46238,34,84000,MORTGAGE,4.0,DEBTCONSOLIDATION,B,7500,10.95,0.09,N,10,0
46239,26,67000,OWN,7.0,VENTURE,A,5000,7.4,0.07,N,4,0
46240,30,95000,RENT,6.0,VENTURE,B,35000,10.38,0.37,N,5,1
46241,33,42500,RENT,0.0,DEBTCONSOLIDATION,B,10000,10.65,0.24,N,8,0
46242,27,50000,RENT,8.0,VENTURE,B,15000,10.62,0.3,N,9,0
46243,24,55000,RENT,1.0,DEBTCONSOLIDATION,C,10000,14.72,0.18,N,2,0
46244,22,30000,RENT,2.0,VENTURE,B,3600,9.99,0.12,N,2,0
46245,25,61000,RENT,3.0,EDUCATION,C,12000,14.79,0.2,Y,4,0
46246,23,50000,MORTGAGE,3.0,PERSONAL,A,1300,7.66,0.03,N,4,0
46247,23,45000,MORTGAGE,1.0,DEBTCONSOLIDATION,B,5000,10.25,0.11,N,3,0
46248,23,90000,MORTGAGE,7.0,VENTURE,C,4800,13.61,0.05,Y,3,0
46249,28,36000,RENT,3.0,MEDICAL,C,10000,13.47,0.28,Y,7,0
46250,24,37000,OWN,0.0,EDUCATION,D,8000,15.31,0.22,Y,2,0
46251,22,150000,OWN,5.0,MEDICAL,B,24000,11.83,0.16,N,3,0
46252,27,33300,RENT,0.0,PERSONAL,C,10000,13.57,0.3,Y,8,0
46253,24,95000,MORTGAGE,3.0,HOMEIMPROVEMENT,B,25000,11.83,0.26,N,2,0
46254,23,70000,RENT,5.0,EDUCATION,B,12000,10.65,0.17,N,2,0
46255,36,38400,RENT,5.0,PERSONAL,B,10000,11.71,0.26,N,11,0
46256,28,40000,RENT,12.0,MEDICAL,B,3500,9.99,0.09,N,5,0
46257,23,48000,RENT,5.0,DEBTCONSOLIDATION,B,15000,11.71,0.31,N,3,1
46258,32,90000,MORTGAGE,3.0,PERSONAL,B,15000,11.12,0.17,N,6,0
46259,27,30000,RENT,2.0,VENTURE,A,3200,7.51,0.11,N,6,0
46260,33,41017,RENT,11.0,MEDICAL,B,10000,12.18,0.24,N,7,0
46261,40,30000,RENT,0.0,MEDICAL,B,8000,9.63,0.27,N,14,0
46262,22,55000,RENT,6.0,EDUCATION,C,10000,12.61,0.18,N,2,0
46263,26,75000,MORTGAGE,6.0,HOMEIMPROVEMENT,A,15000,7.88,0.2,N,4,0
46264,29,33000,RENT,7.0,EDUCATION,D,2000,16.02,0.06,Y,6,0
46265,32,30000,RENT,1.0,PERSONAL,A,5000,7.51,0.17,N,6,0
46266,22,40000,MORTGAGE,0.0,EDUCATION,A,5000,7.74,0.13,N,2,0
46267,23,40000,RENT,4.0,EDUCATION,A,4200,7.9,0.1,N,2,0
46268,37,75000,MORTGAGE,3.0,HOMEIMPROVEMENT,A,10000,5.42,0.13,N,15,0
46269,23,38400,RENT,1.0,EDUCATION,A,8000,7.14,0.21,N,4,0
46270,32,56000,RENT,1.0,DEBTCONSOLIDATION,B,12000,11.99,0.21,N,5,0
46271,35,36000,RENT,9.0,EDUCATION,A,9000,7.49,0.25,N,9,0
46272,30,65000,RENT,1.0,MEDICAL,C,7000,13.79,0.11,Y,10,0
46273,25,77500,RENT,0.0,HOMEIMPROVEMENT,A,3600,7.88,0.04,N,2,0
46274,31,80000,MORTGAGE,12.0,HOMEIMPROVEMENT,B,12000,10.0,0.15,N,10,0
46275,24,30000,RENT,1.0,MEDICAL,C,2000,13.16,0.07,N,4,0
46276,27,50000,RENT,7.0,VENTURE,A,7200,7.49,0.14,N,5,0
46277,27,35000,MORTGAGE,6.0,MEDICAL,C,1500,13.16,0.04,N,9,0
46278,21,80000,MORTGAGE,5.0,EDUCATION,A,9000,8.0,0.11,N,4,0
46279,27,70000,MORTGAGE,0.0,PERSONAL,A,12000,5.42,0.17,N,9,0
46280,27,35000,OWN,1.0,HOMEIMPROVEMENT,D,5000,14.59,0.14,Y,7,0
46281,22,60000,RENT,0.0,PERSONAL,B,15000,10.37,0.25,N,3,1
46282,22,65600,RENT,3.0,DEBTCONSOLIDATION,A,10000,7.51,0.15,N,3,0
46283,22,21000,RENT,2.0,DEBTCONSOLIDATION,A,6000,7.9,0.28,N,3,0
46284,30,60000,MORTGAGE,4.0,HOMEIMPROVEMENT,B,7000,11.99,0.12,N,9,0
46285,25,90000,RENT,9.0,DEBTCONSOLIDATION,B,18000,12.53,0.2,N,3,0
46286,26,124596,MORTGAGE,3.0,EDUCATION,C,20000,14.72,0.16,N,2,0
46287,42,90000,MORTGAGE,8.0,EDUCATION,E,7000,16.82,0.08,N,17,0
46288,26,50000,RENT,6.0,HOMEIMPROVEMENT,B,8000,12.42,0.16,N,2,0
46289,44,65000,RENT,12.0,VENTURE,D,6000,16.77,0.09,Y,11,0
46290,22,50000,OWN,1.0,MEDICAL,A,8000,5.42,0.16,N,2,0
46291,22,89004,MORTGAGE,3.0,PERSONAL,D,3500,15.31,0.04,N,2,0
46292,23,45000,RENT,3.0,VENTURE,A,5000,6.62,0.11,N,4,0
46293,26,120000,MORTGAGE,8.0,EDUCATION,A,8400,6.03,0.07,N,4,0
46294,37,55000,MORTGAGE,2.0,HOMEIMPROVEMENT,C,8000,13.92,0.15,Y,16,0
46295,27,40000,MORTGAGE,11.0,EDUCATION,C,1000,14.65,0.03,Y,7,0
46296,28,190000,MORTGAGE,12.0,VENTURE,B,24000,11.99,0.13,N,7,0
46297,37,70000,RENT,11.0,HOMEIMPROVEMENT,A,2875,6.54,0.04,N,12,0
46298,27,72000,MORTGAGE,8.0,VENTURE,A,10000,8.0,0.14,N,9,0
46299,28,150000,RENT,1.0,EDUCATION,A,12000,8.07,0.08,N,9,0
46300,26,30000,RENT,3.0,MEDICAL,A,6000,9.32,0.2,N,3,0
46301,37,50000,RENT,8.0,MEDICAL,C,6000,13.79,0.12,Y,12,0
46302,26,64064,MORTGAGE,2.0,DEBTCONSOLIDATION,A,17600,7.9,0.29,N,4,0
46303,23,60000,RENT,0.0,EDUCATION,C,12000,14.22,0.2,Y,2,0
46304,27,37000,MORTGAGE,6.0,VENTURE,A,8500,6.99,0.23,N,10,0
46305,25,84000,MORTGAGE,3.0,MEDICAL,B,15000,10.25,0.18,N,3,0
46306,24,90000,MORTGAGE,8.0,DEBTCONSOLIDATION,C,4000,13.85,0.04,Y,2,0
46307,34,60500,RENT,6.0,EDUCATION,C,14000,14.27,0.23,N,10,0
46308,33,90000,MORTGAGE,2.0,HOMEIMPROVEMENT,A,12000,8.94,0.13,N,10,0
46309,46,105000,RENT,9.0,EDUCATION,A,12100,5.79,0.12,N,14,0
46310,32,30000,MORTGAGE,3.0,PERSONAL,A,5000,6.62,0.17,N,9,0
46311,41,50000,MORTGAGE,8.0,PERSONAL,A,8500,6.03,0.17,N,12,0
46312,27,28800,RENT,11.0,PERSONAL,C,3000,15.96,0.11,Y,5,0
46313,24,72000,MORTGAGE,6.0,DEBTCONSOLIDATION,A,6625,5.42,0.09,N,2,0
46314,22,50000,OWN,6.0,MEDICAL,A,5000,8.9,0.1,N,3,0
46315,23,64000,MORTGAGE,6.0,EDUCATION,D,1000,15.23,0.02,Y,3,1
46316,30,69000,MORTGAGE,0.0,DEBTCONSOLIDATION,D,15000,14.96,0.22,Y,8,1
46317,25,24000,RENT,0.0,EDUCATION,C,6000,13.85,0.25,N,2,0
46318,33,290000,MORTGAGE,3.0,PERSONAL,B,25000,11.83,0.09,N,6,0
46319,24,96000,RENT,8.0,PERSONAL,A,1500,7.9,0.02,N,3,0
46320,24,40000,MORTGAGE,1.0,MEDICAL,A,5000,7.68,0.13,N,4,0
46321,25,33996,RENT,0.0,DEBTCONSOLIDATION,D,12300,15.95,0.34,Y,2,1
46322,28,90000,MORTGAGE,4.0,EDUCATION,B,3000,11.14,0.03,N,8,0
46323,32,46000,MORTGAGE,4.0,DEBTCONSOLIDATION,C,6600,15.23,0.14,Y,8,0
46324,37,31200,RENT,0.0,EDUCATION,D,4000,14.54,0.13,N,16,1
46325,25,78000,RENT,5.0,HOMEIMPROVEMENT,D,9600,14.61,0.12,N,4,0
46326,24,36000,RENT,3.0,EDUCATION,B,15000,10.51,0.42,N,4,1
46327,24,45000,MORTGAGE,5.0,VENTURE,A,3000,6.62,0.07,N,4,0
46328,33,31000,RENT,3.0,VENTURE,D,5000,15.33,0.16,Y,8,0
46329,24,95000,RENT,1.0,DEBTCONSOLIDATION,C,20000,13.16,0.21,Y,3,0
46330,52,65000,MORTGAGE,11.0,VENTURE,A,8000,5.79,0.12,N,18,0
46331,26,60000,MORTGAGE,3.0,VENTURE,B,20000,12.18,0.33,N,4,0
46332,29,79500,MORTGAGE,7.0,MEDICAL,B,20000,10.36,0.25,N,10,0
46333,21,75000,RENT,5.0,MEDICAL,B,12000,12.42,0.16,N,2,0
46334,22,38000,RENT,3.0,VENTURE,E,18750,16.7,0.51,Y,2,1
46335,24,81600,MORTGAGE,2.0,MEDICAL,B,5000,11.36,0.06,N,2,0
46336,22,55000,RENT,5.0,EDUCATION,E,6000,16.35,0.11,N,4,0
46337,24,72000,MORTGAGE,3.0,VENTURE,A,6000,5.42,0.08,N,3,0
46338,34,49000,MORTGAGE,2.0,PERSONAL,B,7000,11.99,0.14,N,7,1
46339,33,150000,MORTGAGE,12.0,PERSONAL,A,7000,7.14,0.05,N,8,0
46340,23,75000,RENT,5.0,VENTURE,C,10000,13.11,0.13,N,4,0
46341,24,48000,MORTGAGE,2.0,VENTURE,A,4500,7.9,0.09,N,2,0
46342,22,97000,RENT,6.0,PERSONAL,C,16800,13.11,0.17,Y,2,0
46343,25,40000,MORTGAGE,2.0,VENTURE,B,3500,10.75,0.09,N,3,0
46344,28,50000,RENT,0.0,VENTURE,C,12000,13.49,0.24,N,10,0
46345,23,124000,RENT,7.0,VENTURE,E,24000,17.99,0.19,N,3,0
46346,28,30000,RENT,4.0,PERSONAL,A,3000,9.32,0.1,N,10,0
46347,38,85000,MORTGAGE,4.0,PERSONAL,C,15000,13.92,0.18,N,13,0
46348,24,75000,RENT,0.0,MEDICAL,A,22000,8.9,0.29,N,4,0
46349,30,50000,MORTGAGE,0.0,HOMEIMPROVEMENT,A,6000,8.94,0.12,N,10,0
46350,27,105000,MORTGAGE,11.0,HOMEIMPROVEMENT,D,12000,15.99,0.11,Y,9,0
46351,24,90000,MORTGAGE,8.0,DEBTCONSOLIDATION,A,5000,7.88,0.06,N,3,0
46352,29,70000,MORTGAGE,1.0,MEDICAL,B,24000,11.71,0.34,N,8,0
46353,26,130000,MORTGAGE,2.0,HOMEIMPROVEMENT,A,4000,5.79,0.03,N,4,0
46354,33,58000,RENT,2.0,DEBTCONSOLIDATION,B,2400,10.99,0.04,N,8,0
46355,25,39000,RENT,9.0,PERSONAL,A,4000,7.9,0.1,N,2,0
46356,32,100000,MORTGAGE,7.0,MEDICAL,B,8000,11.12,0.08,N,8,0
46357,25,78000,RENT,4.0,MEDICAL,A,15000,7.88,0.19,N,3,0
46358,24,54996,MORTGAGE,1.0,VENTURE,C,7750,12.53,0.14,N,3,0
46359,25,35004,MORTGAGE,0.0,PERSONAL,A,8000,7.9,0.23,N,4,0
46360,22,36000,RENT,3.0,DEBTCONSOLIDATION,A,11000,7.51,0.3,N,3,0
46361,29,60000,MORTGAGE,0.0,HOMEIMPROVEMENT,B,4000,10.37,0.07,N,6,0
46362,23,55000,MORTGAGE,7.0,PERSONAL,A,7500,7.51,0.14,N,3,0
46363,27,100000,MORTGAGE,0.0,HOMEIMPROVEMENT,A,16000,6.54,0.16,N,5,0
46364,27,48500,RENT,0.0,DEBTCONSOLIDATION,C,11000,13.49,0.23,N,9,0
46365,22,43000,RENT,0.0,VENTURE,A,8000,9.63,0.19,N,4,0
46366,22,28000,RENT,0.0,MEDICAL,D,12000,14.61,0.43,N,2,1
46367,22,48000,RENT,6.0,PERSONAL,A,5000,7.51,0.1,N,2,0
46368,24,58800,RENT,3.0,DEBTCONSOLIDATION,A,5000,6.62,0.09,N,2,0
46369,26,90000,RENT,6.0,VENTURE,B,20000,11.48,0.22,N,3,0
46370,21,58800,MORTGAGE,5.0,EDUCATION,B,25000,11.83,0.43,N,4,0
46371,28,42000,RENT,3.0,DEBTCONSOLIDATION,A,1200,7.49,0.03,N,9,0
46372,30,58000,RENT,5.0,DEBTCONSOLIDATION,C,14000,14.27,0.24,N,5,0
46373,25,45000,RENT,9.0,EDUCATION,A,5000,7.14,0.11,N,4,0
46374,28,45000,OWN,12.0,VENTURE,A,9600,6.62,0.21,N,8,0
46375,33,58000,RENT,17.0,EDUCATION,A,12000,8.94,0.21,N,7,0
46376,23,42000,RENT,4.0,EDUCATION,B,10000,10.99,0.24,N,4,0
46377,25,48000,MORTGAGE,9.0,VENTURE,A,13800,8.9,0.29,N,2,0
46378,23,65000,MORTGAGE,4.0,EDUCATION,A,7000,7.14,0.11,N,4,0
46379,26,35000,RENT,3.0,EDUCATION,A,4200,7.29,0.12,N,2,0
46380,26,48000,RENT,5.0,DEBTCONSOLIDATION,B,5000,11.12,0.1,N,4,0
46381,21,102000,MORTGAGE,5.0,PERSONAL,A,10000,7.51,0.1,N,3,0
46382,30,30000,RENT,2.0,DEBTCONSOLIDATION,B,6000,10.36,0.2,N,9,0
46383,23,85000,RENT,7.0,EDUCATION,C,15000,12.68,0.18,Y,2,0
46384,25,50000,RENT,9.0,HOMEIMPROVEMENT,C,5000,13.22,0.1,N,4,0
46385,28,118000,MORTGAGE,12.0,PERSONAL,C,24000,13.92,0.21,N,5,0
46386,23,33280,RENT,3.0,EDUCATION,A,11250,7.51,0.36,N,4,1
46387,26,127992,MORTGAGE,10.0,HOMEIMPROVEMENT,C,20000,13.99,0.17,N,2,0
46388,35,44000,MORTGAGE,5.0,EDUCATION,A,3400,6.03,0.08,N,5,0
46389,32,84000,MORTGAGE,10.0,HOMEIMPROVEMENT,B,2500,11.99,0.03,N,8,0
46390,26,96000,MORTGAGE,0.0,EDUCATION,A,14000,6.03,0.15,N,4,0
46391,25,275000,RENT,4.0,MEDICAL,C,35000,13.85,0.13,Y,3,0
46392,26,110000,RENT,0.0,VENTURE,A,2500,7.75,0.02,N,3,0
46393,24,65000,RENT,8.0,MEDICAL,A,11500,7.88,0.18,N,4,0
46394,22,49000,RENT,6.0,EDUCATION,A,8500,7.51,0.17,N,4,1
46395,45,75000,RENT,9.0,PERSONAL,D,19600,14.09,0.26,Y,13,0
46396,26,35000,RENT,0.0,MEDICAL,A,5000,7.29,0.14,N,4,0
46397,35,30000,RENT,5.0,MEDICAL,B,7000,10.99,0.23,N,5,0
46398,25,39996,RENT,3.0,VENTURE,D,3500,15.65,0.09,N,2,0
46399,28,36000,RENT,1.0,PERSONAL,C,10000,13.49,0.28,Y,9,0
46400,26,50000,RENT,0.0,PERSONAL,B,2500,10.36,0.05,N,4,0
46401,33,43738,RENT,3.0,PERSONAL,A,4500,5.99,0.1,N,9,0
46402,24,110000,MORTGAGE,6.0,EDUCATION,A,10000,5.42,0.09,N,2,0
46403,25,120000,MORTGAGE,9.0,EDUCATION,C,4000,15.23,0.03,N,3,0
46404,27,62900,RENT,8.0,MEDICAL,A,24000,7.9,0.37,N,5,1
46405,22,60000,MORTGAGE,5.0,VENTURE,A,8400,7.9,0.14,N,4,0
46406,23,75000,MORTGAGE,2.0,DEBTCONSOLIDATION,A,12500,6.54,0.17,N,2,0
46407,24,135000,MORTGAGE,8.0,HOMEIMPROVEMENT,B,12000,11.83,0.09,N,4,0
46408,24,75000,RENT,6.0,MEDICAL,C,12000,13.79,0.16,N,4,0
46409,27,30000,RENT,0.0,HOMEIMPROVEMENT,A,10000,7.51,0.33,N,5,1
46410,43,70000,MORTGAGE,3.0,EDUCATION,B,2000,10.99,0.03,N,17,0
46411,25,33996,RENT,3.0,MEDICAL,C,4000,12.53,0.12,Y,2,1
46412,23,56000,RENT,2.0,PERSONAL,B,8000,10.37,0.14,N,2,0
46413,21,20000,RENT,5.0,EDUCATION,C,3500,13.11,0.17,Y,2,0
46414,26,72000,RENT,0.0,DEBTCONSOLIDATION,A,10000,8.59,0.14,N,2,0
46415,23,44000,RENT,2.0,HOMEIMPROVEMENT,B,6000,11.89,0.14,N,4,1
46416,23,108000,RENT,7.0,VENTURE,D,4500,16.02,0.04,N,4,0
46417,24,80000,OWN,0.0,VENTURE,A,10000,7.51,0.13,N,4,0
46418,31,110000,RENT,3.0,PERSONAL,A,8000,7.49,0.07,N,6,0
46419,39,38000,RENT,0.0,MEDICAL,A,5600,7.9,0.15,N,13,0
46420,25,95000,MORTGAGE,7.0,DEBTCONSOLIDATION,B,4000,11.49,0.04,N,3,0
46421,26,85000,MORTGAGE,10.0,VENTURE,A,10000,6.03,0.12,N,4,0
46422,26,38000,RENT,10.0,VENTURE,A,12500,7.88,0.31,N,3,1
46423,24,120000,MORTGAGE,8.0,EDUCATION,A,7000,5.42,0.06,N,2,0
46424,25,90000,MORTGAGE,2.0,MEDICAL,A,10000,7.49,0.11,N,2,0
46425,26,141000,RENT,1.0,VENTURE,B,10000,11.89,0.07,N,3,1
46426,24,30000,RENT,2.0,VENTURE,D,5600,14.96,0.19,Y,2,1
46427,25,68500,RENT,4.0,PERSONAL,C,12000,13.16,0.18,Y,4,1
46428,27,56000,MORTGAGE,4.0,DEBTCONSOLIDATION,A,5000,6.03,0.09,N,8,0
46429,22,24000,MORTGAGE,1.0,EDUCATION,B,7000,10.99,0.29,N,3,0
46430,22,30000,RENT,4.0,DEBTCONSOLIDATION,C,1500,13.11,0.05,N,2,0
46431,25,70000,RENT,9.0,PERSONAL,B,8000,9.99,0.11,N,4,0
46432,22,31200,RENT,1.0,EDUCATION,A,2400,6.62,0.08,N,4,0
46433,26,54000,RENT,10.0,MEDICAL,D,10000,15.7,0.19,Y,2,1
46434,26,70000,MORTGAGE,10.0,PERSONAL,A,6000,7.74,0.09,N,2,0
46435,23,44000,RENT,4.0,VENTURE,A,8000,7.51,0.18,N,4,0
46436,23,120000,MORTGAGE,7.0,MEDICAL,A,6000,8.9,0.05,N,2,0
46437,21,31200,RENT,0.0,PERSONAL,C,3200,13.22,0.1,Y,3,0
46438,33,62400,RENT,2.0,VENTURE,B,20000,11.36,0.32,N,8,1
46439,29,73000,MORTGAGE,3.0,DEBTCONSOLIDATION,B,8000,9.88,0.11,N,10,0
46440,32,75000,RENT,4.0,DEBTCONSOLIDATION,C,10000,13.72,0.13,N,8,0
46441,24,39000,RENT,1.0,DEBTCONSOLIDATION,C,2300,12.99,0.06,Y,4,0
46442,30,29000,RENT,0.0,HOMEIMPROVEMENT,A,4000,5.79,0.14,N,7,1
46443,26,40000,RENT,0.0,PERSONAL,A,10000,9.32,0.25,N,2,0
46444,22,35000,MORTGAGE,2.0,VENTURE,A,3600,6.91,0.1,N,2,0
46445,23,95000,MORTGAGE,4.0,VENTURE,A,15000,8.94,0.16,N,3,0
46446,22,60000,RENT,0.0,EDUCATION,B,15000,11.86,0.25,N,2,0
46447,21,18000,RENT,0.0,EDUCATION,B,1500,10.37,0.08,N,2,0
46448,31,72000,MORTGAGE,6.0,MEDICAL,B,6000,10.0,0.08,N,7,0
46449,22,100000,MORTGAGE,6.0,VENTURE,C,15000,13.85,0.15,Y,2,0
46450,28,38000,RENT,4.0,PERSONAL,C,13000,14.27,0.34,Y,10,1
46451,23,85500,RENT,0.0,PERSONAL,C,11000,13.11,0.13,Y,3,0
46452,44,58000,RENT,26.0,VENTURE,A,5000,7.14,0.09,N,13,0
46453,23,40800,OWN,2.0,EDUCATION,B,2000,10.0,0.05,N,2,0
46454,26,33000,RENT,1.0,MEDICAL,D,7100,15.65,0.22,Y,2,1
46455,28,86502,RENT,8.0,EDUCATION,C,7500,14.27,0.09,N,5,0
46456,36,69736,MORTGAGE,17.0,VENTURE,B,2500,11.36,0.04,N,3,0
46457,24,200000,MORTGAGE,5.0,EDUCATION,B,12000,10.37,0.06,N,4,0
46458,25,59000,RENT,9.0,EDUCATION,D,8000,14.54,0.14,Y,4,0
46459,27,76300,RENT,11.0,EDUCATION,B,3000,11.86,0.04,N,10,0
46460,33,41600,OWN,2.0,HOMEIMPROVEMENT,B,10400,11.11,0.23,N,8,0
46461,24,55000,MORTGAGE,2.0,EDUCATION,B,4000,10.62,0.07,N,2,0
46462,21,140000,MORTGAGE,5.0,EDUCATION,C,7000,13.49,0.05,N,4,0
46463,22,38000,RENT,6.0,DEBTCONSOLIDATION,A,1000,7.88,0.03,N,4,0
46464,25,90000,MORTGAGE,9.0,PERSONAL,C,35000,12.73,0.37,N,2,0
46465,31,95000,RENT,3.0,DEBTCONSOLIDATION,A,4000,7.9,0.04,N,10,0
46466,23,41000,RENT,4.0,VENTURE,B,5000,9.91,0.12,N,2,0
46467,35,120000,MORTGAGE,11.0,EDUCATION,A,10000,9.32,0.08,N,9,0
46468,26,143150,MORTGAGE,1.0,VENTURE,A,10000,6.54,0.07,N,3,0
46469,22,25000,RENT,6.0,MEDICAL,B,6000,11.36,0.24,N,2,0
46470,42,154000,RENT,1.0,DEBTCONSOLIDATION,B,4000,10.37,0.03,N,14,0
46471,24,57996,RENT,1.0,VENTURE,A,3600,7.51,0.06,N,4,0
46472,31,63372,RENT,2.0,PERSONAL,A,3000,7.9,0.05,N,8,0
46473,23,110000,MORTGAGE,3.0,EDUCATION,B,16800,12.69,0.15,N,4,0
46474,27,130000,RENT,0.0,HOMEIMPROVEMENT,B,12000,12.42,0.09,N,7,0
46475,32,40000,RENT,2.0,PERSONAL,B,4000,12.69,0.1,N,8,0
46476,35,84000,MORTGAGE,5.0,VENTURE,B,5000,9.99,0.06,N,9,0
46477,40,150000,MORTGAGE,2.0,PERSONAL,B,24000,11.83,0.16,N,13,0
46478,25,46000,RENT,7.0,DEBTCONSOLIDATION,D,3000,16.29,0.07,Y,3,1
46479,36,66000,MORTGAGE,2.0,MEDICAL,B,12000,11.49,0.18,N,12,0
46480,23,45000,RENT,5.0,PERSONAL,A,5600,6.62,0.12,N,2,0
46481,36,70000,RENT,2.0,HOMEIMPROVEMENT,C,14400,11.97,0.21,Y,12,0
46482,35,65000,MORTGAGE,19.0,DEBTCONSOLIDATION,A,3000,6.99,0.05,N,9,0
46483,32,42000,RENT,0.0,MEDICAL,D,8000,12.92,0.19,N,10,1
46484,26,80000,MORTGAGE,3.0,DEBTCONSOLIDATION,C,20000,13.98,0.25,Y,3,0
46485,25,60000,MORTGAGE,7.0,EDUCATION,B,12000,9.99,0.2,N,2,0
46486,31,93000,RENT,3.0,PERSONAL,B,10000,11.71,0.11,N,10,0
46487,25,150000,MORTGAGE,3.0,PERSONAL,B,12000,10.37,0.08,N,2,0
46488,23,60000,MORTGAGE,5.0,PERSONAL,B,2000,8.7,0.03,N,4,0
46489,22,52000,MORTGAGE,6.0,VENTURE,D,4800,15.65,0.1,Y,3,0
46490,23,60000,RENT,1.0,DEBTCONSOLIDATION,C,4000,13.11,0.07,N,4,0
46491,21,34000,RENT,4.0,PERSONAL,D,6000,14.96,0.18,Y,3,0
46492,22,40000,MORTGAGE,2.0,EDUCATION,B,12000,9.88,0.3,N,2,0
46493,24,44000,RENT,2.0,DEBTCONSOLIDATION,D,8400,14.91,0.19,N,2,1
46494,42,155000,RENT,19.0,VENTURE,D,7200,14.91,0.05,Y,12,0
46495,21,24000,RENT,5.0,EDUCATION,B,1000,11.49,0.04,N,2,0
46496,36,39000,RENT,2.0,EDUCATION,D,15000,15.31,0.38,Y,12,1
46497,31,51000,RENT,9.0,VENTURE,D,18000,14.54,0.35,N,6,1
46498,43,48000,MORTGAGE,3.0,VENTURE,D,3000,14.84,0.06,N,11,0
46499,28,52000,OWN,12.0,VENTURE,C,7000,13.23,0.13,Y,8,0
46500,42,381450,MORTGAGE,10.0,DEBTCONSOLIDATION,C,3500,13.99,0.09,Y,14,0
46501,23,42240,RENT,3.0,PERSONAL,A,9000,9.32,0.21,N,3,0
46502,24,72000,MORTGAGE,2.0,EDUCATION,A,16000,6.62,0.22,N,4,0
46503,22,44000,MORTGAGE,6.0,EDUCATION,B,6000,9.91,0.14,N,4,0
46504,24,70000,MORTGAGE,1.0,DEBTCONSOLIDATION,B,9500,11.99,0.14,N,2,0
46505,22,50000,RENT,0.0,PERSONAL,C,2500,14.35,0.05,Y,3,0
46506,37,57424,RENT,1.0,PERSONAL,A,12000,6.91,0.18,N,17,0
46507,22,36000,RENT,3.0,PERSONAL,A,7000,5.99,0.19,N,2,0
46508,25,74000,RENT,1.0,HOMEIMPROVEMENT,D,8000,15.62,0.11,N,2,1
46509,26,45000,RENT,10.0,MEDICAL,A,8000,8.49,0.18,N,3,0
46510,23,38000,MORTGAGE,7.0,VENTURE,A,1500,5.99,0.04,N,2,0
46511,28,45000,MORTGAGE,11.0,HOMEIMPROVEMENT,A,6000,7.88,0.13,N,8,0
46512,27,99000,RENT,0.0,PERSONAL,B,18000,9.64,0.18,N,5,0
46513,31,140000,MORTGAGE,15.0,DEBTCONSOLIDATION,A,17600,7.88,0.12,N,5,0
46514,32,26004,RENT,0.0,DEBTCONSOLIDATION,C,7000,10.91,0.26,Y,7,0
46515,31,100000,RENT,0.0,MEDICAL,B,5000,9.99,0.05,N,7,0
46516,37,160000,RENT,5.0,DEBTCONSOLIDATION,B,25000,9.99,0.16,N,16,0
46517,27,28000,RENT,0.0,HOMEIMPROVEMENT,D,8000,15.99,0.28,N,9,1
46518,31,67000,RENT,15.0,MEDICAL,B,24000,11.36,0.36,N,6,1
46519,23,84554,MORTGAGE,7.0,EDUCATION,A,6000,7.9,0.07,N,2,1
46520,24,69743,MORTGAGE,8.0,PERSONAL,E,1500,16.45,0.02,N,4,0
46521,23,72324,RENT,7.0,DEBTCONSOLIDATION,B,15000,11.49,0.22,N,4,0
46522,22,80000,MORTGAGE,6.0,PERSONAL,B,15000,9.88,0.19,N,3,0
46523,25,47000,MORTGAGE,1.0,VENTURE,C,6000,13.49,0.13,Y,4,0
46524,24,36000,RENT,1.0,MEDICAL,C,11000,13.11,0.31,N,4,1
46525,27,56000,MORTGAGE,5.0,MEDICAL,B,25000,10.99,0.45,N,6,0
46526,39,70000,RENT,0.0,EDUCATION,A,6500,9.63,0.09,N,16,0
46527,25,31200,RENT,0.0,MEDICAL,C,8000,13.48,0.26,Y,3,0
46528,23,36000,RENT,1.0,EDUCATION,B,10000,12.53,0.28,N,2,0
46529,25,38400,RENT,2.0,DEBTCONSOLIDATION,A,4000,8.9,0.1,N,4,0
46530,27,36000,RENT,4.0,MEDICAL,B,5000,10.37,0.14,N,5,0
46531,26,25000,OWN,8.0,PERSONAL,A,2500,7.51,0.1,N,2,0
46532,24,100800,MORTGAGE,8.0,DEBTCONSOLIDATION,A,10000,6.17,0.1,N,3,0
46533,25,68000,RENT,1.0,VENTURE,C,3500,14.65,0.05,N,4,0
46534,25,85000,RENT,3.0,DEBTCONSOLIDATION,C,5000,12.98,0.06,Y,3,0
46535,34,42000,MORTGAGE,4.0,HOMEIMPROVEMENT,C,10000,13.22,0.24,Y,5,1
46536,31,60000,MORTGAGE,15.0,VENTURE,A,2500,7.29,0.04,N,6,0
46537,22,50000,MORTGAGE,5.0,VENTURE,B,6000,11.89,0.12,N,4,0
46538,53,40000,RENT,0.0,PERSONAL,A,1500,7.9,0.04,N,28,0
46539,35,53200,OWN,1.0,MEDICAL,C,1500,15.27,0.03,Y,5,0
46540,24,21600,RENT,2.0,MEDICAL,B,4000,11.86,0.19,N,2,0
46541,25,60000,MORTGAGE,3.0,HOMEIMPROVEMENT,A,12000,6.92,0.2,N,3,0
46542,25,56000,MORTGAGE,3.0,DEBTCONSOLIDATION,A,12000,7.88,0.21,N,2,0
46543,26,45000,MORTGAGE,6.0,VENTURE,A,7500,5.42,0.17,N,4,0
46544,31,60000,MORTGAGE,3.0,DEBTCONSOLIDATION,A,8000,8.49,0.13,N,10,0
46545,24,55000,OWN,8.0,EDUCATION,C,12300,13.49,0.22,Y,4,0
46546,24,39244,RENT,2.0,DEBTCONSOLIDATION,A,16000,7.49,0.39,N,2,1
46547,28,52800,MORTGAGE,3.0,HOMEIMPROVEMENT,B,2800,10.99,0.05,N,7,0
46548,26,95000,MORTGAGE,0.0,HOMEIMPROVEMENT,A,10000,7.51,0.11,N,4,0
46549,33,50000,RENT,0.0,VENTURE,B,5000,10.59,0.1,N,10,0
46550,27,72000,MORTGAGE,7.0,MEDICAL,A,6000,6.99,0.08,N,8,0
46551,23,75000,MORTGAGE,7.0,DEBTCONSOLIDATION,B,8000,9.91,0.11,N,4,0
46552,25,70000,MORTGAGE,9.0,EDUCATION,B,12000,10.62,0.17,N,4,0
46553,23,30000,MORTGAGE,7.0,PERSONAL,C,15000,12.98,0.5,Y,2,0
46554,30,78000,RENT,0.0,DEBTCONSOLIDATION,A,3000,7.51,0.04,N,10,0
46555,27,80000,MORTGAGE,8.0,EDUCATION,A,5000,7.29,0.06,N,10,0
46556,24,56000,MORTGAGE,3.0,MEDICAL,A,7000,7.14,0.13,N,4,0
46557,27,80000,MORTGAGE,9.0,MEDICAL,A,8000,7.49,0.1,N,9,0
46558,23,96000,MORTGAGE,7.0,PERSONAL,A,4000,7.88,0.04,N,2,0
46559,23,45000,RENT,2.0,VENTURE,B,15000,11.86,0.33,N,4,1
46560,22,53000,RENT,6.0,EDUCATION,A,7500,8.9,0.14,N,3,0
46561,31,50000,MORTGAGE,5.0,MEDICAL,A,3000,6.03,0.06,N,8,0
46562,23,70000,OWN,2.0,EDUCATION,B,12000,11.86,0.17,N,3,0
46563,24,54860,OWN,7.0,HOMEIMPROVEMENT,A,6000,5.42,0.11,N,3,0
46564,28,70000,MORTGAGE,7.0,HOMEIMPROVEMENT,B,5000,11.12,0.07,N,5,0
46565,22,72000,MORTGAGE,6.0,MEDICAL,B,12000,9.99,0.17,N,2,0
46566,31,95004,RENT,1.0,EDUCATION,A,12000,9.63,0.13,N,6,0
46567,37,75000,RENT,2.0,VENTURE,C,7750,11.66,0.1,N,15,0
46568,24,50000,RENT,1.0,DEBTCONSOLIDATION,A,9000,7.51,0.18,N,2,0
46569,25,24996,RENT,1.0,EDUCATION,C,8000,12.53,0.32,N,4,1
46570,37,48000,RENT,2.0,VENTURE,C,10000,13.48,0.21,Y,13,0
46571,24,21000,RENT,3.0,MEDICAL,A,5500,7.88,0.26,N,3,0
46572,25,30000,RENT,3.0,DEBTCONSOLIDATION,D,1200,14.09,0.04,Y,3,1
46573,30,75000,MORTGAGE,14.0,DEBTCONSOLIDATION,C,10000,13.49,0.13,N,8,0
46574,23,14400,RENT,5.0,MEDICAL,D,5000,15.33,0.03,Y,3,1
46575,32,58000,MORTGAGE,3.0,HOMEIMPROVEMENT,A,6000,7.51,0.1,N,5,0
46576,29,60000,MORTGAGE,6.0,EDUCATION,A,5000,7.49,0.08,N,10,0
46577,23,45984,RENT,7.0,MEDICAL,A,2800,8.59,0.06,N,2,0
46578,23,98000,MORTGAGE,7.0,DEBTCONSOLIDATION,D,20000,14.11,0.2,N,4,1
46579,25,45000,MORTGAGE,5.0,DEBTCONSOLIDATION,C,1400,14.79,0.03,N,4,0
46580,29,40000,MORTGAGE,0.0,EDUCATION,A,5000,7.9,0.13,N,9,0
46581,29,115275,MORTGAGE,13.0,MEDICAL,C,9000,14.72,0.07,N,9,0
46582,41,25000,MORTGAGE,3.0,DEBTCONSOLIDATION,B,4000,11.71,0.16,N,11,0
46583,26,62900,RENT,3.0,MEDICAL,D,10000,14.09,0.14,N,4,1
46584,22,16800,RENT,3.0,EDUCATION,B,2000,10.99,0.12,N,2,0
46585,29,275000,MORTGAGE,9.0,PERSONAL,B,25000,10.25,0.09,N,8,0
46586,28,42000,RENT,1.0,PERSONAL,C,6000,12.87,0.14,Y,6,0
46587,28,72000,OWN,5.0,HOMEIMPROVEMENT,B,10000,11.14,0.14,N,5,0
46588,24,25000,OWN,2.0,VENTURE,C,7000,13.11,0.28,N,3,0
46589,26,42000,MORTGAGE,10.0,HOMEIMPROVEMENT,A,6000,5.42,0.14,N,3,0
46590,36,72000,MORTGAGE,4.0,HOMEIMPROVEMENT,C,2500,13.35,0.03,Y,11,0
46591,25,63000,MORTGAGE,9.0,VENTURE,A,3500,5.42,0.06,N,2,0
46592,30,102000,MORTGAGE,7.0,VENTURE,B,25000,10.36,0.24,N,10,0
46593,28,60000,MORTGAGE,12.0,PERSONAL,A,2500,8.9,0.04,N,9,0
46594,26,76494,RENT,10.0,EDUCATION,A,17000,8.59,0.21,N,3,0
46595,30,110000,MORTGAGE,14.0,VENTURE,A,9000,5.42,0.08,N,5,0
46596,22,34000,RENT,4.0,EDUCATION,C,4000,13.49,0.12,N,2,1
46597,29,50000,MORTGAGE,4.0,PERSONAL,A,5000,8.49,0.1,N,5,0
46598,21,38000,OWN,5.0,VENTURE,A,3000,7.05,0.08,N,3,0
46599,22,125000,RENT,6.0,VENTURE,A,7500,8.0,0.06,N,2,0
46600,27,36000,RENT,7.0,EDUCATION,B,12250,10.74,0.35,N,10,1
46601,29,60000,MORTGAGE,7.0,HOMEIMPROVEMENT,A,6000,6.62,0.1,N,7,0
46602,23,75000,RENT,0.0,DEBTCONSOLIDATION,C,10000,13.99,0.13,Y,4,0
46603,23,36000,RENT,2.0,PERSONAL,C,8000,13.57,0.22,N,4,0
46604,29,30000,RENT,0.0,DEBTCONSOLIDATION,D,1000,14.96,0.03,Y,10,1
46605,22,23000,MORTGAGE,0.0,EDUCATION,A,4500,6.39,0.19,N,3,0
46606,22,59000,RENT,6.0,DEBTCONSOLIDATION,E,16000,15.68,0.28,N,4,1
46607,22,42000,RENT,6.0,EDUCATION,A,10000,6.03,0.24,N,3,0
46608,28,35000,RENT,1.0,VENTURE,C,10000,13.48,0.29,Y,10,0
46609,23,45000,RENT,1.0,DEBTCONSOLIDATION,C,12000,13.16,0.27,N,4,0
46610,25,66252,OWN,10.0,PERSONAL,A,5000,6.03,0.08,N,3,0
46611,24,60000,RENT,5.0,VENTURE,A,10000,7.14,0.17,N,3,0
46612,24,60000,MORTGAGE,0.0,EDUCATION,A,8000,8.0,0.13,N,2,0
46613,34,70000,MORTGAGE,4.0,HOMEIMPROVEMENT,A,8400,6.99,0.12,N,7,0
46614,24,54000,MORTGAGE,6.0,DEBTCONSOLIDATION,A,5500,7.9,0.1,N,4,0
46615,24,90000,RENT,0.0,VENTURE,B,13000,10.59,0.14,N,3,0
46616,33,100000,MORTGAGE,3.0,HOMEIMPROVEMENT,B,7000,11.83,0.07,N,7,0
46617,29,55000,MORTGAGE,2.0,EDUCATION,A,8000,7.88,0.15,N,9,0
46618,23,50000,MORTGAGE,3.0,EDUCATION,A,4000,7.88,0.08,N,3,0
46619,22,24000,OWN,1.0,VENTURE,A,2000,7.29,0.08,N,4,0
46620,22,53808,MORTGAGE,5.0,PERSONAL,A,6500,7.9,0.12,N,3,0
46621,35,50400,MORTGAGE,11.0,HOMEIMPROVEMENT,D,12000,15.2,0.24,N,6,0
46622,22,45000,RENT,2.0,DEBTCONSOLIDATION,B,3000,11.11,0.07,N,2,0
46623,29,42000,OWN,13.0,MEDICAL,A,5000,8.9,0.12,N,6,0
46624,29,40000,MORTGAGE,1.0,HOMEIMPROVEMENT,B,7000,9.25,0.18,N,9,0
46625,26,105000,RENT,3.0,DEBTCONSOLIDATION,B,24000,11.99,0.23,N,3,0
46626,36,120000,MORTGAGE,16.0,HOMEIMPROVEMENT,A,5000,7.14,0.04,N,16,0
46627,32,35000,RENT,4.0,PERSONAL,A,5500,5.79,0.16,N,6,0
46628,28,100000,MORTGAGE,8.0,EDUCATION,A,18000,8.9,0.18,N,6,0
46629,22,33640,RENT,2.0,PERSONAL,B,12000,9.99,0.36,N,4,1
46630,22,30000,RENT,6.0,MEDICAL,C,10000,13.61,0.33,N,4,1
46631,22,90000,RENT,6.0,VENTURE,B,12000,11.11,0.13,N,4,0
46632,25,70000,RENT,2.0,EDUCATION,B,3500,10.0,0.05,N,3,0
46633,29,42000,MORTGAGE,4.0,DEBTCONSOLIDATION,A,8000,7.14,0.19,N,6,0
46634,28,80000,MORTGAGE,8.0,MEDICAL,B,11000,11.99,0.13,N,7,0
46635,30,48000,RENT,0.0,PERSONAL,B,15000,12.42,0.31,N,7,1
46636,24,75000,MORTGAGE,4.0,HOMEIMPROVEMENT,B,12000,9.91,0.16,N,3,0
46637,29,75000,MORTGAGE,14.0,PERSONAL,D,25000,15.65,0.33,N,5,0
46638,30,45000,MORTGAGE,0.0,HOMEIMPROVEMENT,C,6000,13.49,0.13,Y,9,0
46639,28,174996,MORTGAGE,12.0,MEDICAL,C,9000,13.35,0.05,Y,5,0
46640,40,200000,MORTGAGE,3.0,VENTURE,B,20000,11.86,0.1,N,14,0
46641,24,50000,RENT,8.0,PERSONAL,C,12000,12.73,0.24,N,2,0
46642,22,45000,RENT,4.0,EDUCATION,A,5000,7.49,0.11,N,3,0
46643,25,33000,OWN,9.0,PERSONAL,B,2800,9.99,0.09,N,2,0
46644,45,35000,MORTGAGE,5.0,HOMEIMPROVEMENT,C,6500,14.27,0.19,Y,16,0
46645,32,56000,MORTGAGE,3.0,VENTURE,B,12000,11.49,0.21,N,6,0
46646,28,75885,MORTGAGE,8.0,HOMEIMPROVEMENT,B,3000,11.48,0.04,N,10,0
46647,22,57850,MORTGAGE,6.0,DEBTCONSOLIDATION,A,4000,6.99,0.07,N,3,0
46648,23,60000,OWN,7.0,PERSONAL,B,2500,11.99,0.04,N,3,0
46649,32,74004,MORTGAGE,12.0,DEBTCONSOLIDATION,B,19200,11.58,0.26,N,9,0
46650,32,70000,MORTGAGE,13.0,MEDICAL,A,10000,5.79,0.14,N,7,0
46651,22,60000,RENT,6.0,PERSONAL,B,12000,11.71,0.2,N,3,0
46652,26,46800,MORTGAGE,0.0,MEDICAL,B,10000,12.21,0.22,N,4,0
46653,29,120000,MORTGAGE,4.0,MEDICAL,A,15000,6.03,0.13,N,6,0
46654,25,65000,RENT,0.0,VENTURE,D,5000,13.67,0.08,Y,2,0
46655,27,50000,RENT,2.0,EDUCATION,B,8000,9.99,0.16,N,5,0
46656,38,60000,RENT,4.0,VENTURE,C,5500,13.43,0.09,N,14,0
46657,23,45000,RENT,7.0,MEDICAL,A,6000,7.49,0.13,N,3,0
46658,28,75000,MORTGAGE,3.0,HOMEIMPROVEMENT,A,7200,7.88,0.1,N,7,0
46659,28,54000,MORTGAGE,12.0,HOMEIMPROVEMENT,B,6000,10.99,0.11,N,6,0
46660,26,45000,RENT,3.0,EDUCATION,B,9000,10.0,0.2,N,2,0
46661,33,70000,MORTGAGE,2.0,MEDICAL,A,10000,7.51,0.14,N,7,0
46662,29,33600,RENT,0.0,HOMEIMPROVEMENT,D,4200,14.91,0.13,N,7,1
46663,27,110000,MORTGAGE,2.0,EDUCATION,A,6000,7.51,0.05,N,10,0
46664,28,80000,MORTGAGE,6.0,EDUCATION,A,3000,6.76,0.04,N,7,0
46665,31,38000,RENT,2.0,HOMEIMPROVEMENT,B,12000,11.71,0.32,N,5,1
46666,26,45600,RENT,5.0,PERSONAL,B,2000,12.69,0.04,N,4,0
46667,36,150000,MORTGAGE,4.0,HOMEIMPROVEMENT,E,12000,16.32,0.08,N,15,0
46668,36,40000,RENT,0.0,VENTURE,B,3000,11.49,0.07,N,11,0
46669,28,80000,MORTGAGE,12.0,DEBTCONSOLIDATION,B,7200,11.71,0.09,N,10,0
46670,26,51300,OWN,4.0,EDUCATION,A,8400,8.9,0.16,N,2,0
46671,32,54000,RENT,16.0,MEDICAL,C,3000,14.27,0.06,Y,10,1
46672,23,56950,RENT,2.0,EDUCATION,B,25000,12.18,0.37,N,3,1
46673,33,45336,RENT,3.0,MEDICAL,D,16750,14.96,0.37,Y,6,1
46674,21,30000,RENT,2.0,DEBTCONSOLIDATION,B,6000,12.18,0.2,N,4,0
46675,25,48000,MORTGAGE,6.0,MEDICAL,B,7500,12.53,0.16,N,3,0
46676,25,48000,MORTGAGE,5.0,VENTURE,B,2000,10.99,0.04,N,4,0
46677,28,65000,OWN,1.0,MEDICAL,A,7000,6.03,0.11,N,5,0
46678,43,79700,MORTGAGE,5.0,HOMEIMPROVEMENT,B,10000,9.99,0.13,N,14,0
46679,31,48996,RENT,7.0,MEDICAL,C,5000,13.79,0.1,N,10,0
46680,22,60000,MORTGAGE,6.0,PERSONAL,A,5000,6.17,0.08,N,3,0
46681,23,65000,MORTGAGE,7.0,EDUCATION,B,10000,11.49,0.15,N,2,0
46682,24,83050,MORTGAGE,5.0,PERSONAL,C,10000,13.49,0.12,Y,3,0
46683,22,30000,MORTGAGE,7.0,EDUCATION,C,8000,12.98,0.27,N,2,0
46684,31,201000,RENT,3.0,DEBTCONSOLIDATION,B,18000,11.83,0.09,N,7,0
46685,29,30000,RENT,0.0,PERSONAL,C,6600,12.84,0.22,Y,6,0
46686,49,150000,MORTGAGE,3.0,PERSONAL,B,8000,11.83,0.05,N,16,0
46687,21,24000,RENT,5.0,DEBTCONSOLIDATION,A,9250,7.49,0.39,N,3,1
46688,36,70000,MORTGAGE,2.0,EDUCATION,A,3000,5.99,0.04,N,15,0
46689,21,60000,RENT,2.0,VENTURE,A,4000,8.49,0.07,N,3,0
46690,22,55000,MORTGAGE,6.0,MEDICAL,A,2000,7.68,0.04,N,2,0
46691,23,153660,RENT,5.0,HOMEIMPROVEMENT,A,18000,7.9,0.12,N,2,0
46692,26,150000,OWN,3.0,DEBTCONSOLIDATION,D,25000,15.21,0.17,N,2,0
46693,31,120000,MORTGAGE,0.0,EDUCATION,A,8000,8.49,0.07,N,7,0
46694,37,50000,RENT,5.0,VENTURE,B,12000,11.14,0.24,N,17,0
46695,22,100000,MORTGAGE,6.0,EDUCATION,A,5600,7.14,0.06,N,4,0
46696,30,50000,RENT,5.0,PERSONAL,A,8000,9.32,0.16,N,10,0
46697,24,96000,MORTGAGE,9.0,VENTURE,B,20000,11.58,0.21,N,4,0
46698,24,44000,RENT,2.0,EDUCATION,D,10000,15.65,0.23,Y,4,1
46699,36,130000,MORTGAGE,0.0,HOMEIMPROVEMENT,A,7500,8.0,0.06,N,16,0
46700,32,60000,RENT,0.0,VENTURE,A,2400,6.39,0.04,N,9,0
46701,22,35000,RENT,1.0,EDUCATION,B,6000,11.99,0.17,N,2,0
46702,22,45000,RENT,2.0,MEDICAL,C,4000,13.61,0.09,Y,4,0
46703,25,150000,RENT,6.0,EDUCATION,D,15000,14.42,0.1,N,2,0
46704,28,47844,OWN,7.0,PERSONAL,C,2500,13.61,0.05,N,9,0
46705,22,50000,MORTGAGE,6.0,VENTURE,A,4000,7.9,0.08,N,2,0
46706,24,95000,RENT,0.0,MEDICAL,C,8000,11.34,0.08,Y,3,0
46707,22,30000,RENT,0.0,MEDICAL,C,10400,13.48,0.35,N,4,1
46708,21,28800,OWN,5.0,MEDICAL,B,4750,11.83,0.16,N,3,0
46709,31,31200,RENT,8.0,HOMEIMPROVEMENT,B,6000,11.71,0.19,N,10,0
46710,23,52000,RENT,2.0,DEBTCONSOLIDATION,C,9000,12.53,0.17,Y,2,0
46711,24,45000,RENT,3.0,EDUCATION,C,15250,13.57,0.34,Y,3,1
46712,24,36000,RENT,1.0,EDUCATION,D,8000,14.42,0.22,N,3,1
46713,23,68000,RENT,8.0,EDUCATION,E,7000,16.82,0.1,Y,3,0
46714,24,105000,MORTGAGE,5.0,VENTURE,B,6000,8.88,0.06,N,3,0
46715,24,65000,OWN,5.0,HOMEIMPROVEMENT,B,23975,11.99,0.36,N,3,0
46716,24,38000,RENT,1.0,EDUCATION,B,12000,12.42,0.32,N,4,1
46717,30,44000,RENT,1.0,EDUCATION,B,10500,12.69,0.24,N,9,1
46718,26,63300,MORTGAGE,2.0,MEDICAL,D,12800,15.62,0.22,N,4,1
46719,27,42000,RENT,11.0,MEDICAL,B,3200,10.0,0.08,N,9,0
46720,38,62400,MORTGAGE,7.0,PERSONAL,A,4000,7.51,0.06,N,12,0
46721,22,52000,MORTGAGE,4.0,PERSONAL,A,10000,7.51,0.19,N,3,0
46722,25,58000,OWN,3.0,EDUCATION,A,1000,7.68,0.02,N,4,0
46723,22,54600,MORTGAGE,6.0,VENTURE,B,12000,8.88,0.23,N,3,0
46724,23,75000,RENT,5.0,VENTURE,B,5000,10.62,0.07,N,4,0
46725,23,42000,MORTGAGE,7.0,MEDICAL,A,9000,7.29,0.22,N,4,0
46726,24,70000,MORTGAGE,3.0,PERSONAL,B,13000,9.88,0.18,N,3,0
46727,23,50000,RENT,3.0,VENTURE,A,10000,8.49,0.2,N,3,0
46728,33,33000,RENT,4.0,VENTURE,C,1000,13.99,0.03,N,5,0
46729,30,87000,MORTGAGE,0.0,DEBTCONSOLIDATION,A,12000,6.92,0.14,N,7,0
46730,22,80000,RENT,3.0,EDUCATION,D,12000,14.96,0.15,Y,3,0
46731,21,55000,RENT,0.0,DEBTCONSOLIDATION,A,14000,7.49,0.25,N,2,0
46732,39,62000,RENT,0.0,PERSONAL,C,12000,14.27,0.19,N,13,0
46733,23,110000,RENT,5.0,EDUCATION,B,10000,10.99,0.09,N,4,0
46734,24,60000,RENT,0.0,PERSONAL,B,20000,12.18,0.33,N,2,1
46735,36,43896,RENT,0.0,EDUCATION,C,15000,12.99,0.32,N,12,0
46736,24,135000,OWN,5.0,VENTURE,B,13800,10.62,0.1,N,4,0
46737,27,50000,MORTGAGE,9.0,DEBTCONSOLIDATION,C,4500,14.72,0.09,N,6,0
46738,30,37000,RENT,4.0,DEBTCONSOLIDATION,A,6000,6.17,0.16,N,7,0
46739,24,39000,RENT,3.0,MEDICAL,D,6000,14.11,0.15,Y,2,1
46740,25,45600,RENT,9.0,DEBTCONSOLIDATION,C,6000,14.27,0.13,N,3,0
46741,22,25000,RENT,1.0,MEDICAL,C,7200,12.73,0.29,Y,2,0
46742,25,42000,RENT,3.0,DEBTCONSOLIDATION,A,2500,7.29,0.06,N,4,0
46743,27,60000,MORTGAGE,4.0,PERSONAL,D,12500,13.3,0.21,Y,10,0
46744,37,54996,RENT,2.0,HOMEIMPROVEMENT,D,8000,16.49,0.15,N,14,1
46745,23,60000,MORTGAGE,3.0,EDUCATION,A,6000,8.49,0.1,N,3,0
46746,28,40000,RENT,5.0,MEDICAL,B,5000,11.49,0.13,N,9,0
46747,24,74004,RENT,3.0,DEBTCONSOLIDATION,D,20000,16.07,0.27,N,3,1
46748,23,48000,MORTGAGE,5.0,VENTURE,A,5000,5.99,0.1,N,2,0
46749,33,50000,RENT,1.0,VENTURE,C,10000,13.85,0.2,Y,9,0
46750,24,34000,RENT,2.0,HOMEIMPROVEMENT,D,3000,15.99,0.09,Y,2,1
46751,26,65450,RENT,3.0,MEDICAL,E,20000,17.56,0.27,Y,4,1
46752,27,45000,RENT,3.0,EDUCATION,A,1775,6.54,0.04,N,8,0
46753,42,80000,RENT,0.0,VENTURE,D,25000,16.0,0.31,Y,14,1
46754,26,40000,RENT,5.0,PERSONAL,B,8000,11.71,0.2,N,2,0
46755,28,50000,MORTGAGE,12.0,VENTURE,A,15000,7.49,0.3,N,7,0
46756,23,75000,MORTGAGE,4.0,EDUCATION,C,7000,13.99,0.09,Y,3,0
46757,22,60000,RENT,6.0,EDUCATION,A,12000,6.54,0.2,N,2,0
46758,34,81960,RENT,1.0,HOMEIMPROVEMENT,A,9500,7.29,0.12,N,10,0
46759,25,70000,RENT,1.0,MEDICAL,A,4000,7.29,0.06,N,3,0
46760,33,33600,MORTGAGE,11.0,PERSONAL,A,6000,5.79,0.18,N,10,0
46761,22,93000,RENT,3.0,VENTURE,C,24000,13.22,0.27,N,2,1
46762,24,24000,RENT,0.0,HOMEIMPROVEMENT,F,6000,17.58,0.25,N,3,1
46763,25,40000,RENT,6.0,VENTURE,C,10000,14.27,0.25,Y,3,0
46764,31,83000,MORTGAGE,6.0,PERSONAL,D,25000,14.83,0.3,N,9,0
46765,30,60000,MORTGAGE,6.0,PERSONAL,B,6000,10.37,0.1,N,9,0
46766,22,60000,MORTGAGE,4.0,EDUCATION,A,5000,6.99,0.08,N,3,0
46767,28,40000,RENT,12.0,VENTURE,B,12000,9.91,0.3,N,9,0
46768,26,52000,RENT,10.0,MEDICAL,B,6000,10.59,0.12,N,4,0
46769,25,90000,MORTGAGE,8.0,DEBTCONSOLIDATION,D,17000,16.77,0.2,N,3,1
46770,24,46800,RENT,6.0,DEBTCONSOLIDATION,C,8600,12.99,0.19,N,2,0
46771,38,70000,MORTGAGE,5.0,DEBTCONSOLIDATION,A,4000,7.49,0.06,N,16,0
46772,43,50000,MORTGAGE,2.0,PERSONAL,A,6400,6.91,0.13,N,14,0
46773,24,60000,MORTGAGE,7.0,PERSONAL,B,20000,10.99,0.33,N,3,0
46774,36,55000,MORTGAGE,6.0,HOMEIMPROVEMENT,B,8000,10.99,0.15,N,16,0
46775,22,38400,RENT,2.0,PERSONAL,B,5000,12.53,0.13,N,3,0
46776,23,24432,RENT,0.0,EDUCATION,B,2000,11.36,0.08,N,2,0
46777,34,65000,MORTGAGE,3.0,HOMEIMPROVEMENT,A,15000,7.88,0.23,N,8,0
46778,22,30000,OWN,6.0,MEDICAL,C,4000,14.35,0.13,Y,2,0
46779,37,70000,MORTGAGE,15.0,MEDICAL,B,15000,12.18,0.21,N,14,0
46780,22,40000,MORTGAGE,6.0,MEDICAL,A,8000,7.51,0.2,N,3,0
46781,23,46000,MORTGAGE,4.0,MEDICAL,A,7000,7.9,0.15,N,4,0
46782,21,119000,RENT,2.0,DEBTCONSOLIDATION,D,7600,14.61,0.06,N,2,1
46783,25,33000,MORTGAGE,10.0,VENTURE,B,6000,11.49,0.18,N,4,0
46784,30,48750,RENT,4.0,MEDICAL,A,8500,8.94,0.17,N,5,0
46785,29,48000,OWN,0.0,EDUCATION,A,15000,6.03,0.31,N,9,0
46786,38,38000,RENT,8.0,PERSONAL,B,15000,11.48,0.39,N,15,1
46787,26,80952,MORTGAGE,5.0,EDUCATION,B,13000,9.25,0.16,N,3,0
46788,27,95000,RENT,2.0,DEBTCONSOLIDATION,D,20000,14.11,0.21,Y,5,1
46789,29,31200,RENT,0.0,MEDICAL,C,6000,13.11,0.19,Y,7,0
46790,23,52000,MORTGAGE,3.0,EDUCATION,C,10000,13.49,0.19,N,2,0
46791,25,57600,RENT,1.0,PERSONAL,A,6000,8.0,0.1,N,4,0
46792,24,50000,RENT,5.0,VENTURE,B,2725,9.99,0.05,N,3,0
46793,25,150000,MORTGAGE,9.0,MEDICAL,D,12500,15.58,0.08,Y,3,0
46794,31,70000,MORTGAGE,1.0,VENTURE,A,6000,8.0,0.09,N,5,0
46795,23,50000,RENT,7.0,MEDICAL,C,6000,13.49,0.12,N,2,0
46796,27,90000,RENT,7.0,HOMEIMPROVEMENT,B,15000,11.12,0.17,N,9,0
46797,27,60000,MORTGAGE,2.0,DEBTCONSOLIDATION,A,10000,6.54,0.17,N,6,0
46798,27,69000,MORTGAGE,11.0,DEBTCONSOLIDATION,C,15000,15.27,0.22,N,5,0
46799,33,65000,RENT,4.0,DEBTCONSOLIDATION,B,13000,11.71,0.2,N,7,0
46800,31,75000,RENT,2.0,PERSONAL,A,13000,7.88,0.17,N,10,0
46801,24,60000,MORTGAGE,8.0,EDUCATION,C,4000,13.98,0.07,Y,4,0
46802,36,70000,MORTGAGE,16.0,DEBTCONSOLIDATION,A,12000,6.62,0.17,N,16,0
46803,36,119004,MORTGAGE,13.0,PERSONAL,A,5000,7.14,0.04,N,16,0
46804,33,50000,MORTGAGE,6.0,VENTURE,D,16000,16.89,0.32,Y,5,0
46805,31,69000,RENT,0.0,HOMEIMPROVEMENT,D,15000,14.59,0.22,Y,10,1
46806,31,144000,MORTGAGE,12.0,HOMEIMPROVEMENT,B,8000,10.99,0.06,N,8,0
46807,33,24000,RENT,4.0,EDUCATION,A,10000,7.51,0.42,N,10,1
46808,36,70000,RENT,11.0,MEDICAL,C,8000,11.03,0.11,Y,14,0
46809,24,52800,RENT,4.0,HOMEIMPROVEMENT,A,6000,8.9,0.11,N,4,0
46810,31,60000,RENT,15.0,EDUCATION,C,15000,13.49,0.25,N,6,0
46811,27,42000,RENT,11.0,MEDICAL,C,5000,14.27,0.12,Y,10,1
46812,28,42000,RENT,3.0,HOMEIMPROVEMENT,B,13000,11.36,0.31,N,7,1
46813,27,50000,RENT,3.0,MEDICAL,A,15000,6.62,0.3,N,9,0
46814,27,60000,RENT,2.0,DEBTCONSOLIDATION,B,15000,11.86,0.25,N,7,0
46815,21,42000,RENT,4.0,EDUCATION,D,1500,15.7,0.04,N,3,1
46816,29,60000,MORTGAGE,8.0,MEDICAL,B,6000,10.99,0.1,N,9,0
46817,26,58000,MORTGAGE,5.0,DEBTCONSOLIDATION,B,10000,9.91,0.17,N,2,0
46818,28,38688,RENT,1.0,DEBTCONSOLIDATION,C,3000,12.99,0.08,N,5,0
46819,22,35000,RENT,2.0,DEBTCONSOLIDATION,C,14000,15.27,0.4,N,3,1
46820,36,40000,OWN,15.0,PERSONAL,B,5000,11.11,0.12,N,13,0
46821,28,40000,MORTGAGE,2.0,VENTURE,B,16000,9.76,0.39,N,8,0
46822,36,38568,RENT,7.0,PERSONAL,E,2400,17.49,0.06,Y,4,1
46823,32,70000,RENT,4.0,EDUCATION,A,10000,7.29,0.14,N,6,0
46824,22,58000,RENT,5.0,DEBTCONSOLIDATION,B,10000,10.36,0.17,N,4,0
46825,21,45000,RENT,5.0,VENTURE,B,3000,9.91,0.07,N,4,0
46826,32,85000,RENT,3.0,EDUCATION,A,16000,7.51,0.19,N,10,0
46827,27,70000,MORTGAGE,11.0,VENTURE,B,13750,10.65,0.19,N,8,0
46828,32,50000,RENT,3.0,HOMEIMPROVEMENT,A,10000,8.94,0.2,N,7,0
46829,23,78000,RENT,2.0,DEBTCONSOLIDATION,C,9600,13.11,0.12,N,4,0
46830,28,73000,MORTGAGE,12.0,DEBTCONSOLIDATION,D,12000,16.77,0.16,N,10,1
46831,24,75000,RENT,8.0,DEBTCONSOLIDATION,A,14000,7.9,0.19,N,3,0
46832,31,50000,RENT,4.0,MEDICAL,E,20000,16.7,0.4,Y,9,1
46833,31,80000,RENT,15.0,VENTURE,D,8000,15.62,0.1,Y,5,0
46834,27,30000,RENT,5.0,MEDICAL,C,9000,13.49,0.3,N,10,0
46835,21,62400,MORTGAGE,5.0,MEDICAL,A,5500,7.14,0.09,N,3,0
46836,30,120000,MORTGAGE,14.0,HOMEIMPROVEMENT,B,10000,10.99,0.08,N,6,0
46837,29,95000,MORTGAGE,8.0,HOMEIMPROVEMENT,A,10000,8.94,0.11,N,6,0
46838,24,55000,RENT,3.0,EDUCATION,A,12000,8.9,0.22,N,4,0
46839,27,90000,MORTGAGE,11.0,EDUCATION,E,15000,19.29,0.17,Y,6,0
46840,35,52500,RENT,3.0,HOMEIMPROVEMENT,B,3200,10.65,0.06,N,5,0
46841,21,34320,RENT,4.0,DEBTCONSOLIDATION,D,3000,16.32,0.09,Y,2,1
46842,26,40000,RENT,2.0,EDUCATION,A,3600,6.92,0.09,N,3,0
46843,25,125000,MORTGAGE,4.0,EDUCATION,C,10000,13.49,0.08,N,3,0
46844,37,49000,MORTGAGE,5.0,EDUCATION,A,4000,6.62,0.08,N,12,0
46845,26,43000,RENT,3.0,EDUCATION,B,10000,9.91,0.23,N,4,0
46846,23,39500,RENT,7.0,PERSONAL,D,10000,15.31,0.25,Y,2,1
46847,38,81000,RENT,3.0,EDUCATION,B,10000,9.99,0.12,N,16,0
46848,29,80000,MORTGAGE,4.0,VENTURE,D,6000,15.62,0.07,Y,5,0
46849,52,48000,RENT,0.0,MEDICAL,A,6000,8.9,0.13,N,29,0
46850,65,44000,RENT,2.0,PERSONAL,B,10000,9.99,0.23,N,24,0
46851,23,72000,RENT,8.0,EDUCATION,A,10000,7.29,0.14,N,2,0
46852,27,78000,MORTGAGE,1.0,VENTURE,A,5125,8.59,0.07,N,9,0
46853,23,60000,MORTGAGE,3.0,VENTURE,A,8000,5.42,0.13,N,2,0
46854,23,32000,MORTGAGE,7.0,EDUCATION,A,8000,7.49,0.25,N,2,0
46855,23,50000,RENT,2.0,PERSONAL,C,8000,13.43,0.16,Y,2,0
46856,23,37000,RENT,7.0,MEDICAL,C,5000,14.27,0.14,Y,3,0
46857,31,39000,RENT,2.0,EDUCATION,D,3000,14.59,0.08,N,7,1
46858,24,75000,RENT,5.0,PERSONAL,C,10000,12.73,0.13,N,3,0
46859,50,85000,MORTGAGE,12.0,PERSONAL,A,10000,7.51,0.12,N,15,0
46860,26,65000,RENT,3.0,DEBTCONSOLIDATION,C,7000,12.99,0.11,Y,3,0
46861,31,55000,MORTGAGE,5.0,EDUCATION,B,10000,10.99,0.18,N,6,0
46862,25,48000,OWN,9.0,HOMEIMPROVEMENT,C,10000,12.99,0.21,Y,3,0
46863,29,140000,MORTGAGE,13.0,DEBTCONSOLIDATION,A,8000,6.03,0.06,N,5,0
46864,23,28800,RENT,5.0,DEBTCONSOLIDATION,B,6000,11.49,0.21,N,2,0
46865,32,40000,RENT,6.0,EDUCATION,A,6000,7.88,0.15,N,7,0
46866,26,60000,MORTGAGE,4.0,VENTURE,A,4200,7.14,0.07,N,4,0
46867,29,56000,RENT,13.0,VENTURE,A,12000,8.9,0.22,N,8,0
46868,35,30000,RENT,5.0,MEDICAL,D,4000,16.32,0.13,N,5,0
46869,30,53004,MORTGAGE,12.0,PERSONAL,B,14000,10.62,0.26,N,10,0
46870,21,20000,OWN,5.0,VENTURE,A,5000,5.99,0.25,N,4,0
46871,28,150000,MORTGAGE,5.0,DEBTCONSOLIDATION,B,15000,10.25,0.1,N,7,0
46872,42,62000,MORTGAGE,1.0,VENTURE,B,12900,9.99,0.2,N,12,0
46873,28,60000,MORTGAGE,12.0,VENTURE,A,12000,5.42,0.2,N,6,0
46874,27,110000,RENT,0.0,HOMEIMPROVEMENT,C,18000,13.49,0.16,N,6,0
46875,24,72000,RENT,8.0,VENTURE,A,3000,7.66,0.04,N,3,0
46876,22,67500,MORTGAGE,6.0,EDUCATION,C,3600,12.61,0.05,Y,4,0
46877,22,54000,MORTGAGE,6.0,EDUCATION,C,12000,13.11,0.22,Y,3,1
46878,34,30000,RENT,6.0,PERSONAL,B,5000,10.71,0.17,N,10,0
46879,33,72000,MORTGAGE,6.0,EDUCATION,B,20000,11.83,0.28,N,6,0
46880,22,86004,RENT,6.0,PERSONAL,C,8000,13.92,0.09,Y,4,0
46881,26,25000,OWN,6.0,EDUCATION,B,9500,10.62,0.4,N,3,0
46882,29,60000,RENT,4.0,PERSONAL,D,20000,15.31,0.33,Y,9,1
46883,27,74400,MORTGAGE,11.0,MEDICAL,B,21600,11.49,0.28,N,9,1
46884,35,90000,MORTGAGE,6.0,MEDICAL,B,24000,10.99,0.26,N,9,0
46885,30,56004,MORTGAGE,2.0,HOMEIMPROVEMENT,A,8000,7.66,0.14,N,7,0
46886,24,78300,MORTGAGE,8.0,PERSONAL,A,9000,7.88,0.12,N,3,0
46887,39,85000,RENT,1.0,EDUCATION,A,7000,9.32,0.08,N,12,0
46888,41,53664,MORTGAGE,0.0,MEDICAL,C,15000,13.85,0.28,Y,12,0
46889,23,75000,MORTGAGE,7.0,MEDICAL,A,7000,6.62,0.09,N,3,0
46890,32,95000,MORTGAGE,3.0,VENTURE,A,6250,6.54,0.06,N,7,0
46891,22,42000,RENT,1.0,PERSONAL,C,3500,13.92,0.08,Y,3,0
46892,28,41000,RENT,2.0,EDUCATION,B,2000,10.38,0.05,N,10,0
46893,23,50000,RENT,7.0,VENTURE,B,12000,11.71,0.24,N,2,0
46894,25,30000,RENT,2.0,MEDICAL,D,5000,14.59,0.17,Y,2,1
46895,33,85000,MORTGAGE,5.0,EDUCATION,B,20000,12.53,0.24,N,9,0
46896,26,70000,MORTGAGE,10.0,EDUCATION,A,10000,8.9,0.14,N,2,0
46897,22,65000,RENT,7.0,VENTURE,B,5000,12.69,0.08,N,2,0
46898,26,70000,MORTGAGE,2.0,MEDICAL,A,12000,7.51,0.17,N,2,0
46899,26,70000,RENT,5.0,MEDICAL,C,9000,13.49,0.13,Y,2,0
46900,23,75000,MORTGAGE,7.0,EDUCATION,B,1200,11.49,0.02,N,3,0
46901,25,80000,RENT,4.0,MEDICAL,B,9000,11.11,0.11,N,2,0
46902,22,108000,MORTGAGE,6.0,VENTURE,A,10000,6.62,0.09,N,4,0
46903,22,33000,RENT,0.0,PERSONAL,A,10800,7.51,0.33,N,4,1
46904,23,34000,RENT,7.0,EDUCATION,C,6000,13.22,0.18,Y,4,1
46905,36,70000,MORTGAGE,2.0,VENTURE,D,12000,16.32,0.17,N,17,0
46906,23,45000,RENT,4.0,EDUCATION,A,4000,7.14,0.09,N,2,0
46907,28,60000,MORTGAGE,1.0,MEDICAL,B,4000,11.83,0.07,N,8,0
46908,29,45000,RENT,0.0,MEDICAL,C,6000,12.87,0.13,Y,10,0
46909,31,35100,MORTGAGE,3.0,EDUCATION,A,3500,6.39,0.1,N,8,0
46910,23,45000,RENT,4.0,PERSONAL,B,11000,9.25,0.24,N,2,0
46911,25,33000,OWN,6.0,PERSONAL,A,5000,7.51,0.15,N,3,0
46912,28,80000,MORTGAGE,5.0,EDUCATION,C,18000,13.49,0.23,N,5,0
46913,30,54000,RENT,5.0,VENTURE,E,5000,16.45,0.09,N,9,1
46914,25,115000,MORTGAGE,3.0,MEDICAL,A,8000,5.42,0.08,N,4,0
46915,25,42000,RENT,0.0,MEDICAL,B,4500,9.25,0.11,N,4,0
46916,29,60000,MORTGAGE,6.0,EDUCATION,A,9000,7.88,0.15,N,9,0
46917,23,150000,RENT,0.0,EDUCATION,B,15000,10.37,0.1,N,2,0
46918,23,50000,MORTGAGE,5.0,EDUCATION,B,4000,9.25,0.08,N,3,0
46919,21,72500,RENT,2.0,DEBTCONSOLIDATION,C,10000,13.49,0.14,N,4,0
46920,44,70000,RENT,0.0,VENTURE,C,8000,12.87,0.11,N,14,0
46921,37,30000,RENT,0.0,MEDICAL,B,3000,10.25,0.1,N,11,0
46922,28,150000,MORTGAGE,3.0,HOMEIMPROVEMENT,B,10000,11.11,0.07,N,8,0
46923,24,100000,RENT,4.0,EDUCATION,A,1500,6.91,0.02,N,4,0
46924,27,72000,MORTGAGE,2.0,DEBTCONSOLIDATION,B,6000,10.59,0.08,N,7,0
46925,29,67641,MORTGAGE,13.0,MEDICAL,A,10000,5.42,0.15,N,5,0
46926,31,88000,MORTGAGE,15.0,HOMEIMPROVEMENT,A,15000,6.03,0.17,N,10,0
46927,26,60000,MORTGAGE,0.0,HOMEIMPROVEMENT,A,9000,9.63,0.15,N,3,0
46928,25,50000,RENT,0.0,HOMEIMPROVEMENT,B,6000,10.95,0.12,N,4,0
46929,26,40000,MORTGAGE,3.0,HOMEIMPROVEMENT,B,13700,9.91,0.33,N,2,0
46930,26,48000,MORTGAGE,3.0,VENTURE,A,2250,5.99,0.05,N,3,0
46931,23,90000,MORTGAGE,7.0,MEDICAL,A,23800,8.49,0.24,N,2,0
46932,22,24000,MORTGAGE,1.0,EDUCATION,B,9000,12.21,0.38,N,4,0
46933,47,59004,RENT,1.0,PERSONAL,D,7000,14.84,0.12,Y,16,1
46934,52,52000,RENT,0.0,PERSONAL,D,10000,15.33,0.19,Y,29,1
46935,28,48000,MORTGAGE,7.0,HOMEIMPROVEMENT,A,2500,6.76,0.05,N,9,0
46936,25,20000,RENT,0.0,DEBTCONSOLIDATION,A,4000,7.29,0.2,N,4,0
46937,34,101000,MORTGAGE,1.0,PERSONAL,D,28000,14.74,0.27,N,7,0
46938,26,59363,RENT,2.0,EDUCATION,C,6000,13.22,0.1,N,3,0
46939,24,66000,RENT,4.0,DEBTCONSOLIDATION,B,4500,11.71,0.07,N,2,0
46940,28,39000,RENT,1.0,DEBTCONSOLIDATION,D,6000,15.99,0.15,Y,8,1
46941,23,55000,RENT,7.0,MEDICAL,B,4000,11.71,0.07,N,3,0
46942,28,40000,RENT,2.0,VENTURE,A,4200,6.76,0.1,N,7,0
46943,33,67000,RENT,5.0,HOMEIMPROVEMENT,B,25000,9.99,0.37,N,5,1
46944,26,78000,OWN,6.0,PERSONAL,B,12000,11.14,0.15,N,3,0
46945,22,90000,MORTGAGE,4.0,DEBTCONSOLIDATION,A,4000,7.14,0.05,N,2,0
46946,30,60000,RENT,8.0,MEDICAL,A,5000,7.29,0.08,N,8,0
46947,31,54996,RENT,5.0,PERSONAL,C,5000,12.54,0.09,Y,10,0
46948,23,60000,MORTGAGE,7.0,PERSONAL,A,10000,5.79,0.17,N,2,0
46949,24,69000,RENT,1.0,HOMEIMPROVEMENT,D,17000,14.59,0.26,Y,2,1
46950,41,156000,MORTGAGE,6.0,PERSONAL,B,15000,11.89,0.1,N,12,0
46951,23,67000,MORTGAGE,7.0,DEBTCONSOLIDATION,A,4000,7.14,0.06,N,2,0
46952,29,72000,RENT,9.0,VENTURE,C,2100,13.85,0.03,N,5,0
46953,28,42000,MORTGAGE,12.0,EDUCATION,A,12000,7.88,0.29,N,9,0
46954,27,75000,MORTGAGE,11.0,HOMEIMPROVEMENT,A,5000,6.54,0.07,N,10,0
46955,27,57000,RENT,1.0,HOMEIMPROVEMENT,B,15000,11.48,0.26,N,8,0
46956,29,120000,MORTGAGE,13.0,MEDICAL,B,14000,10.65,0.12,N,6,0
46957,24,50000,MORTGAGE,2.0,EDUCATION,C,5000,14.35,0.1,N,3,0
46958,30,45000,RENT,2.0,MEDICAL,B,4000,11.89,0.09,N,9,0
46959,23,60000,MORTGAGE,4.0,VENTURE,B,4000,9.25,0.07,N,3,0
46960,22,75000,RENT,0.0,EDUCATION,B,15000,10.99,0.2,N,2,0
46961,26,54000,RENT,5.0,MEDICAL,A,13225,6.62,0.24,N,2,1
46962,31,54000,MORTGAGE,10.0,HOMEIMPROVEMENT,A,6000,5.79,0.11,N,6,1
46963,21,42000,RENT,0.0,EDUCATION,B,6000,12.69,0.14,N,4,0
46964,30,50000,RENT,7.0,DEBTCONSOLIDATION,B,5000,10.99,0.1,N,9,0
46965,27,37000,MORTGAGE,1.0,HOMEIMPROVEMENT,A,4500,7.14,0.12,N,5,0
46966,25,48000,RENT,5.0,EDUCATION,C,10000,13.49,0.21,Y,3,0
46967,43,46500,RENT,6.0,PERSONAL,C,13000,13.23,0.28,N,13,1
46968,28,24000,RENT,0.0,MEDICAL,C,5000,13.49,0.21,Y,8,0
46969,22,48000,MORTGAGE,6.0,DEBTCONSOLIDATION,A,6000,6.62,0.13,N,2,0
46970,29,62500,RENT,1.0,MEDICAL,B,15000,10.0,0.24,N,9,0
46971,22,50000,RENT,4.0,EDUCATION,C,6000,14.27,0.12,N,3,0
46972,27,57996,MORTGAGE,1.0,DEBTCONSOLIDATION,C,7000,13.79,0.12,Y,5,0
46973,25,60000,MORTGAGE,6.0,PERSONAL,B,3000,11.58,0.05,N,2,0
46974,29,65000,MORTGAGE,4.0,MEDICAL,A,10000,7.49,0.15,N,8,0
46975,30,53664,MORTGAGE,14.0,PERSONAL,B,5000,12.69,0.09,N,6,0
46976,26,50000,RENT,5.0,PERSONAL,B,3000,11.58,0.06,N,2,0
46977,23,65000,RENT,5.0,VENTURE,A,10000,6.54,0.15,N,4,0
46978,40,75000,MORTGAGE,7.0,MEDICAL,B,6000,11.12,0.08,N,16,0
46979,24,158000,MORTGAGE,4.0,VENTURE,A,8000,7.88,0.05,N,3,0
46980,26,117000,MORTGAGE,3.0,EDUCATION,A,10200,7.51,0.09,N,3,0
46981,22,92004,RENT,7.0,PERSONAL,C,20000,13.22,0.22,N,3,0
46982,28,85000,MORTGAGE,6.0,MEDICAL,B,15000,12.18,0.18,N,6,0
46983,25,27000,RENT,0.0,DEBTCONSOLIDATION,A,3000,7.14,0.11,N,4,0
46984,28,60000,RENT,1.0,VENTURE,B,4000,11.71,0.06,N,7,0
46985,27,93000,RENT,11.0,MEDICAL,B,24250,12.18,0.27,N,7,0
46986,24,828000,MORTGAGE,8.0,MEDICAL,B,4800,9.62,0.06,N,2,0
46987,23,75000,MORTGAGE,7.0,EDUCATION,B,12000,10.37,0.16,N,4,0
46988,33,81600,MORTGAGE,7.0,MEDICAL,A,14000,5.42,0.18,N,6,0
46989,36,65000,MORTGAGE,0.0,VENTURE,C,8000,13.92,0.12,N,17,0
46990,32,150000,RENT,4.0,PERSONAL,B,8000,11.14,0.05,N,9,0
46991,27,70000,MORTGAGE,4.0,EDUCATION,B,6000,10.75,0.09,N,8,0
46992,25,33000,OWN,2.0,VENTURE,B,1200,8.88,0.04,N,3,0
46993,24,65000,MORTGAGE,3.0,VENTURE,B,6000,10.99,0.09,N,4,0
46994,26,70000,MORTGAGE,10.0,DEBTCONSOLIDATION,C,10000,13.49,0.14,N,4,0
46995,22,30000,RENT,3.0,PERSONAL,B,3000,11.49,0.1,N,3,0
46996,27,42000,RENT,0.0,MEDICAL,A,2000,7.74,0.05,N,6,0
46997,23,60000,MORTGAGE,7.0,VENTURE,A,3600,7.29,0.06,N,4,0
46998,26,150000,MORTGAGE,10.0,DEBTCONSOLIDATION,B,24000,9.96,0.16,N,2,0
46999,23,75000,RENT,0.0,PERSONAL,A,4200,7.49,0.06,N,2,0
47000,22,64000,RENT,6.0,VENTURE,C,8000,12.23,0.13,N,2,0
47001,36,30000,RENT,0.0,DEBTCONSOLIDATION,A,4000,7.49,0.13,N,12,0
47002,30,30000,OWN,2.0,VENTURE,A,4000,8.94,0.13,N,9,0
47003,31,101000,RENT,3.0,DEBTCONSOLIDATION,A,20000,7.9,0.2,N,6,0
47004,29,70000,RENT,4.0,DEBTCONSOLIDATION,C,11650,14.27,0.15,N,8,0
47005,33,92000,MORTGAGE,17.0,PERSONAL,A,3500,7.88,0.04,N,7,0
47006,26,30000,RENT,2.0,DEBTCONSOLIDATION,B,3800,11.71,0.13,N,3,0
47007,30,46852,RENT,4.0,HOMEIMPROVEMENT,C,5800,13.11,0.13,Y,9,0
47008,22,88000,OTHER,6.0,HOMEIMPROVEMENT,D,25000,15.58,0.29,N,2,1
47009,23,65000,MORTGAGE,3.0,VENTURE,A,10000,7.51,0.15,N,3,0
47010,36,45000,MORTGAGE,1.0,PERSONAL,A,10000,9.63,0.22,N,16,0
47011,23,32000,RENT,2.0,HOMEIMPROVEMENT,D,4500,15.62,0.14,Y,3,1
47012,23,75000,MORTGAGE,2.0,VENTURE,C,5200,13.61,0.07,Y,4,0
47013,47,36000,MORTGAGE,0.0,HOMEIMPROVEMENT,A,3500,7.37,0.1,N,12,0
47014,31,54396,RENT,15.0,MEDICAL,C,4000,11.66,0.07,N,6,0
47015,25,32004,RENT,4.0,VENTURE,C,4000,14.35,0.12,N,4,0
47016,23,50000,MORTGAGE,8.0,EDUCATION,A,10000,7.49,0.2,N,4,0
47017,25,65004,MORTGAGE,9.0,PERSONAL,A,5000,6.76,0.08,N,3,0
47018,25,31200,RENT,3.0,DEBTCONSOLIDATION,A,10000,7.51,0.32,N,2,1
47019,28,70000,MORTGAGE,4.0,EDUCATION,D,25000,16.0,0.36,Y,10,0
47020,31,32400,MORTGAGE,14.0,HOMEIMPROVEMENT,A,2500,6.91,0.08,N,6,0
47021,28,60500,MORTGAGE,3.0,EDUCATION,D,4500,14.61,0.07,N,6,0
47022,23,116000,MORTGAGE,7.0,EDUCATION,A,10000,6.03,0.09,N,2,0
47023,29,60000,RENT,2.0,DEBTCONSOLIDATION,B,8000,10.36,0.13,N,5,0
47024,36,25000,RENT,2.0,MEDICAL,C,4000,13.61,0.16,Y,11,0
47025,29,55000,RENT,3.0,DEBTCONSOLIDATION,B,10000,10.59,0.18,N,6,0
47026,37,58000,MORTGAGE,4.0,VENTURE,A,14000,6.03,0.24,N,11,0
47027,29,60000,RENT,3.0,DEBTCONSOLIDATION,B,10000,12.21,0.17,N,5,0
47028,23,60000,MORTGAGE,5.0,PERSONAL,A,12000,6.03,0.2,N,3,0
47029,28,78000,MORTGAGE,3.0,VENTURE,A,12000,5.79,0.15,N,9,0
47030,25,83500,MORTGAGE,9.0,HOMEIMPROVEMENT,A,10000,7.29,0.12,N,3,0
47031,22,48000,RENT,6.0,MEDICAL,A,5000,7.29,0.1,N,3,0
47032,24,28000,RENT,4.0,PERSONAL,B,7200,10.99,0.25,N,3,0
47033,23,29000,RENT,0.0,EDUCATION,A,5000,7.51,0.17,N,2,1
47034,26,48000,RENT,2.0,MEDICAL,C,9000,11.97,0.19,Y,3,0
47035,21,60000,RENT,6.0,EDUCATION,C,6000,13.98,0.1,N,3,0
47036,22,54000,RENT,5.0,MEDICAL,B,1500,10.99,0.03,N,3,0
47037,25,75000,MORTGAGE,9.0,DEBTCONSOLIDATION,A,8000,8.9,0.11,N,2,0
47038,23,40000,RENT,0.0,DEBTCONSOLIDATION,B,4000,10.74,0.1,N,3,0
47039,23,60000,RENT,2.0,EDUCATION,D,8000,14.42,0.13,Y,3,0
47040,43,95000,MORTGAGE,11.0,PERSONAL,B,15000,10.99,0.16,N,13,0
47041,22,37200,RENT,0.0,VENTURE,A,6000,7.9,0.16,N,2,0
47042,37,72000,RENT,15.0,MEDICAL,A,20000,8.94,0.27,N,13,0
47043,26,85000,MORTGAGE,10.0,DEBTCONSOLIDATION,A,10000,6.03,0.12,N,3,0
47044,23,47000,RENT,7.0,VENTURE,B,6000,10.25,0.13,N,4,0
47045,25,50000,MORTGAGE,9.0,PERSONAL,B,5000,10.99,0.1,N,3,0
47046,25,50000,RENT,0.0,VENTURE,A,7200,7.29,0.14,N,2,0
47047,26,70000,MORTGAGE,0.0,VENTURE,A,8000,7.51,0.11,N,2,0
47048,29,140000,MORTGAGE,9.0,HOMEIMPROVEMENT,B,7500,11.14,0.05,N,8,0
47049,32,30000,RENT,2.0,MEDICAL,A,4000,6.54,0.13,N,6,0
47050,21,50000,MORTGAGE,5.0,PERSONAL,B,10800,10.62,0.22,N,4,0
47051,22,28000,RENT,6.0,DEBTCONSOLIDATION,C,7000,12.84,0.25,N,3,0
47052,22,72800,RENT,7.0,EDUCATION,C,12000,12.84,0.17,Y,2,0
47053,26,36000,RENT,10.0,EDUCATION,B,7500,10.39,0.21,N,2,0
47054,42,33600,RENT,6.0,PERSONAL,B,9600,10.99,0.29,N,15,1
47055,29,65000,MORTGAGE,12.0,MEDICAL,B,3000,10.99,0.05,N,7,0
47056,23,33000,RENT,0.0,PERSONAL,D,4000,14.61,0.12,N,3,1
47057,23,49000,RENT,6.0,MEDICAL,A,7000,7.9,0.14,N,4,1
47058,22,43000,MORTGAGE,6.0,MEDICAL,B,15000,9.88,0.35,N,4,0
47059,26,72000,RENT,2.0,HOMEIMPROVEMENT,B,16750,11.49,0.24,N,4,0
47060,22,60000,MORTGAGE,2.0,PERSONAL,C,1500,12.87,0.03,Y,2,0
47061,31,47400,MORTGAGE,2.0,DEBTCONSOLIDATION,A,10500,7.49,0.22,N,6,0
47062,28,140000,MORTGAGE,1.0,HOMEIMPROVEMENT,B,25000,11.36,0.18,N,7,0
47063,26,50000,MORTGAGE,6.0,EDUCATION,C,8000,12.99,0.16,Y,4,0
47064,32,90000,MORTGAGE,12.0,EDUCATION,B,15000,10.74,0.17,N,9,0
47065,27,57504,OWN,11.0,HOMEIMPROVEMENT,C,3000,13.06,0.05,N,5,0
47066,25,27000,OWN,0.0,VENTURE,G,11500,20.11,0.43,Y,2,1
47067,28,62000,MORTGAGE,12.0,VENTURE,A,7000,7.51,0.11,N,6,0
47068,21,62000,RENT,2.0,EDUCATION,B,6000,10.59,0.1,N,4,0
47069,21,38000,MORTGAGE,5.0,VENTURE,E,6000,16.45,0.16,N,3,0
47070,28,105000,MORTGAGE,2.0,HOMEIMPROVEMENT,C,16000,12.98,0.16,N,7,0
47071,23,45000,RENT,5.0,EDUCATION,B,2000,12.69,0.04,N,3,0
47072,22,36000,RENT,6.0,EDUCATION,B,5000,11.11,0.14,N,3,0
47073,23,70000,RENT,3.0,PERSONAL,A,5600,7.49,0.08,N,3,0
47074,25,85000,MORTGAGE,2.0,HOMEIMPROVEMENT,B,24000,11.83,0.28,N,3,0
47075,30,36000,OWN,7.0,HOMEIMPROVEMENT,A,6000,8.49,0.17,N,7,0
47076,31,80000,MORTGAGE,3.0,VENTURE,A,6000,8.49,0.07,N,10,0
47077,31,45000,RENT,12.0,DEBTCONSOLIDATION,C,2000,12.99,0.04,Y,9,0
47078,32,60000,RENT,0.0,PERSONAL,A,8000,8.59,0.13,N,6,0
47079,30,38000,RENT,8.0,MEDICAL,A,3600,6.99,0.09,N,10,0
47080,23,90000,MORTGAGE,2.0,EDUCATION,C,5000,12.87,0.06,N,2,0
47081,30,72000,MORTGAGE,2.0,VENTURE,B,4000,10.37,0.06,N,5,0
47082,23,60000,MORTGAGE,5.0,EDUCATION,A,10000,7.9,0.17,N,3,0
47083,22,63211,RENT,7.0,DEBTCONSOLIDATION,B,6000,11.86,0.1,N,2,0
47084,30,70000,RENT,0.0,VENTURE,C,12000,14.27,0.17,Y,9,0
47085,27,128000,RENT,6.0,EDUCATION,B,6000,10.59,0.05,N,9,0
47086,28,83004,RENT,1.0,EDUCATION,B,2400,12.69,0.03,N,5,0
47087,29,100000,MORTGAGE,2.0,EDUCATION,A,5000,8.0,0.05,N,10,0
47088,43,141000,MORTGAGE,24.0,VENTURE,A,10000,5.99,0.07,N,11,0
47089,23,26400,MORTGAGE,7.0,EDUCATION,D,5400,16.29,0.2,Y,3,0
47090,29,55000,RENT,3.0,HOMEIMPROVEMENT,A,3600,7.49,0.07,N,6,0
47091,29,50000,RENT,13.0,DEBTCONSOLIDATION,A,11500,7.51,0.24,N,10,0
47092,23,80000,MORTGAGE,2.0,PERSONAL,B,9600,10.99,0.12,N,4,0
47093,27,72000,RENT,6.0,HOMEIMPROVEMENT,B,10000,11.26,0.14,N,7,0
47094,30,63000,MORTGAGE,4.0,DEBTCONSOLIDATION,B,15000,9.91,0.24,N,8,0
47095,23,64800,MORTGAGE,6.0,PERSONAL,A,7500,5.99,0.12,N,2,0
47096,27,60000,MORTGAGE,11.0,MEDICAL,C,5000,14.22,0.08,Y,7,0
47097,28,54000,MORTGAGE,12.0,DEBTCONSOLIDATION,B,4000,10.0,0.07,N,8,0
47098,24,45000,RENT,3.0,MEDICAL,C,2400,13.49,0.05,N,4,0
47099,26,60000,RENT,5.0,VENTURE,C,15000,14.27,0.25,N,4,0
47100,23,54000,RENT,7.0,MEDICAL,A,3600,7.9,0.07,N,3,0
47101,23,62500,MORTGAGE,7.0,MEDICAL,A,3000,5.42,0.05,N,2,0
47102,38,24996,RENT,3.0,PERSONAL,B,5000,11.36,0.2,N,16,1
47103,26,54000,MORTGAGE,1.0,VENTURE,A,17000,8.9,0.3,N,3,0
47104,34,30000,RENT,3.0,MEDICAL,E,6500,16.35,0.21,Y,5,1
47105,24,44000,RENT,3.0,VENTURE,D,10400,14.59,0.25,Y,3,1
47106,21,36000,RENT,3.0,EDUCATION,B,10300,11.49,0.29,N,4,0
47107,29,105996,MORTGAGE,6.0,MEDICAL,B,10150,12.42,0.09,N,8,0
47108,23,60000,RENT,0.0,PERSONAL,B,12000,10.65,0.2,N,4,0
47109,37,39000,RENT,2.0,EDUCATION,B,4000,11.86,0.1,N,15,1
47110,28,37000,RENT,2.0,EDUCATION,B,3000,10.62,0.08,N,9,0
47111,27,80000,MORTGAGE,7.0,VENTURE,A,8000,6.99,0.1,N,10,0
47112,29,80000,RENT,3.0,VENTURE,A,15000,6.91,0.19,N,8,0
47113,32,75000,MORTGAGE,2.0,HOMEIMPROVEMENT,B,8000,10.0,0.11,N,7,0
47114,27,60000,MORTGAGE,3.0,HOMEIMPROVEMENT,A,15000,7.51,0.25,N,6,0
47115,28,60000,MORTGAGE,12.0,VENTURE,C,16800,13.49,0.28,N,8,0
47116,25,61284,RENT,3.0,HOMEIMPROVEMENT,E,4800,18.39,0.08,Y,4,0
47117,28,120000,MORTGAGE,12.0,PERSONAL,B,18400,11.71,0.15,N,7,0
47118,32,60000,MORTGAGE,1.0,VENTURE,A,10500,7.49,0.18,N,7,0
47119,26,60000,MORTGAGE,0.0,VENTURE,B,5000,11.86,0.08,N,3,0
47120,24,50000,RENT,4.0,EDUCATION,D,8000,16.49,0.16,N,3,0
47121,22,40000,RENT,0.0,MEDICAL,B,6000,12.21,0.15,N,4,0
47122,21,50000,MORTGAGE,5.0,VENTURE,B,3500,9.99,0.07,N,2,0
47123,27,33000,RENT,4.0,PERSONAL,B,5500,10.99,0.17,N,10,0
47124,27,54590,MORTGAGE,11.0,HOMEIMPROVEMENT,A,6500,7.51,0.12,N,7,0
47125,26,38400,RENT,3.0,DEBTCONSOLIDATION,A,6000,7.49,0.16,N,3,0
47126,24,60000,MORTGAGE,3.0,DEBTCONSOLIDATION,A,12000,8.9,0.2,N,4,0
47127,30,57500,MORTGAGE,14.0,HOMEIMPROVEMENT,A,5200,7.14,0.09,N,9,0
47128,24,24000,RENT,2.0,PERSONAL,B,5000,11.14,0.21,N,3,0
47129,43,45000,MORTGAGE,0.0,PERSONAL,A,9000,9.63,0.2,N,11,0
47130,22,85000,RENT,0.0,EDUCATION,B,15000,11.71,0.18,N,4,0
47131,22,78996,RENT,0.0,DEBTCONSOLIDATION,D,15000,15.95,0.19,Y,3,1
47132,22,65000,MORTGAGE,6.0,PERSONAL,B,14400,10.62,0.22,N,2,0
47133,27,110000,MORTGAGE,11.0,PERSONAL,A,10000,6.91,0.09,N,9,0
47134,24,54000,MORTGAGE,5.0,DEBTCONSOLIDATION,A,5000,5.42,0.09,N,4,0
47135,26,42000,RENT,2.0,DEBTCONSOLIDATION,C,5000,12.99,0.12,N,4,0
47136,23,50000,RENT,5.0,EDUCATION,B,15000,11.48,0.3,N,4,0
47137,35,60000,RENT,5.0,HOMEIMPROVEMENT,B,7000,10.36,0.12,N,9,0
47138,37,90000,RENT,15.0,PERSONAL,A,12000,7.51,0.13,N,17,0
47139,25,45996,RENT,4.0,MEDICAL,C,3850,13.35,0.08,N,2,0
47140,25,67900,RENT,5.0,VENTURE,A,13000,8.9,0.19,N,3,1
47141,29,62000,RENT,4.0,DEBTCONSOLIDATION,A,7500,6.03,0.12,N,8,0
47142,26,54000,RENT,2.0,MEDICAL,B,1000,10.0,0.02,N,4,0
47143,33,35000,RENT,3.0,VENTURE,B,9600,9.91,0.26,N,6,0
47144,24,38400,RENT,0.0,DEBTCONSOLIDATION,C,5000,12.53,0.13,N,2,0
47145,46,46000,RENT,2.0,EDUCATION,C,7000,11.72,0.15,N,11,0
47146,35,56400,RENT,2.0,DEBTCONSOLIDATION,B,9500,10.36,0.17,N,5,0
47147,55,69500,RENT,10.0,PERSONAL,C,15000,13.43,0.22,Y,19,0
47148,24,60000,RENT,8.0,DEBTCONSOLIDATION,A,10000,8.9,0.17,N,2,0
47149,28,54000,MORTGAGE,4.0,EDUCATION,A,12000,6.62,0.22,N,8,0
47150,22,50000,MORTGAGE,6.0,MEDICAL,B,8500,12.69,0.17,N,2,0
47151,34,40000,RENT,5.0,MEDICAL,B,15000,9.91,0.38,N,5,1
47152,23,48000,RENT,4.0,VENTURE,A,6500,5.42,0.14,N,2,0
47153,24,24000,RENT,0.0,PERSONAL,D,5000,14.96,0.21,N,4,1
47154,26,40000,RENT,1.0,EDUCATION,B,10000,10.65,0.25,N,4,0
47155,27,30000,MORTGAGE,3.0,PERSONAL,C,4200,14.79,0.14,N,8,0
47156,26,61000,MORTGAGE,10.0,EDUCATION,A,7500,7.05,0.12,N,3,0
47157,27,30000,RENT,6.0,EDUCATION,A,5000,9.32,0.17,N,5,0
47158,32,42000,RENT,0.0,MEDICAL,C,20000,13.22,0.46,N,9,1
47159,23,70000,RENT,7.0,DEBTCONSOLIDATION,B,12000,12.18,0.17,N,3,0
47160,27,75000,RENT,3.0,MEDICAL,A,7200,8.9,0.1,N,6,0
47161,29,74000,MORTGAGE,5.0,HOMEIMPROVEMENT,A,5000,7.49,0.07,N,8,0
47162,25,115000,MORTGAGE,3.0,VENTURE,B,15000,9.63,0.13,N,2,0
47163,30,82000,MORTGAGE,1.0,PERSONAL,C,15000,13.8,0.18,Y,8,0
47164,29,150000,MORTGAGE,13.0,PERSONAL,B,12000,12.69,0.08,N,8,0
47165,22,45336,RENT,6.0,PERSONAL,A,7000,5.42,0.16,N,4,0
47166,30,70000,RENT,8.0,HOMEIMPROVEMENT,B,15000,10.95,0.21,N,6,0
47167,22,75000,RENT,2.0,EDUCATION,A,7000,6.03,0.09,N,3,0
47168,22,32918,RENT,3.0,VENTURE,B,13000,11.36,0.41,N,3,1
47169,21,90000,MORTGAGE,0.0,EDUCATION,B,24000,11.99,0.26,N,2,0
47170,23,86500,MORTGAGE,7.0,MEDICAL,A,11000,7.29,0.13,N,2,0
47171,23,32000,RENT,5.0,MEDICAL,B,5500,10.38,0.17,N,2,0
47172,26,100000,OWN,10.0,VENTURE,A,10000,7.51,0.1,N,2,0
47173,22,30000,RENT,3.0,EDUCATION,B,8000,10.99,0.27,N,2,0
47174,31,60000,RENT,0.0,EDUCATION,A,3000,6.39,0.05,N,6,0
47175,37,56004,RENT,11.0,EDUCATION,A,9000,9.32,0.16,N,15,0
47176,30,37920,RENT,2.0,PERSONAL,C,12000,13.48,0.32,N,9,1
47177,32,50000,RENT,4.0,MEDICAL,C,10000,13.49,0.2,N,8,0
47178,23,90000,RENT,7.0,EDUCATION,B,8000,11.71,0.09,N,2,0
47179,32,36000,MORTGAGE,2.0,DEBTCONSOLIDATION,A,8000,5.79,0.22,N,8,0
47180,25,28000,RENT,9.0,EDUCATION,B,1000,10.25,0.04,N,4,0
47181,37,74000,OWN,13.0,VENTURE,A,1500,6.62,0.02,N,13,0
47182,28,125000,OWN,12.0,EDUCATION,C,8000,13.98,0.06,N,10,0
47183,24,55000,MORTGAGE,8.0,PERSONAL,B,12000,10.99,0.22,N,3,0
47184,41,125004,MORTGAGE,5.0,VENTURE,C,8150,13.85,0.07,Y,12,0
47185,23,130000,RENT,7.0,EDUCATION,A,6000,6.99,0.05,N,3,0
47186,24,60000,MORTGAGE,8.0,PERSONAL,A,2500,8.63,0.04,N,4,0
47187,29,80000,MORTGAGE,13.0,VENTURE,A,6000,7.51,0.07,N,6,0
47188,24,58000,RENT,8.0,PERSONAL,B,6000,11.99,0.11,N,3,0
47189,35,25000,RENT,4.0,MEDICAL,A,6400,6.54,0.26,N,9,1
47190,24,40000,RENT,5.0,DEBTCONSOLIDATION,B,4200,12.42,0.1,N,2,0
47191,22,58600,MORTGAGE,6.0,MEDICAL,A,9500,6.62,0.16,N,3,0
47192,26,60000,MORTGAGE,5.0,MEDICAL,B,7200,11.58,0.12,N,2,0
47193,25,48000,RENT,9.0,DEBTCONSOLIDATION,A,2000,7.12,0.04,N,3,0
47194,25,58650,RENT,3.0,MEDICAL,B,8000,10.37,0.14,N,2,0
47195,25,200000,MORTGAGE,6.0,DEBTCONSOLIDATION,B,15000,12.21,0.07,N,2,0
47196,28,25000,RENT,0.0,DEBTCONSOLIDATION,D,4000,14.54,0.16,Y,6,1
47197,23,42000,RENT,4.0,EDUCATION,C,2000,13.22,0.05,N,2,0
47198,32,85000,RENT,12.0,HOMEIMPROVEMENT,A,3600,5.99,0.04,N,7,0
47199,26,74000,RENT,2.0,DEBTCONSOLIDATION,A,8000,7.88,0.11,N,2,0
47200,29,89523,RENT,13.0,VENTURE,B,3000,10.65,0.03,N,6,0
47201,27,45000,RENT,3.0,MEDICAL,C,5000,12.99,0.11,Y,8,0
47202,29,37000,MORTGAGE,3.0,EDUCATION,C,10000,13.61,0.27,N,9,0
47203,30,39000,RENT,14.0,DEBTCONSOLIDATION,A,10000,6.54,0.25,N,8,0
47204,22,100000,RENT,6.0,MEDICAL,C,20000,13.98,0.2,N,4,0
47205,24,62692,RENT,9.0,VENTURE,B,12000,9.88,0.19,N,3,0
47206,24,48000,RENT,3.0,PERSONAL,A,2000,7.88,0.04,N,4,0
47207,22,24000,RENT,0.0,EDUCATION,A,4000,7.51,0.17,N,3,0
47208,32,48000,RENT,7.0,PERSONAL,B,8000,11.36,0.17,N,8,0
47209,23,40000,RENT,0.0,EDUCATION,A,6000,7.51,0.15,N,3,0
47210,39,68000,MORTGAGE,0.0,PERSONAL,A,3000,7.88,0.04,N,17,0
47211,23,70000,RENT,0.0,MEDICAL,C,5000,13.49,0.07,Y,3,0
47212,26,55000,RENT,6.0,MEDICAL,B,17200,12.69,0.31,N,2,1
47213,23,50000,MORTGAGE,6.0,DEBTCONSOLIDATION,A,3300,7.49,0.07,N,4,0
47214,27,39600,MORTGAGE,4.0,HOMEIMPROVEMENT,A,6000,7.68,0.15,N,7,0
47215,23,100000,RENT,3.0,EDUCATION,C,16000,13.06,0.16,Y,4,0
47216,30,120600,RENT,1.0,VENTURE,B,10000,10.37,0.08,N,9,1
47217,21,35000,RENT,4.0,EDUCATION,C,7200,13.23,0.21,N,3,0
47218,22,54000,RENT,3.0,VENTURE,C,19000,13.49,0.35,N,3,1
47219,23,90000,MORTGAGE,0.0,PERSONAL,B,20000,10.99,0.22,N,3,0
47220,25,24900,MORTGAGE,1.0,MEDICAL,C,5500,13.16,0.22,Y,3,0
47221,25,165000,RENT,1.0,MEDICAL,A,20000,6.91,0.12,N,3,0
47222,23,120000,MORTGAGE,5.0,PERSONAL,B,12000,10.99,0.1,N,3,0
47223,23,53500,MORTGAGE,1.0,MEDICAL,B,15000,9.63,0.28,N,3,0
47224,21,30000,RENT,0.0,MEDICAL,A,2500,5.42,0.08,N,4,0
47225,22,46000,MORTGAGE,1.0,MEDICAL,A,10000,7.88,0.22,N,4,0
47226,23,41000,RENT,3.0,EDUCATION,D,4000,14.09,0.1,Y,4,0
47227,34,110000,MORTGAGE,4.0,PERSONAL,A,10000,7.51,0.09,N,8,0
47228,22,40000,RENT,2.0,DEBTCONSOLIDATION,A,6000,7.9,0.15,N,3,0
47229,27,56000,RENT,11.0,MEDICAL,B,10000,9.88,0.18,N,9,0
47230,23,45000,RENT,1.0,VENTURE,B,14400,12.21,0.32,N,2,1
47231,28,85000,MORTGAGE,5.0,PERSONAL,A,20000,6.91,0.24,N,7,0
47232,45,60000,RENT,6.0,EDUCATION,C,1500,13.61,0.03,Y,17,0
47233,32,30000,RENT,5.0,EDUCATION,B,4000,11.49,0.13,N,7,0
47234,29,25000,RENT,0.0,MEDICAL,C,5000,12.99,0.2,Y,7,0
47235,21,34000,RENT,2.0,DEBTCONSOLIDATION,D,6000,14.91,0.18,N,4,1
47236,25,60000,MORTGAGE,9.0,DEBTCONSOLIDATION,B,12000,10.62,0.2,N,4,0
47237,27,24000,RENT,5.0,MEDICAL,B,5000,11.58,0.21,N,10,0
47238,27,52000,RENT,11.0,VENTURE,A,6000,7.88,0.12,N,6,0
47239,24,59000,RENT,5.0,VENTURE,D,5000,16.49,0.08,N,3,0
47240,22,56004,RENT,0.0,EDUCATION,B,12800,9.45,0.23,N,3,0
47241,33,85000,MORTGAGE,2.0,DEBTCONSOLIDATION,A,7200,9.63,0.08,N,6,0
47242,23,48000,RENT,8.0,VENTURE,C,4400,12.68,0.09,N,4,0
47243,23,120000,RENT,0.0,PERSONAL,C,10000,14.27,0.08,Y,2,0
47244,26,41000,RENT,6.0,EDUCATION,B,15000,10.65,0.37,N,2,1
47245,24,40000,RENT,8.0,MEDICAL,A,4000,6.76,0.1,N,2,0
47246,26,83000,RENT,1.0,DEBTCONSOLIDATION,B,12000,11.71,0.14,N,4,0
47247,25,90000,RENT,1.0,DEBTCONSOLIDATION,C,10000,13.22,0.11,N,3,0
47248,24,95000,RENT,2.0,PERSONAL,B,5000,10.0,0.05,N,4,0
47249,31,47840,OWN,0.0,EDUCATION,B,12000,9.62,0.25,N,6,0
47250,28,30000,RENT,0.0,VENTURE,A,3000,7.49,0.1,N,6,0
47251,26,35960,MORTGAGE,11.0,EDUCATION,D,7500,14.84,0.22,Y,4,0
47252,24,30000,MORTGAGE,5.0,PERSONAL,B,4000,9.99,0.13,N,2,0
47253,26,30000,MORTGAGE,4.0,EDUCATION,B,10000,11.71,0.33,N,2,0
47254,31,80000,MORTGAGE,7.0,HOMEIMPROVEMENT,A,13600,8.94,0.16,N,6,0
47255,31,96000,RENT,5.0,VENTURE,E,10000,15.68,0.1,N,9,0
47256,32,35000,RENT,2.0,DEBTCONSOLIDATION,C,3500,13.49,0.1,Y,5,0
47257,39,108000,MORTGAGE,1.0,HOMEIMPROVEMENT,E,13750,16.4,0.13,Y,14,0
47258,22,80000,RENT,5.0,DEBTCONSOLIDATION,C,7000,13.99,0.09,Y,4,0
47259,34,60000,MORTGAGE,18.0,MEDICAL,B,15000,11.99,0.25,N,9,0
47260,39,54000,RENT,0.0,HOMEIMPROVEMENT,C,6000,13.98,0.11,Y,15,1
47261,44,50000,MORTGAGE,3.0,VENTURE,A,10000,8.94,0.2,N,13,0
47262,22,55000,RENT,6.0,MEDICAL,B,11750,10.99,0.21,N,2,0
47263,27,60000,MORTGAGE,11.0,MEDICAL,A,14000,7.51,0.23,N,6,0
47264,23,65004,RENT,0.0,DEBTCONSOLIDATION,C,7000,12.87,0.11,N,3,0
47265,27,85000,RENT,11.0,DEBTCONSOLIDATION,D,35000,15.99,0.41,N,8,1
47266,23,78000,RENT,5.0,PERSONAL,B,3000,11.49,0.04,N,3,1
47267,24,60000,RENT,3.0,PERSONAL,C,6000,12.73,0.1,Y,2,0
47268,40,42000,RENT,5.0,HOMEIMPROVEMENT,B,20000,11.14,0.48,N,14,1
47269,25,62000,MORTGAGE,9.0,PERSONAL,B,10000,10.38,0.16,N,3,0
47270,36,36000,RENT,5.0,EDUCATION,C,10000,15.27,0.28,Y,11,0
47271,30,55000,MORTGAGE,1.0,HOMEIMPROVEMENT,A,14000,9.63,0.25,N,7,0
47272,29,69996,MORTGAGE,11.0,EDUCATION,D,2500,14.91,0.04,Y,8,0
47273,33,90000,RENT,5.0,EDUCATION,A,20000,7.49,0.22,N,5,0
47274,24,35000,RENT,5.0,DEBTCONSOLIDATION,A,7000,8.9,0.2,N,4,0
47275,22,48360,MORTGAGE,7.0,DEBTCONSOLIDATION,A,8500,7.51,0.16,N,2,0
47276,22,36000,RENT,4.0,PERSONAL,D,10000,15.58,0.28,N,4,1
47277,24,40000,RENT,0.0,EDUCATION,A,4000,7.14,0.1,N,4,0
47278,29,42000,RENT,13.0,EDUCATION,A,12000,8.9,0.29,N,10,0
47279,51,130000,RENT,7.0,DEBTCONSOLIDATION,C,12000,13.49,0.09,Y,23,0
47280,31,59500,MORTGAGE,3.0,VENTURE,B,15000,11.83,0.25,N,6,0
47281,24,30000,RENT,3.0,MEDICAL,B,4000,10.36,0.13,N,3,0
47282,30,90000,MORTGAGE,2.0,EDUCATION,A,3000,6.03,0.03,N,7,0
47283,23,48000,MORTGAGE,3.0,VENTURE,A,8000,8.49,0.17,N,2,0
47284,60,107000,OWN,3.0,PERSONAL,A,10000,6.54,0.09,N,24,0
47285,24,98450,RENT,8.0,EDUCATION,C,2800,13.49,0.03,N,2,0
47286,23,42000,RENT,6.0,EDUCATION,A,13000,6.92,0.31,N,3,1
47287,36,145000,MORTGAGE,4.0,DEBTCONSOLIDATION,B,5000,9.62,0.03,N,11,0
47288,27,40000,RENT,0.0,MEDICAL,C,9000,12.87,0.23,Y,8,0
47289,26,35000,RENT,2.0,DEBTCONSOLIDATION,C,2000,14.27,0.06,Y,2,0
47290,28,62000,RENT,3.0,HOMEIMPROVEMENT,B,3000,10.99,0.05,N,9,0
47291,28,122000,RENT,11.0,DEBTCONSOLIDATION,C,15000,13.23,0.12,Y,8,0
47292,21,18000,RENT,1.0,HOMEIMPROVEMENT,C,1500,12.84,0.08,Y,4,1
47293,22,65000,RENT,6.0,EDUCATION,A,10000,7.14,0.15,N,4,0
47294,31,46000,RENT,9.0,MEDICAL,D,8000,15.7,0.17,Y,10,0
47295,42,36000,MORTGAGE,22.0,MEDICAL,A,3600,6.76,0.1,N,12,0
47296,28,125000,MORTGAGE,6.0,MEDICAL,B,4700,11.71,0.04,N,6,0
47297,41,120000,RENT,2.0,PERSONAL,A,13000,7.51,0.11,N,11,0
47298,37,80000,MORTGAGE,0.0,VENTURE,A,5000,6.91,0.06,N,17,0
47299,31,80000,MORTGAGE,5.0,VENTURE,B,15000,11.49,0.19,N,8,0
47300,25,63996,RENT,9.0,VENTURE,B,12000,10.25,0.19,N,4,0
47301,24,100000,MORTGAGE,5.0,DEBTCONSOLIDATION,B,25000,10.99,0.25,N,2,0
47302,24,65000,RENT,1.0,MEDICAL,C,5000,13.98,0.08,Y,4,0
47303,22,62000,MORTGAGE,7.0,EDUCATION,B,10000,11.26,0.16,N,4,0
47304,30,72000,MORTGAGE,11.0,HOMEIMPROVEMENT,B,6000,11.49,0.08,N,6,0
47305,31,70000,RENT,5.0,EDUCATION,C,5000,13.06,0.07,Y,7,0
47306,25,125000,MORTGAGE,3.0,PERSONAL,A,10800,7.88,0.09,N,4,0
47307,23,145008,MORTGAGE,4.0,EDUCATION,A,5000,9.63,0.03,N,3,0
47308,41,100000,MORTGAGE,4.0,EDUCATION,D,25000,12.61,0.25,N,17,1
47309,48,52000,RENT,14.0,EDUCATION,B,16000,12.21,0.31,N,11,1
47310,24,75000,MORTGAGE,4.0,HOMEIMPROVEMENT,D,20000,14.11,0.25,Y,4,0
47311,22,66000,RENT,3.0,EDUCATION,B,6000,10.99,0.09,N,4,1
47312,37,42000,RENT,2.0,VENTURE,A,8000,5.42,0.19,N,15,0
47313,47,102000,RENT,2.0,EDUCATION,D,20000,14.61,0.2,Y,13,1
47314,24,60000,RENT,7.0,MEDICAL,B,5000,11.14,0.08,N,4,0
47315,28,150000,MORTGAGE,1.0,EDUCATION,A,6000,5.79,0.04,N,8,0
47316,25,49000,OWN,3.0,MEDICAL,E,11000,19.03,0.22,Y,4,1
47317,31,60000,RENT,4.0,DEBTCONSOLIDATION,B,12000,9.62,0.2,N,5,0
47318,22,50000,MORTGAGE,7.0,EDUCATION,A,7000,6.92,0.14,N,2,0
47319,33,53000,MORTGAGE,8.0,EDUCATION,C,5000,13.98,0.09,Y,7,0
47320,28,56000,RENT,12.0,VENTURE,C,6000,13.49,0.11,N,9,0
47321,32,130000,MORTGAGE,9.0,PERSONAL,C,7500,10.59,0.06,Y,7,0
47322,33,84000,MORTGAGE,17.0,DEBTCONSOLIDATION,B,18600,12.42,0.24,N,8,0
47323,27,98000,RENT,6.0,HOMEIMPROVEMENT,B,15000,10.99,0.15,N,5,0
47324,23,81000,MORTGAGE,7.0,PERSONAL,A,7750,7.51,0.1,N,4,0
47325,33,55000,MORTGAGE,1.0,MEDICAL,C,9000,13.16,0.16,N,7,0
47326,29,53500,RENT,3.0,DEBTCONSOLIDATION,C,10500,13.43,0.21,N,10,0
47327,26,59000,RENT,0.0,MEDICAL,C,5500,13.99,0.09,Y,4,0
47328,31,65000,MORTGAGE,2.0,VENTURE,A,8000,5.79,0.12,N,9,0
47329,25,56000,OWN,7.0,EDUCATION,B,18500,11.14,0.33,N,4,0
47330,26,80000,OWN,1.0,VENTURE,C,9000,14.65,0.11,N,3,0
47331,25,94200,MORTGAGE,10.0,EDUCATION,A,20000,7.9,0.21,N,3,0
47332,28,60000,OWN,1.0,EDUCATION,D,7000,14.09,0.12,Y,8,0
47333,27,70000,MORTGAGE,11.0,HOMEIMPROVEMENT,A,5600,6.03,0.08,N,10,0
47334,23,78000,RENT,0.0,MEDICAL,B,1600,9.45,0.02,N,4,0
47335,33,45000,MORTGAGE,7.0,VENTURE,A,14000,9.38,0.31,N,9,0
47336,123,36000,MORTGAGE,7.0,PERSONAL,B,6700,10.75,0.18,N,4,0
47337,21,26000,RENT,5.0,EDUCATION,B,6000,10.59,0.23,N,3,0
47338,27,120000,MORTGAGE,11.0,MEDICAL,A,11000,5.42,0.09,N,10,0
47339,22,30000,RENT,5.0,MEDICAL,A,3000,8.9,0.1,N,4,0
47340,22,130000,MORTGAGE,3.0,EDUCATION,D,24000,14.96,0.19,Y,2,0
47341,22,55000,MORTGAGE,6.0,MEDICAL,B,5000,11.11,0.09,N,4,0
47342,27,106000,MORTGAGE,11.0,DEBTCONSOLIDATION,A,3600,6.03,0.04,N,7,0
47343,25,64000,RENT,0.0,DEBTCONSOLIDATION,D,21100,14.11,0.35,Y,2,1
47344,22,36000,RENT,1.0,PERSONAL,A,9000,7.49,0.25,N,3,0
47345,25,50000,MORTGAGE,9.0,PERSONAL,C,4600,13.23,0.09,Y,3,0
47346,39,55000,MORTGAGE,21.0,VENTURE,A,10000,7.51,0.18,N,15,0
47347,27,102000,RENT,11.0,PERSONAL,C,15000,13.85,0.15,N,5,0
47348,28,70000,MORTGAGE,2.0,VENTURE,A,8800,7.29,0.12,N,10,0
47349,34,52000,RENT,2.0,EDUCATION,E,5000,16.32,0.1,N,7,1
47350,27,85000,MORTGAGE,1.0,DEBTCONSOLIDATION,A,8000,7.29,0.09,N,8,0
47351,28,144000,MORTGAGE,12.0,DEBTCONSOLIDATION,B,10000,10.36,0.07,N,5,0
47352,22,40000,MORTGAGE,2.0,EDUCATION,A,6000,7.9,0.15,N,4,0
47353,22,60000,MORTGAGE,5.0,PERSONAL,A,12000,7.51,0.2,N,4,0
47354,22,120000,RENT,6.0,PERSONAL,C,10000,13.61,0.08,N,4,0
47355,24,82440,RENT,4.0,EDUCATION,D,6300,14.61,0.08,Y,3,0
47356,26,50000,RENT,5.0,VENTURE,C,10000,13.49,0.2,Y,2,0
47357,22,52000,RENT,6.0,PERSONAL,B,9000,11.83,0.17,N,2,0
47358,36,40000,OWN,1.0,VENTURE,B,3000,11.49,0.07,N,13,0
47359,23,33600,RENT,2.0,MEDICAL,C,9000,15.96,0.27,Y,3,0
47360,23,120000,MORTGAGE,7.0,PERSONAL,B,7000,10.36,0.06,N,3,0
47361,39,50000,MORTGAGE,1.0,HOMEIMPROVEMENT,A,10000,5.42,0.2,N,14,0
47362,24,40000,RENT,5.0,VENTURE,A,8000,8.94,0.2,N,2,0
47363,30,52000,RENT,1.0,DEBTCONSOLIDATION,C,9000,13.11,0.17,N,5,0
47364,44,65000,RENT,5.0,MEDICAL,A,10000,8.49,0.15,N,12,0
47365,29,39000,RENT,2.0,PERSONAL,C,10000,14.27,0.26,N,7,1
47366,29,60000,RENT,4.0,HOMEIMPROVEMENT,A,8000,6.17,0.13,N,5,0
47367,25,57000,MORTGAGE,9.0,MEDICAL,A,10000,6.03,0.18,N,4,0
47368,22,46000,MORTGAGE,6.0,EDUCATION,B,7000,11.71,0.15,N,2,0
47369,28,65000,OWN,1.0,VENTURE,A,5000,7.68,0.08,N,8,0
47370,29,60000,RENT,1.0,PERSONAL,A,12000,8.94,0.2,N,5,0
47371,26,130000,MORTGAGE,4.0,HOMEIMPROVEMENT,B,14500,10.0,0.11,N,4,0
47372,26,57772,RENT,2.0,VENTURE,B,12000,11.89,0.21,N,4,0
47373,23,33640,MORTGAGE,8.0,EDUCATION,D,12000,15.65,0.36,N,2,0
47374,22,40000,RENT,5.0,VENTURE,B,7000,10.65,0.17,N,2,0
47375,23,75000,MORTGAGE,7.0,EDUCATION,A,7200,7.51,0.09,N,4,0
47376,25,60000,RENT,1.0,DEBTCONSOLIDATION,A,5000,7.88,0.08,N,3,0
47377,25,65600,RENT,2.0,EDUCATION,C,10000,13.48,0.15,Y,2,0
47378,22,55500,MORTGAGE,6.0,EDUCATION,A,2500,7.37,0.04,N,4,0
47379,29,35000,RENT,4.0,VENTURE,A,3000,5.99,0.09,N,7,0
47380,28,54000,RENT,5.0,VENTURE,A,5000,7.51,0.09,N,9,0
47381,26,25000,RENT,2.0,MEDICAL,D,1200,16.07,0.05,Y,3,1
47382,28,120000,MORTGAGE,12.0,PERSONAL,D,5000,14.09,0.04,N,7,0
47383,23,145000,MORTGAGE,7.0,MEDICAL,A,25000,7.29,0.17,N,2,0
47384,24,60000,MORTGAGE,5.0,PERSONAL,B,10000,11.12,0.17,N,2,0
47385,32,50000,OWN,3.0,MEDICAL,A,10000,7.88,0.2,N,10,0
47386,26,32000,RENT,1.0,HOMEIMPROVEMENT,D,4800,14.59,0.15,N,4,1
47387,23,125004,RENT,7.0,EDUCATION,B,24000,9.25,0.19,N,3,0
47388,22,50000,MORTGAGE,2.0,EDUCATION,B,8250,11.14,0.17,N,4,0
47389,29,70000,RENT,1.0,MEDICAL,A,12000,6.91,0.17,N,8,0
47390,30,64000,MORTGAGE,3.0,VENTURE,A,10000,7.29,0.16,N,6,0
47391,30,57000,MORTGAGE,2.0,PERSONAL,B,6000,10.65,0.11,N,9,0
47392,24,135000,MORTGAGE,0.0,MEDICAL,A,18000,9.63,0.13,N,2,0
47393,22,60000,RENT,6.0,MEDICAL,C,12500,14.22,0.21,Y,2,0
47394,22,85000,RENT,6.0,VENTURE,D,35000,15.65,0.41,N,4,1
47395,25,108000,RENT,1.0,EDUCATION,D,25000,15.62,0.23,Y,2,1
47396,36,35000,RENT,2.0,MEDICAL,A,5000,6.03,0.14,N,12,0
47397,27,60000,RENT,6.0,MEDICAL,A,7000,7.88,0.12,N,5,0
47398,26,50000,MORTGAGE,6.0,DEBTCONSOLIDATION,C,2000,13.47,0.04,N,4,0
47399,24,54000,RENT,2.0,DEBTCONSOLIDATION,A,3200,6.62,0.06,N,2,0
47400,27,75000,MORTGAGE,11.0,EDUCATION,B,30000,12.69,0.4,N,10,0
47401,26,100000,MORTGAGE,3.0,VENTURE,A,6000,8.49,0.06,N,2,0
47402,28,130000,MORTGAGE,12.0,HOMEIMPROVEMENT,B,8000,10.59,0.06,N,5,0
47403,37,73426,MORTGAGE,1.0,HOMEIMPROVEMENT,D,13500,14.84,0.19,Y,14,0
47404,24,56000,RENT,8.0,DEBTCONSOLIDATION,C,15000,14.26,0.27,Y,4,0
47405,22,55000,MORTGAGE,6.0,EDUCATION,A,4000,7.88,0.07,N,3,0
47406,29,57000,RENT,2.0,HOMEIMPROVEMENT,A,6000,9.63,0.11,N,10,0
47407,23,60000,RENT,7.0,EDUCATION,C,10000,14.27,0.17,Y,4,0
47408,30,65000,MORTGAGE,4.0,DEBTCONSOLIDATION,B,12000,11.49,0.18,N,5,0
47409,32,65000,MORTGAGE,15.0,PERSONAL,B,8400,9.99,0.13,N,8,0
47410,24,54000,RENT,8.0,EDUCATION,A,28000,6.54,0.5,N,2,1
47411,32,120000,MORTGAGE,4.0,EDUCATION,C,8000,13.72,0.07,N,5,0
47412,22,63000,MORTGAGE,2.0,MEDICAL,A,3000,6.03,0.05,N,4,0
47413,22,55000,MORTGAGE,0.0,EDUCATION,B,10000,9.51,0.18,N,3,0
47414,25,60000,MORTGAGE,7.0,DEBTCONSOLIDATION,C,7000,13.49,0.12,N,2,0
47415,23,65200,MORTGAGE,7.0,EDUCATION,B,7000,10.59,0.11,N,4,0
47416,22,30000,MORTGAGE,6.0,EDUCATION,D,1000,15.21,0.03,Y,4,0
47417,26,86400,MORTGAGE,5.0,VENTURE,A,18000,7.29,0.21,N,2,0
47418,25,46000,RENT,6.0,MEDICAL,B,5000,10.74,0.11,N,3,0
47419,28,70000,RENT,8.0,MEDICAL,B,17000,10.62,0.24,N,6,0
47420,25,54000,RENT,4.0,MEDICAL,B,8000,10.65,0.15,N,2,0
47421,36,60000,RENT,2.0,PERSONAL,C,1800,14.22,0.03,Y,16,0
47422,22,40000,RENT,0.0,EDUCATION,B,8000,10.75,0.2,N,4,0
47423,27,54000,RENT,11.0,VENTURE,D,5000,14.09,0.09,N,6,0
47424,31,36000,RENT,12.0,MEDICAL,A,10000,7.51,0.28,N,9,0
47425,32,100000,RENT,7.0,VENTURE,B,20000,11.71,0.2,N,10,0
47426,37,18000,RENT,0.0,EDUCATION,B,6000,11.49,0.33,N,15,1
47427,22,38000,RENT,0.0,EDUCATION,A,10000,7.66,0.26,N,3,0
47428,22,36000,MORTGAGE,6.0,PERSONAL,D,7000,12.61,0.19,N,2,0
47429,22,60000,MORTGAGE,3.0,PERSONAL,B,8000,11.11,0.13,N,2,0
47430,28,43200,RENT,1.0,PERSONAL,B,5000,9.96,0.12,N,9,0
47431,25,53004,RENT,9.0,HOMEIMPROVEMENT,A,10000,5.79,0.19,N,4,0
47432,22,42000,RENT,2.0,DEBTCONSOLIDATION,B,10000,10.59,0.24,N,4,0
47433,26,85000,RENT,3.0,VENTURE,C,25000,12.73,0.29,N,3,0
47434,24,28000,RENT,8.0,DEBTCONSOLIDATION,A,5000,6.99,0.02,N,4,0
47435,36,42000,RENT,2.0,HOMEIMPROVEMENT,E,8000,18.79,0.19,N,15,1
47436,32,24000,RENT,0.0,MEDICAL,B,5000,10.99,0.21,N,9,0
47437,23,60000,MORTGAGE,3.0,EDUCATION,A,8000,7.49,0.13,N,2,0
47438,24,40000,OWN,8.0,PERSONAL,B,2800,11.36,0.07,N,4,0
47439,27,48000,RENT,2.0,PERSONAL,C,1000,12.68,0.02,N,10,0
47440,21,65004,RENT,0.0,EDUCATION,B,12500,10.99,0.19,N,3,0
47441,42,100000,RENT,8.0,EDUCATION,C,18000,13.98,0.18,Y,12,0
47442,25,180000,OWN,2.0,EDUCATION,B,14000,12.18,0.08,N,4,0
47443,28,85000,MORTGAGE,2.0,HOMEIMPROVEMENT,A,8000,7.51,0.09,N,8,0
47444,33,70000,RENT,1.0,EDUCATION,A,21600,6.54,0.3,N,7,0
47445,31,33000,RENT,2.0,PERSONAL,C,3000,11.03,0.1,Y,10,0
47446,38,38400,MORTGAGE,3.0,VENTURE,B,7500,10.37,0.2,N,14,0
47447,22,110000,MORTGAGE,6.0,VENTURE,A,14400,7.66,0.13,N,4,0
47448,22,48000,RENT,7.0,EDUCATION,B,5000,10.99,0.1,N,4,0
47449,26,70000,MORTGAGE,0.0,HOMEIMPROVEMENT,D,12000,14.42,0.17,N,2,0
47450,25,50004,RENT,2.0,MEDICAL,C,9000,9.32,0.18,N,4,0
47451,22,100000,RENT,6.0,VENTURE,D,12000,15.7,0.12,N,2,0
47452,28,78000,MORTGAGE,6.0,DEBTCONSOLIDATION,D,25000,15.95,0.32,Y,9,1
47453,22,39000,RENT,1.0,PERSONAL,B,3200,10.51,0.08,N,2,0
47454,23,28000,RENT,0.0,DEBTCONSOLIDATION,C,2400,13.72,0.09,N,2,0
47455,27,58000,MORTGAGE,4.0,DEBTCONSOLIDATION,D,25000,14.09,0.43,Y,9,1
47456,21,66000,OWN,5.0,VENTURE,A,6000,6.99,0.09,N,4,0
47457,33,85596,MORTGAGE,6.0,VENTURE,B,6000,10.0,0.07,N,5,0
47458,26,83004,RENT,7.0,VENTURE,A,5450,7.9,0.07,N,2,0
47459,27,148000,MORTGAGE,2.0,HOMEIMPROVEMENT,A,10000,8.94,0.07,N,5,1
47460,22,30000,RENT,6.0,MEDICAL,D,10000,15.21,0.33,Y,3,1
47461,22,60000,RENT,4.0,EDUCATION,C,11200,12.99,0.19,Y,4,0
47462,31,110000,MORTGAGE,4.0,HOMEIMPROVEMENT,A,6000,8.0,0.05,N,10,0
47463,27,75000,RENT,6.0,HOMEIMPROVEMENT,A,10000,7.29,0.13,N,5,0
47464,24,60000,MORTGAGE,8.0,MEDICAL,A,3000,7.4,0.05,N,3,0
47465,26,41400,RENT,6.0,DEBTCONSOLIDATION,C,9600,13.98,0.23,N,2,1
47466,26,75000,MORTGAGE,10.0,EDUCATION,B,14400,9.25,0.19,N,3,0
47467,24,28000,RENT,0.0,VENTURE,A,3500,5.79,0.13,N,4,0
47468,39,24000,RENT,0.0,PERSONAL,D,3000,14.12,0.13,N,12,1
47469,24,109000,MORTGAGE,8.0,VENTURE,A,16000,7.51,0.15,N,3,0
47470,24,65000,MORTGAGE,3.0,EDUCATION,C,8000,13.06,0.12,Y,2,0
47471,23,92000,RENT,1.0,EDUCATION,A,4800,5.42,0.05,N,3,0
47472,22,45000,RENT,6.0,DEBTCONSOLIDATION,A,16000,7.9,0.36,N,4,1
47473,24,42000,MORTGAGE,0.0,HOMEIMPROVEMENT,A,3000,6.76,0.07,N,4,0
47474,28,91800,MORTGAGE,5.0,MEDICAL,D,16000,14.84,0.15,N,8,1
47475,29,98000,MORTGAGE,5.0,DEBTCONSOLIDATION,D,5000,15.99,0.05,N,7,1
47476,26,48000,MORTGAGE,3.0,DEBTCONSOLIDATION,C,5000,12.99,0.1,Y,4,0
47477,32,60000,RENT,2.0,HOMEIMPROVEMENT,B,15000,11.71,0.25,N,10,0
47478,27,80000,RENT,3.0,EDUCATION,A,4800,7.49,0.06,N,6,0
47479,22,63000,MORTGAGE,5.0,PERSONAL,A,5500,5.42,0.09,N,3,0
47480,24,70000,RENT,3.0,VENTURE,B,10000,12.18,0.14,N,2,0
47481,28,60000,MORTGAGE,7.0,EDUCATION,A,20000,7.9,0.33,N,6,0
47482,24,45000,RENT,2.0,EDUCATION,A,15000,7.9,0.34,N,2,1
47483,26,86004,MORTGAGE,1.0,DEBTCONSOLIDATION,C,4500,13.92,0.05,N,4,1
47484,28,33600,RENT,2.0,MEDICAL,A,4200,7.49,0.13,N,9,0
47485,25,45000,RENT,4.0,MEDICAL,A,5000,6.99,0.11,N,4,0
47486,33,95000,MORTGAGE,5.0,EDUCATION,A,35000,7.9,0.37,N,6,0
47487,26,56004,OWN,7.0,PERSONAL,D,9000,17.58,0.16,N,4,0
47488,22,60000,MORTGAGE,5.0,VENTURE,B,13000,11.49,0.22,N,4,0
47489,24,30000,RENT,2.0,DEBTCONSOLIDATION,B,8000,12.42,0.27,N,4,0
47490,27,55000,RENT,8.0,EDUCATION,B,4800,11.48,0.09,N,5,0
47491,24,70000,RENT,0.0,MEDICAL,C,10000,13.98,0.14,Y,4,0
47492,38,65000,MORTGAGE,15.0,PERSONAL,C,10000,13.99,0.15,Y,15,0
47493,41,77000,RENT,8.0,MEDICAL,A,17000,6.91,0.22,N,17,0
47494,32,25000,RENT,0.0,MEDICAL,B,3000,9.99,0.12,N,7,0
47495,37,55000,MORTGAGE,9.0,HOMEIMPROVEMENT,A,6250,7.74,0.12,N,14,0
47496,27,60000,MORTGAGE,5.0,DEBTCONSOLIDATION,B,15000,10.99,0.25,N,8,0
47497,25,70000,MORTGAGE,9.0,VENTURE,A,5000,5.42,0.07,N,3,0
47498,32,60000,MORTGAGE,1.0,HOMEIMPROVEMENT,C,8000,12.98,0.13,Y,10,0
47499,33,55000,RENT,4.0,EDUCATION,A,12500,7.51,0.23,N,8,0
47500,23,50000,RENT,1.0,EDUCATION,C,7500,13.8,0.15,N,4,0
47501,24,120000,MORTGAGE,3.0,HOMEIMPROVEMENT,A,5000,7.68,0.04,N,3,0
47502,26,50000,RENT,11.0,PERSONAL,D,10000,16.89,0.2,Y,3,0
47503,22,38000,RENT,5.0,EDUCATION,A,7200,5.79,0.19,N,2,0
47504,31,95000,MORTGAGE,4.0,HOMEIMPROVEMENT,D,10000,16.89,0.11,N,9,0
47505,27,50000,RENT,1.0,DEBTCONSOLIDATION,D,12000,15.58,0.24,N,10,1
47506,24,84000,MORTGAGE,8.0,VENTURE,A,12000,7.29,0.14,N,3,0
47507,27,60000,MORTGAGE,0.0,EDUCATION,A,6000,8.0,0.1,N,9,0
47508,25,42000,MORTGAGE,3.0,MEDICAL,A,6500,7.29,0.15,N,2,0
47509,24,39000,RENT,1.0,VENTURE,D,3600,15.7,0.09,Y,2,1
47510,23,68000,RENT,2.0,VENTURE,B,10000,10.0,0.15,N,2,0
47511,24,70000,MORTGAGE,9.0,PERSONAL,A,10000,6.92,0.14,N,3,0
47512,26,58000,RENT,1.0,MEDICAL,A,6000,7.49,0.1,N,4,0
47513,42,120000,RENT,6.0,MEDICAL,B,25000,10.99,0.21,N,11,0
47514,24,50000,RENT,8.0,HOMEIMPROVEMENT,A,3000,7.49,0.06,N,3,0
47515,34,38000,RENT,1.0,DEBTCONSOLIDATION,C,11000,13.47,0.31,Y,10,1
47516,25,48000,RENT,3.0,VENTURE,D,5000,14.96,0.1,Y,2,0
47517,23,41124,RENT,7.0,DEBTCONSOLIDATION,A,6000,7.49,0.15,N,2,0
47518,30,39000,RENT,0.0,MEDICAL,C,6000,15.23,0.15,Y,5,1
47519,22,45000,RENT,6.0,MEDICAL,A,5000,7.51,0.11,N,2,0
47520,37,50000,RENT,0.0,DEBTCONSOLIDATION,C,5275,12.53,0.11,N,16,0
47521,24,92000,MORTGAGE,5.0,DEBTCONSOLIDATION,B,20000,11.36,0.22,N,4,0
47522,24,46000,MORTGAGE,3.0,PERSONAL,A,9600,7.49,0.21,N,4,0
47523,35,37000,RENT,2.0,MEDICAL,A,10000,7.88,0.27,N,5,0
47524,23,39000,RENT,1.0,PERSONAL,E,9600,19.29,0.25,Y,4,1
47525,26,50000,RENT,7.0,DEBTCONSOLIDATION,C,11600,13.22,0.23,N,3,0
47526,30,138000,MORTGAGE,6.0,EDUCATION,B,4000,11.86,0.03,N,10,0
47527,25,60000,MORTGAGE,1.0,DEBTCONSOLIDATION,B,6000,12.21,0.1,N,4,0
47528,23,100000,RENT,0.0,EDUCATION,A,15000,9.63,0.15,N,4,0
47529,24,38400,RENT,8.0,MEDICAL,C,2000,14.22,0.05,Y,4,0
47530,27,55000,MORTGAGE,4.0,PERSONAL,A,10000,7.29,0.18,N,8,0
47531,24,78000,OWN,4.0,PERSONAL,A,12000,6.62,0.15,N,2,0
47532,41,57000,MORTGAGE,27.0,PERSONAL,C,5000,14.72,0.09,Y,13,0
47533,23,60000,RENT,5.0,EDUCATION,C,14000,13.49,0.23,N,4,0
47534,23,72000,RENT,7.0,EDUCATION,A,5000,8.49,0.07,N,2,0
47535,27,56000,MORTGAGE,7.0,EDUCATION,A,2000,5.42,0.04,N,7,0
47536,22,60000,RENT,0.0,EDUCATION,A,12000,5.79,0.2,N,3,0
47537,31,34000,RENT,4.0,VENTURE,B,12000,10.25,0.36,N,9,1
47538,29,85200,RENT,5.0,VENTURE,D,30000,14.91,0.34,Y,7,1
47539,42,75000,RENT,5.0,HOMEIMPROVEMENT,B,20000,10.74,0.27,N,14,0
47540,29,55000,RENT,3.0,DEBTCONSOLIDATION,B,12000,10.99,0.22,N,9,0
47541,30,70000,MORTGAGE,8.0,EDUCATION,A,5000,6.99,0.07,N,5,0
47542,23,28000,OWN,4.0,VENTURE,B,4000,11.48,0.14,N,4,0
47543,26,36000,MORTGAGE,4.0,MEDICAL,A,7000,7.9,0.19,N,3,0
47544,22,48000,RENT,1.0,PERSONAL,B,5000,9.99,0.1,N,3,0
47545,29,29004,RENT,2.0,PERSONAL,B,10000,11.83,0.34,N,6,1
47546,30,55000,RENT,1.0,HOMEIMPROVEMENT,A,3000,5.42,0.05,N,6,0
47547,31,122000,MORTGAGE,3.0,EDUCATION,B,15000,11.86,0.12,N,6,0
47548,23,28800,RENT,7.0,EDUCATION,A,9000,8.9,0.31,N,4,1
47549,41,50000,RENT,0.0,MEDICAL,A,4000,7.14,0.08,N,11,0
47550,24,43000,OWN,8.0,EDUCATION,B,14400,9.25,0.34,N,2,0
47551,23,85000,RENT,8.0,EDUCATION,B,15000,10.36,0.18,N,3,0
47552,22,39000,RENT,6.0,EDUCATION,D,16000,16.29,0.41,Y,3,1
47553,29,65000,RENT,7.0,VENTURE,A,5000,7.88,0.08,N,8,0
47554,30,50000,RENT,3.0,DEBTCONSOLIDATION,C,3000,14.27,0.06,N,8,0
47555,26,95000,MORTGAGE,10.0,PERSONAL,B,5000,11.99,0.05,N,3,0
47556,28,42000,RENT,2.0,PERSONAL,B,4000,10.37,0.1,N,7,0
47557,39,55000,OWN,6.0,MEDICAL,A,3600,8.9,0.07,N,14,0
47558,23,73500,RENT,7.0,MEDICAL,C,15000,13.16,0.2,Y,2,0
47559,22,30000,MORTGAGE,3.0,PERSONAL,D,3900,15.62,0.13,Y,2,0
47560,27,72000,MORTGAGE,11.0,MEDICAL,B,6000,10.65,0.08,N,6,0
47561,27,55000,RENT,5.0,VENTURE,A,6000,5.42,0.11,N,5,0
47562,28,125004,MORTGAGE,4.0,VENTURE,A,12000,7.68,0.1,N,7,0
47563,29,144000,MORTGAGE,2.0,HOMEIMPROVEMENT,E,18000,17.74,0.13,N,7,0
47564,27,60000,RENT,1.0,HOMEIMPROVEMENT,B,20000,11.99,0.33,N,10,0
47565,30,55000,RENT,8.0,PERSONAL,B,5000,11.49,0.09,N,10,0
47566,21,40000,RENT,5.0,EDUCATION,B,7000,9.25,0.17,N,2,0
47567,58,70000,MORTGAGE,6.0,PERSONAL,A,8000,6.99,0.11,N,30,0
47568,27,49000,MORTGAGE,11.0,MEDICAL,A,7000,5.42,0.14,N,6,0
47569,22,54996,MORTGAGE,1.0,VENTURE,A,15000,9.63,0.28,N,3,0
47570,24,90000,RENT,5.0,PERSONAL,C,14000,13.06,0.15,Y,4,0
47571,23,90000,MORTGAGE,3.0,VENTURE,B,24250,10.62,0.27,N,3,0
47572,22,24000,RENT,4.0,EDUCATION,A,5000,7.49,0.21,N,4,0
47573,26,80000,MORTGAGE,1.0,MEDICAL,A,13000,6.91,0.16,N,4,0
47574,22,19200,RENT,0.0,VENTURE,A,2000,8.59,0.1,N,3,0
47575,42,40000,MORTGAGE,5.0,VENTURE,A,9000,8.49,0.23,N,16,0
47576,32,40000,RENT,5.0,EDUCATION,C,5000,14.27,0.13,Y,7,0
47577,36,42000,RENT,2.0,PERSONAL,A,4000,5.79,0.1,N,13,0
47578,31,30000,RENT,2.0,MEDICAL,B,3000,10.95,0.1,N,7,0
47579,24,70000,MORTGAGE,8.0,VENTURE,A,13000,7.88,0.19,N,3,0
47580,26,58000,RENT,9.0,MEDICAL,A,4000,7.14,0.07,N,2,0
47581,23,90000,MORTGAGE,4.0,EDUCATION,B,4800,9.25,0.05,N,2,0
47582,25,70000,RENT,0.0,MEDICAL,E,5000,16.45,0.06,Y,3,1
47583,31,70000,MORTGAGE,2.0,EDUCATION,B,15000,11.89,0.21,N,6,0
47584,25,60000,MORTGAGE,0.0,VENTURE,B,16000,12.21,0.27,N,3,0
47585,23,35000,RENT,7.0,VENTURE,C,15000,13.48,0.42,Y,3,1
47586,27,50000,MORTGAGE,7.0,EDUCATION,A,7200,7.29,0.14,N,10,0
47587,29,50000,MORTGAGE,7.0,DEBTCONSOLIDATION,B,8000,11.71,0.16,N,10,0
47588,44,200000,MORTGAGE,12.0,PERSONAL,A,6000,5.42,0.03,N,12,0
47589,22,55000,MORTGAGE,7.0,MEDICAL,D,10000,16.49,0.18,Y,3,1
47590,25,24000,RENT,2.0,DEBTCONSOLIDATION,A,10000,7.14,0.42,N,3,1
47591,34,54996,RENT,3.0,HOMEIMPROVEMENT,B,5000,11.14,0.09,N,9,0
47592,29,60000,RENT,1.0,VENTURE,C,5000,13.49,0.08,Y,6,0
47593,23,33276,RENT,2.0,EDUCATION,A,7000,7.29,0.21,N,4,0
47594,23,98000,MORTGAGE,6.0,PERSONAL,E,20000,16.4,0.21,Y,3,0
47595,30,34000,RENT,4.0,MEDICAL,B,2400,12.42,0.07,N,10,0
47596,30,32004,RENT,4.0,VENTURE,A,5500,8.0,0.17,N,5,0
47597,55,48000,RENT,0.0,VENTURE,C,14000,13.48,0.29,N,27,0
47598,29,90000,MORTGAGE,13.0,HOMEIMPROVEMENT,C,15000,12.53,0.17,Y,10,0
47599,26,51000,MORTGAGE,10.0,DEBTCONSOLIDATION,A,13500,7.14,0.26,N,3,0
47600,25,50000,RENT,9.0,HOMEIMPROVEMENT,A,10000,7.51,0.2,N,3,0
47601,22,60000,RENT,0.0,DEBTCONSOLIDATION,A,6000,8.9,0.1,N,2,0
47602,39,73000,MORTGAGE,3.0,EDUCATION,B,10500,11.86,0.14,N,14,0
47603,29,54000,RENT,2.0,DEBTCONSOLIDATION,D,3000,15.05,0.06,N,7,1
47604,29,90000,RENT,5.0,HOMEIMPROVEMENT,B,7000,12.69,0.08,N,9,0
47605,23,45000,RENT,7.0,VENTURE,B,16000,11.83,0.36,N,4,1
47606,22,28800,RENT,2.0,MEDICAL,B,1200,11.83,0.04,N,2,0
47607,30,110000,MORTGAGE,0.0,EDUCATION,A,18500,7.49,0.17,N,8,0
47608,53,36000,RENT,0.0,MEDICAL,B,10000,10.37,0.28,N,30,0
47609,34,84000,MORTGAGE,3.0,EDUCATION,A,10000,7.88,0.12,N,6,0
47610,23,40000,RENT,0.0,EDUCATION,C,12000,12.68,0.3,N,3,0
47611,29,35000,RENT,0.0,MEDICAL,C,10000,13.22,0.29,N,7,0
47612,29,40000,RENT,5.0,PERSONAL,B,3350,11.49,0.08,N,7,0
47613,24,57500,RENT,2.0,EDUCATION,B,2525,10.59,0.04,N,4,0
47614,22,36000,OWN,2.0,EDUCATION,C,5000,13.22,0.14,N,2,0
47615,23,24000,RENT,2.0,DEBTCONSOLIDATION,B,8000,10.37,0.33,N,4,1
47616,24,105000,MORTGAGE,3.0,DEBTCONSOLIDATION,B,7200,10.74,0.07,N,2,0
47617,25,120000,MORTGAGE,1.0,PERSONAL,C,25000,12.87,0.21,Y,4,0
47618,22,30000,RENT,1.0,EDUCATION,B,5000,12.18,0.17,N,3,0
47619,24,42000,RENT,8.0,PERSONAL,C,2500,13.98,0.06,N,3,0
47620,27,80800,MORTGAGE,11.0,VENTURE,A,12000,6.03,0.15,N,5,0
47621,25,175000,MORTGAGE,5.0,HOMEIMPROVEMENT,C,24000,12.73,0.14,Y,2,0
47622,23,57600,MORTGAGE,7.0,DEBTCONSOLIDATION,A,5000,5.79,0.09,N,3,0
47623,37,28800,RENT,0.0,MEDICAL,A,8000,8.59,0.28,N,15,0
47624,25,80000,MORTGAGE,8.0,VENTURE,B,2500,11.86,0.03,N,2,0
47625,30,36000,MORTGAGE,14.0,EDUCATION,B,8000,9.99,0.22,N,10,0
47626,24,72000,RENT,5.0,MEDICAL,B,4000,11.86,0.06,N,4,0
47627,26,150000,OWN,5.0,VENTURE,B,35000,10.59,0.23,N,2,0
47628,31,34000,RENT,0.0,MEDICAL,B,4600,9.91,0.14,N,7,0
47629,23,48000,MORTGAGE,1.0,PERSONAL,C,7000,12.53,0.15,Y,2,0
47630,29,25000,MORTGAGE,5.0,MEDICAL,A,8000,7.88,0.32,N,6,0
47631,23,36000,RENT,3.0,MEDICAL,C,5000,13.92,0.14,N,2,0
47632,32,33000,OWN,0.0,HOMEIMPROVEMENT,D,3600,16.02,0.11,N,9,0
47633,37,60000,RENT,0.0,PERSONAL,C,8000,13.22,0.13,N,13,0
47634,30,110000,MORTGAGE,4.0,DEBTCONSOLIDATION,A,12000,6.03,0.11,N,10,0
47635,26,51600,MORTGAGE,0.0,MEDICAL,D,1600,15.28,0.03,N,3,1
47636,22,66000,MORTGAGE,6.0,EDUCATION,A,10000,7.88,0.15,N,2,0
47637,29,80000,MORTGAGE,13.0,PERSONAL,A,12000,5.42,0.15,N,8,0
47638,23,30000,MORTGAGE,0.0,DEBTCONSOLIDATION,A,6000,7.14,0.2,N,2,0
47639,39,90000,RENT,5.0,PERSONAL,A,10000,7.88,0.11,N,11,0
47640,23,29000,OWN,6.0,MEDICAL,B,2400,9.62,0.08,N,2,0
47641,23,80000,OWN,5.0,DEBTCONSOLIDATION,A,6000,5.42,0.07,N,2,0
47642,23,42000,MORTGAGE,7.0,VENTURE,B,8000,10.65,0.19,N,2,0
47643,22,43200,MORTGAGE,6.0,EDUCATION,A,5000,7.49,0.12,N,4,0
47644,34,65000,RENT,3.0,PERSONAL,A,10000,8.94,0.15,N,8,0
47645,22,44000,MORTGAGE,6.0,EDUCATION,A,1500,6.92,0.03,N,4,0
47646,28,68000,RENT,4.0,EDUCATION,B,15000,11.48,0.22,N,5,0
47647,34,120000,RENT,18.0,DEBTCONSOLIDATION,B,16000,10.99,0.13,N,10,0
47648,38,60000,RENT,2.0,DEBTCONSOLIDATION,B,6000,10.95,0.1,N,11,0
47649,29,60000,RENT,3.0,HOMEIMPROVEMENT,A,15000,7.88,0.25,N,6,0
47650,32,45000,MORTGAGE,8.0,HOMEIMPROVEMENT,A,8000,9.63,0.18,N,6,0
47651,23,124800,MORTGAGE,3.0,EDUCATION,A,7500,7.29,0.06,N,3,0
47652,24,60000,MORTGAGE,8.0,DEBTCONSOLIDATION,B,10000,9.88,0.17,N,4,0
47653,33,96000,OTHER,3.0,DEBTCONSOLIDATION,C,12000,13.61,0.13,N,8,0
47654,22,28000,OWN,0.0,VENTURE,A,7500,6.92,0.28,N,3,0
47655,24,30000,RENT,2.0,MEDICAL,B,10000,10.99,0.33,N,3,1
47656,32,98400,MORTGAGE,7.0,EDUCATION,A,8000,7.29,0.09,N,9,0
47657,44,62000,MORTGAGE,1.0,EDUCATION,B,12000,10.37,0.19,N,11,0
47658,33,72000,MORTGAGE,17.0,HOMEIMPROVEMENT,A,10000,6.03,0.14,N,7,0
47659,22,50000,MORTGAGE,1.0,EDUCATION,A,15000,6.54,0.3,N,3,0
47660,48,50000,MORTGAGE,7.0,PERSONAL,B,11000,10.99,0.22,N,11,0
47661,26,141996,MORTGAGE,10.0,HOMEIMPROVEMENT,A,15000,6.17,0.11,N,4,0
47662,34,32400,RENT,1.0,MEDICAL,B,3000,11.49,0.09,N,9,0
47663,29,220000,MORTGAGE,0.0,EDUCATION,A,2000,7.88,0.01,N,9,0
47664,27,34000,RENT,0.0,VENTURE,C,6000,14.26,0.18,N,10,1
47665,25,46000,RENT,4.0,DEBTCONSOLIDATION,A,14550,7.51,0.32,N,2,1
47666,24,30000,RENT,6.0,DEBTCONSOLIDATION,A,6000,7.51,0.2,N,2,0
47667,25,48000,OWN,4.0,EDUCATION,A,3000,5.79,0.06,N,4,0
47668,23,60000,MORTGAGE,5.0,EDUCATION,A,12000,5.79,0.2,N,2,0
47669,26,130000,MORTGAGE,1.0,HOMEIMPROVEMENT,C,24000,12.87,0.19,Y,3,0
47670,26,75000,RENT,6.0,HOMEIMPROVEMENT,B,10000,10.74,0.13,N,4,0
47671,23,44000,RENT,1.0,DEBTCONSOLIDATION,C,10000,13.49,0.23,Y,4,0
47672,25,100000,MORTGAGE,0.0,MEDICAL,B,15000,11.48,0.15,N,3,0
47673,22,60000,MORTGAGE,5.0,MEDICAL,B,12000,10.99,0.2,N,2,0
47674,29,50000,RENT,4.0,HOMEIMPROVEMENT,A,2500,6.17,0.05,N,8,0
47675,24,40000,RENT,5.0,VENTURE,A,7000,7.4,0.17,N,3,0
47676,37,36120,RENT,0.0,MEDICAL,C,2800,12.87,0.08,Y,16,0
47677,34,30000,OWN,0.0,VENTURE,B,3000,11.71,0.1,N,7,0
47678,22,63000,MORTGAGE,6.0,EDUCATION,A,3600,7.29,0.06,N,2,0
47679,25,54000,RENT,2.0,VENTURE,C,10000,13.49,0.19,N,2,1
47680,22,100000,RENT,3.0,VENTURE,C,12000,15.27,0.12,N,2,0
47681,27,30000,RENT,2.0,EDUCATION,B,10000,12.21,0.33,N,9,1
47682,27,117400,MORTGAGE,2.0,EDUCATION,C,15000,13.49,0.13,N,7,0
47683,24,35000,OWN,4.0,PERSONAL,A,10000,7.51,0.29,N,3,0
47684,23,76000,RENT,2.0,EDUCATION,B,13500,10.59,0.18,N,4,0
47685,28,75000,RENT,4.0,MEDICAL,B,2000,11.49,0.03,N,5,0
47686,24,36000,MORTGAGE,1.0,HOMEIMPROVEMENT,B,5000,11.49,0.14,N,4,1
47687,37,65000,RENT,2.0,DEBTCONSOLIDATION,A,3600,7.51,0.06,N,16,0
47688,22,85000,MORTGAGE,6.0,VENTURE,C,5500,13.49,0.06,Y,2,0
47689,22,42000,MORTGAGE,6.0,MEDICAL,A,4000,5.79,0.1,N,4,0
47690,28,98400,MORTGAGE,12.0,PERSONAL,A,1500,5.42,0.02,N,6,0
47691,30,24414,RENT,0.0,MEDICAL,A,5000,6.91,0.2,N,4,0
47692,22,30000,RENT,0.0,PERSONAL,C,6000,14.22,0.2,Y,4,0
47693,26,58000,RENT,5.0,EDUCATION,A,1800,8.59,0.03,N,4,0
47694,26,30720,RENT,3.0,MEDICAL,B,10000,11.83,0.33,N,2,1
47695,23,44004,RENT,0.0,MEDICAL,D,12800,15.62,0.27,N,2,1
47696,24,52000,MORTGAGE,8.0,MEDICAL,C,8000,14.72,0.15,N,4,0
47697,24,69996,MORTGAGE,8.0,PERSONAL,A,3000,6.39,0.05,N,3,0
47698,25,33000,MORTGAGE,9.0,DEBTCONSOLIDATION,A,8400,6.99,0.26,N,4,0
47699,26,40000,RENT,1.0,DEBTCONSOLIDATION,B,6000,10.99,0.15,N,2,0
47700,23,69000,OWN,7.0,MEDICAL,B,9000,10.99,0.13,N,2,0
47701,22,80000,MORTGAGE,6.0,MEDICAL,B,18000,12.42,0.22,N,4,0
47702,29,48000,MORTGAGE,5.0,PERSONAL,C,6000,13.49,0.13,N,9,0
47703,26,73000,RENT,2.0,DEBTCONSOLIDATION,A,10000,7.66,0.14,N,4,0
47704,31,87500,MORTGAGE,2.0,EDUCATION,A,10000,6.76,0.11,N,10,0
47705,24,54000,MORTGAGE,8.0,DEBTCONSOLIDATION,A,8500,7.14,0.16,N,2,0
47706,22,60000,MORTGAGE,5.0,PERSONAL,B,15000,12.42,0.25,N,4,0
47707,24,50000,RENT,4.0,DEBTCONSOLIDATION,B,10000,10.37,0.2,N,2,0
47708,22,30000,RENT,6.0,EDUCATION,A,6000,8.94,0.2,N,2,0
47709,26,90000,MORTGAGE,0.0,HOMEIMPROVEMENT,D,20000,14.96,0.22,Y,3,0
47710,27,30000,OWN,1.0,VENTURE,A,4000,7.29,0.13,N,7,0
47711,36,42000,RENT,14.0,MEDICAL,A,8000,5.42,0.19,N,17,0
47712,22,30000,RENT,2.0,VENTURE,B,6200,9.91,0.2,N,2,0
47713,32,60000,RENT,4.0,EDUCATION,C,6400,14.65,0.11,N,10,0
47714,22,80000,MORTGAGE,4.0,EDUCATION,A,8000,7.9,0.1,N,2,0
47715,24,92000,MORTGAGE,8.0,VENTURE,A,6000,7.51,0.07,N,2,0
47716,22,44000,MORTGAGE,6.0,VENTURE,B,5000,10.65,0.11,N,3,1
47717,34,54000,RENT,5.0,EDUCATION,D,6000,14.46,0.11,N,10,0
47718,33,50000,RENT,8.0,VENTURE,B,7000,9.91,0.14,N,8,0
47719,29,71500,MORTGAGE,3.0,HOMEIMPROVEMENT,C,6000,13.57,0.08,N,5,0
47720,30,55000,MORTGAGE,5.0,PERSONAL,A,8000,6.62,0.15,N,7,0
47721,23,40000,RENT,1.0,DEBTCONSOLIDATION,C,7000,13.85,0.17,N,3,0
47722,29,120000,MORTGAGE,1.0,PERSONAL,B,6000,10.99,0.05,N,9,0
47723,25,49200,RENT,5.0,VENTURE,B,4000,10.08,0.08,N,4,0
47724,22,60000,RENT,4.0,DEBTCONSOLIDATION,B,4000,11.12,0.07,N,2,0
47725,27,64900,MORTGAGE,11.0,MEDICAL,A,14000,7.9,0.21,N,6,0
47726,31,50000,RENT,0.0,VENTURE,C,6500,12.53,0.13,N,9,0
47727,22,52000,MORTGAGE,3.0,MEDICAL,D,8000,15.62,0.15,N,3,1
47728,37,42000,RENT,2.0,VENTURE,B,8500,10.99,0.2,N,16,0
47729,24,100000,MORTGAGE,8.0,HOMEIMPROVEMENT,A,12000,5.42,0.12,N,4,0
47730,21,39900,RENT,0.0,EDUCATION,A,12000,7.9,0.3,N,3,0
47731,23,30000,RENT,0.0,PERSONAL,A,4000,6.17,0.13,N,3,0
47732,27,65000,MORTGAGE,11.0,PERSONAL,D,6000,15.99,0.09,Y,5,0
47733,25,44412,MORTGAGE,3.0,PERSONAL,C,12000,13.61,0.27,Y,2,0
47734,25,112500,RENT,8.0,PERSONAL,D,24000,16.29,0.22,N,4,0
47735,31,70000,MORTGAGE,6.0,VENTURE,A,6000,7.49,0.09,N,9,0
47736,27,37000,RENT,8.0,MEDICAL,A,7000,7.9,0.19,N,9,0
47737,31,51298,RENT,5.0,DEBTCONSOLIDATION,B,1000,9.99,0.02,N,6,0
47738,22,48000,RENT,0.0,EDUCATION,A,6000,8.59,0.13,N,2,0
47739,22,40000,MORTGAGE,0.0,EDUCATION,B,12000,11.71,0.3,N,2,0
47740,25,45000,MORTGAGE,4.0,VENTURE,A,5000,7.51,0.11,N,3,0
47741,26,45000,RENT,1.0,PERSONAL,D,13250,17.58,0.29,Y,2,1
47742,23,75000,RENT,0.0,VENTURE,A,10000,6.99,0.13,N,3,0
47743,23,60000,RENT,5.0,DEBTCONSOLIDATION,B,10000,10.99,0.17,N,2,0
47744,27,95000,RENT,6.0,EDUCATION,A,12000,9.63,0.13,N,8,0
47745,27,60000,RENT,2.0,MEDICAL,C,15000,13.49,0.25,Y,10,0
47746,24,72000,RENT,9.0,PERSONAL,B,30750,11.83,0.51,N,2,1
47747,25,130000,MORTGAGE,6.0,VENTURE,B,2500,9.91,0.02,N,3,0
47748,24,40000,RENT,8.0,EDUCATION,B,10000,12.69,0.25,N,2,0
47749,25,80000,MORTGAGE,9.0,VENTURE,B,10800,10.59,0.13,N,3,0
47750,28,64404,RENT,5.0,DEBTCONSOLIDATION,A,12000,8.49,0.19,N,5,1
47751,26,32400,RENT,1.0,HOMEIMPROVEMENT,B,8000,11.11,0.25,N,3,0
47752,28,62400,MORTGAGE,7.0,HOMEIMPROVEMENT,A,12000,6.03,0.19,N,7,0
47753,29,80000,MORTGAGE,13.0,VENTURE,F,15000,15.76,0.19,N,8,0
47754,24,90000,MORTGAGE,8.0,PERSONAL,A,14000,6.17,0.16,N,4,0
47755,38,95000,MORTGAGE,2.0,HOMEIMPROVEMENT,B,15000,10.37,0.16,N,11,0
47756,27,55000,RENT,0.0,HOMEIMPROVEMENT,C,10000,13.61,0.18,N,6,0
47757,22,50000,MORTGAGE,6.0,PERSONAL,C,6000,12.99,0.12,N,3,0
47758,21,37200,RENT,2.0,VENTURE,A,7000,7.88,0.19,N,3,0
47759,23,85000,RENT,3.0,DEBTCONSOLIDATION,A,12000,7.9,0.14,N,2,0
47760,34,55200,MORTGAGE,4.0,HOMEIMPROVEMENT,A,10000,5.99,0.18,N,10,0
47761,28,58800,MORTGAGE,11.0,VENTURE,A,3000,7.88,0.05,N,5,0
47762,29,33195,RENT,1.0,MEDICAL,B,1800,11.99,0.05,N,7,0
47763,25,64000,RENT,0.0,DEBTCONSOLIDATION,C,5000,12.99,0.08,N,2,0
47764,24,35000,OWN,1.0,VENTURE,B,3500,12.69,0.1,N,4,0
47765,22,24000,RENT,5.0,MEDICAL,A,5000,6.54,0.21,N,2,0
47766,22,30000,RENT,6.0,PERSONAL,B,3000,11.49,0.1,N,3,0
47767,31,95000,MORTGAGE,15.0,HOMEIMPROVEMENT,C,15000,12.09,0.16,N,8,1
47768,23,52000,RENT,1.0,VENTURE,B,12000,10.59,0.23,N,3,0
47769,32,90000,MORTGAGE,8.0,EDUCATION,C,8000,13.22,0.09,Y,7,0
47770,26,48000,RENT,5.0,PERSONAL,A,7200,7.51,0.15,N,3,0
47771,24,140000,MORTGAGE,8.0,HOMEIMPROVEMENT,A,5000,7.9,0.04,N,3,0
47772,24,30000,RENT,2.0,DEBTCONSOLIDATION,B,6000,11.86,0.2,N,2,1
47773,21,24000,RENT,0.0,EDUCATION,A,2500,5.42,0.1,N,2,0
47774,33,34000,MORTGAGE,0.0,EDUCATION,B,9000,9.63,0.27,N,7,1
47775,25,70000,RENT,2.0,MEDICAL,B,4000,10.37,0.06,N,2,0
47776,22,57000,OWN,6.0,PERSONAL,B,6000,10.75,0.11,N,3,0
47777,23,40000,MORTGAGE,7.0,EDUCATION,B,4000,10.65,0.1,N,2,0
47778,34,34000,MORTGAGE,2.0,VENTURE,B,7500,10.62,0.23,N,8,0
47779,25,69996,MORTGAGE,9.0,DEBTCONSOLIDATION,A,3000,6.03,0.04,N,3,0
47780,22,42000,RENT,1.0,DEBTCONSOLIDATION,C,3000,14.35,0.07,Y,2,0
47781,25,80000,RENT,1.0,MEDICAL,A,6475,6.99,0.08,N,4,0
47782,46,30000,RENT,6.0,VENTURE,B,4800,12.69,0.16,N,15,0
47783,25,30000,RENT,1.0,PERSONAL,B,3000,11.36,0.1,N,4,0
47784,22,65000,MORTGAGE,5.0,DEBTCONSOLIDATION,B,7200,12.42,0.11,N,2,0
47785,31,45000,RENT,5.0,EDUCATION,A,7500,5.42,0.17,N,6,0
47786,24,47000,MORTGAGE,4.0,DEBTCONSOLIDATION,A,6000,6.92,0.13,N,3,0
47787,39,62000,MORTGAGE,7.0,HOMEIMPROVEMENT,A,5000,5.99,0.08,N,11,0
47788,27,97500,RENT,1.0,EDUCATION,B,14400,10.37,0.15,N,7,0
47789,24,28800,RENT,0.0,MEDICAL,C,4000,13.61,0.14,N,2,0
47790,25,102000,RENT,4.0,MEDICAL,A,18000,7.49,0.18,N,2,0
47791,32,38000,RENT,0.0,DEBTCONSOLIDATION,A,10000,8.59,0.26,N,7,0
47792,34,90000,MORTGAGE,14.0,MEDICAL,C,4025,15.96,0.04,Y,5,0
47793,24,44000,RENT,3.0,PERSONAL,C,2000,14.35,0.05,Y,3,1
47794,23,30000,RENT,2.0,VENTURE,D,6000,14.96,0.2,N,2,1
47795,24,35000,MORTGAGE,1.0,VENTURE,A,3000,8.0,0.09,N,2,0
47796,33,50000,RENT,1.0,EDUCATION,B,4000,10.0,0.08,N,8,0
47797,22,30000,MORTGAGE,4.0,PERSONAL,C,3000,13.99,0.1,Y,3,0
47798,22,55000,MORTGAGE,6.0,MEDICAL,A,7000,5.42,0.13,N,3,0
47799,38,48000,MORTGAGE,4.0,MEDICAL,A,3000,7.29,0.06,N,16,0
47800,32,42000,OWN,12.0,VENTURE,B,10000,10.38,0.24,N,10,0
47801,40,120000,MORTGAGE,12.0,HOMEIMPROVEMENT,A,7000,5.79,0.06,N,11,0
47802,23,31200,RENT,1.0,VENTURE,B,6400,10.65,0.21,N,4,0
47803,47,39000,RENT,1.0,EDUCATION,B,5000,10.08,0.13,N,12,0
47804,28,112445,MORTGAGE,1.0,EDUCATION,A,6000,7.49,0.05,N,8,0
47805,22,40000,RENT,0.0,EDUCATION,A,5000,6.62,0.13,N,4,0
47806,24,51500,MORTGAGE,3.0,MEDICAL,C,8000,15.23,0.15,N,3,0
47807,21,38000,RENT,2.0,PERSONAL,B,2500,10.99,0.07,N,2,0
47808,22,70000,MORTGAGE,6.0,VENTURE,C,7000,14.22,0.1,Y,3,0
47809,21,83004,MORTGAGE,6.0,PERSONAL,C,10000,13.22,0.12,Y,4,0
47810,22,65000,MORTGAGE,6.0,EDUCATION,A,9000,7.66,0.14,N,2,0
47811,42,28000,RENT,0.0,EDUCATION,A,1000,8.0,0.04,N,16,0
47812,27,90000,MORTGAGE,2.0,EDUCATION,B,12000,12.42,0.13,N,8,0
47813,46,69743,MORTGAGE,14.0,PERSONAL,B,6000,11.36,0.09,N,14,0
47814,23,58800,RENT,5.0,EDUCATION,A,5000,7.29,0.09,N,2,0
47815,23,30000,RENT,1.0,PERSONAL,E,5500,16.82,0.18,Y,4,1
47816,24,72890,RENT,0.0,MEDICAL,B,15000,10.74,0.2,N,3,0
47817,33,62400,OWN,17.0,VENTURE,B,15000,11.14,0.24,N,8,0
47818,30,90000,MORTGAGE,2.0,DEBTCONSOLIDATION,C,20000,15.96,0.22,Y,5,0
47819,24,50000,RENT,3.0,DEBTCONSOLIDATION,A,7000,7.14,0.14,N,2,0
47820,24,50866,RENT,6.0,MEDICAL,C,20000,12.29,0.39,N,2,1
47821,30,140000,MORTGAGE,3.0,VENTURE,A,12000,7.88,0.08,N,6,0
47822,23,40000,RENT,7.0,MEDICAL,B,3600,10.99,0.09,N,3,0
47823,36,75000,RENT,4.0,EDUCATION,D,9600,15.37,0.13,Y,12,0
47824,22,24000,RENT,3.0,DEBTCONSOLIDATION,A,5500,7.9,0.23,N,3,0
47825,28,57068,OWN,0.0,HOMEIMPROVEMENT,C,1600,15.23,0.03,N,6,0
47826,28,30000,OWN,4.0,HOMEIMPROVEMENT,A,8000,7.29,0.27,N,7,0
47827,28,42996,RENT,8.0,DEBTCONSOLIDATION,D,7500,15.37,0.17,Y,5,1
47828,40,100000,MORTGAGE,4.0,HOMEIMPROVEMENT,B,15000,11.49,0.15,N,13,0
47829,22,93600,MORTGAGE,6.0,EDUCATION,B,5000,9.99,0.05,N,4,0
47830,40,75000,MORTGAGE,3.0,MEDICAL,A,12000,7.51,0.16,N,13,0
47831,24,60000,MORTGAGE,8.0,VENTURE,B,6000,10.99,0.1,N,4,0
47832,28,35000,RENT,2.0,MEDICAL,A,4800,7.88,0.14,N,6,0
47833,44,124800,MORTGAGE,2.0,MEDICAL,B,5325,10.99,0.04,N,14,0
47834,24,57000,MORTGAGE,4.0,EDUCATION,D,20000,14.96,0.35,Y,2,0
47835,31,60000,MORTGAGE,4.0,MEDICAL,D,10000,16.89,0.17,N,9,1
47836,31,62500,RENT,3.0,VENTURE,D,25000,13.67,0.37,Y,8,1
47837,23,58000,RENT,6.0,EDUCATION,A,20000,6.03,0.34,N,4,1
47838,26,30000,RENT,0.0,PERSONAL,A,8000,9.32,0.27,N,3,0
47839,28,44000,RENT,3.0,HOMEIMPROVEMENT,C,10000,14.27,0.23,N,8,1
47840,26,90000,MORTGAGE,10.0,HOMEIMPROVEMENT,B,5000,10.37,0.06,N,2,0
47841,23,48000,RENT,8.0,DEBTCONSOLIDATION,B,8000,9.99,0.17,N,2,0
47842,29,90000,MORTGAGE,3.0,DEBTCONSOLIDATION,A,15000,5.79,0.17,N,10,0
47843,36,54000,RENT,4.0,MEDICAL,E,12000,16.82,0.22,Y,13,1
47844,22,50000,RENT,3.0,VENTURE,B,12000,10.65,0.24,N,4,0
47845,28,62400,MORTGAGE,12.0,MEDICAL,A,7000,5.42,0.11,N,6,0
47846,25,75000,MORTGAGE,9.0,DEBTCONSOLIDATION,B,3000,9.91,0.04,N,2,0
47847,25,50000,RENT,9.0,HOMEIMPROVEMENT,B,8000,11.86,0.16,N,3,0
47848,26,60000,RENT,10.0,MEDICAL,A,3000,7.29,0.05,N,3,0
47849,29,30000,RENT,0.0,DEBTCONSOLIDATION,B,10000,10.99,0.33,N,5,1
47850,27,210000,MORTGAGE,11.0,EDUCATION,C,8500,13.47,0.04,Y,8,0
47851,29,105000,RENT,5.0,VENTURE,C,19000,12.29,0.18,Y,9,0
47852,22,76500,RENT,0.0,MEDICAL,D,20000,14.61,0.26,N,2,1
47853,40,60000,RENT,1.0,EDUCATION,B,2000,11.49,0.03,N,14,0
47854,31,45996,RENT,1.0,MEDICAL,F,16000,18.25,0.37,N,8,1
47855,22,30000,RENT,0.0,VENTURE,D,8000,14.96,0.27,Y,3,1
47856,22,48000,RENT,4.0,MEDICAL,A,2650,6.17,0.05,N,3,0
47857,25,41000,RENT,4.0,EDUCATION,A,6000,6.03,0.15,N,3,0
47858,25,95000,MORTGAGE,4.0,DEBTCONSOLIDATION,A,15000,7.29,0.16,N,4,0
47859,47,110000,MORTGAGE,6.0,PERSONAL,D,25000,15.65,0.23,Y,13,0
47860,24,30000,MORTGAGE,1.0,MEDICAL,A,4000,6.54,0.13,N,2,0
47861,24,42000,RENT,0.0,MEDICAL,A,8500,7.51,0.2,N,2,0
47862,28,60000,MORTGAGE,3.0,HOMEIMPROVEMENT,B,10000,11.86,0.17,N,5,0
47863,24,50000,MORTGAGE,8.0,DEBTCONSOLIDATION,A,16000,6.03,0.32,N,4,0
47864,22,55000,RENT,3.0,MEDICAL,C,7750,12.84,0.14,Y,3,0
47865,23,60000,MORTGAGE,7.0,PERSONAL,A,8500,5.42,0.14,N,3,0
47866,23,129996,MORTGAGE,7.0,EDUCATION,C,30000,13.49,0.27,Y,4,0
47867,22,40000,RENT,3.0,PERSONAL,C,10000,13.49,0.25,Y,2,0
47868,35,71738,RENT,4.0,EDUCATION,D,15000,15.7,0.2,Y,8,0
47869,27,42000,MORTGAGE,4.0,HOMEIMPROVEMENT,B,8000,11.36,0.19,N,10,0
47870,65,90000,RENT,3.0,PERSONAL,D,20000,14.96,0.22,N,27,1
47871,22,43000,RENT,2.0,MEDICAL,D,15800,14.91,0.37,N,2,1
47872,25,39000,RENT,5.0,MEDICAL,A,10000,5.79,0.26,N,3,0
47873,27,32000,RENT,0.0,EDUCATION,C,11700,12.23,0.35,Y,10,1
47874,24,43000,MORTGAGE,8.0,HOMEIMPROVEMENT,A,13500,7.49,0.31,N,2,0
47875,23,78000,RENT,7.0,DEBTCONSOLIDATION,D,13000,16.77,0.17,N,3,1
47876,23,110000,RENT,7.0,PERSONAL,C,25000,13.06,0.22,Y,3,0
47877,25,84000,MORTGAGE,0.0,HOMEIMPROVEMENT,B,5000,12.18,0.06,N,4,0
47878,26,30000,RENT,3.0,VENTURE,B,5000,11.71,0.17,N,2,0
47879,29,52000,RENT,13.0,PERSONAL,B,5000,9.91,0.1,N,10,0
47880,22,57200,MORTGAGE,2.0,VENTURE,A,8000,6.92,0.14,N,4,0
47881,30,95000,RENT,0.0,DEBTCONSOLIDATION,A,6000,7.49,0.06,N,10,0
47882,24,85000,RENT,0.0,MEDICAL,B,12000,10.0,0.14,N,4,0
47883,23,82000,MORTGAGE,0.0,EDUCATION,D,8000,14.46,0.1,N,3,0
47884,41,32000,RENT,1.0,EDUCATION,A,5000,7.68,0.16,N,13,0
47885,22,35000,OWN,6.0,EDUCATION,C,6000,15.27,0.17,N,4,0
47886,25,30000,RENT,4.0,EDUCATION,A,4000,7.9,0.13,N,4,0
47887,32,56900,MORTGAGE,6.0,VENTURE,D,16750,15.31,0.31,N,8,1
47888,24,75000,RENT,6.0,MEDICAL,B,8000,11.49,0.11,N,2,0
47889,24,65000,RENT,5.0,PERSONAL,B,13600,11.99,0.21,N,4,0
47890,22,44004,RENT,1.0,VENTURE,D,5000,15.7,0.11,Y,2,1
47891,21,26000,RENT,1.0,PERSONAL,B,6500,9.99,0.25,N,3,0
47892,24,40000,RENT,2.0,EDUCATION,B,6000,10.25,0.15,N,3,0
47893,25,58000,RENT,0.0,DEBTCONSOLIDATION,B,16500,10.08,0.29,N,3,0
47894,28,40000,RENT,0.0,MEDICAL,C,3600,12.98,0.09,N,7,0
47895,27,43000,RENT,11.0,PERSONAL,C,6000,12.53,0.14,N,6,0
47896,28,62000,RENT,3.0,HOMEIMPROVEMENT,A,12000,6.92,0.19,N,8,0
47897,21,80000,RENT,5.0,VENTURE,B,10000,12.18,0.13,N,4,0
47898,28,35000,RENT,0.0,EDUCATION,B,6000,11.14,0.17,N,10,0
47899,23,120000,RENT,4.0,PERSONAL,A,24000,7.49,0.21,N,3,0
47900,23,24000,RENT,2.0,HOMEIMPROVEMENT,B,7000,10.99,0.29,N,2,1
47901,22,54000,RENT,5.0,HOMEIMPROVEMENT,B,3000,11.83,0.06,N,4,1
47902,37,62000,RENT,3.0,PERSONAL,C,2400,15.23,0.04,N,12,0
47903,34,75000,MORTGAGE,2.0,MEDICAL,A,10200,7.49,0.14,N,6,0
47904,22,87550,RENT,5.0,DEBTCONSOLIDATION,B,9000,11.86,0.09,N,4,0
47905,21,65000,MORTGAGE,2.0,DEBTCONSOLIDATION,B,7000,11.49,0.11,N,2,0
47906,23,70000,MORTGAGE,2.0,VENTURE,A,6000,7.49,0.09,N,4,0
47907,26,75000,RENT,0.0,DEBTCONSOLIDATION,B,8000,11.26,0.11,N,3,0
47908,22,40000,RENT,2.0,EDUCATION,A,6000,8.9,0.15,N,4,0
47909,28,63564,RENT,4.0,MEDICAL,C,16000,13.47,0.25,N,8,0
47910,29,130000,MORTGAGE,3.0,DEBTCONSOLIDATION,D,24000,15.62,0.18,Y,8,1
47911,29,84000,MORTGAGE,13.0,PERSONAL,B,10000,10.65,0.12,N,9,0
47912,28,42000,MORTGAGE,5.0,HOMEIMPROVEMENT,A,6000,5.42,0.14,N,8,0
47913,29,100000,MORTGAGE,0.0,PERSONAL,B,13500,11.99,0.14,N,9,0
47914,27,50000,OWN,0.0,VENTURE,B,20000,12.42,0.4,N,10,0
47915,22,48000,MORTGAGE,6.0,VENTURE,B,4800,10.99,0.1,N,2,0
47916,26,48000,RENT,1.0,PERSONAL,B,15000,11.71,0.31,N,2,1
47917,32,90000,RENT,11.0,HOMEIMPROVEMENT,C,20000,13.22,0.22,Y,6,0
47918,24,30000,OWN,0.0,HOMEIMPROVEMENT,B,11500,11.48,0.38,N,2,0
47919,22,24000,RENT,3.0,PERSONAL,A,5600,5.42,0.23,N,2,0
47920,22,55000,RENT,3.0,EDUCATION,C,12000,13.11,0.22,Y,4,0
47921,56,150000,OWN,8.0,PERSONAL,A,21000,7.29,0.14,N,19,0
47922,25,65000,MORTGAGE,4.0,HOMEIMPROVEMENT,A,7000,7.66,0.11,N,4,0
47923,24,150000,RENT,2.0,VENTURE,B,21000,12.62,0.14,N,3,0
47924,30,45000,MORTGAGE,5.0,MEDICAL,A,12250,7.49,0.27,N,5,0
47925,25,60000,MORTGAGE,4.0,DEBTCONSOLIDATION,A,6000,7.51,0.1,N,3,0
47926,26,38000,MORTGAGE,7.0,MEDICAL,B,6000,9.99,0.16,N,3,0
47927,27,35000,RENT,1.0,PERSONAL,B,6000,12.18,0.17,N,6,0
47928,29,45000,RENT,2.0,PERSONAL,C,5000,13.48,0.11,N,7,0
47929,21,30000,RENT,4.0,DEBTCONSOLIDATION,B,2400,9.76,0.08,N,3,1
47930,22,40000,RENT,5.0,EDUCATION,A,12500,7.29,0.31,N,4,1
47931,21,35000,RENT,0.0,MEDICAL,B,3000,10.0,0.09,N,4,0
47932,26,70000,MORTGAGE,11.0,DEBTCONSOLIDATION,B,6000,10.71,0.09,N,2,0
47933,30,80000,MORTGAGE,7.0,MEDICAL,A,6000,8.49,0.07,N,8,0
47934,23,117696,MORTGAGE,7.0,VENTURE,A,16000,6.03,0.14,N,2,0
47935,23,43200,RENT,7.0,EDUCATION,A,5000,7.29,0.12,N,2,0
47936,29,38000,RENT,2.0,MEDICAL,B,6000,10.59,0.16,N,10,0
47937,22,30000,RENT,2.0,EDUCATION,B,6000,10.75,0.2,N,2,0
47938,32,45000,RENT,5.0,VENTURE,C,1300,13.22,0.03,Y,6,0
47939,24,55000,RENT,2.0,MEDICAL,A,8000,7.49,0.15,N,3,0
47940,21,24000,RENT,1.0,MEDICAL,B,5000,10.99,0.21,N,3,0
47941,22,50000,RENT,6.0,DEBTCONSOLIDATION,B,7200,10.99,0.14,N,3,0
47942,33,47000,RENT,4.0,EDUCATION,C,7000,14.72,0.15,N,5,0
47943,33,57500,RENT,5.0,VENTURE,D,21000,12.36,0.35,N,5,0
47944,22,50000,RENT,0.0,EDUCATION,A,3000,6.39,0.06,N,4,0
47945,22,28000,MORTGAGE,0.0,VENTURE,B,6000,10.99,0.21,N,2,0
47946,28,110000,MORTGAGE,12.0,EDUCATION,B,3525,10.0,0.03,N,6,0
47947,35,68400,OWN,3.0,EDUCATION,C,3000,12.99,0.04,N,10,0
47948,27,87360,MORTGAGE,1.0,DEBTCONSOLIDATION,C,7000,10.28,0.08,Y,6,0
47949,24,44000,RENT,5.0,DEBTCONSOLIDATION,D,12000,17.27,0.27,Y,2,1
47950,22,50000,RENT,1.0,MEDICAL,C,15000,13.22,0.3,Y,3,0
47951,27,87000,MORTGAGE,7.0,PERSONAL,A,15000,9.63,0.17,N,9,0
47952,22,54000,RENT,7.0,DEBTCONSOLIDATION,E,16000,16.32,0.3,N,4,1
47953,28,32000,RENT,1.0,PERSONAL,C,13250,13.49,0.42,N,8,1
47954,23,30000,RENT,0.0,EDUCATION,B,6000,10.95,0.2,N,4,0
47955,30,48500,RENT,1.0,PERSONAL,B,19500,12.42,0.4,N,5,1
47956,28,65000,MORTGAGE,8.0,MEDICAL,C,10000,12.99,0.15,Y,5,0
47957,24,60000,RENT,6.0,EDUCATION,B,8000,11.14,0.13,N,4,0
47958,30,57300,RENT,2.0,HOMEIMPROVEMENT,B,8000,10.65,0.14,N,9,0
47959,21,24996,OWN,2.0,MEDICAL,A,8500,7.51,0.35,N,2,0
47960,22,75000,MORTGAGE,6.0,EDUCATION,C,12500,13.49,0.17,N,2,0
47961,24,70000,MORTGAGE,8.0,VENTURE,D,12800,14.96,0.18,Y,4,0
47962,31,73000,RENT,6.0,HOMEIMPROVEMENT,A,11000,7.88,0.15,N,9,0
47963,22,60000,RENT,4.0,EDUCATION,B,1800,12.18,0.03,N,3,0
47964,26,29000,RENT,0.0,PERSONAL,D,5000,14.83,0.17,N,2,1
47965,32,42000,RENT,4.0,PERSONAL,A,7200,7.29,0.17,N,7,0
47966,38,60000,MORTGAGE,2.0,VENTURE,A,13000,7.88,0.22,N,13,0
47967,27,50000,MORTGAGE,5.0,HOMEIMPROVEMENT,A,11000,7.51,0.22,N,9,0
47968,23,75000,MORTGAGE,7.0,EDUCATION,A,5000,6.99,0.07,N,2,0
47969,23,30000,RENT,7.0,VENTURE,A,6000,7.51,0.2,N,2,0
47970,22,45000,MORTGAGE,4.0,DEBTCONSOLIDATION,A,12000,8.9,0.27,N,2,0
47971,27,35000,RENT,11.0,VENTURE,B,4800,11.49,0.14,N,10,0
47972,48,120000,MORTGAGE,2.0,HOMEIMPROVEMENT,A,7500,7.74,0.06,N,16,0
47973,23,88900,MORTGAGE,7.0,EDUCATION,A,20000,6.91,0.23,N,4,0
47974,33,90000,MORTGAGE,2.0,PERSONAL,A,30000,7.51,0.33,N,8,0
47975,29,150000,MORTGAGE,4.0,HOMEIMPROVEMENT,A,7200,6.92,0.05,N,10,0
47976,25,54000,RENT,0.0,HOMEIMPROVEMENT,A,14125,8.49,0.26,N,3,1
47977,22,46000,RENT,4.0,PERSONAL,A,10000,7.14,0.22,N,3,0
47978,32,54000,RENT,16.0,VENTURE,B,6300,10.99,0.12,N,6,0
47979,29,65000,MORTGAGE,13.0,MEDICAL,A,9500,5.42,0.14,N,9,0
47980,25,55000,RENT,9.0,EDUCATION,A,4000,7.88,0.07,N,3,0
47981,22,58100,RENT,1.0,MEDICAL,C,17500,13.57,0.3,Y,3,0
47982,33,35000,RENT,4.0,MEDICAL,C,6075,13.49,0.17,N,10,0
47983,24,38000,RENT,3.0,VENTURE,A,1500,8.49,0.04,N,3,0
47984,34,70000,RENT,0.0,MEDICAL,B,10000,9.45,0.14,N,9,0
47985,31,50000,MORTGAGE,5.0,PERSONAL,A,5200,6.03,0.11,N,5,0
47986,24,80000,RENT,1.0,HOMEIMPROVEMENT,A,9000,8.59,0.11,N,2,0
47987,23,75000,RENT,4.0,DEBTCONSOLIDATION,B,10000,11.86,0.13,N,3,0
47988,35,108000,RENT,9.0,PERSONAL,C,25000,13.16,0.22,Y,9,1
47989,28,51600,MORTGAGE,1.0,PERSONAL,C,7000,12.53,0.13,N,10,0
47990,32,55000,RENT,2.0,MEDICAL,C,11000,13.11,0.2,N,9,0
47991,22,25000,RENT,5.0,PERSONAL,A,2800,6.99,0.11,N,2,0
47992,23,51600,OWN,7.0,EDUCATION,A,10800,7.51,0.21,N,3,0
47993,33,67000,MORTGAGE,5.0,VENTURE,C,20000,13.11,0.3,N,9,0
47994,27,75000,RENT,11.0,VENTURE,A,10000,7.51,0.13,N,10,0
47995,28,55000,RENT,2.0,VENTURE,A,4000,7.88,0.07,N,6,0
47996,23,85000,MORTGAGE,7.0,EDUCATION,B,20000,12.21,0.24,N,2,0
47997,29,32000,RENT,1.0,MEDICAL,D,8000,16.89,0.25,Y,6,1
47998,26,41000,RENT,4.0,DEBTCONSOLIDATION,A,4200,5.99,0.1,N,3,0
47999,31,34000,RENT,4.0,PERSONAL,A,2400,7.66,0.07,N,9,1
48000,33,80000,MORTGAGE,17.0,HOMEIMPROVEMENT,A,6000,7.88,0.07,N,5,0
48001,25,100000,RENT,5.0,HOMEIMPROVEMENT,B,15000,10.74,0.15,N,3,0
48002,27,76300,MORTGAGE,0.0,EDUCATION,C,14400,13.79,0.19,Y,9,0
48003,22,60000,RENT,5.0,DEBTCONSOLIDATION,A,10000,7.49,0.17,N,4,0
48004,39,40000,RENT,3.0,EDUCATION,D,15075,12.92,0.38,N,17,1
48005,29,82060,RENT,13.0,EDUCATION,A,9600,7.4,0.12,N,6,0
48006,27,37200,OWN,3.0,VENTURE,B,16000,10.62,0.42,N,8,0
48007,30,110000,OWN,14.0,EDUCATION,B,15000,9.99,0.14,N,10,0
48008,30,50000,RENT,3.0,MEDICAL,A,17000,8.9,0.34,N,10,1
48009,29,85000,RENT,13.0,MEDICAL,A,12000,8.49,0.14,N,9,0
48010,23,30000,RENT,2.0,DEBTCONSOLIDATION,D,2000,14.42,0.07,N,4,1
48011,31,85000,MORTGAGE,7.0,HOMEIMPROVEMENT,C,6500,12.87,0.08,Y,6,0
48012,25,125000,RENT,9.0,HOMEIMPROVEMENT,A,7000,7.66,0.06,N,3,0
48013,23,48000,MORTGAGE,4.0,PERSONAL,A,5000,9.32,0.1,N,4,0
48014,37,50000,MORTGAGE,5.0,EDUCATION,A,10000,8.49,0.2,N,14,0
48015,23,100000,RENT,7.0,DEBTCONSOLIDATION,B,14400,11.58,0.14,N,3,0
48016,34,63000,RENT,1.0,VENTURE,B,4000,11.14,0.06,N,8,0
48017,26,34000,MORTGAGE,2.0,MEDICAL,C,10000,14.22,0.29,N,4,1
48018,28,55000,MORTGAGE,12.0,MEDICAL,B,10000,10.99,0.18,N,7,0
48019,22,100000,MORTGAGE,4.0,PERSONAL,A,11300,8.94,0.11,N,2,0
48020,39,70000,RENT,15.0,PERSONAL,B,3000,11.71,0.04,N,11,0
48021,29,20000,RENT,0.0,MEDICAL,C,6000,12.87,0.3,N,8,0
48022,28,36000,RENT,0.0,VENTURE,C,1500,13.49,0.04,N,8,0
48023,26,31131,RENT,0.0,MEDICAL,E,3000,13.36,0.1,Y,2,1
48024,24,30000,RENT,7.0,DEBTCONSOLIDATION,A,4800,7.29,0.16,N,2,0
48025,28,96720,MORTGAGE,3.0,VENTURE,C,18000,12.53,0.19,N,6,0
48026,24,68000,OTHER,7.0,PERSONAL,B,15000,11.89,0.22,N,3,0
48027,31,39996,RENT,2.0,VENTURE,B,10000,10.99,0.25,N,7,0
48028,23,70000,RENT,0.0,MEDICAL,B,15000,11.89,0.21,N,3,0
48029,29,54000,RENT,2.0,HOMEIMPROVEMENT,E,25000,15.68,0.46,N,9,1
48030,31,90000,MORTGAGE,1.0,HOMEIMPROVEMENT,C,13000,13.06,0.14,N,10,0
48031,33,36000,RENT,3.0,HOMEIMPROVEMENT,D,10800,17.27,0.32,N,6,1
48032,23,65000,RENT,7.0,PERSONAL,C,15000,15.23,0.23,Y,4,0
48033,23,72000,RENT,7.0,VENTURE,B,10000,11.71,0.14,N,2,0
48034,26,60000,MORTGAGE,5.0,HOMEIMPROVEMENT,A,5000,8.49,0.08,N,4,0
48035,27,59200,MORTGAGE,4.0,DEBTCONSOLIDATION,B,12000,10.75,0.2,N,8,0
48036,60,28000,RENT,0.0,VENTURE,C,4800,12.61,0.17,N,27,0
48037,24,42000,MORTGAGE,5.0,EDUCATION,A,10000,7.51,0.24,N,4,0
48038,24,75000,RENT,2.0,EDUCATION,A,5000,8.0,0.07,N,4,0
48039,24,71400,MORTGAGE,5.0,MEDICAL,C,21600,15.27,0.26,N,2,1
48040,29,45000,RENT,3.0,EDUCATION,D,10000,15.58,0.22,Y,8,1
48041,28,70560,RENT,4.0,MEDICAL,A,9600,9.63,0.14,N,10,0
48042,26,45000,MORTGAGE,0.0,EDUCATION,A,13500,8.94,0.3,N,2,0
48043,21,30000,RENT,2.0,EDUCATION,B,6000,12.42,0.2,N,4,0
48044,31,44000,MORTGAGE,5.0,MEDICAL,C,10000,13.48,0.23,Y,7,0
48045,24,36000,RENT,3.0,EDUCATION,B,8500,11.71,0.23,N,3,1
48046,25,66000,MORTGAGE,9.0,HOMEIMPROVEMENT,D,6500,14.54,0.1,Y,2,1
48047,27,65000,MORTGAGE,11.0,EDUCATION,A,12000,7.14,0.18,N,5,0
48048,24,60000,MORTGAGE,8.0,VENTURE,B,2000,10.99,0.03,N,4,0
48049,24,67350,RENT,5.0,MEDICAL,B,9600,10.37,0.14,N,2,0
48050,22,48000,RENT,6.0,EDUCATION,A,10000,7.9,0.21,N,2,0
48051,23,30000,MORTGAGE,2.0,PERSONAL,A,10000,8.59,0.33,N,3,0
48052,24,72000,RENT,3.0,MEDICAL,B,16000,12.53,0.22,N,2,0
48053,25,39996,RENT,2.0,EDUCATION,A,10000,7.51,0.25,N,3,0
48054,28,150000,MORTGAGE,0.0,PERSONAL,B,25000,10.99,0.17,N,8,0
48055,22,80000,MORTGAGE,6.0,DEBTCONSOLIDATION,B,20000,12.69,0.25,N,3,0
48056,22,35000,RENT,0.0,PERSONAL,B,6600,10.95,0.18,N,2,0
48057,31,52656,OWN,6.0,HOMEIMPROVEMENT,B,20000,10.75,0.39,N,10,0
48058,31,100000,MORTGAGE,15.0,PERSONAL,A,10000,7.14,0.1,N,9,0
48059,22,32001,RENT,4.0,EDUCATION,A,6000,7.51,0.19,N,4,0
48060,27,118000,MORTGAGE,3.0,HOMEIMPROVEMENT,C,25000,13.8,0.21,N,9,1
48061,23,62000,RENT,7.0,EDUCATION,B,10000,11.86,0.16,N,2,0
48062,26,140000,MORTGAGE,5.0,VENTURE,B,6000,12.18,0.04,N,3,0
48063,27,33996,OWN,11.0,HOMEIMPROVEMENT,A,8000,8.94,0.24,N,10,0
48064,30,131004,MORTGAGE,14.0,EDUCATION,A,5000,8.49,0.04,N,8,0
48065,21,80000,MORTGAGE,5.0,PERSONAL,A,15000,6.54,0.19,N,3,0
48066,22,60000,RENT,3.0,DEBTCONSOLIDATION,B,3000,10.37,0.05,N,2,0
48067,23,50000,RENT,2.0,DEBTCONSOLIDATION,B,6000,12.69,0.12,N,4,0
48068,23,80000,MORTGAGE,7.0,VENTURE,A,12000,7.49,0.15,N,3,0
48069,46,46000,MORTGAGE,8.0,PERSONAL,C,12000,13.48,0.26,N,11,0
48070,32,76800,RENT,7.0,DEBTCONSOLIDATION,D,15000,14.59,0.2,Y,9,1
48071,48,42000,MORTGAGE,3.0,VENTURE,D,5500,15.05,0.13,N,17,0
48072,40,80000,RENT,5.0,HOMEIMPROVEMENT,B,18000,10.99,0.23,N,16,0
48073,31,60000,RENT,5.0,HOMEIMPROVEMENT,C,2500,12.61,0.04,Y,8,0
48074,34,36000,RENT,2.0,DEBTCONSOLIDATION,B,2000,11.89,0.06,N,8,1
48075,22,58000,MORTGAGE,6.0,PERSONAL,B,14000,10.25,0.24,N,3,0
48076,24,35000,RENT,3.0,EDUCATION,B,5000,10.65,0.14,N,3,0
48077,33,125004,OWN,2.0,MEDICAL,D,30000,13.3,0.24,Y,7,0
48078,25,110000,MORTGAGE,9.0,PERSONAL,B,15000,11.11,0.14,N,4,0
48079,38,45000,MORTGAGE,8.0,EDUCATION,A,6000,8.9,0.13,N,16,0
48080,34,70000,RENT,2.0,HOMEIMPROVEMENT,C,5600,13.49,0.08,N,6,0
48081,30,70000,RENT,5.0,DEBTCONSOLIDATION,B,24000,10.75,0.34,N,5,1
48082,23,95000,MORTGAGE,4.0,DEBTCONSOLIDATION,B,12000,10.65,0.13,N,3,0
48083,28,40000,MORTGAGE,9.0,DEBTCONSOLIDATION,A,5000,6.03,0.13,N,8,0
48084,30,51996,MORTGAGE,2.0,MEDICAL,C,6400,13.16,0.12,N,8,0
48085,35,39000,OWN,1.0,HOMEIMPROVEMENT,A,2500,8.49,0.06,N,7,0
48086,22,97000,RENT,3.0,DEBTCONSOLIDATION,B,21000,11.71,0.22,N,3,0
48087,24,60000,RENT,2.0,HOMEIMPROVEMENT,C,6000,14.22,0.1,N,3,0
48088,23,95000,MORTGAGE,4.0,DEBTCONSOLIDATION,A,6000,7.9,0.06,N,4,0
48089,24,130000,OWN,0.0,VENTURE,A,6500,7.51,0.05,N,4,0
48090,22,54500,MORTGAGE,1.0,EDUCATION,B,4000,10.0,0.07,N,2,1
48091,37,45000,RENT,1.0,PERSONAL,C,1000,13.99,0.02,Y,12,0
48092,25,54000,RENT,1.0,HOMEIMPROVEMENT,E,16000,16.35,0.3,Y,3,1
48093,28,90000,MORTGAGE,13.0,MEDICAL,B,20000,9.99,0.22,N,10,0
48094,46,48000,MORTGAGE,1.0,EDUCATION,B,10000,9.99,0.21,N,17,0
48095,23,42000,RENT,1.0,DEBTCONSOLIDATION,C,6000,12.61,0.14,Y,2,0
48096,22,75000,MORTGAGE,4.0,VENTURE,C,15000,12.68,0.2,N,4,0
48097,22,75000,RENT,3.0,EDUCATION,A,4800,9.32,0.06,N,3,0
48098,27,50000,MORTGAGE,11.0,HOMEIMPROVEMENT,A,10000,7.51,0.2,N,7,0
48099,21,24000,RENT,5.0,VENTURE,C,2000,13.48,0.08,N,3,0
48100,24,60000,RENT,5.0,VENTURE,B,12000,11.49,0.2,N,3,0
48101,22,50000,MORTGAGE,3.0,PERSONAL,A,6200,7.14,0.12,N,3,0
48102,32,115000,MORTGAGE,6.0,MEDICAL,B,15500,12.42,0.14,N,10,0
48103,23,70000,MORTGAGE,7.0,EDUCATION,A,18000,7.9,0.26,N,2,0
48104,28,115752,RENT,2.0,DEBTCONSOLIDATION,B,10000,11.71,0.09,N,9,0
48105,21,31200,RENT,2.0,MEDICAL,A,5000,6.91,0.16,N,2,0
48106,24,66000,RENT,1.0,VENTURE,D,25000,15.65,0.38,Y,2,1
48107,29,131004,MORTGAGE,13.0,EDUCATION,A,4000,8.94,0.03,N,6,0
48108,29,170000,RENT,0.0,VENTURE,B,10000,11.11,0.06,N,7,0
48109,22,50000,RENT,4.0,EDUCATION,B,6000,11.49,0.12,N,2,0
48110,24,30000,RENT,2.0,DEBTCONSOLIDATION,B,2800,11.49,0.09,N,2,0
48111,23,65000,RENT,8.0,MEDICAL,A,7200,6.99,0.11,N,2,0
48112,31,30000,RENT,1.0,EDUCATION,G,10000,21.21,0.33,N,6,1
48113,23,40000,RENT,1.0,EDUCATION,B,7000,9.91,0.17,N,4,0
48114,36,78000,MORTGAGE,4.0,VENTURE,A,8000,8.49,0.1,N,15,0
48115,25,81600,MORTGAGE,9.0,PERSONAL,A,14400,6.99,0.18,N,3,0
48116,28,75000,OWN,7.0,VENTURE,C,5000,12.87,0.07,Y,7,0
48117,22,36100,RENT,4.0,VENTURE,C,5000,14.27,0.14,N,3,0
48118,33,60000,MORTGAGE,21.0,VENTURE,B,6000,10.36,0.1,N,5,0
48119,25,42000,RENT,0.0,EDUCATION,C,2000,13.49,0.05,Y,4,0
48120,22,26400,RENT,1.0,DEBTCONSOLIDATION,C,3625,14.72,0.14,N,3,0
48121,23,29000,RENT,2.0,DEBTCONSOLIDATION,A,6000,7.14,0.21,N,3,0
48122,24,44000,RENT,2.0,EDUCATION,D,6300,15.95,0.14,N,4,1
48123,24,131400,RENT,4.0,MEDICAL,D,20000,14.96,0.13,Y,2,1
48124,23,56004,MORTGAGE,8.0,EDUCATION,A,6300,9.32,0.11,N,2,0
48125,30,70000,RENT,5.0,PERSONAL,B,12000,11.71,0.17,N,6,0
48126,23,72000,MORTGAGE,7.0,EDUCATION,B,8000,8.88,0.11,N,3,0
48127,24,100000,RENT,0.0,DEBTCONSOLIDATION,C,14000,12.87,0.14,Y,3,0
48128,23,120000,MORTGAGE,7.0,VENTURE,E,8000,15.68,0.07,N,4,0
48129,24,32000,RENT,1.0,EDUCATION,A,3125,7.14,0.1,N,3,0
48130,24,54000,RENT,5.0,EDUCATION,B,5000,9.62,0.09,N,2,0
48131,37,70000,MORTGAGE,7.0,VENTURE,A,5000,7.43,0.07,N,13,0
48132,36,50000,RENT,5.0,HOMEIMPROVEMENT,A,3000,6.76,0.06,N,11,0
48133,39,34000,RENT,14.0,DEBTCONSOLIDATION,D,6000,16.29,0.18,Y,11,1
48134,25,48996,RENT,0.0,VENTURE,D,1000,15.58,0.02,Y,4,1
48135,24,37596,OWN,8.0,VENTURE,A,12000,6.92,0.32,N,3,0
48136,23,48000,RENT,0.0,EDUCATION,C,5600,13.49,0.12,Y,4,0
48137,21,45996,RENT,1.0,EDUCATION,B,3600,11.83,0.08,N,3,0
48138,37,100000,MORTGAGE,11.0,PERSONAL,A,6000,7.88,0.06,N,16,0
48139,28,89028,RENT,3.0,DEBTCONSOLIDATION,C,30000,13.99,0.34,N,5,1
48140,28,43200,MORTGAGE,2.0,EDUCATION,A,9000,8.94,0.21,N,10,0
48141,43,29000,RENT,0.0,MEDICAL,D,6000,14.46,0.21,Y,11,1
48142,28,47000,RENT,1.0,MEDICAL,C,6000,15.96,0.13,N,5,0
48143,27,67700,MORTGAGE,4.0,EDUCATION,D,15000,16.77,0.22,Y,7,0
48144,28,58000,RENT,0.0,MEDICAL,C,16800,13.85,0.29,N,8,0
48145,24,141000,MORTGAGE,8.0,HOMEIMPROVEMENT,A,10000,6.03,0.07,N,4,0
48146,21,36000,RENT,1.0,MEDICAL,A,3000,7.49,0.08,N,4,0
48147,24,25000,RENT,2.0,MEDICAL,A,3000,7.29,0.12,N,4,0
48148,23,25200,RENT,5.0,PERSONAL,B,5000,10.37,0.2,N,2,0
48149,41,71400,MORTGAGE,15.0,PERSONAL,B,4000,11.36,0.05,N,12,0
48150,25,36000,RENT,4.0,MEDICAL,B,1800,10.36,0.05,N,4,0
48151,23,32000,RENT,1.0,EDUCATION,C,15000,12.87,0.47,Y,4,1
48152,24,57800,RENT,8.0,MEDICAL,B,20000,12.18,0.33,N,2,1
48153,24,35496,RENT,0.0,VENTURE,D,6800,13.24,0.2,Y,2,1
48154,31,90000,MORTGAGE,5.0,MEDICAL,A,11000,6.62,0.12,N,9,0
48155,22,30000,RENT,3.0,EDUCATION,A,6000,7.49,0.2,N,3,0
48156,31,140000,MORTGAGE,4.0,HOMEIMPROVEMENT,A,6500,6.03,0.05,N,6,0
48157,21,40000,RENT,1.0,MEDICAL,A,5500,7.29,0.14,N,3,0
48158,22,98240,RENT,6.0,VENTURE,E,18000,16.35,0.18,Y,3,0
48159,45,73000,MORTGAGE,13.0,PERSONAL,C,9000,13.47,0.12,N,16,1
48160,22,60000,MORTGAGE,7.0,EDUCATION,A,5000,7.51,0.08,N,4,0
48161,26,70000,MORTGAGE,6.0,PERSONAL,B,2000,11.11,0.03,N,2,0
48162,31,100000,MORTGAGE,7.0,MEDICAL,A,10000,5.42,0.1,N,5,0
48163,29,98000,MORTGAGE,2.0,VENTURE,B,6000,10.59,0.06,N,6,0
48164,25,26004,MORTGAGE,4.0,MEDICAL,B,5000,10.59,0.19,N,3,0
48165,32,68000,MORTGAGE,13.0,EDUCATION,B,3000,11.49,0.04,N,7,0
48166,46,125000,MORTGAGE,6.0,DEBTCONSOLIDATION,C,25000,12.73,0.2,Y,12,0
48167,38,36000,OWN,5.0,HOMEIMPROVEMENT,B,10000,12.42,0.28,N,16,0
48168,47,120000,MORTGAGE,3.0,VENTURE,C,6000,12.87,0.05,Y,16,0
48169,30,120000,MORTGAGE,2.0,MEDICAL,A,4800,7.88,0.04,N,9,0
48170,26,72000,RENT,6.0,MEDICAL,B,11200,11.99,0.16,N,3,0
48171,22,54000,RENT,6.0,HOMEIMPROVEMENT,D,5000,15.62,0.09,Y,3,1
48172,29,100000,MORTGAGE,13.0,VENTURE,A,10000,6.99,0.1,N,8,0
48173,24,72000,RENT,0.0,HOMEIMPROVEMENT,A,5000,8.9,0.07,N,3,0
48174,30,65000,RENT,5.0,MEDICAL,B,6000,11.71,0.09,N,10,0
48175,29,110000,MORTGAGE,5.0,HOMEIMPROVEMENT,B,7000,10.65,0.06,N,7,0
48176,57,150000,MORTGAGE,1.0,PERSONAL,B,20000,11.48,0.13,N,21,0
48177,22,40000,OWN,1.0,VENTURE,B,8000,12.18,0.2,N,3,0
48178,27,40000,RENT,2.0,MEDICAL,B,10000,11.71,0.25,N,5,0
48179,25,35000,MORTGAGE,0.0,MEDICAL,A,9000,8.59,0.26,N,3,0
48180,30,68000,MORTGAGE,5.0,EDUCATION,A,6000,7.49,0.09,N,9,0
48181,22,55000,MORTGAGE,6.0,VENTURE,A,4000,6.03,0.07,N,2,0
48182,37,45996,RENT,2.0,VENTURE,B,6000,10.38,0.13,N,14,0
48183,25,249999,RENT,2.0,PERSONAL,B,25000,10.08,0.1,N,3,0
48184,23,42000,RENT,1.0,EDUCATION,A,6000,9.63,0.14,N,2,0
48185,23,76066,RENT,10.0,DEBTCONSOLIDATION,D,24250,15.65,0.32,Y,3,1
48186,23,90000,RENT,7.0,PERSONAL,D,15000,14.42,0.17,Y,3,0
48187,31,55000,MORTGAGE,4.0,HOMEIMPROVEMENT,A,6000,6.91,0.11,N,10,0
48188,42,75000,MORTGAGE,11.0,VENTURE,B,9000,11.49,0.12,N,17,0
48189,24,60000,RENT,8.0,MEDICAL,B,4000,10.65,0.07,N,2,0
48190,23,38400,RENT,5.0,VENTURE,A,8000,7.49,0.21,N,3,0
48191,22,31200,RENT,0.0,HOMEIMPROVEMENT,D,2000,15.62,0.06,N,4,1
48192,31,75689,MORTGAGE,12.0,DEBTCONSOLIDATION,B,15000,11.36,0.2,N,9,0
48193,23,75000,OWN,7.0,EDUCATION,A,12000,7.51,0.16,N,4,0
48194,21,55000,RENT,5.0,PERSONAL,A,5400,7.29,0.1,N,4,0
48195,32,55000,MORTGAGE,4.0,DEBTCONSOLIDATION,A,5300,7.51,0.1,N,10,0
48196,26,54080,OWN,10.0,HOMEIMPROVEMENT,A,5000,7.51,0.09,N,3,0
48197,39,120000,MORTGAGE,14.0,PERSONAL,D,24250,16.07,0.2,N,14,0
48198,35,70000,MORTGAGE,7.0,EDUCATION,A,4000,7.51,0.06,N,9,0
48199,25,225000,RENT,9.0,DEBTCONSOLIDATION,B,5000,12.42,0.22,N,4,0
48200,22,50648,RENT,0.0,PERSONAL,A,4800,9.07,0.1,N,3,0
48201,26,53000,RENT,9.0,EDUCATION,A,7500,8.94,0.14,N,3,0
48202,34,31000,RENT,1.0,EDUCATION,A,1600,8.9,0.05,N,6,0
48203,26,130000,MORTGAGE,1.0,EDUCATION,E,7200,16.32,0.05,Y,2,0
48204,24,59000,MORTGAGE,5.0,HOMEIMPROVEMENT,A,9000,5.99,0.15,N,4,0
48205,21,30000,RENT,5.0,PERSONAL,D,10000,14.61,0.33,N,4,1
48206,23,87000,MORTGAGE,3.0,EDUCATION,B,15250,9.88,0.17,N,4,0
48207,33,38000,OWN,3.0,PERSONAL,A,11000,7.88,0.29,N,8,0
48208,28,64000,RENT,0.0,PERSONAL,C,12000,13.16,0.19,N,9,0
48209,28,44000,RENT,12.0,MEDICAL,C,9600,15.96,0.21,N,9,0
48210,24,60000,RENT,5.0,VENTURE,B,12000,10.65,0.2,N,4,0
48211,37,60000,RENT,5.0,MEDICAL,B,5000,9.99,0.08,N,14,0
48212,29,51996,MORTGAGE,13.0,EDUCATION,A,9600,5.42,0.18,N,7,0
48213,24,85000,MORTGAGE,1.0,DEBTCONSOLIDATION,B,9000,10.36,0.11,N,4,0
48214,25,24000,RENT,2.0,DEBTCONSOLIDATION,A,5000,7.4,0.21,N,3,0
48215,40,16800,RENT,0.0,VENTURE,A,2450,8.94,0.15,N,14,0
48216,22,48000,RENT,0.0,EDUCATION,B,1000,10.65,0.02,N,2,0
48217,28,54000,RENT,9.0,PERSONAL,D,25000,16.49,0.46,N,6,1
48218,41,60000,MORTGAGE,6.0,DEBTCONSOLIDATION,C,17000,14.65,0.28,Y,15,0
48219,22,26400,MORTGAGE,4.0,VENTURE,A,8500,7.51,0.32,N,3,0
48220,29,120000,MORTGAGE,12.0,EDUCATION,A,6000,8.9,0.05,N,9,0
48221,27,60000,MORTGAGE,1.0,EDUCATION,D,8000,16.0,0.13,Y,8,0
48222,25,52000,RENT,0.0,DEBTCONSOLIDATION,A,2400,8.9,0.05,N,2,0
48223,25,45000,MORTGAGE,9.0,HOMEIMPROVEMENT,A,5000,6.76,0.11,N,3,0
48224,27,20000,RENT,1.0,MEDICAL,A,4000,8.49,0.2,N,10,0
48225,21,57000,OWN,5.0,VENTURE,A,15000,7.9,0.26,N,2,0
48226,32,65000,MORTGAGE,0.0,EDUCATION,A,3000,6.92,0.05,N,10,0
48227,24,75000,MORTGAGE,8.0,PERSONAL,A,10200,6.03,0.14,N,3,0
48228,61,55000,RENT,2.0,PERSONAL,B,3000,9.62,0.05,N,27,0
48229,25,58650,RENT,0.0,MEDICAL,E,25000,17.74,0.36,N,2,1
48230,28,99000,MORTGAGE,12.0,DEBTCONSOLIDATION,D,12000,14.59,0.12,Y,8,1
48231,42,54000,RENT,6.0,EDUCATION,B,3400,10.99,0.06,N,15,0
48232,33,34988,RENT,0.0,DEBTCONSOLIDATION,C,15000,13.61,0.43,N,5,1
48233,62,56400,RENT,1.0,DEBTCONSOLIDATION,D,3000,12.61,0.05,Y,29,1
48234,22,45000,MORTGAGE,6.0,DEBTCONSOLIDATION,C,1000,12.73,0.02,N,2,0
48235,29,70000,OWN,13.0,VENTURE,A,16000,6.03,0.23,N,6,0
48236,26,50000,MORTGAGE,0.0,EDUCATION,B,2500,12.18,0.05,N,2,0
48237,23,45000,RENT,3.0,VENTURE,C,6800,13.06,0.15,N,2,0
48238,25,55200,RENT,3.0,MEDICAL,A,4800,7.9,0.09,N,2,0
48239,23,60000,RENT,1.0,EDUCATION,A,5000,6.62,0.08,N,4,0
48240,27,69996,RENT,0.0,HOMEIMPROVEMENT,B,6000,10.75,0.09,N,9,0
48241,25,50000,MORTGAGE,9.0,HOMEIMPROVEMENT,A,10000,5.79,0.2,N,4,0
48242,21,26000,MORTGAGE,2.0,VENTURE,C,5500,13.16,0.21,N,2,0
48243,29,51360,RENT,0.0,HOMEIMPROVEMENT,A,10000,8.49,0.19,N,10,0
48244,38,45000,MORTGAGE,6.0,PERSONAL,A,4000,6.99,0.09,N,14,0
48245,46,65000,RENT,11.0,MEDICAL,A,7000,7.51,0.11,N,13,0
48246,29,170000,MORTGAGE,6.0,PERSONAL,B,15000,11.12,0.09,N,9,0
48247,26,50000,MORTGAGE,2.0,VENTURE,B,10800,10.75,0.21,N,4,0
48248,22,31200,RENT,3.0,EDUCATION,D,2750,15.21,0.09,Y,2,0
48249,27,50000,RENT,4.0,EDUCATION,A,15000,7.88,0.3,N,6,0
48250,22,40000,RENT,3.0,PERSONAL,B,5600,10.75,0.14,N,2,0
48251,22,37000,RENT,3.0,EDUCATION,B,10000,10.99,0.27,N,2,0
48252,32,70000,RENT,6.0,PERSONAL,A,12000,7.14,0.17,N,9,0
48253,30,30000,RENT,5.0,DEBTCONSOLIDATION,B,1500,11.12,0.05,N,5,0
48254,23,35000,RENT,2.0,VENTURE,A,5000,7.29,0.14,N,2,0
48255,27,25200,RENT,0.0,EDUCATION,A,6000,7.46,0.24,N,7,0
48256,25,50000,MORTGAGE,5.0,PERSONAL,A,9000,7.14,0.18,N,4,0
48257,22,27600,RENT,3.0,DEBTCONSOLIDATION,B,4000,11.49,0.15,N,4,0
48258,28,90000,OWN,0.0,MEDICAL,A,12000,8.94,0.13,N,6,0
48259,25,156600,MORTGAGE,8.0,MEDICAL,B,25000,11.48,0.16,N,4,0
48260,29,60000,RENT,3.0,DEBTCONSOLIDATION,C,8000,13.49,0.13,N,6,0
48261,23,38400,RENT,4.0,DEBTCONSOLIDATION,A,1000,6.03,0.03,N,4,0
48262,27,60000,RENT,3.0,EDUCATION,A,5000,7.49,0.08,N,9,1
48263,27,140000,RENT,6.0,EDUCATION,D,20000,14.09,0.14,N,9,0
48264,27,46000,RENT,3.0,MEDICAL,B,5000,9.99,0.11,N,7,0
48265,25,54000,MORTGAGE,9.0,PERSONAL,C,12000,14.27,0.22,N,4,0
48266,29,140000,MORTGAGE,9.0,EDUCATION,A,12000,7.88,0.09,N,8,0
48267,30,70550,MORTGAGE,3.0,MEDICAL,E,15000,15.68,0.16,Y,7,1
48268,35,80000,MORTGAGE,6.0,MEDICAL,A,12000,5.99,0.15,N,9,0
48269,29,65000,MORTGAGE,1.0,HOMEIMPROVEMENT,B,10000,12.42,0.15,N,9,0
48270,29,42000,RENT,0.0,DEBTCONSOLIDATION,B,6000,11.48,0.14,N,7,0
48271,23,43000,RENT,1.0,MEDICAL,C,3000,13.79,0.07,N,3,0
48272,30,60000,MORTGAGE,5.0,MEDICAL,A,14500,6.54,0.23,N,8,0
48273,33,50004,RENT,8.0,EDUCATION,D,4000,15.05,0.08,N,6,0
48274,22,42000,RENT,4.0,MEDICAL,A,3000,7.29,0.07,N,4,0
48275,32,55000,OWN,0.0,HOMEIMPROVEMENT,B,14000,10.01,0.26,N,9,0
48276,32,56000,RENT,7.0,VENTURE,D,13000,16.29,0.23,Y,9,0
48277,45,36000,RENT,4.0,MEDICAL,D,5500,14.61,0.15,Y,16,0
48278,23,36000,RENT,3.0,DEBTCONSOLIDATION,A,5500,5.79,0.15,N,4,0
48279,23,40000,RENT,2.0,PERSONAL,B,2000,10.99,0.05,N,4,0
48280,28,37500,RENT,2.0,EDUCATION,B,3300,10.37,0.09,N,8,0
48281,29,104000,MORTGAGE,2.0,HOMEIMPROVEMENT,C,13800,14.79,0.13,Y,5,0
48282,23,33000,RENT,2.0,MEDICAL,A,2875,5.79,0.09,N,2,0
48283,27,72000,MORTGAGE,4.0,EDUCATION,A,8000,6.76,0.11,N,10,0
48284,33,95000,MORTGAGE,7.0,VENTURE,B,20000,11.49,0.21,N,7,0
48285,24,75000,RENT,8.0,VENTURE,B,6000,11.71,0.08,N,3,0
48286,23,66000,MORTGAGE,4.0,EDUCATION,B,5000,12.18,0.08,N,4,0
48287,48,70000,MORTGAGE,31.0,HOMEIMPROVEMENT,A,9000,8.94,0.13,N,8,0
48288,27,50000,MORTGAGE,11.0,VENTURE,A,6000,7.49,0.12,N,7,0
48289,23,62050,MORTGAGE,5.0,MEDICAL,D,30000,17.99,0.41,Y,2,1
48290,25,133900,MORTGAGE,9.0,HOMEIMPROVEMENT,C,7500,13.49,0.06,Y,2,0
48291,43,80004,RENT,0.0,PERSONAL,B,20000,11.11,0.25,N,12,0
48292,36,150000,MORTGAGE,1.0,VENTURE,A,12000,7.29,0.08,N,15,0
48293,27,50000,RENT,0.0,HOMEIMPROVEMENT,B,7000,10.59,0.14,N,5,0
48294,22,45000,RENT,0.0,EDUCATION,D,15000,14.96,0.33,Y,4,1
48295,27,35000,MORTGAGE,11.0,DEBTCONSOLIDATION,A,5000,7.66,0.14,N,7,0
48296,27,125000,MORTGAGE,11.0,DEBTCONSOLIDATION,A,8000,9.63,0.06,N,10,0
48297,35,31000,RENT,14.0,MEDICAL,D,11000,14.09,0.36,N,6,1
48298,38,70356,MORTGAGE,12.0,EDUCATION,A,6000,7.88,0.09,N,13,0
48299,27,68000,RENT,2.0,VENTURE,C,14800,13.8,0.22,N,5,0
48300,30,50000,MORTGAGE,11.0,EDUCATION,A,10000,7.88,0.2,N,8,0
48301,28,30000,MORTGAGE,0.0,DEBTCONSOLIDATION,D,4400,14.61,0.15,N,6,1
48302,34,74872,RENT,3.0,MEDICAL,B,20000,11.36,0.22,N,9,1
48303,30,110000,MORTGAGE,1.0,PERSONAL,B,4000,10.99,0.04,N,5,0
48304,24,70000,RENT,1.0,HOMEIMPROVEMENT,B,10000,12.21,0.14,N,4,0
48305,23,36000,MORTGAGE,7.0,EDUCATION,B,8500,10.59,0.25,N,3,0
48306,26,90000,MORTGAGE,10.0,MEDICAL,A,5000,6.03,0.06,N,4,0
48307,27,60000,MORTGAGE,11.0,HOMEIMPROVEMENT,A,6000,6.62,0.1,N,9,0
48308,26,48000,MORTGAGE,10.0,VENTURE,A,7000,7.88,0.15,N,2,0
48309,24,87600,MORTGAGE,8.0,PERSONAL,A,3600,5.99,0.04,N,4,0
48310,24,27600,RENT,1.0,MEDICAL,B,5000,10.74,0.18,N,2,1
48311,23,44000,RENT,1.0,PERSONAL,C,5000,14.17,0.11,Y,3,1
48312,24,70000,MORTGAGE,8.0,HOMEIMPROVEMENT,A,3000,7.9,0.04,N,2,0
48313,27,65000,RENT,7.0,EDUCATION,E,7200,17.88,0.11,Y,8,1
48314,48,52800,MORTGAGE,6.0,PERSONAL,A,5600,7.49,0.11,N,13,0
48315,28,100000,RENT,2.0,PERSONAL,B,8000,12.18,0.08,N,8,0
48316,28,180000,MORTGAGE,4.0,PERSONAL,C,20000,14.26,0.11,N,10,0
48317,22,60000,RENT,5.0,MEDICAL,B,14000,11.14,0.23,N,3,0
48318,25,52000,RENT,5.0,EDUCATION,B,16000,10.25,0.31,N,4,1
48319,29,80000,MORTGAGE,13.0,PERSONAL,B,20000,11.71,0.25,N,9,0
48320,22,56000,RENT,3.0,DEBTCONSOLIDATION,C,18000,13.48,0.32,Y,4,1
48321,26,35000,RENT,6.0,DEBTCONSOLIDATION,D,5000,14.96,0.14,N,2,1
48322,22,40000,RENT,1.0,EDUCATION,A,2100,6.03,0.05,N,2,0
48323,23,36000,MORTGAGE,4.0,PERSONAL,A,1200,8.9,0.03,N,2,0
48324,40,110000,MORTGAGE,5.0,EDUCATION,B,16000,10.25,0.15,N,13,0
48325,29,35000,RENT,7.0,MEDICAL,D,13000,16.49,0.38,N,10,1
48326,23,81000,MORTGAGE,7.0,PERSONAL,B,11000,9.91,0.14,N,4,0
48327,27,115000,RENT,4.0,EDUCATION,A,24000,7.9,0.22,N,10,0
48328,29,50000,RENT,3.0,EDUCATION,C,5000,12.87,0.1,N,8,0
48329,27,49000,MORTGAGE,0.0,MEDICAL,A,6000,6.03,0.12,N,10,0
48330,30,40000,RENT,2.0,VENTURE,A,3000,6.99,0.07,N,8,0
48331,30,150000,MORTGAGE,4.0,MEDICAL,A,9600,7.49,0.07,N,9,0
48332,27,42504,MORTGAGE,5.0,PERSONAL,B,7200,10.59,0.17,N,9,0
48333,30,71500,RENT,2.0,HOMEIMPROVEMENT,B,8000,12.53,0.11,N,8,0
48334,27,50000,MORTGAGE,8.0,DEBTCONSOLIDATION,B,3000,11.49,0.06,N,6,0
48335,32,100000,MORTGAGE,2.0,VENTURE,B,14000,11.49,0.14,N,9,0
48336,39,60000,RENT,12.0,EDUCATION,B,25000,10.99,0.42,N,14,1
48337,23,70000,RENT,1.0,EDUCATION,B,5000,8.88,0.07,N,2,0
48338,38,50000,MORTGAGE,16.0,PERSONAL,B,12000,9.91,0.24,N,17,0
48339,30,140000,MORTGAGE,14.0,PERSONAL,A,6000,5.42,0.04,N,10,0
48340,25,30000,MORTGAGE,3.0,VENTURE,A,10000,6.99,0.33,N,3,0
48341,21,57000,MORTGAGE,5.0,DEBTCONSOLIDATION,A,3000,6.62,0.05,N,3,0
48342,28,45000,RENT,1.0,DEBTCONSOLIDATION,D,12250,14.09,0.27,Y,6,1
48343,33,60000,RENT,2.0,EDUCATION,A,7200,8.49,0.12,N,6,0
48344,25,55000,MORTGAGE,10.0,DEBTCONSOLIDATION,C,6000,14.22,0.11,Y,3,0
48345,24,30000,RENT,3.0,EDUCATION,B,5600,10.37,0.19,N,2,0
48346,26,51996,RENT,8.0,MEDICAL,B,6000,10.75,0.12,N,2,0
48347,27,65000,MORTGAGE,3.0,HOMEIMPROVEMENT,A,13000,7.9,0.2,N,9,0
48348,22,60000,RENT,6.0,VENTURE,A,7000,6.92,0.12,N,2,0
48349,26,33600,RENT,8.0,PERSONAL,D,9600,14.91,0.28,N,3,0
48350,35,50000,RENT,3.0,MEDICAL,C,7000,12.53,0.14,N,8,0
48351,22,49000,RENT,6.0,PERSONAL,B,6000,11.71,0.12,N,4,0
48352,23,110000,RENT,5.0,DEBTCONSOLIDATION,B,25000,9.91,0.23,N,2,0
48353,28,55000,RENT,3.0,MEDICAL,B,8000,10.62,0.15,N,8,0
48354,25,54000,MORTGAGE,5.0,VENTURE,A,10000,7.14,0.19,N,4,0
48355,27,60000,RENT,2.0,EDUCATION,B,4000,11.14,0.07,N,9,0
48356,23,60000,MORTGAGE,7.0,VENTURE,A,3000,5.99,0.05,N,2,0
48357,21,91700,RENT,3.0,VENTURE,A,10000,9.07,0.11,N,2,0
48358,22,73000,RENT,7.0,HOMEIMPROVEMENT,A,12000,7.49,0.16,N,2,1
48359,30,49000,RENT,2.0,HOMEIMPROVEMENT,C,8500,13.49,0.17,Y,9,1
48360,26,150000,MORTGAGE,7.0,EDUCATION,B,12000,11.99,0.08,N,3,0
48361,24,60000,RENT,8.0,VENTURE,B,6000,10.99,0.1,N,3,0
48362,21,55000,RENT,5.0,MEDICAL,B,8000,10.65,0.15,N,2,0
48363,23,50000,MORTGAGE,7.0,VENTURE,A,5000,7.51,0.1,N,3,0
48364,28,36000,RENT,12.0,EDUCATION,B,16000,11.49,0.43,N,10,1
48365,37,40000,RENT,2.0,MEDICAL,B,3000,12.69,0.07,N,13,0
48366,21,49000,MORTGAGE,5.0,MEDICAL,A,3500,6.99,0.07,N,4,0
48367,22,28800,RENT,1.0,MEDICAL,C,1825,15.27,0.06,Y,3,1
48368,29,40000,MORTGAGE,13.0,DEBTCONSOLIDATION,A,6000,5.79,0.15,N,8,0
48369,28,72000,RENT,6.0,MEDICAL,A,6500,7.9,0.09,N,5,0
48370,23,72000,MORTGAGE,3.0,DEBTCONSOLIDATION,A,5600,6.62,0.08,N,4,0
48371,22,36000,MORTGAGE,0.0,EDUCATION,A,10000,7.88,0.28,N,4,0
48372,24,75000,MORTGAGE,5.0,PERSONAL,A,12000,6.62,0.16,N,4,0
48373,27,57000,MORTGAGE,11.0,VENTURE,A,2500,6.76,0.04,N,5,0
48374,44,118000,MORTGAGE,4.0,VENTURE,D,15000,15.05,0.13,Y,15,1
48375,30,75000,RENT,4.0,DEBTCONSOLIDATION,C,10000,13.47,0.13,Y,9,0
48376,29,50000,RENT,4.0,PERSONAL,B,9000,11.14,0.18,N,7,0
48377,23,70000,MORTGAGE,4.0,DEBTCONSOLIDATION,C,8000,13.22,0.11,Y,3,0
48378,31,82000,MORTGAGE,9.0,EDUCATION,B,11750,10.99,0.14,N,8,0
48379,29,51850,MORTGAGE,2.0,MEDICAL,D,3500,14.96,0.06,N,9,1
48380,22,64000,RENT,6.0,EDUCATION,B,10000,11.11,0.16,N,3,0
48381,30,35000,RENT,4.0,PERSONAL,D,6000,14.96,0.17,Y,10,0
48382,70,17000,RENT,0.0,PERSONAL,B,1500,10.38,0.09,N,21,1
48383,26,65000,MORTGAGE,10.0,DEBTCONSOLIDATION,A,10000,7.88,0.15,N,3,0
48384,31,59000,RENT,9.0,EDUCATION,A,8400,7.51,0.14,N,5,1
48385,25,28500,RENT,0.0,DEBTCONSOLIDATION,B,7000,10.0,0.25,N,2,0
48386,25,132652,RENT,10.0,MEDICAL,A,8000,8.49,0.06,N,2,0
48387,28,43500,RENT,12.0,MEDICAL,C,10000,13.35,0.23,N,7,0
48388,29,38000,RENT,0.0,EDUCATION,A,3000,5.99,0.08,N,5,0
48389,25,35364,MORTGAGE,3.0,VENTURE,A,10000,9.32,0.28,N,2,0
48390,33,50000,RENT,4.0,HOMEIMPROVEMENT,C,15000,14.22,0.3,Y,6,1
48391,26,70000,MORTGAGE,10.0,PERSONAL,B,5000,9.91,0.07,N,4,0
48392,24,65000,RENT,8.0,PERSONAL,A,8000,7.51,0.12,N,4,0
48393,22,26500,MORTGAGE,5.0,PERSONAL,A,5875,7.51,0.22,N,4,0
48394,21,50000,MORTGAGE,3.0,EDUCATION,C,25000,12.87,0.48,N,3,0
48395,23,36000,MORTGAGE,7.0,EDUCATION,D,14500,12.61,0.4,Y,3,0
48396,26,40000,RENT,4.0,EDUCATION,D,5000,14.61,0.13,Y,3,0
48397,29,60000,MORTGAGE,13.0,HOMEIMPROVEMENT,C,12000,13.22,0.21,Y,7,0
48398,24,80000,RENT,6.0,EDUCATION,A,7000,6.54,0.09,N,4,0
48399,35,78000,MORTGAGE,14.0,DEBTCONSOLIDATION,A,5500,7.66,0.07,N,5,1
48400,23,57744,MORTGAGE,7.0,VENTURE,B,2800,11.86,0.05,N,3,0
48401,24,96000,MORTGAGE,1.0,HOMEIMPROVEMENT,B,12000,9.99,0.13,N,3,0
48402,22,57000,MORTGAGE,6.0,EDUCATION,B,6000,10.65,0.11,N,2,0
48403,30,60000,MORTGAGE,11.0,DEBTCONSOLIDATION,B,15000,11.86,0.25,N,8,0
48404,25,50000,RENT,1.0,HOMEIMPROVEMENT,B,14000,10.0,0.28,N,3,0
48405,21,46000,RENT,5.0,VENTURE,C,14000,13.48,0.29,N,4,1
48406,31,60000,RENT,2.0,MEDICAL,B,4000,12.18,0.07,N,6,0
48407,24,90000,RENT,0.0,HOMEIMPROVEMENT,A,4800,7.49,0.05,N,2,0
48408,31,150000,MORTGAGE,5.0,DEBTCONSOLIDATION,B,15000,10.25,0.1,N,9,0
48409,27,75000,MORTGAGE,11.0,VENTURE,A,7500,5.42,0.1,N,7,0
48410,28,30000,RENT,3.0,VENTURE,B,5000,10.38,0.17,N,7,0
48411,23,60000,OWN,2.0,EDUCATION,B,10000,12.18,0.17,N,2,0
48412,23,106000,MORTGAGE,7.0,DEBTCONSOLIDATION,A,2000,5.99,0.02,N,3,0
48413,28,43495,OWN,5.0,EDUCATION,E,15000,17.51,0.35,N,8,0
48414,28,73000,RENT,6.0,PERSONAL,A,1000,8.0,0.01,N,5,0
48415,29,900000,MORTGAGE,4.0,PERSONAL,C,19600,13.43,0.02,Y,6,0
48416,25,125000,MORTGAGE,5.0,HOMEIMPROVEMENT,C,20000,13.22,0.16,N,3,0
48417,39,60000,MORTGAGE,19.0,HOMEIMPROVEMENT,C,21000,13.43,0.35,Y,17,0
48418,27,40000,MORTGAGE,3.0,MEDICAL,B,12000,10.75,0.3,N,5,0
48419,25,41000,RENT,0.0,MEDICAL,B,15000,11.89,0.37,N,4,1
48420,25,48000,RENT,0.0,EDUCATION,A,1000,7.29,0.02,N,2,0
48421,39,96000,RENT,0.0,EDUCATION,C,3800,15.23,0.04,Y,13,0
48422,28,30000,RENT,1.0,MEDICAL,B,5000,11.89,0.17,N,8,0
48423,23,30000,RENT,1.0,PERSONAL,D,6000,15.05,0.2,N,3,1
48424,22,64000,MORTGAGE,6.0,DEBTCONSOLIDATION,A,14000,5.99,0.22,N,2,0
48425,21,37000,RENT,3.0,DEBTCONSOLIDATION,A,15000,6.62,0.41,N,2,1
48426,23,144000,MORTGAGE,2.0,MEDICAL,A,5000,8.9,0.03,N,3,0
48427,34,72000,MORTGAGE,4.0,HOMEIMPROVEMENT,B,24000,11.49,0.33,N,9,0
48428,22,70550,RENT,6.0,MEDICAL,E,35000,16.77,0.42,Y,2,1
48429,26,31200,RENT,4.0,MEDICAL,D,4000,16.49,0.13,Y,3,0
48430,23,42000,MORTGAGE,4.0,MEDICAL,A,3200,7.49,0.08,N,4,0
48431,37,60000,RENT,0.0,MEDICAL,C,12000,13.98,0.2,Y,15,0
48432,22,30000,RENT,4.0,EDUCATION,B,2000,10.38,0.07,N,3,0
48433,24,55000,MORTGAGE,8.0,PERSONAL,A,1500,6.99,0.03,N,4,0
48434,22,43200,MORTGAGE,6.0,VENTURE,A,3000,6.17,0.07,N,2,0
48435,22,85000,MORTGAGE,4.0,VENTURE,A,7500,7.49,0.09,N,2,0
48436,27,63000,MORTGAGE,5.0,DEBTCONSOLIDATION,A,7000,8.49,0.11,N,6,0
48437,26,35000,RENT,4.0,MEDICAL,B,9000,10.99,0.25,N,2,0
48438,22,24000,OWN,3.0,MEDICAL,D,6000,14.61,0.25,Y,4,0
48439,28,40000,RENT,1.0,DEBTCONSOLIDATION,A,7000,6.76,0.17,N,7,0
48440,24,68000,MORTGAGE,5.0,PERSONAL,B,4000,11.12,0.06,N,2,0
48441,29,100000,MORTGAGE,5.0,MEDICAL,C,16000,13.11,0.16,Y,8,0
48442,23,39996,RENT,1.0,VENTURE,B,1500,10.37,0.04,N,3,0
48443,24,30000,RENT,5.0,DEBTCONSOLIDATION,B,4800,11.36,0.16,N,4,0
48444,23,42000,RENT,3.0,EDUCATION,C,4500,12.99,0.11,Y,4,0
48445,36,80000,RENT,5.0,PERSONAL,A,10000,8.9,0.13,N,12,0
48446,33,45000,MORTGAGE,6.0,EDUCATION,B,5000,11.36,0.11,N,9,0
48447,60,85000,MORTGAGE,2.0,PERSONAL,C,8000,13.23,0.09,Y,27,0
48448,43,36000,RENT,2.0,HOMEIMPROVEMENT,B,2800,9.91,0.08,N,13,1
48449,23,50000,MORTGAGE,7.0,EDUCATION,F,9000,19.47,0.18,Y,3,0
48450,57,70000,MORTGAGE,0.0,PERSONAL,A,3500,5.42,0.05,N,21,0
48451,23,100000,RENT,5.0,EDUCATION,B,4800,9.62,0.05,N,4,0
48452,22,40000,MORTGAGE,6.0,DEBTCONSOLIDATION,A,3000,6.76,0.07,N,2,0
48453,32,72000,MORTGAGE,10.0,HOMEIMPROVEMENT,A,8000,5.42,0.11,N,8,0
48454,27,25000,OWN,3.0,VENTURE,B,3000,11.83,0.12,N,10,0
48455,31,80000,RENT,3.0,HOMEIMPROVEMENT,C,3000,12.68,0.04,N,9,0
48456,26,85000,RENT,4.0,EDUCATION,B,5000,10.0,0.06,N,3,0
48457,36,66500,MORTGAGE,0.0,VENTURE,B,12000,12.42,0.18,N,14,0
48458,36,120000,MORTGAGE,13.0,MEDICAL,C,12000,13.49,0.1,Y,12,0
48459,27,175000,MORTGAGE,11.0,EDUCATION,A,7000,6.99,0.04,N,8,0
48460,27,45000,MORTGAGE,4.0,DEBTCONSOLIDATION,A,7000,8.94,0.16,N,10,0
48461,27,60000,RENT,0.0,VENTURE,C,15000,12.84,0.25,N,9,1
48462,27,48000,MORTGAGE,6.0,EDUCATION,A,6000,6.91,0.13,N,5,0
48463,22,78700,MORTGAGE,6.0,MEDICAL,C,7000,13.98,0.09,N,2,0
48464,22,56000,MORTGAGE,5.0,EDUCATION,A,10000,7.51,0.18,N,4,0
48465,23,30000,OWN,5.0,EDUCATION,C,4000,15.27,0.13,N,2,0
48466,22,100000,MORTGAGE,2.0,MEDICAL,B,15000,10.62,0.15,N,3,0
48467,24,90000,MORTGAGE,2.0,DEBTCONSOLIDATION,A,10000,7.51,0.11,N,3,0
48468,28,50000,RENT,4.0,EDUCATION,B,16000,10.25,0.32,N,6,0
48469,25,360000,RENT,4.0,EDUCATION,A,21000,7.9,0.06,N,3,0
48470,24,74000,RENT,0.0,EDUCATION,C,12000,14.22,0.16,N,2,0
48471,29,31400,RENT,0.0,MEDICAL,B,3000,11.71,0.1,N,6,1
48472,31,140000,RENT,3.0,EDUCATION,E,24000,17.88,0.17,N,10,0
48473,42,60000,MORTGAGE,2.0,DEBTCONSOLIDATION,A,15000,6.03,0.25,N,13,0
48474,24,91800,MORTGAGE,4.0,MEDICAL,D,25000,15.58,0.23,Y,4,1
48475,23,92000,MORTGAGE,1.0,VENTURE,C,16000,14.17,0.17,Y,4,0
48476,24,62000,MORTGAGE,7.0,DEBTCONSOLIDATION,C,17400,14.72,0.28,Y,2,0
48477,27,130104,MORTGAGE,3.0,VENTURE,B,3000,10.38,0.02,N,7,0
48478,31,30000,RENT,0.0,PERSONAL,A,8000,7.74,0.27,N,9,0
48479,26,95000,MORTGAGE,0.0,PERSONAL,A,2400,5.42,0.03,N,3,0
48480,34,115000,MORTGAGE,13.0,MEDICAL,A,18000,7.9,0.16,N,5,0
48481,34,88512,MORTGAGE,6.0,PERSONAL,A,5000,5.79,0.06,N,7,0
48482,25,86000,MORTGAGE,9.0,MEDICAL,A,16000,6.03,0.19,N,4,0
48483,31,90000,MORTGAGE,5.0,EDUCATION,F,15000,18.21,0.17,Y,9,0
48484,23,131004,MORTGAGE,9.0,EDUCATION,B,25000,9.99,0.19,N,3,0
48485,31,65004,RENT,15.0,MEDICAL,D,12000,14.09,0.18,Y,9,0
48486,22,60000,MORTGAGE,6.0,EDUCATION,B,2000,9.63,0.03,N,2,0
48487,33,48000,RENT,0.0,MEDICAL,B,4000,11.48,0.08,N,6,0
48488,23,60000,MORTGAGE,2.0,VENTURE,B,10000,10.37,0.17,N,4,0
48489,38,72000,MORTGAGE,8.0,HOMEIMPROVEMENT,A,6600,7.51,0.09,N,13,0
48490,27,33000,MORTGAGE,11.0,PERSONAL,A,7000,7.88,0.21,N,9,0
48491,23,30000,RENT,3.0,DEBTCONSOLIDATION,C,10000,13.98,0.33,Y,4,1
48492,28,42000,MORTGAGE,3.0,VENTURE,C,4800,14.35,0.11,N,8,0
48493,23,30000,RENT,0.0,PERSONAL,B,7500,12.21,0.25,N,3,1
48494,33,55000,OWN,2.0,EDUCATION,A,7000,7.51,0.13,N,9,0
48495,22,50000,RENT,4.0,MEDICAL,B,9000,11.58,0.18,N,3,0
48496,23,50000,RENT,1.0,EDUCATION,A,10000,8.94,0.2,N,3,0
48497,40,55236,RENT,17.0,HOMEIMPROVEMENT,D,5000,15.05,0.09,Y,14,0
48498,39,59000,RENT,3.0,MEDICAL,D,12000,16.49,0.2,Y,17,1
48499,23,32198,MORTGAGE,2.0,EDUCATION,B,1000,11.99,0.03,N,4,0
48500,28,78000,MORTGAGE,4.0,HOMEIMPROVEMENT,B,20000,10.0,0.26,N,5,0
48501,22,52800,MORTGAGE,3.0,DEBTCONSOLIDATION,B,13000,9.76,0.26,N,4,0
48502,42,90000,RENT,6.0,MEDICAL,A,13000,6.62,0.14,N,17,0
48503,30,65004,MORTGAGE,4.0,VENTURE,C,3000,13.23,0.05,N,10,0
48504,24,44000,OWN,0.0,EDUCATION,C,14000,13.92,0.32,N,3,0
48505,21,36000,OWN,5.0,VENTURE,A,7000,5.42,0.19,N,3,0
48506,37,60000,RENT,2.0,EDUCATION,A,15000,6.03,0.25,N,13,0
48507,30,47908,MORTGAGE,5.0,VENTURE,B,10400,10.0,0.22,N,6,0
48508,27,150000,MORTGAGE,6.0,EDUCATION,D,10000,17.49,0.07,N,7,0
48509,26,57312,RENT,3.0,PERSONAL,B,5000,9.91,0.09,N,2,0
48510,21,42000,MORTGAGE,5.0,VENTURE,A,5000,7.51,0.12,N,4,0
48511,24,75000,MORTGAGE,1.0,PERSONAL,A,12000,7.9,0.16,N,3,0
48512,24,80000,MORTGAGE,2.0,PERSONAL,C,5000,10.59,0.06,N,3,0
48513,22,78000,RENT,6.0,MEDICAL,B,8000,12.42,0.1,N,4,0
48514,25,51500,RENT,7.0,MEDICAL,D,15000,14.42,0.29,N,2,1
48515,23,60000,MORTGAGE,0.0,EDUCATION,B,2500,10.36,0.04,N,4,0
48516,21,32000,RENT,1.0,EDUCATION,C,7000,13.72,0.23,Y,3,0
48517,39,60000,OWN,4.0,VENTURE,A,10000,7.51,0.17,N,13,0
48518,27,70000,OWN,11.0,PERSONAL,A,4800,5.99,0.07,N,7,0
48519,28,115000,MORTGAGE,4.0,VENTURE,A,19000,6.99,0.17,N,7,0
48520,22,50000,RENT,0.0,EDUCATION,B,20000,11.71,0.4,N,3,0
48521,38,65000,MORTGAGE,8.0,VENTURE,A,5600,7.49,0.09,N,15,0
48522,25,99800,MORTGAGE,1.0,MEDICAL,A,12000,8.94,0.12,N,3,0
48523,27,33600,RENT,0.0,PERSONAL,B,3200,11.99,0.1,N,10,0
48524,22,60000,MORTGAGE,6.0,MEDICAL,A,15000,7.88,0.25,N,3,0
48525,22,70000,MORTGAGE,6.0,EDUCATION,A,8400,7.51,0.12,N,4,0
48526,22,68000,MORTGAGE,6.0,EDUCATION,D,10000,14.61,0.15,N,3,0
48527,23,85000,MORTGAGE,1.0,EDUCATION,A,7500,6.03,0.09,N,2,0
48528,27,80000,MORTGAGE,8.0,PERSONAL,B,18000,10.38,0.23,N,7,0
48529,25,75000,MORTGAGE,0.0,HOMEIMPROVEMENT,B,6000,10.75,0.08,N,4,0
48530,23,36000,RENT,5.0,DEBTCONSOLIDATION,C,2100,14.17,0.06,N,4,0
48531,25,55000,RENT,4.0,MEDICAL,A,14000,7.51,0.25,N,4,0
48532,24,30000,RENT,1.0,PERSONAL,B,8000,10.99,0.27,N,4,0
48533,36,130000,MORTGAGE,5.0,PERSONAL,A,20000,7.88,0.15,N,14,0
48534,21,78000,MORTGAGE,5.0,EDUCATION,A,10000,6.62,0.13,N,4,0
48535,27,108000,RENT,11.0,HOMEIMPROVEMENT,E,10000,16.95,0.09,Y,7,1
48536,22,40000,RENT,1.0,VENTURE,A,12000,7.88,0.3,N,4,0
48537,24,56400,RENT,0.0,EDUCATION,A,7000,7.29,0.12,N,3,0
48538,38,48000,OWN,9.0,VENTURE,A,4000,5.42,0.08,N,11,0
48539,27,35000,MORTGAGE,3.0,HOMEIMPROVEMENT,C,4500,14.65,0.13,Y,8,0
48540,24,110000,MORTGAGE,8.0,HOMEIMPROVEMENT,A,12000,7.88,0.11,N,4,0
48541,25,55000,MORTGAGE,3.0,EDUCATION,A,9000,7.49,0.16,N,2,0
48542,24,130000,MORTGAGE,8.0,VENTURE,C,5000,13.79,0.04,N,2,0
48543,31,132000,MORTGAGE,4.0,PERSONAL,A,15000,7.88,0.11,N,10,0
48544,23,59000,MORTGAGE,5.0,MEDICAL,D,12000,15.62,0.19,Y,3,1
48545,26,50000,OWN,4.0,MEDICAL,A,8000,8.9,0.16,N,2,0
48546,34,93100,RENT,1.0,PERSONAL,D,12000,14.84,0.13,N,2,0
48547,38,54000,RENT,4.0,EDUCATION,D,9000,16.77,0.17,N,11,0
48548,24,35000,OWN,4.0,EDUCATION,D,5000,15.99,0.14,N,3,0
48549,22,45000,RENT,6.0,DEBTCONSOLIDATION,A,8500,7.9,0.19,N,3,0
48550,29,48000,MORTGAGE,3.0,VENTURE,A,15000,7.88,0.31,N,10,0
48551,23,36000,RENT,2.0,EDUCATION,C,5000,13.23,0.14,N,2,0
48552,23,117700,MORTGAGE,4.0,MEDICAL,A,15000,7.14,0.12,N,2,0
48553,36,79440,RENT,14.0,PERSONAL,A,2500,5.42,0.03,N,16,0
48554,24,75000,MORTGAGE,6.0,PERSONAL,A,7000,6.92,0.09,N,3,0
48555,30,48609,MORTGAGE,12.0,DEBTCONSOLIDATION,C,12000,12.73,0.25,N,10,0
48556,41,70000,MORTGAGE,8.0,MEDICAL,B,12000,10.99,0.17,N,15,0
48557,25,30000,RENT,5.0,MEDICAL,A,2500,6.92,0.08,N,4,0
48558,21,30000,RENT,0.0,VENTURE,C,5000,13.22,0.17,N,3,0
48559,24,37000,RENT,0.0,VENTURE,A,13000,6.92,0.35,N,4,1
48560,24,40000,RENT,5.0,PERSONAL,B,6000,10.99,0.15,N,2,0
48561,25,65004,OWN,3.0,HOMEIMPROVEMENT,B,2500,9.99,0.04,N,3,0
48562,43,62496,RENT,3.0,EDUCATION,B,13000,10.99,0.21,N,14,0
48563,24,65004,RENT,0.0,EDUCATION,C,6000,13.49,0.09,Y,2,0
48564,22,66000,MORTGAGE,6.0,EDUCATION,B,15000,10.37,0.23,N,3,0
48565,40,135000,MORTGAGE,0.0,PERSONAL,C,15000,13.47,0.11,Y,17,0
48566,29,120000,MORTGAGE,14.0,MEDICAL,C,10000,13.49,0.08,N,10,0
48567,37,30000,RENT,4.0,PERSONAL,B,10000,10.75,0.33,N,13,1
48568,23,65000,RENT,1.0,PERSONAL,A,10000,6.91,0.15,N,2,0
48569,31,60000,MORTGAGE,8.0,PERSONAL,A,8000,8.9,0.13,N,5,0
48570,28,95000,MORTGAGE,8.0,PERSONAL,A,5000,8.49,0.05,N,5,0
48571,23,29004,RENT,2.0,MEDICAL,E,10000,16.45,0.34,Y,4,1
48572,24,58000,RENT,4.0,DEBTCONSOLIDATION,D,25000,14.59,0.43,N,4,1
48573,23,54000,RENT,0.0,EDUCATION,C,15000,13.23,0.28,N,3,0
48574,28,50000,MORTGAGE,6.0,VENTURE,B,3000,10.59,0.06,N,8,0
48575,22,85500,MORTGAGE,6.0,PERSONAL,A,14000,7.49,0.17,N,4,0
48576,22,102500,MORTGAGE,6.0,MEDICAL,B,8000,11.36,0.08,N,3,0
48577,26,91800,MORTGAGE,7.0,DEBTCONSOLIDATION,C,25000,12.73,0.26,Y,3,1
48578,23,140000,RENT,7.0,EDUCATION,B,20000,11.12,0.14,N,4,0
48579,25,45000,RENT,5.0,VENTURE,D,10000,16.89,0.22,N,2,0
48580,28,60000,OWN,3.0,VENTURE,A,15000,7.88,0.25,N,5,0
48581,21,33000,RENT,5.0,MEDICAL,B,7200,12.42,0.22,N,4,0
48582,22,35000,RENT,1.0,MEDICAL,C,1400,14.27,0.04,Y,4,0
48583,27,107004,MORTGAGE,11.0,HOMEIMPROVEMENT,A,12000,5.79,0.11,N,10,0
48584,30,29120,RENT,4.0,DEBTCONSOLIDATION,A,4000,5.79,0.14,N,10,0
48585,21,70000,RENT,5.0,PERSONAL,B,10000,9.88,0.14,N,2,0
48586,22,50000,MORTGAGE,6.0,MEDICAL,B,8000,10.25,0.16,N,2,0
48587,24,140004,MORTGAGE,4.0,VENTURE,A,12000,6.92,0.09,N,3,0
48588,24,80000,RENT,8.0,VENTURE,D,5000,14.59,0.06,Y,4,0
48589,27,53550,RENT,1.0,MEDICAL,B,1600,12.21,0.03,N,7,1
48590,33,110000,MORTGAGE,6.0,EDUCATION,C,25000,13.98,0.23,Y,10,0
48591,38,30000,RENT,2.0,MEDICAL,A,6500,7.51,0.22,N,17,0
48592,29,70000,MORTGAGE,12.0,PERSONAL,A,20000,8.49,0.29,N,9,0
48593,22,60000,MORTGAGE,6.0,EDUCATION,B,8000,10.25,0.13,N,3,0
48594,30,30000,RENT,3.0,PERSONAL,B,2400,10.59,0.08,N,9,0
48595,28,50000,OWN,8.0,HOMEIMPROVEMENT,A,3500,5.42,0.07,N,6,0
48596,28,40000,MORTGAGE,4.0,VENTURE,B,4000,11.11,0.1,N,8,0
48597,27,50000,MORTGAGE,9.0,HOMEIMPROVEMENT,A,15000,6.99,0.3,N,8,0
48598,30,80000,MORTGAGE,14.0,EDUCATION,A,5500,5.42,0.07,N,6,0
48599,27,75000,OWN,2.0,EDUCATION,B,10000,12.21,0.13,N,5,0
48600,23,52000,MORTGAGE,7.0,MEDICAL,B,8000,10.62,0.15,N,2,0
48601,26,150000,RENT,0.0,PERSONAL,B,6000,12.21,0.04,N,4,0
48602,23,75000,RENT,0.0,MEDICAL,C,12000,13.23,0.16,N,3,0
48603,39,61000,RENT,3.0,VENTURE,C,15000,13.8,0.25,N,15,0
48604,25,45000,OWN,9.0,PERSONAL,A,3000,7.05,0.07,N,3,0
48605,28,35000,OWN,1.0,EDUCATION,A,1500,8.0,0.04,N,6,0
48606,30,32000,RENT,0.0,EDUCATION,C,4800,13.49,0.15,Y,8,0
48607,33,85000,MORTGAGE,0.0,HOMEIMPROVEMENT,B,12000,10.62,0.14,N,8,0
48608,41,52000,MORTGAGE,20.0,PERSONAL,A,8000,6.62,0.15,N,16,0
48609,44,30000,MORTGAGE,4.0,MEDICAL,B,4275,10.99,0.14,N,12,0
48610,29,63000,MORTGAGE,1.0,HOMEIMPROVEMENT,A,10000,8.94,0.16,N,10,0
48611,22,35000,RENT,6.0,EDUCATION,B,3000,10.01,0.09,N,2,0
48612,24,93000,MORTGAGE,2.0,MEDICAL,A,10000,5.79,0.11,N,4,0
48613,27,120000,MORTGAGE,4.0,EDUCATION,C,15000,13.49,0.13,N,9,0
48614,37,65000,MORTGAGE,4.0,EDUCATION,B,12000,10.62,0.18,N,15,0
48615,26,65000,MORTGAGE,0.0,VENTURE,A,6000,7.51,0.09,N,4,0
48616,31,38000,RENT,1.0,MEDICAL,C,4000,13.06,0.11,Y,9,0
48617,22,69400,MORTGAGE,7.0,VENTURE,B,9000,9.99,0.13,N,2,0
48618,38,50000,RENT,0.0,DEBTCONSOLIDATION,A,7200,9.63,0.14,N,12,0
48619,25,90000,MORTGAGE,4.0,EDUCATION,C,8400,14.65,0.09,Y,2,0
48620,31,72000,RENT,9.0,HOMEIMPROVEMENT,A,10000,6.92,0.14,N,10,0
48621,24,75000,RENT,8.0,DEBTCONSOLIDATION,B,2000,9.99,0.03,N,2,0
48622,29,32400,RENT,2.0,EDUCATION,D,4800,16.0,0.15,Y,7,1
48623,29,47000,RENT,3.0,MEDICAL,A,12000,7.88,0.26,N,9,0
48624,25,28800,RENT,7.0,DEBTCONSOLIDATION,A,8000,7.66,0.28,N,4,1
48625,22,36000,RENT,3.0,EDUCATION,A,12000,6.99,0.33,N,2,1
48626,30,120000,RENT,4.0,VENTURE,B,25000,10.14,0.21,N,5,1
48627,31,100000,OWN,6.0,HOMEIMPROVEMENT,F,16000,16.77,0.16,Y,6,0
48628,26,85000,RENT,8.0,PERSONAL,A,35000,7.9,0.41,N,2,1
48629,35,90000,RENT,5.0,EDUCATION,C,15000,15.96,0.17,Y,10,0
48630,30,120000,MORTGAGE,7.0,VENTURE,A,4000,7.14,0.03,N,9,0
48631,35,29000,RENT,0.0,DEBTCONSOLIDATION,D,7000,15.65,0.24,N,10,1
48632,25,200000,MORTGAGE,3.0,MEDICAL,B,10000,9.99,0.05,N,3,0
48633,23,60000,MORTGAGE,7.0,EDUCATION,C,6000,13.99,0.1,Y,4,0
48634,27,110000,OWN,11.0,PERSONAL,B,5500,11.49,0.05,N,9,0
48635,34,60000,MORTGAGE,1.0,PERSONAL,B,9000,11.58,0.15,N,8,0
48636,28,115000,MORTGAGE,5.0,PERSONAL,B,18000,10.59,0.16,N,10,0
48637,35,54996,RENT,5.0,MEDICAL,B,8000,10.25,0.15,N,9,0
48638,23,39996,RENT,2.0,VENTURE,B,10000,10.99,0.25,N,4,0
48639,27,80000,RENT,4.0,MEDICAL,B,9000,10.37,0.11,N,5,0
48640,22,76596,RENT,3.0,DEBTCONSOLIDATION,C,17000,13.47,0.23,N,3,0
48641,31,71000,RENT,0.0,MEDICAL,C,12000,14.26,0.17,Y,5,0
48642,25,78996,RENT,0.0,HOMEIMPROVEMENT,D,25000,15.21,0.32,N,4,1
48643,44,103250,MORTGAGE,4.0,MEDICAL,A,24000,7.9,0.21,N,16,0
48644,25,117014,MORTGAGE,5.0,VENTURE,B,8400,10.75,0.07,N,4,0
48645,26,41200,MORTGAGE,6.0,VENTURE,A,6300,5.42,0.16,N,4,0
48646,26,37200,RENT,2.0,DEBTCONSOLIDATION,D,12200,15.95,0.34,Y,4,1
48647,24,77500,MORTGAGE,2.0,HOMEIMPROVEMENT,A,10000,7.88,0.13,N,3,0
48648,25,49000,OWN,10.0,EDUCATION,C,6000,13.11,0.12,N,2,0
48649,22,45000,RENT,2.0,MEDICAL,B,8400,11.99,0.18,N,4,0
48650,23,54000,RENT,7.0,EDUCATION,A,3000,7.88,0.06,N,3,0
48651,29,68500,MORTGAGE,6.0,VENTURE,A,6000,7.14,0.09,N,7,0
48652,24,60000,MORTGAGE,0.0,DEBTCONSOLIDATION,A,6000,6.17,0.1,N,2,0
48653,32,54996,MORTGAGE,6.0,HOMEIMPROVEMENT,A,6000,8.94,0.11,N,6,0
48654,45,35004,RENT,3.0,PERSONAL,B,5000,10.59,0.14,N,12,0
48655,25,54996,RENT,8.0,HOMEIMPROVEMENT,D,21250,15.95,0.39,N,4,1
48656,25,65600,RENT,2.0,MEDICAL,C,10400,11.66,0.16,Y,4,0
48657,28,85000,MORTGAGE,9.0,VENTURE,B,1000,11.99,0.01,N,9,0
48658,24,26000,RENT,8.0,MEDICAL,B,8000,10.65,0.33,N,2,1
48659,23,76800,MORTGAGE,3.0,DEBTCONSOLIDATION,D,25000,14.96,0.33,N,3,1
48660,37,65379,MORTGAGE,15.0,PERSONAL,C,10000,12.87,0.15,Y,14,0
48661,23,62000,RENT,2.0,VENTURE,C,8000,11.78,0.13,Y,3,0
48662,25,53000,RENT,9.0,EDUCATION,B,1000,10.37,0.02,N,2,0
48663,37,25000,RENT,2.0,MEDICAL,F,12500,19.04,0.47,N,14,1
48664,21,15360,RENT,1.0,DEBTCONSOLIDATION,A,2500,5.42,0.15,N,4,0
48665,29,93000,RENT,1.0,PERSONAL,D,7000,14.96,0.08,Y,8,1
48666,27,36000,OWN,2.0,EDUCATION,D,10000,16.29,0.28,Y,7,0
48667,29,54000,RENT,1.0,HOMEIMPROVEMENT,B,7500,12.69,0.14,N,9,1
48668,21,90000,MORTGAGE,5.0,EDUCATION,B,9000,10.59,0.1,N,2,0
48669,30,70000,RENT,1.0,PERSONAL,A,5000,8.0,0.07,N,10,0
48670,23,68000,RENT,7.0,PERSONAL,A,9000,7.51,0.13,N,3,0
48671,29,120000,RENT,9.0,HOMEIMPROVEMENT,D,7500,13.55,0.06,Y,9,0
48672,25,60000,RENT,1.0,EDUCATION,A,4000,7.88,0.07,N,3,0
48673,28,38300,RENT,5.0,MEDICAL,A,15000,5.42,0.39,N,7,1
48674,36,46443,RENT,16.0,MEDICAL,A,10000,5.99,0.22,N,16,0
48675,23,57000,MORTGAGE,7.0,EDUCATION,A,10000,7.51,0.18,N,4,0
48676,21,30000,RENT,2.0,EDUCATION,C,4200,14.72,0.14,Y,3,0
48677,29,40000,RENT,13.0,MEDICAL,A,9000,8.94,0.23,N,7,0
48678,35,93000,RENT,11.0,HOMEIMPROVEMENT,C,12000,13.16,0.13,N,6,0
48679,37,42000,RENT,0.0,PERSONAL,A,2000,7.74,0.05,N,16,0
48680,22,80000,RENT,3.0,EDUCATION,A,10000,5.99,0.13,N,2,0
48681,50,66996,MORTGAGE,4.0,VENTURE,A,7000,6.92,0.1,N,13,0
48682,24,55000,RENT,1.0,VENTURE,B,12800,12.53,0.23,N,4,0
48683,22,105000,MORTGAGE,6.0,VENTURE,A,12000,7.51,0.11,N,2,0
48684,25,46000,RENT,3.0,MEDICAL,B,13000,11.71,0.27,N,3,0
48685,28,43200,OWN,4.0,VENTURE,A,10000,7.49,0.24,N,5,0
48686,27,100000,RENT,1.0,DEBTCONSOLIDATION,B,10000,11.36,0.1,N,10,0
48687,29,150000,MORTGAGE,0.0,MEDICAL,A,12000,6.54,0.08,N,10,0
48688,26,90000,RENT,4.0,DEBTCONSOLIDATION,B,18000,12.18,0.2,N,2,0
48689,24,46000,RENT,8.0,PERSONAL,B,10000,10.99,0.22,N,3,0
48690,28,60000,RENT,5.0,VENTURE,A,12000,5.42,0.2,N,6,0
48691,30,25000,RENT,0.0,VENTURE,C,7000,12.87,0.28,Y,8,0
48692,24,60000,MORTGAGE,8.0,PERSONAL,B,15000,10.36,0.25,N,4,0
48693,25,45000,RENT,0.0,VENTURE,A,9000,6.62,0.2,N,2,0
48694,31,78504,RENT,2.0,EDUCATION,B,6000,10.74,0.08,N,5,0
48695,29,80000,RENT,11.0,EDUCATION,B,7000,9.91,0.08,N,10,0
48696,24,108000,RENT,8.0,PERSONAL,E,13000,16.7,0.12,N,4,0
48697,30,36000,RENT,0.0,HOMEIMPROVEMENT,C,10000,13.79,0.28,Y,5,1
48698,24,50000,RENT,1.0,VENTURE,B,15000,9.99,0.3,N,4,0
48699,27,48000,RENT,0.0,MEDICAL,B,8000,10.37,0.17,N,9,0
48700,23,55000,MORTGAGE,2.0,PERSONAL,B,8000,11.71,0.15,N,3,0
48701,41,38000,RENT,3.0,MEDICAL,A,10000,8.59,0.26,N,12,0
48702,38,172000,OWN,8.0,MEDICAL,B,20000,12.53,0.12,N,12,0
48703,38,68000,RENT,9.0,HOMEIMPROVEMENT,C,8000,12.84,0.12,N,11,0
48704,48,44000,MORTGAGE,1.0,PERSONAL,B,2000,10.99,0.05,N,17,0
48705,28,140000,MORTGAGE,3.0,HOMEIMPROVEMENT,B,5000,11.36,0.04,N,6,0
48706,22,60000,RENT,4.0,MEDICAL,B,10000,12.18,0.17,N,3,0
48707,23,45000,RENT,2.0,EDUCATION,B,10000,10.74,0.22,N,4,0
48708,30,51000,RENT,5.0,EDUCATION,D,9000,15.31,0.18,Y,9,0
48709,36,136000,MORTGAGE,4.0,EDUCATION,D,5000,15.62,0.04,N,11,0
48710,22,200000,MORTGAGE,5.0,EDUCATION,B,22000,11.83,0.12,N,3,0
48711,25,62000,RENT,2.0,EDUCATION,B,4000,9.99,0.06,N,4,0
48712,23,58800,RENT,7.0,EDUCATION,B,4000,10.99,0.07,N,2,0
48713,36,80000,MORTGAGE,8.0,EDUCATION,A,7000,6.62,0.09,N,11,0
48714,31,100000,MORTGAGE,6.0,HOMEIMPROVEMENT,A,12000,7.66,0.12,N,6,0
48715,33,94000,RENT,2.0,MEDICAL,B,7200,10.59,0.08,N,10,0
48716,42,88824,MORTGAGE,8.0,VENTURE,B,2800,11.86,0.03,N,12,0
48717,27,57000,MORTGAGE,2.0,VENTURE,C,10000,12.61,0.18,Y,9,0
48718,25,52000,MORTGAGE,1.0,HOMEIMPROVEMENT,A,7000,7.66,0.13,N,2,0
48719,25,150000,MORTGAGE,9.0,DEBTCONSOLIDATION,A,10000,6.03,0.07,N,4,0
48720,37,38400,RENT,0.0,DEBTCONSOLIDATION,A,6800,7.51,0.17,N,16,0
48721,27,90000,MORTGAGE,5.0,PERSONAL,A,12000,6.91,0.13,N,8,0
48722,32,92000,RENT,5.0,PERSONAL,A,6400,6.62,0.07,N,8,0
48723,22,16200,RENT,0.0,VENTURE,C,1500,13.99,0.09,Y,3,0
48724,27,70000,RENT,0.0,HOMEIMPROVEMENT,B,13000,10.99,0.19,N,6,0
48725,23,39600,RENT,1.0,DEBTCONSOLIDATION,D,10000,16.49,0.25,N,3,1
48726,25,150000,MORTGAGE,9.0,EDUCATION,A,12000,7.51,0.08,N,4,0
48727,26,52000,MORTGAGE,5.0,PERSONAL,A,10000,7.9,0.19,N,4,0
48728,27,80000,RENT,5.0,VENTURE,B,12000,11.14,0.15,N,6,0
48729,25,30000,RENT,9.0,EDUCATION,B,8000,11.71,0.27,N,3,0
48730,21,36000,MORTGAGE,5.0,PERSONAL,C,5000,13.23,0.14,Y,2,0
48731,27,57600,MORTGAGE,2.0,MEDICAL,B,3000,11.11,0.05,N,10,0
48732,28,84000,RENT,0.0,DEBTCONSOLIDATION,E,8400,16.4,0.1,Y,7,1
48733,22,35004,MORTGAGE,3.0,EDUCATION,B,5000,10.75,0.14,N,2,0
48734,22,40000,RENT,0.0,VENTURE,B,10800,10.99,0.27,N,4,0
48735,57,54000,RENT,1.0,PERSONAL,C,10000,13.49,0.19,Y,28,0
48736,25,135000,MORTGAGE,0.0,PERSONAL,B,16000,9.76,0.12,N,4,0
48737,44,171996,MORTGAGE,19.0,PERSONAL,A,24000,7.51,0.14,N,13,0
48738,24,53000,RENT,7.0,EDUCATION,D,12300,16.02,0.23,N,2,0
48739,32,32000,RENT,0.0,PERSONAL,D,8000,16.29,0.25,N,5,1
48740,29,120000,RENT,3.0,DEBTCONSOLIDATION,A,15000,9.63,0.13,N,8,0
48741,21,24996,RENT,1.0,PERSONAL,C,9250,12.53,0.39,N,2,1
48742,23,60000,OWN,7.0,EDUCATION,A,7500,6.99,0.13,N,2,0
48743,26,24000,RENT,0.0,PERSONAL,A,4750,6.62,0.2,N,3,0
48744,34,73000,MORTGAGE,7.0,DEBTCONSOLIDATION,A,4000,7.29,0.05,N,9,1
48745,22,50000,RENT,6.0,VENTURE,C,11000,13.85,0.23,N,4,0
48746,24,108000,RENT,1.0,VENTURE,E,24250,16.7,0.22,Y,2,1
48747,24,62900,RENT,8.0,MEDICAL,E,6000,17.88,0.08,N,2,1
48748,41,60000,RENT,12.0,HOMEIMPROVEMENT,B,8000,10.0,0.13,N,15,0
48749,22,30000,RENT,2.0,DEBTCONSOLIDATION,A,2000,7.9,0.07,N,4,0
48750,22,38004,RENT,4.0,EDUCATION,B,10000,10.37,0.26,N,2,0
48751,27,65000,OWN,0.0,VENTURE,A,5000,7.37,0.08,N,6,0
48752,24,50000,MORTGAGE,7.0,VENTURE,A,10000,7.51,0.2,N,4,0
48753,25,56004,RENT,9.0,PERSONAL,B,8000,11.71,0.14,N,2,0
48754,29,70000,MORTGAGE,2.0,PERSONAL,B,6000,11.86,0.09,N,7,0
48755,22,32198,OWN,4.0,EDUCATION,C,10000,11.97,0.31,Y,4,0
48756,31,70000,RENT,2.0,EDUCATION,B,12000,10.0,0.17,N,9,0
48757,24,65000,RENT,8.0,MEDICAL,B,15000,10.99,0.23,N,3,0
48758,22,70000,MORTGAGE,6.0,EDUCATION,B,15000,10.99,0.21,N,2,0
48759,27,50000,MORTGAGE,2.0,PERSONAL,A,3000,7.14,0.06,N,7,0
48760,23,28452,OWN,5.0,VENTURE,B,2000,11.12,0.06,N,4,0
48761,23,70000,MORTGAGE,5.0,VENTURE,B,5000,11.49,0.07,N,2,0
48762,25,39996,RENT,3.0,HOMEIMPROVEMENT,B,3000,11.71,0.08,N,4,1
48763,25,150000,MORTGAGE,9.0,EDUCATION,C,10000,12.99,0.07,N,3,0
48764,40,60000,RENT,5.0,PERSONAL,A,8000,7.51,0.13,N,15,0
48765,23,69000,MORTGAGE,1.0,EDUCATION,A,4000,7.14,0.06,N,4,0
48766,31,50000,RENT,5.0,HOMEIMPROVEMENT,C,5000,13.48,0.1,Y,9,0
48767,46,86000,RENT,3.0,DEBTCONSOLIDATION,A,15000,6.91,0.17,N,13,0
48768,23,100000,RENT,0.0,EDUCATION,C,11000,14.26,0.11,N,4,0
48769,30,66000,MORTGAGE,6.0,PERSONAL,A,3000,5.99,0.05,N,6,0
48770,24,60000,RENT,4.0,MEDICAL,C,12250,12.23,0.21,N,4,0
48771,27,190000,OWN,12.0,HOMEIMPROVEMENT,B,35000,11.83,0.18,N,10,0
48772,31,59004,RENT,1.0,PERSONAL,D,24250,15.58,0.41,Y,5,1
48773,23,43000,MORTGAGE,8.0,EDUCATION,A,8000,8.9,0.19,N,3,0
48774,26,60000,RENT,5.0,EDUCATION,B,24000,11.36,0.4,N,4,1
48775,22,60000,RENT,3.0,EDUCATION,D,2500,14.59,0.04,Y,2,0
48776,29,40000,RENT,2.0,EDUCATION,B,14000,9.91,0.35,N,7,1
48777,24,30000,RENT,6.0,MEDICAL,B,6000,10.74,0.2,N,3,0
48778,22,37000,RENT,6.0,MEDICAL,C,7000,13.49,0.19,Y,3,0
48779,32,36000,OWN,2.0,DEBTCONSOLIDATION,C,12000,13.57,0.33,N,7,1
48780,24,35000,MORTGAGE,1.0,PERSONAL,A,6400,7.29,0.18,N,3,0
48781,28,95000,RENT,0.0,VENTURE,A,12000,8.94,0.13,N,10,0
48782,23,65000,MORTGAGE,8.0,VENTURE,C,8000,13.8,0.12,Y,2,0
48783,38,64000,MORTGAGE,6.0,MEDICAL,A,7500,6.03,0.12,N,12,0
48784,27,62000,MORTGAGE,11.0,VENTURE,A,14500,7.9,0.23,N,8,0
48785,22,67000,RENT,6.0,VENTURE,A,14000,8.0,0.21,N,4,0
48786,28,48000,MORTGAGE,12.0,EDUCATION,A,7000,5.42,0.15,N,10,0
48787,21,30000,MORTGAGE,2.0,VENTURE,B,3500,10.99,0.12,N,4,0
48788,33,90000,OWN,14.0,MEDICAL,C,15000,13.92,0.17,Y,10,0
48789,31,72000,MORTGAGE,5.0,DEBTCONSOLIDATION,B,7000,11.86,0.1,N,9,0
48790,26,45000,RENT,0.0,MEDICAL,A,7000,7.51,0.16,N,2,0
48791,27,62000,MORTGAGE,7.0,EDUCATION,A,12500,7.9,0.2,N,9,0
48792,24,36000,MORTGAGE,5.0,EDUCATION,C,12000,14.26,0.33,Y,3,0
48793,22,48000,RENT,2.0,PERSONAL,B,1500,11.71,0.03,N,2,0
48794,32,65000,MORTGAGE,4.0,PERSONAL,D,6000,14.96,0.09,Y,9,0
48795,33,43200,RENT,6.0,DEBTCONSOLIDATION,E,11350,17.99,0.26,N,6,1
48796,31,51395,MORTGAGE,2.0,HOMEIMPROVEMENT,A,15000,8.94,0.29,N,5,0
48797,21,78000,MORTGAGE,5.0,DEBTCONSOLIDATION,A,12000,8.94,0.15,N,3,0
48798,27,110000,MORTGAGE,8.0,HOMEIMPROVEMENT,A,3000,5.99,0.03,N,8,0
48799,29,60500,OWN,13.0,MEDICAL,A,5000,5.42,0.08,N,10,0
48800,22,69000,RENT,2.0,EDUCATION,D,6000,14.84,0.09,Y,4,1
48801,23,100000,MORTGAGE,3.0,EDUCATION,A,14500,6.92,0.14,N,2,0
48802,26,35000,RENT,2.0,PERSONAL,B,10000,11.11,0.29,N,3,0
48803,24,14400,RENT,2.0,DEBTCONSOLIDATION,D,6000,15.58,0.04,N,4,1
48804,24,35000,RENT,8.0,DEBTCONSOLIDATION,A,9600,7.49,0.27,N,4,0
48805,42,60000,MORTGAGE,8.0,DEBTCONSOLIDATION,A,1200,5.42,0.02,N,17,0
48806,28,60000,MORTGAGE,0.0,PERSONAL,A,5000,7.51,0.08,N,9,0
48807,24,90000,RENT,1.0,EDUCATION,B,10000,11.49,0.11,N,3,0
48808,40,90000,MORTGAGE,11.0,EDUCATION,B,12000,10.0,0.13,N,11,0
48809,38,90000,RENT,8.0,MEDICAL,B,30000,9.76,0.33,N,12,1
48810,23,54000,RENT,4.0,EDUCATION,D,10000,14.54,0.19,N,3,1
48811,25,87000,OWN,9.0,HOMEIMPROVEMENT,B,15000,11.83,0.17,N,4,0
48812,28,35000,MORTGAGE,5.0,HOMEIMPROVEMENT,A,6000,7.14,0.17,N,5,0
48813,26,58000,RENT,0.0,PERSONAL,C,20000,13.79,0.34,N,4,1
48814,23,62500,MORTGAGE,7.0,MEDICAL,B,15000,10.99,0.24,N,2,0
48815,23,65000,RENT,6.0,DEBTCONSOLIDATION,C,17700,13.49,0.27,N,3,0
48816,30,45900,RENT,3.0,VENTURE,A,4375,7.29,0.1,N,7,0
48817,23,75000,MORTGAGE,3.0,MEDICAL,B,10000,11.83,0.13,N,3,0
48818,28,240000,MORTGAGE,5.0,MEDICAL,A,20000,7.88,0.08,N,8,0
48819,34,45000,MORTGAGE,6.0,EDUCATION,B,10000,10.65,0.22,N,10,0
48820,24,79500,MORTGAGE,8.0,PERSONAL,D,25000,17.58,0.31,N,4,0
48821,23,55000,MORTGAGE,0.0,PERSONAL,A,12000,7.51,0.22,N,3,0
48822,21,45000,RENT,5.0,VENTURE,C,3000,13.48,0.07,N,2,0
48823,27,107000,MORTGAGE,11.0,DEBTCONSOLIDATION,A,4000,7.4,0.04,N,6,0
48824,28,27120,RENT,5.0,EDUCATION,B,10000,10.75,0.38,N,5,1
48825,25,61400,MORTGAGE,1.0,PERSONAL,C,18000,12.23,0.3,Y,3,0
48826,26,69996,MORTGAGE,10.0,DEBTCONSOLIDATION,A,10750,6.54,0.17,N,2,0
48827,32,57000,MORTGAGE,8.0,MEDICAL,D,10250,15.99,0.18,N,5,1
48828,24,50000,RENT,1.0,PERSONAL,A,6000,7.49,0.12,N,3,0
48829,29,75000,MORTGAGE,2.0,EDUCATION,B,8000,11.49,0.11,N,6,0
48830,22,33000,RENT,4.0,VENTURE,C,2400,13.22,0.07,Y,3,0
48831,30,55000,OWN,4.0,PERSONAL,C,8000,13.92,0.15,N,10,0
48832,24,25000,RENT,0.0,PERSONAL,A,5000,7.51,0.2,N,3,0
48833,28,44000,RENT,2.0,DEBTCONSOLIDATION,A,4000,8.0,0.09,N,5,0
48834,35,45996,RENT,2.0,MEDICAL,C,10000,13.16,0.22,Y,6,0
48835,23,60000,RENT,7.0,VENTURE,B,6000,10.0,0.1,N,4,0
48836,26,43000,RENT,3.0,DEBTCONSOLIDATION,A,7000,7.51,0.16,N,4,0
48837,25,28000,RENT,7.0,PERSONAL,A,6250,8.9,0.23,N,3,1
48838,24,35000,RENT,5.0,EDUCATION,A,5600,7.9,0.16,N,2,0
48839,27,120000,RENT,0.0,PERSONAL,C,17000,12.04,0.14,N,7,0
48840,37,45000,RENT,3.0,DEBTCONSOLIDATION,A,3600,6.03,0.08,N,11,0
48841,27,60000,MORTGAGE,8.0,PERSONAL,A,9800,5.42,0.16,N,6,0
48842,48,26400,OWN,4.0,HOMEIMPROVEMENT,A,9000,6.76,0.34,N,16,0
48843,24,50000,OWN,2.0,DEBTCONSOLIDATION,D,5000,14.96,0.1,Y,2,0
48844,29,60000,MORTGAGE,8.0,PERSONAL,C,10000,13.61,0.17,N,5,0
48845,25,85000,MORTGAGE,3.0,PERSONAL,B,20000,10.99,0.24,N,3,0
48846,29,47800,MORTGAGE,6.0,MEDICAL,A,14000,5.42,0.28,N,7,0
48847,28,33500,RENT,1.0,PERSONAL,D,10000,15.31,0.3,Y,10,1
48848,21,43000,MORTGAGE,5.0,PERSONAL,A,6000,6.62,0.14,N,3,0
48849,24,48000,MORTGAGE,8.0,MEDICAL,C,5000,13.99,0.1,N,4,0
48850,21,55272,RENT,5.0,VENTURE,A,5000,6.99,0.09,N,3,0
48851,28,100000,MORTGAGE,5.0,HOMEIMPROVEMENT,A,15000,7.9,0.15,N,8,0
48852,26,120000,MORTGAGE,10.0,MEDICAL,B,10000,10.75,0.08,N,3,0
48853,23,55000,RENT,7.0,EDUCATION,A,5000,7.4,0.09,N,2,0
48854,30,70000,OWN,0.0,HOMEIMPROVEMENT,A,10000,8.94,0.14,N,7,0
48855,22,90000,MORTGAGE,6.0,PERSONAL,A,7500,6.62,0.08,N,2,0
48856,28,65000,RENT,3.0,VENTURE,C,5000,12.99,0.08,Y,7,0
48857,31,54400,RENT,1.0,MEDICAL,D,3000,14.84,0.05,N,9,1
48858,35,92000,MORTGAGE,6.0,EDUCATION,A,18000,7.88,0.2,N,9,0
48859,22,33000,RENT,3.0,DEBTCONSOLIDATION,D,3000,17.27,0.09,N,4,1
48860,23,36000,RENT,4.0,DEBTCONSOLIDATION,B,15000,10.65,0.42,N,4,1
48861,23,70550,RENT,3.0,MEDICAL,D,9000,15.05,0.11,N,4,1
48862,23,95000,MORTGAGE,0.0,DEBTCONSOLIDATION,A,35000,7.9,0.37,N,3,0
48863,29,100000,MORTGAGE,13.0,PERSONAL,A,5000,5.42,0.05,N,8,0
48864,23,54000,RENT,4.0,PERSONAL,D,10000,16.89,0.19,N,3,0
48865,23,50000,RENT,7.0,MEDICAL,C,5000,13.49,0.1,N,4,0
48866,24,65000,OWN,4.0,PERSONAL,C,2500,13.98,0.04,Y,2,0
48867,23,100000,MORTGAGE,5.0,VENTURE,C,10000,13.48,0.1,Y,3,0
48868,22,80000,RENT,3.0,EDUCATION,B,13000,11.36,0.16,N,4,0
48869,31,36000,RENT,4.0,MEDICAL,A,5000,7.49,0.14,N,9,0
48870,25,42000,RENT,2.0,MEDICAL,A,6500,7.14,0.15,N,3,0
48871,33,40000,RENT,2.0,VENTURE,B,6000,9.99,0.15,N,10,0
48872,34,49000,RENT,2.0,MEDICAL,B,5000,12.21,0.1,N,9,0
48873,33,140000,MORTGAGE,3.0,EDUCATION,B,18000,10.99,0.13,N,5,0
48874,27,80000,RENT,1.0,HOMEIMPROVEMENT,A,6000,8.0,0.07,N,6,0
48875,22,48000,RENT,4.0,PERSONAL,B,15000,10.62,0.31,N,2,1
48876,25,50000,RENT,5.0,VENTURE,B,5600,11.71,0.11,N,4,0
48877,30,50000,OWN,0.0,DEBTCONSOLIDATION,D,11000,14.74,0.22,Y,10,0
48878,30,101000,MORTGAGE,1.0,EDUCATION,D,18000,16.49,0.18,N,10,0
48879,23,50000,RENT,0.0,MEDICAL,B,7200,9.99,0.14,N,2,0
48880,24,150000,MORTGAGE,4.0,PERSONAL,B,10800,11.83,0.07,N,3,0
48881,22,57000,OWN,5.0,PERSONAL,C,11000,13.11,0.19,Y,3,0
48882,24,60000,MORTGAGE,2.0,EDUCATION,A,12000,7.51,0.2,N,3,0
48883,27,64000,RENT,11.0,MEDICAL,C,5000,13.49,0.08,Y,8,0
48884,29,90000,MORTGAGE,13.0,PERSONAL,A,12000,6.03,0.13,N,8,0
48885,22,70000,RENT,1.0,EDUCATION,B,15000,10.59,0.21,N,4,0
48886,25,200000,RENT,1.0,PERSONAL,B,5000,10.08,0.03,N,3,0
48887,22,46000,RENT,4.0,EDUCATION,B,14000,12.69,0.31,N,2,1
48888,29,65000,RENT,4.0,VENTURE,A,20000,6.91,0.31,N,7,1
48889,42,108000,RENT,5.0,HOMEIMPROVEMENT,B,20000,11.36,0.19,N,11,0
48890,28,25000,RENT,2.0,VENTURE,C,2400,13.48,0.1,N,5,0
48891,25,84000,MORTGAGE,5.0,HOMEIMPROVEMENT,B,6000,10.99,0.07,N,3,0
48892,23,46000,RENT,4.0,PERSONAL,D,6000,15.31,0.13,N,2,1
48893,24,53000,RENT,4.0,VENTURE,B,12500,11.89,0.24,N,3,0
48894,28,20000,RENT,4.0,MEDICAL,B,2500,9.25,0.12,N,8,0
48895,26,50000,RENT,6.0,MEDICAL,C,10000,13.49,0.2,Y,3,0
48896,32,102058,MORTGAGE,9.0,DEBTCONSOLIDATION,A,15000,5.79,0.14,N,5,0
48897,29,28800,RENT,0.0,MEDICAL,A,12000,6.76,0.43,N,8,1
48898,21,42000,RENT,5.0,VENTURE,D,1000,15.58,0.02,Y,4,1
48899,24,46976,RENT,1.0,DEBTCONSOLIDATION,A,8500,7.29,0.19,N,3,0
48900,32,34000,RENT,0.0,PERSONAL,E,5000,14.18,0.15,N,9,1
48901,31,30000,OWN,5.0,HOMEIMPROVEMENT,D,4000,16.0,0.13,Y,7,0
48902,24,97000,RENT,8.0,EDUCATION,C,25600,15.96,0.26,Y,3,0
48903,23,75000,RENT,3.0,VENTURE,D,21000,15.62,0.27,Y,3,0
48904,21,53000,MORTGAGE,3.0,EDUCATION,C,21250,12.99,0.41,Y,3,0
48905,27,65000,RENT,6.0,DEBTCONSOLIDATION,A,10000,7.88,0.15,N,7,0
48906,23,50000,MORTGAGE,3.0,EDUCATION,A,8000,7.88,0.16,N,3,0
48907,25,54000,MORTGAGE,7.0,MEDICAL,A,7500,7.51,0.14,N,3,0
48908,53,40000,MORTGAGE,3.0,PERSONAL,A,10000,5.99,0.25,N,28,0
48909,28,60000,RENT,5.0,HOMEIMPROVEMENT,C,15000,13.99,0.25,Y,9,0
48910,23,55800,MORTGAGE,0.0,EDUCATION,C,4000,11.59,0.07,Y,3,0
48911,23,54000,MORTGAGE,1.0,EDUCATION,C,10000,14.27,0.19,N,2,1
48912,27,123996,MORTGAGE,2.0,MEDICAL,A,2000,5.42,0.02,N,7,0
48913,23,33000,RENT,5.0,EDUCATION,A,5000,7.9,0.15,N,3,0
48914,26,192000,MORTGAGE,5.0,DEBTCONSOLIDATION,B,15000,11.83,0.08,N,2,0
48915,22,32000,RENT,10.0,DEBTCONSOLIDATION,A,4200,6.39,0.13,N,3,0
48916,29,30000,RENT,0.0,MEDICAL,C,6000,13.49,0.2,N,10,0
48917,26,59000,RENT,2.0,PERSONAL,D,12000,17.27,0.2,Y,2,1
48918,51,50000,RENT,1.0,MEDICAL,C,8000,12.84,0.16,Y,22,0
48919,29,62000,RENT,0.0,HOMEIMPROVEMENT,C,8000,14.65,0.13,Y,8,0
48920,24,141000,MORTGAGE,7.0,HOMEIMPROVEMENT,B,4000,10.65,0.03,N,2,0
48921,46,80000,RENT,3.0,EDUCATION,B,10000,9.91,0.13,N,14,0
48922,34,38000,RENT,2.0,MEDICAL,B,5000,9.99,0.13,N,7,1
48923,23,76000,RENT,0.0,EDUCATION,C,1000,15.23,0.01,N,4,0
48924,26,60000,RENT,3.0,MEDICAL,B,10000,10.59,0.17,N,4,0
48925,35,90000,RENT,0.0,DEBTCONSOLIDATION,B,16000,11.26,0.18,N,10,0
48926,40,30000,RENT,1.0,MEDICAL,C,1500,14.27,0.05,N,16,1
48927,23,35000,RENT,3.0,DEBTCONSOLIDATION,A,5000,7.49,0.14,N,3,0
48928,26,60000,RENT,10.0,DEBTCONSOLIDATION,A,15000,7.49,0.25,N,2,0
48929,24,58100,RENT,2.0,VENTURE,C,15000,13.61,0.26,Y,3,0
48930,26,30000,MORTGAGE,4.0,MEDICAL,D,2000,15.62,0.07,Y,4,1
48931,45,63000,RENT,5.0,DEBTCONSOLIDATION,B,9000,11.49,0.14,N,16,0
48932,23,54000,MORTGAGE,7.0,DEBTCONSOLIDATION,C,7500,13.99,0.14,N,4,1
48933,29,60000,MORTGAGE,13.0,EDUCATION,C,7000,13.98,0.12,N,9,0
48934,34,60000,MORTGAGE,11.0,EDUCATION,A,3000,7.9,0.05,N,7,0
48935,40,142000,RENT,2.0,DEBTCONSOLIDATION,B,6000,10.38,0.04,N,17,0
48936,29,52000,RENT,0.0,EDUCATION,D,5000,14.59,0.1,Y,9,1
48937,27,99000,RENT,11.0,DEBTCONSOLIDATION,B,12000,11.11,0.12,N,10,0
48938,24,60000,RENT,4.0,MEDICAL,B,18500,12.21,0.3,N,3,0
48939,27,95000,RENT,2.0,HOMEIMPROVEMENT,C,15000,14.22,0.16,N,5,0
48940,29,69000,RENT,3.0,HOMEIMPROVEMENT,B,6000,12.69,0.09,N,9,1
48941,29,206000,RENT,2.0,DEBTCONSOLIDATION,C,25000,12.72,0.12,Y,7,0
48942,24,59000,MORTGAGE,1.0,MEDICAL,A,15000,7.9,0.25,N,4,0
48943,25,110000,RENT,0.0,VENTURE,A,6000,9.63,0.05,N,2,0
48944,30,55200,RENT,2.0,MEDICAL,D,3000,15.62,0.05,N,9,1
48945,36,48000,RENT,6.0,DEBTCONSOLIDATION,A,3500,5.79,0.07,N,12,0
48946,36,60000,RENT,4.0,MEDICAL,C,6000,13.99,0.1,Y,13,0
48947,23,60000,MORTGAGE,7.0,DEBTCONSOLIDATION,A,3600,7.49,0.06,N,3,0
48948,24,55000,RENT,8.0,VENTURE,B,7000,11.71,0.13,N,4,0
48949,25,130000,MORTGAGE,9.0,HOMEIMPROVEMENT,C,18000,12.98,0.14,Y,2,0
48950,36,127500,RENT,15.0,MEDICAL,C,16000,13.06,0.13,Y,12,0
48951,22,66000,RENT,2.0,EDUCATION,C,5000,13.49,0.08,Y,3,0
48952,37,44000,RENT,0.0,MEDICAL,A,3600,5.42,0.08,N,14,0
48953,35,90000,RENT,4.0,DEBTCONSOLIDATION,A,20000,6.54,0.22,N,10,0
48954,22,65000,MORTGAGE,6.0,PERSONAL,B,11400,9.99,0.17,N,3,0
48955,26,38000,MORTGAGE,5.0,MEDICAL,B,3500,10.99,0.09,N,4,0
48956,23,50000,RENT,4.0,MEDICAL,C,10000,13.85,0.2,N,3,0
48957,27,75000,RENT,3.0,DEBTCONSOLIDATION,C,4000,14.27,0.05,N,5,0
48958,22,33000,RENT,0.0,MEDICAL,B,10000,11.71,0.3,N,2,0
48959,27,24000,RENT,2.0,VENTURE,C,7000,13.23,0.29,Y,9,0
48960,28,56864,MORTGAGE,5.0,PERSONAL,A,12300,5.79,0.22,N,10,0
48961,30,144000,MORTGAGE,7.0,VENTURE,A,6000,8.49,0.04,N,7,0
48962,23,45500,MORTGAGE,2.0,EDUCATION,B,10000,10.36,0.22,N,3,0
48963,46,24832,OTHER,28.0,DEBTCONSOLIDATION,B,11500,12.53,0.46,N,12,1
48964,26,68480,RENT,8.0,HOMEIMPROVEMENT,C,3600,15.23,0.05,Y,3,0
48965,22,30422,OWN,6.0,EDUCATION,B,12000,12.18,0.39,N,4,0
48966,22,80000,MORTGAGE,3.0,DEBTCONSOLIDATION,A,6000,5.42,0.07,N,3,0
48967,25,42000,RENT,0.0,MEDICAL,A,1925,6.17,0.05,N,4,0
48968,28,110000,MORTGAGE,11.0,VENTURE,B,12000,9.25,0.11,N,5,0
48969,22,42000,RENT,1.0,VENTURE,E,5000,16.45,0.12,N,2,1
48970,27,57500,RENT,2.0,HOMEIMPROVEMENT,B,4000,10.37,0.07,N,10,1
48971,33,50000,RENT,0.0,MEDICAL,A,4500,8.59,0.09,N,6,0
48972,23,95000,MORTGAGE,7.0,EDUCATION,A,9800,7.51,0.11,N,4,0
48973,22,52800,RENT,6.0,EDUCATION,C,6000,11.97,0.11,N,2,0
48974,27,48000,MORTGAGE,5.0,EDUCATION,A,8500,6.03,0.17,N,7,0
48975,36,116000,MORTGAGE,6.0,HOMEIMPROVEMENT,B,10800,10.37,0.09,N,17,0
48976,23,97000,MORTGAGE,2.0,VENTURE,A,5000,7.51,0.05,N,4,0
48977,21,34000,RENT,5.0,VENTURE,A,4000,7.9,0.12,N,4,0
48978,26,72000,MORTGAGE,7.0,MEDICAL,A,6000,6.54,0.08,N,2,0
48979,21,75000,MORTGAGE,5.0,DEBTCONSOLIDATION,A,12000,6.62,0.16,N,2,0
48980,36,52000,RENT,2.0,MEDICAL,B,10000,10.62,0.19,N,13,0
48981,24,75000,MORTGAGE,8.0,DEBTCONSOLIDATION,C,10000,14.79,0.13,N,4,0
48982,26,60000,RENT,0.0,HOMEIMPROVEMENT,C,12000,13.49,0.2,Y,3,0
48983,28,24000,RENT,2.0,PERSONAL,A,5000,7.14,0.21,N,6,0
48984,23,65000,MORTGAGE,0.0,PERSONAL,A,10000,7.51,0.15,N,3,0
48985,25,69000,RENT,0.0,VENTURE,D,3900,14.61,0.06,Y,4,1
48986,24,55315,RENT,1.0,MEDICAL,B,19000,10.99,0.35,N,2,1
48987,22,26000,OWN,2.0,EDUCATION,A,6000,6.92,0.23,N,3,0
48988,33,75000,MORTGAGE,7.0,PERSONAL,B,20000,11.36,0.27,N,5,0
48989,23,50000,RENT,7.0,EDUCATION,C,6000,14.22,0.12,N,4,0
48990,33,100000,MORTGAGE,3.0,VENTURE,A,3500,7.88,0.03,N,5,0
48991,37,57600,RENT,0.0,PERSONAL,C,5275,14.65,0.09,Y,12,0
48992,26,52000,RENT,11.0,DEBTCONSOLIDATION,A,3600,8.9,0.07,N,4,0
48993,28,54000,RENT,4.0,VENTURE,A,4000,6.76,0.07,N,10,0
48994,34,77000,RENT,5.0,PERSONAL,D,15000,16.77,0.19,Y,10,1
48995,21,34000,RENT,3.0,MEDICAL,C,12000,13.92,0.35,N,2,1
48996,35,36153,MORTGAGE,2.0,PERSONAL,D,3000,11.86,0.08,Y,10,0
48997,24,60000,MORTGAGE,7.0,HOMEIMPROVEMENT,B,5200,10.37,0.09,N,2,0
48998,27,50000,RENT,0.0,DEBTCONSOLIDATION,B,4000,10.38,0.08,N,5,0
48999,25,35000,RENT,9.0,MEDICAL,A,3000,8.94,0.09,N,3,0
49000,31,45000,RENT,1.0,PERSONAL,B,10000,10.65,0.22,N,7,0
49001,29,25000,RENT,0.0,EDUCATION,B,5000,11.86,0.2,N,5,0
49002,25,60000,MORTGAGE,5.0,HOMEIMPROVEMENT,A,12000,5.79,0.2,N,3,0
49003,24,30000,RENT,4.0,VENTURE,C,2000,14.35,0.07,Y,3,0
49004,30,140000,RENT,7.0,HOMEIMPROVEMENT,A,20000,6.54,0.14,N,6,0
49005,34,50000,MORTGAGE,5.0,EDUCATION,B,5000,11.11,0.1,N,9,0
49006,29,40000,RENT,1.0,VENTURE,A,2400,8.49,0.06,N,10,0
49007,23,62500,RENT,3.0,DEBTCONSOLIDATION,C,12000,13.11,0.19,N,3,0
49008,27,36108,RENT,0.0,MEDICAL,D,2000,14.84,0.06,N,9,1
49009,27,45000,RENT,2.0,DEBTCONSOLIDATION,C,3000,13.57,0.07,Y,6,0
49010,22,54000,RENT,5.0,MEDICAL,B,7000,10.65,0.13,N,2,0
49011,24,105000,MORTGAGE,8.0,DEBTCONSOLIDATION,B,20000,10.25,0.19,N,4,0
49012,23,48000,RENT,7.0,MEDICAL,B,4000,11.14,0.08,N,4,0
49013,45,164000,MORTGAGE,13.0,VENTURE,A,8000,8.49,0.05,N,17,0
49014,24,75000,RENT,5.0,DEBTCONSOLIDATION,A,11500,7.51,0.15,N,3,0
49015,22,45000,RENT,4.0,EDUCATION,C,5000,13.35,0.11,N,3,0
49016,28,133000,RENT,5.0,HOMEIMPROVEMENT,D,20000,17.58,0.15,Y,5,0
49017,39,106000,MORTGAGE,23.0,DEBTCONSOLIDATION,E,25000,16.63,0.23,Y,16,1
49018,29,70000,MORTGAGE,13.0,VENTURE,A,16000,6.99,0.23,N,8,0
49019,23,48756,RENT,3.0,EDUCATION,C,4800,13.61,0.1,Y,2,0
49020,33,60000,MORTGAGE,4.0,EDUCATION,B,10000,10.36,0.17,N,5,0
49021,31,90000,MORTGAGE,11.0,DEBTCONSOLIDATION,A,12000,7.88,0.13,N,8,0
49022,25,85000,RENT,2.0,MEDICAL,C,12000,13.23,0.14,Y,4,0
49023,29,81900,MORTGAGE,13.0,DEBTCONSOLIDATION,A,8000,7.88,0.1,N,8,0
49024,24,75000,MORTGAGE,8.0,HOMEIMPROVEMENT,A,9000,7.9,0.12,N,2,0
49025,38,30500,MORTGAGE,1.0,PERSONAL,B,10000,10.37,0.33,N,16,0
49026,24,60000,MORTGAGE,3.0,EDUCATION,C,8000,13.47,0.13,N,2,0
49027,35,150000,RENT,0.0,HOMEIMPROVEMENT,B,5000,10.99,0.03,N,9,0
49028,23,56000,RENT,3.0,DEBTCONSOLIDATION,A,5000,5.79,0.09,N,3,0
49029,25,92000,MORTGAGE,9.0,EDUCATION,B,18000,11.26,0.2,N,2,0
49030,23,26000,RENT,3.0,VENTURE,A,4000,7.9,0.15,N,4,0
49031,25,65000,MORTGAGE,0.0,DEBTCONSOLIDATION,B,9600,11.71,0.14,N,3,0
49032,33,70000,MORTGAGE,4.0,EDUCATION,A,4000,5.99,0.06,N,5,0
49033,39,39996,RENT,4.0,PERSONAL,B,3200,12.53,0.08,N,16,0
49034,23,60000,RENT,2.0,MEDICAL,B,8000,10.59,0.13,N,2,0
49035,24,37000,MORTGAGE,8.0,MEDICAL,B,10000,10.99,0.27,N,2,0
49036,23,50000,RENT,5.0,EDUCATION,C,15000,13.22,0.3,N,2,0
49037,33,63000,MORTGAGE,12.0,DEBTCONSOLIDATION,B,21000,11.49,0.35,N,8,0
49038,23,26000,OWN,5.0,PERSONAL,A,15000,9.63,0.05,N,2,0
49039,23,40000,OWN,7.0,EDUCATION,A,2000,7.9,0.05,N,3,0
49040,26,61000,MORTGAGE,2.0,EDUCATION,B,12000,9.91,0.2,N,3,0
49041,27,54000,RENT,7.0,VENTURE,B,9600,12.18,0.18,N,6,0
49042,21,66000,MORTGAGE,5.0,DEBTCONSOLIDATION,B,7000,9.91,0.11,N,3,0
49043,25,53000,MORTGAGE,5.0,EDUCATION,C,5000,14.22,0.09,N,3,0
49044,22,70000,MORTGAGE,6.0,DEBTCONSOLIDATION,A,12000,6.99,0.17,N,3,0
49045,28,50000,RENT,1.0,HOMEIMPROVEMENT,C,3000,12.61,0.06,Y,6,0
49046,27,120000,MORTGAGE,10.0,HOMEIMPROVEMENT,A,15000,8.94,0.13,N,6,0
49047,22,48000,MORTGAGE,2.0,MEDICAL,A,2800,7.49,0.06,N,2,0
49048,44,36000,RENT,12.0,PERSONAL,B,3000,11.49,0.08,N,11,1
49049,24,20000,RENT,2.0,EDUCATION,D,5000,15.7,0.25,N,4,1
49050,32,22884,RENT,2.0,DEBTCONSOLIDATION,C,6000,13.06,0.26,N,7,0
49051,28,50000,OWN,12.0,HOMEIMPROVEMENT,C,18000,14.65,0.04,N,10,0
49052,23,75000,RENT,4.0,MEDICAL,D,3000,15.31,0.04,N,3,0
49053,26,54000,RENT,2.0,HOMEIMPROVEMENT,D,2925,15.62,0.05,Y,4,1
49054,32,91800,MORTGAGE,0.0,MEDICAL,D,10000,15.28,0.09,Y,7,1
49055,22,40000,MORTGAGE,3.0,EDUCATION,A,1000,5.42,0.03,N,2,0
49056,36,54000,RENT,2.0,EDUCATION,B,4500,10.62,0.08,N,11,0
49057,27,110000,RENT,1.0,MEDICAL,B,12000,11.49,0.11,N,8,0
49058,23,54000,MORTGAGE,0.0,MEDICAL,A,6800,5.79,0.13,N,4,0
49059,25,250000,MORTGAGE,9.0,VENTURE,B,10400,11.71,0.04,N,3,0
49060,23,40000,RENT,4.0,EDUCATION,A,2000,8.0,0.05,N,3,0
49061,35,110000,RENT,0.0,HOMEIMPROVEMENT,A,13000,5.42,0.12,N,6,0
49062,26,60000,RENT,10.0,MEDICAL,A,6000,7.68,0.1,N,3,0
49063,27,57000,MORTGAGE,11.0,EDUCATION,B,11200,11.71,0.2,N,9,0
49064,24,72000,RENT,7.0,EDUCATION,B,10000,10.36,0.14,N,2,0
49065,24,60000,RENT,5.0,DEBTCONSOLIDATION,A,2800,7.9,0.05,N,3,0
49066,23,40000,RENT,2.0,PERSONAL,B,7000,10.62,0.17,N,3,0
49067,36,49600,RENT,2.0,HOMEIMPROVEMENT,D,5600,14.84,0.11,N,15,1
49068,21,75000,MORTGAGE,5.0,EDUCATION,B,5000,11.36,0.07,N,4,0
49069,35,35004,RENT,2.0,EDUCATION,C,7500,12.73,0.21,Y,7,0
49070,28,75000,RENT,3.0,DEBTCONSOLIDATION,C,8000,13.49,0.11,N,7,0
49071,22,72000,RENT,2.0,PERSONAL,B,24000,11.36,0.33,N,4,1
49072,32,57700,RENT,1.0,MEDICAL,D,9000,14.84,0.16,Y,9,1
49073,24,61000,MORTGAGE,0.0,DEBTCONSOLIDATION,C,15000,11.72,0.25,N,3,1
49074,23,70000,MORTGAGE,2.0,DEBTCONSOLIDATION,A,5000,5.42,0.07,N,4,0
49075,23,60000,RENT,0.0,EDUCATION,A,4000,8.0,0.07,N,2,0
49076,29,150000,RENT,1.0,PERSONAL,B,12000,12.42,0.08,N,10,0
49077,22,48000,RENT,0.0,EDUCATION,A,6600,9.63,0.14,N,2,0
49078,22,70000,MORTGAGE,4.0,EDUCATION,A,21000,7.9,0.3,N,4,0
49079,27,27000,RENT,3.0,PERSONAL,D,10000,14.91,0.37,Y,8,1
49080,26,36000,MORTGAGE,7.0,VENTURE,A,8000,8.94,0.22,N,3,0
49081,24,25000,OWN,2.0,VENTURE,C,8500,13.43,0.34,Y,4,0
49082,28,45000,RENT,0.0,MEDICAL,A,6800,6.17,0.15,N,6,0
49083,33,55000,RENT,6.0,DEBTCONSOLIDATION,C,1600,12.99,0.03,Y,7,0
49084,27,110000,RENT,5.0,HOMEIMPROVEMENT,A,12000,7.29,0.11,N,7,0
49085,24,37148,RENT,4.0,VENTURE,C,14000,14.65,0.38,N,3,1
49086,29,62400,MORTGAGE,13.0,MEDICAL,B,15000,10.99,0.24,N,7,0
49087,37,42000,MORTGAGE,11.0,HOMEIMPROVEMENT,A,8400,7.49,0.2,N,17,0
49088,26,36000,RENT,3.0,PERSONAL,C,7800,14.27,0.22,Y,2,0
49089,27,90000,MORTGAGE,11.0,EDUCATION,A,12000,6.03,0.13,N,8,0
49090,22,60000,RENT,5.0,MEDICAL,A,12000,7.88,0.2,N,2,0
49091,32,45000,RENT,3.0,DEBTCONSOLIDATION,C,5000,13.48,0.11,N,9,0
49092,29,70000,MORTGAGE,11.0,DEBTCONSOLIDATION,A,12000,6.03,0.17,N,5,0
49093,22,20640,RENT,2.0,VENTURE,C,2400,13.72,0.11,Y,3,0
49094,48,80000,MORTGAGE,8.0,HOMEIMPROVEMENT,A,5000,7.74,0.06,N,17,0
49095,31,65000,RENT,3.0,PERSONAL,B,14000,10.65,0.22,N,9,0
49096,29,34000,RENT,0.0,DEBTCONSOLIDATION,C,4500,12.23,0.13,Y,6,0
49097,37,72000,RENT,11.0,PERSONAL,A,12000,7.66,0.17,N,11,0
49098,28,60000,RENT,0.0,PERSONAL,C,5000,14.22,0.08,N,9,0
49099,23,85000,MORTGAGE,0.0,VENTURE,A,6000,6.99,0.07,N,2,0
49100,26,31200,RENT,2.0,PERSONAL,B,3000,11.89,0.1,N,2,0
49101,25,84000,RENT,9.0,PERSONAL,B,25000,11.89,0.3,N,3,1
49102,24,60000,OWN,8.0,HOMEIMPROVEMENT,A,5000,7.05,0.08,N,4,0
49103,23,58000,RENT,7.0,VENTURE,A,5000,5.42,0.09,N,3,0
49104,28,65004,MORTGAGE,12.0,MEDICAL,B,10000,10.25,0.15,N,7,0
49105,23,54000,RENT,0.0,EDUCATION,C,5000,13.49,0.09,N,4,1
49106,28,40000,RENT,6.0,MEDICAL,B,10500,11.36,0.26,N,10,0
49107,44,58000,RENT,2.0,EDUCATION,E,8000,16.45,0.14,Y,11,1
49108,26,90000,MORTGAGE,10.0,MEDICAL,A,5600,5.42,0.06,N,3,0
49109,25,120000,MORTGAGE,9.0,EDUCATION,C,25000,14.65,0.21,Y,4,0
49110,29,55000,MORTGAGE,5.0,PERSONAL,A,6000,7.49,0.11,N,5,0
49111,24,71000,RENT,3.0,MEDICAL,B,14000,12.18,0.2,N,3,0
49112,51,54000,RENT,21.0,VENTURE,D,6000,16.29,0.11,Y,23,1
49113,22,50000,RENT,4.0,VENTURE,D,12000,15.37,0.24,Y,3,0
49114,32,61440,OWN,6.0,EDUCATION,B,6000,10.99,0.1,N,9,0
49115,23,70000,RENT,2.0,MEDICAL,A,3000,7.49,0.04,N,4,0
49116,35,40000,RENT,2.0,DEBTCONSOLIDATION,A,3500,7.51,0.09,N,9,0
49117,30,160000,RENT,14.0,HOMEIMPROVEMENT,B,18000,12.69,0.12,N,7,0
49118,26,54000,RENT,4.0,EDUCATION,A,4500,7.49,0.08,N,2,0
49119,25,28800,RENT,5.0,DEBTCONSOLIDATION,B,6500,10.62,0.23,N,2,1
49120,26,60000,MORTGAGE,10.0,DEBTCONSOLIDATION,A,8000,8.94,0.13,N,3,0
49121,23,35000,OWN,2.0,VENTURE,B,3000,10.74,0.09,N,4,0
49122,31,80000,MORTGAGE,3.0,MEDICAL,A,10000,7.66,0.13,N,5,0
49123,34,68000,MORTGAGE,18.0,MEDICAL,A,7000,6.99,0.1,N,8,0
49124,36,64000,RENT,1.0,DEBTCONSOLIDATION,D,15000,14.84,0.23,N,15,1
49125,24,48000,RENT,2.0,DEBTCONSOLIDATION,B,15000,10.37,0.31,N,4,0
49126,35,80000,MORTGAGE,0.0,DEBTCONSOLIDATION,A,7000,7.14,0.09,N,10,0
49127,27,48000,RENT,7.0,VENTURE,A,4500,7.51,0.09,N,6,0
49128,25,30000,RENT,3.0,EDUCATION,A,10000,7.49,0.33,N,4,0
49129,33,96000,MORTGAGE,17.0,MEDICAL,A,14000,6.03,0.15,N,8,0
49130,30,75000,MORTGAGE,2.0,VENTURE,B,10000,10.99,0.13,N,8,0
49131,27,30000,RENT,6.0,PERSONAL,B,6000,10.65,0.2,N,5,0
49132,34,24000,RENT,0.0,VENTURE,A,5000,8.94,0.21,N,9,1
49133,38,83000,RENT,0.0,HOMEIMPROVEMENT,A,13000,9.63,0.16,N,13,0
49134,32,100000,MORTGAGE,2.0,MEDICAL,B,9000,10.0,0.09,N,9,0
49135,21,48500,RENT,0.0,VENTURE,C,15000,12.87,0.31,Y,3,1
49136,27,35000,MORTGAGE,5.0,HOMEIMPROVEMENT,A,3500,6.03,0.1,N,9,0
49137,24,48000,RENT,3.0,VENTURE,C,8400,13.11,0.17,N,3,0
49138,31,100000,MORTGAGE,4.0,HOMEIMPROVEMENT,C,15000,13.85,0.15,N,5,0
49139,35,33000,RENT,4.0,MEDICAL,B,5000,11.49,0.15,N,10,0
49140,27,115000,MORTGAGE,4.0,VENTURE,C,20000,13.8,0.17,N,7,0
49141,28,60000,RENT,4.0,MEDICAL,C,10000,13.49,0.17,Y,6,0
49142,39,90000,MORTGAGE,3.0,HOMEIMPROVEMENT,C,10000,14.79,0.11,Y,11,0
49143,24,54000,RENT,1.0,EDUCATION,D,24000,15.65,0.44,N,4,1
49144,24,73000,RENT,0.0,EDUCATION,B,7800,10.59,0.11,N,3,0
49145,31,62165,RENT,1.0,MEDICAL,D,12000,14.11,0.16,N,9,1
49146,22,60000,MORTGAGE,6.0,DEBTCONSOLIDATION,B,14000,10.99,0.23,N,3,0
49147,22,35000,RENT,3.0,EDUCATION,A,5000,7.88,0.14,N,2,0
49148,24,100000,MORTGAGE,2.0,HOMEIMPROVEMENT,B,16000,10.25,0.16,N,3,0
49149,22,18000,RENT,2.0,MEDICAL,B,4000,11.86,0.22,N,4,1
49150,24,130000,MORTGAGE,2.0,PERSONAL,B,25000,11.83,0.19,N,2,0
49151,22,75000,MORTGAGE,6.0,MEDICAL,C,10000,13.48,0.13,N,4,0
49152,21,26400,RENT,5.0,HOMEIMPROVEMENT,C,9000,13.49,0.34,Y,4,1
49153,27,40000,RENT,2.0,VENTURE,C,17600,12.84,0.44,N,6,1
49154,32,40000,RENT,9.0,MEDICAL,C,2500,12.84,0.06,Y,8,0
49155,50,42000,RENT,4.0,DEBTCONSOLIDATION,C,15000,13.11,0.37,N,12,1
49156,22,53000,RENT,3.0,EDUCATION,B,6000,10.75,0.11,N,3,0
49157,29,50000,MORTGAGE,13.0,EDUCATION,A,10000,6.62,0.2,N,5,0
49158,27,280000,MORTGAGE,11.0,MEDICAL,A,15000,7.9,0.05,N,8,0
49159,35,30000,RENT,4.0,DEBTCONSOLIDATION,C,2000,13.92,0.07,Y,7,0
49160,22,50000,RENT,0.0,VENTURE,B,6000,11.71,0.12,N,2,0
49161,26,40000,RENT,0.0,VENTURE,B,4000,10.36,0.1,N,3,0
49162,28,47000,RENT,0.0,EDUCATION,C,7500,11.34,0.16,Y,9,0
49163,41,132000,MORTGAGE,1.0,MEDICAL,A,12000,7.51,0.09,N,17,0
49164,23,122000,MORTGAGE,3.0,EDUCATION,C,10000,12.73,0.08,N,4,0
49165,22,60350,RENT,1.0,MEDICAL,D,25000,14.84,0.35,N,4,1
49166,22,30000,RENT,3.0,EDUCATION,B,6000,10.25,0.2,N,2,0
49167,26,60000,MORTGAGE,3.0,EDUCATION,D,21000,14.11,0.35,Y,3,0
49168,31,35000,MORTGAGE,6.0,VENTURE,D,12800,14.74,0.37,Y,5,0
49169,36,66920,MORTGAGE,13.0,EDUCATION,A,4000,7.9,0.06,N,14,0
49170,30,90000,MORTGAGE,11.0,MEDICAL,A,10000,6.92,0.11,N,8,0
49171,29,95000,MORTGAGE,1.0,MEDICAL,B,12000,11.49,0.13,N,10,0
49172,27,54000,MORTGAGE,3.0,PERSONAL,B,5000,11.12,0.09,N,9,0
49173,27,34000,RENT,0.0,DEBTCONSOLIDATION,D,5000,15.95,0.15,Y,8,1
49174,40,60000,MORTGAGE,5.0,VENTURE,B,7000,10.0,0.12,N,14,0
49175,22,45000,RENT,7.0,EDUCATION,A,9000,7.51,0.2,N,3,0
49176,24,105000,MORTGAGE,8.0,DEBTCONSOLIDATION,B,5000,10.99,0.05,N,2,0
49177,29,50000,RENT,3.0,PERSONAL,B,4000,10.37,0.08,N,8,0
49178,23,60000,MORTGAGE,4.0,PERSONAL,C,10000,13.49,0.17,N,3,0
49179,39,12000,RENT,0.0,PERSONAL,C,16000,10.78,0.83,N,12,1
49180,33,140000,RENT,5.0,EDUCATION,B,24000,11.49,0.17,N,5,0
49181,28,44000,MORTGAGE,12.0,MEDICAL,E,7500,15.07,0.18,N,9,1
49182,36,60000,MORTGAGE,7.0,DEBTCONSOLIDATION,A,15000,7.49,0.25,N,16,0
49183,40,19200,RENT,4.0,DEBTCONSOLIDATION,C,3000,12.99,0.16,Y,15,0
49184,29,68496,RENT,9.0,HOMEIMPROVEMENT,C,10000,11.34,0.15,Y,8,0
49185,22,99600,MORTGAGE,6.0,EDUCATION,A,5000,5.42,0.05,N,3,0
49186,27,52809,MORTGAGE,4.0,HOMEIMPROVEMENT,B,18000,10.62,0.35,N,8,0
49187,24,72000,MORTGAGE,8.0,VENTURE,F,10000,20.89,0.14,N,2,0
49188,25,45000,MORTGAGE,3.0,MEDICAL,B,10000,10.37,0.22,N,2,0
49189,28,120000,MORTGAGE,12.0,HOMEIMPROVEMENT,A,8000,5.42,0.07,N,10,0
49190,25,32000,RENT,0.0,DEBTCONSOLIDATION,A,4000,7.29,0.13,N,4,0
49191,23,38400,RENT,5.0,EDUCATION,C,10000,12.23,0.26,Y,4,0
49192,55,72000,MORTGAGE,0.0,PERSONAL,A,1600,6.39,0.02,N,25,0
49193,22,72000,MORTGAGE,6.0,VENTURE,B,5000,9.99,0.07,N,2,0
49194,29,35000,RENT,12.0,MEDICAL,B,1800,11.49,0.05,N,5,0
49195,36,55000,RENT,11.0,HOMEIMPROVEMENT,D,11000,15.33,0.2,Y,13,0
49196,28,100000,RENT,1.0,EDUCATION,B,10000,11.14,0.1,N,8,0
49197,31,73000,MORTGAGE,5.0,PERSONAL,B,10000,11.99,0.14,N,8,0
49198,32,95000,MORTGAGE,12.0,EDUCATION,B,12000,10.37,0.13,N,10,0
49199,24,19200,RENT,1.0,MEDICAL,C,3000,13.22,0.16,N,2,0
49200,29,36000,MORTGAGE,4.0,DEBTCONSOLIDATION,A,5000,6.99,0.14,N,10,0
49201,23,78000,RENT,7.0,DEBTCONSOLIDATION,A,8100,7.88,0.1,N,4,0
49202,21,40000,RENT,5.0,EDUCATION,A,12000,8.9,0.3,N,4,0
49203,29,120000,MORTGAGE,3.0,DEBTCONSOLIDATION,A,5000,7.29,0.04,N,6,0
49204,35,110000,MORTGAGE,9.0,HOMEIMPROVEMENT,D,25000,14.59,0.23,N,8,0
49205,25,45000,MORTGAGE,9.0,HOMEIMPROVEMENT,B,4000,11.99,0.09,N,2,0
49206,28,44000,RENT,6.0,MEDICAL,A,5000,7.29,0.11,N,5,0
49207,30,70000,MORTGAGE,13.0,HOMEIMPROVEMENT,A,10000,7.88,0.14,N,10,0
49208,21,38400,RENT,5.0,EDUCATION,B,7000,10.59,0.18,N,3,0
49209,27,125000,MORTGAGE,7.0,PERSONAL,A,10000,7.49,0.08,N,6,0
49210,39,54000,RENT,7.0,HOMEIMPROVEMENT,A,2500,8.9,0.05,N,11,0
49211,32,115000,RENT,1.0,HOMEIMPROVEMENT,A,5000,7.51,0.04,N,8,0
49212,53,44000,OWN,2.0,PERSONAL,D,5000,15.65,0.11,N,23,0
49213,24,33000,RENT,8.0,VENTURE,A,10000,7.51,0.3,N,2,0
49214,37,45000,RENT,0.0,PERSONAL,C,15000,13.06,0.33,N,15,1
49215,37,24000,RENT,0.0,PERSONAL,B,6000,8.88,0.25,N,14,0
49216,22,87000,MORTGAGE,1.0,PERSONAL,A,2500,5.42,0.03,N,3,0
49217,35,105000,MORTGAGE,8.0,EDUCATION,C,15000,14.27,0.14,Y,10,0
49218,30,60000,MORTGAGE,14.0,VENTURE,A,8000,7.14,0.13,N,9,0
49219,22,40000,RENT,0.0,EDUCATION,C,16000,13.06,0.4,Y,4,1
49220,28,70000,MORTGAGE,12.0,PERSONAL,A,5000,6.03,0.07,N,6,0
49221,29,25000,RENT,0.0,EDUCATION,B,2050,11.99,0.09,N,8,0
49222,28,175000,MORTGAGE,11.0,PERSONAL,A,7550,7.9,0.04,N,7,0
49223,31,75000,RENT,4.0,EDUCATION,C,3000,13.49,0.04,Y,5,0
49224,25,36000,OWN,2.0,HOMEIMPROVEMENT,A,6000,7.49,0.17,N,4,0
49225,31,100000,RENT,0.0,HOMEIMPROVEMENT,B,10000,11.89,0.1,N,9,0
49226,24,70000,RENT,0.0,DEBTCONSOLIDATION,C,8000,12.73,0.11,N,3,0
49227,39,140000,MORTGAGE,14.0,VENTURE,A,1800,6.03,0.01,N,11,0
49228,26,33300,RENT,2.0,DEBTCONSOLIDATION,C,13250,13.57,0.4,Y,2,1
49229,23,60000,RENT,4.0,EDUCATION,B,10000,11.71,0.17,N,3,0
49230,33,65000,MORTGAGE,3.0,PERSONAL,B,3000,10.75,0.05,N,7,0
49231,23,105000,MORTGAGE,7.0,EDUCATION,B,8000,10.65,0.08,N,2,0
49232,22,54000,RENT,5.0,EDUCATION,D,6000,16.32,0.11,Y,2,1
49233,24,54000,RENT,5.0,DEBTCONSOLIDATION,D,10000,15.37,0.19,Y,4,1
49234,21,57000,OWN,5.0,MEDICAL,B,20000,10.99,0.38,N,4,0
49235,44,30000,RENT,2.0,DEBTCONSOLIDATION,B,8000,10.99,0.27,N,14,0
49236,27,46344,RENT,9.0,VENTURE,B,3500,11.36,0.08,N,9,0
49237,28,65000,MORTGAGE,12.0,EDUCATION,C,6000,13.49,0.09,N,6,0
49238,24,69000,RENT,0.0,HOMEIMPROVEMENT,D,20000,15.65,0.29,Y,4,1
49239,22,27600,MORTGAGE,1.0,PERSONAL,C,4000,14.35,0.14,N,4,0
49240,23,75000,MORTGAGE,7.0,DEBTCONSOLIDATION,A,12000,6.03,0.16,N,3,0
49241,27,48000,RENT,5.0,DEBTCONSOLIDATION,C,4200,13.11,0.09,N,6,0
49242,31,80000,MORTGAGE,9.0,MEDICAL,A,8000,7.14,0.1,N,7,0
49243,21,90000,MORTGAGE,5.0,MEDICAL,A,7000,7.14,0.08,N,3,0
49244,25,42000,RENT,7.0,VENTURE,A,10000,7.51,0.24,N,3,0
49245,23,25000,RENT,0.0,MEDICAL,A,6000,7.9,0.24,N,3,0
49246,22,36000,MORTGAGE,5.0,DEBTCONSOLIDATION,B,5500,9.88,0.15,N,2,0
49247,27,54000,MORTGAGE,11.0,DEBTCONSOLIDATION,D,10000,14.59,0.19,Y,7,1
49248,27,47000,RENT,0.0,PERSONAL,E,16000,16.35,0.34,N,6,1
49249,23,40000,RENT,5.0,MEDICAL,B,13000,11.48,0.33,N,2,0
49250,22,40000,MORTGAGE,5.0,EDUCATION,A,6400,6.91,0.16,N,2,0
49251,23,80000,RENT,6.0,EDUCATION,B,8000,10.59,0.1,N,3,0
49252,21,192000,MORTGAGE,123.0,VENTURE,B,20000,11.49,0.1,N,2,0
49253,22,70000,MORTGAGE,6.0,EDUCATION,A,2500,6.39,0.03,N,2,0
49254,23,45000,RENT,0.0,EDUCATION,A,4000,7.9,0.09,N,3,0
49255,29,55000,RENT,0.0,HOMEIMPROVEMENT,A,7500,5.79,0.14,N,9,0
49256,31,35000,RENT,4.0,PERSONAL,A,5000,6.03,0.14,N,9,0
49257,36,59000,MORTGAGE,5.0,VENTURE,C,5000,14.17,0.08,Y,11,0
49258,31,23004,RENT,2.0,PERSONAL,B,4800,9.91,0.21,N,10,0
49259,30,70000,MORTGAGE,14.0,VENTURE,A,12000,6.03,0.17,N,8,0
49260,24,50000,RENT,3.0,MEDICAL,A,6000,7.29,0.12,N,3,0
49261,25,50000,MORTGAGE,3.0,DEBTCONSOLIDATION,C,10000,14.79,0.2,N,3,0
49262,32,27000,RENT,3.0,MEDICAL,C,7500,13.57,0.27,Y,8,0
49263,30,37000,RENT,0.0,MEDICAL,A,9000,7.51,0.24,N,5,0
49264,22,31200,RENT,1.0,EDUCATION,B,3200,10.99,0.1,N,3,0
49265,29,60000,MORTGAGE,13.0,MEDICAL,A,1200,6.76,0.02,N,5,0
49266,26,105000,MORTGAGE,10.0,HOMEIMPROVEMENT,B,23750,12.42,0.24,N,3,0
49267,28,90000,MORTGAGE,1.0,MEDICAL,A,15000,8.49,0.17,N,7,0
49268,23,65000,MORTGAGE,7.0,EDUCATION,A,15000,8.94,0.23,N,4,0
49269,26,54000,MORTGAGE,4.0,MEDICAL,C,6000,13.22,0.11,Y,2,1
49270,26,85000,MORTGAGE,5.0,HOMEIMPROVEMENT,A,3600,6.03,0.04,N,3,0
49271,26,115500,MORTGAGE,2.0,EDUCATION,B,10000,10.95,0.09,N,3,0
49272,26,44960,RENT,9.0,PERSONAL,B,11000,9.91,0.24,N,2,0
49273,26,30000,RENT,0.0,VENTURE,B,3000,11.99,0.1,N,2,0
49274,26,120000,MORTGAGE,3.0,HOMEIMPROVEMENT,B,15000,9.99,0.13,N,3,0
49275,29,50000,MORTGAGE,14.0,MEDICAL,A,6000,6.92,0.12,N,6,0
49276,24,50000,MORTGAGE,2.0,HOMEIMPROVEMENT,A,13600,6.03,0.27,N,3,0
49277,32,42000,MORTGAGE,2.0,VENTURE,A,4000,8.59,0.1,N,6,0
49278,23,80000,RENT,3.0,EDUCATION,A,20000,7.66,0.25,N,2,0
49279,24,49000,RENT,8.0,VENTURE,B,5000,9.91,0.1,N,4,0
49280,33,33996,MORTGAGE,3.0,PERSONAL,C,10000,13.8,0.29,Y,8,0
49281,25,48000,RENT,3.0,VENTURE,B,5000,12.42,0.1,N,2,0
49282,24,112000,MORTGAGE,0.0,VENTURE,A,13000,8.94,0.11,N,3,0
49283,23,72000,RENT,3.0,EDUCATION,A,18000,5.79,0.28,N,4,0
49284,30,54400,RENT,1.0,MEDICAL,E,20000,17.19,0.28,Y,9,1
49285,32,43000,MORTGAGE,8.0,MEDICAL,A,15000,7.49,0.35,N,6,0
49286,23,36000,MORTGAGE,3.0,EDUCATION,C,2500,13.35,0.07,N,2,0
49287,25,95000,MORTGAGE,5.0,VENTURE,B,25000,9.62,0.26,N,3,0
49288,31,113135,MORTGAGE,9.0,EDUCATION,B,25000,9.99,0.22,N,8,0
49289,29,64000,RENT,8.0,DEBTCONSOLIDATION,B,25000,11.83,0.39,N,6,1
49290,22,24432,OWN,0.0,EDUCATION,B,2500,11.86,0.1,N,3,0
49291,40,68000,MORTGAGE,4.0,EDUCATION,D,8700,15.58,0.12,Y,16,0
49292,24,90000,MORTGAGE,6.0,PERSONAL,B,16000,10.99,0.18,N,3,0
49293,24,38000,MORTGAGE,7.0,HOMEIMPROVEMENT,A,15000,6.54,0.39,N,3,0
49294,27,75000,MORTGAGE,12.0,PERSONAL,A,12000,7.88,0.16,N,9,0
49295,23,60000,RENT,0.0,VENTURE,A,8000,7.29,0.13,N,4,0
49296,39,46000,RENT,3.0,PERSONAL,B,6000,10.99,0.13,N,14,0
49297,22,65600,MORTGAGE,5.0,MEDICAL,A,5600,9.63,0.08,N,4,0
49298,23,36000,RENT,7.0,DEBTCONSOLIDATION,C,2000,14.72,0.06,Y,3,0
49299,23,70000,MORTGAGE,7.0,PERSONAL,A,10000,7.49,0.14,N,4,0
49300,22,78000,MORTGAGE,3.0,DEBTCONSOLIDATION,D,25000,15.95,0.32,N,4,1
49301,32,65000,RENT,2.0,HOMEIMPROVEMENT,B,7000,11.49,0.11,N,6,0
49302,27,52000,MORTGAGE,5.0,VENTURE,A,4000,7.9,0.08,N,7,0
49303,24,47232,MORTGAGE,4.0,VENTURE,E,10000,19.42,0.21,N,4,0
49304,25,66000,MORTGAGE,7.0,HOMEIMPROVEMENT,A,8000,6.62,0.12,N,3,0
49305,31,120000,MORTGAGE,3.0,MEDICAL,B,25000,10.65,0.21,N,10,0
49306,24,63600,RENT,7.0,DEBTCONSOLIDATION,B,5000,11.49,0.08,N,4,0
49307,24,75555,MORTGAGE,4.0,MEDICAL,B,7200,10.39,0.09,N,2,0
49308,22,34800,RENT,3.0,PERSONAL,A,7700,9.32,0.23,N,2,0
49309,38,65000,MORTGAGE,13.0,VENTURE,A,5000,6.03,0.08,N,17,0
49310,30,100000,RENT,2.0,MEDICAL,A,3000,7.88,0.03,N,8,0
49311,22,50000,RENT,2.0,EDUCATION,B,8400,11.71,0.17,N,3,0
49312,27,120000,RENT,3.0,HOMEIMPROVEMENT,B,13500,10.0,0.11,N,6,0
49313,31,50000,MORTGAGE,4.0,HOMEIMPROVEMENT,A,3000,6.03,0.06,N,7,0
49314,25,42000,RENT,3.0,EDUCATION,C,6000,12.87,0.14,N,4,0
49315,22,50000,MORTGAGE,6.0,EDUCATION,A,10000,7.14,0.2,N,4,0
49316,26,58000,MORTGAGE,9.0,VENTURE,B,4000,9.99,0.07,N,3,0
49317,27,106000,MORTGAGE,11.0,MEDICAL,B,12000,12.69,0.11,N,10,0
49318,25,50000,MORTGAGE,9.0,HOMEIMPROVEMENT,A,8000,6.62,0.16,N,2,0
49319,33,45000,RENT,4.0,EDUCATION,D,10000,15.95,0.22,N,7,0
49320,27,43200,RENT,8.0,MEDICAL,C,5000,12.87,0.12,N,8,0
49321,31,70000,OWN,3.0,EDUCATION,A,7200,7.88,0.1,N,10,0
49322,22,54000,RENT,2.0,EDUCATION,C,20000,13.79,0.36,Y,3,1
49323,30,60000,MORTGAGE,12.0,DEBTCONSOLIDATION,A,5000,7.51,0.08,N,10,0
49324,22,42500,RENT,2.0,DEBTCONSOLIDATION,A,7000,7.49,0.16,N,3,0
49325,25,40000,MORTGAGE,9.0,EDUCATION,C,7000,11.78,0.17,Y,4,0
49326,25,36000,RENT,2.0,MEDICAL,B,5000,12.21,0.14,N,2,0
49327,24,79000,MORTGAGE,5.0,EDUCATION,D,20000,14.54,0.25,Y,4,0
49328,22,55000,OWN,6.0,VENTURE,A,3500,5.42,0.06,N,4,0
49329,26,90000,RENT,0.0,HOMEIMPROVEMENT,A,10000,5.79,0.11,N,2,0
49330,22,54000,MORTGAGE,6.0,EDUCATION,C,3000,13.99,0.06,N,3,0
49331,30,108000,RENT,1.0,PERSONAL,D,20000,15.05,0.19,N,6,1
49332,26,60996,RENT,0.0,HOMEIMPROVEMENT,E,16400,17.99,0.27,N,2,1
49333,27,80000,MORTGAGE,3.0,DEBTCONSOLIDATION,A,9000,6.99,0.11,N,6,0
49334,23,43000,RENT,7.0,EDUCATION,C,12000,13.11,0.28,N,3,0
49335,23,83004,MORTGAGE,7.0,PERSONAL,A,3500,6.39,0.04,N,3,0
49336,28,60000,RENT,1.0,MEDICAL,A,3000,7.51,0.05,N,8,0
49337,29,60000,RENT,4.0,VENTURE,D,9000,15.62,0.15,Y,6,0
49338,28,80000,MORTGAGE,5.0,VENTURE,A,18000,7.9,0.23,N,5,0
49339,25,80000,RENT,4.0,PERSONAL,A,12000,7.51,0.15,N,2,0
49340,23,40000,OWN,7.0,EDUCATION,A,5000,5.42,0.13,N,3,0
49341,24,91800,MORTGAGE,6.0,MEDICAL,C,16000,14.22,0.15,N,3,1
49342,26,40000,RENT,2.0,MEDICAL,B,3000,12.18,0.07,N,3,0
49343,37,60000,RENT,7.0,MEDICAL,A,7000,6.91,0.12,N,15,0
49344,60,50000,RENT,5.0,MEDICAL,B,9000,10.65,0.18,N,25,0
49345,28,50000,RENT,1.0,EDUCATION,A,3000,7.9,0.06,N,7,0
49346,22,63000,RENT,1.0,EDUCATION,C,6500,15.96,0.1,N,3,0
49347,36,42000,RENT,2.0,MEDICAL,D,10000,14.91,0.24,Y,14,1
49348,27,92000,MORTGAGE,11.0,VENTURE,A,12000,7.49,0.13,N,7,0
49349,25,34000,RENT,4.0,MEDICAL,A,1500,6.76,0.04,N,2,0
49350,26,52500,MORTGAGE,9.0,PERSONAL,A,20000,7.88,0.38,N,3,0
49351,29,50000,RENT,13.0,HOMEIMPROVEMENT,A,12000,7.51,0.24,N,5,0
49352,29,43000,RENT,2.0,VENTURE,A,4000,7.14,0.09,N,7,0
49353,36,45996,MORTGAGE,6.0,DEBTCONSOLIDATION,C,2000,13.61,0.05,Y,14,0
49354,25,52400,MORTGAGE,3.0,HOMEIMPROVEMENT,B,4000,10.62,0.08,N,4,0
49355,24,69000,RENT,8.0,EDUCATION,B,8000,9.99,0.12,N,4,1
49356,28,80000,RENT,4.0,DEBTCONSOLIDATION,B,25000,12.69,0.31,N,8,1
49357,30,118000,MORTGAGE,3.0,HOMEIMPROVEMENT,D,35000,17.58,0.3,N,6,0
49358,30,54000,MORTGAGE,1.0,PERSONAL,A,6000,8.59,0.11,N,7,0
49359,31,48000,MORTGAGE,8.0,HOMEIMPROVEMENT,A,7000,8.94,0.15,N,9,0
49360,24,69000,MORTGAGE,7.0,DEBTCONSOLIDATION,D,15000,15.99,0.22,N,3,1
49361,25,48000,RENT,0.0,MEDICAL,E,13000,15.68,0.27,Y,2,1
49362,29,75000,RENT,0.0,PERSONAL,B,22000,10.62,0.29,N,6,0
49363,46,56004,MORTGAGE,5.0,MEDICAL,B,20000,11.48,0.36,N,13,0
49364,22,85000,MORTGAGE,4.0,EDUCATION,A,7500,5.42,0.09,N,4,0
49365,34,45000,MORTGAGE,2.0,MEDICAL,A,6400,9.63,0.14,N,5,0
49366,23,72000,RENT,7.0,EDUCATION,A,10000,7.66,0.14,N,3,0
49367,25,60000,MORTGAGE,9.0,VENTURE,A,9000,7.51,0.15,N,2,0
49368,29,33000,RENT,3.0,MEDICAL,B,1500,10.59,0.05,N,10,0
49369,27,38000,RENT,0.0,PERSONAL,A,3000,8.9,0.08,N,10,0
49370,40,45000,RENT,3.0,MEDICAL,B,8000,10.38,0.18,N,17,0
49371,28,54000,RENT,5.0,MEDICAL,C,10000,13.49,0.19,Y,10,0
49372,22,48000,RENT,0.0,EDUCATION,C,5000,14.26,0.1,Y,3,0
49373,30,180000,MORTGAGE,2.0,EDUCATION,B,20000,12.42,0.11,N,8,0
49374,31,110000,RENT,12.0,EDUCATION,A,10000,9.63,0.09,N,7,0
49375,31,70000,MORTGAGE,8.0,MEDICAL,A,4500,7.49,0.06,N,8,0
49376,30,54000,MORTGAGE,5.0,VENTURE,B,6300,10.99,0.12,N,7,0
49377,23,48000,RENT,3.0,EDUCATION,A,6000,6.03,0.13,N,4,0
49378,24,29004,RENT,1.0,VENTURE,B,2000,11.49,0.07,N,2,0
49379,21,110000,RENT,2.0,VENTURE,B,3500,11.86,0.03,N,2,0
49380,30,102000,MORTGAGE,5.0,HOMEIMPROVEMENT,E,12000,15.68,0.12,N,7,0
49381,31,70000,MORTGAGE,6.0,MEDICAL,A,10000,7.74,0.14,N,9,0
49382,37,100000,MORTGAGE,3.0,PERSONAL,A,16000,6.99,0.16,N,12,0
49383,23,59000,MORTGAGE,7.0,VENTURE,A,12000,6.17,0.2,N,2,0
49384,23,40000,RENT,3.0,EDUCATION,A,5600,7.9,0.14,N,2,0
49385,28,120000,MORTGAGE,12.0,HOMEIMPROVEMENT,A,12000,8.94,0.1,N,10,0
49386,49,62900,RENT,1.0,MEDICAL,D,8825,16.49,0.13,N,17,1
49387,27,64000,RENT,0.0,MEDICAL,A,12800,8.38,0.2,N,6,0
49388,22,107000,MORTGAGE,3.0,EDUCATION,C,4000,12.73,0.04,N,4,0
49389,21,45000,RENT,1.0,DEBTCONSOLIDATION,A,4500,7.51,0.1,N,2,0
49390,23,45504,RENT,2.0,MEDICAL,C,2000,14.72,0.04,N,4,0
49391,28,28800,RENT,8.0,EDUCATION,B,6250,10.38,0.21,N,8,0
49392,30,38004,RENT,2.0,DEBTCONSOLIDATION,A,10000,7.88,0.26,N,5,0
49393,24,50000,RENT,2.0,PERSONAL,B,6000,10.59,0.12,N,3,0
49394,31,36996,RENT,5.0,VENTURE,A,8000,7.51,0.22,N,5,0
49395,22,32112,MORTGAGE,4.0,HOMEIMPROVEMENT,C,12000,13.98,0.37,Y,3,0
49396,37,75000,RENT,0.0,MEDICAL,B,12000,10.99,0.16,N,16,0
49397,26,31200,RENT,1.0,PERSONAL,C,3200,13.49,0.1,Y,4,0
49398,21,45000,MORTGAGE,5.0,VENTURE,A,1200,7.75,0.03,N,4,0
49399,32,72000,MORTGAGE,3.0,HOMEIMPROVEMENT,A,10000,6.62,0.14,N,10,0
49400,37,53196,RENT,17.0,PERSONAL,A,3000,6.03,0.06,N,11,0
49401,38,48000,RENT,5.0,MEDICAL,A,4000,7.88,0.08,N,17,0
49402,21,48000,MORTGAGE,5.0,PERSONAL,A,3500,7.14,0.07,N,3,0
49403,26,45136,MORTGAGE,10.0,HOMEIMPROVEMENT,E,8000,17.93,0.18,N,3,0
49404,25,65000,MORTGAGE,9.0,PERSONAL,B,14400,9.88,0.23,N,3,0
49405,29,45000,MORTGAGE,1.0,EDUCATION,A,5000,8.0,0.11,N,5,0
49406,29,200000,MORTGAGE,7.0,EDUCATION,A,18000,7.88,0.09,N,5,0
49407,23,90000,RENT,8.0,PERSONAL,E,24000,17.56,0.27,N,2,0
49408,53,114054,MORTGAGE,3.0,PERSONAL,A,35000,8.9,0.31,N,26,0
49409,30,40000,MORTGAGE,14.0,DEBTCONSOLIDATION,A,3000,7.29,0.07,N,7,0
49410,28,82000,RENT,1.0,HOMEIMPROVEMENT,B,17000,10.59,0.21,N,5,0
49411,21,45600,MORTGAGE,5.0,VENTURE,A,4000,7.51,0.09,N,3,0
49412,24,45792,RENT,3.0,DEBTCONSOLIDATION,A,17000,8.49,0.37,N,14,1
49413,27,36000,RENT,5.0,PERSONAL,B,6000,11.49,0.17,N,6,0
49414,33,25062,RENT,1.0,EDUCATION,A,4000,7.49,0.16,N,9,0
49415,23,50000,RENT,3.0,VENTURE,B,20000,10.75,0.4,N,3,1
49416,23,29856,RENT,6.0,PERSONAL,A,10300,6.62,0.34,N,2,1
49417,22,100000,MORTGAGE,4.0,EDUCATION,C,10000,13.61,0.1,Y,3,0
49418,24,80000,MORTGAGE,8.0,VENTURE,D,5000,15.62,0.06,N,3,0
49419,22,75000,MORTGAGE,6.0,EDUCATION,B,8000,11.49,0.11,N,3,0
49420,29,32000,MORTGAGE,0.0,PERSONAL,B,6500,11.83,0.2,N,5,0
49421,24,47000,RENT,0.0,EDUCATION,B,4000,10.74,0.09,N,4,0
49422,28,60000,MORTGAGE,12.0,HOMEIMPROVEMENT,A,5000,7.51,0.08,N,8,0
49423,24,40000,RENT,0.0,MEDICAL,A,3000,7.68,0.07,N,2,0
49424,28,48000,RENT,1.0,VENTURE,C,15000,13.48,0.31,Y,7,1
49425,34,150000,MORTGAGE,4.0,DEBTCONSOLIDATION,A,4000,6.99,0.03,N,9,0
49426,36,35000,RENT,0.0,VENTURE,A,10000,7.29,0.29,N,14,0
49427,23,60000,OWN,8.0,VENTURE,A,15000,7.9,0.25,N,2,0
49428,28,20000,RENT,2.0,DEBTCONSOLIDATION,C,5000,13.48,0.25,Y,7,0
49429,24,42000,RENT,8.0,MEDICAL,B,9600,11.11,0.23,N,4,0
49430,26,50000,OWN,5.0,HOMEIMPROVEMENT,A,7000,7.14,0.14,N,2,0
49431,45,38400,OWN,2.0,VENTURE,B,10000,10.99,0.26,N,12,0
49432,25,110000,RENT,4.0,DEBTCONSOLIDATION,B,12000,11.12,0.11,N,3,0
49433,24,62500,RENT,1.0,EDUCATION,C,12000,13.22,0.19,N,4,0
49434,22,27600,RENT,0.0,EDUCATION,C,7500,12.73,0.28,Y,4,1
49435,23,60000,RENT,0.0,PERSONAL,A,7000,6.03,0.12,N,3,0
49436,27,66000,MORTGAGE,11.0,PERSONAL,A,10500,8.49,0.16,N,7,0
49437,30,55000,MORTGAGE,9.0,PERSONAL,B,15000,11.48,0.27,N,9,0
49438,23,54000,RENT,3.0,DEBTCONSOLIDATION,A,2000,8.49,0.04,N,4,0
49439,29,110000,MORTGAGE,12.0,DEBTCONSOLIDATION,B,18000,10.37,0.16,N,6,0
49440,30,70000,RENT,0.0,DEBTCONSOLIDATION,B,15000,11.89,0.21,N,6,0
49441,26,55000,MORTGAGE,10.0,PERSONAL,A,6000,8.49,0.11,N,3,0
49442,23,81600,MORTGAGE,7.0,EDUCATION,A,5000,7.49,0.06,N,4,0
49443,22,50000,RENT,1.0,VENTURE,A,9000,8.94,0.18,N,3,0
49444,41,26400,RENT,5.0,PERSONAL,B,4750,10.62,0.18,N,14,1
49445,27,44000,RENT,5.0,HOMEIMPROVEMENT,C,8000,15.23,0.18,N,9,1
49446,23,50000,RENT,0.0,EDUCATION,A,10000,9.63,0.2,N,3,0
49447,28,50000,RENT,0.0,PERSONAL,C,12000,13.48,0.24,N,7,0
49448,23,60000,RENT,0.0,MEDICAL,A,16800,6.54,0.28,N,2,0
49449,24,60000,RENT,5.0,MEDICAL,B,2800,9.7,0.05,N,4,0
49450,31,125000,MORTGAGE,6.0,PERSONAL,D,20000,15.95,0.16,N,10,0
49451,21,84000,RENT,5.0,MEDICAL,A,10000,5.99,0.12,N,4,0
49452,35,65000,RENT,0.0,EDUCATION,B,3000,12.42,0.05,N,7,0
49453,37,24000,RENT,2.0,HOMEIMPROVEMENT,C,2000,13.48,0.08,Y,14,1
49454,25,32000,MORTGAGE,9.0,PERSONAL,B,2500,11.86,0.08,N,4,1
49455,28,141000,MORTGAGE,3.0,VENTURE,A,10000,7.49,0.07,N,7,0
49456,30,60000,MORTGAGE,14.0,DEBTCONSOLIDATION,B,5000,11.58,0.08,N,10,0
49457,22,41000,RENT,2.0,DEBTCONSOLIDATION,A,4500,7.66,0.11,N,3,0
49458,36,40000,OWN,2.0,HOMEIMPROVEMENT,B,13200,11.48,0.33,N,16,0
49459,28,36000,MORTGAGE,2.0,PERSONAL,C,5000,12.53,0.14,Y,10,0
49460,24,60000,RENT,0.0,VENTURE,A,4200,7.88,0.07,N,2,0
49461,32,61000,RENT,1.0,DEBTCONSOLIDATION,B,12500,9.99,0.2,N,6,0
49462,24,30000,RENT,7.0,DEBTCONSOLIDATION,B,9000,12.42,0.3,N,3,0
49463,31,54000,MORTGAGE,11.0,HOMEIMPROVEMENT,E,5400,17.74,0.1,N,5,1
49464,32,110000,MORTGAGE,5.0,EDUCATION,B,15000,11.48,0.14,N,9,0
49465,29,50000,RENT,4.0,VENTURE,B,2000,10.99,0.04,N,9,0
49466,32,65004,RENT,2.0,MEDICAL,C,13000,12.53,0.2,N,7,0
49467,22,66000,MORTGAGE,5.0,MEDICAL,B,21000,12.69,0.3,N,3,1
49468,22,60000,MORTGAGE,3.0,VENTURE,B,8000,10.0,0.13,N,2,0
49469,33,45300,RENT,2.0,PERSONAL,E,17000,16.63,0.38,Y,6,1
49470,28,50000,RENT,5.0,HOMEIMPROVEMENT,B,8000,11.49,0.16,N,7,0
49471,31,36000,MORTGAGE,15.0,MEDICAL,B,14125,10.65,0.39,N,9,0
49472,37,60000,OWN,3.0,HOMEIMPROVEMENT,A,10000,7.51,0.17,N,11,0
49473,31,95000,MORTGAGE,9.0,DEBTCONSOLIDATION,C,15000,13.49,0.16,Y,9,0
49474,24,67000,RENT,8.0,PERSONAL,B,25000,10.99,0.37,N,2,1
49475,26,54000,RENT,0.0,EDUCATION,B,10000,12.42,0.19,N,4,1
49476,22,50000,MORTGAGE,4.0,EDUCATION,A,17500,7.49,0.34,N,4,0
49477,25,62217,RENT,0.0,DEBTCONSOLIDATION,C,2400,11.66,0.04,N,3,0
49478,22,70000,MORTGAGE,3.0,EDUCATION,A,7000,7.49,0.1,N,3,0
49479,32,168000,MORTGAGE,12.0,VENTURE,B,24250,10.62,0.14,N,10,0
49480,23,95000,MORTGAGE,7.0,VENTURE,B,24000,11.83,0.25,N,2,0
49481,31,65000,MORTGAGE,15.0,EDUCATION,C,5500,13.99,0.08,Y,5,0
49482,30,48000,RENT,0.0,HOMEIMPROVEMENT,A,4000,8.0,0.08,N,7,0
49483,29,30000,RENT,0.0,MEDICAL,A,8000,9.32,0.27,N,7,0
49484,23,39900,RENT,0.0,PERSONAL,C,12000,12.98,0.3,N,2,0
49485,24,55000,MORTGAGE,8.0,HOMEIMPROVEMENT,B,9000,9.88,0.16,N,3,0
49486,21,70000,RENT,5.0,EDUCATION,A,12000,7.51,0.17,N,3,0
49487,24,60000,RENT,2.0,DEBTCONSOLIDATION,D,25000,15.05,0.42,Y,4,1
49488,26,52000,RENT,3.0,EDUCATION,A,7000,6.91,0.13,N,2,0
49489,26,53000,RENT,2.0,EDUCATION,C,4000,13.47,0.08,N,4,0
49490,29,38004,RENT,6.0,EDUCATION,C,5000,15.23,0.13,Y,8,0
49491,26,120000,MORTGAGE,4.0,MEDICAL,B,6000,9.99,0.05,N,4,0
49492,32,88000,RENT,7.0,HOMEIMPROVEMENT,E,3600,19.69,0.04,N,9,1
49493,27,75000,RENT,2.0,PERSONAL,A,6000,9.63,0.08,N,5,0
49494,26,33000,RENT,2.0,MEDICAL,C,6000,12.99,0.18,Y,4,0
49495,28,100000,MORTGAGE,12.0,EDUCATION,A,8000,6.03,0.08,N,6,0
49496,31,40000,RENT,3.0,PERSONAL,C,8400,13.61,0.21,N,10,0
49497,24,46000,RENT,3.0,MEDICAL,A,5000,7.29,0.11,N,2,0
49498,29,60000,RENT,5.0,MEDICAL,C,15000,12.99,0.25,Y,8,0
49499,28,84996,MORTGAGE,12.0,PERSONAL,C,8000,13.61,0.09,Y,10,0
49500,22,41000,MORTGAGE,6.0,EDUCATION,B,4000,10.37,0.1,N,3,0
49501,31,77500,MORTGAGE,0.0,MEDICAL,A,6000,7.4,0.08,N,6,0
49502,23,75000,MORTGAGE,7.0,PERSONAL,B,5000,11.49,0.07,N,3,0
49503,24,140000,MORTGAGE,8.0,PERSONAL,A,28000,6.54,0.19,N,3,0
49504,41,60000,RENT,1.0,DEBTCONSOLIDATION,A,9000,5.42,0.15,N,17,0
49505,23,33600,RENT,2.0,EDUCATION,C,5000,13.99,0.15,N,2,0
49506,22,32400,RENT,3.0,DEBTCONSOLIDATION,A,10000,7.66,0.31,N,3,1
49507,41,56000,OWN,12.0,MEDICAL,C,14500,13.61,0.26,Y,16,0
49508,29,32000,RENT,4.0,MEDICAL,C,6000,13.84,0.19,Y,10,1
49509,27,130000,MORTGAGE,11.0,HOMEIMPROVEMENT,D,24250,17.27,0.19,N,8,0
49510,32,60000,MORTGAGE,16.0,HOMEIMPROVEMENT,A,2000,7.88,0.03,N,9,0
49511,33,90000,MORTGAGE,8.0,DEBTCONSOLIDATION,C,5000,13.49,0.06,N,10,0
49512,29,75000,RENT,9.0,PERSONAL,A,6500,7.49,0.09,N,10,0
49513,23,67422,MORTGAGE,8.0,EDUCATION,C,16000,12.99,0.24,N,4,0
49514,21,40000,RENT,4.0,MEDICAL,A,5000,7.49,0.13,N,4,0
49515,27,49000,RENT,11.0,PERSONAL,B,5000,11.49,0.1,N,8,0
49516,23,30000,RENT,1.0,MEDICAL,C,10000,13.11,0.33,N,4,1
49517,31,30000,RENT,4.0,MEDICAL,D,5000,15.62,0.17,N,5,0
49518,22,47000,MORTGAGE,6.0,VENTURE,A,7000,8.9,0.15,N,2,0
49519,26,52000,MORTGAGE,6.0,PERSONAL,C,11500,13.57,0.22,N,4,0
49520,33,78000,RENT,4.0,VENTURE,B,2400,12.42,0.03,N,9,0
49521,26,35000,RENT,9.0,EDUCATION,C,1500,13.16,0.04,Y,3,0
49522,26,30000,MORTGAGE,5.0,VENTURE,C,12000,13.49,0.4,N,3,0
49523,35,42000,RENT,5.0,MEDICAL,B,11000,10.59,0.26,N,9,0
49524,24,30000,RENT,0.0,EDUCATION,D,5000,15.62,0.17,Y,4,1
49525,24,33600,RENT,0.0,VENTURE,C,5000,12.87,0.15,Y,2,0
49526,30,36000,RENT,0.0,DEBTCONSOLIDATION,B,13500,10.36,0.38,N,9,1
49527,30,250000,MORTGAGE,4.0,HOMEIMPROVEMENT,B,9000,9.99,0.04,N,5,0
49528,23,43000,RENT,3.0,PERSONAL,A,14400,6.92,0.33,N,3,1
49529,23,60000,RENT,5.0,MEDICAL,C,15000,13.85,0.25,Y,2,0
49530,25,72000,MORTGAGE,3.0,MEDICAL,A,16000,6.03,0.21,N,2,0
49531,27,65000,MORTGAGE,2.0,MEDICAL,B,12000,11.71,0.18,N,5,0
49532,22,50000,RENT,6.0,VENTURE,B,10000,11.71,0.2,N,4,0
49533,22,65000,MORTGAGE,6.0,MEDICAL,B,6500,10.74,0.1,N,4,0
49534,25,98000,RENT,4.0,HOMEIMPROVEMENT,A,5000,7.51,0.05,N,2,1
49535,24,63000,MORTGAGE,8.0,DEBTCONSOLIDATION,C,11200,13.99,0.18,Y,4,1
49536,28,49000,MORTGAGE,13.0,EDUCATION,C,5000,15.27,0.1,Y,9,1
49537,22,55000,MORTGAGE,6.0,PERSONAL,A,6000,7.88,0.11,N,3,0
49538,24,33600,RENT,1.0,VENTURE,B,5000,10.99,0.15,N,4,0
49539,22,48000,RENT,0.0,EDUCATION,B,12000,10.36,0.25,N,2,0
49540,40,77367,MORTGAGE,11.0,EDUCATION,A,1500,6.17,0.02,N,17,0
49541,30,44400,MORTGAGE,9.0,HOMEIMPROVEMENT,C,6000,12.99,0.14,Y,9,0
49542,22,70000,RENT,5.0,PERSONAL,A,10000,7.29,0.14,N,2,0
49543,27,54000,RENT,1.0,VENTURE,A,6000,7.05,0.11,N,5,0
49544,21,30000,RENT,4.0,DEBTCONSOLIDATION,A,5000,6.03,0.17,N,2,0
49545,26,42000,MORTGAGE,7.0,DEBTCONSOLIDATION,A,5000,5.99,0.12,N,3,0
49546,25,54000,RENT,8.0,DEBTCONSOLIDATION,D,15000,16.29,0.28,N,4,1
49547,26,72000,RENT,10.0,MEDICAL,B,14400,12.69,0.2,N,4,0
49548,23,84000,MORTGAGE,0.0,EDUCATION,B,10000,11.26,0.12,N,3,0
49549,23,34000,RENT,4.0,EDUCATION,D,14000,15.62,0.43,N,4,1
49550,36,60000,MORTGAGE,4.0,HOMEIMPROVEMENT,B,10000,11.71,0.17,N,13,0
49551,30,63996,MORTGAGE,9.0,DEBTCONSOLIDATION,A,3000,5.42,0.05,N,8,0
49552,28,50000,MORTGAGE,12.0,EDUCATION,A,10000,8.59,0.2,N,7,0
49553,23,128500,MORTGAGE,7.0,PERSONAL,A,15000,6.54,0.12,N,4,0
49554,36,65000,MORTGAGE,4.0,MEDICAL,A,7200,6.03,0.11,N,14,0
49555,38,37000,RENT,21.0,PERSONAL,D,6000,15.65,0.16,N,9,0
49556,28,72000,MORTGAGE,12.0,HOMEIMPROVEMENT,B,6000,10.99,0.08,N,9,0
49557,34,75000,MORTGAGE,7.0,PERSONAL,C,7500,12.23,0.1,Y,8,0
49558,27,64000,MORTGAGE,1.0,EDUCATION,C,3500,12.99,0.05,Y,5,0
49559,21,26400,RENT,5.0,EDUCATION,C,1000,12.99,0.04,Y,3,0
49560,33,84000,MORTGAGE,3.0,DEBTCONSOLIDATION,B,20000,11.83,0.24,N,5,0
49561,26,52000,MORTGAGE,10.0,DEBTCONSOLIDATION,C,10000,13.85,0.19,N,2,0
49562,30,70000,RENT,5.0,DEBTCONSOLIDATION,B,8000,10.99,0.11,N,8,0
49563,27,60000,MORTGAGE,0.0,DEBTCONSOLIDATION,B,15000,11.86,0.25,N,5,0
49564,22,84000,MORTGAGE,5.0,EDUCATION,B,20000,11.83,0.24,N,3,0
49565,23,90000,MORTGAGE,6.0,PERSONAL,A,12800,7.88,0.14,N,2,0
49566,28,30000,MORTGAGE,6.0,HOMEIMPROVEMENT,B,6000,12.69,0.2,N,10,1
49567,24,50000,MORTGAGE,3.0,PERSONAL,B,10000,9.99,0.2,N,2,0
49568,22,30000,RENT,3.0,PERSONAL,C,10000,14.22,0.33,Y,3,1
49569,37,47380,RENT,10.0,PERSONAL,D,15000,15.58,0.32,Y,12,1
49570,27,100000,MORTGAGE,6.0,PERSONAL,A,8000,5.42,0.08,N,8,0
49571,29,60000,MORTGAGE,12.0,DEBTCONSOLIDATION,A,6000,7.51,0.1,N,10,0
49572,24,40000,RENT,3.0,PERSONAL,A,9600,7.29,0.24,N,4,0
49573,25,65000,RENT,9.0,HOMEIMPROVEMENT,B,10000,10.99,0.15,N,4,0
49574,23,60000,RENT,7.0,EDUCATION,A,4000,7.49,0.07,N,4,0
49575,22,50400,MORTGAGE,6.0,EDUCATION,A,10500,7.51,0.2,N,3,0
49576,23,75000,MORTGAGE,5.0,DEBTCONSOLIDATION,A,4200,7.29,0.06,N,2,0
49577,24,80000,MORTGAGE,8.0,MEDICAL,A,10000,7.74,0.13,N,2,0
49578,37,28000,RENT,4.0,DEBTCONSOLIDATION,B,7225,9.99,0.27,N,14,1
49579,31,40000,RENT,1.0,VENTURE,C,2000,13.49,0.05,Y,9,0
49580,31,120000,MORTGAGE,0.0,DEBTCONSOLIDATION,A,23000,6.91,0.19,N,6,0
49581,28,39000,RENT,5.0,DEBTCONSOLIDATION,B,12000,10.99,0.31,N,6,1
49582,24,38000,RENT,0.0,PERSONAL,C,3000,13.98,0.08,Y,4,0
49583,36,100000,MORTGAGE,3.0,HOMEIMPROVEMENT,B,6000,11.49,0.06,N,14,0
49584,23,92000,OWN,3.0,VENTURE,A,12000,7.49,0.13,N,3,0
49585,22,36100,RENT,6.0,PERSONAL,D,9000,16.49,0.26,N,3,0
49586,22,48000,RENT,6.0,DEBTCONSOLIDATION,A,6000,7.51,0.13,N,2,0
49587,22,43000,RENT,2.0,PERSONAL,B,3500,11.49,0.08,N,2,0
49588,28,100000,RENT,2.0,HOMEIMPROVEMENT,A,6000,6.54,0.06,N,7,0
49589,25,59435,MORTGAGE,9.0,HOMEIMPROVEMENT,B,17500,10.65,0.31,N,3,0
49590,26,54000,RENT,6.0,MEDICAL,A,5000,7.9,0.09,N,3,1
49591,24,54000,MORTGAGE,8.0,DEBTCONSOLIDATION,B,5100,11.89,0.09,N,4,0
49592,31,90000,MORTGAGE,2.0,HOMEIMPROVEMENT,A,10000,5.99,0.11,N,5,0
49593,22,65000,RENT,6.0,MEDICAL,C,11500,13.49,0.18,N,3,0
49594,26,45000,RENT,0.0,MEDICAL,A,6000,7.49,0.13,N,3,0
49595,24,60000,OWN,0.0,PERSONAL,C,7500,13.61,0.13,Y,2,0
49596,24,65000,MORTGAGE,1.0,DEBTCONSOLIDATION,A,10000,7.51,0.15,N,4,0
49597,25,45000,MORTGAGE,2.0,VENTURE,A,8500,7.9,0.19,N,4,0
49598,24,73248,RENT,5.0,MEDICAL,B,12000,11.11,0.16,N,4,0
49599,23,60000,RENT,2.0,PERSONAL,C,7000,12.87,0.12,N,4,1
49600,23,51850,RENT,0.0,MEDICAL,D,4000,15.21,0.08,N,2,1
49601,25,43000,RENT,2.0,VENTURE,C,3200,13.16,0.07,Y,3,0
49602,21,36000,MORTGAGE,4.0,VENTURE,A,15000,7.49,0.42,N,4,0
49603,29,25000,OWN,0.0,MEDICAL,B,1000,9.99,0.04,N,9,0
49604,25,81600,MORTGAGE,9.0,DEBTCONSOLIDATION,E,6000,16.45,0.07,N,4,1
49605,30,34000,RENT,1.0,HOMEIMPROVEMENT,E,2500,16.32,0.07,N,6,1
49606,36,28800,MORTGAGE,6.0,EDUCATION,A,6075,7.9,0.21,N,12,0
49607,35,150000,MORTGAGE,1.0,PERSONAL,B,15000,9.63,0.1,N,10,0
49608,20,95004,MORTGAGE,4.0,EDUCATION,B,24250,10.75,0.26,N,3,0
49609,22,54000,RENT,6.0,DEBTCONSOLIDATION,B,12000,10.74,0.22,N,3,0
49610,36,100111,MORTGAGE,5.0,VENTURE,C,20000,13.49,0.2,N,15,0
49611,28,25000,RENT,4.0,DEBTCONSOLIDATION,C,3600,13.47,0.14,Y,10,0
49612,30,54000,RENT,2.0,EDUCATION,D,17500,14.09,0.32,N,10,1
49613,22,100000,RENT,1.0,VENTURE,A,9000,5.99,0.09,N,4,0
49614,23,51000,MORTGAGE,7.0,EDUCATION,B,15000,11.86,0.29,N,2,1
49615,26,71000,RENT,10.0,MEDICAL,D,3000,16.29,0.04,N,3,0
49616,23,52273,RENT,3.0,EDUCATION,D,5000,15.58,0.1,N,3,0
49617,24,51850,MORTGAGE,8.0,MEDICAL,B,3600,11.99,0.06,N,3,1
49618,29,29000,RENT,3.0,MEDICAL,C,4800,11.91,0.17,N,9,0
49619,23,73000,MORTGAGE,7.0,PERSONAL,C,25000,13.11,0.34,Y,4,0
49620,27,98000,MORTGAGE,10.0,EDUCATION,A,35000,7.9,0.36,N,10,0
49621,28,48000,RENT,8.0,EDUCATION,B,5000,10.59,0.1,N,6,0
49622,21,50000,RENT,5.0,VENTURE,B,12000,10.37,0.24,N,4,0
49623,26,75000,RENT,6.0,PERSONAL,A,5000,7.9,0.07,N,3,0
49624,28,30000,RENT,3.0,PERSONAL,B,6000,10.38,0.2,N,5,0
49625,23,140000,MORTGAGE,1.0,DEBTCONSOLIDATION,B,6000,11.36,0.04,N,2,0
49626,45,178364,MORTGAGE,9.0,HOMEIMPROVEMENT,E,12000,15.68,0.06,Y,17,0
49627,28,33000,RENT,2.0,DEBTCONSOLIDATION,B,5000,10.65,0.15,N,6,0
49628,25,65000,MORTGAGE,3.0,HOMEIMPROVEMENT,A,12000,6.92,0.18,N,3,0
49629,23,45600,MORTGAGE,7.0,MEDICAL,C,13000,13.35,0.29,N,3,0
49630,28,54000,RENT,8.0,MEDICAL,D,14900,15.65,0.27,Y,6,1
49631,22,30000,RENT,3.0,EDUCATION,D,3500,14.61,0.12,N,2,1
49632,26,64000,RENT,4.0,MEDICAL,C,12000,13.98,0.19,Y,2,0
49633,24,36000,MORTGAGE,8.0,EDUCATION,A,9000,7.51,0.25,N,2,0
49634,29,40000,RENT,3.0,VENTURE,B,12000,12.69,0.3,N,7,0
49635,23,30000,RENT,7.0,MEDICAL,B,4000,11.49,0.13,N,2,0
49636,23,49000,RENT,6.0,PERSONAL,C,11600,15.27,0.24,Y,2,0
49637,24,70000,MORTGAGE,5.0,PERSONAL,A,7200,8.9,0.1,N,2,0
49638,37,80000,RENT,1.0,EDUCATION,C,6000,13.22,0.07,N,11,0
49639,22,37000,RENT,0.0,EDUCATION,A,10000,5.79,0.27,N,3,0
49640,38,35000,MORTGAGE,5.0,PERSONAL,A,8000,7.66,0.23,N,12,0
49641,22,50000,RENT,6.0,PERSONAL,B,14000,10.65,0.28,N,4,1
49642,30,80000,MORTGAGE,14.0,EDUCATION,A,9000,6.62,0.11,N,9,0
49643,21,61200,RENT,5.0,MEDICAL,A,7200,6.62,0.11,N,4,0
49644,30,75000,RENT,2.0,DEBTCONSOLIDATION,B,12000,11.71,0.16,N,7,0
49645,23,98004,OWN,8.0,VENTURE,A,18000,7.51,0.19,N,4,0
49646,41,40000,RENT,2.0,VENTURE,C,5500,13.57,0.14,N,12,0
49647,23,70000,MORTGAGE,2.0,DEBTCONSOLIDATION,A,6000,5.42,0.09,N,2,0
49648,23,48000,RENT,7.0,PERSONAL,A,6000,7.49,0.13,N,3,0
49649,21,44000,MORTGAGE,5.0,PERSONAL,B,6000,11.71,0.14,N,2,1
49650,23,70000,MORTGAGE,7.0,VENTURE,B,8000,10.59,0.11,N,2,0
49651,23,80000,MORTGAGE,7.0,PERSONAL,B,6500,9.91,0.08,N,2,0
49652,21,48000,RENT,5.0,DEBTCONSOLIDATION,C,12000,12.09,0.25,N,4,0
49653,32,119000,MORTGAGE,3.0,HOMEIMPROVEMENT,B,9000,10.74,0.08,N,9,0
49654,29,67000,MORTGAGE,6.0,EDUCATION,A,8150,7.51,0.12,N,10,0
49655,29,31200,MORTGAGE,2.0,PERSONAL,A,11200,8.49,0.36,N,9,0
49656,24,120000,MORTGAGE,7.0,DEBTCONSOLIDATION,B,15000,10.25,0.13,N,3,0
49657,31,52596,RENT,5.0,EDUCATION,C,8700,13.23,0.15,Y,9,0
49658,27,80000,MORTGAGE,2.0,MEDICAL,C,5000,13.49,0.06,N,7,0
49659,41,75000,MORTGAGE,5.0,EDUCATION,A,10000,7.29,0.13,N,12,0
49660,24,85000,MORTGAGE,0.0,MEDICAL,A,12000,7.88,0.14,N,2,0
49661,23,60000,RENT,0.0,PERSONAL,B,4000,11.71,0.07,N,4,0
49662,22,38000,MORTGAGE,6.0,MEDICAL,A,7000,7.9,0.18,N,4,0
49663,26,94800,MORTGAGE,0.0,DEBTCONSOLIDATION,B,3000,10.37,0.03,N,3,0
49664,22,46000,MORTGAGE,1.0,PERSONAL,D,7400,15.62,0.16,N,3,0
49665,41,43738,RENT,5.0,MEDICAL,A,14000,7.88,0.32,N,17,1
49666,29,139008,MORTGAGE,2.0,VENTURE,C,25000,13.47,0.18,N,9,0
49667,26,85000,RENT,4.0,DEBTCONSOLIDATION,A,12000,7.49,0.14,N,4,0
49668,49,60000,RENT,4.0,MEDICAL,B,12000,10.62,0.2,N,17,0
49669,24,45000,OWN,0.0,MEDICAL,A,14000,7.9,0.31,N,3,0
49670,34,50000,MORTGAGE,18.0,DEBTCONSOLIDATION,C,5000,13.48,0.1,Y,10,0
49671,27,123000,RENT,4.0,DEBTCONSOLIDATION,C,2800,13.49,0.02,Y,8,0
49672,38,50000,MORTGAGE,1.0,VENTURE,B,12000,9.63,0.24,N,12,0
49673,29,86000,MORTGAGE,5.0,EDUCATION,B,16000,10.62,0.19,N,8,0
49674,23,50000,MORTGAGE,1.0,VENTURE,B,4000,10.37,0.08,N,2,0
49675,30,122000,MORTGAGE,11.0,DEBTCONSOLIDATION,A,10000,7.88,0.08,N,6,0
49676,43,70000,MORTGAGE,9.0,VENTURE,A,7000,6.62,0.1,N,12,0
49677,26,76464,MORTGAGE,9.0,HOMEIMPROVEMENT,A,13000,7.9,0.17,N,2,0
49678,22,45000,RENT,6.0,DEBTCONSOLIDATION,B,6000,11.49,0.13,N,2,0
49679,32,48000,RENT,3.0,VENTURE,B,3600,10.74,0.07,N,5,0
49680,43,39000,MORTGAGE,4.0,HOMEIMPROVEMENT,A,9000,7.49,0.23,N,13,0
49681,24,24000,MORTGAGE,4.0,PERSONAL,C,8500,12.87,0.35,N,2,0
49682,38,35000,MORTGAGE,0.0,MEDICAL,C,5000,12.68,0.14,N,15,0
49683,31,34000,RENT,0.0,MEDICAL,B,1200,9.91,0.04,N,10,0
49684,24,30000,RENT,0.0,MEDICAL,B,7000,10.65,0.23,N,3,0
49685,22,50000,MORTGAGE,6.0,MEDICAL,C,12000,13.98,0.24,Y,4,0
49686,35,47000,OWN,4.0,MEDICAL,A,8000,6.54,0.17,N,10,0
49687,27,78000,MORTGAGE,1.0,HOMEIMPROVEMENT,C,12800,14.79,0.16,N,9,1
49688,22,40000,RENT,1.0,EDUCATION,C,10000,13.22,0.25,Y,3,0
49689,23,55000,RENT,4.0,MEDICAL,A,8000,7.29,0.15,N,4,0
49690,22,50000,MORTGAGE,6.0,VENTURE,C,6000,13.99,0.12,N,4,0
49691,23,75000,MORTGAGE,0.0,MEDICAL,A,15000,8.59,0.2,N,4,0
49692,22,50000,RENT,0.0,DEBTCONSOLIDATION,B,4000,10.62,0.08,N,3,0
49693,26,14400,RENT,0.0,EDUCATION,B,4000,11.71,0.28,N,2,1
49694,22,105500,MORTGAGE,7.0,EDUCATION,B,6000,9.99,0.06,N,3,0
49695,28,78000,RENT,6.0,HOMEIMPROVEMENT,B,8000,12.42,0.1,N,8,0
49696,26,70000,MORTGAGE,10.0,EDUCATION,A,5000,7.88,0.07,N,4,0
49697,24,30000,RENT,8.0,EDUCATION,C,11300,13.49,0.38,N,2,1
49698,23,40000,RENT,4.0,PERSONAL,A,5000,8.59,0.13,N,2,0
49699,27,87600,MORTGAGE,11.0,VENTURE,B,12000,11.49,0.14,N,10,0
49700,25,135000,MORTGAGE,9.0,DEBTCONSOLIDATION,B,25000,11.12,0.19,N,2,0
49701,37,50000,RENT,4.0,MEDICAL,B,10000,10.95,0.2,N,11,0
49702,30,65000,MORTGAGE,8.0,MEDICAL,D,13000,16.77,0.2,N,6,0
49703,24,33600,RENT,5.0,EDUCATION,B,10000,10.99,0.3,N,3,0
49704,22,55000,RENT,3.0,VENTURE,B,10000,10.59,0.18,N,4,0
49705,23,120000,RENT,7.0,EDUCATION,B,6000,9.99,0.05,N,2,0
49706,23,50000,RENT,0.0,PERSONAL,C,8000,13.49,0.16,N,3,0
49707,32,50000,MORTGAGE,3.0,VENTURE,B,3000,11.83,0.06,N,5,0
49708,24,70000,OWN,4.0,EDUCATION,C,16000,12.73,0.23,Y,3,0
49709,32,45000,RENT,6.0,PERSONAL,C,5000,12.99,0.11,N,9,0
49710,32,30000,RENT,1.0,VENTURE,E,6000,16.32,0.2,Y,5,1
49711,29,120000,MORTGAGE,5.0,PERSONAL,B,7000,10.99,0.06,N,7,0
49712,27,35000,MORTGAGE,4.0,MEDICAL,B,15000,10.37,0.43,N,7,0
49713,23,60000,RENT,1.0,MEDICAL,B,7200,11.14,0.12,N,3,0
49714,27,75000,MORTGAGE,8.0,VENTURE,A,5000,6.03,0.07,N,8,0
49715,25,60000,RENT,5.0,MEDICAL,B,8000,10.99,0.13,N,4,0
49716,43,60000,MORTGAGE,3.0,EDUCATION,B,16750,10.38,0.28,N,12,0
49717,39,45000,RENT,3.0,DEBTCONSOLIDATION,B,4000,11.58,0.09,N,11,0
49718,27,180000,OWN,2.0,PERSONAL,B,5000,11.71,0.03,N,7,0
49719,22,54000,MORTGAGE,3.0,DEBTCONSOLIDATION,B,8000,10.62,0.15,N,3,0
49720,26,33666,RENT,4.0,DEBTCONSOLIDATION,D,8000,18.25,0.24,N,2,1
49721,27,54996,RENT,1.0,EDUCATION,C,10000,12.84,0.18,N,8,0
49722,29,48000,RENT,8.0,VENTURE,B,2000,12.69,0.04,N,6,0
49723,37,200000,RENT,3.0,MEDICAL,C,14000,13.92,0.07,Y,14,0
49724,22,100000,MORTGAGE,0.0,EDUCATION,B,21000,11.48,0.21,N,4,0
49725,25,60000,MORTGAGE,9.0,VENTURE,B,4000,10.99,0.07,N,2,0
49726,25,45000,RENT,0.0,MEDICAL,C,7500,12.53,0.17,Y,3,0
49727,26,38000,MORTGAGE,7.0,HOMEIMPROVEMENT,C,4000,12.87,0.1,N,4,0
49728,21,42000,MORTGAGE,5.0,PERSONAL,A,7000,6.92,0.17,N,3,0
49729,36,70000,MORTGAGE,8.0,PERSONAL,A,8000,7.29,0.11,N,12,0
49730,33,120000,MORTGAGE,6.0,EDUCATION,A,16000,8.9,0.13,N,10,0
49731,21,44000,MORTGAGE,5.0,MEDICAL,A,10000,7.51,0.23,N,4,0
49732,25,37200,RENT,5.0,MEDICAL,B,9000,10.99,0.24,N,4,0
49733,32,24000,RENT,2.0,EDUCATION,B,1000,12.42,0.04,N,9,0
49734,30,120000,MORTGAGE,3.0,DEBTCONSOLIDATION,B,6000,10.99,0.05,N,8,0
49735,23,55000,MORTGAGE,2.0,EDUCATION,A,3000,6.03,0.05,N,4,0
49736,21,25200,RENT,3.0,PERSONAL,C,6000,13.92,0.24,N,4,1
49737,23,62000,RENT,1.0,DEBTCONSOLIDATION,C,9000,13.61,0.15,N,4,0
49738,25,94000,MORTGAGE,9.0,VENTURE,A,10000,5.99,0.11,N,4,0
49739,28,55000,OWN,5.0,PERSONAL,C,8000,14.26,0.15,N,5,0
49740,32,45000,MORTGAGE,3.0,VENTURE,A,4000,6.62,0.09,N,6,0
49741,30,44000,MORTGAGE,0.0,DEBTCONSOLIDATION,A,6000,7.66,0.14,N,6,0
49742,35,96000,MORTGAGE,7.0,DEBTCONSOLIDATION,B,10000,10.99,0.1,N,8,0
49743,29,110000,MORTGAGE,2.0,VENTURE,A,11000,6.99,0.1,N,5,0
49744,36,78000,RENT,18.0,EDUCATION,E,25000,16.4,0.31,Y,11,1
49745,27,50000,RENT,2.0,VENTURE,B,10000,11.26,0.2,N,8,0
49746,27,70000,MORTGAGE,4.0,HOMEIMPROVEMENT,B,10000,10.25,0.14,N,9,0
49747,23,107000,MORTGAGE,0.0,EDUCATION,A,1000,7.4,0.01,N,2,0
49748,22,30000,MORTGAGE,3.0,VENTURE,A,12000,7.51,0.4,N,4,0
49749,32,59000,RENT,6.0,MEDICAL,E,12000,16.0,0.2,N,6,1
49750,25,130000,RENT,9.0,HOMEIMPROVEMENT,D,25000,14.59,0.19,Y,3,0
49751,24,70000,MORTGAGE,8.0,EDUCATION,B,25000,9.62,0.36,N,3,0
49752,28,19200,RENT,0.0,MEDICAL,B,4000,10.99,0.21,N,8,1
49753,41,52000,MORTGAGE,4.0,HOMEIMPROVEMENT,A,6000,7.51,0.12,N,13,0
49754,21,28800,RENT,3.0,EDUCATION,C,5325,14.27,0.19,Y,2,0
49755,23,130000,MORTGAGE,2.0,MEDICAL,B,10000,11.86,0.07,N,3,0
49756,22,50000,RENT,5.0,VENTURE,B,6000,10.99,0.12,N,3,0
49757,25,240000,MORTGAGE,5.0,VENTURE,A,18000,7.88,0.07,N,2,0
49758,26,50400,MORTGAGE,4.0,HOMEIMPROVEMENT,B,12000,9.62,0.24,N,2,0
49759,29,65000,RENT,13.0,MEDICAL,B,14400,11.99,0.22,N,6,0
49760,25,80000,MORTGAGE,5.0,PERSONAL,A,6000,7.49,0.07,N,4,0
49761,27,50000,RENT,11.0,DEBTCONSOLIDATION,C,2000,14.72,0.04,N,6,0
49762,22,72000,MORTGAGE,6.0,EDUCATION,B,20000,12.42,0.28,N,4,0
49763,34,83000,MORTGAGE,3.0,DEBTCONSOLIDATION,C,28000,15.96,0.34,Y,8,1
49764,30,25000,OWN,4.0,HOMEIMPROVEMENT,B,6000,10.99,0.25,N,7,0
49765,22,35000,RENT,4.0,PERSONAL,C,8000,13.16,0.23,Y,3,0
49766,34,52000,RENT,15.0,HOMEIMPROVEMENT,A,6000,6.92,0.11,N,7,0
49767,23,45000,RENT,4.0,EDUCATION,A,5000,9.63,0.11,N,3,0
49768,25,96050,RENT,9.0,MEDICAL,D,6000,15.28,0.06,Y,2,1
49769,28,110000,MORTGAGE,4.0,HOMEIMPROVEMENT,B,20000,10.74,0.18,N,6,0
49770,22,75000,RENT,6.0,EDUCATION,C,17000,14.27,0.23,Y,4,0
49771,22,31200,OWN,0.0,PERSONAL,A,7000,9.32,0.2,N,2,0
49772,23,45000,MORTGAGE,4.0,DEBTCONSOLIDATION,D,9000,15.99,0.2,N,3,1
49773,23,75000,MORTGAGE,4.0,EDUCATION,B,10000,11.48,0.13,N,4,0
49774,22,35000,RENT,6.0,PERSONAL,B,10000,10.99,0.29,N,4,0
49775,35,24000,RENT,2.0,MEDICAL,B,6200,9.63,0.23,N,9,0
49776,23,50000,RENT,3.0,MEDICAL,B,2000,12.69,0.04,N,4,0
49777,23,24000,RENT,4.0,EDUCATION,D,2000,16.89,0.08,N,3,0
49778,22,93000,MORTGAGE,6.0,EDUCATION,C,20000,13.48,0.22,N,3,1
49779,40,68000,MORTGAGE,5.0,EDUCATION,A,1000,8.0,0.01,N,13,0
49780,23,70000,RENT,0.0,PERSONAL,C,8000,13.85,0.11,Y,2,0
49781,25,50000,RENT,9.0,MEDICAL,B,8000,11.71,0.16,N,4,0
49782,23,39000,RENT,4.0,VENTURE,B,5000,11.71,0.13,N,4,0
49783,27,55000,RENT,3.0,EDUCATION,B,15000,10.62,0.27,N,9,0
49784,24,78300,RENT,2.0,VENTURE,B,2300,11.89,0.03,N,4,0
49785,34,43200,MORTGAGE,9.0,DEBTCONSOLIDATION,B,6000,10.74,0.14,N,8,0
49786,43,50000,MORTGAGE,8.0,MEDICAL,A,6000,7.49,0.12,N,17,0
49787,28,42000,RENT,4.0,MEDICAL,A,7000,8.49,0.17,N,6,0
49788,23,36000,RENT,2.0,PERSONAL,C,8000,13.85,0.22,N,3,1
49789,29,150000,MORTGAGE,11.0,HOMEIMPROVEMENT,A,5000,9.63,0.03,N,9,0
49790,23,70000,MORTGAGE,1.0,PERSONAL,A,10000,8.49,0.14,N,2,0
49791,22,50000,RENT,0.0,PERSONAL,B,4800,10.37,0.1,N,3,0
49792,22,30000,RENT,4.0,PERSONAL,A,4000,7.88,0.13,N,4,0
49793,23,31000,OWN,0.0,VENTURE,B,5000,11.11,0.16,N,3,0
49794,21,29004,RENT,0.0,VENTURE,C,2500,12.23,0.09,Y,3,1
49795,22,60000,RENT,0.0,PERSONAL,A,6000,8.9,0.1,N,3,0
49796,32,44000,RENT,0.0,HOMEIMPROVEMENT,E,15000,17.99,0.34,Y,9,1
49797,23,85500,MORTGAGE,7.0,EDUCATION,C,9500,11.03,0.11,N,2,0
49798,25,48659,RENT,4.0,EDUCATION,D,5500,15.62,0.11,Y,3,0
49799,27,48000,RENT,4.0,MEDICAL,B,7000,10.62,0.15,N,9,0
49800,26,51600,RENT,5.0,PERSONAL,B,3000,10.99,0.06,N,3,1
49801,22,30000,RENT,4.0,DEBTCONSOLIDATION,C,9600,14.22,0.32,N,4,1
49802,22,45000,RENT,6.0,EDUCATION,B,5000,10.65,0.11,N,4,0
49803,27,54000,MORTGAGE,6.0,VENTURE,C,4000,13.35,0.07,Y,7,1
49804,22,60000,MORTGAGE,6.0,VENTURE,B,6000,11.49,0.1,N,3,0
49805,43,70000,MORTGAGE,13.0,DEBTCONSOLIDATION,B,18800,9.91,0.27,N,16,0
49806,27,80000,RENT,2.0,EDUCATION,B,15000,11.71,0.19,N,8,0
49807,23,39000,RENT,0.0,VENTURE,B,7000,9.91,0.18,N,2,0
49808,23,70000,MORTGAGE,4.0,EDUCATION,D,4000,15.58,0.06,N,3,0
49809,28,75000,RENT,0.0,VENTURE,A,12000,8.94,0.16,N,6,0
49810,35,100000,MORTGAGE,4.0,EDUCATION,C,16000,13.48,0.16,Y,6,0
49811,26,50000,RENT,1.0,HOMEIMPROVEMENT,D,8000,16.89,0.16,Y,3,1
49812,22,48000,RENT,6.0,EDUCATION,B,10000,9.91,0.21,N,4,0
49813,22,29004,RENT,6.0,MEDICAL,B,6000,10.0,0.21,N,4,0
49814,32,89849,RENT,13.0,HOMEIMPROVEMENT,D,3300,14.84,0.04,N,5,0
49815,28,54000,MORTGAGE,0.0,PERSONAL,C,10000,13.16,0.19,Y,8,0
49816,24,74700,MORTGAGE,4.0,PERSONAL,D,24000,14.96,0.32,Y,2,0
49817,24,40000,RENT,1.0,DEBTCONSOLIDATION,A,3500,7.14,0.09,N,2,0
49818,28,88000,MORTGAGE,12.0,VENTURE,E,9000,17.56,0.1,Y,5,0
49819,26,66000,MORTGAGE,9.0,HOMEIMPROVEMENT,B,12000,10.99,0.18,N,2,0
49820,28,45000,RENT,2.0,VENTURE,B,12000,11.36,0.27,N,7,0
49821,34,44004,RENT,2.0,MEDICAL,A,5000,6.92,0.11,N,6,0
49822,33,68500,MORTGAGE,19.0,EDUCATION,D,10500,16.32,0.15,N,5,0
49823,34,45000,RENT,2.0,DEBTCONSOLIDATION,D,8400,15.28,0.18,N,7,1
49824,22,25600,RENT,2.0,EDUCATION,A,9000,8.9,0.35,N,4,1
49825,37,60000,MORTGAGE,3.0,EDUCATION,D,10000,15.62,0.17,N,13,0
49826,28,70000,RENT,5.0,EDUCATION,B,8000,10.0,0.11,N,8,0
49827,23,75000,RENT,7.0,EDUCATION,B,12000,12.42,0.16,N,3,0
49828,58,33000,RENT,0.0,MEDICAL,C,7500,13.48,0.23,N,21,0
49829,31,70000,RENT,3.0,VENTURE,C,2000,13.49,0.03,Y,5,0
49830,25,46800,MORTGAGE,9.0,EDUCATION,A,5000,9.32,0.11,N,2,0
49831,33,55000,RENT,17.0,EDUCATION,A,7500,5.42,0.14,N,7,0
49832,23,55000,MORTGAGE,4.0,EDUCATION,A,10000,6.03,0.18,N,2,0
49833,29,35000,RENT,7.0,MEDICAL,B,10000,12.69,0.29,N,5,0
49834,28,100000,MORTGAGE,2.0,PERSONAL,A,12000,9.63,0.12,N,10,0
49835,26,70000,MORTGAGE,3.0,HOMEIMPROVEMENT,B,25000,10.74,0.36,N,4,0
49836,23,85000,MORTGAGE,4.0,EDUCATION,A,4000,8.59,0.05,N,4,0
49837,29,30000,RENT,7.0,DEBTCONSOLIDATION,B,8000,10.74,0.27,N,8,1
49838,25,55000,MORTGAGE,9.0,HOMEIMPROVEMENT,A,10200,7.9,0.19,N,2,0
49839,24,110000,MORTGAGE,6.0,EDUCATION,A,9500,7.51,0.09,N,4,0
49840,22,30000,RENT,2.0,EDUCATION,C,2000,12.53,0.07,N,2,0
49841,25,23000,RENT,1.0,PERSONAL,C,5500,13.98,0.24,Y,2,0
49842,24,33198,RENT,3.0,VENTURE,C,7000,14.27,0.21,N,2,0
49843,29,50000,OWN,2.0,PERSONAL,C,9600,14.26,0.19,Y,5,0
49844,25,42100,OWN,9.0,EDUCATION,A,4925,5.42,0.12,N,3,0
49845,26,59700,MORTGAGE,5.0,VENTURE,B,6000,10.99,0.1,N,3,0
49846,28,76800,MORTGAGE,12.0,DEBTCONSOLIDATION,A,6500,6.17,0.08,N,10,0
49847,21,40000,RENT,5.0,DEBTCONSOLIDATION,B,3500,9.63,0.09,N,4,0
49848,32,110000,RENT,4.0,DEBTCONSOLIDATION,C,3000,13.61,0.03,Y,10,0
49849,22,41000,RENT,2.0,VENTURE,B,3000,11.11,0.07,N,3,0
49850,37,31200,RENT,3.0,EDUCATION,B,3000,11.83,0.1,N,11,0
49851,23,30000,RENT,0.0,MEDICAL,B,15000,11.48,0.5,N,3,1
49852,65,50000,OWN,0.0,PERSONAL,B,6000,9.99,0.12,N,27,0
49853,25,35820,RENT,0.0,PERSONAL,A,3275,5.42,0.09,N,3,0
49854,24,90996,MORTGAGE,2.0,PERSONAL,B,6000,9.99,0.07,N,4,0
49855,23,53000,RENT,4.0,EDUCATION,C,10000,12.87,0.19,Y,4,0
49856,27,44000,RENT,4.0,MEDICAL,D,10000,16.77,0.23,Y,10,0
49857,26,30000,RENT,4.0,DEBTCONSOLIDATION,B,10000,10.38,0.33,N,4,1
49858,32,75000,MORTGAGE,0.0,EDUCATION,B,7200,10.95,0.1,N,9,0
49859,32,43000,RENT,4.0,MEDICAL,B,10000,10.36,0.23,N,9,0
49860,26,120000,MORTGAGE,10.0,PERSONAL,B,7800,10.99,0.07,N,3,0
49861,26,45000,RENT,3.0,EDUCATION,C,4000,13.98,0.09,N,4,0
49862,28,80000,MORTGAGE,5.0,PERSONAL,B,8000,11.71,0.1,N,8,0
49863,22,50000,OWN,1.0,EDUCATION,C,4000,14.35,0.08,Y,4,0
49864,22,27000,OWN,6.0,VENTURE,C,6000,12.87,0.22,N,3,0
49865,43,90000,MORTGAGE,5.0,EDUCATION,A,20000,6.91,0.21,N,11,0
49866,27,66500,MORTGAGE,0.0,MEDICAL,A,4000,8.59,0.06,N,10,0
49867,30,42000,RENT,1.0,DEBTCONSOLIDATION,C,5800,13.16,0.14,Y,10,0
49868,26,60400,OWN,0.0,PERSONAL,B,2400,10.99,0.04,N,2,0
49869,35,30000,OWN,4.0,VENTURE,A,6400,7.49,0.21,N,8,0
49870,22,50000,MORTGAGE,2.0,MEDICAL,B,10000,11.86,0.2,N,3,0
49871,26,37200,MORTGAGE,4.0,EDUCATION,A,10000,7.9,0.27,N,2,0
49872,28,50000,MORTGAGE,11.0,PERSONAL,D,20000,17.58,0.4,N,9,0
49873,23,45000,RENT,0.0,PERSONAL,B,4000,11.49,0.09,N,3,0
49874,32,75000,MORTGAGE,1.0,EDUCATION,B,10000,12.21,0.13,N,9,0
49875,23,28800,RENT,3.0,PERSONAL,C,5000,13.49,0.17,Y,2,0
49876,29,51000,MORTGAGE,6.0,EDUCATION,C,12000,13.49,0.24,N,9,1
49877,28,150000,MORTGAGE,5.0,HOMEIMPROVEMENT,B,25000,9.91,0.17,N,5,0
49878,22,48000,MORTGAGE,5.0,EDUCATION,A,5000,7.14,0.1,N,4,0
49879,25,65004,RENT,0.0,VENTURE,C,10000,14.27,0.15,N,2,0
49880,26,42000,OWN,0.0,PERSONAL,A,18000,6.03,0.42,N,2,0
49881,32,54000,MORTGAGE,13.0,DEBTCONSOLIDATION,A,10000,8.59,0.19,N,7,0
49882,25,81996,RENT,7.0,MEDICAL,C,20000,13.85,0.25,N,3,0
49883,23,60000,RENT,3.0,VENTURE,C,9000,14.22,0.15,N,3,0
49884,26,60000,RENT,0.0,EDUCATION,A,6000,8.9,0.1,N,2,0
49885,26,110000,RENT,1.0,HOMEIMPROVEMENT,B,3500,10.65,0.03,N,2,0
49886,22,26004,RENT,4.0,DEBTCONSOLIDATION,C,4000,13.99,0.15,Y,3,0
49887,29,60000,MORTGAGE,9.0,MEDICAL,A,10000,7.88,0.17,N,9,0
49888,29,50000,RENT,9.0,PERSONAL,A,12000,7.9,0.24,N,9,0
49889,21,80000,MORTGAGE,5.0,PERSONAL,B,14400,12.18,0.18,N,3,0
49890,25,49000,MORTGAGE,9.0,PERSONAL,A,7000,7.49,0.14,N,3,0
49891,46,50000,MORTGAGE,5.0,PERSONAL,C,10000,15.96,0.2,N,17,0
49892,21,24000,RENT,5.0,EDUCATION,B,3600,10.38,0.15,N,3,0
49893,33,60000,MORTGAGE,4.0,VENTURE,B,10000,9.99,0.17,N,10,0
49894,21,24000,RENT,0.0,EDUCATION,B,5000,9.99,0.21,N,3,0
49895,27,85000,MORTGAGE,3.0,VENTURE,A,15000,7.88,0.18,N,10,0
49896,22,26004,RENT,2.0,EDUCATION,B,2500,10.99,0.1,N,3,0
49897,41,60000,RENT,0.0,PERSONAL,C,15000,13.49,0.25,N,12,0
49898,27,43288,RENT,3.0,MEDICAL,A,10000,6.03,0.23,N,9,0
49899,24,56000,MORTGAGE,4.0,MEDICAL,A,10000,7.49,0.18,N,4,0
49900,38,65000,RENT,5.0,EDUCATION,B,12000,12.53,0.18,N,17,0
49901,33,95000,MORTGAGE,17.0,MEDICAL,A,16800,5.42,0.18,N,6,0
49902,22,49000,RENT,6.0,DEBTCONSOLIDATION,D,12000,16.29,0.24,N,3,1
49903,27,65000,MORTGAGE,1.0,EDUCATION,A,3000,7.51,0.05,N,9,0
49904,39,76000,RENT,3.0,HOMEIMPROVEMENT,A,3000,8.49,0.04,N,17,0
49905,23,75000,MORTGAGE,4.0,EDUCATION,C,12000,12.73,0.16,N,4,0
49906,33,45600,RENT,5.0,MEDICAL,C,10000,11.91,0.2,Y,8,0
49907,37,60000,RENT,1.0,DEBTCONSOLIDATION,C,9600,11.66,0.16,N,13,0
49908,22,60000,RENT,1.0,HOMEIMPROVEMENT,B,7500,9.76,0.13,N,2,0
49909,24,78000,RENT,8.0,EDUCATION,B,12000,10.74,0.15,N,3,0
49910,23,40000,RENT,7.0,DEBTCONSOLIDATION,D,12000,16.29,0.3,Y,4,1
49911,22,36000,RENT,5.0,DEBTCONSOLIDATION,C,7500,12.53,0.21,Y,4,0
49912,27,47380,MORTGAGE,11.0,EDUCATION,D,15000,15.31,0.32,Y,8,0
49913,34,70000,RENT,0.0,DEBTCONSOLIDATION,B,6000,10.39,0.09,N,6,0
49914,28,75000,MORTGAGE,4.0,EDUCATION,A,5000,7.51,0.07,N,10,0
49915,28,60000,MORTGAGE,1.0,EDUCATION,E,15000,16.45,0.25,N,9,0
49916,37,80000,OWN,21.0,VENTURE,C,8000,12.73,0.1,N,11,0
49917,28,85000,RENT,0.0,HOMEIMPROVEMENT,B,5425,12.69,0.06,N,9,0
49918,65,38004,RENT,2.0,MEDICAL,C,10000,13.22,0.26,N,27,0
49919,25,100000,MORTGAGE,9.0,MEDICAL,B,5000,9.25,0.05,N,2,0
49920,22,55000,MORTGAGE,3.0,EDUCATION,D,9000,16.0,0.16,Y,3,1
49921,34,74999,MORTGAGE,2.0,VENTURE,D,16000,15.7,0.21,Y,9,0
49922,36,48000,RENT,8.0,PERSONAL,A,5000,7.88,0.1,N,13,0
49923,28,74004,MORTGAGE,2.0,EDUCATION,E,15000,15.95,0.2,Y,5,0
49924,30,95000,MORTGAGE,1.0,PERSONAL,C,4900,12.73,0.05,Y,9,0
49925,26,50000,RENT,5.0,HOMEIMPROVEMENT,A,9000,7.66,0.18,N,3,0
49926,34,30000,RENT,6.0,EDUCATION,B,12000,10.99,0.4,N,10,1
49927,26,125000,MORTGAGE,9.0,MEDICAL,B,10000,11.11,0.08,N,3,0
49928,21,35000,OWN,5.0,PERSONAL,A,6000,6.03,0.17,N,2,0
49929,27,38000,MORTGAGE,11.0,PERSONAL,C,3000,13.49,0.08,N,5,0
49930,35,36000,MORTGAGE,7.0,DEBTCONSOLIDATION,A,5000,7.88,0.14,N,5,0
49931,21,56000,MORTGAGE,5.0,EDUCATION,A,9000,6.99,0.16,N,2,0
49932,22,36000,MORTGAGE,6.0,EDUCATION,A,4000,7.49,0.11,N,4,0
49933,29,90000,RENT,5.0,DEBTCONSOLIDATION,A,10000,7.51,0.11,N,6,0
49934,26,60000,MORTGAGE,1.0,MEDICAL,B,6500,11.11,0.1,N,3,0
49935,28,70000,RENT,1.0,EDUCATION,C,14000,13.22,0.2,Y,10,0
49936,23,30000,RENT,5.0,PERSONAL,B,12000,10.37,0.4,N,3,1
49937,25,39000,RENT,3.0,MEDICAL,B,1500,11.71,0.04,N,4,1
49938,23,25000,RENT,3.0,EDUCATION,C,5400,12.84,0.22,Y,2,0
49939,35,35000,RENT,2.0,MEDICAL,C,8500,15.96,0.25,N,6,0
49940,34,45996,RENT,2.0,VENTURE,B,7500,9.25,0.16,N,6,0
49941,23,97000,RENT,5.0,MEDICAL,B,5625,10.74,0.06,N,2,0
49942,25,59000,MORTGAGE,0.0,VENTURE,E,16500,16.82,0.27,Y,3,0
49943,22,49500,MORTGAGE,3.0,MEDICAL,C,3000,13.61,0.06,N,4,0
49944,28,70000,RENT,6.0,MEDICAL,A,10000,6.91,0.14,N,6,0
49945,33,48000,MORTGAGE,15.0,VENTURE,B,4200,11.48,0.09,N,9,0
49946,27,45000,MORTGAGE,11.0,VENTURE,B,12000,10.0,0.26,N,5,0
49947,22,19200,RENT,1.0,DEBTCONSOLIDATION,C,7200,11.97,0.41,Y,3,1
49948,25,53000,RENT,6.0,DEBTCONSOLIDATION,B,10000,10.74,0.19,N,4,0
49949,25,73000,MORTGAGE,8.0,PERSONAL,D,5000,16.49,0.07,N,4,1
49950,31,38000,RENT,1.0,MEDICAL,B,3000,10.37,0.08,N,9,0
49951,24,45996,RENT,8.0,EDUCATION,B,20000,10.37,0.43,N,4,1
49952,26,65004,MORTGAGE,10.0,HOMEIMPROVEMENT,A,5000,9.63,0.08,N,2,0
49953,24,38400,OWN,3.0,VENTURE,A,10000,6.17,0.26,N,2,0
49954,29,42000,RENT,6.0,MEDICAL,A,12000,7.66,0.29,N,10,0
49955,28,43200,MORTGAGE,5.0,DEBTCONSOLIDATION,A,9000,6.62,0.21,N,8,0
49956,29,85000,MORTGAGE,12.0,PERSONAL,B,16000,10.65,0.19,N,9,0
49957,25,34000,RENT,9.0,PERSONAL,A,4000,6.76,0.12,N,3,1
49958,28,31000,MORTGAGE,2.0,DEBTCONSOLIDATION,D,9750,16.89,0.32,N,10,1
49959,40,54000,MORTGAGE,2.0,HOMEIMPROVEMENT,A,13200,7.88,0.25,N,16,0
49960,23,80000,MORTGAGE,5.0,VENTURE,A,10000,7.29,0.13,N,2,0
49961,32,114000,MORTGAGE,16.0,PERSONAL,C,6000,15.23,0.05,N,10,0
49962,32,110000,MORTGAGE,4.0,PERSONAL,B,12000,10.99,0.11,N,6,0
49963,22,41100,MORTGAGE,6.0,VENTURE,A,9000,6.99,0.22,N,4,0
49964,23,80000,RENT,3.0,PERSONAL,A,7000,6.62,0.09,N,3,0
49965,27,125000,MORTGAGE,3.0,EDUCATION,B,12000,10.99,0.1,N,7,0
49966,23,70000,RENT,3.0,DEBTCONSOLIDATION,B,10800,10.0,0.15,N,3,0
49967,23,40000,RENT,7.0,DEBTCONSOLIDATION,B,15000,11.71,0.38,N,3,1
49968,32,86500,MORTGAGE,4.0,DEBTCONSOLIDATION,A,9000,7.14,0.11,N,8,0
49969,28,80000,MORTGAGE,4.0,PERSONAL,D,15000,15.99,0.19,N,9,0
49970,23,78000,MORTGAGE,7.0,VENTURE,A,5500,5.42,0.07,N,2,0
49971,22,30000,RENT,2.0,EDUCATION,D,3600,14.96,0.12,Y,4,1
49972,23,45000,MORTGAGE,5.0,VENTURE,B,18000,11.89,0.38,N,3,0
49973,27,40000,MORTGAGE,11.0,HOMEIMPROVEMENT,D,10000,14.91,0.25,N,7,0
49974,22,38000,RENT,6.0,PERSONAL,B,7800,12.53,0.21,N,2,0
49975,29,42000,RENT,6.0,MEDICAL,C,2500,13.61,0.06,N,6,0
49976,29,72000,MORTGAGE,6.0,EDUCATION,D,1500,15.31,0.02,Y,9,0
49977,26,87999,RENT,4.0,HOMEIMPROVEMENT,B,3000,10.99,0.03,N,3,1
49978,26,90000,RENT,0.0,EDUCATION,C,8000,13.22,0.09,Y,4,0
49979,47,30000,RENT,3.0,DEBTCONSOLIDATION,A,2500,6.54,0.08,N,12,1
49980,22,60000,RENT,7.0,DEBTCONSOLIDATION,D,24000,14.84,0.4,N,4,1
49981,28,156000,OWN,7.0,EDUCATION,C,15000,13.23,0.1,Y,10,0
49982,23,73000,RENT,3.0,EDUCATION,A,10000,7.49,0.14,N,4,1
49983,22,27996,OWN,6.0,EDUCATION,A,4400,8.94,0.15,N,3,0
49984,22,61000,RENT,3.0,EDUCATION,B,5000,10.37,0.08,N,3,0
49985,25,30000,RENT,2.0,DEBTCONSOLIDATION,B,5000,11.86,0.17,N,4,0
49986,22,65000,RENT,4.0,EDUCATION,B,8000,9.99,0.12,N,3,0
49987,31,36000,RENT,2.0,EDUCATION,D,6000,16.77,0.17,Y,9,1
49988,29,170000,OWN,13.0,VENTURE,A,20000,7.88,0.12,N,8,0
49989,49,225000,MORTGAGE,12.0,PERSONAL,B,20000,11.36,0.09,N,12,0
49990,28,60000,RENT,5.0,DEBTCONSOLIDATION,C,6000,13.99,0.1,Y,10,0
49991,24,300000,MORTGAGE,6.0,MEDICAL,C,25000,12.61,0.08,Y,2,0
49992,23,52000,RENT,7.0,VENTURE,B,7200,11.71,0.14,N,2,0
49993,36,110000,MORTGAGE,2.0,DEBTCONSOLIDATION,B,6000,11.49,0.06,N,15,0
49994,25,45000,RENT,0.0,MEDICAL,A,17000,7.9,0.4,N,4,1
49995,31,90000,RENT,6.0,MEDICAL,B,6000,11.49,0.07,N,5,0
49996,26,40000,RENT,10.0,PERSONAL,D,12000,14.84,0.3,N,4,0
49997,25,40000,OWN,9.0,VENTURE,A,5000,7.51,0.13,N,2,0
49998,31,57996,RENT,3.0,HOMEIMPROVEMENT,D,2500,14.59,0.04,Y,9,0
49999,28,50000,MORTGAGE,12.0,MEDICAL,B,16000,10.99,0.32,N,8,0
50000,35,120000,MORTGAGE,0.0,EDUCATION,B,20000,11.36,0.17,N,9,0
50001,23,30000,RENT,0.0,PERSONAL,B,7500,10.99,0.25,N,3,1
50002,28,41000,MORTGAGE,3.0,MEDICAL,B,6600,11.14,0.16,N,10,0
50003,23,62000,MORTGAGE,5.0,MEDICAL,A,7400,5.42,0.12,N,4,0
50004,25,80000,MORTGAGE,7.0,DEBTCONSOLIDATION,A,7800,5.79,0.09,N,3,0
50005,26,157200,MORTGAGE,2.0,DEBTCONSOLIDATION,C,20000,13.22,0.13,Y,2,0
50006,35,54000,RENT,0.0,DEBTCONSOLIDATION,D,6000,16.77,0.11,Y,9,1
50007,21,64424,MORTGAGE,3.0,PERSONAL,A,3200,6.03,0.05,N,3,0
50008,26,91800,MORTGAGE,4.0,MEDICAL,D,20000,14.46,0.19,N,3,1
50009,28,75000,OWN,1.0,HOMEIMPROVEMENT,A,4800,7.9,0.06,N,10,0
50010,41,38000,RENT,4.0,EDUCATION,A,3000,6.99,0.08,N,14,0
50011,35,150000,OWN,2.0,VENTURE,C,24000,12.23,0.16,N,8,0
50012,22,60000,RENT,6.0,DEBTCONSOLIDATION,B,10000,10.0,0.17,N,4,0
50013,40,50000,MORTGAGE,3.0,HOMEIMPROVEMENT,B,3250,10.37,0.07,N,17,0
50014,29,60000,RENT,0.0,HOMEIMPROVEMENT,C,13000,14.27,0.22,Y,6,1
50015,23,84000,RENT,7.0,DEBTCONSOLIDATION,B,15000,11.11,0.18,N,4,0
50016,30,60000,MORTGAGE,4.0,HOMEIMPROVEMENT,A,8000,7.51,0.13,N,8,0
50017,28,81000,RENT,2.0,VENTURE,B,18000,10.75,0.22,N,7,0
50018,33,70000,MORTGAGE,2.0,PERSONAL,B,5000,11.86,0.07,N,6,0
50019,22,49074,MORTGAGE,6.0,DEBTCONSOLIDATION,D,9000,16.32,0.18,Y,4,1
50020,27,33192,MORTGAGE,10.0,MEDICAL,B,3000,12.69,0.09,N,6,0
50021,25,30000,RENT,2.0,DEBTCONSOLIDATION,A,6000,7.51,0.2,N,2,0
50022,41,36000,RENT,0.0,EDUCATION,A,6000,7.9,0.17,N,15,0
50023,27,115000,RENT,3.0,PERSONAL,A,8000,7.9,0.07,N,5,0
50024,38,51000,RENT,5.0,DEBTCONSOLIDATION,C,1800,13.48,0.04,Y,13,0
50025,28,120000,MORTGAGE,0.0,EDUCATION,A,10000,7.74,0.08,N,7,0
50026,34,62000,RENT,2.0,PERSONAL,C,8400,13.85,0.14,Y,7,0
50027,24,70000,RENT,3.0,HOMEIMPROVEMENT,B,10000,8.88,0.14,N,4,0
50028,23,45000,RENT,4.0,EDUCATION,B,10000,9.91,0.22,N,4,0
50029,29,135000,MORTGAGE,0.0,VENTURE,A,16000,6.92,0.12,N,5,0
50030,31,80000,RENT,5.0,HOMEIMPROVEMENT,C,8000,14.65,0.1,N,7,0
50031,25,60000,MORTGAGE,9.0,PERSONAL,A,3600,6.62,0.06,N,3,0
50032,25,120000,RENT,9.0,MEDICAL,A,7200,7.29,0.06,N,2,0
50033,23,34000,OWN,0.0,EDUCATION,A,3500,8.59,0.1,N,2,0
50034,29,110000,MORTGAGE,11.0,DEBTCONSOLIDATION,B,11000,10.37,0.1,N,6,0
50035,37,35000,RENT,2.0,MEDICAL,B,2000,10.99,0.06,N,15,0
50036,24,125000,RENT,8.0,VENTURE,B,8400,11.71,0.07,N,4,0
50037,28,34000,MORTGAGE,7.0,EDUCATION,B,10000,10.65,0.29,N,7,0
50038,22,35004,OWN,0.0,VENTURE,A,4500,5.42,0.13,N,4,0
50039,23,70000,RENT,2.0,MEDICAL,A,5000,8.9,0.07,N,3,0
50040,26,80000,RENT,4.0,MEDICAL,A,6000,6.03,0.07,N,3,0
50041,22,30000,RENT,3.0,MEDICAL,C,7000,13.98,0.23,N,4,0
50042,23,29000,RENT,0.0,DEBTCONSOLIDATION,E,4000,17.93,0.14,N,3,1
50043,22,30000,MORTGAGE,6.0,VENTURE,C,6000,13.49,0.2,Y,2,0
50044,26,59436,MORTGAGE,9.0,EDUCATION,B,7500,11.71,0.13,N,2,0
50045,34,70000,MORTGAGE,2.0,HOMEIMPROVEMENT,B,3500,11.49,0.05,N,9,0
50046,22,50000,RENT,6.0,VENTURE,B,12800,12.42,0.26,N,4,1
50047,21,56000,RENT,2.0,MEDICAL,E,25000,17.04,0.37,Y,4,1
50048,26,95004,MORTGAGE,10.0,PERSONAL,A,15000,7.88,0.16,N,4,0
50049,24,30000,MORTGAGE,1.0,DEBTCONSOLIDATION,A,3200,8.07,0.0,N,4,0
50050,22,57500,MORTGAGE,2.0,PERSONAL,A,12000,8.94,0.21,N,4,0
50051,29,50000,RENT,6.0,HOMEIMPROVEMENT,A,6000,8.9,0.12,N,9,0
50052,28,53000,MORTGAGE,9.0,EDUCATION,D,9400,14.91,0.17,N,7,0
50053,54,100000,MORTGAGE,5.0,PERSONAL,B,6000,9.99,0.06,N,19,0
50054,43,86004,RENT,2.0,DEBTCONSOLIDATION,B,18000,10.75,0.21,N,15,0
50055,24,120000,MORTGAGE,8.0,VENTURE,A,6000,6.03,0.05,N,4,0
50056,24,45000,RENT,2.0,MEDICAL,B,4750,10.99,0.1,N,2,0
50057,26,45000,RENT,2.0,VENTURE,B,4800,9.99,0.11,N,3,0
50058,23,60000,MORTGAGE,7.0,DEBTCONSOLIDATION,D,15600,15.62,0.26,N,2,1
50059,24,40000,RENT,6.0,DEBTCONSOLIDATION,B,4500,10.74,0.11,N,4,0
50060,44,100000,MORTGAGE,3.0,EDUCATION,A,20000,5.79,0.2,N,11,0
50061,30,65000,RENT,15.0,PERSONAL,B,8000,9.63,0.12,N,5,0
50062,25,33000,RENT,9.0,VENTURE,B,16000,11.14,0.48,N,2,1
50063,28,60000,RENT,2.0,PERSONAL,C,12000,15.27,0.2,Y,6,0
50064,22,50000,RENT,6.0,MEDICAL,B,5000,11.71,0.1,N,4,0
50065,26,33000,RENT,0.0,VENTURE,C,3000,12.73,0.09,N,4,0
50066,24,35000,MORTGAGE,8.0,PERSONAL,B,8000,9.91,0.23,N,3,0
50067,34,60000,RENT,4.0,MEDICAL,A,2000,7.9,0.03,N,7,0
50068,24,32000,RENT,2.0,MEDICAL,B,5000,10.59,0.16,N,4,1
50069,32,50000,RENT,4.0,PERSONAL,E,4000,16.45,0.08,N,6,0
50070,43,73000,RENT,27.0,HOMEIMPROVEMENT,D,20000,15.33,0.27,Y,16,1
50071,24,60000,RENT,3.0,MEDICAL,D,21000,15.33,0.35,Y,3,1
50072,23,36000,MORTGAGE,2.0,DEBTCONSOLIDATION,A,5600,5.42,0.16,N,4,0
50073,24,47000,RENT,1.0,VENTURE,B,5000,10.25,0.11,N,2,0
50074,33,70000,MORTGAGE,17.0,VENTURE,A,15000,8.49,0.21,N,8,0
50075,26,72000,MORTGAGE,11.0,VENTURE,B,21000,10.59,0.29,N,2,0
50076,28,35000,OWN,5.0,MEDICAL,C,5000,13.49,0.14,Y,8,0
50077,29,54000,MORTGAGE,9.0,MEDICAL,C,12000,13.16,0.22,N,8,0
50078,23,65000,OWN,1.0,VENTURE,A,10000,8.94,0.15,N,3,0
50079,30,36000,MORTGAGE,2.0,MEDICAL,A,4000,7.51,0.11,N,5,0
50080,42,70000,MORTGAGE,6.0,EDUCATION,A,14000,5.79,0.2,N,14,0
50081,24,70000,MORTGAGE,0.0,MEDICAL,A,10000,7.29,0.14,N,3,0
50082,26,90000,MORTGAGE,3.0,PERSONAL,B,4500,12.69,0.05,N,2,0
50083,34,85000,MORTGAGE,0.0,VENTURE,C,4500,13.16,0.05,Y,9,0
50084,29,130000,RENT,2.0,PERSONAL,B,24500,11.83,0.18,N,7,0
50085,35,160000,MORTGAGE,2.0,DEBTCONSOLIDATION,B,1500,11.89,0.01,N,8,0
50086,31,71000,RENT,3.0,VENTURE,A,9800,9.32,0.14,N,10,0
50087,22,50000,MORTGAGE,6.0,MEDICAL,A,6500,6.03,0.13,N,4,0
50088,24,85248,MORTGAGE,0.0,MEDICAL,B,10000,9.99,0.12,N,2,0
50089,21,51600,RENT,5.0,PERSONAL,B,9000,12.69,0.17,N,2,0
50090,22,54000,MORTGAGE,4.0,PERSONAL,A,6000,8.59,0.11,N,3,0
50091,24,57000,MORTGAGE,6.0,DEBTCONSOLIDATION,A,9275,6.54,0.17,N,3,0
50092,22,45900,MORTGAGE,6.0,VENTURE,A,8000,6.54,0.17,N,4,0
50093,23,50000,MORTGAGE,4.0,EDUCATION,A,3000,6.76,0.06,N,3,0
50094,23,79000,RENT,0.0,DEBTCONSOLIDATION,C,6000,12.99,0.08,N,2,0
50095,31,83400,RENT,4.0,EDUCATION,E,10000,15.68,0.12,N,10,1
50096,27,100000,RENT,3.0,DEBTCONSOLIDATION,B,4800,9.62,0.05,N,6,0
50097,22,39300,RENT,5.0,VENTURE,D,2500,16.49,0.06,Y,4,0
50098,24,92000,MORTGAGE,8.0,EDUCATION,F,25000,19.29,0.27,N,3,0
50099,22,50000,RENT,6.0,MEDICAL,B,12000,11.49,0.24,N,4,0
50100,23,70000,MORTGAGE,7.0,MEDICAL,A,6000,5.42,0.09,N,3,0
50101,27,69000,RENT,0.0,HOMEIMPROVEMENT,D,9000,14.59,0.14,Y,6,1
50102,26,27000,RENT,0.0,PERSONAL,D,8000,16.29,0.3,Y,4,1
50103,22,33800,RENT,2.0,EDUCATION,B,13000,9.88,0.38,N,2,1
50104,22,27000,RENT,2.0,MEDICAL,A,9000,6.54,0.33,N,4,1
50105,25,52000,RENT,1.0,VENTURE,C,3000,12.99,0.06,N,2,0
50106,35,47004,RENT,5.0,MEDICAL,B,3000,10.36,0.06,N,10,0
50107,22,30000,RENT,6.0,MEDICAL,B,4000,11.89,0.13,N,4,0
50108,31,80000,RENT,3.0,HOMEIMPROVEMENT,A,21000,7.9,0.26,N,10,0
50109,25,45000,MORTGAGE,4.0,DEBTCONSOLIDATION,B,10000,10.74,0.22,N,2,0
50110,24,40000,RENT,0.0,EDUCATION,A,5000,7.14,0.13,N,2,0
50111,29,40000,RENT,1.0,VENTURE,B,12000,12.42,0.3,N,5,0
50112,23,92000,RENT,0.0,DEBTCONSOLIDATION,A,7000,7.88,0.08,N,4,0
50113,28,62851,MORTGAGE,12.0,PERSONAL,B,7000,9.99,0.11,N,7,0
50114,26,150000,MORTGAGE,4.0,HOMEIMPROVEMENT,A,10000,6.62,0.07,N,4,0
50115,24,45000,MORTGAGE,6.0,DEBTCONSOLIDATION,B,12000,11.71,0.27,N,4,0
50116,28,30857,RENT,1.0,MEDICAL,C,3000,13.99,0.1,Y,8,1
50117,33,50000,RENT,2.0,EDUCATION,B,3000,9.99,0.06,N,8,0
50118,22,58650,RENT,6.0,MEDICAL,E,15000,17.19,0.22,N,2,1
50119,24,64800,MORTGAGE,5.0,VENTURE,A,10000,7.51,0.15,N,3,0
50120,39,16800,RENT,2.0,HOMEIMPROVEMENT,D,1600,14.59,0.1,Y,15,1
50121,25,110000,MORTGAGE,9.0,EDUCATION,B,6000,9.99,0.05,N,3,0
50122,23,95000,RENT,3.0,DEBTCONSOLIDATION,C,10200,12.73,0.11,Y,3,0
50123,23,74400,RENT,0.0,EDUCATION,A,3000,7.66,0.04,N,3,0
50124,28,54996,RENT,6.0,PERSONAL,B,5000,10.74,0.09,N,10,0
50125,24,90000,MORTGAGE,2.0,VENTURE,B,3000,10.36,0.03,N,3,0
50126,27,50000,MORTGAGE,11.0,DEBTCONSOLIDATION,A,8875,7.51,0.17,N,8,0
50127,28,45000,RENT,0.0,MEDICAL,B,12000,11.14,0.27,N,8,0
50128,24,78000,RENT,0.0,EDUCATION,C,18000,12.73,0.23,Y,3,0
50129,24,24996,RENT,2.0,MEDICAL,B,6000,11.89,0.24,N,4,0
50130,27,95000,MORTGAGE,11.0,VENTURE,B,19000,11.48,0.2,N,8,0
50131,21,40000,RENT,3.0,MEDICAL,B,7500,10.99,0.19,N,4,0
50132,28,125000,MORTGAGE,7.0,HOMEIMPROVEMENT,D,8500,14.59,0.07,N,10,0
50133,37,80000,RENT,5.0,PERSONAL,B,20000,10.99,0.25,N,16,0
50134,26,35000,RENT,10.0,VENTURE,B,10000,11.48,0.29,N,2,0
50135,24,35000,MORTGAGE,8.0,EDUCATION,A,6000,7.9,0.17,N,2,0
50136,24,120000,OWN,8.0,VENTURE,C,18000,13.61,0.15,Y,3,0
50137,25,45000,RENT,3.0,MEDICAL,B,4000,10.25,0.09,N,4,0
50138,30,63000,RENT,2.0,MEDICAL,A,14000,7.9,0.24,N,10,0
50139,25,84000,OWN,10.0,PERSONAL,A,6000,8.49,0.07,N,4,0
50140,23,29000,RENT,0.0,PERSONAL,D,10000,12.61,0.34,Y,4,1
50141,39,67670,MORTGAGE,17.0,DEBTCONSOLIDATION,D,6000,15.99,0.09,N,13,1
50142,29,48000,RENT,5.0,EDUCATION,A,10000,7.88,0.21,N,5,0
50143,23,25000,RENT,3.0,EDUCATION,B,1000,10.65,0.04,N,2,0
50144,22,42000,RENT,0.0,EDUCATION,A,4500,7.51,0.11,N,4,0
50145,42,140000,OWN,13.0,MEDICAL,C,16400,15.96,0.12,Y,16,0
50146,28,20000,RENT,1.0,MEDICAL,B,5600,11.12,0.28,N,8,0
50147,29,25200,RENT,4.0,VENTURE,A,1600,6.99,0.06,N,7,0
50148,23,58344,MORTGAGE,7.0,EDUCATION,B,10400,10.37,0.17,N,2,0
50149,24,56000,RENT,2.0,EDUCATION,C,6450,13.23,0.11,Y,3,0
50150,21,81400,MORTGAGE,3.0,PERSONAL,C,10000,12.61,0.12,Y,4,0
50151,42,42000,MORTGAGE,20.0,VENTURE,E,11500,18.79,0.26,N,11,0
50152,29,76000,MORTGAGE,4.0,DEBTCONSOLIDATION,A,20000,7.9,0.26,N,9,0
50153,29,60000,RENT,4.0,VENTURE,B,10000,11.14,0.17,N,9,0
50154,22,45600,MORTGAGE,5.0,PERSONAL,A,3600,6.99,0.08,N,4,0
50155,28,42000,RENT,4.0,PERSONAL,C,3000,12.23,0.07,Y,10,0
50156,33,88000,RENT,8.0,MEDICAL,C,9000,12.98,0.1,Y,5,0
50157,36,57000,RENT,14.0,EDUCATION,B,12000,11.49,0.21,N,11,0
50158,23,67000,MORTGAGE,7.0,EDUCATION,A,20000,7.9,0.3,N,2,0
50159,27,42000,MORTGAGE,9.0,HOMEIMPROVEMENT,A,3000,5.79,0.07,N,10,0
50160,28,60000,MORTGAGE,12.0,HOMEIMPROVEMENT,A,12000,9.63,0.2,N,8,0
50161,40,54000,RENT,0.0,EDUCATION,E,20000,14.88,0.37,N,15,1
50162,23,72000,MORTGAGE,7.0,EDUCATION,B,20000,10.37,0.27,N,3,0
50163,44,30000,RENT,1.0,VENTURE,C,8000,13.49,0.27,Y,16,0
50164,27,75000,MORTGAGE,11.0,DEBTCONSOLIDATION,B,20000,11.36,0.27,N,9,0
50165,31,101000,MORTGAGE,16.0,VENTURE,A,6000,8.49,0.06,N,8,0
50166,28,55000,MORTGAGE,3.0,VENTURE,B,2200,9.99,0.04,N,9,0
50167,23,36000,MORTGAGE,7.0,VENTURE,C,11300,13.49,0.31,Y,2,0
50168,26,115000,MORTGAGE,4.0,DEBTCONSOLIDATION,A,14400,8.0,0.13,N,3,0
50169,40,190000,OWN,0.0,EDUCATION,A,20000,6.03,0.1,N,14,0
50170,24,33000,RENT,8.0,MEDICAL,A,3000,6.62,0.09,N,3,0
50171,28,200000,RENT,2.0,VENTURE,A,17000,7.9,0.09,N,7,0
50172,23,110000,MORTGAGE,7.0,PERSONAL,A,4000,9.32,0.04,N,3,0
50173,36,120000,MORTGAGE,4.0,PERSONAL,B,10000,9.63,0.08,N,12,0
50174,27,120000,MORTGAGE,1.0,PERSONAL,A,6000,7.4,0.05,N,6,0
50175,28,43000,MORTGAGE,6.0,EDUCATION,C,3100,14.35,0.07,N,10,0
50176,23,70000,MORTGAGE,7.0,EDUCATION,C,15000,13.61,0.21,Y,3,0
50177,27,65000,MORTGAGE,11.0,DEBTCONSOLIDATION,B,7000,10.99,0.11,N,5,0
50178,23,29000,RENT,7.0,EDUCATION,C,6000,13.61,0.21,Y,4,1
50179,27,44000,RENT,3.0,DEBTCONSOLIDATION,E,15000,16.0,0.33,N,8,1
50180,22,71004,RENT,2.0,EDUCATION,A,5000,6.62,0.07,N,4,0
50181,22,84000,MORTGAGE,6.0,EDUCATION,B,12000,11.83,0.14,N,2,0
50182,25,120000,MORTGAGE,9.0,HOMEIMPROVEMENT,B,5000,10.38,0.04,N,4,0
50183,24,100000,MORTGAGE,3.0,EDUCATION,B,15000,11.86,0.15,N,2,0
50184,28,130000,MORTGAGE,2.0,MEDICAL,B,6000,10.75,0.05,N,9,0
50185,23,70000,RENT,3.0,DEBTCONSOLIDATION,A,3000,7.88,0.04,N,3,0
50186,22,33600,MORTGAGE,4.0,DEBTCONSOLIDATION,B,5000,11.71,0.15,N,4,0
50187,21,26886,OWN,0.0,EDUCATION,A,7000,7.14,0.26,N,2,0
50188,23,51480,MORTGAGE,4.0,MEDICAL,B,3000,11.83,0.06,N,4,0
50189,31,65280,MORTGAGE,6.0,VENTURE,C,18000,14.65,0.28,Y,9,0
50190,24,54000,MORTGAGE,3.0,EDUCATION,E,15000,15.68,0.28,Y,2,0
50191,39,70000,MORTGAGE,16.0,PERSONAL,B,10000,10.99,0.14,N,14,0
50192,26,60000,MORTGAGE,9.0,VENTURE,A,7000,7.14,0.12,N,2,0
50193,25,60000,MORTGAGE,9.0,HOMEIMPROVEMENT,A,5100,7.88,0.09,N,3,0
50194,31,125004,MORTGAGE,12.0,DEBTCONSOLIDATION,A,24000,7.88,0.19,N,6,0
50195,23,54996,RENT,0.0,EDUCATION,C,5000,13.47,0.09,N,3,0
50196,25,55000,RENT,9.0,DEBTCONSOLIDATION,A,6500,7.75,0.12,N,3,0
50197,23,36000,OWN,4.0,EDUCATION,D,5600,16.29,0.16,Y,3,0
50198,24,35000,MORTGAGE,1.0,HOMEIMPROVEMENT,C,1500,14.35,0.04,Y,2,0
50199,24,35000,RENT,5.0,EDUCATION,B,15000,9.88,0.43,N,4,1
50200,22,45000,MORTGAGE,6.0,MEDICAL,A,10000,7.88,0.22,N,3,0
50201,30,42000,RENT,0.0,VENTURE,B,4800,10.99,0.11,N,5,0
50202,28,90000,MORTGAGE,13.0,PERSONAL,B,5000,12.18,0.06,N,10,0
50203,26,60000,MORTGAGE,6.0,DEBTCONSOLIDATION,B,13000,10.37,0.22,N,3,0
50204,37,150000,MORTGAGE,7.0,DEBTCONSOLIDATION,B,16000,11.58,0.11,N,14,0
50205,27,115000,MORTGAGE,11.0,PERSONAL,B,18000,11.49,0.16,N,6,0
50206,23,65000,MORTGAGE,0.0,EDUCATION,A,10000,5.42,0.15,N,2,0
50207,23,36000,RENT,6.0,MEDICAL,D,10000,16.77,0.28,N,2,0
50208,22,69600,MORTGAGE,6.0,PERSONAL,B,1200,10.37,0.02,N,3,0
50209,23,46000,RENT,3.0,EDUCATION,A,4000,7.9,0.09,N,3,0
50210,30,130000,MORTGAGE,3.0,HOMEIMPROVEMENT,A,4000,7.4,0.03,N,10,0
50211,27,48000,MORTGAGE,8.0,EDUCATION,A,4800,8.9,0.1,N,6,0
50212,24,58000,MORTGAGE,8.0,PERSONAL,A,8000,7.51,0.14,N,2,0
50213,39,24000,OWN,21.0,VENTURE,A,5000,8.9,0.21,N,15,0
50214,27,60000,RENT,9.0,DEBTCONSOLIDATION,B,5000,9.99,0.08,N,6,0
50215,26,40000,OWN,0.0,HOMEIMPROVEMENT,A,5000,7.51,0.13,N,2,0
50216,26,52000,MORTGAGE,6.0,PERSONAL,A,16000,7.88,0.31,N,4,0
50217,28,40000,RENT,0.0,MEDICAL,A,4800,7.51,0.12,N,9,0
50218,22,38000,RENT,4.0,DEBTCONSOLIDATION,B,6000,10.99,0.16,N,2,0
50219,40,42000,RENT,2.0,MEDICAL,A,5000,5.79,0.12,N,15,0
50220,30,75000,MORTGAGE,7.0,HOMEIMPROVEMENT,A,12000,7.88,0.16,N,8,0
50221,24,60000,RENT,1.0,EDUCATION,C,2400,13.49,0.04,Y,4,0
50222,21,28000,RENT,5.0,EDUCATION,B,1000,11.99,0.04,N,4,0
50223,29,77000,RENT,7.0,PERSONAL,A,12000,6.62,0.16,N,10,0
50224,24,72000,MORTGAGE,5.0,VENTURE,A,9000,5.42,0.13,N,2,0
50225,23,42000,MORTGAGE,0.0,DEBTCONSOLIDATION,A,4000,8.49,0.1,N,3,1
50226,29,57996,RENT,4.0,HOMEIMPROVEMENT,B,6000,10.0,0.11,N,5,0
50227,40,130000,RENT,3.0,HOMEIMPROVEMENT,D,20000,14.09,0.15,N,13,0
50228,28,40000,RENT,1.0,PERSONAL,B,10000,9.88,0.25,N,6,0
50229,23,25000,RENT,1.0,VENTURE,A,5000,6.91,0.2,N,3,0
50230,22,66920,MORTGAGE,6.0,EDUCATION,C,4900,15.23,0.07,N,4,0
50231,23,71400,RENT,8.0,EDUCATION,F,12800,17.58,0.18,Y,3,1
50232,22,60000,MORTGAGE,3.0,DEBTCONSOLIDATION,C,10000,13.48,0.17,N,4,0
50233,26,50500,RENT,3.0,HOMEIMPROVEMENT,B,4500,11.83,0.09,N,4,0
50234,25,108000,MORTGAGE,9.0,MEDICAL,B,20000,12.18,0.19,N,2,0
50235,33,60000,RENT,7.0,PERSONAL,C,1800,14.65,0.03,N,7,0
50236,37,154000,OWN,21.0,PERSONAL,B,12000,11.14,0.08,N,13,0
50237,25,78000,MORTGAGE,9.0,VENTURE,A,8000,7.51,0.1,N,4,0
50238,28,62496,RENT,5.0,VENTURE,B,13000,10.37,0.21,N,7,0
50239,36,39000,RENT,3.0,DEBTCONSOLIDATION,D,15000,15.95,0.38,Y,14,1
50240,29,60000,MORTGAGE,0.0,VENTURE,A,8000,6.17,0.13,N,9,0
50241,34,30960,RENT,1.0,MEDICAL,D,2400,14.54,0.08,N,5,1
50242,40,89796,MORTGAGE,2.0,VENTURE,A,6000,6.62,0.07,N,17,0
50243,32,62000,MORTGAGE,15.0,DEBTCONSOLIDATION,B,8000,11.12,0.13,N,6,0
50244,27,36000,RENT,11.0,PERSONAL,A,5000,6.62,0.14,N,6,0
50245,26,30000,RENT,2.0,VENTURE,A,3000,7.51,0.1,N,4,0
50246,25,39875,MORTGAGE,4.0,HOMEIMPROVEMENT,D,8500,14.61,0.22,N,3,0
50247,29,60000,RENT,1.0,MEDICAL,B,14000,11.11,0.24,N,7,0
50248,23,65000,MORTGAGE,0.0,MEDICAL,C,6000,13.92,0.09,N,4,0
50249,32,150000,MORTGAGE,2.0,EDUCATION,A,10000,8.59,0.07,N,8,0
50250,37,37000,RENT,2.0,MEDICAL,B,15000,11.46,0.41,N,11,1
50251,31,50000,OWN,14.0,MEDICAL,C,4000,13.98,0.08,N,10,0
50252,38,120000,RENT,5.0,EDUCATION,D,9000,14.11,0.07,Y,16,0
50253,31,140000,RENT,9.0,MEDICAL,A,12000,7.66,0.09,N,6,0
50254,28,50000,MORTGAGE,8.0,VENTURE,A,14000,7.66,0.28,N,5,0
50255,22,40000,RENT,8.0,EDUCATION,C,5800,15.96,0.14,Y,3,0
50256,22,65000,RENT,3.0,PERSONAL,A,5500,7.88,0.08,N,3,0
50257,30,90000,MORTGAGE,6.0,HOMEIMPROVEMENT,C,24000,13.49,0.25,N,10,0
50258,28,50000,MORTGAGE,6.0,EDUCATION,A,12500,6.17,0.24,N,5,0
50259,46,100000,MORTGAGE,7.0,HOMEIMPROVEMENT,B,12000,10.99,0.12,N,17,0
50260,25,35600,MORTGAGE,2.0,DEBTCONSOLIDATION,D,7000,15.95,0.19,Y,4,1
50261,40,48000,MORTGAGE,17.0,MEDICAL,B,14750,9.91,0.29,N,15,0
50262,40,38000,MORTGAGE,2.0,MEDICAL,A,3000,6.39,0.08,N,14,0
50263,33,79000,RENT,2.0,DEBTCONSOLIDATION,D,20000,14.09,0.25,N,5,1
50264,21,91000,MORTGAGE,2.0,EDUCATION,C,21000,14.26,0.23,N,3,0
50265,30,40000,RENT,5.0,DEBTCONSOLIDATION,B,12000,10.37,0.3,N,6,0
50266,24,46800,OWN,4.0,EDUCATION,B,11200,12.42,0.24,N,3,0
50267,29,36000,MORTGAGE,13.0,PERSONAL,D,5000,14.96,0.14,Y,5,0
50268,24,54000,RENT,1.0,EDUCATION,E,16000,15.68,0.29,Y,3,1
50269,23,120000,RENT,4.0,MEDICAL,A,16000,6.03,0.13,N,4,0
50270,28,60000,MORTGAGE,3.0,PERSONAL,A,12500,7.51,0.21,N,9,0
50271,25,85900,RENT,6.0,DEBTCONSOLIDATION,B,10000,12.53,0.12,N,4,0
50272,30,96000,MORTGAGE,4.0,HOMEIMPROVEMENT,A,6000,8.49,0.06,N,10,0
50273,24,94500,MORTGAGE,5.0,MEDICAL,A,12000,6.62,0.13,N,4,0
50274,23,50000,RENT,1.0,VENTURE,A,3000,7.74,0.06,N,4,0
50275,22,72000,OWN,7.0,DEBTCONSOLIDATION,D,6000,15.31,0.08,Y,2,0
50276,27,130000,RENT,0.0,HOMEIMPROVEMENT,B,7200,9.91,0.05,N,5,0
50277,26,95000,MORTGAGE,3.0,VENTURE,B,18200,11.71,0.2,N,4,0
50278,23,53000,RENT,7.0,DEBTCONSOLIDATION,A,4800,7.9,0.09,N,3,0
50279,23,62200,RENT,2.0,VENTURE,F,22750,18.62,0.35,N,4,1
50280,29,85000,RENT,1.0,HOMEIMPROVEMENT,B,8000,12.42,0.09,N,5,0
50281,29,28800,RENT,2.0,MEDICAL,B,6000,10.62,0.21,N,8,0
50282,30,60000,MORTGAGE,7.0,DEBTCONSOLIDATION,A,12000,6.62,0.2,N,6,0
50283,23,60000,RENT,0.0,EDUCATION,C,14000,12.99,0.23,N,3,0
50284,24,72000,MORTGAGE,8.0,PERSONAL,A,8000,7.68,0.11,N,4,0
50285,26,130000,RENT,3.0,PERSONAL,A,25000,8.9,0.19,N,4,0
50286,26,70000,RENT,3.0,HOMEIMPROVEMENT,B,12800,11.49,0.19,N,2,0
50287,30,160000,MORTGAGE,11.0,EDUCATION,A,15000,6.91,0.09,N,9,0
50288,24,72000,MORTGAGE,3.0,HOMEIMPROVEMENT,A,3000,6.99,0.04,N,4,0
50289,27,60000,MORTGAGE,3.0,VENTURE,C,6000,13.49,0.1,N,9,0
50290,24,81000,RENT,8.0,DEBTCONSOLIDATION,D,24000,15.65,0.3,N,4,1
50291,28,40000,RENT,12.0,EDUCATION,E,8000,16.69,0.2,N,7,0
50292,23,70000,RENT,1.0,PERSONAL,B,10000,9.63,0.14,N,4,0
50293,36,85000,OWN,18.0,PERSONAL,A,2400,9.63,0.03,N,11,0
50294,28,110000,MORTGAGE,2.0,HOMEIMPROVEMENT,C,10750,13.16,0.1,N,7,0
50295,23,45000,RENT,0.0,PERSONAL,A,3000,6.92,0.07,N,2,0
50296,29,70000,MORTGAGE,10.0,PERSONAL,A,15000,7.51,0.21,N,5,0
50297,30,37000,RENT,2.0,EDUCATION,B,7000,10.36,0.19,N,9,0
50298,23,83000,MORTGAGE,4.0,EDUCATION,A,7000,7.14,0.08,N,4,1
50299,31,34000,RENT,3.0,DEBTCONSOLIDATION,C,5000,13.85,0.15,N,6,0
50300,24,50000,RENT,0.0,DEBTCONSOLIDATION,B,22000,11.12,0.44,N,3,1
50301,22,50000,RENT,2.0,MEDICAL,A,10000,7.29,0.2,N,3,0
50302,28,54000,RENT,3.0,DEBTCONSOLIDATION,E,20000,16.45,0.37,N,5,1
50303,24,96000,MORTGAGE,3.0,EDUCATION,A,2500,7.49,0.03,N,4,0
50304,33,15000,RENT,3.0,VENTURE,C,3000,13.16,0.2,Y,9,1
50305,31,60000,RENT,5.0,PERSONAL,A,10000,7.88,0.17,N,6,0
50306,23,99996,RENT,2.0,DEBTCONSOLIDATION,C,10000,14.22,0.1,N,4,0
50307,23,55000,MORTGAGE,7.0,DEBTCONSOLIDATION,A,4000,7.14,0.07,N,2,0
50308,43,80000,RENT,5.0,MEDICAL,B,10000,9.88,0.13,N,12,0
50309,30,35000,RENT,3.0,PERSONAL,B,7000,10.99,0.2,N,8,0
50310,23,34255,MORTGAGE,7.0,HOMEIMPROVEMENT,E,5000,19.03,0.14,Y,2,1
50311,24,65000,MORTGAGE,8.0,VENTURE,A,10000,6.03,0.15,N,2,0
50312,22,40000,OWN,1.0,EDUCATION,B,7500,12.21,0.19,N,2,0
50313,30,40000,OWN,3.0,EDUCATION,D,12000,15.58,0.3,N,8,0
50314,31,52800,RENT,1.0,MEDICAL,E,6000,16.45,0.11,Y,5,1
50315,36,52000,RENT,3.0,EDUCATION,C,5000,13.79,0.1,Y,11,0
50316,23,48500,RENT,0.0,EDUCATION,C,2100,12.98,0.04,N,4,0
50317,40,20000,RENT,4.0,VENTURE,C,3600,13.11,0.17,Y,11,0
50318,23,48000,MORTGAGE,7.0,DEBTCONSOLIDATION,A,3600,6.92,0.07,N,2,0
50319,24,70000,RENT,2.0,HOMEIMPROVEMENT,A,8000,7.49,0.11,N,2,0
50320,36,55000,MORTGAGE,7.0,DEBTCONSOLIDATION,A,11000,7.49,0.2,N,16,0
50321,41,50000,MORTGAGE,25.0,DEBTCONSOLIDATION,A,8450,7.14,0.18,N,14,0
50322,25,30000,RENT,3.0,EDUCATION,A,3000,6.03,0.1,N,2,0
50323,23,37200,RENT,5.0,VENTURE,D,8000,16.77,0.22,Y,3,0
50324,24,45000,MORTGAGE,0.0,MEDICAL,C,9000,12.73,0.2,Y,2,0
50325,28,120000,MORTGAGE,12.0,PERSONAL,B,12000,10.99,0.1,N,10,0
50326,22,60000,RENT,2.0,EDUCATION,B,14000,11.89,0.23,N,3,0
50327,24,90000,MORTGAGE,3.0,VENTURE,A,12000,7.49,0.13,N,2,0
50328,23,85000,RENT,3.0,MEDICAL,B,6000,10.0,0.07,N,2,0
50329,29,80000,MORTGAGE,3.0,PERSONAL,B,2500,10.74,0.03,N,8,0
50330,29,79992,OWN,0.0,VENTURE,B,23700,10.74,0.3,N,6,0
50331,29,65000,MORTGAGE,11.0,VENTURE,A,4500,7.88,0.07,N,5,0
50332,23,85000,RENT,7.0,MEDICAL,B,16000,11.71,0.19,N,3,0
50333,39,38500,RENT,2.0,PERSONAL,B,6500,11.14,0.18,N,13,0
50334,35,100450,RENT,1.0,PERSONAL,B,24000,12.69,0.24,N,2,0
50335,22,61000,RENT,6.0,MEDICAL,B,7600,12.21,0.12,N,2,0
50336,32,50000,RENT,3.0,PERSONAL,C,10000,12.87,0.2,Y,10,0
50337,21,36000,RENT,5.0,DEBTCONSOLIDATION,D,10000,17.27,0.28,N,2,1
50338,23,99600,MORTGAGE,5.0,VENTURE,A,5000,5.42,0.05,N,4,0
50339,21,40000,RENT,1.0,EDUCATION,A,5600,6.03,0.14,N,4,0
50340,30,40000,RENT,14.0,MEDICAL,A,12000,8.9,0.3,N,8,1
50341,31,130000,MORTGAGE,1.0,HOMEIMPROVEMENT,D,35000,14.46,0.27,N,6,0
50342,22,54000,MORTGAGE,6.0,DEBTCONSOLIDATION,A,3600,7.49,0.07,N,2,0
50343,28,44000,RENT,4.0,EDUCATION,A,7000,8.9,0.16,N,5,0
50344,29,72000,RENT,5.0,MEDICAL,B,15000,10.62,0.21,N,5,0
50345,22,27600,RENT,6.0,DEBTCONSOLIDATION,B,9800,11.12,0.35,N,2,1
50346,26,50000,OWN,0.0,PERSONAL,A,5000,8.94,0.1,N,4,0
50347,41,30000,RENT,2.0,VENTURE,C,3000,13.49,0.1,Y,17,0
50348,28,50000,RENT,4.0,MEDICAL,C,11425,13.49,0.23,Y,6,0
50349,35,72000,MORTGAGE,7.0,HOMEIMPROVEMENT,D,2500,12.17,0.03,Y,6,0
50350,31,75000,MORTGAGE,2.0,HOMEIMPROVEMENT,A,8000,8.49,0.11,N,7,0
50351,26,80000,RENT,0.0,MEDICAL,A,6000,7.66,0.07,N,4,0
50352,24,65000,MORTGAGE,8.0,PERSONAL,B,10000,10.65,0.15,N,3,0
50353,30,60000,RENT,4.0,DEBTCONSOLIDATION,B,1200,11.49,0.02,N,10,0
50354,26,30000,RENT,10.0,PERSONAL,B,5200,9.99,0.18,N,2,0
50355,26,75480,MORTGAGE,2.0,MEDICAL,C,25000,15.27,0.28,Y,4,1
50356,33,82000,MORTGAGE,5.0,VENTURE,A,6000,7.49,0.07,N,5,0
50357,29,33500,RENT,2.0,MEDICAL,A,6000,9.32,0.18,N,8,1
50358,38,30000,RENT,0.0,EDUCATION,C,3500,13.22,0.12,N,14,0
50359,22,39000,RENT,0.0,EDUCATION,E,1500,18.64,0.04,N,2,1
50360,38,48800,RENT,2.0,PERSONAL,C,15000,13.48,0.31,N,15,1
50361,38,56000,RENT,3.0,MEDICAL,C,12000,13.16,0.21,Y,14,0
50362,24,14400,RENT,3.0,DEBTCONSOLIDATION,C,1800,12.73,0.12,N,4,0
50363,44,72000,RENT,5.0,VENTURE,B,5500,10.38,0.08,N,15,0
50364,24,55000,RENT,7.0,MEDICAL,A,10800,7.88,0.2,N,2,0
50365,31,28800,RENT,4.0,MEDICAL,B,5000,9.91,0.17,N,5,0
50366,23,80000,RENT,2.0,VENTURE,B,20000,11.58,0.25,N,3,0
50367,28,50000,RENT,11.0,VENTURE,B,12000,10.37,0.24,N,5,0
50368,21,60000,RENT,5.0,DEBTCONSOLIDATION,A,15000,7.9,0.25,N,3,0
50369,28,54000,RENT,13.0,VENTURE,C,4000,13.99,0.06,N,5,0
50370,23,35500,RENT,6.0,VENTURE,B,4000,10.75,0.11,N,3,0
50371,25,30000,RENT,3.0,VENTURE,A,6400,6.62,0.21,N,4,0
50372,33,60000,RENT,1.0,DEBTCONSOLIDATION,C,8000,13.61,0.13,Y,6,0
50373,24,55000,RENT,2.0,VENTURE,A,20000,7.9,0.36,N,4,1
50374,25,30000,RENT,10.0,EDUCATION,A,12000,6.62,0.4,N,3,1
50375,31,60000,MORTGAGE,11.0,PERSONAL,A,16000,7.49,0.26,N,6,0
50376,40,27600,OWN,4.0,PERSONAL,B,7000,11.11,0.25,N,16,0
50377,23,48996,RENT,4.0,PERSONAL,A,4000,8.59,0.08,N,2,0
50378,25,126000,MORTGAGE,9.0,DEBTCONSOLIDATION,A,8000,7.14,0.06,N,2,0
50379,38,24000,RENT,1.0,MEDICAL,B,2000,11.36,0.08,N,17,0
50380,22,83000,RENT,6.0,VENTURE,D,20000,14.96,0.24,Y,2,1
50381,29,60000,RENT,9.0,VENTURE,D,20000,15.99,0.33,N,10,1
50382,23,140000,MORTGAGE,7.0,EDUCATION,B,25000,11.12,0.18,N,2,0
50383,23,94940,MORTGAGE,7.0,VENTURE,E,2000,17.19,0.02,Y,3,0
50384,23,150000,MORTGAGE,7.0,EDUCATION,A,15000,7.49,0.1,N,2,0
50385,31,33600,RENT,4.0,DEBTCONSOLIDATION,B,3000,12.69,0.09,N,10,0
50386,30,24000,OWN,1.0,VENTURE,A,6000,6.76,0.25,N,9,0
50387,21,81600,MORTGAGE,5.0,EDUCATION,C,21600,13.49,0.27,Y,4,0
50388,24,60000,MORTGAGE,1.0,VENTURE,B,5000,10.36,0.08,N,4,0
50389,25,55000,RENT,4.0,MEDICAL,B,3000,11.12,0.05,N,2,0
50390,31,120000,RENT,1.0,MEDICAL,A,7000,9.32,0.06,N,9,0
50391,21,33996,RENT,1.0,HOMEIMPROVEMENT,B,6000,9.88,0.18,N,2,1
50392,22,50000,MORTGAGE,6.0,VENTURE,A,8000,6.62,0.16,N,3,0
50393,23,50000,RENT,0.0,VENTURE,A,2400,7.49,0.05,N,4,0
50394,23,60000,RENT,2.0,DEBTCONSOLIDATION,C,8000,13.47,0.13,Y,4,0
50395,22,60000,MORTGAGE,2.0,EDUCATION,B,8150,10.36,0.15,N,2,0
50396,22,45000,RENT,0.0,EDUCATION,A,10000,7.49,0.22,N,4,0
50397,23,30000,RENT,4.0,DEBTCONSOLIDATION,D,3600,15.99,0.12,N,2,1
50398,25,80000,MORTGAGE,3.0,PERSONAL,A,5000,7.14,0.06,N,2,0
50399,28,50000,RENT,3.0,EDUCATION,B,3000,10.59,0.06,N,8,0
50400,25,36000,RENT,0.0,VENTURE,B,12500,11.11,0.35,N,4,1
50401,28,78000,MORTGAGE,12.0,EDUCATION,C,3000,13.47,0.04,Y,10,1
50402,22,26400,RENT,5.0,PERSONAL,A,6000,7.9,0.23,N,2,0
50403,33,63180,MORTGAGE,16.0,HOMEIMPROVEMENT,A,3000,6.62,0.05,N,10,0
50404,22,38000,OWN,2.0,VENTURE,A,2000,6.99,0.05,N,3,0
50405,23,37000,RENT,2.0,VENTURE,A,10000,7.88,0.27,N,3,0
50406,27,30000,MORTGAGE,2.0,PERSONAL,A,13000,7.49,0.43,N,5,0
50407,25,90000,RENT,4.0,HOMEIMPROVEMENT,A,10000,6.62,0.11,N,3,0
50408,23,28000,RENT,3.0,DEBTCONSOLIDATION,B,1000,11.99,0.04,N,4,0
50409,34,55000,MORTGAGE,9.0,HOMEIMPROVEMENT,B,10000,11.71,0.18,N,10,0
50410,23,55000,OWN,5.0,EDUCATION,B,6000,11.89,0.11,N,4,0
50411,22,27996,RENT,4.0,MEDICAL,D,5500,15.21,0.2,Y,2,1
50412,27,100000,MORTGAGE,11.0,PERSONAL,A,12000,6.03,0.12,N,9,0
50413,25,122000,MORTGAGE,9.0,HOMEIMPROVEMENT,C,6000,14.27,0.05,N,2,0
50414,30,75000,MORTGAGE,14.0,EDUCATION,A,3000,7.9,0.04,N,5,0
50415,42,98603,MORTGAGE,0.0,DEBTCONSOLIDATION,C,24250,14.22,0.21,N,11,1
50416,24,80000,MORTGAGE,0.0,VENTURE,A,10000,7.88,0.13,N,3,0
50417,21,36000,MORTGAGE,4.0,DEBTCONSOLIDATION,A,5800,7.88,0.16,N,2,0
50418,36,40000,RENT,0.0,EDUCATION,C,6000,14.27,0.15,Y,11,0
50419,37,60000,RENT,3.0,DEBTCONSOLIDATION,B,4000,9.25,0.07,N,12,0
50420,22,30000,RENT,6.0,MEDICAL,B,7200,9.7,0.24,N,4,0
50421,30,59000,RENT,5.0,DEBTCONSOLIDATION,D,20000,15.95,0.34,N,8,1
50422,21,38000,RENT,3.0,EDUCATION,B,5000,10.39,0.13,N,3,0
50423,27,50000,RENT,11.0,HOMEIMPROVEMENT,A,15000,7.51,0.3,N,10,0
50424,52,37000,RENT,23.0,PERSONAL,B,7000,9.91,0.19,N,20,1
50425,24,69000,MORTGAGE,1.0,HOMEIMPROVEMENT,C,3400,13.48,0.05,Y,2,1
50426,21,14400,RENT,0.0,PERSONAL,A,1000,7.51,0.07,N,2,0
50427,33,73000,MORTGAGE,6.0,DEBTCONSOLIDATION,B,5000,10.74,0.07,N,5,0
50428,25,85000,MORTGAGE,7.0,EDUCATION,C,8400,12.23,0.1,Y,4,0
50429,30,90000,RENT,4.0,EDUCATION,B,12000,9.91,0.13,N,9,0
50430,23,127500,MORTGAGE,1.0,PERSONAL,D,12000,15.65,0.01,Y,3,1
50431,22,60000,MORTGAGE,2.0,MEDICAL,A,12000,7.74,0.2,N,4,0
50432,41,82500,MORTGAGE,15.0,HOMEIMPROVEMENT,A,9975,7.14,0.13,N,13,0
50433,23,30000,RENT,0.0,DEBTCONSOLIDATION,A,5000,6.92,0.17,N,3,0
50434,28,85000,RENT,5.0,HOMEIMPROVEMENT,A,15000,5.79,0.18,N,5,0
50435,25,66000,RENT,9.0,EDUCATION,A,18500,7.51,0.27,N,3,0
50436,32,120000,MORTGAGE,3.0,VENTURE,D,5600,14.09,0.05,N,9,0
50437,23,36000,RENT,0.0,VENTURE,B,15000,11.11,0.42,N,4,0
50438,23,39000,RENT,1.0,VENTURE,D,3000,17.58,0.08,N,4,1
50439,25,95000,RENT,9.0,EDUCATION,C,7500,15.27,0.08,N,3,0
50440,39,66000,MORTGAGE,7.0,EDUCATION,C,4000,11.66,0.06,Y,12,0
50441,23,32000,RENT,7.0,EDUCATION,A,7000,7.49,0.22,N,2,0
50442,22,74000,MORTGAGE,0.0,EDUCATION,A,1200,7.37,0.02,N,4,0
50443,24,120000,MORTGAGE,3.0,EDUCATION,A,16000,7.88,0.13,N,4,0
50444,27,40000,RENT,7.0,VENTURE,A,7000,7.88,0.17,N,10,0
50445,31,55000,MORTGAGE,8.0,EDUCATION,A,5500,6.62,0.1,N,5,0
50446,23,45000,MORTGAGE,5.0,VENTURE,A,6000,6.99,0.13,N,2,0
50447,27,80000,RENT,4.0,DEBTCONSOLIDATION,C,20000,13.92,0.25,Y,7,0
50448,38,60000,MORTGAGE,3.0,EDUCATION,B,10000,12.42,0.17,N,11,0
50449,24,102000,MORTGAGE,5.0,VENTURE,A,8400,7.51,0.08,N,3,0
50450,24,70000,MORTGAGE,5.0,HOMEIMPROVEMENT,B,2000,11.71,0.03,N,4,0
50451,30,38760,RENT,5.0,MEDICAL,A,6700,8.9,0.17,N,7,0
50452,22,46200,RENT,1.0,DEBTCONSOLIDATION,C,13800,15.96,0.29,Y,2,1
50453,24,48000,MORTGAGE,8.0,EDUCATION,B,3500,10.59,0.07,N,4,0
50454,28,55704,MORTGAGE,12.0,MEDICAL,A,7000,7.51,0.13,N,5,0
50455,27,120000,RENT,3.0,VENTURE,B,18000,10.99,0.15,N,8,0
50456,22,75000,MORTGAGE,0.0,VENTURE,B,3600,9.99,0.05,N,2,0
50457,27,50000,MORTGAGE,4.0,DEBTCONSOLIDATION,C,3000,13.98,0.06,Y,7,0
50458,27,60000,MORTGAGE,11.0,MEDICAL,A,5000,7.49,0.08,N,8,0
50459,24,30000,RENT,0.0,DEBTCONSOLIDATION,B,6500,10.65,0.22,N,4,0
50460,31,76000,RENT,2.0,VENTURE,A,3000,7.66,0.04,N,10,0
50461,23,100000,RENT,1.0,EDUCATION,C,15000,13.57,0.15,N,3,0
50462,27,65004,OWN,7.0,VENTURE,A,13000,7.88,0.2,N,7,0
50463,22,38000,RENT,2.0,EDUCATION,A,10000,8.59,0.26,N,4,0
50464,30,52000,MORTGAGE,14.0,MEDICAL,C,16000,14.65,0.31,N,10,0
50465,29,65000,RENT,13.0,MEDICAL,C,10000,14.27,0.15,N,9,0
50466,29,87000,MORTGAGE,7.0,PERSONAL,C,15000,13.49,0.17,Y,5,0
50467,23,70596,MORTGAGE,7.0,EDUCATION,C,25000,13.11,0.36,N,2,0
50468,23,54000,RENT,7.0,VENTURE,B,1500,9.62,0.03,N,3,0
50469,40,100000,MORTGAGE,0.0,HOMEIMPROVEMENT,A,12000,8.59,0.12,N,15,0
50470,23,48000,RENT,7.0,EDUCATION,B,4000,10.99,0.08,N,3,0
50471,22,120640,RENT,0.0,VENTURE,B,16000,10.99,0.13,N,3,0
50472,29,45760,MORTGAGE,2.0,EDUCATION,A,8800,7.29,0.2,N,7,0
50473,28,50000,RENT,4.0,PERSONAL,A,14000,8.9,0.28,N,10,0
50474,21,35400,RENT,0.0,PERSONAL,A,5000,6.03,0.14,N,3,0
50475,22,70000,RENT,4.0,MEDICAL,A,6000,7.49,0.09,N,3,0
50476,37,65000,RENT,0.0,PERSONAL,B,12000,9.91,0.18,N,17,0
50477,24,42000,MORTGAGE,4.0,MEDICAL,D,3200,16.32,0.08,N,4,1
50478,30,60000,RENT,5.0,PERSONAL,C,5200,12.53,0.09,Y,9,0
50479,23,60000,MORTGAGE,8.0,VENTURE,C,10000,13.22,0.17,N,3,0
50480,23,36000,OWN,1.0,PERSONAL,B,3000,10.0,0.08,N,2,0
50481,29,88000,MORTGAGE,14.0,MEDICAL,B,18000,11.58,0.22,N,6,0
50482,24,36000,RENT,4.0,DEBTCONSOLIDATION,B,4000,11.49,0.11,N,2,0
50483,25,75000,RENT,4.0,DEBTCONSOLIDATION,C,20000,12.73,0.27,N,4,0
50484,31,103000,RENT,0.0,EDUCATION,A,35000,7.51,0.34,N,8,1
50485,29,80000,MORTGAGE,13.0,PERSONAL,A,5000,5.42,0.06,N,7,0
50486,30,90000,RENT,15.0,EDUCATION,C,3000,12.99,0.03,N,8,0
50487,29,55000,MORTGAGE,8.0,PERSONAL,A,3600,5.99,0.07,N,6,0
50488,22,80000,MORTGAGE,6.0,PERSONAL,B,10000,10.99,0.13,N,3,0
50489,21,60000,RENT,3.0,EDUCATION,A,5500,7.51,0.09,N,4,0
50490,29,41000,RENT,0.0,HOMEIMPROVEMENT,C,3800,13.49,0.09,N,7,1
50491,22,40000,RENT,0.0,EDUCATION,B,4000,12.42,0.1,N,4,0
50492,28,60000,MORTGAGE,7.0,MEDICAL,A,13000,8.94,0.22,N,7,0
50493,35,80000,RENT,5.0,VENTURE,A,5000,7.49,0.06,N,9,0
50494,24,69570,MORTGAGE,8.0,DEBTCONSOLIDATION,B,15000,10.65,0.22,N,4,0
50495,28,60000,MORTGAGE,13.0,PERSONAL,A,7200,7.51,0.12,N,7,0
50496,22,58000,RENT,4.0,DEBTCONSOLIDATION,E,25000,14.38,0.43,N,2,1
50497,22,45000,MORTGAGE,6.0,PERSONAL,C,10000,15.23,0.22,Y,3,0
50498,24,32000,RENT,1.0,VENTURE,C,6000,13.49,0.19,N,4,0
50499,24,60000,OWN,3.0,PERSONAL,B,25000,11.83,0.42,N,3,0
50500,32,26000,RENT,1.0,MEDICAL,F,6000,15.76,0.23,Y,6,1
50501,25,50000,MORTGAGE,9.0,MEDICAL,A,5000,7.88,0.1,N,2,0
50502,35,85000,RENT,8.0,HOMEIMPROVEMENT,A,15000,7.88,0.18,N,6,0
50503,33,30000,RENT,2.0,PERSONAL,B,3000,10.95,0.1,N,5,0
50504,32,84000,RENT,4.0,VENTURE,A,8000,7.51,0.1,N,10,0
50505,32,38000,OWN,0.0,EDUCATION,C,3500,12.53,0.09,Y,6,0
50506,32,200000,MORTGAGE,16.0,EDUCATION,A,6000,8.0,0.03,N,6,0
50507,28,96000,MORTGAGE,11.0,PERSONAL,A,16000,6.03,0.17,N,5,0
50508,36,26000,RENT,3.0,HOMEIMPROVEMENT,C,7000,13.43,0.27,Y,13,1
50509,38,84000,MORTGAGE,7.0,HOMEIMPROVEMENT,C,6000,11.28,0.07,N,13,0
50510,29,60000,RENT,5.0,MEDICAL,A,12000,7.9,0.2,N,6,0
50511,26,50000,RENT,8.0,VENTURE,A,14000,7.66,0.28,N,3,0
50512,27,60000,RENT,7.0,MEDICAL,B,5000,11.49,0.08,N,10,0
50513,24,40000,RENT,3.0,DEBTCONSOLIDATION,C,4000,13.49,0.1,Y,4,0
50514,28,40000,RENT,2.0,PERSONAL,C,4000,13.99,0.1,Y,9,0
50515,23,29666,RENT,1.0,PERSONAL,A,3000,9.32,0.1,N,2,0
50516,27,120000,MORTGAGE,0.0,VENTURE,A,8000,7.49,0.07,N,7,0
50517,22,86000,MORTGAGE,5.0,VENTURE,A,8000,6.91,0.09,N,2,0
50518,28,33600,RENT,0.0,PERSONAL,C,8000,13.92,0.24,N,6,0
50519,28,70000,RENT,0.0,PERSONAL,B,6600,11.12,0.09,N,10,0
50520,26,100000,MORTGAGE,3.0,EDUCATION,A,11000,8.38,0.11,N,3,0
50521,28,67000,MORTGAGE,3.0,VENTURE,B,8000,10.95,0.12,N,7,0
50522,25,52692,MORTGAGE,9.0,EDUCATION,B,17000,9.88,0.32,N,4,0
50523,23,50000,RENT,4.0,MEDICAL,C,6000,13.49,0.12,Y,4,0
50524,24,141000,MORTGAGE,8.0,VENTURE,A,25000,7.9,0.18,N,3,0
50525,28,70800,RENT,7.0,MEDICAL,D,25000,16.07,0.28,N,6,1
50526,30,55000,MORTGAGE,2.0,HOMEIMPROVEMENT,A,4800,8.9,0.09,N,8,0
50527,25,99750,MORTGAGE,9.0,PERSONAL,A,20000,6.54,0.2,N,3,0
50528,22,50000,RENT,2.0,VENTURE,A,8000,7.29,0.16,N,2,0
50529,27,38400,MORTGAGE,2.0,EDUCATION,B,1600,10.71,0.04,N,9,0
50530,26,49200,MORTGAGE,9.0,EDUCATION,A,10000,5.42,0.2,N,2,0
50531,24,90000,MORTGAGE,8.0,PERSONAL,D,15000,15.31,0.17,Y,4,0
50532,28,105018,RENT,2.0,EDUCATION,F,12900,20.89,0.12,Y,6,0
50533,43,69000,RENT,2.0,HOMEIMPROVEMENT,D,10000,15.7,0.14,Y,16,1
50534,26,40000,RENT,1.0,VENTURE,A,3000,7.68,0.08,N,3,0
50535,31,62000,RENT,2.0,DEBTCONSOLIDATION,C,6000,13.57,0.1,Y,7,0
50536,22,41600,MORTGAGE,2.0,EDUCATION,B,4000,12.42,0.1,N,2,0
50537,26,70000,MORTGAGE,3.0,DEBTCONSOLIDATION,A,5000,7.74,0.07,N,2,0
50538,24,120000,MORTGAGE,8.0,PERSONAL,B,16000,10.37,0.13,N,2,0
50539,30,60000,MORTGAGE,6.0,EDUCATION,C,5000,12.99,0.08,Y,9,0
50540,23,65000,MORTGAGE,7.0,EDUCATION,A,10200,7.88,0.16,N,4,0
50541,33,110000,RENT,0.0,PERSONAL,B,8000,11.71,0.07,N,6,0
50542,23,60000,MORTGAGE,7.0,EDUCATION,C,10000,13.23,0.17,N,4,0
50543,28,50000,RENT,4.0,EDUCATION,B,15000,10.37,0.3,N,6,0
50544,24,60140,RENT,2.0,DEBTCONSOLIDATION,A,7000,8.0,0.12,N,2,0
50545,34,20000,OWN,6.0,VENTURE,B,8500,11.83,0.42,N,7,0
50546,23,50000,MORTGAGE,6.0,EDUCATION,A,7200,6.62,0.14,N,2,0
50547,24,28800,MORTGAGE,0.0,DEBTCONSOLIDATION,A,10000,6.54,0.35,N,3,0
50548,27,30000,RENT,5.0,PERSONAL,B,7675,10.0,0.26,N,6,0
50549,28,95000,MORTGAGE,12.0,VENTURE,A,5000,7.43,0.05,N,5,0
50550,22,76344,MORTGAGE,3.0,EDUCATION,B,5000,11.86,0.07,N,4,0
50551,27,150000,MORTGAGE,5.0,VENTURE,B,24000,11.36,0.16,N,5,0
50552,21,100000,MORTGAGE,2.0,MEDICAL,A,5000,5.42,0.05,N,4,0
50553,22,60000,RENT,0.0,DEBTCONSOLIDATION,C,4000,13.23,0.07,Y,4,0
50554,23,80832,OWN,0.0,VENTURE,D,3000,15.65,0.04,N,3,0
50555,23,52000,RENT,3.0,VENTURE,C,14000,12.61,0.27,Y,2,0
50556,27,44000,RENT,4.0,DEBTCONSOLIDATION,C,4000,13.99,0.09,Y,5,1
50557,23,38004,RENT,3.0,EDUCATION,C,2800,12.53,0.07,N,3,0
50558,23,120600,MORTGAGE,7.0,MEDICAL,A,10000,7.4,0.08,N,2,0
50559,56,70000,RENT,39.0,MEDICAL,B,8000,11.36,0.11,N,17,0
50560,28,70000,MORTGAGE,8.0,VENTURE,C,17600,14.26,0.25,N,9,0
50561,24,120000,RENT,2.0,HOMEIMPROVEMENT,B,16000,9.76,0.13,N,3,0
50562,23,45000,RENT,0.0,EDUCATION,A,5000,6.99,0.11,N,4,0
50563,33,47000,RENT,3.0,PERSONAL,B,20000,10.79,0.47,N,7,1
50564,32,110888,RENT,0.0,HOMEIMPROVEMENT,B,10400,9.91,0.09,N,6,0
50565,37,64430,MORTGAGE,14.0,DEBTCONSOLIDATION,D,27000,15.62,0.37,N,15,1
50566,24,60000,OWN,7.0,MEDICAL,B,6000,10.38,0.1,N,4,0
50567,42,30000,RENT,7.0,MEDICAL,B,7000,10.37,0.23,N,12,0
50568,29,57424,RENT,4.0,EDUCATION,D,12000,15.95,0.19,Y,5,1
50569,23,85000,MORTGAGE,7.0,MEDICAL,A,6000,6.99,0.07,N,2,0
50570,29,56004,RENT,1.0,MEDICAL,C,13000,13.22,0.23,N,5,0
50571,27,45000,RENT,6.0,PERSONAL,A,7000,6.17,0.16,N,5,0
50572,29,29000,RENT,3.0,DEBTCONSOLIDATION,C,6000,13.23,0.21,Y,6,0
50573,25,38004,RENT,5.0,DEBTCONSOLIDATION,A,9000,7.88,0.24,N,2,0
50574,24,75000,MORTGAGE,6.0,HOMEIMPROVEMENT,A,1500,7.51,0.02,N,2,0
50575,38,80000,MORTGAGE,4.0,PERSONAL,A,9600,7.88,0.12,N,14,0
50576,24,110000,RENT,1.0,PERSONAL,B,18000,11.11,0.17,N,3,0
50577,24,100000,MORTGAGE,8.0,DEBTCONSOLIDATION,B,25000,9.91,0.25,N,2,0
50578,27,125000,MORTGAGE,9.0,DEBTCONSOLIDATION,A,10975,7.49,0.09,N,5,0
50579,23,36000,RENT,0.0,EDUCATION,B,1500,11.49,0.04,N,4,0
50580,21,30000,RENT,1.0,PERSONAL,B,4800,11.86,0.16,N,3,0
50581,26,53000,RENT,5.0,PERSONAL,D,13000,16.32,0.24,Y,2,0
50582,38,90000,MORTGAGE,1.0,DEBTCONSOLIDATION,B,24000,11.83,0.27,N,16,1
50583,31,24000,RENT,2.0,DEBTCONSOLIDATION,B,5000,10.65,0.21,N,8,0
50584,24,35000,MORTGAGE,3.0,MEDICAL,A,4000,7.9,0.11,N,2,0
50585,25,42000,RENT,2.0,EDUCATION,A,14000,7.88,0.33,N,4,1
50586,45,60000,RENT,2.0,EDUCATION,A,8000,8.49,0.13,N,17,0
50587,29,78000,MORTGAGE,4.0,DEBTCONSOLIDATION,A,14000,8.49,0.18,N,5,0
50588,24,50000,MORTGAGE,8.0,PERSONAL,B,3000,11.71,0.06,N,3,0
50589,22,65000,OWN,3.0,PERSONAL,C,3800,12.87,0.06,Y,3,0
50590,23,44700,RENT,7.0,EDUCATION,A,9000,7.88,0.2,N,4,0
50591,22,29400,RENT,2.0,EDUCATION,C,6150,12.73,0.21,Y,3,0
50592,36,108000,RENT,0.0,PERSONAL,D,25000,15.31,0.23,N,15,1
50593,27,43000,MORTGAGE,1.0,HOMEIMPROVEMENT,C,20000,13.48,0.45,N,10,0
50594,22,39996,MORTGAGE,6.0,EDUCATION,A,6000,7.51,0.15,N,2,0
50595,24,49200,OWN,8.0,MEDICAL,A,3200,6.76,0.07,N,3,0
50596,29,50000,OWN,0.0,HOMEIMPROVEMENT,C,7000,13.43,0.14,Y,10,0
50597,22,40000,RENT,2.0,PERSONAL,C,4000,13.16,0.1,N,2,0
50598,26,122000,MORTGAGE,10.0,DEBTCONSOLIDATION,B,15000,11.26,0.12,N,2,0
50599,37,85000,RENT,2.0,PERSONAL,B,24000,11.71,0.29,N,16,0
50600,39,56500,RENT,2.0,EDUCATION,A,12000,5.79,0.21,N,15,0
50601,24,75000,RENT,4.0,HOMEIMPROVEMENT,B,5600,10.38,0.07,N,2,0
50602,23,66000,RENT,2.0,PERSONAL,A,25000,7.49,0.38,N,3,1
50603,22,60000,RENT,6.0,MEDICAL,A,6000,7.14,0.1,N,3,0
50604,44,44000,MORTGAGE,12.0,MEDICAL,D,10000,15.33,0.23,N,11,1
50605,24,60000,RENT,8.0,EDUCATION,B,7000,9.91,0.12,N,2,0
50606,23,26000,RENT,1.0,MEDICAL,A,8000,7.51,0.31,N,4,1
50607,23,50000,MORTGAGE,1.0,VENTURE,A,4000,7.88,0.08,N,3,0
50608,27,25000,RENT,4.0,EDUCATION,D,8000,14.84,0.32,Y,8,1
50609,24,65000,MORTGAGE,8.0,EDUCATION,B,5000,10.39,0.07,N,4,0
50610,23,70000,RENT,7.0,DEBTCONSOLIDATION,C,10000,13.85,0.14,Y,4,0
50611,27,75000,MORTGAGE,11.0,PERSONAL,A,13000,8.94,0.17,N,10,0
50612,41,90000,MORTGAGE,20.0,VENTURE,A,6000,5.99,0.07,N,17,0
50613,24,24996,RENT,1.0,MEDICAL,B,3000,9.99,0.12,N,4,1
50614,26,38000,RENT,5.0,MEDICAL,B,6000,10.62,0.16,N,2,0
50615,28,100000,MORTGAGE,5.0,HOMEIMPROVEMENT,A,5000,6.03,0.05,N,5,0
50616,26,66300,MORTGAGE,10.0,MEDICAL,D,10000,15.7,0.13,N,3,1
50617,25,48000,MORTGAGE,3.0,HOMEIMPROVEMENT,C,5000,14.27,0.1,N,2,0
50618,34,30000,RENT,3.0,PERSONAL,D,7500,13.24,0.25,Y,5,1
50619,22,25000,OWN,0.0,VENTURE,C,3600,14.27,0.14,Y,4,0
50620,28,47581,MORTGAGE,2.0,HOMEIMPROVEMENT,B,6000,10.25,0.13,N,8,0
50621,28,55000,MORTGAGE,2.0,DEBTCONSOLIDATION,B,12000,10.25,0.22,N,7,0
50622,28,108000,RENT,4.0,MEDICAL,A,5000,7.14,0.05,N,8,0
50623,26,33048,RENT,6.0,EDUCATION,C,13800,13.49,0.43,Y,3,1
50624,24,50000,OWN,9.0,PERSONAL,B,1000,11.71,0.02,N,3,0
50625,33,80000,RENT,2.0,HOMEIMPROVEMENT,B,13000,12.53,0.16,N,6,0
50626,36,240000,MORTGAGE,12.0,MEDICAL,B,8000,11.14,0.03,N,11,0
50627,22,35000,RENT,5.0,VENTURE,B,4000,12.69,0.11,N,4,0
50628,31,27600,RENT,1.0,HOMEIMPROVEMENT,F,6800,19.13,0.26,Y,9,1
50629,27,180000,RENT,1.0,MEDICAL,C,28000,13.92,0.16,N,8,0
50630,26,180000,RENT,0.0,DEBTCONSOLIDATION,B,25000,11.86,0.14,N,4,0
50631,26,70000,MORTGAGE,10.0,VENTURE,A,3000,7.88,0.04,N,4,0
50632,24,55000,RENT,8.0,MEDICAL,C,5000,13.22,0.09,N,2,0
50633,29,95000,RENT,4.0,EDUCATION,A,7500,7.74,0.08,N,10,0
50634,25,42996,RENT,6.0,PERSONAL,B,5000,10.38,0.12,N,4,0
50635,33,100000,RENT,4.0,HOMEIMPROVEMENT,B,10000,10.99,0.1,N,7,0
50636,23,124800,MORTGAGE,2.0,DEBTCONSOLIDATION,A,14500,6.62,0.12,N,4,0
50637,35,40000,RENT,0.0,EDUCATION,B,10800,9.76,0.27,N,7,0
50638,24,97000,MORTGAGE,6.0,HOMEIMPROVEMENT,B,6000,11.49,0.06,N,3,0
50639,26,48000,RENT,5.0,VENTURE,B,6000,10.99,0.13,N,3,0
50640,24,50000,MORTGAGE,2.0,HOMEIMPROVEMENT,A,7000,7.68,0.14,N,3,0
50641,23,60000,MORTGAGE,7.0,EDUCATION,A,3600,7.29,0.06,N,2,0
50642,26,150000,MORTGAGE,0.0,EDUCATION,A,6000,8.9,0.04,N,4,0
50643,37,45000,RENT,1.0,DEBTCONSOLIDATION,B,8000,12.69,0.18,N,17,0
50644,25,45000,RENT,1.0,MEDICAL,A,11200,8.49,0.25,N,4,0
50645,25,50000,RENT,5.0,PERSONAL,B,10000,10.95,0.2,N,2,0
50646,32,40000,RENT,3.0,EDUCATION,C,4000,13.49,0.1,Y,8,0
50647,35,132000,MORTGAGE,14.0,PERSONAL,B,25000,11.12,0.19,N,10,0
50648,21,18000,RENT,1.0,PERSONAL,D,3000,15.65,0.17,N,3,1
50649,39,168000,MORTGAGE,14.0,DEBTCONSOLIDATION,A,1500,7.37,0.09,N,11,1
50650,27,65000,MORTGAGE,11.0,EDUCATION,B,4500,11.99,0.07,N,8,0
50651,23,41000,RENT,4.0,PERSONAL,A,8000,9.63,0.2,N,3,0
50652,37,250000,MORTGAGE,6.0,EDUCATION,B,24000,9.91,0.1,N,17,0
50653,24,33189,RENT,3.0,PERSONAL,C,9000,13.22,0.27,N,3,0
50654,26,40000,MORTGAGE,10.0,DEBTCONSOLIDATION,C,4000,12.73,0.1,Y,4,0
50655,28,120000,MORTGAGE,0.0,MEDICAL,B,15000,10.99,0.13,N,7,0
50656,30,90000,MORTGAGE,8.0,DEBTCONSOLIDATION,A,1500,7.29,0.02,N,8,0
50657,27,55200,OWN,4.0,VENTURE,B,4000,12.42,0.07,N,10,0
50658,29,80000,MORTGAGE,4.0,VENTURE,A,6000,5.42,0.07,N,7,0
50659,27,75000,RENT,0.0,DEBTCONSOLIDATION,A,10000,9.63,0.13,N,9,0
50660,27,60000,RENT,11.0,EDUCATION,A,8000,7.66,0.13,N,8,0
50661,24,38000,RENT,0.0,MEDICAL,E,6500,19.29,0.17,N,2,1
50662,21,38400,OWN,5.0,EDUCATION,C,4500,14.72,0.12,Y,2,0
50663,34,38004,RENT,2.0,PERSONAL,B,5000,12.53,0.13,N,10,0
50664,25,33200,RENT,2.0,VENTURE,B,7000,11.49,0.21,N,3,0
50665,31,70000,RENT,5.0,MEDICAL,B,10000,11.71,0.14,N,7,0
50666,22,80000,MORTGAGE,6.0,DEBTCONSOLIDATION,A,5000,7.74,0.06,N,4,0
50667,23,43200,RENT,1.0,EDUCATION,B,4500,11.11,0.1,N,2,0
50668,23,65000,MORTGAGE,4.0,MEDICAL,A,3000,8.9,0.05,N,3,0
50669,29,60000,RENT,1.0,PERSONAL,A,3000,5.99,0.05,N,8,0
50670,27,42000,OWN,1.0,VENTURE,C,12000,13.48,0.29,Y,9,0
50671,23,49000,RENT,7.0,VENTURE,B,5000,12.42,0.1,N,4,0
50672,33,57000,MORTGAGE,2.0,MEDICAL,A,9600,5.42,0.17,N,5,0
50673,54,40000,RENT,0.0,PERSONAL,D,10000,16.0,0.25,N,24,1
50674,23,44000,RENT,7.0,DEBTCONSOLIDATION,D,16000,16.77,0.36,N,4,1
50675,40,62400,RENT,3.0,HOMEIMPROVEMENT,A,20000,7.88,0.32,N,11,1
50676,22,60000,RENT,6.0,MEDICAL,A,9000,7.29,0.15,N,3,0
50677,23,52000,MORTGAGE,7.0,VENTURE,B,13000,11.99,0.26,N,4,0
50678,21,24000,OWN,3.0,VENTURE,A,10000,8.9,0.42,N,3,0
50679,29,75000,RENT,13.0,MEDICAL,B,15000,11.89,0.2,N,5,0
50680,28,36000,RENT,0.0,MEDICAL,B,4000,11.11,0.11,N,7,0
50681,38,70000,MORTGAGE,5.0,MEDICAL,C,8500,13.61,0.12,Y,17,0
50682,26,75000,RENT,4.0,EDUCATION,A,10000,7.88,0.13,N,4,0
50683,30,125000,OWN,14.0,HOMEIMPROVEMENT,B,21000,11.11,0.17,N,9,0
50684,32,24000,MORTGAGE,16.0,MEDICAL,B,5400,10.65,0.23,N,7,0
50685,35,60000,MORTGAGE,4.0,PERSONAL,B,6000,11.48,0.1,N,8,1
50686,31,90000,MORTGAGE,9.0,VENTURE,B,25000,9.91,0.28,N,5,0
50687,31,50000,RENT,0.0,DEBTCONSOLIDATION,A,5000,8.94,0.1,N,6,0
50688,31,47000,RENT,5.0,DEBTCONSOLIDATION,A,6000,7.66,0.13,N,6,0
50689,26,54400,MORTGAGE,3.0,MEDICAL,D,3000,15.65,0.05,N,2,1
50690,22,65000,MORTGAGE,0.0,DEBTCONSOLIDATION,B,2500,10.99,0.04,N,4,0
50691,23,84000,MORTGAGE,0.0,EDUCATION,A,6000,5.42,0.07,N,3,0
50692,22,60000,MORTGAGE,2.0,EDUCATION,B,7500,10.59,0.13,N,2,0
50693,29,34000,MORTGAGE,0.0,EDUCATION,B,8400,10.36,0.24,N,7,0
50694,42,40000,OWN,27.0,VENTURE,C,6000,13.23,0.15,Y,12,0
50695,24,28800,MORTGAGE,1.0,VENTURE,B,5000,11.49,0.17,N,4,0
50696,32,73000,RENT,0.0,EDUCATION,D,8550,16.29,0.12,Y,6,1
50697,33,52256,RENT,7.0,VENTURE,D,4400,16.49,0.08,N,5,0
50698,28,30000,RENT,2.0,EDUCATION,D,12000,14.54,0.4,Y,6,1
50699,22,60000,MORTGAGE,6.0,EDUCATION,A,10800,6.03,0.18,N,3,0
50700,27,30000,RENT,2.0,MEDICAL,A,5000,7.51,0.17,N,10,0
50701,34,30000,RENT,0.0,VENTURE,D,4800,15.62,0.16,Y,7,1
50702,24,95000,MORTGAGE,8.0,PERSONAL,A,17000,7.49,0.18,N,3,0
50703,21,18000,RENT,0.0,DEBTCONSOLIDATION,C,1500,12.87,0.08,Y,2,0
50704,31,61200,RENT,15.0,HOMEIMPROVEMENT,C,16000,13.57,0.25,N,5,0
50705,44,50000,RENT,8.0,EDUCATION,A,20000,7.29,0.4,N,12,1
50706,23,135000,MORTGAGE,7.0,EDUCATION,A,4000,7.49,0.03,N,3,0
50707,23,46000,MORTGAGE,2.0,DEBTCONSOLIDATION,A,2500,6.39,0.05,N,3,0
50708,23,60000,OWN,5.0,EDUCATION,C,2000,15.27,0.03,Y,3,0
50709,23,90000,RENT,1.0,PERSONAL,C,12000,13.48,0.13,N,3,0
50710,45,70000,RENT,5.0,VENTURE,A,22000,7.88,0.29,N,11,0
50711,25,49000,MORTGAGE,7.0,MEDICAL,B,8250,11.49,0.17,N,4,0
50712,23,25000,MORTGAGE,3.0,VENTURE,B,3000,11.99,0.12,N,2,0
50713,24,42000,RENT,0.0,VENTURE,A,5000,6.92,0.12,N,2,0
50714,22,30000,RENT,6.0,DEBTCONSOLIDATION,C,10000,11.66,0.33,Y,3,1
50715,28,120000,MORTGAGE,11.0,MEDICAL,B,8000,11.49,0.07,N,9,0
50716,27,30000,RENT,1.0,EDUCATION,B,3000,11.49,0.1,N,6,0
50717,24,52000,RENT,5.0,VENTURE,C,6000,14.79,0.12,Y,4,0
50718,27,60000,RENT,0.0,VENTURE,C,12000,12.87,0.2,Y,7,0
50719,26,123000,MORTGAGE,10.0,DEBTCONSOLIDATION,D,24250,14.96,0.2,N,2,1
50720,39,48000,RENT,6.0,EDUCATION,C,4500,12.99,0.09,N,12,0
50721,22,64000,RENT,1.0,EDUCATION,E,17500,16.0,0.27,Y,4,0
50722,41,60000,MORTGAGE,21.0,EDUCATION,A,2500,6.03,0.04,N,15,0
50723,27,32000,RENT,11.0,MEDICAL,D,5000,14.91,0.16,Y,5,1
50724,25,50000,RENT,3.0,HOMEIMPROVEMENT,C,6000,13.8,0.12,Y,4,0
50725,32,70000,RENT,2.0,PERSONAL,A,18000,6.91,0.27,N,9,0
50726,44,95000,MORTGAGE,16.0,MEDICAL,A,10000,7.9,0.11,N,15,0
50727,22,41000,MORTGAGE,3.0,EDUCATION,A,2400,5.79,0.06,N,4,0
50728,38,33600,MORTGAGE,2.0,HOMEIMPROVEMENT,B,5000,10.65,0.15,N,16,0
50729,26,80400,RENT,3.0,DEBTCONSOLIDATION,B,7000,10.65,0.09,N,2,0
50730,24,82500,MORTGAGE,8.0,DEBTCONSOLIDATION,A,10000,5.79,0.12,N,3,0
50731,22,50000,RENT,0.0,EDUCATION,A,5000,6.92,0.1,N,4,0
50732,25,56004,MORTGAGE,9.0,VENTURE,A,6000,8.9,0.11,N,3,0
50733,28,50000,RENT,0.0,DEBTCONSOLIDATION,B,4500,11.89,0.09,N,6,0
50734,22,44000,RENT,1.0,DEBTCONSOLIDATION,E,4000,17.99,0.09,N,2,1
50735,22,54000,RENT,6.0,VENTURE,B,10000,11.99,0.19,N,3,1
50736,25,38000,RENT,2.0,MEDICAL,D,13000,15.7,0.34,Y,2,1
50737,27,48600,MORTGAGE,11.0,PERSONAL,B,6000,11.49,0.12,N,8,0
50738,27,35000,RENT,3.0,PERSONAL,B,13000,11.83,0.37,N,10,1
50739,33,38000,MORTGAGE,1.0,EDUCATION,A,6500,7.14,0.17,N,6,0
50740,23,34200,RENT,3.0,MEDICAL,C,5000,14.27,0.14,N,3,0
50741,27,70000,RENT,6.0,HOMEIMPROVEMENT,C,17000,13.22,0.24,N,7,0
50742,23,42000,MORTGAGE,7.0,VENTURE,D,15000,16.32,0.36,Y,3,0
50743,35,62500,RENT,2.0,VENTURE,C,3000,13.92,0.05,Y,7,0
50744,29,45600,MORTGAGE,3.0,VENTURE,B,1450,11.71,0.03,N,6,0
50745,24,130000,MORTGAGE,8.0,MEDICAL,B,24250,10.25,0.19,N,4,0
50746,22,42000,RENT,2.0,EDUCATION,B,6000,10.59,0.14,N,4,0
50747,25,90000,MORTGAGE,0.0,VENTURE,A,10000,5.79,0.11,N,2,0
50748,24,85248,RENT,0.0,PERSONAL,B,10000,9.99,0.12,N,4,0
50749,23,120000,MORTGAGE,7.0,EDUCATION,C,7000,13.06,0.06,Y,3,0
50750,44,55000,RENT,2.0,VENTURE,C,13000,14.65,0.24,N,11,0
50751,26,45000,MORTGAGE,10.0,MEDICAL,A,6600,7.88,0.14,N,2,0
50752,25,69000,MORTGAGE,9.0,HOMEIMPROVEMENT,B,12000,11.99,0.17,N,2,1
50753,34,37000,RENT,17.0,MEDICAL,B,5000,10.99,0.14,N,10,0
50754,22,33600,RENT,1.0,EDUCATION,D,2800,18.25,0.08,N,3,1
50755,24,70000,MORTGAGE,6.0,VENTURE,B,16000,11.49,0.23,N,3,0
50756,31,160000,RENT,3.0,HOMEIMPROVEMENT,D,6500,14.46,0.04,Y,6,0
50757,22,25000,MORTGAGE,6.0,VENTURE,B,6000,9.91,0.27,N,2,0
50758,23,24000,RENT,0.0,MEDICAL,B,5000,10.75,0.21,N,2,0
50759,27,39996,RENT,1.0,MEDICAL,C,4800,12.73,0.12,Y,7,0
50760,25,27720,RENT,1.0,DEBTCONSOLIDATION,C,6800,13.16,0.25,Y,2,0
50761,29,115000,MORTGAGE,7.0,PERSONAL,B,3250,11.86,0.27,N,5,0
50762,22,53196,MORTGAGE,6.0,VENTURE,B,2000,9.88,0.04,N,2,0
50763,25,45295,RENT,5.0,PERSONAL,B,19200,9.91,0.4,N,2,1
50764,23,36000,MORTGAGE,7.0,VENTURE,C,7500,14.79,0.21,Y,2,0
50765,30,50000,MORTGAGE,4.0,EDUCATION,B,7000,9.62,0.14,N,6,0
50766,31,109000,MORTGAGE,1.0,EDUCATION,A,20000,6.91,0.18,N,5,0
50767,34,65000,RENT,5.0,EDUCATION,B,5000,12.42,0.08,N,10,0
50768,24,60000,OWN,2.0,MEDICAL,B,2500,11.99,0.04,N,2,0
50769,24,60000,RENT,3.0,DEBTCONSOLIDATION,A,4000,8.9,0.07,N,3,0
50770,22,45000,RENT,1.0,EDUCATION,C,5000,12.73,0.11,Y,4,0
50771,24,59000,RENT,2.0,PERSONAL,C,16000,14.27,0.26,N,3,0
50772,22,50000,MORTGAGE,7.0,EDUCATION,A,3000,6.03,0.06,N,2,0
50773,27,30000,RENT,3.0,PERSONAL,B,4800,11.49,0.16,N,5,0
50774,21,27200,RENT,0.0,DEBTCONSOLIDATION,C,5000,13.49,0.18,Y,3,0
50775,37,60000,MORTGAGE,2.0,HOMEIMPROVEMENT,A,12000,8.49,0.2,N,17,0
50776,29,90000,MORTGAGE,4.0,PERSONAL,B,20000,12.53,0.22,N,7,0
50777,23,80000,RENT,5.0,DEBTCONSOLIDATION,A,15000,7.51,0.19,N,3,0
50778,31,40000,MORTGAGE,2.0,VENTURE,C,8000,13.22,0.2,N,10,0
50779,46,120000,MORTGAGE,0.0,EDUCATION,B,10000,11.14,0.08,N,16,0
50780,29,70000,RENT,4.0,PERSONAL,D,4000,16.29,0.06,N,7,0
50781,23,65000,MORTGAGE,7.0,VENTURE,A,10000,5.42,0.15,N,2,0
50782,22,47000,RENT,6.0,DEBTCONSOLIDATION,C,12000,12.68,0.26,N,2,0
50783,29,85000,RENT,0.0,MEDICAL,B,5000,11.71,0.06,N,9,0
50784,38,60000,MORTGAGE,0.0,PERSONAL,D,10000,16.89,0.17,N,11,0
50785,27,18000,RENT,0.0,EDUCATION,B,5500,11.86,0.31,N,8,1
50786,29,90000,MORTGAGE,8.0,EDUCATION,C,15000,13.61,0.17,N,10,0
50787,22,90000,RENT,3.0,EDUCATION,C,12000,13.49,0.13,N,3,0
50788,21,30000,RENT,2.0,PERSONAL,A,5000,7.51,0.17,N,2,0
50789,31,32496,RENT,4.0,EDUCATION,A,4500,9.63,0.14,N,6,0
50790,26,54000,RENT,0.0,HOMEIMPROVEMENT,C,8000,13.98,0.15,N,4,1
50791,22,66000,RENT,6.0,PERSONAL,A,5000,6.03,0.08,N,2,0
50792,24,35000,MORTGAGE,3.0,VENTURE,B,5000,11.12,0.14,N,2,0
50793,23,90000,RENT,4.0,MEDICAL,A,10000,7.49,0.11,N,4,0
50794,31,79900,RENT,15.0,MEDICAL,A,2500,6.54,0.03,N,7,1
50795,22,40000,RENT,6.0,EDUCATION,A,10000,5.79,0.25,N,3,0
50796,27,75744,RENT,1.0,MEDICAL,B,30000,9.91,0.38,N,10,1
50797,26,60000,MORTGAGE,10.0,PERSONAL,A,10000,7.9,0.17,N,4,0
50798,31,63000,MORTGAGE,15.0,VENTURE,B,5000,9.91,0.08,N,10,0
50799,60,60000,RENT,5.0,PERSONAL,B,10000,11.49,0.17,N,27,0
50800,33,100000,MORTGAGE,4.0,MEDICAL,A,18500,7.51,0.18,N,10,0
50801,21,60000,RENT,1.0,DEBTCONSOLIDATION,C,5500,13.79,0.09,Y,2,0
50802,26,104000,MORTGAGE,8.0,EDUCATION,B,5000,12.69,0.05,N,4,0
50803,21,45000,MORTGAGE,3.0,PERSONAL,D,1800,14.61,0.04,Y,4,0
50804,30,26400,RENT,0.0,DEBTCONSOLIDATION,C,4750,13.06,0.18,Y,8,0
50805,22,25591,RENT,5.0,PERSONAL,B,5000,10.65,0.2,N,4,0
50806,23,60000,MORTGAGE,0.0,EDUCATION,A,3000,7.49,0.05,N,2,0
50807,39,80000,RENT,0.0,PERSONAL,A,17000,7.9,0.21,N,12,0
50808,27,80000,RENT,0.0,EDUCATION,A,3600,7.74,0.04,N,8,0
50809,22,60000,MORTGAGE,6.0,VENTURE,A,14000,7.51,0.23,N,4,0
50810,37,60000,OWN,6.0,VENTURE,A,10000,7.49,0.17,N,14,0
50811,27,60000,MORTGAGE,11.0,DEBTCONSOLIDATION,A,10000,7.51,0.17,N,5,0
50812,21,30000,RENT,4.0,EDUCATION,B,2400,10.36,0.08,N,4,0
50813,30,240000,MORTGAGE,14.0,DEBTCONSOLIDATION,B,12000,11.99,0.05,N,5,0
50814,23,55000,RENT,7.0,EDUCATION,B,10500,11.48,0.19,N,4,0
50815,26,40000,RENT,2.0,VENTURE,A,12000,7.51,0.3,N,4,0
50816,23,65000,RENT,7.0,EDUCATION,C,7000,12.73,0.11,N,4,0
50817,30,50000,RENT,6.0,DEBTCONSOLIDATION,A,10000,7.14,0.2,N,10,0
50818,24,42000,RENT,2.0,EDUCATION,C,8000,14.35,0.19,Y,4,0
50819,28,36000,RENT,12.0,VENTURE,A,15000,6.62,0.42,N,7,1
50820,53,54000,RENT,3.0,MEDICAL,D,20000,14.96,0.37,Y,22,1
50821,34,38400,RENT,4.0,EDUCATION,D,10000,14.61,0.26,Y,9,0
50822,24,38400,RENT,8.0,PERSONAL,D,10000,15.37,0.26,Y,2,0
50823,28,76500,MORTGAGE,12.0,MEDICAL,D,25000,15.33,0.27,Y,7,1
50824,30,75000,MORTGAGE,14.0,PERSONAL,B,12000,11.83,0.16,N,5,0
50825,30,66000,MORTGAGE,15.0,HOMEIMPROVEMENT,C,6000,12.41,0.09,Y,6,1
50826,26,52000,RENT,0.0,PERSONAL,C,13200,13.16,0.26,N,3,0
50827,22,90000,RENT,2.0,VENTURE,A,12000,7.51,0.13,N,3,0
50828,30,29000,RENT,0.0,EDUCATION,A,10000,7.51,0.34,N,5,1
50829,28,80000,MORTGAGE,12.0,VENTURE,A,3000,5.42,0.04,N,7,0
50830,23,75000,MORTGAGE,7.0,EDUCATION,A,10000,5.79,0.13,N,2,0
50831,23,40800,RENT,4.0,MEDICAL,B,1800,11.49,0.04,N,2,0
50832,35,36000,RENT,1.0,MEDICAL,C,1200,13.49,0.03,N,5,0
50833,22,47000,RENT,2.0,VENTURE,A,6000,8.59,0.13,N,3,0
50834,25,125000,RENT,9.0,VENTURE,C,3000,12.87,0.02,N,2,0
50835,33,50000,MORTGAGE,4.0,DEBTCONSOLIDATION,B,4800,10.59,0.1,N,7,0
50836,24,51298,MORTGAGE,8.0,DEBTCONSOLIDATION,C,1000,13.49,0.02,Y,3,0
50837,25,50000,RENT,1.0,HOMEIMPROVEMENT,A,9000,6.03,0.18,N,2,0
50838,22,42769,RENT,2.0,DEBTCONSOLIDATION,C,2400,13.92,0.06,N,4,0
50839,28,60589,MORTGAGE,1.0,HOMEIMPROVEMENT,B,2650,11.49,0.04,N,8,0
50840,27,120000,RENT,0.0,HOMEIMPROVEMENT,B,2875,10.65,0.02,N,9,0
50841,23,50000,RENT,0.0,VENTURE,B,3000,10.65,0.06,N,2,0
50842,34,45600,RENT,0.0,MEDICAL,D,10000,14.11,0.22,Y,6,1
50843,26,65000,RENT,2.0,MEDICAL,B,9000,9.88,0.14,N,4,0
50844,22,72000,RENT,4.0,PERSONAL,E,7000,15.95,0.1,N,4,0
50845,22,30000,OWN,1.0,EDUCATION,B,7000,12.53,0.23,N,4,0
50846,29,42000,RENT,4.0,MEDICAL,B,11000,11.14,0.27,N,7,0
50847,22,50000,RENT,4.0,DEBTCONSOLIDATION,A,4000,7.88,0.08,N,3,0
50848,29,30000,RENT,2.0,MEDICAL,D,5500,16.07,0.18,N,8,1
50849,38,68000,MORTGAGE,7.0,DEBTCONSOLIDATION,A,12000,9.32,0.18,N,13,0
50850,27,40000,MORTGAGE,11.0,VENTURE,B,10000,10.95,0.25,N,9,0
50851,23,74000,MORTGAGE,7.0,EDUCATION,B,13500,10.62,0.18,N,3,0
50852,21,53000,RENT,2.0,DEBTCONSOLIDATION,A,5200,7.88,0.1,N,2,0
50853,37,100000,RENT,3.0,VENTURE,A,15000,9.63,0.15,N,12,0
50854,22,40000,RENT,3.0,MEDICAL,C,9000,13.49,0.23,Y,3,0
50855,44,48000,MORTGAGE,4.0,MEDICAL,B,10000,10.62,0.21,N,11,0
50856,23,66300,RENT,3.0,MEDICAL,A,30000,7.29,0.38,N,4,1
50857,22,60000,MORTGAGE,5.0,VENTURE,D,10000,16.49,0.17,N,2,0
50858,27,62352,RENT,6.0,MEDICAL,A,7450,6.76,0.12,N,10,0
50859,23,75000,MORTGAGE,5.0,VENTURE,D,20000,14.96,0.27,Y,2,0
50860,27,42000,RENT,4.0,MEDICAL,A,5000,5.79,0.12,N,10,0
50861,25,53004,MORTGAGE,3.0,DEBTCONSOLIDATION,A,17000,6.76,0.31,N,2,0
50862,24,170000,MORTGAGE,6.0,EDUCATION,B,18000,11.26,0.11,N,2,0
50863,26,30000,RENT,1.0,DEBTCONSOLIDATION,B,12000,11.71,0.4,N,2,1
50864,23,14400,RENT,0.0,MEDICAL,A,1500,7.29,0.1,N,3,0
50865,25,65004,RENT,1.0,MEDICAL,C,6000,12.87,0.09,N,4,0
50866,22,45176,RENT,1.0,DEBTCONSOLIDATION,B,12000,11.49,0.27,N,2,0
50867,26,50000,RENT,10.0,PERSONAL,A,5000,8.49,0.1,N,3,0
50868,29,43000,MORTGAGE,3.0,HOMEIMPROVEMENT,A,6500,5.79,0.16,N,6,0
50869,25,89000,MORTGAGE,9.0,PERSONAL,A,10000,7.88,0.11,N,3,0
50870,22,100000,MORTGAGE,6.0,DEBTCONSOLIDATION,A,10000,6.03,0.1,N,3,0
50871,28,70000,MORTGAGE,3.0,MEDICAL,C,5600,13.49,0.08,Y,7,0
50872,21,38500,RENT,0.0,EDUCATION,A,12800,8.9,0.33,N,3,1
50873,29,44000,MORTGAGE,2.0,HOMEIMPROVEMENT,B,7000,12.42,0.16,N,10,0
50874,23,125000,MORTGAGE,1.0,EDUCATION,A,10000,7.9,0.08,N,4,0
50875,22,60000,RENT,0.0,EDUCATION,A,12000,5.99,0.2,N,4,0
50876,29,36000,RENT,4.0,DEBTCONSOLIDATION,A,5500,7.51,0.15,N,10,0
50877,24,44000,RENT,1.0,DEBTCONSOLIDATION,D,20000,14.54,0.47,N,4,1
50878,34,90000,RENT,18.0,DEBTCONSOLIDATION,B,20000,10.99,0.22,N,5,0
50879,22,24000,RENT,0.0,EDUCATION,B,8000,11.12,0.33,N,4,1
50880,28,53000,MORTGAGE,12.0,HOMEIMPROVEMENT,B,12000,12.69,0.23,N,8,0
50881,36,60000,MORTGAGE,8.0,DEBTCONSOLIDATION,A,10000,6.92,0.17,N,14,0
50882,21,75000,MORTGAGE,5.0,VENTURE,A,7000,8.9,0.09,N,3,0
50883,27,39000,RENT,0.0,MEDICAL,D,4500,14.54,0.12,Y,6,1
50884,23,30000,RENT,4.0,EDUCATION,C,8400,12.68,0.28,N,3,0
50885,24,29112,MORTGAGE,8.0,EDUCATION,B,7000,9.99,0.24,N,2,0
50886,22,65000,MORTGAGE,6.0,EDUCATION,A,2400,5.79,0.04,N,4,0
50887,22,45240,OWN,6.0,VENTURE,B,4800,9.62,0.11,N,2,0
50888,25,75000,RENT,0.0,EDUCATION,B,8000,10.25,0.11,N,3,0
50889,30,75000,MORTGAGE,3.0,VENTURE,A,5600,6.99,0.07,N,6,0
50890,43,95000,MORTGAGE,4.0,MEDICAL,A,10000,5.79,0.11,N,13,0
50891,24,52000,MORTGAGE,8.0,EDUCATION,C,9000,13.85,0.17,N,4,0
50892,26,46464,RENT,5.0,DEBTCONSOLIDATION,B,6000,9.91,0.13,N,4,0
50893,36,71000,RENT,8.0,MEDICAL,B,6000,11.49,0.08,N,13,0
50894,24,74000,RENT,8.0,HOMEIMPROVEMENT,E,10000,16.45,0.14,Y,4,0
50895,24,95000,RENT,8.0,PERSONAL,C,4200,13.06,0.04,Y,3,0
50896,22,35000,OWN,3.0,VENTURE,A,3600,7.68,0.1,N,3,0
50897,26,96000,MORTGAGE,3.0,HOMEIMPROVEMENT,A,12000,7.42,0.13,N,3,0
50898,40,24449,OWN,2.0,EDUCATION,C,2000,12.84,0.08,Y,12,0
50899,29,30000,RENT,4.0,MEDICAL,A,5000,7.9,0.17,N,9,0
50900,33,65000,RENT,2.0,HOMEIMPROVEMENT,A,4000,7.88,0.06,N,9,0
50901,27,76268,MORTGAGE,2.0,DEBTCONSOLIDATION,B,18000,10.36,0.24,N,8,0
50902,33,80000,MORTGAGE,3.0,HOMEIMPROVEMENT,B,15000,11.99,0.19,N,6,0
50903,21,30000,RENT,3.0,EDUCATION,B,6300,10.75,0.21,N,2,0
50904,36,109000,MORTGAGE,11.0,PERSONAL,A,16000,5.42,0.15,N,14,0
50905,30,40720,MORTGAGE,5.0,PERSONAL,C,8000,13.49,0.2,N,6,0
50906,29,64000,RENT,3.0,MEDICAL,B,6000,10.59,0.09,N,8,0
50907,23,60000,MORTGAGE,8.0,PERSONAL,A,8000,5.79,0.13,N,3,0
50908,29,60000,RENT,3.0,HOMEIMPROVEMENT,C,10000,13.57,0.17,Y,10,0
50909,22,45000,MORTGAGE,6.0,MEDICAL,B,14750,9.88,0.33,N,3,0
50910,22,30000,MORTGAGE,6.0,PERSONAL,A,3000,8.9,0.1,N,3,0
50911,23,38000,RENT,3.0,PERSONAL,C,10000,13.49,0.26,N,3,0
50912,21,52000,MORTGAGE,5.0,VENTURE,A,16000,7.9,0.31,N,4,0
50913,25,50000,OWN,5.0,VENTURE,B,4000,10.0,0.08,N,4,0
50914,21,70000,MORTGAGE,5.0,VENTURE,A,12000,7.51,0.17,N,4,0
50915,22,70000,RENT,1.0,MEDICAL,A,3000,5.42,0.04,N,2,0
50916,29,92000,MORTGAGE,2.0,VENTURE,A,10000,5.42,0.11,N,7,0
50917,21,40000,RENT,1.0,DEBTCONSOLIDATION,A,8000,7.9,0.2,N,4,0
50918,23,35000,RENT,0.0,EDUCATION,B,5500,11.83,0.16,N,3,0
50919,24,40000,MORTGAGE,3.0,PERSONAL,B,12000,9.88,0.3,N,3,0
50920,28,84996,MORTGAGE,7.0,EDUCATION,A,10000,8.32,0.12,N,6,0
50921,24,57440,OWN,8.0,VENTURE,B,3000,11.49,0.05,N,4,0
50922,29,65000,RENT,2.0,EDUCATION,B,15000,10.0,0.23,N,6,0
50923,24,98000,MORTGAGE,3.0,HOMEIMPROVEMENT,B,6000,11.49,0.06,N,2,0
50924,23,50000,MORTGAGE,0.0,EDUCATION,A,3600,7.29,0.07,N,2,0
50925,23,52000,MORTGAGE,7.0,EDUCATION,A,6000,6.62,0.12,N,3,0
50926,29,70392,MORTGAGE,13.0,DEBTCONSOLIDATION,B,1500,9.76,0.02,N,9,0
50927,21,35000,RENT,4.0,MEDICAL,D,7000,15.65,0.2,N,2,1
50928,22,41000,RENT,6.0,VENTURE,A,6000,7.9,0.15,N,4,0
50929,40,72000,RENT,3.0,PERSONAL,C,12000,14.27,0.17,Y,15,0
50930,34,110000,RENT,3.0,VENTURE,B,10000,10.99,0.09,N,9,0
50931,26,28800,RENT,2.0,VENTURE,B,12250,9.99,0.43,N,2,1
50932,39,60000,RENT,2.0,PERSONAL,D,4000,14.84,0.07,N,14,1
50933,27,84000,MORTGAGE,11.0,HOMEIMPROVEMENT,D,9000,16.0,0.1,N,10,0
50934,21,35000,RENT,5.0,PERSONAL,A,8000,7.51,0.23,N,3,0
50935,26,45344,MORTGAGE,11.0,EDUCATION,E,16750,17.56,0.37,N,2,0
50936,28,70000,MORTGAGE,0.0,EDUCATION,B,20000,9.45,0.29,N,10,0
50937,33,66420,RENT,5.0,PERSONAL,D,10000,14.11,0.15,N,6,0
50938,32,38400,RENT,0.0,DEBTCONSOLIDATION,B,12000,10.38,0.31,N,9,1
50939,23,32000,MORTGAGE,7.0,MEDICAL,C,8000,13.48,0.25,N,4,1
50940,24,50000,RENT,1.0,HOMEIMPROVEMENT,A,5000,6.54,0.1,N,2,0
50941,27,63000,RENT,11.0,HOMEIMPROVEMENT,C,4000,13.49,0.06,Y,7,0
50942,51,110000,MORTGAGE,3.0,PERSONAL,A,10000,7.88,0.09,N,18,0
50943,35,44908,RENT,5.0,MEDICAL,C,5000,14.26,0.11,Y,4,0
50944,27,120000,MORTGAGE,1.0,DEBTCONSOLIDATION,B,14000,9.91,0.12,N,5,0
50945,30,50000,OWN,0.0,PERSONAL,D,6000,14.96,0.12,Y,6,0
50946,23,30000,RENT,3.0,PERSONAL,B,7000,10.59,0.23,N,3,0
50947,26,92500,RENT,1.0,MEDICAL,B,12000,11.36,0.13,N,4,0
50948,29,59004,OWN,3.0,VENTURE,A,10000,7.49,0.17,N,6,0
50949,25,32000,RENT,5.0,MEDICAL,A,8000,7.29,0.25,N,4,0
50950,29,65000,MORTGAGE,1.0,VENTURE,B,12000,9.91,0.18,N,7,0
50951,31,70000,RENT,15.0,DEBTCONSOLIDATION,B,11000,9.91,0.16,N,10,1
50952,37,24000,OWN,4.0,MEDICAL,C,9000,13.16,0.38,N,11,1
50953,30,40000,RENT,3.0,DEBTCONSOLIDATION,C,2000,14.27,0.05,Y,8,0
50954,22,34800,RENT,2.0,MEDICAL,B,5000,11.71,0.14,N,2,0
50955,25,30000,RENT,3.0,EDUCATION,A,3000,8.94,0.1,N,3,0
50956,27,60000,RENT,4.0,PERSONAL,C,10000,13.49,0.17,Y,8,0
50957,22,62000,MORTGAGE,6.0,EDUCATION,C,8400,13.49,0.14,Y,4,0
50958,22,35000,RENT,4.0,EDUCATION,C,5000,13.43,0.14,Y,4,0
50959,35,105000,MORTGAGE,4.0,HOMEIMPROVEMENT,C,12000,13.49,0.11,Y,9,0
50960,22,42000,OWN,4.0,EDUCATION,D,2500,15.62,0.06,Y,2,0
50961,53,35000,RENT,1.0,DEBTCONSOLIDATION,B,10000,10.65,0.29,N,22,0
50962,29,32000,RENT,2.0,DEBTCONSOLIDATION,C,3000,14.27,0.09,N,9,1
50963,25,55000,RENT,9.0,VENTURE,B,12000,10.65,0.22,N,4,0
50964,23,72000,MORTGAGE,7.0,MEDICAL,A,10000,5.99,0.14,N,3,0
50965,27,220836,RENT,4.0,PERSONAL,A,9000,8.49,0.04,N,6,0
50966,29,105000,MORTGAGE,3.0,VENTURE,B,12000,10.65,0.11,N,7,0
50967,21,30000,RENT,5.0,MEDICAL,A,4500,5.79,0.15,N,3,0
50968,22,83000,RENT,6.0,DEBTCONSOLIDATION,B,7500,11.12,0.09,N,2,0
50969,27,45000,MORTGAGE,2.0,MEDICAL,A,4325,6.99,0.1,N,10,0
50970,22,35000,RENT,0.0,EDUCATION,B,3500,11.48,0.1,N,4,0
50971,23,90000,RENT,7.0,VENTURE,B,12000,10.74,0.13,N,3,0
50972,23,80000,RENT,2.0,DEBTCONSOLIDATION,C,16000,13.85,0.2,Y,4,0
50973,36,60000,MORTGAGE,18.0,EDUCATION,B,5000,10.65,0.08,N,17,0
50974,23,37200,RENT,6.0,EDUCATION,C,10000,14.27,0.27,Y,2,1
50975,21,43080,RENT,3.0,PERSONAL,A,10000,7.43,0.23,N,4,0
50976,25,25000,MORTGAGE,9.0,PERSONAL,A,1000,7.4,0.04,N,4,0
50977,42,70000,RENT,4.0,EDUCATION,B,8000,10.37,0.11,N,11,0
50978,40,180000,MORTGAGE,8.0,EDUCATION,B,14000,11.99,0.08,N,11,0
50979,27,60000,RENT,1.0,VENTURE,B,10000,12.42,0.17,N,10,0
50980,24,54996,MORTGAGE,7.0,PERSONAL,B,12000,11.11,0.22,N,2,0
50981,22,45000,MORTGAGE,6.0,DEBTCONSOLIDATION,A,6000,6.03,0.13,N,3,0
50982,34,80000,RENT,4.0,HOMEIMPROVEMENT,C,4800,14.27,0.06,Y,10,0
50983,37,43000,RENT,1.0,PERSONAL,A,2400,9.32,0.06,N,13,0
50984,25,110000,MORTGAGE,5.0,HOMEIMPROVEMENT,B,12000,10.65,0.11,N,4,0
50985,25,120000,MORTGAGE,9.0,EDUCATION,C,16000,13.06,0.13,N,4,0
50986,30,70000,MORTGAGE,15.0,PERSONAL,A,12250,7.51,0.17,N,5,0
50987,24,72000,MORTGAGE,8.0,DEBTCONSOLIDATION,A,15000,7.9,0.21,N,3,0
50988,38,82000,RENT,2.0,HOMEIMPROVEMENT,B,5000,11.99,0.06,N,12,0
50989,22,33000,RENT,0.0,PERSONAL,B,5000,10.0,0.15,N,3,0
50990,23,42000,RENT,5.0,VENTURE,A,8000,6.54,0.19,N,4,0
50991,23,70000,RENT,5.0,EDUCATION,B,4000,10.25,0.06,N,2,0
50992,28,60000,RENT,0.0,HOMEIMPROVEMENT,C,10000,13.49,0.17,Y,6,0
50993,28,70000,RENT,3.0,VENTURE,A,4000,7.74,0.06,N,8,0
50994,23,63000,RENT,2.0,DEBTCONSOLIDATION,C,4500,14.35,0.07,Y,3,0
50995,22,47000,MORTGAGE,1.0,EDUCATION,A,9000,8.94,0.19,N,3,0
50996,36,170000,RENT,0.0,MEDICAL,B,18000,11.11,0.11,N,13,0
50997,27,25000,MORTGAGE,2.0,HOMEIMPROVEMENT,B,3250,10.99,0.13,N,10,0
50998,34,72000,MORTGAGE,6.0,DEBTCONSOLIDATION,A,18000,7.9,0.24,N,5,0
50999,32,46800,RENT,16.0,EDUCATION,B,9000,10.74,0.19,N,8,0
51000,23,35000,RENT,7.0,EDUCATION,C,10000,13.48,0.29,Y,3,0
51001,26,60000,MORTGAGE,8.0,PERSONAL,A,5000,6.03,0.08,N,2,0
51002,22,69996,RENT,4.0,VENTURE,A,10000,9.63,0.14,N,4,0
51003,22,40000,RENT,6.0,MEDICAL,B,10000,10.99,0.25,N,3,0
51004,22,49000,MORTGAGE,6.0,EDUCATION,B,12000,10.99,0.24,N,3,0
51005,22,24000,RENT,3.0,MEDICAL,A,6000,7.14,0.25,N,3,0
51006,44,122000,MORTGAGE,13.0,HOMEIMPROVEMENT,C,10000,13.23,0.08,N,13,0
51007,24,52800,RENT,4.0,EDUCATION,B,5600,10.99,0.11,N,4,0
51008,27,60000,RENT,11.0,DEBTCONSOLIDATION,A,6000,5.99,0.1,N,6,0
51009,31,60000,MORTGAGE,3.0,MEDICAL,A,18000,5.79,0.3,N,8,0
51010,33,88000,MORTGAGE,2.0,EDUCATION,B,7600,11.28,0.09,N,8,1
51011,25,44004,RENT,1.0,MEDICAL,E,12000,16.45,0.27,N,3,1
51012,23,99996,RENT,0.0,PERSONAL,A,10000,7.14,0.1,N,3,0
51013,34,27000,RENT,2.0,VENTURE,D,2400,15.57,0.09,N,7,1
51014,25,57200,MORTGAGE,3.0,PERSONAL,A,9000,7.49,0.16,N,4,0
51015,26,70000,MORTGAGE,4.0,DEBTCONSOLIDATION,D,8000,17.49,0.11,N,3,1
51016,27,60000,RENT,3.0,PERSONAL,D,9000,15.31,0.15,Y,7,0
51017,23,42000,OWN,7.0,EDUCATION,B,15000,11.99,0.36,N,2,0
51018,35,95000,MORTGAGE,4.0,HOMEIMPROVEMENT,A,4000,6.62,0.04,N,10,0
51019,28,57000,RENT,1.0,EDUCATION,B,3000,9.99,0.05,N,8,0
51020,33,100000,MORTGAGE,8.0,EDUCATION,B,24250,10.62,0.24,N,9,0
51021,31,28000,RENT,5.0,MEDICAL,B,8400,10.99,0.31,N,7,1
51022,28,51540,MORTGAGE,12.0,PERSONAL,A,20000,7.51,0.37,N,9,0
51023,22,55000,RENT,0.0,EDUCATION,A,13000,7.88,0.24,N,4,0
51024,33,58000,RENT,17.0,MEDICAL,A,8000,6.62,0.14,N,9,0
51025,27,63500,RENT,0.0,HOMEIMPROVEMENT,B,3200,12.21,0.05,N,10,0
51026,26,24000,RENT,9.0,EDUCATION,B,6000,11.49,0.25,N,2,0
51027,22,33000,RENT,4.0,DEBTCONSOLIDATION,D,16000,14.09,0.48,N,4,1
51028,40,25000,RENT,2.0,PERSONAL,A,5475,6.62,0.22,N,14,0
51029,37,24000,RENT,1.0,MEDICAL,B,2000,9.91,0.08,N,16,0
51030,24,56000,RENT,4.0,EDUCATION,C,13000,13.57,0.24,Y,3,0
51031,27,45000,MORTGAGE,6.0,MEDICAL,A,5000,6.99,0.11,N,10,0
51032,29,34560,RENT,1.0,DEBTCONSOLIDATION,D,5000,14.09,0.14,N,7,1
51033,23,100000,RENT,2.0,DEBTCONSOLIDATION,A,5000,7.66,0.05,N,2,0
51034,25,70000,MORTGAGE,6.0,VENTURE,B,8000,9.63,0.11,N,4,0
51035,23,38000,RENT,0.0,VENTURE,A,9600,7.49,0.25,N,3,0
51036,24,118300,RENT,3.0,VENTURE,C,15000,13.98,0.13,N,3,0
51037,29,89849,MORTGAGE,2.0,PERSONAL,C,6000,13.98,0.07,Y,7,0
51038,25,54000,MORTGAGE,9.0,PERSONAL,C,6000,15.23,0.11,Y,2,0
51039,30,46000,RENT,3.0,MEDICAL,A,5000,8.0,0.11,N,10,0
51040,36,30000,RENT,0.0,EDUCATION,E,5000,16.4,0.17,N,17,1
51041,22,71400,RENT,3.0,PERSONAL,C,5000,12.99,0.07,N,4,0
51042,34,110000,MORTGAGE,3.0,MEDICAL,A,5000,6.92,0.05,N,10,0
51043,27,33600,RENT,5.0,EDUCATION,A,9000,7.14,0.27,N,9,0
51044,29,180000,MORTGAGE,1.0,EDUCATION,A,20000,8.9,0.11,N,8,0
51045,24,56000,MORTGAGE,3.0,MEDICAL,B,4750,10.08,0.09,N,4,0
51046,21,62500,RENT,2.0,PERSONAL,C,13200,13.49,0.2,N,3,0
51047,25,75000,MORTGAGE,9.0,DEBTCONSOLIDATION,C,10000,13.49,0.13,Y,2,0
51048,30,78200,MORTGAGE,10.0,MEDICAL,A,21600,7.9,0.25,N,5,0
51049,22,108000,RENT,5.0,VENTURE,B,10000,11.71,0.09,N,4,0
51050,27,51000,OWN,4.0,HOMEIMPROVEMENT,A,12000,7.51,0.24,N,9,0
51051,21,25000,MORTGAGE,5.0,PERSONAL,A,9000,6.03,0.36,N,3,0
51052,24,67000,RENT,0.0,DEBTCONSOLIDATION,A,3600,7.51,0.05,N,3,0
51053,34,50000,RENT,3.0,PERSONAL,B,5000,9.88,0.1,N,8,0
51054,25,75000,MORTGAGE,4.0,PERSONAL,D,25000,15.99,0.33,N,2,0
51055,47,60000,RENT,2.0,EDUCATION,C,5000,14.22,0.08,Y,17,1
51056,22,100000,MORTGAGE,6.0,EDUCATION,A,8000,7.88,0.08,N,2,0
51057,58,13200,RENT,2.0,VENTURE,D,7000,8.49,0.54,N,21,1
51058,26,65000,MORTGAGE,7.0,HOMEIMPROVEMENT,B,7000,9.91,0.11,N,3,0
51059,28,65000,RENT,3.0,VENTURE,A,20000,7.9,0.31,N,5,1
51060,22,48000,RENT,0.0,EDUCATION,A,1000,7.88,0.02,N,3,0
51061,22,16400,OWN,3.0,VENTURE,C,2750,15.27,0.16,Y,4,0
51062,27,54000,RENT,3.0,DEBTCONSOLIDATION,D,5000,14.96,0.09,Y,5,1
51063,24,30000,RENT,5.0,DEBTCONSOLIDATION,C,3000,12.68,0.1,Y,3,0
51064,50,120000,MORTGAGE,4.0,MEDICAL,A,12000,7.51,0.1,N,12,0
51065,32,54000,RENT,17.0,VENTURE,A,9000,8.49,0.16,N,7,0
51066,22,85000,MORTGAGE,2.0,EDUCATION,A,15000,7.88,0.18,N,3,0
51067,22,70000,RENT,6.0,EDUCATION,B,12500,11.49,0.19,N,2,0
51068,22,52000,RENT,2.0,DEBTCONSOLIDATION,C,9000,12.84,0.17,N,3,0
51069,24,40000,RENT,3.0,MEDICAL,B,3000,9.25,0.07,N,4,0
51070,24,60000,RENT,8.0,VENTURE,B,10000,9.88,0.17,N,2,0
51071,32,84456,RENT,5.0,EDUCATION,B,10000,10.0,0.12,N,5,0
51072,22,48000,RENT,3.0,EDUCATION,B,5000,10.25,0.1,N,2,0
51073,27,100000,RENT,5.0,VENTURE,A,12000,7.51,0.12,N,8,0
51074,26,48996,MORTGAGE,5.0,EDUCATION,A,5000,7.88,0.1,N,3,0
51075,21,30000,MORTGAGE,5.0,PERSONAL,A,3000,6.03,0.1,N,4,0
51076,22,48996,MORTGAGE,0.0,PERSONAL,C,5000,13.79,0.1,Y,2,0
51077,22,42000,MORTGAGE,5.0,EDUCATION,A,11350,6.62,0.27,N,4,0
51078,22,65000,MORTGAGE,6.0,EDUCATION,B,22000,11.71,0.34,N,2,0
51079,28,60000,MORTGAGE,7.0,EDUCATION,C,7500,13.23,0.13,Y,10,0
51080,23,60000,MORTGAGE,0.0,DEBTCONSOLIDATION,C,2000,13.35,0.03,Y,3,0
51081,34,48000,RENT,2.0,PERSONAL,B,15000,11.36,0.31,N,5,1
51082,22,60000,RENT,4.0,DEBTCONSOLIDATION,D,10000,14.54,0.17,Y,4,1
51083,25,64000,RENT,3.0,HOMEIMPROVEMENT,D,22000,17.58,0.37,N,3,1
51084,26,35000,RENT,5.0,VENTURE,C,13400,13.06,0.38,N,3,1
51085,31,95000,RENT,1.0,MEDICAL,B,4000,10.65,0.04,N,10,0
51086,26,70000,RENT,0.0,HOMEIMPROVEMENT,A,8400,6.91,0.12,N,3,0
51087,23,140000,MORTGAGE,3.0,EDUCATION,B,18000,10.65,0.13,N,4,0
51088,31,84000,RENT,5.0,VENTURE,B,8000,11.71,0.1,N,5,0
51089,23,70000,RENT,2.0,MEDICAL,B,10000,10.65,0.14,N,4,0
51090,45,130000,MORTGAGE,14.0,EDUCATION,A,12000,7.49,0.09,N,12,0
51091,26,70000,OWN,3.0,HOMEIMPROVEMENT,C,3825,13.43,0.05,N,2,0
51092,29,42000,RENT,1.0,VENTURE,D,5000,14.96,0.12,Y,9,1
51093,25,70000,MORTGAGE,7.0,DEBTCONSOLIDATION,A,5000,8.9,0.07,N,3,0
51094,22,45000,RENT,2.0,EDUCATION,A,7500,5.43,0.17,N,4,0
51095,23,80000,RENT,1.0,MEDICAL,B,2000,10.36,0.03,N,3,0
51096,23,60000,MORTGAGE,0.0,EDUCATION,B,10000,11.71,0.17,N,3,0
51097,32,135000,MORTGAGE,3.0,HOMEIMPROVEMENT,A,14000,6.03,0.11,N,6,0
51098,23,43000,RENT,5.0,VENTURE,B,10000,10.65,0.24,N,3,0
51099,30,40000,OWN,0.0,EDUCATION,A,9000,7.74,0.23,N,5,0
51100,24,42000,RENT,3.0,MEDICAL,B,5000,11.49,0.12,N,2,0
51101,23,75000,MORTGAGE,5.0,EDUCATION,F,14000,18.53,0.19,N,4,0
51102,24,48000,RENT,2.0,EDUCATION,B,7000,9.25,0.15,N,2,0
51103,27,39000,RENT,4.0,EDUCATION,D,15000,12.17,0.38,N,9,1
51104,34,39270,MORTGAGE,3.0,EDUCATION,C,7500,12.84,0.19,Y,10,0
51105,39,70000,MORTGAGE,19.0,MEDICAL,C,1800,14.27,0.03,N,17,0
51106,22,35100,RENT,4.0,DEBTCONSOLIDATION,D,9400,16.07,0.27,Y,2,1
51107,42,65028,MORTGAGE,4.0,EDUCATION,D,10000,13.55,0.15,N,12,1
51108,22,75000,MORTGAGE,6.0,VENTURE,B,15000,9.91,0.2,N,3,0
51109,24,40000,RENT,1.0,DEBTCONSOLIDATION,A,7000,8.59,0.17,N,3,0
51110,24,33000,RENT,4.0,MEDICAL,B,5000,10.95,0.15,N,2,0
51111,31,125000,MORTGAGE,5.0,EDUCATION,B,24000,10.99,0.19,N,5,0
51112,24,102000,MORTGAGE,9.0,VENTURE,B,20000,11.48,0.2,N,3,0
51113,25,40000,MORTGAGE,5.0,HOMEIMPROVEMENT,C,4000,13.48,0.1,N,4,0
51114,24,56000,MORTGAGE,8.0,PERSONAL,B,16750,10.95,0.3,N,2,0
51115,53,70000,MORTGAGE,6.0,PERSONAL,B,4000,12.69,0.06,N,22,0
51116,24,105000,OTHER,6.0,PERSONAL,B,7000,12.21,0.07,N,3,0
51117,23,120000,RENT,7.0,EDUCATION,B,10000,10.0,0.08,N,3,0
51118,26,120000,MORTGAGE,10.0,DEBTCONSOLIDATION,A,6000,7.68,0.05,N,4,0
51119,27,49200,MORTGAGE,11.0,VENTURE,A,6000,7.9,0.12,N,7,1
51120,25,27000,OWN,9.0,EDUCATION,C,5000,13.49,0.19,N,4,0
51121,25,100000,MORTGAGE,0.0,MEDICAL,C,12000,12.87,0.12,N,2,0
51122,53,49200,RENT,1.0,PERSONAL,B,4800,10.65,0.1,N,23,0
51123,25,52692,MORTGAGE,9.0,PERSONAL,B,4500,9.63,0.09,N,4,0
51124,28,80000,MORTGAGE,2.0,VENTURE,B,15000,10.37,0.19,N,7,0
51125,25,25000,RENT,0.0,HOMEIMPROVEMENT,A,7000,7.74,0.28,N,4,0
51126,28,85000,RENT,3.0,EDUCATION,B,20000,9.88,0.24,N,5,0
51127,25,52000,OWN,3.0,EDUCATION,A,5000,7.9,0.1,N,2,0
51128,27,21600,OWN,0.0,VENTURE,A,5300,7.49,0.25,N,7,0
51129,27,40000,RENT,1.0,DEBTCONSOLIDATION,C,10000,13.22,0.25,N,7,0
51130,22,75000,OWN,0.0,VENTURE,C,10000,13.47,0.13,N,2,0
51131,29,60000,MORTGAGE,7.0,VENTURE,A,7200,6.62,0.12,N,8,0
51132,23,29000,RENT,7.0,DEBTCONSOLIDATION,A,14000,5.42,0.48,N,3,1
51133,23,101000,MORTGAGE,7.0,VENTURE,A,12000,7.88,0.12,N,2,0
51134,37,70000,MORTGAGE,5.0,EDUCATION,B,15000,10.99,0.21,N,17,0
51135,33,38000,MORTGAGE,2.0,PERSONAL,A,5000,6.99,0.13,N,9,0
51136,26,63000,RENT,0.0,DEBTCONSOLIDATION,A,15000,8.94,0.24,N,2,0
51137,22,48000,RENT,5.0,EDUCATION,C,10000,13.49,0.21,Y,4,0
51138,38,92500,RENT,1.0,DEBTCONSOLIDATION,C,8000,12.68,0.09,N,14,0
51139,34,119004,RENT,1.0,MEDICAL,B,4000,10.75,0.03,N,10,0
51140,25,46000,RENT,2.0,MEDICAL,A,8000,6.17,0.17,N,2,0
51141,27,100000,RENT,11.0,MEDICAL,A,12000,7.14,0.12,N,5,0
51142,25,75000,MORTGAGE,6.0,EDUCATION,A,12000,5.99,0.16,N,4,0
51143,23,58000,MORTGAGE,8.0,MEDICAL,A,6400,6.99,0.11,N,3,0
51144,38,22800,RENT,0.0,VENTURE,D,7000,14.61,0.31,N,16,1
51145,28,65000,MORTGAGE,0.0,HOMEIMPROVEMENT,D,8000,16.32,0.12,Y,5,0
51146,26,141000,MORTGAGE,10.0,HOMEIMPROVEMENT,E,18000,17.93,0.13,Y,3,0
51147,22,35000,RENT,2.0,VENTURE,A,5500,7.9,0.15,N,3,0
51148,25,60000,MORTGAGE,5.0,EDUCATION,A,12000,6.03,0.2,N,2,0
51149,26,175000,RENT,2.0,HOMEIMPROVEMENT,B,6000,11.12,0.03,N,2,0
51150,25,44000,RENT,4.0,HOMEIMPROVEMENT,C,8000,14.72,0.18,Y,3,1
51151,28,50000,RENT,2.0,EDUCATION,A,3000,7.4,0.06,N,8,0
51152,28,140000,RENT,7.0,EDUCATION,F,25000,15.83,0.18,N,9,0
51153,27,50000,MORTGAGE,0.0,EDUCATION,B,6000,10.59,0.12,N,8,0
51154,24,50000,RENT,7.0,HOMEIMPROVEMENT,B,10000,12.69,0.2,N,2,0
51155,34,92000,MORTGAGE,18.0,VENTURE,B,12000,11.26,0.13,N,4,0
51156,36,60000,MORTGAGE,9.0,HOMEIMPROVEMENT,C,8000,13.49,0.13,Y,16,0
51157,24,88000,MORTGAGE,0.0,HOMEIMPROVEMENT,B,12925,11.83,0.14,N,3,1
51158,27,89000,RENT,6.0,EDUCATION,B,8000,10.99,0.09,N,6,0
51159,27,58979,RENT,4.0,DEBTCONSOLIDATION,C,1800,13.35,0.03,Y,5,0
51160,22,140000,MORTGAGE,7.0,DEBTCONSOLIDATION,A,24000,7.88,0.17,N,2,0
51161,31,65000,RENT,4.0,PERSONAL,A,12000,6.03,0.18,N,8,0
51162,22,140000,MORTGAGE,6.0,VENTURE,B,16000,11.14,0.11,N,2,0
51163,22,51996,RENT,6.0,PERSONAL,A,1600,7.43,0.03,N,4,0
51164,43,35000,RENT,0.0,MEDICAL,A,2100,5.42,0.06,N,17,0
51165,22,40000,RENT,3.0,EDUCATION,C,10000,13.49,0.25,N,2,0
51166,22,60000,RENT,6.0,EDUCATION,C,7000,13.99,0.12,N,2,0
51167,36,90000,MORTGAGE,2.0,MEDICAL,B,15000,9.99,0.17,N,16,0
51168,24,75000,RENT,4.0,HOMEIMPROVEMENT,A,4200,7.29,0.06,N,4,0
51169,23,110000,MORTGAGE,0.0,EDUCATION,A,14000,6.62,0.13,N,2,0
51170,27,58000,RENT,0.0,VENTURE,B,9500,9.91,0.16,N,10,0
51171,23,48000,RENT,0.0,EDUCATION,B,2400,12.69,0.05,N,3,0
51172,27,85000,OWN,3.0,HOMEIMPROVEMENT,B,18000,10.25,0.21,N,10,0
51173,25,174000,RENT,0.0,VENTURE,C,16000,12.87,0.09,Y,3,0
51174,49,37000,RENT,4.0,PERSONAL,B,16000,11.71,0.43,N,15,1
51175,39,60000,RENT,7.0,MEDICAL,C,6000,13.49,0.1,N,14,0
51176,27,90000,MORTGAGE,5.0,VENTURE,B,10000,9.91,0.11,N,6,0
51177,23,60000,RENT,2.0,EDUCATION,B,3000,12.53,0.05,N,4,0
51178,25,36000,RENT,5.0,VENTURE,B,14750,11.14,0.41,N,3,1
51179,24,35400,OWN,8.0,EDUCATION,A,9600,6.03,0.27,N,4,0
51180,28,125004,RENT,0.0,VENTURE,B,18000,11.48,0.14,N,5,0
51181,43,30000,OWN,4.0,PERSONAL,A,9000,9.63,0.3,N,14,0
51182,25,55000,MORTGAGE,2.0,HOMEIMPROVEMENT,B,15000,10.99,0.27,N,2,0
51183,50,85000,MORTGAGE,2.0,VENTURE,C,5000,13.99,0.06,Y,15,0
51184,29,80400,MORTGAGE,13.0,MEDICAL,A,8000,7.14,0.1,N,6,0
51185,29,60000,MORTGAGE,4.0,HOMEIMPROVEMENT,A,8000,7.14,0.13,N,7,0
51186,29,50000,RENT,5.0,MEDICAL,B,4800,12.42,0.1,N,10,0
51187,23,60000,RENT,4.0,EDUCATION,A,4000,8.94,0.07,N,3,0
51188,30,175000,RENT,0.0,PERSONAL,B,15000,9.62,0.09,Y,7,0
51189,25,120000,MORTGAGE,9.0,PERSONAL,A,15000,7.66,0.13,N,2,0
51190,43,85000,MORTGAGE,2.0,PERSONAL,A,6000,5.42,0.07,N,14,0
51191,22,40000,RENT,2.0,DEBTCONSOLIDATION,B,4000,11.71,0.1,N,3,0
51192,27,50000,RENT,0.0,DEBTCONSOLIDATION,A,8500,9.63,0.17,N,6,0
51193,23,58000,MORTGAGE,4.0,PERSONAL,A,16700,7.51,0.27,N,4,0
51194,25,45000,MORTGAGE,0.0,PERSONAL,A,2000,7.49,0.05,N,2,0
51195,52,78000,MORTGAGE,2.0,PERSONAL,A,12000,6.62,0.15,N,26,0
51196,22,26000,RENT,4.0,MEDICAL,A,1200,7.29,0.05,N,3,0
51197,29,60000,MORTGAGE,9.0,HOMEIMPROVEMENT,C,8400,12.98,0.14,N,7,0
51198,23,60500,RENT,2.0,DEBTCONSOLIDATION,D,10000,16.29,0.17,N,2,1
51199,26,50000,RENT,3.0,HOMEIMPROVEMENT,C,20000,13.49,0.4,N,4,1
51200,35,55000,MORTGAGE,4.0,HOMEIMPROVEMENT,B,15000,10.38,0.27,N,6,0
51201,25,58125,RENT,2.0,DEBTCONSOLIDATION,B,6000,10.25,0.1,N,3,0
51202,22,50000,RENT,4.0,PERSONAL,D,15000,15.99,0.3,Y,2,1
51203,27,50000,RENT,4.0,HOMEIMPROVEMENT,C,5000,13.22,0.1,Y,7,0
51204,27,170000,MORTGAGE,11.0,MEDICAL,A,6500,6.03,0.04,N,7,0
51205,24,57000,MORTGAGE,7.0,DEBTCONSOLIDATION,B,12000,11.49,0.21,N,2,0
51206,26,46992,RENT,1.0,VENTURE,E,15450,16.35,0.31,Y,3,1
51207,24,72000,RENT,8.0,DEBTCONSOLIDATION,A,10000,8.94,0.14,N,4,0
51208,23,41000,RENT,6.0,EDUCATION,B,5000,11.71,0.12,N,2,0
51209,23,55000,MORTGAGE,1.0,EDUCATION,B,8000,10.25,0.15,N,3,0
51210,27,225000,MORTGAGE,9.0,DEBTCONSOLIDATION,B,35000,9.99,0.15,N,9,0
51211,49,48000,MORTGAGE,14.0,PERSONAL,C,8000,15.27,0.17,N,13,1
51212,27,15600,RENT,0.0,VENTURE,D,2800,14.61,0.19,N,8,1
51213,30,90000,RENT,2.0,DEBTCONSOLIDATION,B,3000,11.49,0.03,N,5,0
51214,36,54000,RENT,2.0,HOMEIMPROVEMENT,C,19000,13.16,0.35,Y,13,1
51215,26,71820,MORTGAGE,9.0,DEBTCONSOLIDATION,B,18600,10.59,0.25,N,2,0
51216,23,40000,RENT,4.0,EDUCATION,B,10000,12.42,0.25,N,4,0
51217,28,85000,MORTGAGE,6.0,MEDICAL,A,24000,7.49,0.28,N,7,0
51218,25,28800,MORTGAGE,9.0,HOMEIMPROVEMENT,A,5575,6.92,0.19,N,2,0
51219,30,90000,RENT,0.0,DEBTCONSOLIDATION,C,4000,12.87,0.04,N,6,0
51220,24,100000,RENT,6.0,DEBTCONSOLIDATION,A,10000,6.54,0.1,N,4,0
51221,30,120000,MORTGAGE,8.0,PERSONAL,A,7000,6.76,0.06,N,5,0
51222,24,90000,RENT,4.0,PERSONAL,A,10000,8.94,0.11,N,4,0
51223,34,156000,MORTGAGE,7.0,EDUCATION,B,15000,10.25,0.1,N,5,0
51224,24,43000,MORTGAGE,3.0,MEDICAL,E,12000,17.19,0.28,Y,2,1
51225,27,64000,MORTGAGE,11.0,DEBTCONSOLIDATION,A,10000,5.79,0.16,N,7,0
51226,27,66300,RENT,11.0,MEDICAL,D,30000,16.77,0.38,N,8,1
51227,24,87500,MORTGAGE,8.0,EDUCATION,A,10000,7.49,0.11,N,3,0
51228,28,60000,RENT,7.0,HOMEIMPROVEMENT,A,6000,5.99,0.1,N,5,0
51229,21,95000,RENT,2.0,EDUCATION,C,20000,13.92,0.21,N,4,0
51230,24,54000,RENT,2.0,PERSONAL,B,20000,10.75,0.37,N,3,1
51231,29,60000,RENT,3.0,VENTURE,C,15000,14.22,0.25,Y,6,0
51232,31,40000,MORTGAGE,11.0,DEBTCONSOLIDATION,B,2000,9.62,0.05,N,6,0
51233,24,70000,MORTGAGE,8.0,VENTURE,B,14000,11.12,0.2,N,2,0
51234,22,32000,RENT,1.0,EDUCATION,B,7200,10.2,0.23,N,4,1
51235,25,36000,MORTGAGE,1.0,PERSONAL,B,10000,11.86,0.28,N,3,0
51236,34,38790,RENT,0.0,PERSONAL,C,6000,13.8,0.15,N,7,0
51237,25,49000,OWN,9.0,PERSONAL,B,20000,11.48,0.41,N,4,0
51238,21,51000,MORTGAGE,6.0,MEDICAL,A,10400,8.94,0.2,N,3,1
51239,51,30000,RENT,2.0,MEDICAL,D,8000,16.49,0.27,Y,22,1
51240,34,89004,RENT,1.0,VENTURE,A,10000,7.51,0.11,N,9,0
51241,28,70000,MORTGAGE,7.0,HOMEIMPROVEMENT,C,21000,14.27,0.3,Y,6,0
51242,23,74500,OWN,7.0,MEDICAL,B,6400,11.99,0.08,N,4,0
51243,23,90000,MORTGAGE,7.0,EDUCATION,A,19000,8.94,0.21,N,4,0
51244,22,55000,MORTGAGE,6.0,VENTURE,C,15000,15.27,0.27,Y,2,0
51245,27,71000,MORTGAGE,4.0,MEDICAL,B,11500,12.42,0.16,N,7,0
51246,37,45000,RENT,0.0,MEDICAL,A,10000,9.63,0.22,N,13,0
51247,24,55845,RENT,8.0,VENTURE,B,7000,9.76,0.11,N,4,1
51248,26,40000,RENT,3.0,EDUCATION,B,3000,11.49,0.07,N,2,0
51249,21,35000,RENT,4.0,EDUCATION,B,4000,10.59,0.11,N,2,0
51250,32,56000,MORTGAGE,16.0,EDUCATION,D,13650,16.29,0.24,Y,6,0
51251,23,59400,RENT,7.0,MEDICAL,C,6000,13.85,0.1,Y,2,0
51252,22,48609,RENT,6.0,VENTURE,B,12000,7.49,0.25,N,3,0
51253,22,60000,MORTGAGE,6.0,VENTURE,B,4800,11.49,0.08,N,2,0
51254,24,120000,RENT,1.0,EDUCATION,C,12000,12.53,0.1,N,3,0
51255,29,70000,RENT,2.0,MEDICAL,B,3000,11.71,0.04,N,8,0
51256,22,33000,RENT,1.0,EDUCATION,B,10000,12.42,0.3,N,4,0
51257,26,62500,MORTGAGE,3.0,DEBTCONSOLIDATION,A,12000,7.66,0.19,N,4,0
51258,27,65000,MORTGAGE,4.0,MEDICAL,A,10000,7.51,0.15,N,8,0
51259,56,80000,MORTGAGE,7.0,MEDICAL,B,25000,10.38,0.31,N,20,0
51260,26,85000,RENT,0.0,EDUCATION,B,20000,10.25,0.24,N,3,0
51261,22,48000,OWN,0.0,VENTURE,C,1000,13.98,0.03,Y,2,0
51262,23,68000,MORTGAGE,6.0,EDUCATION,B,10000,12.53,0.15,N,4,0
51263,25,45000,RENT,1.0,VENTURE,A,10000,6.54,0.22,N,3,0
51264,24,45000,MORTGAGE,3.0,PERSONAL,A,4000,8.9,0.09,N,4,0
51265,28,42000,RENT,12.0,VENTURE,B,8000,10.99,0.19,N,8,0
51266,24,24000,RENT,1.0,MEDICAL,C,6000,13.49,0.25,N,2,0
51267,26,98000,MORTGAGE,3.0,DEBTCONSOLIDATION,D,15000,15.62,0.15,N,4,1
51268,31,60000,RENT,3.0,VENTURE,A,17000,7.88,0.28,N,5,0
51269,40,85000,RENT,6.0,EDUCATION,B,28000,10.65,0.31,N,14,1
51270,23,95000,RENT,0.0,MEDICAL,A,17000,8.49,0.19,N,2,0
51271,25,68000,MORTGAGE,0.0,VENTURE,A,4000,5.99,0.06,N,3,0
51272,22,48000,RENT,6.0,VENTURE,B,7200,12.42,0.15,N,4,0
51273,22,46000,RENT,3.0,VENTURE,D,4800,17.58,0.1,Y,2,0
51274,23,85000,RENT,0.0,PERSONAL,B,5000,10.38,0.06,N,4,0
51275,21,28000,RENT,5.0,VENTURE,A,3000,7.88,0.11,N,3,0
51276,22,40000,MORTGAGE,6.0,MEDICAL,B,5000,11.86,0.13,N,2,0
51277,24,110000,MORTGAGE,8.0,DEBTCONSOLIDATION,A,4800,7.14,0.04,N,3,0
51278,28,53040,RENT,5.0,VENTURE,B,8000,10.65,0.15,N,5,0
51279,24,65000,MORTGAGE,2.0,VENTURE,A,7000,7.51,0.11,N,3,0
51280,23,50000,MORTGAGE,7.0,VENTURE,A,4000,7.74,0.08,N,3,0
51281,27,67000,RENT,2.0,HOMEIMPROVEMENT,C,5000,14.72,0.07,N,8,0
51282,30,65000,MORTGAGE,14.0,DEBTCONSOLIDATION,C,10000,14.65,0.15,N,8,0
51283,25,59796,MORTGAGE,3.0,DEBTCONSOLIDATION,A,6000,9.63,0.1,N,4,0
51284,23,70000,OWN,7.0,VENTURE,B,10000,10.99,0.14,N,4,0
51285,26,57000,RENT,1.0,EDUCATION,B,3000,9.63,0.05,N,4,0
51286,24,90000,MORTGAGE,8.0,VENTURE,A,7000,8.49,0.08,N,2,0
51287,32,119604,MORTGAGE,0.0,DEBTCONSOLIDATION,A,5000,9.32,0.04,N,10,0
51288,27,64000,RENT,1.0,EDUCATION,A,16000,7.66,0.27,N,6,0
51289,46,170000,MORTGAGE,4.0,EDUCATION,B,20000,12.69,0.12,N,11,0
51290,31,83004,MORTGAGE,3.0,MEDICAL,B,21600,12.53,0.26,N,6,0
51291,33,100800,MORTGAGE,8.0,MEDICAL,B,24000,11.49,0.24,N,7,0
51292,23,70000,MORTGAGE,7.0,VENTURE,A,6000,6.99,0.09,N,3,0
51293,31,37000,MORTGAGE,7.0,PERSONAL,A,7500,7.9,0.2,N,8,0
51294,25,30000,RENT,1.0,PERSONAL,D,5000,15.99,0.17,N,2,1
51295,37,200004,MORTGAGE,18.0,EDUCATION,C,19600,13.98,0.09,Y,12,0
51296,30,54000,RENT,5.0,PERSONAL,A,6500,6.17,0.12,N,9,0
51297,35,38000,MORTGAGE,1.0,EDUCATION,C,5000,12.99,0.13,N,8,0
51298,23,66000,RENT,2.0,VENTURE,D,10000,14.11,0.15,N,2,1
51299,32,60000,MORTGAGE,5.0,DEBTCONSOLIDATION,A,12000,7.49,0.2,N,8,0
51300,31,30000,RENT,5.0,VENTURE,D,8000,15.33,0.27,N,9,0
51301,24,43000,MORTGAGE,4.0,DEBTCONSOLIDATION,B,10000,10.99,0.23,N,2,0
51302,24,120000,MORTGAGE,8.0,VENTURE,C,25000,13.61,0.21,Y,3,0
51303,24,40000,RENT,8.0,MEDICAL,B,5000,11.99,0.13,N,2,0
51304,21,40000,OWN,5.0,PERSONAL,A,12000,7.51,0.3,N,4,0
51305,29,120000,MORTGAGE,3.0,MEDICAL,B,5000,10.38,0.04,N,9,0
51306,26,46800,RENT,3.0,EDUCATION,C,7000,13.43,0.15,Y,2,0
51307,24,48000,MORTGAGE,5.0,DEBTCONSOLIDATION,C,5000,14.27,0.1,Y,2,0
51308,28,40000,RENT,4.0,EDUCATION,A,12000,7.49,0.3,N,8,0
51309,36,44000,RENT,0.0,VENTURE,A,5000,6.92,0.11,N,15,0
51310,25,93000,MORTGAGE,9.0,EDUCATION,F,20000,18.62,0.22,N,4,0
51311,30,70000,OWN,11.0,HOMEIMPROVEMENT,B,2200,10.99,0.03,N,10,0
51312,35,90000,MORTGAGE,6.0,PERSONAL,A,10000,7.14,0.11,N,5,0
51313,24,135000,RENT,5.0,MEDICAL,B,25000,10.99,0.19,N,4,0
51314,27,24000,RENT,0.0,PERSONAL,B,5000,12.21,0.21,N,5,1
51315,23,42000,RENT,1.0,EDUCATION,C,7500,11.34,0.18,Y,2,0
51316,34,75000,MORTGAGE,14.0,VENTURE,A,11000,7.51,0.15,N,8,0
51317,26,100000,MORTGAGE,5.0,HOMEIMPROVEMENT,B,15000,10.59,0.15,N,2,0
51318,29,52000,MORTGAGE,13.0,PERSONAL,A,6000,8.59,0.12,N,8,0
51319,28,150000,MORTGAGE,12.0,VENTURE,A,15000,7.49,0.1,N,9,0
51320,22,30000,RENT,5.0,PERSONAL,B,4750,11.71,0.16,N,2,1
51321,33,79000,MORTGAGE,3.0,EDUCATION,A,7500,7.14,0.09,N,9,0
51322,26,42000,RENT,3.0,VENTURE,D,12000,15.65,0.29,N,4,1
51323,27,24000,RENT,0.0,VENTURE,B,8500,9.96,0.35,N,10,1
51324,27,55000,RENT,2.0,DEBTCONSOLIDATION,C,10000,13.49,0.18,Y,10,0
51325,24,46300,MORTGAGE,6.0,DEBTCONSOLIDATION,B,8000,11.99,0.17,N,4,0
51326,29,85000,RENT,1.0,EDUCATION,A,20000,6.54,0.24,N,6,0
51327,22,40000,RENT,6.0,PERSONAL,D,2100,15.21,0.05,Y,3,1
51328,28,35000,RENT,0.0,PERSONAL,B,5000,11.71,0.14,N,5,0
51329,23,55000,MORTGAGE,7.0,EDUCATION,B,14000,12.21,0.25,N,3,0
51330,24,100000,MORTGAGE,6.0,HOMEIMPROVEMENT,B,15000,9.91,0.15,N,2,0
51331,25,200000,MORTGAGE,9.0,EDUCATION,D,15000,15.65,0.07,N,4,0
51332,26,70000,MORTGAGE,0.0,EDUCATION,B,5100,10.0,0.07,N,2,0
51333,25,30000,RENT,2.0,MEDICAL,A,8000,7.9,0.27,N,3,0
51334,24,64600,RENT,3.0,PERSONAL,C,10000,13.48,0.15,Y,4,0
51335,33,26453,RENT,3.0,MEDICAL,A,7000,7.49,0.27,N,5,1
51336,32,39000,MORTGAGE,2.0,HOMEIMPROVEMENT,B,8000,11.86,0.21,N,6,1
51337,32,62000,RENT,3.0,VENTURE,D,10000,15.99,0.16,N,6,0
51338,22,30000,RENT,2.0,EDUCATION,A,6000,7.9,0.2,N,3,0
51339,28,65000,MORTGAGE,6.0,PERSONAL,A,13000,7.88,0.2,N,8,0
51340,26,44000,MORTGAGE,1.0,EDUCATION,C,3500,13.16,0.08,N,4,1
51341,25,54000,MORTGAGE,9.0,VENTURE,A,10000,8.59,0.19,N,3,0
51342,23,60000,RENT,0.0,DEBTCONSOLIDATION,A,6000,7.43,0.1,N,2,0
51343,24,45000,RENT,8.0,MEDICAL,A,7000,7.29,0.16,N,4,0
51344,48,45480,OWN,8.0,MEDICAL,A,7000,6.62,0.17,N,16,0
51345,30,30000,RENT,1.0,DEBTCONSOLIDATION,C,2500,13.72,0.08,N,10,0
51346,24,36000,MORTGAGE,8.0,MEDICAL,C,4800,12.61,0.13,Y,2,0
51347,25,50000,RENT,2.0,MEDICAL,C,10000,14.22,0.2,Y,3,0
51348,23,56000,RENT,1.0,VENTURE,C,15000,12.87,0.27,Y,2,0
51349,28,85000,RENT,1.0,MEDICAL,C,7000,12.87,0.08,N,7,0
51350,23,40000,MORTGAGE,2.0,DEBTCONSOLIDATION,B,2800,10.71,0.07,N,4,0
51351,50,160000,RENT,1.0,PERSONAL,A,10000,9.32,0.06,N,12,0
51352,24,62400,MORTGAGE,7.0,MEDICAL,A,4000,5.42,0.06,N,4,0
51353,23,133000,MORTGAGE,7.0,DEBTCONSOLIDATION,D,20000,14.96,0.15,N,4,1
51354,38,55000,RENT,11.0,HOMEIMPROVEMENT,B,15000,11.36,0.27,N,14,0
51355,29,53408,MORTGAGE,9.0,VENTURE,B,1500,10.62,0.03,N,10,0
51356,22,24000,RENT,2.0,EDUCATION,A,5000,6.92,0.21,N,3,0
51357,25,45000,RENT,0.0,EDUCATION,C,4000,12.99,0.09,N,3,0
51358,37,30000,RENT,0.0,PERSONAL,B,12000,10.38,0.4,N,13,1
51359,28,192000,MORTGAGE,11.0,HOMEIMPROVEMENT,A,24500,8.9,0.13,N,7,0
51360,24,55000,MORTGAGE,7.0,VENTURE,A,8000,6.99,0.15,N,3,0
51361,31,50000,RENT,2.0,PERSONAL,A,3000,8.9,0.06,N,9,0
51362,48,58500,RENT,4.0,HOMEIMPROVEMENT,B,6400,9.32,0.11,N,13,0
51363,26,90000,MORTGAGE,10.0,DEBTCONSOLIDATION,B,10000,9.91,0.11,N,3,0
51364,30,90000,MORTGAGE,3.0,MEDICAL,B,10000,11.49,0.11,N,9,0
51365,22,54000,RENT,6.0,EDUCATION,E,24000,16.45,0.44,Y,3,1
51366,29,120000,MORTGAGE,13.0,MEDICAL,C,15000,13.49,0.13,N,8,0
51367,26,75000,MORTGAGE,7.0,PERSONAL,A,25000,7.49,0.33,N,4,0
51368,23,18720,RENT,1.0,HOMEIMPROVEMENT,C,10000,13.49,0.47,Y,2,1
51369,24,68000,MORTGAGE,7.0,HOMEIMPROVEMENT,A,15000,7.88,0.22,N,3,0
51370,36,54996,RENT,3.0,DEBTCONSOLIDATION,A,8000,8.59,0.15,N,12,0
51371,29,60000,RENT,0.0,DEBTCONSOLIDATION,A,3000,7.51,0.05,N,9,0
51372,22,37676,OWN,6.0,MEDICAL,A,13200,9.38,0.39,N,4,0
51373,32,78300,MORTGAGE,16.0,VENTURE,A,7000,5.42,0.09,N,5,0
51374,42,45000,RENT,3.0,MEDICAL,B,11000,10.38,0.26,N,11,0
51375,25,85000,RENT,2.0,VENTURE,C,6000,13.49,0.07,N,2,0
51376,27,72000,RENT,0.0,DEBTCONSOLIDATION,A,8000,8.0,0.11,N,6,0
51377,40,36000,RENT,2.0,MEDICAL,B,5000,9.63,0.14,N,16,0
51378,27,65000,RENT,11.0,MEDICAL,A,8000,7.49,0.12,N,9,0
51379,27,29000,RENT,3.0,VENTURE,C,500,12.84,0.02,N,8,0
51380,35,80000,OWN,4.0,VENTURE,C,5000,13.47,0.06,Y,9,0
51381,33,110000,RENT,3.0,HOMEIMPROVEMENT,C,15000,12.99,0.14,Y,10,0
51382,28,120000,RENT,8.0,PERSONAL,A,5000,7.74,0.04,N,9,0
51383,43,60000,MORTGAGE,4.0,VENTURE,A,10000,7.49,0.17,N,13,0
51384,23,70000,OWN,8.0,EDUCATION,C,24250,12.84,0.35,Y,3,0
51385,28,40000,MORTGAGE,6.0,PERSONAL,B,11450,10.99,0.29,N,10,0
51386,21,35000,MORTGAGE,5.0,VENTURE,B,9600,11.99,0.27,N,4,0
51387,23,24000,OWN,4.0,MEDICAL,C,5000,13.98,0.21,N,2,0
51388,22,15000,RENT,1.0,EDUCATION,B,6000,11.71,0.4,N,3,1
51389,31,80000,MORTGAGE,5.0,MEDICAL,A,12000,8.9,0.15,N,6,0
51390,21,28200,MORTGAGE,2.0,DEBTCONSOLIDATION,D,1000,16.49,0.04,N,2,1
51391,22,80000,MORTGAGE,0.0,EDUCATION,B,15000,12.21,0.19,N,2,0
51392,44,100000,MORTGAGE,4.0,EDUCATION,A,12000,8.9,0.12,N,14,0
51393,27,70000,RENT,11.0,VENTURE,B,9000,11.11,0.13,N,9,0
51394,34,135000,MORTGAGE,4.0,DEBTCONSOLIDATION,B,10000,9.91,0.07,N,6,0
51395,25,100000,MORTGAGE,9.0,MEDICAL,B,12000,9.91,0.12,N,2,0
51396,27,50000,RENT,6.0,DEBTCONSOLIDATION,B,10000,12.69,0.2,N,5,0
51397,27,29000,RENT,1.0,PERSONAL,A,10000,8.94,0.34,N,8,1
51398,23,50000,RENT,4.0,EDUCATION,B,10000,12.53,0.2,N,3,0
51399,26,96000,MORTGAGE,12.0,DEBTCONSOLIDATION,A,4200,5.99,0.04,N,2,0
51400,26,80000,RENT,4.0,PERSONAL,B,20000,11.89,0.25,N,4,0
51401,21,31000,MORTGAGE,2.0,EDUCATION,B,9600,9.99,0.32,N,3,0
51402,40,63000,MORTGAGE,3.0,HOMEIMPROVEMENT,B,15000,10.25,0.24,N,17,0
51403,26,56000,RENT,2.0,VENTURE,D,12000,15.65,0.21,Y,2,1
51404,37,200000,MORTGAGE,3.0,DEBTCONSOLIDATION,A,10000,8.9,0.05,N,16,0
51405,22,39000,RENT,1.0,PERSONAL,D,5000,14.09,0.13,Y,4,1
51406,24,86028,MORTGAGE,6.0,HOMEIMPROVEMENT,D,10000,15.99,0.12,N,4,0
51407,23,60000,MORTGAGE,7.0,VENTURE,C,7200,13.06,0.12,N,2,0
51408,23,50000,MORTGAGE,7.0,PERSONAL,B,2000,9.88,0.04,N,2,0
51409,35,38000,RENT,11.0,VENTURE,A,8000,7.29,0.21,N,8,0
51410,32,28800,RENT,3.0,MEDICAL,A,8000,6.99,0.28,N,7,0
51411,25,72000,RENT,9.0,DEBTCONSOLIDATION,D,15000,14.96,0.21,Y,3,0
51412,25,24996,RENT,4.0,MEDICAL,C,7000,13.16,0.28,N,3,0
51413,31,43812,RENT,2.0,MEDICAL,C,2400,14.35,0.05,N,7,0
51414,23,42000,RENT,1.0,MEDICAL,B,5000,10.0,0.12,N,3,0
51415,23,50000,MORTGAGE,5.0,PERSONAL,B,10000,11.49,0.2,N,3,0
51416,21,75000,RENT,5.0,DEBTCONSOLIDATION,C,15000,13.49,0.2,N,2,0
51417,27,68000,MORTGAGE,7.0,MEDICAL,C,25000,12.23,0.36,N,7,0
51418,36,84000,MORTGAGE,16.0,MEDICAL,A,6000,5.42,0.07,N,16,0
51419,25,97750,MORTGAGE,2.0,MEDICAL,B,20000,11.83,0.21,N,3,1
51420,23,98000,RENT,7.0,DEBTCONSOLIDATION,D,7200,16.29,0.08,N,4,1
51421,41,52000,MORTGAGE,18.0,MEDICAL,A,9000,6.03,0.17,N,11,0
51422,21,70000,RENT,3.0,EDUCATION,A,4000,5.79,0.06,N,4,0
51423,23,65000,MORTGAGE,5.0,EDUCATION,A,5000,6.03,0.08,N,4,0
51424,36,54000,RENT,4.0,VENTURE,C,11500,13.49,0.22,N,17,0
51425,38,47000,MORTGAGE,4.0,PERSONAL,C,7000,13.99,0.15,N,16,0
51426,32,120000,MORTGAGE,11.0,PERSONAL,B,7000,11.99,0.06,N,8,0
51427,23,28000,OWN,1.0,VENTURE,B,4000,9.76,0.14,N,4,0
51428,27,34000,RENT,11.0,EDUCATION,A,5000,7.68,0.15,N,7,0
51429,27,60000,MORTGAGE,2.0,MEDICAL,B,10000,10.59,0.17,N,9,0
51430,26,118000,MORTGAGE,8.0,HOMEIMPROVEMENT,B,25000,10.38,0.21,N,3,1
51431,29,50000,MORTGAGE,13.0,HOMEIMPROVEMENT,B,5000,10.0,0.1,N,6,0
51432,26,78000,RENT,3.0,EDUCATION,A,12000,6.17,0.15,N,3,0
51433,24,70000,MORTGAGE,6.0,HOMEIMPROVEMENT,B,12000,10.65,0.17,N,4,0
51434,29,50000,RENT,3.0,PERSONAL,C,9000,13.49,0.18,Y,10,0
51435,22,60000,RENT,7.0,EDUCATION,B,15000,11.71,0.25,N,3,0
51436,24,48000,RENT,3.0,MEDICAL,B,8000,11.14,0.17,N,2,0
51437,22,48000,MORTGAGE,6.0,VENTURE,B,5000,11.49,0.1,N,2,0
51438,55,49000,RENT,0.0,VENTURE,C,3000,14.22,0.06,Y,21,0
51439,28,132000,MORTGAGE,4.0,EDUCATION,A,13000,7.51,0.1,N,8,0
51440,22,55000,RENT,2.0,VENTURE,C,15000,13.49,0.27,N,3,0
51441,23,89000,RENT,1.0,PERSONAL,B,10000,12.18,0.11,N,2,0
51442,24,90000,RENT,7.0,MEDICAL,A,10000,5.79,0.11,N,3,0
51443,25,60000,MORTGAGE,9.0,DEBTCONSOLIDATION,B,7200,11.71,0.12,N,3,0
51444,28,95000,MORTGAGE,0.0,HOMEIMPROVEMENT,A,12000,7.51,0.13,N,7,0
51445,25,75000,MORTGAGE,9.0,HOMEIMPROVEMENT,A,1500,5.42,0.02,N,4,0
51446,28,68255,RENT,3.0,VENTURE,E,12000,16.45,0.18,Y,7,0
51447,56,48000,RENT,2.0,PERSONAL,C,10000,14.26,0.21,N,20,0
51448,30,24000,OWN,0.0,MEDICAL,C,8500,14.72,0.35,N,5,0
51449,24,62000,RENT,3.0,VENTURE,A,12000,6.62,0.19,N,2,0
51450,33,28000,MORTGAGE,17.0,MEDICAL,C,3000,13.49,0.11,N,8,0
51451,30,60000,RENT,4.0,DEBTCONSOLIDATION,C,6000,13.11,0.1,Y,5,0
51452,25,35000,MORTGAGE,9.0,DEBTCONSOLIDATION,B,5200,10.37,0.15,N,3,0
51453,26,70596,RENT,5.0,HOMEIMPROVEMENT,C,15000,13.22,0.21,Y,3,0
51454,28,70000,MORTGAGE,12.0,EDUCATION,B,30000,10.65,0.43,N,5,0
51455,23,38400,RENT,7.0,EDUCATION,B,15000,10.75,0.39,N,4,1
51456,26,62000,MORTGAGE,1.0,DEBTCONSOLIDATION,A,6400,7.14,0.1,N,2,0
51457,24,90000,MORTGAGE,8.0,DEBTCONSOLIDATION,A,3500,5.99,0.04,N,3,0
51458,22,41000,RENT,6.0,DEBTCONSOLIDATION,C,7000,13.49,0.17,N,3,0
51459,49,95000,OWN,16.0,PERSONAL,B,12000,10.99,0.13,N,15,0
51460,25,55000,MORTGAGE,3.0,VENTURE,D,10000,14.91,0.18,N,2,0
51461,23,120000,MORTGAGE,4.0,PERSONAL,D,22000,16.02,0.18,Y,3,0
51462,32,60000,MORTGAGE,3.0,MEDICAL,A,7500,5.42,0.13,N,7,0
51463,29,42000,RENT,1.0,MEDICAL,B,4800,11.83,0.11,N,8,0
51464,22,24000,RENT,0.0,DEBTCONSOLIDATION,B,1350,9.99,0.06,N,3,0
51465,21,80000,MORTGAGE,6.0,EDUCATION,A,4800,7.88,0.06,N,3,0
51466,29,36000,RENT,3.0,EDUCATION,C,7000,12.98,0.19,Y,5,0
51467,31,45000,RENT,1.0,MEDICAL,B,3000,11.49,0.07,N,5,0
51468,29,84000,MORTGAGE,2.0,HOMEIMPROVEMENT,D,20000,15.05,0.24,Y,10,0
51469,23,35000,RENT,1.0,EDUCATION,A,4000,7.51,0.11,N,4,0
51470,42,60000,MORTGAGE,6.0,DEBTCONSOLIDATION,B,6000,9.62,0.1,N,14,0
51471,22,31200,RENT,0.0,MEDICAL,A,6000,7.66,0.19,N,4,1
51472,31,102996,MORTGAGE,5.0,MEDICAL,B,6000,11.49,0.06,N,6,0
51473,30,81600,MORTGAGE,2.0,MEDICAL,B,20000,11.36,0.25,N,7,0
51474,26,50000,RENT,3.0,MEDICAL,B,8000,10.62,0.16,N,2,0
51475,29,104000,RENT,13.0,DEBTCONSOLIDATION,C,13800,13.99,0.13,Y,5,0
51476,30,29000,RENT,0.0,MEDICAL,D,5000,15.33,0.17,Y,8,1
51477,26,60000,RENT,2.0,MEDICAL,B,12000,11.99,0.2,N,4,0
51478,38,33000,RENT,5.0,MEDICAL,B,4000,10.36,0.12,N,17,0
51479,25,50000,RENT,9.0,DEBTCONSOLIDATION,B,10000,10.36,0.2,N,3,0
51480,26,61000,MORTGAGE,3.0,PERSONAL,B,12000,12.21,0.2,N,3,0
51481,25,30000,RENT,2.0,MEDICAL,B,10500,10.0,0.34,N,3,1
51482,29,70000,RENT,11.0,DEBTCONSOLIDATION,A,11000,8.94,0.16,N,6,0
51483,50,72000,RENT,2.0,HOMEIMPROVEMENT,B,20000,11.89,0.28,N,17,0
51484,28,70000,MORTGAGE,2.0,EDUCATION,B,15000,11.86,0.21,N,5,0
51485,23,93000,MORTGAGE,6.0,DEBTCONSOLIDATION,A,10000,9.63,0.11,N,2,0
51486,26,62000,RENT,4.0,EDUCATION,D,12800,16.02,0.21,Y,2,0
51487,34,34000,RENT,2.0,VENTURE,C,9600,13.22,0.28,Y,6,0
51488,24,40000,RENT,2.0,VENTURE,A,5000,7.51,0.13,N,3,0
51489,26,100000,MORTGAGE,10.0,DEBTCONSOLIDATION,B,15000,11.26,0.15,N,2,0
51490,21,26400,OWN,4.0,VENTURE,C,3825,13.72,0.15,Y,4,0
51491,29,48000,RENT,6.0,DEBTCONSOLIDATION,A,10000,7.88,0.21,N,6,0
51492,26,38000,RENT,1.0,EDUCATION,A,3000,5.42,0.08,N,3,0
51493,24,85000,MORTGAGE,8.0,MEDICAL,B,5000,11.49,0.06,N,4,0
51494,27,48000,RENT,3.0,PERSONAL,B,5000,9.99,0.1,N,8,0
51495,23,85000,RENT,0.0,EDUCATION,B,10000,9.99,0.12,N,3,0
51496,36,74000,MORTGAGE,2.0,EDUCATION,A,12000,7.51,0.02,N,15,0
51497,25,70000,RENT,9.0,VENTURE,A,7000,9.63,0.1,N,4,0
51498,22,62400,MORTGAGE,7.0,EDUCATION,B,2400,11.36,0.04,N,2,0
51499,25,75638,MORTGAGE,2.0,PERSONAL,B,7800,11.58,0.11,N,4,0
51500,23,60000,RENT,1.0,MEDICAL,B,20000,10.99,0.33,N,3,1
51501,27,32000,RENT,0.0,DEBTCONSOLIDATION,B,5000,11.36,0.16,N,9,1
51502,23,45000,RENT,3.0,DEBTCONSOLIDATION,A,5800,7.88,0.13,N,3,0
51503,29,39996,RENT,1.0,EDUCATION,B,10000,11.99,0.25,N,8,0
51504,27,34000,RENT,0.0,MEDICAL,B,12000,10.99,0.35,N,10,0
51505,30,54000,RENT,1.0,DEBTCONSOLIDATION,D,10000,14.74,0.19,Y,9,1
51506,22,51996,RENT,2.0,DEBTCONSOLIDATION,C,11000,12.87,0.23,N,2,0
51507,32,84000,MORTGAGE,16.0,VENTURE,A,6000,6.03,0.07,N,6,0
51508,22,50000,MORTGAGE,6.0,DEBTCONSOLIDATION,B,8000,9.63,0.16,N,4,0
51509,43,38400,RENT,0.0,DEBTCONSOLIDATION,B,4000,11.83,0.1,N,13,0
51510,23,70000,RENT,0.0,EDUCATION,B,9000,9.63,0.13,N,4,0
51511,22,50000,RENT,3.0,MEDICAL,C,10000,13.11,0.2,N,4,0
51512,28,60000,RENT,2.0,PERSONAL,D,5400,15.62,0.09,Y,6,1
51513,22,55000,RENT,0.0,EDUCATION,B,10000,11.48,0.18,N,3,0
51514,28,75000,MORTGAGE,13.0,EDUCATION,B,21000,11.48,0.28,N,6,0
51515,23,75000,MORTGAGE,7.0,VENTURE,A,6000,6.99,0.08,N,2,0
51516,22,71520,RENT,0.0,DEBTCONSOLIDATION,D,7000,14.96,0.1,N,3,1
51517,26,51996,RENT,3.0,MEDICAL,A,12000,8.94,0.23,N,4,0
51518,41,55000,MORTGAGE,18.0,EDUCATION,A,12000,7.88,0.22,N,17,0
51519,21,50000,RENT,4.0,DEBTCONSOLIDATION,D,6000,14.91,0.12,N,4,1
51520,28,120000,MORTGAGE,5.0,PERSONAL,B,20000,11.36,0.17,N,6,0
51521,29,45000,RENT,1.0,EDUCATION,B,12000,11.71,0.27,N,10,0
51522,22,60000,RENT,2.0,EDUCATION,B,15000,12.69,0.25,N,4,0
51523,29,43200,RENT,4.0,EDUCATION,C,6000,12.87,0.14,Y,8,0
51524,32,75000,MORTGAGE,3.0,MEDICAL,C,8000,13.61,0.11,N,9,0
51525,27,115000,RENT,0.0,HOMEIMPROVEMENT,A,6000,6.62,0.05,N,6,0
51526,24,70000,MORTGAGE,8.0,MEDICAL,A,4000,7.14,0.06,N,2,0
51527,27,51000,MORTGAGE,3.0,DEBTCONSOLIDATION,D,12800,15.99,0.25,Y,7,1
51528,24,75000,RENT,1.0,DEBTCONSOLIDATION,B,10000,12.69,0.13,N,2,0
51529,35,70000,RENT,0.0,EDUCATION,B,15000,11.71,0.21,N,6,0
51530,24,82000,MORTGAGE,8.0,PERSONAL,B,5000,12.69,0.06,N,2,0
51531,25,70000,RENT,9.0,DEBTCONSOLIDATION,A,5000,7.66,0.07,N,3,0
51532,23,65000,MORTGAGE,0.0,EDUCATION,C,12000,13.16,0.18,N,3,0
51533,33,59475,MORTGAGE,10.0,EDUCATION,D,18125,14.11,0.26,Y,6,1
51534,23,50000,OWN,5.0,PERSONAL,A,7000,8.49,0.14,N,3,0
51535,27,40000,RENT,11.0,MEDICAL,B,10000,12.69,0.25,N,8,0
51536,24,36000,RENT,5.0,EDUCATION,B,10000,10.75,0.28,N,2,0
51537,34,85000,MORTGAGE,4.0,HOMEIMPROVEMENT,A,6000,8.59,0.07,N,6,0
51538,26,33600,RENT,12.0,EDUCATION,B,1000,11.86,0.03,N,4,0
51539,50,48000,OWN,2.0,EDUCATION,C,8000,13.47,0.17,N,14,0
51540,24,33996,RENT,8.0,DEBTCONSOLIDATION,D,8000,14.96,0.24,Y,3,1
51541,39,83300,RENT,0.0,MEDICAL,D,20000,16.0,0.2,N,13,1
51542,30,84000,MORTGAGE,13.0,DEBTCONSOLIDATION,A,24000,7.51,0.29,N,10,0
51543,26,90000,MORTGAGE,3.0,DEBTCONSOLIDATION,C,4800,14.65,0.05,N,3,0
51544,37,52000,RENT,2.0,HOMEIMPROVEMENT,B,5000,10.08,0.1,N,15,0
51545,22,51600,RENT,3.0,DEBTCONSOLIDATION,B,6500,10.65,0.12,N,3,0
51546,24,30000,RENT,2.0,MEDICAL,B,4000,11.99,0.13,N,2,0
51547,36,75000,MORTGAGE,12.0,HOMEIMPROVEMENT,A,16000,6.17,0.21,N,13,0
51548,25,110000,MORTGAGE,9.0,MEDICAL,A,5000,5.42,0.05,N,2,0
51549,27,28800,RENT,4.0,DEBTCONSOLIDATION,B,6000,10.59,0.21,N,8,0
51550,22,40000,RENT,5.0,EDUCATION,B,5000,12.42,0.13,N,2,0
51551,46,67200,OWN,0.0,MEDICAL,D,4800,16.49,0.07,N,13,0
51552,24,56000,MORTGAGE,8.0,MEDICAL,A,6000,7.29,0.11,N,4,0
51553,22,65000,RENT,6.0,VENTURE,B,13225,12.42,0.2,N,4,0
51554,21,61402,RENT,5.0,HOMEIMPROVEMENT,D,10800,17.58,0.18,N,3,1
51555,28,54000,MORTGAGE,12.0,PERSONAL,A,10000,7.9,0.19,N,7,0
51556,27,54000,MORTGAGE,7.0,EDUCATION,C,13275,12.68,0.25,Y,5,0
51557,24,78000,RENT,2.0,VENTURE,C,24000,14.65,0.31,N,2,1
51558,26,30000,RENT,1.0,PERSONAL,B,5000,10.37,0.17,N,2,0
51559,34,70000,RENT,14.0,DEBTCONSOLIDATION,B,19000,11.14,0.25,N,7,1
51560,22,65000,MORTGAGE,6.0,DEBTCONSOLIDATION,B,6000,10.59,0.09,N,4,0
51561,29,68000,MORTGAGE,2.0,EDUCATION,B,5000,10.75,0.07,N,10,0
51562,28,75000,MORTGAGE,12.0,HOMEIMPROVEMENT,A,12000,7.51,0.16,N,7,0
51563,35,110000,MORTGAGE,0.0,HOMEIMPROVEMENT,A,10000,8.59,0.09,N,5,0
51564,23,70500,OWN,1.0,PERSONAL,C,3000,13.98,0.04,N,4,0
51565,36,100000,MORTGAGE,9.0,HOMEIMPROVEMENT,A,10000,6.62,0.1,N,16,0
51566,45,24000,RENT,0.0,MEDICAL,C,4000,13.43,0.17,N,15,0
51567,24,60000,RENT,4.0,VENTURE,A,5050,5.79,0.09,N,3,0
51568,43,60000,RENT,0.0,MEDICAL,B,4000,10.59,0.07,N,12,0
51569,28,54000,RENT,12.0,PERSONAL,A,4500,8.49,0.08,N,5,1
51570,22,65000,MORTGAGE,6.0,EDUCATION,A,5000,5.99,0.08,N,4,0
51571,52,75000,MORTGAGE,3.0,PERSONAL,A,8000,7.29,0.11,N,25,0
51572,24,25000,RENT,4.0,MEDICAL,C,7000,13.79,0.28,N,3,0
51573,37,105000,MORTGAGE,9.0,MEDICAL,C,7500,11.03,0.07,Y,15,0
51574,26,71000,RENT,1.0,VENTURE,B,8500,10.62,0.12,N,4,0
51575,32,72000,MORTGAGE,1.0,MEDICAL,A,2000,7.9,0.03,N,7,0
51576,22,48000,OWN,3.0,VENTURE,C,3600,14.65,0.07,N,2,0
51577,30,38500,MORTGAGE,4.0,HOMEIMPROVEMENT,B,6600,10.62,0.17,N,10,0
51578,31,78000,RENT,0.0,DEBTCONSOLIDATION,A,30000,7.9,0.38,N,6,1
51579,36,42000,RENT,4.0,VENTURE,B,3000,10.65,0.07,N,12,0
51580,27,80000,MORTGAGE,3.0,PERSONAL,E,14000,17.74,0.17,N,9,0
51581,37,80000,OWN,0.0,EDUCATION,C,8000,13.16,0.1,N,13,0
51582,22,25200,RENT,1.0,HOMEIMPROVEMENT,B,13000,12.21,0.48,N,4,1
51583,22,37000,MORTGAGE,6.0,DEBTCONSOLIDATION,A,3000,5.42,0.08,N,3,0
51584,30,33000,MORTGAGE,10.0,VENTURE,A,5000,6.99,0.15,N,8,0
51585,25,35000,RENT,2.0,DEBTCONSOLIDATION,B,6000,10.99,0.17,N,2,0
51586,24,85000,RENT,8.0,EDUCATION,C,12000,14.27,0.14,N,4,0
51587,24,40000,MORTGAGE,1.0,PERSONAL,E,12000,16.0,0.3,Y,3,0
51588,30,60000,MORTGAGE,3.0,DEBTCONSOLIDATION,A,5000,7.88,0.08,N,8,0
51589,27,58000,MORTGAGE,7.0,MEDICAL,D,9600,14.46,0.17,Y,9,1
51590,24,75000,RENT,5.0,VENTURE,C,10000,12.99,0.13,N,2,0
51591,29,30000,RENT,2.0,MEDICAL,A,3000,5.79,0.1,N,5,0
51592,22,35000,RENT,2.0,DEBTCONSOLIDATION,A,10000,6.03,0.28,N,3,0
51593,29,100000,RENT,2.0,HOMEIMPROVEMENT,B,5000,9.99,0.05,N,10,0
51594,22,30000,MORTGAGE,4.0,EDUCATION,A,5000,6.62,0.17,N,4,0
51595,45,80000,MORTGAGE,8.0,EDUCATION,A,9000,6.62,0.11,N,11,0
51596,26,12000,RENT,0.0,DEBTCONSOLIDATION,C,4000,15.23,0.33,N,2,1
51597,21,60000,OWN,4.0,EDUCATION,D,7000,14.91,0.12,N,3,0
51598,22,88824,MORTGAGE,6.0,DEBTCONSOLIDATION,A,8875,7.66,0.1,N,2,0
51599,31,120000,RENT,4.0,PERSONAL,B,15000,10.99,0.13,N,5,0
51600,28,52800,MORTGAGE,5.0,VENTURE,A,24000,7.51,0.45,N,9,0
51601,41,85500,OWN,3.0,PERSONAL,B,7500,10.0,0.09,N,15,0
51602,24,62900,RENT,7.0,MEDICAL,D,18300,14.96,0.24,N,2,1
51603,29,50000,RENT,3.0,EDUCATION,B,4000,9.63,0.08,N,6,0
51604,23,98400,MORTGAGE,7.0,EDUCATION,A,8000,6.62,0.08,N,4,0
51605,40,54000,RENT,1.0,EDUCATION,E,15250,16.7,0.28,N,14,1
51606,27,300000,MORTGAGE,1.0,DEBTCONSOLIDATION,B,35000,10.59,0.12,N,6,0
51607,25,65499,RENT,9.0,DEBTCONSOLIDATION,C,4000,12.23,0.06,N,4,0
51608,32,63360,MORTGAGE,3.0,VENTURE,A,6500,7.14,0.11,N,5,0
51609,27,60000,RENT,3.0,DEBTCONSOLIDATION,B,3000,11.49,0.05,N,9,0
51610,22,63000,RENT,6.0,VENTURE,C,18000,13.85,0.29,N,2,0
51611,24,32000,RENT,0.0,DEBTCONSOLIDATION,B,5000,12.69,0.16,N,4,0
51612,28,54000,RENT,5.0,MEDICAL,E,8000,17.93,0.15,Y,7,1
51613,28,114000,MORTGAGE,12.0,PERSONAL,A,6000,6.03,0.05,N,8,0
51614,31,66500,RENT,0.0,VENTURE,B,10000,10.95,0.15,N,9,0
51615,22,37000,RENT,2.0,EDUCATION,B,10000,12.42,0.27,N,4,0
51616,33,60000,MORTGAGE,4.0,DEBTCONSOLIDATION,C,6000,14.35,0.1,N,5,0
51617,30,72000,MORTGAGE,12.0,MEDICAL,A,10000,6.62,0.14,N,9,0
51618,31,84000,MORTGAGE,5.0,EDUCATION,C,12800,13.99,0.16,N,6,0
51619,35,44004,MORTGAGE,2.0,MEDICAL,D,2400,14.09,0.05,N,6,1
51620,23,52256,RENT,8.0,PERSONAL,C,4800,13.61,0.09,Y,2,0
51621,22,65004,MORTGAGE,5.0,EDUCATION,C,15000,12.87,0.23,Y,3,0
51622,29,54000,MORTGAGE,13.0,PERSONAL,C,12000,13.8,0.22,N,9,0
51623,25,70000,RENT,5.0,MEDICAL,C,3600,13.85,0.05,Y,3,0
51624,23,35000,RENT,7.0,PERSONAL,A,5000,7.29,0.14,N,2,0
51625,27,60000,RENT,3.0,VENTURE,B,16000,11.14,0.27,N,5,0
51626,27,70000,RENT,2.0,HOMEIMPROVEMENT,C,12000,13.49,0.17,Y,8,0
51627,25,80000,RENT,9.0,MEDICAL,C,6000,11.78,0.07,Y,3,0
51628,25,54400,MORTGAGE,3.0,HOMEIMPROVEMENT,A,6000,7.14,0.11,N,2,0
51629,23,60000,RENT,4.0,VENTURE,C,3000,15.27,0.05,Y,2,0
51630,25,64000,RENT,7.0,DEBTCONSOLIDATION,D,8000,15.28,0.13,N,3,1
51631,22,70000,OWN,6.0,MEDICAL,A,10000,5.79,0.14,N,3,0
51632,28,30000,RENT,1.0,MEDICAL,A,3600,7.49,0.12,N,7,0
51633,51,72000,MORTGAGE,5.0,PERSONAL,B,8000,10.99,0.11,N,29,0
51634,27,120000,MORTGAGE,0.0,HOMEIMPROVEMENT,A,10000,9.63,0.08,N,10,0
51635,23,50000,RENT,5.0,VENTURE,B,7500,11.71,0.15,N,3,0
51636,25,120000,OWN,1.0,MEDICAL,B,6000,11.89,0.05,N,2,0
51637,23,40000,RENT,7.0,VENTURE,D,15000,17.58,0.38,N,3,1
51638,22,44000,RENT,5.0,VENTURE,B,4000,11.71,0.09,N,3,0
51639,24,60000,RENT,3.0,PERSONAL,A,10000,7.9,0.17,N,3,0
51640,22,38400,RENT,5.0,MEDICAL,B,2400,10.37,0.06,N,2,0
51641,22,48000,MORTGAGE,0.0,MEDICAL,A,4000,7.14,0.08,N,2,0
51642,23,42000,RENT,4.0,EDUCATION,C,2000,13.61,0.05,Y,3,1
51643,29,50000,RENT,3.0,PERSONAL,E,6000,16.82,0.12,N,9,0
51644,28,60000,RENT,0.0,EDUCATION,D,6400,15.99,0.11,Y,8,1
51645,36,95000,MORTGAGE,4.0,DEBTCONSOLIDATION,A,5000,7.29,0.05,N,11,0
51646,23,95000,MORTGAGE,4.0,EDUCATION,B,35000,9.63,0.44,N,4,0
51647,37,54000,RENT,4.0,PERSONAL,D,10000,16.49,0.19,N,17,0
51648,26,78000,MORTGAGE,10.0,PERSONAL,E,15000,19.29,0.19,N,3,0
51649,28,122000,MORTGAGE,12.0,VENTURE,C,10000,13.57,0.08,N,7,0
51650,22,76300,MORTGAGE,1.0,VENTURE,B,8000,11.49,0.1,N,4,0
51651,45,32000,RENT,0.0,DEBTCONSOLIDATION,A,1000,7.29,0.04,N,12,0
51652,30,60000,MORTGAGE,2.0,HOMEIMPROVEMENT,A,20000,7.88,0.33,N,7,0
51653,37,42000,MORTGAGE,15.0,PERSONAL,B,11700,10.99,0.27,N,13,0
51654,24,60000,RENT,2.0,MEDICAL,A,8400,7.29,0.14,N,2,0
51655,27,65000,MORTGAGE,11.0,DEBTCONSOLIDATION,A,5000,6.03,0.08,N,6,0
51656,58,140000,MORTGAGE,17.0,PERSONAL,A,6000,7.66,0.04,N,27,0
51657,23,110000,MORTGAGE,7.0,MEDICAL,C,25000,13.8,0.23,N,4,0
51658,35,41500,RENT,6.0,PERSONAL,D,10200,16.77,0.24,Y,6,0
51659,27,60000,MORTGAGE,11.0,DEBTCONSOLIDATION,A,6000,6.92,0.1,N,5,0
51660,23,42000,MORTGAGE,3.0,EDUCATION,A,10000,7.49,0.24,N,2,0
51661,34,55000,MORTGAGE,2.0,PERSONAL,A,1500,7.9,0.03,N,7,0
51662,35,110000,RENT,0.0,PERSONAL,B,12000,10.37,0.11,N,10,0
51663,31,85000,MORTGAGE,15.0,MEDICAL,C,10000,13.49,0.12,Y,5,0
51664,27,25200,RENT,3.0,PERSONAL,B,1500,10.25,0.06,N,5,0
51665,26,54000,MORTGAGE,5.0,DEBTCONSOLIDATION,B,20000,10.99,0.37,N,2,0
51666,30,75000,MORTGAGE,7.0,PERSONAL,A,10000,7.14,0.13,N,5,0
51667,37,110004,MORTGAGE,9.0,DEBTCONSOLIDATION,B,15000,11.86,0.14,N,15,0
51668,28,54000,MORTGAGE,7.0,MEDICAL,D,7500,16.49,0.14,N,7,1
51669,28,27600,RENT,3.0,EDUCATION,D,7000,16.07,0.25,Y,7,0
51670,37,60000,RENT,0.0,DEBTCONSOLIDATION,A,3000,6.91,0.05,N,12,0
51671,21,29004,RENT,3.0,MEDICAL,B,12000,10.0,0.41,N,2,1
51672,25,51000,RENT,9.0,PERSONAL,B,4000,10.25,0.08,N,2,1
51673,29,31200,RENT,2.0,DEBTCONSOLIDATION,B,4200,12.42,0.13,N,10,0
51674,27,75000,MORTGAGE,4.0,HOMEIMPROVEMENT,A,6000,8.0,0.08,N,6,0
51675,23,60000,RENT,7.0,EDUCATION,C,10000,13.49,0.17,Y,4,0
51676,38,60000,MORTGAGE,9.0,MEDICAL,A,5000,5.42,0.08,N,11,0
51677,29,93000,RENT,1.0,VENTURE,A,7100,7.49,0.08,N,10,0
51678,23,60000,MORTGAGE,0.0,DEBTCONSOLIDATION,B,12000,11.11,0.2,N,2,0
51679,35,30000,RENT,2.0,DEBTCONSOLIDATION,B,3000,10.36,0.1,N,5,0
51680,25,29004,RENT,5.0,MEDICAL,C,10000,12.84,0.34,N,2,1
51681,24,60000,OWN,8.0,HOMEIMPROVEMENT,B,6500,10.99,0.11,N,4,0
51682,26,72000,MORTGAGE,5.0,EDUCATION,A,6000,7.9,0.08,N,2,0
51683,22,50000,RENT,1.0,DEBTCONSOLIDATION,A,18000,8.9,0.36,N,2,1
51684,31,98000,MORTGAGE,4.0,VENTURE,B,14000,9.99,0.14,N,5,0
51685,23,40000,RENT,7.0,DEBTCONSOLIDATION,B,10000,10.62,0.25,N,2,0
51686,24,48000,RENT,1.0,MEDICAL,C,10000,14.22,0.21,N,3,0
51687,20,85000,MORTGAGE,4.0,DEBTCONSOLIDATION,B,18000,10.59,0.21,N,3,0
51688,23,39000,MORTGAGE,7.0,DEBTCONSOLIDATION,C,1000,12.68,0.03,N,2,0
51689,25,44000,RENT,1.0,VENTURE,B,9500,12.53,0.22,N,2,1
51690,23,38500,RENT,0.0,MEDICAL,A,6000,7.51,0.16,N,3,0
51691,33,26400,RENT,8.0,MEDICAL,B,10000,11.71,0.38,N,10,1
51692,28,100000,MORTGAGE,9.0,PERSONAL,A,7000,7.14,0.07,N,6,0
51693,25,58000,RENT,6.0,PERSONAL,A,9000,8.49,0.15,N,3,0
51694,26,75000,MORTGAGE,9.0,HOMEIMPROVEMENT,A,6500,6.17,0.09,N,4,0
51695,25,36000,OWN,1.0,HOMEIMPROVEMENT,D,12000,15.31,0.33,N,3,0
51696,29,60000,MORTGAGE,9.0,EDUCATION,A,15000,6.03,0.25,N,8,0
51697,24,64000,MORTGAGE,4.0,HOMEIMPROVEMENT,A,12000,7.51,0.19,N,2,1
51698,22,90000,RENT,2.0,PERSONAL,B,8000,11.99,0.09,N,4,0
51699,26,45000,MORTGAGE,3.0,PERSONAL,B,6000,11.89,0.13,N,2,0
51700,23,60000,RENT,5.0,PERSONAL,B,10000,12.42,0.17,N,3,0
51701,22,30000,RENT,3.0,PERSONAL,B,6800,12.53,0.22,N,2,0
51702,22,42000,RENT,6.0,PERSONAL,B,12000,10.37,0.29,N,3,0
51703,30,69528,RENT,4.0,MEDICAL,A,6000,5.79,0.09,N,7,0
51704,30,17000,RENT,0.0,HOMEIMPROVEMENT,D,3600,15.95,0.21,Y,10,1
51705,35,75000,RENT,1.0,VENTURE,C,10000,15.27,0.13,N,6,0
51706,29,45500,OWN,13.0,PERSONAL,A,7000,6.92,0.16,N,5,0
51707,31,47000,RENT,2.0,DEBTCONSOLIDATION,A,3000,8.9,0.06,N,5,0
51708,22,42000,RENT,0.0,PERSONAL,C,2500,13.61,0.06,Y,3,0
51709,33,48000,MORTGAGE,4.0,MEDICAL,B,10000,11.99,0.21,N,7,0
51710,29,100000,MORTGAGE,13.0,PERSONAL,A,10000,8.49,0.1,N,7,0
51711,21,19000,RENT,2.0,MEDICAL,C,1500,14.35,0.08,Y,2,1
51712,25,100000,MORTGAGE,7.0,EDUCATION,A,9000,5.42,0.09,N,2,0
51713,29,34800,RENT,4.0,DEBTCONSOLIDATION,A,15000,7.51,0.43,N,10,1
51714,22,48000,RENT,7.0,MEDICAL,A,4500,7.88,0.1,N,3,0
51715,28,57700,MORTGAGE,13.0,HOMEIMPROVEMENT,D,15000,14.54,0.26,N,8,1
51716,29,60000,RENT,1.0,MEDICAL,D,6000,15.99,0.1,N,7,1
51717,22,25200,RENT,0.0,EDUCATION,C,5000,13.11,0.2,Y,3,0
51718,31,59534,MORTGAGE,0.0,PERSONAL,D,15000,15.21,0.25,Y,7,0
51719,24,60000,MORTGAGE,7.0,VENTURE,A,10000,7.51,0.17,N,4,0
51720,24,90000,MORTGAGE,3.0,EDUCATION,A,5000,6.03,0.05,N,4,0
51721,33,93000,MORTGAGE,15.0,PERSONAL,B,12000,9.99,0.13,N,7,0
51722,24,100000,MORTGAGE,8.0,VENTURE,A,3000,7.88,0.03,N,2,0
51723,22,38004,RENT,0.0,MEDICAL,B,13000,11.58,0.34,N,3,1
51724,35,98004,RENT,15.0,DEBTCONSOLIDATION,B,10000,11.83,0.1,N,8,0
51725,24,64000,MORTGAGE,8.0,HOMEIMPROVEMENT,A,12000,6.03,0.19,N,3,0
51726,36,60000,MORTGAGE,2.0,VENTURE,A,10000,7.51,0.17,N,12,0
51727,23,58000,RENT,2.0,MEDICAL,B,16500,11.99,0.28,N,4,1
51728,30,90000,MORTGAGE,14.0,VENTURE,A,4800,8.49,0.05,N,5,0
51729,26,32000,RENT,3.0,MEDICAL,A,5000,9.32,0.16,N,2,0
51730,23,50000,MORTGAGE,7.0,EDUCATION,C,12000,13.98,0.24,Y,3,0
51731,31,42000,OWN,3.0,MEDICAL,B,2000,10.0,0.05,N,7,0
51732,33,65000,MORTGAGE,17.0,VENTURE,A,12000,6.17,0.18,N,6,0
51733,22,30000,OWN,3.0,PERSONAL,B,2000,11.14,0.07,N,3,0
51734,26,61500,MORTGAGE,2.0,HOMEIMPROVEMENT,B,18000,11.49,0.29,N,2,0
51735,28,24000,RENT,2.0,MEDICAL,A,5000,5.42,0.21,N,6,0
51736,26,30000,MORTGAGE,1.0,HOMEIMPROVEMENT,C,7000,12.53,0.23,Y,4,0
51737,26,40000,RENT,3.0,EDUCATION,A,2400,7.51,0.06,N,4,0
51738,24,45000,RENT,0.0,EDUCATION,C,4400,14.22,0.1,N,4,0
51739,25,40000,RENT,5.0,EDUCATION,B,16000,12.69,0.4,N,4,1
51740,35,130000,MORTGAGE,14.0,MEDICAL,B,21000,11.12,0.16,N,9,0
51741,25,40000,MORTGAGE,9.0,DEBTCONSOLIDATION,A,4000,8.9,0.1,N,4,0
51742,30,115000,MORTGAGE,5.0,PERSONAL,A,20000,6.62,0.17,N,10,0
51743,45,30000,RENT,5.0,PERSONAL,B,10000,10.75,0.33,N,14,1
51744,25,40000,MORTGAGE,5.0,EDUCATION,B,5400,12.42,0.14,N,4,0
51745,27,36000,RENT,0.0,HOMEIMPROVEMENT,D,8000,15.37,0.22,Y,7,1
51746,23,40000,MORTGAGE,5.0,PERSONAL,A,6000,7.51,0.15,N,3,0
51747,34,60000,MORTGAGE,18.0,EDUCATION,A,4000,7.88,0.07,N,9,0
51748,28,34000,RENT,4.0,HOMEIMPROVEMENT,C,4000,13.49,0.12,Y,7,1
51749,28,40000,MORTGAGE,12.0,EDUCATION,A,12000,7.51,0.3,N,7,0
51750,33,55000,MORTGAGE,17.0,VENTURE,A,10000,7.9,0.18,N,9,0
51751,26,60000,RENT,5.0,PERSONAL,A,5000,7.29,0.08,N,4,0
51752,54,26400,RENT,2.0,PERSONAL,C,2500,13.49,0.09,N,21,0
51753,21,24432,RENT,0.0,EDUCATION,A,2000,7.88,0.08,N,4,0
51754,27,84906,MORTGAGE,2.0,PERSONAL,A,6000,7.51,0.07,N,10,0
51755,28,50000,MORTGAGE,4.0,DEBTCONSOLIDATION,A,10000,7.9,0.2,N,6,0
51756,22,50000,MORTGAGE,6.0,PERSONAL,A,10000,8.94,0.2,N,3,0
51757,21,28800,RENT,0.0,EDUCATION,D,10000,12.49,0.35,N,4,1
51758,28,30000,RENT,2.0,MEDICAL,C,3000,13.49,0.1,Y,8,0
51759,30,50000,MORTGAGE,14.0,PERSONAL,B,15000,9.91,0.3,N,9,0
51760,24,18204,RENT,2.0,PERSONAL,E,5000,16.35,0.27,Y,2,1
51761,31,100000,MORTGAGE,6.0,PERSONAL,B,8000,9.63,0.08,N,10,0
51762,27,54000,MORTGAGE,11.0,EDUCATION,A,12000,6.62,0.22,N,7,0
51763,26,135000,MORTGAGE,10.0,MEDICAL,A,15000,6.92,0.11,N,2,0
51764,40,60000,RENT,2.0,MEDICAL,B,2500,11.48,0.04,N,13,0
51765,25,57600,MORTGAGE,2.0,EDUCATION,A,13000,5.79,0.23,N,4,0
51766,26,36000,RENT,2.0,PERSONAL,B,6000,12.69,0.17,N,4,0
51767,45,34000,RENT,14.0,DEBTCONSOLIDATION,A,3000,6.76,0.09,N,12,0
51768,22,12996,RENT,0.0,PERSONAL,D,5500,14.59,0.43,N,2,1
51769,52,60000,RENT,17.0,PERSONAL,B,7000,10.99,0.12,N,30,0
51770,22,38000,RENT,0.0,PERSONAL,F,9000,18.3,0.24,N,4,1
51771,29,50433,RENT,7.0,VENTURE,A,5000,6.99,0.1,N,9,0
51772,48,32000,OTHER,3.0,MEDICAL,B,8000,11.71,0.25,N,11,0
51773,29,85000,MORTGAGE,2.0,EDUCATION,A,7000,7.14,0.08,N,7,0
51774,22,57600,RENT,0.0,DEBTCONSOLIDATION,B,8000,9.25,0.14,N,3,0
51775,30,30000,RENT,14.0,DEBTCONSOLIDATION,A,4500,5.99,0.15,N,7,0
51776,26,95000,MORTGAGE,10.0,DEBTCONSOLIDATION,B,2400,10.99,0.03,N,4,0
51777,25,45600,MORTGAGE,9.0,PERSONAL,B,5000,10.65,0.11,N,3,0
51778,26,51150,RENT,6.0,MEDICAL,B,8400,11.99,0.17,N,4,0
51779,38,60000,RENT,2.0,MEDICAL,B,14000,11.83,0.23,N,12,0
51780,27,76000,OWN,11.0,HOMEIMPROVEMENT,D,5000,16.49,0.07,N,7,0
51781,23,18000,RENT,1.0,EDUCATION,C,3000,13.85,0.17,N,3,1
51782,27,72000,RENT,5.0,HOMEIMPROVEMENT,B,20000,11.83,0.28,N,6,0
51783,25,47000,RENT,9.0,MEDICAL,B,15000,10.37,0.32,N,2,0
51784,22,75000,RENT,2.0,EDUCATION,A,10000,6.03,0.13,N,2,0
51785,23,90000,RENT,7.0,MEDICAL,C,5000,15.96,0.06,Y,4,0
51786,39,60000,MORTGAGE,20.0,PERSONAL,A,6000,7.68,0.1,N,14,0
51787,22,40000,RENT,4.0,DEBTCONSOLIDATION,C,4000,12.73,0.1,Y,3,0
51788,25,56000,RENT,1.0,VENTURE,D,10000,15.28,0.18,Y,2,1
51789,34,59000,RENT,3.0,MEDICAL,A,17500,6.17,0.31,N,5,1
51790,23,58000,RENT,2.0,EDUCATION,C,14000,14.65,0.24,N,3,0
51791,24,24000,RENT,1.0,EDUCATION,C,5000,13.61,0.21,N,2,0
51792,28,140000,MORTGAGE,2.0,VENTURE,C,25000,13.11,0.18,Y,6,0
51793,22,60000,RENT,2.0,VENTURE,B,5000,10.0,0.08,N,2,0
51794,24,65000,MORTGAGE,5.0,MEDICAL,C,10000,13.49,0.15,Y,2,0
51795,28,80000,RENT,0.0,HOMEIMPROVEMENT,B,10000,10.95,0.13,N,8,0
51796,38,62000,RENT,22.0,DEBTCONSOLIDATION,C,1800,14.65,0.03,N,15,0
51797,21,90000,MORTGAGE,0.0,PERSONAL,B,15000,10.62,0.17,N,3,0
51798,40,79872,MORTGAGE,4.0,DEBTCONSOLIDATION,C,18000,12.68,0.23,N,12,0
51799,25,33280,RENT,0.0,VENTURE,B,10000,10.59,0.3,N,4,0
51800,26,78956,OWN,10.0,VENTURE,A,35000,6.91,0.45,N,3,0
51801,23,72000,MORTGAGE,8.0,PERSONAL,B,14000,9.99,0.19,N,2,0
51802,37,88000,RENT,4.0,PERSONAL,B,25000,10.99,0.28,N,11,1
51803,24,54996,RENT,0.0,DEBTCONSOLIDATION,C,5000,13.47,0.09,Y,3,0
51804,31,61200,RENT,2.0,EDUCATION,B,4200,11.14,0.07,N,8,0
51805,22,30000,RENT,2.0,DEBTCONSOLIDATION,B,12000,10.99,0.4,N,2,1
51806,38,55640,MORTGAGE,4.0,VENTURE,A,25000,7.9,0.49,N,13,0
51807,34,16000,RENT,0.0,PERSONAL,D,3000,14.46,0.18,N,5,1
51808,32,182004,MORTGAGE,2.0,EDUCATION,A,15000,6.62,0.08,N,6,0
51809,28,24000,OWN,7.0,EDUCATION,B,10000,12.69,0.41,N,8,0
51810,27,36000,RENT,0.0,MEDICAL,A,8400,7.49,0.23,N,7,0
51811,47,54000,RENT,0.0,MEDICAL,C,20000,15.27,0.37,Y,12,1
51812,38,35000,RENT,6.0,MEDICAL,C,8000,13.49,0.23,N,17,0
51813,25,70000,MORTGAGE,7.0,DEBTCONSOLIDATION,B,15000,11.71,0.21,N,4,0
51814,28,52260,MORTGAGE,4.0,EDUCATION,C,10000,13.61,0.19,N,6,0
51815,24,71004,MORTGAGE,8.0,PERSONAL,E,20000,16.95,0.28,Y,4,1
51816,23,73440,MORTGAGE,7.0,EDUCATION,B,7000,9.99,0.1,N,2,0
51817,29,62000,MORTGAGE,2.0,VENTURE,C,5000,13.47,0.08,N,9,0
51818,35,78000,MORTGAGE,1.0,HOMEIMPROVEMENT,A,12000,5.42,0.15,N,9,0
51819,23,80000,MORTGAGE,7.0,MEDICAL,B,6000,10.99,0.07,N,2,0
51820,43,70000,MORTGAGE,3.0,PERSONAL,D,12000,14.46,0.17,N,16,0
51821,30,72000,MORTGAGE,3.0,EDUCATION,C,12000,13.61,0.17,Y,5,0
51822,26,65400,RENT,1.0,HOMEIMPROVEMENT,C,12000,13.06,0.18,N,2,0
51823,22,48000,RENT,3.0,EDUCATION,B,2800,10.99,0.06,N,4,0
51824,26,58000,MORTGAGE,10.0,MEDICAL,A,3000,6.39,0.05,N,4,0
51825,37,48000,MORTGAGE,1.0,MEDICAL,B,15000,10.99,0.31,N,12,0
51826,25,113000,RENT,0.0,VENTURE,B,2525,12.21,0.21,N,2,0
51827,52,45600,OWN,0.0,PERSONAL,B,9800,11.48,0.21,N,28,0
51828,24,70000,MORTGAGE,3.0,VENTURE,A,10000,8.59,0.14,N,3,0
51829,46,55000,MORTGAGE,13.0,PERSONAL,A,5000,7.66,0.09,N,17,0
51830,21,86000,MORTGAGE,5.0,EDUCATION,B,8000,10.99,0.09,N,4,0
51831,25,30000,RENT,9.0,MEDICAL,B,10000,9.88,0.33,N,3,1
51832,24,60000,RENT,5.0,HOMEIMPROVEMENT,B,10000,11.58,0.17,N,2,0
51833,25,52000,RENT,2.0,PERSONAL,A,5000,7.91,0.1,N,4,0
51834,26,150000,MORTGAGE,10.0,EDUCATION,B,24000,10.99,0.16,N,4,0
51835,26,81360,MORTGAGE,4.0,EDUCATION,A,15000,7.9,0.18,N,4,0
51836,23,70000,RENT,7.0,DEBTCONSOLIDATION,B,12000,10.62,0.17,N,4,0
51837,29,40000,RENT,2.0,DEBTCONSOLIDATION,A,3000,7.05,0.07,N,7,0
51838,34,58000,MORTGAGE,10.0,EDUCATION,A,14000,7.88,0.24,N,5,0
51839,27,42000,RENT,5.0,MEDICAL,B,5000,11.86,0.12,N,8,0
51840,22,55000,MORTGAGE,6.0,VENTURE,A,10000,6.03,0.18,N,2,0
51841,21,28000,RENT,2.0,DEBTCONSOLIDATION,B,7125,9.67,0.25,N,4,0
51842,33,45000,RENT,1.0,DEBTCONSOLIDATION,C,8000,12.84,0.18,Y,9,0
51843,23,30000,RENT,1.0,DEBTCONSOLIDATION,C,1500,13.72,0.05,N,4,1
51844,22,30000,RENT,2.0,EDUCATION,B,10000,12.18,0.33,N,3,1
51845,23,66000,RENT,3.0,VENTURE,A,12000,6.91,0.18,N,3,0
51846,22,45000,MORTGAGE,1.0,EDUCATION,D,7000,12.86,0.16,N,2,0
51847,28,52000,MORTGAGE,12.0,HOMEIMPROVEMENT,A,3600,7.49,0.07,N,9,0
51848,25,52000,RENT,1.0,EDUCATION,C,18000,13.11,0.35,Y,4,1
51849,26,56004,OWN,10.0,MEDICAL,B,14000,11.26,0.25,N,3,0
51850,25,150000,MORTGAGE,9.0,HOMEIMPROVEMENT,B,20000,12.21,0.13,N,2,0
51851,45,52800,RENT,1.0,VENTURE,A,9000,8.94,0.17,N,17,0
51852,27,40000,RENT,0.0,HOMEIMPROVEMENT,C,4000,12.73,0.1,Y,8,1
51853,22,69743,MORTGAGE,1.0,PERSONAL,D,13200,14.91,0.17,Y,3,1
51854,29,59000,MORTGAGE,5.0,MEDICAL,C,15000,13.49,0.25,N,5,1
51855,28,91800,MORTGAGE,4.0,MEDICAL,D,20000,14.91,0.19,Y,8,1
51856,25,42000,MORTGAGE,9.0,PERSONAL,A,3000,7.66,0.07,N,3,0
51857,28,60000,RENT,3.0,MEDICAL,A,5000,6.92,0.08,N,5,0
51858,23,45000,MORTGAGE,4.0,VENTURE,B,6000,10.99,0.13,N,3,0
51859,26,70800,MORTGAGE,10.0,EDUCATION,C,10000,12.61,0.14,N,4,0
51860,23,39996,RENT,2.0,VENTURE,A,1000,7.49,0.03,N,3,0
51861,24,65000,OWN,8.0,HOMEIMPROVEMENT,A,14500,7.66,0.22,N,2,0
51862,22,46800,MORTGAGE,6.0,MEDICAL,B,13000,10.37,0.3,N,2,0
51863,29,65000,RENT,3.0,HOMEIMPROVEMENT,D,15000,16.0,0.23,N,5,0
51864,21,75000,MORTGAGE,2.0,EDUCATION,B,7125,9.99,0.1,N,4,0
51865,26,83604,RENT,2.0,DEBTCONSOLIDATION,B,11000,10.99,0.13,N,3,0
51866,23,65000,MORTGAGE,7.0,EDUCATION,A,8000,6.62,0.12,N,2,0
51867,29,48996,RENT,5.0,MEDICAL,A,5000,7.88,0.1,N,9,0
51868,24,35000,RENT,0.0,VENTURE,C,6000,13.98,0.17,N,2,0
51869,26,37000,MORTGAGE,2.0,MEDICAL,C,10750,13.22,0.29,N,2,0
51870,27,80000,MORTGAGE,11.0,VENTURE,A,7500,7.88,0.09,N,6,0
51871,31,43288,RENT,7.0,VENTURE,B,10000,10.74,0.23,N,9,0
51872,38,50000,MORTGAGE,12.0,DEBTCONSOLIDATION,A,12000,5.42,0.24,N,14,0
51873,22,45000,MORTGAGE,6.0,EDUCATION,B,10000,9.91,0.22,N,3,0
51874,31,90000,RENT,3.0,DEBTCONSOLIDATION,B,20000,12.53,0.22,N,9,0
51875,28,79112,MORTGAGE,12.0,PERSONAL,A,5000,7.74,0.06,N,6,0
51876,23,43500,MORTGAGE,2.0,DEBTCONSOLIDATION,B,4000,12.69,0.09,N,4,0
51877,25,39000,RENT,9.0,MEDICAL,C,3000,13.99,0.08,Y,2,0
51878,27,48500,MORTGAGE,7.0,VENTURE,B,5000,10.37,0.1,N,5,0
51879,23,80000,RENT,0.0,MEDICAL,B,4800,11.11,0.06,N,4,0
51880,29,42000,RENT,5.0,MEDICAL,B,7500,10.99,0.18,N,9,0
51881,28,90000,RENT,1.0,EDUCATION,B,22000,9.91,0.24,N,6,0
51882,44,36000,MORTGAGE,6.0,VENTURE,B,1000,10.59,0.03,N,11,0
51883,22,90000,MORTGAGE,3.0,MEDICAL,A,8000,5.42,0.09,N,3,0
51884,22,24000,RENT,1.0,VENTURE,A,4000,7.49,0.17,N,2,0
51885,42,34000,RENT,0.0,MEDICAL,A,10000,7.49,0.29,N,17,0
51886,37,110000,MORTGAGE,1.0,DEBTCONSOLIDATION,B,12000,9.99,0.11,N,17,0
51887,22,40000,RENT,6.0,EDUCATION,A,4000,7.14,0.1,N,3,0
51888,22,50000,RENT,6.0,DEBTCONSOLIDATION,B,13000,12.42,0.26,N,4,0
51889,50,52500,RENT,9.0,MEDICAL,F,4000,21.36,0.07,Y,15,1
51890,24,78000,MORTGAGE,8.0,VENTURE,C,5500,12.87,0.07,Y,4,0
51891,25,39000,RENT,9.0,MEDICAL,D,20000,14.11,0.51,Y,2,1
51892,29,78000,RENT,2.0,EDUCATION,C,3600,14.22,0.05,Y,5,0
51893,33,62496,RENT,17.0,PERSONAL,A,12000,6.91,0.19,N,6,0
51894,24,38500,RENT,8.0,MEDICAL,B,6000,11.12,0.16,N,4,0
51895,29,85000,MORTGAGE,2.0,EDUCATION,A,9250,5.99,0.11,N,6,0
51896,25,60000,MORTGAGE,9.0,HOMEIMPROVEMENT,C,6000,12.99,0.1,Y,4,0
51897,27,56000,RENT,2.0,MEDICAL,C,15000,13.16,0.27,Y,7,0
51898,27,54120,RENT,2.0,MEDICAL,B,6000,11.49,0.11,N,6,0
51899,25,38000,RENT,1.0,PERSONAL,B,10000,10.74,0.26,N,3,0
51900,21,40000,MORTGAGE,5.0,EDUCATION,A,10000,7.51,0.25,N,4,0
51901,33,44000,RENT,0.0,VENTURE,D,15450,18.25,0.34,N,10,1
51902,22,60000,RENT,4.0,EDUCATION,A,7000,7.14,0.12,N,3,0
51903,28,83500,RENT,2.0,EDUCATION,C,14200,13.48,0.18,Y,8,0
51904,26,95000,RENT,1.0,EDUCATION,C,8000,13.98,0.08,Y,4,0
51905,28,108000,RENT,3.0,HOMEIMPROVEMENT,A,10000,7.51,0.09,N,6,0
51906,32,75000,RENT,0.0,MEDICAL,A,14400,6.91,0.21,N,8,0
51907,27,90000,RENT,0.0,VENTURE,B,17000,11.11,0.18,N,8,0
51908,22,30000,RENT,6.0,MEDICAL,C,6000,12.99,0.2,Y,2,0
51909,24,52000,MORTGAGE,0.0,HOMEIMPROVEMENT,B,15000,11.14,0.29,N,3,0
51910,27,39912,RENT,0.0,MEDICAL,B,10000,11.49,0.25,N,6,0
51911,29,80000,MORTGAGE,13.0,PERSONAL,B,7400,11.99,0.09,N,6,0
51912,24,60000,MORTGAGE,3.0,PERSONAL,B,12000,10.38,0.2,N,3,0
51913,41,57700,RENT,7.0,HOMEIMPROVEMENT,B,3600,10.37,0.06,N,17,0
51914,23,110000,RENT,2.0,MEDICAL,A,12000,7.88,0.11,N,3,0
51915,43,90000,RENT,11.0,MEDICAL,A,10000,7.51,0.11,N,16,0
51916,26,38000,MORTGAGE,10.0,MEDICAL,A,10000,7.66,0.26,N,2,0
51917,26,60000,MORTGAGE,4.0,PERSONAL,A,6000,7.51,0.1,N,2,0
51918,25,150000,MORTGAGE,9.0,VENTURE,C,20000,13.47,0.13,Y,4,0
51919,24,55000,RENT,3.0,VENTURE,B,6000,11.12,0.11,N,2,0
51920,21,35000,RENT,5.0,DEBTCONSOLIDATION,B,4500,10.99,0.13,N,4,0
51921,24,100000,MORTGAGE,2.0,MEDICAL,A,12000,7.29,0.12,N,2,0
51922,22,84000,RENT,3.0,DEBTCONSOLIDATION,B,12000,11.48,0.14,N,4,0
51923,23,50000,RENT,0.0,EDUCATION,C,10000,13.47,0.2,N,2,0
51924,33,66000,MORTGAGE,6.0,PERSONAL,B,9100,12.42,0.14,N,6,0
51925,25,35000,RENT,9.0,EDUCATION,A,2000,6.76,0.06,N,2,0
51926,22,42000,MORTGAGE,2.0,EDUCATION,A,6400,5.99,0.15,N,3,0
51927,31,37000,RENT,1.0,MEDICAL,B,4000,10.74,0.11,N,10,0
51928,36,42000,RENT,2.0,VENTURE,B,12000,11.48,0.29,N,11,0
51929,28,45000,RENT,4.0,MEDICAL,B,3600,11.49,0.08,N,10,0
51930,34,60000,RENT,0.0,MEDICAL,C,15000,13.49,0.25,Y,5,0
51931,26,48996,RENT,4.0,PERSONAL,A,11000,9.32,0.23,N,4,0
51932,24,70000,RENT,2.0,PERSONAL,B,14000,9.63,0.2,N,3,0
51933,27,60000,RENT,11.0,DEBTCONSOLIDATION,A,3000,7.51,0.05,N,5,0
51934,32,115000,RENT,3.0,HOMEIMPROVEMENT,B,12000,10.99,0.11,N,7,1
51935,37,53000,RENT,0.0,DEBTCONSOLIDATION,C,10000,13.11,0.19,Y,14,0
51936,24,49600,MORTGAGE,8.0,MEDICAL,C,2400,13.35,0.05,N,2,0
51937,30,58000,MORTGAGE,9.0,DEBTCONSOLIDATION,C,6500,13.98,0.11,N,8,0
51938,23,60000,RENT,1.0,PERSONAL,B,4000,10.99,0.07,N,4,0
51939,40,50000,RENT,3.0,MEDICAL,B,18000,10.25,0.36,N,15,0
51940,25,41000,MORTGAGE,2.0,VENTURE,C,9000,13.49,0.23,Y,3,0
51941,28,25200,RENT,2.0,VENTURE,B,7000,11.48,0.27,N,5,0
51942,29,122000,MORTGAGE,13.0,VENTURE,C,10000,12.73,0.08,N,7,0
51943,28,64500,MORTGAGE,12.0,MEDICAL,A,7500,7.88,0.12,N,7,0
51944,24,48000,MORTGAGE,8.0,PERSONAL,B,2500,11.49,0.05,N,2,0
51945,35,62000,MORTGAGE,6.0,MEDICAL,C,8000,12.87,0.13,Y,7,0
51946,22,38000,MORTGAGE,4.0,MEDICAL,B,2000,10.99,0.05,N,3,0
51947,22,72000,MORTGAGE,7.0,PERSONAL,A,6000,7.49,0.08,N,3,0
51948,33,36000,RENT,1.0,PERSONAL,A,1400,7.9,0.04,N,9,1
51949,26,26000,OWN,2.0,HOMEIMPROVEMENT,B,10000,9.99,0.38,N,2,0
51950,22,80004,MORTGAGE,6.0,VENTURE,A,5500,7.14,0.07,N,3,0
51951,27,110000,MORTGAGE,4.0,DEBTCONSOLIDATION,A,12000,7.49,0.11,N,9,0
51952,24,51600,RENT,8.0,EDUCATION,C,2500,12.61,0.05,N,4,0
51953,24,50000,MORTGAGE,8.0,HOMEIMPROVEMENT,B,12000,12.21,0.24,N,2,0
51954,25,75000,RENT,2.0,EDUCATION,B,4000,10.74,0.05,N,4,0
51955,28,50000,MORTGAGE,8.0,VENTURE,B,4000,11.49,0.08,N,9,0
51956,22,42000,RENT,6.0,DEBTCONSOLIDATION,B,4000,11.12,0.1,N,3,0
51957,25,48000,RENT,8.0,EDUCATION,B,8000,10.62,0.17,N,3,0
51958,29,33500,RENT,4.0,MEDICAL,C,10000,13.49,0.3,Y,8,0
51959,24,54996,MORTGAGE,7.0,DEBTCONSOLIDATION,A,5000,7.51,0.09,N,4,0
51960,26,120000,MORTGAGE,5.0,PERSONAL,A,7600,7.51,0.07,N,4,0
51961,22,80000,RENT,3.0,PERSONAL,D,12000,14.91,0.15,N,4,0
51962,24,85000,MORTGAGE,8.0,DEBTCONSOLIDATION,A,24000,5.99,0.28,N,4,0
51963,51,65000,MORTGAGE,7.0,MEDICAL,C,10000,13.49,0.15,Y,30,0
51964,23,28000,MORTGAGE,8.0,EDUCATION,A,7500,7.74,0.27,N,4,0
51965,22,30000,RENT,4.0,EDUCATION,C,3000,14.65,0.1,Y,2,0
51966,24,80000,MORTGAGE,8.0,HOMEIMPROVEMENT,B,12000,10.36,0.15,N,3,0
51967,27,60000,MORTGAGE,10.0,PERSONAL,A,10000,7.49,0.17,N,6,0
51968,22,30000,RENT,1.0,VENTURE,A,6000,7.66,0.2,N,4,0
51969,35,112000,MORTGAGE,2.0,HOMEIMPROVEMENT,B,25000,10.74,0.22,N,10,0
51970,36,130000,MORTGAGE,3.0,EDUCATION,B,25000,10.75,0.19,N,15,0
51971,38,140000,MORTGAGE,12.0,HOMEIMPROVEMENT,A,12000,7.51,0.09,N,12,0
51972,23,50000,RENT,3.0,VENTURE,D,4600,14.54,0.09,N,3,0
51973,24,40000,RENT,1.0,DEBTCONSOLIDATION,C,8000,13.16,0.2,Y,2,0
51974,29,50000,MORTGAGE,8.0,PERSONAL,A,4500,6.62,0.09,N,6,0
51975,24,62000,RENT,3.0,EDUCATION,B,20000,11.48,0.32,N,3,1
51976,24,24000,RENT,0.0,MEDICAL,A,4850,8.9,0.2,N,4,0
51977,26,95000,MORTGAGE,8.0,MEDICAL,C,14000,13.48,0.15,N,2,0
51978,22,50000,MORTGAGE,5.0,PERSONAL,D,8000,15.62,0.16,N,3,0
51979,26,24000,RENT,0.0,VENTURE,C,8000,13.8,0.33,N,2,1
51980,29,85000,RENT,8.0,PERSONAL,C,15000,13.16,0.18,N,10,0
51981,30,60000,MORTGAGE,7.0,DEBTCONSOLIDATION,C,6000,14.72,0.1,Y,8,0
51982,27,125000,MORTGAGE,4.0,MEDICAL,C,5000,13.49,0.04,N,9,0
51983,28,60000,RENT,0.0,HOMEIMPROVEMENT,C,2000,13.48,0.03,N,9,0
51984,43,50000,MORTGAGE,1.0,HOMEIMPROVEMENT,C,4000,12.87,0.08,N,11,0
51985,22,30000,RENT,5.0,DEBTCONSOLIDATION,B,10000,9.91,0.33,N,3,1
51986,37,45000,RENT,3.0,PERSONAL,B,6800,10.65,0.15,N,16,0
51987,38,72000,MORTGAGE,5.0,PERSONAL,C,8000,13.99,0.11,N,13,0
51988,23,48000,RENT,8.0,VENTURE,A,10000,7.29,0.21,N,2,0
51989,23,80796,MORTGAGE,7.0,EDUCATION,C,5000,12.68,0.06,Y,3,0
51990,23,48000,RENT,5.0,PERSONAL,B,2400,11.48,0.05,N,3,0
51991,27,39000,RENT,2.0,DEBTCONSOLIDATION,D,9000,16.0,0.24,N,9,1
51992,25,33000,RENT,9.0,MEDICAL,C,2150,11.97,0.06,Y,2,0
51993,31,40000,RENT,5.0,DEBTCONSOLIDATION,B,10000,11.36,0.25,N,9,0
51994,23,56400,RENT,3.0,VENTURE,B,9000,10.96,0.16,N,4,0
51995,42,40000,RENT,6.0,MEDICAL,B,5000,9.99,0.13,N,15,0
51996,27,55000,RENT,3.0,MEDICAL,B,6000,10.65,0.11,N,8,0
51997,27,35000,RENT,4.0,DEBTCONSOLIDATION,A,6000,7.91,0.17,N,10,0
51998,22,48000,RENT,7.0,EDUCATION,B,12000,10.99,0.25,N,3,0
51999,23,65000,RENT,2.0,EDUCATION,A,7000,7.49,0.11,N,4,0
52000,35,38000,OWN,4.0,HOMEIMPROVEMENT,C,8000,14.79,0.21,Y,10,0
52001,34,60000,MORTGAGE,7.0,VENTURE,A,5000,5.99,0.08,N,6,0
52002,25,100000,MORTGAGE,0.0,HOMEIMPROVEMENT,B,15000,10.99,0.15,N,3,0
52003,35,70000,MORTGAGE,12.0,EDUCATION,A,11000,7.51,0.16,N,9,0
52004,28,29120,RENT,2.0,EDUCATION,B,5000,10.99,0.17,N,8,0
52005,46,60000,MORTGAGE,8.0,HOMEIMPROVEMENT,B,7500,10.51,0.13,N,13,0
52006,27,60000,MORTGAGE,11.0,MEDICAL,B,4500,9.25,0.07,N,10,0
52007,26,63000,RENT,1.0,DEBTCONSOLIDATION,C,8000,15.27,0.13,N,2,0
52008,37,50000,OWN,2.0,HOMEIMPROVEMENT,B,11000,11.48,0.22,N,11,0
52009,24,58000,RENT,0.0,MEDICAL,C,6000,13.49,0.1,Y,3,0
52010,23,78000,OWN,0.0,EDUCATION,B,8000,10.99,0.1,N,2,0
52011,30,140000,MORTGAGE,14.0,DEBTCONSOLIDATION,A,18400,7.66,0.13,N,6,0
52012,22,38400,RENT,4.0,EDUCATION,B,11100,9.63,0.28,N,4,0
52013,22,40000,RENT,0.0,EDUCATION,A,4500,8.49,0.11,N,4,0
52014,23,54780,RENT,6.0,MEDICAL,B,3500,11.71,0.07,N,4,0
52015,23,30000,RENT,2.0,PERSONAL,B,5000,9.25,0.17,N,2,0
52016,26,72000,MORTGAGE,10.0,MEDICAL,B,5000,11.86,0.07,N,2,0
52017,26,45000,RENT,1.0,PERSONAL,B,10000,9.91,0.22,N,2,0
52018,24,62000,MORTGAGE,2.0,DEBTCONSOLIDATION,A,9800,7.88,0.15,N,2,0
52019,28,102000,MORTGAGE,12.0,EDUCATION,A,10000,6.62,0.1,N,6,0
52020,22,70000,MORTGAGE,1.0,EDUCATION,B,4000,10.99,0.06,N,4,0
52021,28,62400,RENT,12.0,PERSONAL,B,4800,9.99,0.08,N,8,0
52022,28,60000,MORTGAGE,12.0,VENTURE,B,20000,10.99,0.33,N,7,0
52023,31,25404,RENT,1.0,HOMEIMPROVEMENT,C,8400,13.11,0.34,Y,6,1
52024,27,75000,MORTGAGE,11.0,HOMEIMPROVEMENT,C,10000,13.48,0.13,Y,6,0
52025,22,36000,MORTGAGE,2.0,DEBTCONSOLIDATION,A,3000,5.99,0.08,N,4,0
52026,30,83000,RENT,5.0,DEBTCONSOLIDATION,D,7500,15.05,0.09,N,5,1
52027,28,71000,MORTGAGE,11.0,MEDICAL,B,10000,12.42,0.14,N,6,0
52028,29,38000,RENT,2.0,DEBTCONSOLIDATION,B,4000,12.69,0.11,N,7,0
52029,26,36996,RENT,0.0,MEDICAL,B,5000,9.99,0.14,N,4,0
52030,21,30000,RENT,1.0,EDUCATION,E,7000,18.64,0.23,Y,3,1
52031,26,64000,MORTGAGE,7.0,EDUCATION,C,8000,12.99,0.13,N,2,0
52032,37,87500,RENT,3.0,VENTURE,B,20000,9.91,0.24,N,17,0
52033,26,38000,RENT,2.0,PERSONAL,B,6000,10.25,0.16,N,4,0
52034,38,101000,RENT,0.0,MEDICAL,B,20000,10.65,0.2,N,17,0
52035,24,72000,MORTGAGE,8.0,VENTURE,A,8000,6.99,0.11,N,2,0
52036,35,130000,RENT,7.0,DEBTCONSOLIDATION,A,12000,7.29,0.09,N,5,0
52037,22,60000,MORTGAGE,2.0,MEDICAL,A,9600,7.88,0.16,N,4,0
52038,38,42000,MORTGAGE,31.0,VENTURE,B,11000,11.49,0.26,N,14,0
52039,26,90000,MORTGAGE,8.0,DEBTCONSOLIDATION,A,6000,7.66,0.07,N,2,0
52040,29,48000,MORTGAGE,13.0,PERSONAL,A,5000,7.51,0.1,N,7,0
52041,22,38004,RENT,4.0,MEDICAL,C,5000,13.35,0.13,N,2,0
52042,23,80000,MORTGAGE,1.0,DEBTCONSOLIDATION,A,12000,5.99,0.15,N,2,0
52043,27,175000,MORTGAGE,11.0,DEBTCONSOLIDATION,A,17000,7.9,0.1,N,7,0
52044,21,63000,MORTGAGE,5.0,DEBTCONSOLIDATION,B,18000,12.42,0.29,N,4,0
52045,34,37000,MORTGAGE,7.0,HOMEIMPROVEMENT,A,6000,6.03,0.16,N,5,0
52046,23,85000,MORTGAGE,4.0,VENTURE,A,10000,7.88,0.12,N,2,0
52047,31,33000,MORTGAGE,10.0,EDUCATION,A,4800,7.49,0.15,N,5,0
52048,22,28000,OWN,3.0,EDUCATION,D,4000,14.61,0.14,Y,3,0
52049,29,75000,RENT,8.0,EDUCATION,C,9000,13.23,0.12,Y,8,0
52050,27,82500,RENT,0.0,DEBTCONSOLIDATION,A,7200,8.9,0.09,N,8,0
52051,35,85224,RENT,0.0,VENTURE,B,1500,11.83,0.02,N,6,0
52052,27,60000,RENT,11.0,HOMEIMPROVEMENT,B,10000,10.65,0.17,N,7,0
52053,26,90000,MORTGAGE,5.0,PERSONAL,A,2800,7.9,0.03,N,4,0
52054,31,120000,MORTGAGE,6.0,PERSONAL,A,12000,5.79,0.1,N,5,0
52055,36,52000,RENT,2.0,DEBTCONSOLIDATION,B,5000,10.36,0.1,N,13,0
52056,27,80000,RENT,3.0,EDUCATION,B,16000,9.99,0.2,N,7,0
52057,23,55000,RENT,8.0,MEDICAL,C,12000,12.84,0.22,N,2,0
52058,37,48500,RENT,3.0,PERSONAL,B,20000,12.53,0.41,N,14,1
52059,30,60000,RENT,3.0,HOMEIMPROVEMENT,D,9000,15.65,0.15,N,6,0
52060,24,85000,RENT,8.0,MEDICAL,B,6000,11.99,0.07,N,4,0
52061,21,72000,RENT,6.0,EDUCATION,C,16000,14.27,0.22,N,3,0
52062,31,60000,MORTGAGE,3.0,PERSONAL,A,10000,7.51,0.17,N,5,0
52063,29,83000,MORTGAGE,3.0,MEDICAL,B,18000,10.99,0.21,N,10,0
52064,23,67000,RENT,3.0,VENTURE,A,1800,6.76,0.03,N,3,0
52065,25,47900,OWN,1.0,VENTURE,C,13000,13.47,0.27,Y,2,0
52066,28,40000,MORTGAGE,2.0,EDUCATION,B,9000,10.25,0.23,N,5,0
52067,24,95000,RENT,5.0,VENTURE,D,20000,14.61,0.21,Y,2,0
52068,29,40000,RENT,0.0,MEDICAL,C,12000,13.16,0.3,N,6,0
52069,24,65000,RENT,3.0,DEBTCONSOLIDATION,A,15000,6.54,0.23,N,4,0
52070,22,51600,RENT,6.0,EDUCATION,B,7500,9.63,0.16,N,4,0
52071,30,50400,RENT,6.0,DEBTCONSOLIDATION,C,9000,13.49,0.18,Y,8,0
52072,30,90000,RENT,4.0,MEDICAL,B,6000,11.86,0.07,N,8,0
52073,26,130000,RENT,7.0,EDUCATION,B,21000,10.62,0.16,N,2,0
52074,22,35600,RENT,3.0,VENTURE,A,6000,7.29,0.17,N,2,1
52075,23,38970,MORTGAGE,7.0,VENTURE,A,10000,9.32,0.26,N,3,0
52076,30,74000,MORTGAGE,11.0,PERSONAL,E,10000,18.79,0.14,Y,8,0
52077,22,45000,MORTGAGE,6.0,PERSONAL,B,4000,11.49,0.09,N,3,0
52078,31,85000,MORTGAGE,16.0,PERSONAL,A,8000,7.49,0.09,N,6,0
52079,23,38004,RENT,5.0,EDUCATION,B,18000,11.11,0.47,N,2,1
52080,37,72600,RENT,5.0,VENTURE,B,4500,9.99,0.06,N,14,0
52081,23,24996,RENT,0.0,DEBTCONSOLIDATION,B,7000,11.89,0.28,N,2,0
52082,21,53000,RENT,5.0,MEDICAL,C,7000,13.85,0.13,N,4,0
52083,21,35000,OWN,5.0,VENTURE,A,5000,7.51,0.14,N,3,0
52084,43,90000,OWN,5.0,PERSONAL,C,10000,14.27,0.11,Y,17,0
52085,23,75000,MORTGAGE,5.0,EDUCATION,B,10000,11.49,0.13,N,3,0
52086,25,250000,MORTGAGE,4.0,DEBTCONSOLIDATION,C,15000,14.79,0.06,Y,3,0
52087,23,140004,RENT,7.0,DEBTCONSOLIDATION,C,4800,14.22,0.03,Y,4,0
52088,24,45000,RENT,0.0,MEDICAL,C,4000,12.53,0.09,N,2,0
52089,36,50000,RENT,5.0,EDUCATION,A,8000,7.49,0.16,N,12,0
52090,34,30000,RENT,0.0,EDUCATION,A,2000,6.91,0.07,N,6,0
52091,32,25200,RENT,0.0,DEBTCONSOLIDATION,C,3000,14.35,0.12,N,5,0
52092,23,100000,RENT,0.0,MEDICAL,A,10000,7.49,0.1,N,3,0
52093,24,40000,RENT,0.0,EDUCATION,C,12000,13.22,0.3,Y,3,0
52094,24,95000,RENT,1.0,PERSONAL,B,12000,10.99,0.13,N,3,0
52095,26,58000,MORTGAGE,10.0,HOMEIMPROVEMENT,E,12000,14.18,0.21,N,2,0
52096,29,66500,MORTGAGE,13.0,DEBTCONSOLIDATION,D,15000,14.61,0.21,Y,8,1
52097,25,32000,RENT,2.0,MEDICAL,B,9000,11.49,0.28,N,4,0
52098,23,45000,RENT,0.0,PERSONAL,A,5000,6.91,0.11,N,4,0
52099,22,33996,RENT,4.0,PERSONAL,D,1600,15.31,0.05,Y,3,0
52100,23,54586,RENT,5.0,EDUCATION,B,19000,11.14,0.35,N,3,1
52101,21,20000,OWN,2.0,EDUCATION,D,2500,15.58,0.13,Y,2,0
52102,30,65000,RENT,4.0,MEDICAL,B,20000,10.75,0.31,N,8,1
52103,31,51000,MORTGAGE,0.0,HOMEIMPROVEMENT,A,3000,6.03,0.06,N,7,0
52104,24,95000,RENT,2.0,DEBTCONSOLIDATION,B,5000,9.62,0.05,N,4,0
52105,21,45180,RENT,1.0,PERSONAL,C,5000,13.98,0.11,N,4,0
52106,22,80000,MORTGAGE,2.0,EDUCATION,B,6000,10.99,0.07,N,3,0
52107,28,60000,MORTGAGE,12.0,HOMEIMPROVEMENT,B,8000,11.12,0.13,N,9,0
52108,21,39996,MORTGAGE,2.0,PERSONAL,B,3000,9.91,0.08,N,4,0
52109,36,24000,OWN,6.0,VENTURE,B,5000,10.62,0.21,N,17,0
52110,23,60000,RENT,0.0,VENTURE,C,9000,13.48,0.15,Y,3,0
52111,27,40000,RENT,2.0,PERSONAL,C,7000,14.35,0.17,Y,9,0
52112,41,151000,MORTGAGE,4.0,DEBTCONSOLIDATION,C,35000,13.49,0.22,N,12,0
52113,28,120000,MORTGAGE,12.0,VENTURE,A,12000,5.42,0.1,N,7,0
52114,31,106000,RENT,15.0,DEBTCONSOLIDATION,D,10000,14.96,0.09,Y,6,1
52115,23,60000,MORTGAGE,7.0,EDUCATION,B,10000,9.88,0.17,N,3,0
52116,21,57600,RENT,5.0,VENTURE,D,13000,15.65,0.23,N,2,0
52117,22,30000,RENT,1.0,DEBTCONSOLIDATION,D,10000,15.05,0.33,Y,4,1
52118,32,62000,MORTGAGE,7.0,PERSONAL,A,12500,7.66,0.21,N,8,0
52119,23,29100,MORTGAGE,7.0,DEBTCONSOLIDATION,D,11225,14.42,0.36,Y,3,1
52120,23,37000,RENT,2.0,VENTURE,A,2000,5.42,0.05,N,3,0
52121,27,120000,MORTGAGE,1.0,HOMEIMPROVEMENT,B,7500,10.36,0.06,N,5,0
52122,22,50000,RENT,7.0,MEDICAL,B,5800,8.88,0.11,N,4,0
52123,30,108000,RENT,4.0,HOMEIMPROVEMENT,B,10000,12.21,0.09,N,10,0
52124,23,67000,RENT,7.0,PERSONAL,B,20000,11.11,0.3,N,4,0
52125,25,59000,RENT,3.0,VENTURE,C,13000,13.8,0.22,Y,2,0
52126,39,40000,RENT,2.0,VENTURE,A,10000,8.49,0.25,N,14,0
52127,24,45000,MORTGAGE,2.0,MEDICAL,A,4450,7.51,0.1,N,4,0
52128,21,77052,RENT,1.0,PERSONAL,C,8000,12.84,0.11,Y,4,0
52129,23,40000,RENT,1.0,DEBTCONSOLIDATION,A,7500,5.79,0.19,N,3,0
52130,23,110000,MORTGAGE,5.0,PERSONAL,A,6000,7.51,0.05,N,3,0
52131,25,50000,MORTGAGE,0.0,EDUCATION,D,10000,15.7,0.2,N,2,0
52132,22,57500,RENT,0.0,MEDICAL,A,2000,6.91,0.03,N,3,0
52133,26,50000,RENT,4.0,MEDICAL,B,3600,10.99,0.07,N,4,0
52134,24,54000,RENT,1.0,HOMEIMPROVEMENT,B,13000,10.65,0.24,N,3,0
52135,39,45000,RENT,12.0,VENTURE,B,1800,11.11,0.04,N,14,0
52136,30,73500,MORTGAGE,3.0,VENTURE,B,15000,12.18,0.19,N,9,0
52137,23,49000,OWN,6.0,MEDICAL,D,4000,14.96,0.08,Y,4,0
52138,28,65000,MORTGAGE,7.0,PERSONAL,A,12000,7.51,0.18,N,10,0
52139,38,43000,OWN,5.0,VENTURE,C,10000,13.49,0.23,Y,12,0
52140,30,60000,MORTGAGE,5.0,DEBTCONSOLIDATION,A,4000,5.42,0.07,N,5,0
52141,25,54996,RENT,4.0,EDUCATION,B,8000,10.37,0.15,N,2,0
52142,28,43000,RENT,1.0,MEDICAL,B,12400,12.53,0.28,N,5,0
52143,25,120000,MORTGAGE,9.0,DEBTCONSOLIDATION,A,17000,7.49,0.14,N,3,0
52144,22,30000,RENT,2.0,EDUCATION,B,4200,10.99,0.14,N,3,0
52145,22,75000,MORTGAGE,6.0,DEBTCONSOLIDATION,B,14350,10.65,0.19,N,2,0
52146,28,70000,MORTGAGE,12.0,PERSONAL,B,12000,11.71,0.17,N,7,0
52147,21,28800,RENT,0.0,MEDICAL,A,3175,6.03,0.11,N,2,0
52148,23,30000,RENT,0.0,EDUCATION,C,6000,12.87,0.2,Y,3,0
52149,25,30000,OWN,10.0,PERSONAL,D,6000,14.74,0.2,Y,2,0
52150,25,140000,MORTGAGE,9.0,PERSONAL,C,5600,12.99,0.04,Y,2,0
52151,35,32000,RENT,0.0,MEDICAL,A,2000,7.51,0.06,N,7,0
52152,22,48000,RENT,7.0,VENTURE,B,4650,12.69,0.1,N,2,0
52153,38,40000,OWN,4.0,VENTURE,C,3600,13.47,0.09,N,15,0
52154,27,44000,MORTGAGE,5.0,EDUCATION,A,15000,8.9,0.34,N,6,0
52155,27,100000,MORTGAGE,1.0,HOMEIMPROVEMENT,C,15000,14.65,0.15,N,8,0
52156,23,75000,RENT,7.0,MEDICAL,A,20000,6.91,0.27,N,2,0
52157,29,43000,RENT,0.0,PERSONAL,B,4000,9.91,0.09,N,8,0
52158,21,42765,OWN,3.0,EDUCATION,B,18000,8.88,0.42,N,4,0
52159,31,24000,RENT,8.0,MEDICAL,C,2000,14.79,0.08,Y,9,0
52160,42,54000,RENT,2.0,HOMEIMPROVEMENT,E,13000,14.18,0.24,N,17,1
52161,25,71400,MORTGAGE,2.0,MEDICAL,E,12250,15.95,0.14,N,3,1
52162,24,45000,MORTGAGE,8.0,EDUCATION,D,13000,15.31,0.29,N,3,0
52163,23,40000,MORTGAGE,3.0,DEBTCONSOLIDATION,B,6000,10.0,0.15,N,2,0
52164,26,170000,RENT,0.0,PERSONAL,B,6500,11.11,0.04,N,4,0
52165,26,60000,RENT,0.0,HOMEIMPROVEMENT,A,12000,8.9,0.2,N,3,0
52166,29,63000,RENT,4.0,DEBTCONSOLIDATION,B,12000,11.71,0.19,N,9,0
52167,29,47208,RENT,0.0,VENTURE,C,3000,13.92,0.06,Y,9,0
52168,28,54000,RENT,0.0,PERSONAL,E,10000,14.5,0.19,Y,7,1
52169,21,50000,OWN,1.0,VENTURE,C,8000,13.49,0.16,N,4,0
52170,32,64000,RENT,4.0,HOMEIMPROVEMENT,B,10000,11.14,0.16,N,10,1
52171,25,75000,MORTGAGE,7.0,DEBTCONSOLIDATION,C,4500,12.73,0.06,N,4,0
52172,23,80000,MORTGAGE,7.0,PERSONAL,A,7500,6.03,0.09,N,3,0
52173,23,57000,MORTGAGE,3.0,EDUCATION,B,15000,10.39,0.26,N,4,0
52174,23,70500,MORTGAGE,5.0,DEBTCONSOLIDATION,A,7500,8.59,0.11,N,2,0
52175,22,50000,MORTGAGE,6.0,MEDICAL,A,6000,8.9,0.12,N,4,0
52176,23,66000,RENT,5.0,EDUCATION,C,15000,13.61,0.23,N,4,0
52177,21,32400,RENT,5.0,HOMEIMPROVEMENT,A,4600,7.88,0.14,N,4,0
52178,28,59000,RENT,0.0,EDUCATION,E,16000,16.45,0.27,N,8,1
52179,29,100000,MORTGAGE,9.0,VENTURE,B,2000,9.99,0.02,N,6,0
52180,22,54000,MORTGAGE,6.0,DEBTCONSOLIDATION,C,5000,12.98,0.09,Y,4,0
52181,24,47000,MORTGAGE,8.0,HOMEIMPROVEMENT,B,6000,9.99,0.13,N,3,0
52182,25,30000,RENT,3.0,HOMEIMPROVEMENT,B,8000,11.11,0.27,N,3,1
52183,30,44000,RENT,10.0,DEBTCONSOLIDATION,E,7000,16.82,0.16,N,9,1
52184,24,85000,MORTGAGE,8.0,DEBTCONSOLIDATION,B,7200,9.88,0.08,N,2,0
52185,29,40000,RENT,10.0,EDUCATION,C,15000,13.16,0.38,Y,8,1
52186,25,112455,RENT,3.0,DEBTCONSOLIDATION,B,6500,9.99,0.06,N,3,0
52187,31,95000,MORTGAGE,3.0,EDUCATION,C,35000,15.23,0.37,N,6,0
52188,36,54000,MORTGAGE,2.0,DEBTCONSOLIDATION,A,4000,5.42,0.07,N,15,0
52189,25,24000,OWN,3.0,MEDICAL,C,6000,12.99,0.25,N,4,0
52190,22,72000,MORTGAGE,5.0,DEBTCONSOLIDATION,B,12250,11.36,0.17,N,3,0
52191,28,50400,RENT,7.0,DEBTCONSOLIDATION,A,5000,8.59,0.1,N,9,0
52192,27,33504,RENT,11.0,PERSONAL,C,12000,13.99,0.36,N,8,0
52193,21,30852,RENT,4.0,EDUCATION,A,11200,7.29,0.36,N,4,1
52194,35,38400,RENT,1.0,MEDICAL,B,10000,10.59,0.26,N,6,0
52195,22,52000,RENT,3.0,PERSONAL,B,6000,10.59,0.12,N,2,0
52196,37,38000,RENT,8.0,PERSONAL,B,12000,9.91,0.32,N,14,1
52197,48,54000,OWN,5.0,MEDICAL,D,19000,14.54,0.36,N,14,1
52198,30,50343,OWN,11.0,PERSONAL,A,6000,5.79,0.12,N,5,0
52199,27,58800,RENT,5.0,EDUCATION,B,6500,10.36,0.11,N,8,0
52200,22,60000,MORTGAGE,6.0,EDUCATION,A,5000,7.88,0.08,N,2,0
52201,36,24000,RENT,0.0,MEDICAL,A,4000,7.14,0.17,N,14,0
52202,25,36000,MORTGAGE,3.0,PERSONAL,A,6000,7.49,0.17,N,3,0
52203,24,35000,MORTGAGE,0.0,EDUCATION,A,14000,8.9,0.4,N,3,0
52204,24,31000,OTHER,0.0,VENTURE,B,8000,11.48,0.26,N,4,1
52205,23,50000,OWN,0.0,EDUCATION,B,2000,11.48,0.04,N,4,0
52206,27,50000,MORTGAGE,5.0,MEDICAL,A,2000,6.39,0.04,N,8,0
52207,22,58000,RENT,0.0,MEDICAL,B,9600,11.71,0.17,N,4,0
52208,25,60000,RENT,9.0,VENTURE,B,2000,9.91,0.03,N,2,0
52209,31,60000,RENT,0.0,MEDICAL,B,2000,9.25,0.03,N,10,0
52210,23,57600,RENT,0.0,MEDICAL,C,8000,14.65,0.14,N,2,0
52211,26,69000,RENT,9.0,DEBTCONSOLIDATION,D,12000,16.77,0.17,N,4,1
52212,22,70000,MORTGAGE,3.0,MEDICAL,B,5600,10.95,0.08,N,2,0
52213,30,50000,MORTGAGE,2.0,PERSONAL,A,2000,5.79,0.04,N,9,0
52214,40,52000,RENT,2.0,HOMEIMPROVEMENT,B,12800,10.99,0.25,N,17,0
52215,22,45000,RENT,0.0,VENTURE,C,5000,12.87,0.11,N,3,0
52216,27,70000,RENT,2.0,DEBTCONSOLIDATION,B,17000,11.71,0.24,N,6,0
52217,23,65000,RENT,0.0,VENTURE,A,10000,6.91,0.15,N,4,0
52218,27,42000,RENT,0.0,MEDICAL,B,5000,10.59,0.12,N,6,0
52219,29,55000,RENT,9.0,DEBTCONSOLIDATION,C,12000,13.11,0.22,N,7,0
52220,23,62000,MORTGAGE,7.0,EDUCATION,A,3500,7.49,0.06,N,4,0
52221,21,55000,MORTGAGE,5.0,VENTURE,A,9000,5.79,0.16,N,2,0
52222,28,60000,MORTGAGE,6.0,PERSONAL,D,12000,16.77,0.2,Y,7,0
52223,26,115000,MORTGAGE,3.0,HOMEIMPROVEMENT,A,4800,6.03,0.04,N,3,0
52224,28,60000,OWN,4.0,VENTURE,C,10000,14.27,0.17,N,8,0
52225,23,50000,MORTGAGE,7.0,EDUCATION,B,5000,9.99,0.1,N,4,0
52226,24,60000,MORTGAGE,3.0,EDUCATION,B,20000,11.36,0.33,N,2,0
52227,33,51996,MORTGAGE,8.0,DEBTCONSOLIDATION,A,2000,6.17,0.04,N,9,0
52228,33,72645,MORTGAGE,12.0,VENTURE,C,6250,12.99,0.09,N,7,0
52229,23,120000,MORTGAGE,5.0,PERSONAL,C,10000,13.35,0.08,N,4,0
52230,41,55000,MORTGAGE,10.0,HOMEIMPROVEMENT,A,4000,6.62,0.07,N,11,0
52231,25,93000,MORTGAGE,9.0,DEBTCONSOLIDATION,D,15000,16.77,0.16,Y,4,1
52232,38,60000,RENT,3.0,HOMEIMPROVEMENT,B,5000,10.65,0.08,N,15,0
52233,29,40000,RENT,6.0,MEDICAL,A,3000,5.42,0.07,N,7,0
52234,27,130000,MORTGAGE,8.0,EDUCATION,A,10000,5.79,0.08,N,6,0
52235,37,60000,MORTGAGE,0.0,DEBTCONSOLIDATION,C,12500,13.57,0.21,Y,11,0
52236,22,30000,RENT,2.0,EDUCATION,A,3000,7.51,0.1,N,2,0
52237,24,48000,MORTGAGE,4.0,HOMEIMPROVEMENT,C,5000,13.48,0.1,Y,4,0
52238,38,48996,RENT,5.0,MEDICAL,B,5000,10.37,0.1,N,13,0
52239,24,37000,RENT,1.0,DEBTCONSOLIDATION,D,2000,17.27,0.05,Y,3,1
52240,29,80000,MORTGAGE,5.0,DEBTCONSOLIDATION,B,5000,11.86,0.06,N,9,0
52241,27,90000,MORTGAGE,11.0,VENTURE,B,20000,8.88,0.22,N,7,0
52242,39,62000,RENT,16.0,VENTURE,A,7000,5.42,0.11,N,12,0
52243,38,45000,MORTGAGE,16.0,PERSONAL,A,6000,7.51,0.13,N,13,0
52244,27,78000,MORTGAGE,4.0,MEDICAL,A,6000,6.99,0.08,N,9,0
52245,28,63600,RENT,1.0,DEBTCONSOLIDATION,B,5000,10.39,0.08,N,7,0
52246,24,38500,MORTGAGE,8.0,MEDICAL,A,3000,6.76,0.08,N,2,0
52247,34,51996,RENT,1.0,EDUCATION,B,12000,10.74,0.23,N,7,0
52248,25,42900,MORTGAGE,5.0,HOMEIMPROVEMENT,A,2000,6.91,0.05,N,2,0
52249,23,41300,MORTGAGE,7.0,EDUCATION,B,10000,11.71,0.24,N,2,0
52250,24,66300,MORTGAGE,3.0,DEBTCONSOLIDATION,C,18125,14.72,0.28,Y,3,0
52251,23,70000,MORTGAGE,7.0,EDUCATION,C,10000,14.27,0.14,N,2,0
52252,32,49000,MORTGAGE,10.0,EDUCATION,D,3000,15.21,0.06,Y,8,1
52253,28,54000,RENT,1.0,EDUCATION,A,4500,7.14,0.08,N,9,0
52254,23,60000,OWN,5.0,MEDICAL,A,10000,8.49,0.17,N,2,0
52255,21,42000,RENT,3.0,MEDICAL,C,5000,14.22,0.12,Y,2,0
52256,23,30000,OWN,6.0,VENTURE,B,2500,11.11,0.08,N,2,0
52257,22,37200,RENT,0.0,EDUCATION,A,7000,7.9,0.19,N,3,0
52258,29,80000,RENT,7.0,MEDICAL,B,12000,11.99,0.15,N,8,0
52259,22,34000,RENT,6.0,MEDICAL,B,10000,9.63,0.29,N,2,1
52260,24,45000,MORTGAGE,1.0,EDUCATION,B,6000,11.71,0.13,N,2,0
52261,27,80000,MORTGAGE,8.0,PERSONAL,A,15000,7.9,0.19,N,8,0
52262,23,78000,MORTGAGE,7.0,DEBTCONSOLIDATION,A,12000,6.03,0.15,N,2,0
52263,26,65000,RENT,2.0,PERSONAL,C,8000,13.72,0.12,N,2,0
52264,24,120000,MORTGAGE,8.0,EDUCATION,B,23450,10.99,0.2,N,3,0
52265,24,102000,MORTGAGE,7.0,MEDICAL,A,25000,7.49,0.25,N,4,0
52266,23,120000,RENT,4.0,DEBTCONSOLIDATION,A,25000,8.49,0.2,N,2,0
52267,33,35000,RENT,2.0,PERSONAL,B,5000,11.36,0.14,N,5,0
52268,22,48000,RENT,3.0,PERSONAL,B,2500,12.53,0.05,N,3,0
52269,23,65000,RENT,0.0,DEBTCONSOLIDATION,A,10000,5.79,0.15,N,2,0
52270,22,41000,RENT,0.0,PERSONAL,D,6000,14.84,0.15,Y,3,1
52271,39,70000,RENT,5.0,MEDICAL,C,4000,13.98,0.06,N,15,0
52272,30,46800,MORTGAGE,14.0,PERSONAL,A,6000,6.99,0.13,N,9,0
52273,27,58617,MORTGAGE,3.0,MEDICAL,A,5400,6.03,0.08,N,7,0
52274,22,60000,RENT,6.0,VENTURE,B,15000,11.71,0.25,N,2,0
52275,22,35000,RENT,5.0,MEDICAL,A,3000,7.29,0.09,N,4,0
52276,28,36000,RENT,12.0,MEDICAL,C,8400,14.72,0.23,Y,10,0
52277,25,45000,RENT,1.0,VENTURE,A,5000,6.54,0.11,N,4,0
52278,30,100000,MORTGAGE,6.0,HOMEIMPROVEMENT,A,10000,7.88,0.1,N,10,0
52279,25,90000,MORTGAGE,9.0,MEDICAL,A,7000,5.79,0.08,N,2,0
52280,53,30000,RENT,23.0,PERSONAL,A,9000,7.51,0.3,N,27,1
52281,41,45000,RENT,18.0,VENTURE,B,8800,11.36,0.2,N,11,0
52282,24,60000,RENT,8.0,DEBTCONSOLIDATION,A,2000,5.42,0.03,N,3,0
52283,24,85000,RENT,1.0,EDUCATION,A,10000,7.29,0.12,N,4,0
52284,36,56500,MORTGAGE,20.0,DEBTCONSOLIDATION,D,3000,14.59,0.05,N,17,1
52285,24,54000,MORTGAGE,6.0,DEBTCONSOLIDATION,D,12000,16.29,0.22,N,4,1
52286,33,84000,MORTGAGE,0.0,MEDICAL,B,17500,10.25,0.21,N,10,0
52287,31,58000,MORTGAGE,6.0,HOMEIMPROVEMENT,D,7000,14.91,0.12,Y,6,0
52288,23,54000,RENT,3.0,EDUCATION,D,10000,14.96,0.19,Y,4,0
52289,26,40000,RENT,7.0,MEDICAL,D,15000,16.07,0.38,Y,2,1
52290,23,60000,RENT,4.0,PERSONAL,B,12500,10.25,0.21,N,2,0
52291,27,39000,RENT,4.0,MEDICAL,B,3000,10.99,0.08,N,5,0
52292,24,100000,RENT,4.0,VENTURE,A,10000,7.49,0.1,N,2,0
52293,40,150000,MORTGAGE,5.0,EDUCATION,A,10000,7.9,0.07,N,13,0
52294,36,28500,MORTGAGE,6.0,EDUCATION,A,2100,7.74,0.07,N,12,0
52295,23,34000,RENT,2.0,MEDICAL,B,11000,12.21,0.31,N,3,1
52296,26,54000,MORTGAGE,2.0,VENTURE,C,5750,12.87,0.1,N,3,0
52297,33,85000,RENT,2.0,EDUCATION,B,10000,10.75,0.11,N,10,0
52298,26,39600,MORTGAGE,8.0,MEDICAL,A,3000,5.42,0.08,N,4,0
52299,24,40000,RENT,2.0,VENTURE,B,3000,11.71,0.07,N,3,0
52300,24,24000,RENT,0.0,PERSONAL,D,6000,15.62,0.25,N,2,1
52301,29,85000,MORTGAGE,8.0,EDUCATION,A,12000,7.49,0.14,N,9,0
52302,33,90000,MORTGAGE,15.0,EDUCATION,B,10000,11.86,0.11,N,6,0
52303,28,65000,MORTGAGE,3.0,HOMEIMPROVEMENT,B,10500,11.71,0.16,N,9,0
52304,24,60000,RENT,0.0,VENTURE,C,5000,13.48,0.08,N,3,0
52305,24,78000,MORTGAGE,6.0,HOMEIMPROVEMENT,C,10000,13.99,0.13,Y,3,1
52306,24,29140,RENT,1.0,VENTURE,C,2250,12.73,0.08,N,3,0
52307,25,40000,RENT,1.0,MEDICAL,B,7000,12.53,0.17,N,3,0
52308,22,86000,MORTGAGE,6.0,PERSONAL,A,6000,7.49,0.07,N,2,1
52309,25,80000,RENT,5.0,MEDICAL,B,5000,11.49,0.06,N,2,0
52310,22,60000,RENT,3.0,EDUCATION,A,7000,6.92,0.12,N,2,0
52311,37,61200,MORTGAGE,15.0,MEDICAL,A,6000,7.51,0.1,N,13,0
52312,35,75000,RENT,6.0,HOMEIMPROVEMENT,A,9000,6.17,0.12,N,5,0
52313,22,63996,MORTGAGE,6.0,DEBTCONSOLIDATION,C,15000,12.84,0.24,N,3,0
52314,26,80004,MORTGAGE,1.0,EDUCATION,B,15000,11.86,0.19,N,3,0
52315,22,60000,RENT,5.0,MEDICAL,A,8000,6.03,0.13,N,4,0
52316,22,60000,MORTGAGE,4.0,EDUCATION,C,7200,12.73,0.12,Y,3,0
52317,26,48996,RENT,0.0,HOMEIMPROVEMENT,F,3000,17.58,0.06,N,3,1
52318,25,54000,RENT,4.0,MEDICAL,B,2500,11.49,0.05,N,2,0
52319,24,58650,RENT,8.0,MEDICAL,D,10000,14.11,0.14,N,2,1
52320,24,50000,RENT,0.0,DEBTCONSOLIDATION,B,8000,10.36,0.16,N,2,0
52321,29,57000,MORTGAGE,9.0,VENTURE,B,4500,11.83,0.08,N,8,0
52322,51,60000,RENT,6.0,PERSONAL,D,15000,15.31,0.25,Y,24,0
52323,27,117000,MORTGAGE,7.0,VENTURE,A,10000,7.88,0.09,N,10,0
52324,26,48000,RENT,10.0,VENTURE,D,5000,16.29,0.1,Y,3,0
52325,23,66000,MORTGAGE,7.0,VENTURE,A,12000,8.59,0.18,N,4,0
52326,27,90000,MORTGAGE,2.0,DEBTCONSOLIDATION,B,6000,10.25,0.07,N,10,0
52327,26,90000,RENT,2.0,VENTURE,B,15000,9.91,0.17,N,3,0
52328,25,34000,RENT,9.0,VENTURE,A,8500,5.79,0.25,N,2,0
52329,23,42000,OWN,3.0,VENTURE,B,10000,10.99,0.24,N,2,0
52330,26,42000,RENT,0.0,PERSONAL,B,4000,11.12,0.1,N,2,0
52331,28,60000,MORTGAGE,1.0,MEDICAL,C,13000,13.98,0.22,Y,7,0
52332,25,73000,MORTGAGE,0.0,VENTURE,B,15000,11.83,0.21,N,2,0
52333,30,96000,MORTGAGE,7.0,VENTURE,A,5000,6.99,0.05,N,5,0
52334,25,66000,MORTGAGE,9.0,VENTURE,D,15000,14.42,0.23,Y,2,0
52335,21,45000,RENT,0.0,PERSONAL,D,20500,15.33,0.5,Y,2,1
52336,30,140000,MORTGAGE,11.0,DEBTCONSOLIDATION,B,10000,10.59,0.07,N,8,0
52337,26,33900,RENT,7.0,EDUCATION,D,10000,18.25,0.29,N,3,1
52338,36,30000,RENT,11.0,MEDICAL,A,3600,7.29,0.12,N,11,0
52339,27,50000,MORTGAGE,2.0,DEBTCONSOLIDATION,B,6000,11.11,0.12,N,6,0
52340,43,97000,MORTGAGE,0.0,VENTURE,B,10000,11.71,0.1,N,17,0
52341,27,65004,MORTGAGE,3.0,MEDICAL,A,2000,5.99,0.03,N,7,0
52342,23,54000,RENT,4.0,DEBTCONSOLIDATION,B,5000,11.11,0.09,N,3,0
52343,23,61200,MORTGAGE,2.0,EDUCATION,A,9000,7.88,0.15,N,4,0
52344,22,34500,RENT,2.0,DEBTCONSOLIDATION,D,12000,16.89,0.35,N,4,1
52345,22,35000,RENT,3.0,EDUCATION,B,12000,11.71,0.34,N,3,1
52346,22,42000,RENT,1.0,MEDICAL,A,2000,7.66,0.05,N,2,0
52347,30,35000,RENT,1.0,VENTURE,A,1500,7.29,0.04,N,5,0
52348,24,42000,RENT,2.0,PERSONAL,A,7200,8.59,0.17,N,4,0
52349,26,65000,RENT,1.0,EDUCATION,D,7000,14.59,0.11,N,2,1
52350,25,70000,MORTGAGE,9.0,PERSONAL,A,6000,7.51,0.09,N,2,0
52351,30,90000,RENT,0.0,EDUCATION,C,10000,12.68,0.11,Y,7,0
52352,35,105000,MORTGAGE,2.0,DEBTCONSOLIDATION,A,12000,7.29,0.11,N,8,0
52353,36,46000,MORTGAGE,20.0,EDUCATION,A,8000,7.51,0.17,N,12,1
52354,22,34000,MORTGAGE,4.0,EDUCATION,C,8400,13.57,0.25,N,2,0
52355,23,30000,RENT,4.0,EDUCATION,A,6500,6.99,0.22,N,4,0
52356,32,115000,MORTGAGE,5.0,HOMEIMPROVEMENT,C,10000,13.92,0.09,N,6,0
52357,24,110000,RENT,5.0,PERSONAL,C,20000,13.16,0.18,N,3,0
52358,23,21000,RENT,2.0,EDUCATION,A,4500,6.76,0.21,N,4,0
52359,23,51600,MORTGAGE,1.0,VENTURE,B,5000,9.99,0.1,N,3,0
52360,25,29000,RENT,3.0,EDUCATION,A,10625,6.62,0.36,N,2,1
52361,22,50000,RENT,1.0,EDUCATION,A,4000,7.88,0.08,N,2,0
52362,29,85000,MORTGAGE,4.0,EDUCATION,C,10000,13.35,0.12,Y,6,0
52363,30,33000,RENT,2.0,DEBTCONSOLIDATION,A,4000,5.99,0.12,N,9,0
52364,33,60000,MORTGAGE,1.0,EDUCATION,A,7000,7.51,0.12,N,8,0
52365,23,83004,RENT,2.0,PERSONAL,A,28000,7.9,0.34,N,2,1
52366,26,50000,RENT,0.0,VENTURE,A,13000,7.88,0.26,N,3,0
52367,25,37000,RENT,2.0,MEDICAL,E,15000,17.19,0.41,N,4,1
52368,24,14400,RENT,3.0,VENTURE,B,2000,10.65,0.14,N,4,0
52369,23,38400,RENT,5.0,EDUCATION,B,10000,11.71,0.26,N,2,0
52370,23,49872,RENT,3.0,MEDICAL,C,5000,12.53,0.1,Y,2,0
52371,30,57000,RENT,9.0,HOMEIMPROVEMENT,A,6000,5.79,0.11,N,9,0
52372,29,47000,RENT,5.0,MEDICAL,B,14400,8.88,0.31,N,9,1
52373,39,80000,RENT,5.0,DEBTCONSOLIDATION,A,6000,8.9,0.07,N,12,0
52374,24,28800,RENT,0.0,EDUCATION,A,11000,6.62,0.38,N,2,1
52375,24,72000,MORTGAGE,0.0,DEBTCONSOLIDATION,B,5000,10.74,0.07,N,2,1
52376,25,36000,RENT,3.0,PERSONAL,B,8000,10.59,0.22,N,2,0
52377,23,32000,RENT,0.0,VENTURE,C,7000,13.23,0.23,N,4,0
52378,24,50000,MORTGAGE,2.0,MEDICAL,B,10000,9.91,0.2,N,2,0
52379,25,80000,RENT,4.0,PERSONAL,B,8000,11.71,0.1,N,4,0
52380,36,25000,RENT,2.0,MEDICAL,B,2500,10.99,0.1,N,13,0
52381,25,31200,OWN,5.0,EDUCATION,E,6000,19.03,0.19,N,4,1
52382,22,68400,MORTGAGE,0.0,DEBTCONSOLIDATION,C,10000,14.72,0.15,N,3,1
52383,25,105897,MORTGAGE,9.0,MEDICAL,A,19200,7.88,0.17,N,4,0
52384,22,90000,RENT,5.0,EDUCATION,B,12000,12.42,0.13,N,4,0
52385,22,60000,MORTGAGE,5.0,PERSONAL,B,16800,10.99,0.28,N,3,0
52386,22,40000,RENT,3.0,VENTURE,B,15000,11.14,0.38,N,4,1
52387,31,47000,RENT,4.0,MEDICAL,A,10000,9.32,0.21,N,5,0
52388,24,65000,RENT,3.0,PERSONAL,B,8000,11.71,0.12,N,2,0
52389,24,35416,RENT,8.0,EDUCATION,C,2000,13.16,0.06,Y,3,0
52390,24,65000,RENT,1.0,PERSONAL,B,10000,10.68,0.15,N,3,0
52391,23,50129,MORTGAGE,7.0,MEDICAL,A,11500,7.29,0.23,N,2,0
52392,25,34000,RENT,3.0,MEDICAL,D,2000,14.61,0.06,N,2,1
52393,23,24000,RENT,4.0,EDUCATION,C,6000,12.99,0.25,Y,3,0
52394,27,80000,RENT,11.0,MEDICAL,B,7500,9.91,0.09,N,5,0
52395,28,54000,RENT,1.0,PERSONAL,D,10500,15.58,0.19,N,10,1
52396,34,90636,MORTGAGE,4.0,EDUCATION,C,17000,13.85,0.19,Y,6,0
52397,29,52800,RENT,2.0,HOMEIMPROVEMENT,C,6000,12.87,0.11,Y,10,0
52398,28,38400,RENT,9.0,DEBTCONSOLIDATION,A,14500,7.29,0.38,N,7,1
52399,32,75000,RENT,7.0,MEDICAL,B,7000,10.99,0.09,N,5,0
52400,26,50000,RENT,3.0,VENTURE,A,9600,6.99,0.19,N,4,0
52401,26,30000,RENT,0.0,PERSONAL,A,5000,7.74,0.17,N,3,0
52402,30,65004,RENT,7.0,EDUCATION,A,15000,8.49,0.22,N,9,0
52403,29,175000,RENT,7.0,VENTURE,B,25000,11.12,0.14,N,8,0
52404,30,42000,RENT,4.0,VENTURE,B,12000,10.36,0.29,N,9,0
52405,24,60000,MORTGAGE,0.0,DEBTCONSOLIDATION,A,3000,5.99,0.05,N,4,0
52406,22,50000,RENT,6.0,DEBTCONSOLIDATION,A,6000,7.88,0.12,N,4,0
52407,22,30000,RENT,2.0,VENTURE,B,2000,11.49,0.07,N,3,0
52408,25,50000,RENT,0.0,VENTURE,A,5000,9.32,0.1,N,3,0
52409,24,30000,RENT,2.0,PERSONAL,C,13000,13.11,0.43,Y,4,1
52410,29,84000,MORTGAGE,4.0,DEBTCONSOLIDATION,B,20000,11.71,0.24,N,6,0
52411,24,30000,RENT,2.0,MEDICAL,C,5000,12.84,0.17,N,4,0
52412,38,40000,MORTGAGE,6.0,HOMEIMPROVEMENT,B,10000,11.99,0.25,N,17,0
52413,40,38000,OWN,10.0,VENTURE,A,12000,5.42,0.32,N,16,0
52414,30,30000,RENT,6.0,EDUCATION,B,8000,12.53,0.27,N,10,0
52415,26,116004,MORTGAGE,9.0,VENTURE,B,20000,12.21,0.18,N,2,0
52416,40,74400,MORTGAGE,0.0,MEDICAL,A,3500,7.29,0.05,N,14,0
52417,24,30000,MORTGAGE,5.0,EDUCATION,A,11525,6.99,0.38,N,3,0
52418,22,48000,RENT,6.0,DEBTCONSOLIDATION,B,6000,10.59,0.13,N,4,0
52419,27,61600,MORTGAGE,5.0,HOMEIMPROVEMENT,A,4200,7.29,0.07,N,6,0
52420,24,115000,MORTGAGE,0.0,HOMEIMPROVEMENT,B,19000,10.2,0.17,N,4,0
52421,25,80000,MORTGAGE,3.0,VENTURE,D,6000,14.09,0.07,N,3,0
52422,25,80000,RENT,9.0,EDUCATION,B,3000,11.71,0.04,N,2,0
52423,20,88020,RENT,3.0,PERSONAL,A,10000,6.62,0.12,N,2,0
52424,24,66000,MORTGAGE,2.0,DEBTCONSOLIDATION,B,7200,11.71,0.11,N,3,1
52425,21,52500,MORTGAGE,3.0,MEDICAL,D,9500,15.58,0.18,N,2,1
52426,23,45000,MORTGAGE,0.0,EDUCATION,C,5000,12.73,0.11,N,3,0
52427,28,34000,RENT,6.0,MEDICAL,C,4000,13.11,0.12,N,7,1
52428,23,52000,MORTGAGE,2.0,PERSONAL,C,6400,13.79,0.12,Y,2,0
52429,30,64600,MORTGAGE,14.0,MEDICAL,D,9000,13.67,0.12,N,5,1
52430,46,79894,RENT,16.0,PERSONAL,D,8000,14.46,0.1,N,17,0
52431,53,42000,RENT,1.0,PERSONAL,C,2000,12.87,0.05,N,26,0
52432,32,80000,MORTGAGE,6.0,HOMEIMPROVEMENT,A,6400,7.9,0.08,N,8,0
52433,28,39000,RENT,2.0,HOMEIMPROVEMENT,B,10000,11.86,0.26,N,7,1
52434,28,82000,MORTGAGE,12.0,VENTURE,B,10000,10.59,0.12,N,7,0
52435,41,100000,MORTGAGE,0.0,DEBTCONSOLIDATION,A,20000,7.88,0.2,N,12,0
52436,31,70000,RENT,1.0,HOMEIMPROVEMENT,B,17000,11.89,0.24,N,6,0
52437,25,59000,MORTGAGE,5.0,VENTURE,A,4000,6.76,0.07,N,4,0
52438,32,50000,RENT,3.0,MEDICAL,B,4000,10.0,0.08,N,8,0
52439,24,120000,RENT,0.0,PERSONAL,A,10000,8.59,0.08,N,4,0
52440,27,84000,RENT,0.0,HOMEIMPROVEMENT,D,12000,15.65,0.14,Y,5,1
52441,23,102000,MORTGAGE,1.0,EDUCATION,C,15000,12.84,0.15,Y,4,0
52442,29,60000,MORTGAGE,3.0,MEDICAL,A,7000,5.79,0.12,N,8,0
52443,42,70000,RENT,9.0,MEDICAL,C,15000,13.61,0.21,N,16,0
52444,24,91800,MORTGAGE,8.0,MEDICAL,D,25000,15.7,0.22,N,4,1
52445,23,60000,MORTGAGE,2.0,EDUCATION,A,14000,7.51,0.23,N,4,0
52446,23,95000,OWN,1.0,VENTURE,C,18400,12.99,0.19,N,3,0
52447,33,70000,RENT,3.0,EDUCATION,B,15000,10.99,0.21,N,7,0
52448,26,100000,MORTGAGE,2.0,PERSONAL,A,1000,5.79,0.01,N,4,0
52449,25,34000,RENT,9.0,VENTURE,C,12000,13.11,0.35,N,2,0
52450,21,75000,MORTGAGE,5.0,VENTURE,A,6000,6.03,0.08,N,3,0
52451,39,100000,MORTGAGE,0.0,PERSONAL,A,10000,9.63,0.1,N,17,0
52452,26,29232,MORTGAGE,1.0,PERSONAL,B,11200,11.71,0.38,N,3,0
52453,28,62400,RENT,0.0,MEDICAL,A,18000,6.91,0.28,N,8,0
52454,29,40000,RENT,0.0,MEDICAL,B,12000,9.62,0.3,N,7,0
52455,31,30000,OWN,2.0,PERSONAL,C,7000,12.84,0.23,Y,6,0
52456,27,30000,RENT,3.0,MEDICAL,A,6000,7.51,0.2,N,5,0
52457,29,30000,MORTGAGE,5.0,DEBTCONSOLIDATION,B,10625,11.99,0.35,N,10,0
52458,24,95000,MORTGAGE,3.0,DEBTCONSOLIDATION,C,20000,13.06,0.21,Y,3,0
52459,27,102500,MORTGAGE,3.0,HOMEIMPROVEMENT,A,9000,7.66,0.09,N,9,0
52460,22,44000,MORTGAGE,2.0,DEBTCONSOLIDATION,C,12000,13.49,0.27,N,2,0
52461,24,60132,RENT,2.0,DEBTCONSOLIDATION,C,10000,12.99,0.17,Y,4,0
52462,33,30000,RENT,0.0,MEDICAL,A,7200,6.62,0.24,N,5,0
52463,27,65000,MORTGAGE,3.0,VENTURE,A,7000,7.88,0.11,N,9,0
52464,24,80000,MORTGAGE,6.0,VENTURE,B,24000,10.38,0.3,N,4,0
52465,54,60000,OWN,3.0,PERSONAL,D,10000,15.37,0.17,N,28,0
52466,27,85000,MORTGAGE,0.0,DEBTCONSOLIDATION,B,20000,11.36,0.24,N,7,0
52467,36,67000,MORTGAGE,11.0,HOMEIMPROVEMENT,A,3000,6.99,0.04,N,12,0
52468,29,69000,RENT,0.0,EDUCATION,D,25000,14.59,0.36,Y,8,1
52469,22,30000,RENT,2.0,VENTURE,A,3000,7.29,0.1,N,2,0
52470,22,24960,OWN,6.0,EDUCATION,B,16000,10.99,0.07,N,4,0
52471,29,24000,RENT,2.0,PERSONAL,C,1500,13.85,0.06,Y,5,0
52472,32,65000,MORTGAGE,3.0,MEDICAL,A,10000,7.29,0.15,N,5,0
52473,26,55000,RENT,3.0,EDUCATION,A,10000,9.32,0.18,N,4,0
52474,26,50000,MORTGAGE,3.0,HOMEIMPROVEMENT,A,15000,6.91,0.3,N,3,0
52475,27,52500,RENT,4.0,EDUCATION,C,4650,15.23,0.09,Y,7,0
52476,33,52728,RENT,5.0,PERSONAL,A,4000,7.14,0.08,N,6,0
52477,33,56004,MORTGAGE,13.0,DEBTCONSOLIDATION,A,9600,6.03,0.17,N,8,0
52478,40,60000,RENT,5.0,HOMEIMPROVEMENT,C,10000,13.43,0.17,N,17,0
52479,24,31000,RENT,4.0,PERSONAL,A,5000,7.9,0.16,N,4,1
52480,43,60000,MORTGAGE,3.0,DEBTCONSOLIDATION,A,6000,7.14,0.1,N,17,0
52481,33,55000,RENT,4.0,EDUCATION,C,5000,13.49,0.09,Y,8,0
52482,33,50000,RENT,4.0,HOMEIMPROVEMENT,A,10000,6.03,0.2,N,7,0
52483,25,18000,RENT,4.0,EDUCATION,E,5000,19.03,0.27,Y,3,1
52484,24,48000,MORTGAGE,8.0,MEDICAL,A,5000,7.88,0.1,N,4,0
52485,23,47000,MORTGAGE,7.0,PERSONAL,C,18000,14.26,0.38,N,3,0
52486,37,42000,RENT,5.0,MEDICAL,C,5000,14.35,0.12,N,13,0
52487,25,42000,RENT,0.0,EDUCATION,A,1200,7.66,0.03,N,3,0
52488,25,40000,RENT,2.0,PERSONAL,B,8000,10.36,0.2,N,2,0
52489,28,64500,RENT,13.0,PERSONAL,B,10000,10.74,0.15,N,7,0
52490,23,48000,RENT,0.0,PERSONAL,A,4200,8.49,0.09,N,2,0
52491,34,64000,RENT,5.0,MEDICAL,B,15000,10.0,0.23,N,6,0
52492,37,40000,RENT,6.0,VENTURE,B,5000,10.25,0.13,N,17,0
52493,22,50000,MORTGAGE,2.0,DEBTCONSOLIDATION,B,6000,10.99,0.12,N,3,0
52494,27,90000,MORTGAGE,12.0,MEDICAL,A,3500,8.07,0.04,N,5,0
52495,25,86000,MORTGAGE,4.0,MEDICAL,B,20000,11.71,0.23,N,2,0
52496,22,36996,MORTGAGE,6.0,PERSONAL,B,10000,10.08,0.27,N,3,0
52497,24,75000,MORTGAGE,8.0,VENTURE,C,3000,13.49,0.04,Y,4,0
52498,26,60000,RENT,2.0,PERSONAL,B,12000,11.71,0.2,N,4,0
52499,24,45000,RENT,7.0,DEBTCONSOLIDATION,B,12000,9.62,0.27,N,3,0
52500,24,29120,OWN,3.0,VENTURE,A,6000,6.62,0.21,N,3,0
52501,28,55000,MORTGAGE,5.0,VENTURE,B,12000,12.42,0.22,N,5,0
52502,27,34000,RENT,1.0,DEBTCONSOLIDATION,D,10000,16.77,0.29,Y,7,1
52503,28,75000,MORTGAGE,4.0,HOMEIMPROVEMENT,B,8400,9.99,0.11,N,5,0
52504,22,75000,RENT,6.0,MEDICAL,A,5000,6.03,0.07,N,3,0
52505,30,75000,MORTGAGE,5.0,VENTURE,B,25000,11.49,0.33,N,7,0
52506,29,30000,RENT,13.0,MEDICAL,B,12000,11.99,0.41,N,9,1
52507,28,21600,RENT,2.0,DEBTCONSOLIDATION,B,4000,12.18,0.19,N,6,1
52508,23,70000,MORTGAGE,7.0,EDUCATION,B,6000,11.14,0.09,N,2,0
52509,23,51012,RENT,1.0,VENTURE,E,20000,16.45,0.39,Y,4,1
52510,23,50000,RENT,7.0,EDUCATION,A,5000,7.68,0.1,N,2,0
52511,23,55000,RENT,3.0,EDUCATION,B,6000,9.25,0.11,N,2,0
52512,37,60000,RENT,0.0,EDUCATION,C,5000,13.99,0.08,Y,17,0
52513,24,44000,RENT,1.0,DEBTCONSOLIDATION,C,7500,12.53,0.16,N,2,1
52514,28,42016,RENT,4.0,MEDICAL,D,5000,15.33,0.12,N,9,0
52515,23,36000,RENT,7.0,VENTURE,F,6000,17.58,0.17,Y,4,0
52516,24,50000,RENT,2.0,MEDICAL,A,14000,6.03,0.28,N,3,0
52517,27,52250,RENT,3.0,HOMEIMPROVEMENT,C,4000,13.23,0.08,Y,6,0
52518,36,85000,MORTGAGE,4.0,EDUCATION,C,10000,13.49,0.12,Y,13,0
52519,29,60000,MORTGAGE,2.0,HOMEIMPROVEMENT,A,6500,6.17,0.11,N,7,0
52520,29,78000,MORTGAGE,7.0,PERSONAL,A,14500,8.94,0.18,N,5,0
52521,23,36000,RENT,1.0,PERSONAL,C,8000,13.22,0.22,Y,4,0
52522,28,57000,MORTGAGE,12.0,EDUCATION,A,15000,6.03,0.26,N,9,0
52523,24,102000,RENT,0.0,HOMEIMPROVEMENT,B,25000,10.36,0.25,N,2,0
52524,33,180000,MORTGAGE,2.0,MEDICAL,C,20000,12.09,0.11,Y,8,0
52525,24,85000,MORTGAGE,3.0,EDUCATION,B,10000,12.69,0.12,N,4,0
52526,30,33048,RENT,4.0,DEBTCONSOLIDATION,B,12000,11.36,0.37,N,9,1
52527,23,90000,MORTGAGE,0.0,DEBTCONSOLIDATION,A,10000,7.49,0.11,N,3,0
52528,32,58000,MORTGAGE,4.0,VENTURE,A,9000,7.88,0.16,N,10,0
52529,23,75000,MORTGAGE,7.0,DEBTCONSOLIDATION,A,12500,6.03,0.17,N,2,0
52530,23,54000,RENT,1.0,EDUCATION,E,3000,16.35,0.06,Y,2,1
52531,26,27000,RENT,3.0,EDUCATION,A,6000,7.9,0.22,N,3,1
52532,29,122000,RENT,5.0,PERSONAL,C,15000,13.49,0.12,Y,9,0
52533,22,65400,OWN,6.0,EDUCATION,B,14000,12.18,0.22,N,3,0
52534,44,42000,RENT,1.0,PERSONAL,D,10000,15.58,0.24,Y,13,1
52535,24,48000,RENT,1.0,MEDICAL,C,10800,13.16,0.23,N,2,0
52536,25,30000,RENT,3.0,MEDICAL,C,8000,13.47,0.27,N,4,0
52537,41,24696,RENT,3.0,PERSONAL,B,9250,10.75,0.39,N,14,1
52538,25,227500,RENT,3.0,HOMEIMPROVEMENT,C,25000,12.53,0.11,N,2,0
52539,23,52000,OWN,7.0,MEDICAL,A,3000,7.25,0.06,N,2,0
52540,24,21600,OWN,1.0,VENTURE,B,4000,12.18,0.19,N,4,0
52541,34,65000,MORTGAGE,9.0,EDUCATION,D,25000,16.07,0.38,N,10,0
52542,37,80000,RENT,3.0,HOMEIMPROVEMENT,A,12000,6.03,0.15,N,13,0
52543,23,30000,RENT,2.0,EDUCATION,A,5000,6.91,0.17,N,3,0
52544,26,36000,RENT,0.0,PERSONAL,B,5000,11.71,0.14,N,2,0
52545,24,60000,RENT,0.0,DEBTCONSOLIDATION,A,3000,5.42,0.05,N,4,0
52546,30,54000,MORTGAGE,8.0,MEDICAL,B,15000,11.11,0.28,N,5,0
52547,38,47000,RENT,5.0,EDUCATION,C,6000,12.68,0.13,N,11,0
52548,29,90000,MORTGAGE,13.0,PERSONAL,B,17500,11.99,0.19,N,7,0
52549,27,45000,RENT,1.0,PERSONAL,C,6000,13.61,0.13,Y,6,0
52550,21,60000,RENT,5.0,MEDICAL,B,12000,11.71,0.2,N,2,0
52551,24,45000,RENT,6.0,EDUCATION,B,6000,11.49,0.13,N,4,0
52552,33,29280,MORTGAGE,4.0,DEBTCONSOLIDATION,A,1500,8.9,0.05,N,5,0
52553,23,47184,RENT,0.0,DEBTCONSOLIDATION,B,5000,10.25,0.11,N,5,0
52554,36,78000,MORTGAGE,4.0,PERSONAL,A,14000,7.49,0.18,N,13,0
52555,24,75000,MORTGAGE,8.0,VENTURE,A,11000,7.88,0.15,N,4,0
52556,22,90000,MORTGAGE,6.0,EDUCATION,A,16000,5.42,0.18,N,4,0
52557,29,63128,RENT,1.0,MEDICAL,A,8000,8.94,0.11,N,8,1
52558,23,38000,RENT,1.0,DEBTCONSOLIDATION,C,9500,13.22,0.25,N,2,0
52559,29,69000,RENT,4.0,MEDICAL,A,16800,6.99,0.23,N,5,0
52560,30,128000,OWN,0.0,PERSONAL,D,35000,15.33,0.27,N,10,0
52561,28,30000,RENT,2.0,HOMEIMPROVEMENT,C,4800,13.48,0.16,Y,5,1
52562,22,50000,MORTGAGE,5.0,EDUCATION,A,10000,7.9,0.2,N,3,0
52563,23,28800,RENT,1.0,VENTURE,B,12000,10.59,0.43,N,3,1
52564,26,45000,RENT,0.0,VENTURE,B,3000,12.42,0.07,N,2,0
52565,21,125000,RENT,5.0,PERSONAL,A,35000,7.9,0.28,N,3,0
52566,28,52828,MORTGAGE,3.0,VENTURE,B,11000,10.62,0.21,N,9,0
52567,23,60000,OWN,7.0,MEDICAL,B,20000,10.65,0.33,N,4,0
52568,27,55000,RENT,6.0,HOMEIMPROVEMENT,A,12000,7.9,0.22,N,10,0
52569,36,75000,OWN,4.0,MEDICAL,C,7500,13.92,0.1,N,17,0
52570,21,25000,RENT,2.0,DEBTCONSOLIDATION,A,2500,7.88,0.1,N,4,0
52571,27,85224,MORTGAGE,11.0,PERSONAL,B,7500,10.0,0.09,N,10,1
52572,21,27600,RENT,2.0,EDUCATION,B,3000,10.37,0.11,N,4,0
52573,24,45000,MORTGAGE,8.0,MEDICAL,C,10200,13.85,0.22,N,4,0
52574,29,142000,MORTGAGE,3.0,MEDICAL,A,15000,8.49,0.11,N,6,0
52575,26,65000,RENT,3.0,VENTURE,B,7000,11.49,0.11,N,3,0
52576,27,110000,MORTGAGE,0.0,DEBTCONSOLIDATION,A,15000,9.63,0.14,N,6,0
52577,22,52000,MORTGAGE,3.0,EDUCATION,C,10000,12.99,0.19,N,4,0
52578,22,28000,RENT,6.0,PERSONAL,A,4000,7.68,0.14,N,3,0
52579,26,62500,RENT,1.0,VENTURE,C,20000,13.11,0.32,Y,3,1
52580,24,58575,RENT,8.0,HOMEIMPROVEMENT,B,19200,10.99,0.35,N,4,0
52581,35,45000,RENT,0.0,EDUCATION,B,8000,10.96,0.18,N,6,0
52582,23,62000,MORTGAGE,3.0,EDUCATION,B,20000,11.89,0.32,N,3,0
52583,41,42000,MORTGAGE,3.0,PERSONAL,B,5000,10.38,0.12,N,12,0
52584,26,114000,RENT,1.0,HOMEIMPROVEMENT,B,16000,10.99,0.14,N,4,0
52585,23,60000,MORTGAGE,4.0,PERSONAL,B,9000,10.0,0.15,N,3,1
52586,24,80000,RENT,4.0,DEBTCONSOLIDATION,A,9000,6.62,0.11,N,3,0
52587,28,75000,RENT,1.0,EDUCATION,A,6000,6.92,0.08,N,6,0
52588,25,18000,RENT,2.0,HOMEIMPROVEMENT,B,3000,12.69,0.17,N,4,1
52589,30,79618,MORTGAGE,11.0,EDUCATION,B,12000,11.49,0.15,N,9,0
52590,22,70000,MORTGAGE,6.0,VENTURE,B,10800,11.49,0.15,N,2,0
52591,36,49000,RENT,4.0,DEBTCONSOLIDATION,A,2500,7.51,0.05,N,11,0
52592,23,54000,RENT,1.0,HOMEIMPROVEMENT,D,6000,14.96,0.11,Y,4,1
52593,23,75000,RENT,4.0,MEDICAL,C,15000,13.35,0.2,Y,4,0
52594,22,110000,MORTGAGE,3.0,EDUCATION,A,8000,7.29,0.07,N,3,0
52595,23,30000,RENT,7.0,VENTURE,C,6000,14.65,0.2,Y,3,0
52596,43,25000,RENT,2.0,PERSONAL,C,3600,13.98,0.14,N,15,0
52597,22,84000,RENT,6.0,PERSONAL,C,20000,13.92,0.24,N,4,0
52598,29,57996,RENT,4.0,MEDICAL,B,8000,10.25,0.14,N,5,0
52599,31,60000,RENT,3.0,MEDICAL,C,9000,13.47,0.15,Y,8,0
52600,25,105018,MORTGAGE,9.0,HOMEIMPROVEMENT,D,21000,14.61,0.2,N,3,0
52601,35,89004,MORTGAGE,4.0,HOMEIMPROVEMENT,A,10000,7.51,0.11,N,6,0
52602,25,90000,MORTGAGE,5.0,HOMEIMPROVEMENT,B,15000,11.12,0.17,N,2,0
52603,22,34000,RENT,4.0,DEBTCONSOLIDATION,B,4000,12.53,0.12,N,3,1
52604,33,30000,RENT,5.0,VENTURE,B,8450,10.62,0.29,N,6,0
52605,26,106000,MORTGAGE,10.0,HOMEIMPROVEMENT,A,5000,7.29,0.05,N,4,0
52606,38,55000,MORTGAGE,7.0,VENTURE,B,18000,10.62,0.33,N,14,0
52607,23,70000,MORTGAGE,3.0,VENTURE,B,15000,10.99,0.21,N,4,0
52608,37,117500,MORTGAGE,0.0,VENTURE,A,17500,6.54,0.15,N,17,0
52609,28,70000,RENT,0.0,DEBTCONSOLIDATION,C,12000,13.49,0.17,Y,8,0
52610,30,48000,RENT,2.0,DEBTCONSOLIDATION,B,3600,10.59,0.07,N,8,0
52611,30,88000,RENT,2.0,PERSONAL,C,15000,13.79,0.17,Y,8,0
52612,25,70000,RENT,3.0,PERSONAL,B,15000,10.75,0.21,N,4,0
52613,24,150000,RENT,8.0,HOMEIMPROVEMENT,A,8200,6.99,0.06,N,3,0
52614,44,90000,RENT,2.0,EDUCATION,B,20000,11.48,0.22,N,11,0
52615,24,60000,RENT,5.0,MEDICAL,B,10000,9.99,0.17,N,2,0
52616,24,74000,RENT,8.0,VENTURE,D,24000,15.31,0.32,N,2,0
52617,24,480000,MORTGAGE,9.0,PERSONAL,A,16000,5.42,0.03,N,3,0
52618,26,110000,MORTGAGE,8.0,DEBTCONSOLIDATION,A,12000,6.62,0.11,N,3,0
52619,22,42000,MORTGAGE,0.0,EDUCATION,C,2500,14.27,0.06,Y,3,0
52620,36,80000,MORTGAGE,7.0,VENTURE,A,10000,6.62,0.13,N,12,0
52621,22,29000,RENT,4.0,VENTURE,C,14000,13.23,0.48,N,4,1
52622,23,50000,MORTGAGE,2.0,PERSONAL,A,6000,6.62,0.12,N,2,0
52623,22,50000,RENT,3.0,VENTURE,D,10000,16.77,0.2,N,4,0
52624,38,48000,RENT,5.0,MEDICAL,C,14400,13.8,0.3,N,16,0
52625,28,24000,RENT,2.0,PERSONAL,B,5000,10.99,0.21,N,7,0
52626,27,110000,MORTGAGE,7.0,MEDICAL,A,20000,7.9,0.18,N,10,0
52627,25,87000,MORTGAGE,3.0,VENTURE,B,8000,10.37,0.09,N,4,0
52628,24,100000,MORTGAGE,8.0,MEDICAL,B,8000,10.99,0.08,N,3,0
52629,38,48300,RENT,3.0,MEDICAL,D,4500,16.29,0.09,Y,14,1
52630,22,24000,RENT,1.0,PERSONAL,A,10000,7.88,0.42,N,2,1
52631,23,55800,RENT,0.0,VENTURE,D,6000,14.96,0.11,N,3,1
52632,30,44000,RENT,1.0,PERSONAL,D,3600,15.05,0.08,Y,7,1
52633,21,69996,RENT,5.0,PERSONAL,A,16000,6.91,0.23,N,3,0
52634,23,130000,MORTGAGE,7.0,DEBTCONSOLIDATION,B,25000,11.49,0.19,N,4,0
52635,27,60000,RENT,2.0,DEBTCONSOLIDATION,B,2400,12.69,0.04,N,7,0
52636,22,42000,RENT,1.0,EDUCATION,C,8000,13.22,0.19,Y,3,0
52637,27,43000,MORTGAGE,11.0,PERSONAL,A,10000,8.94,0.23,N,10,0
52638,30,130000,MORTGAGE,0.0,HOMEIMPROVEMENT,B,5000,10.36,0.04,N,9,0
52639,29,68004,MORTGAGE,11.0,MEDICAL,B,4800,12.21,0.07,N,9,0
52640,22,54000,RENT,2.0,MEDICAL,B,5000,9.99,0.09,N,2,0
52641,22,28000,RENT,4.0,EDUCATION,D,9500,12.17,0.34,N,2,1
52642,23,120000,MORTGAGE,7.0,VENTURE,A,7200,5.42,0.06,N,4,0
52643,31,56700,MORTGAGE,9.0,EDUCATION,C,13000,12.22,0.23,Y,8,0
52644,32,85000,MORTGAGE,5.0,PERSONAL,A,5000,7.14,0.06,N,8,0
52645,36,79536,MORTGAGE,2.0,HOMEIMPROVEMENT,A,15000,7.49,0.19,N,11,0
52646,27,48000,RENT,3.0,DEBTCONSOLIDATION,C,5400,13.49,0.11,Y,9,0
52647,30,150000,MORTGAGE,2.0,VENTURE,C,20000,14.22,0.13,Y,6,0
52648,35,35000,RENT,6.0,MEDICAL,A,8600,7.29,0.24,N,8,0
52649,23,32000,RENT,1.0,DEBTCONSOLIDATION,A,4000,8.32,0.13,N,4,0
52650,40,50000,RENT,0.0,DEBTCONSOLIDATION,B,1500,11.71,0.03,N,16,0
52651,28,120000,MORTGAGE,12.0,MEDICAL,A,15000,7.88,0.13,N,6,0
52652,22,54000,MORTGAGE,2.0,DEBTCONSOLIDATION,D,2000,16.89,0.04,Y,4,1
52653,23,90000,RENT,0.0,DEBTCONSOLIDATION,A,10000,7.88,0.11,N,4,0
52654,38,125000,MORTGAGE,1.0,EDUCATION,A,8000,7.74,0.06,N,17,0
52655,23,110000,MORTGAGE,7.0,VENTURE,A,6000,6.91,0.05,N,2,0
52656,34,65000,MORTGAGE,11.0,MEDICAL,A,6000,6.99,0.09,N,9,0
52657,38,80000,RENT,5.0,VENTURE,C,14000,13.57,0.17,Y,12,0
52658,22,75000,MORTGAGE,6.0,EDUCATION,C,21000,14.35,0.28,N,4,0
52659,22,46000,RENT,2.0,VENTURE,B,16000,11.26,0.36,N,3,1
52660,21,30000,RENT,2.0,EDUCATION,A,4000,5.99,0.13,N,3,0
52661,23,36000,RENT,4.0,MEDICAL,B,3600,10.59,0.1,N,2,0
52662,26,83300,RENT,0.0,MEDICAL,F,19500,19.04,0.2,Y,3,1
52663,27,44000,RENT,4.0,DEBTCONSOLIDATION,C,6000,13.49,0.14,N,10,0
52664,26,29000,RENT,4.0,VENTURE,C,4000,15.27,0.14,N,2,1
52665,30,50000,RENT,4.0,DEBTCONSOLIDATION,B,3000,9.99,0.06,N,5,0
52666,47,87547,MORTGAGE,1.0,EDUCATION,B,7500,10.33,0.09,N,12,0
52667,22,43200,RENT,5.0,EDUCATION,C,10750,13.99,0.25,Y,3,0
52668,22,104000,MORTGAGE,6.0,EDUCATION,A,11000,9.32,0.11,N,2,0
52669,31,60000,RENT,1.0,VENTURE,C,7500,11.34,0.13,Y,9,0
52670,33,125000,MORTGAGE,2.0,PERSONAL,F,25000,18.67,0.2,N,8,0
52671,35,74000,MORTGAGE,19.0,VENTURE,B,1800,11.26,0.02,N,10,0
52672,25,52800,RENT,1.0,PERSONAL,C,5500,12.87,0.11,Y,3,0
52673,24,32000,RENT,4.0,MEDICAL,B,13650,10.75,0.41,N,2,1
52674,23,38272,RENT,2.0,EDUCATION,B,10200,11.89,0.03,N,2,0
52675,24,48000,RENT,3.0,DEBTCONSOLIDATION,A,12000,7.88,0.25,N,3,0
52676,25,30000,RENT,0.0,VENTURE,B,5000,10.62,0.17,N,2,0
52677,32,96000,MORTGAGE,4.0,DEBTCONSOLIDATION,B,24000,9.99,0.25,N,8,0
52678,26,62000,MORTGAGE,2.0,DEBTCONSOLIDATION,A,14000,7.88,0.23,N,3,0
52679,24,43000,MORTGAGE,8.0,VENTURE,A,13500,7.88,0.33,N,2,0
52680,22,37500,RENT,6.0,DEBTCONSOLIDATION,B,9500,11.49,0.26,N,4,0
52681,22,40000,RENT,0.0,PERSONAL,A,3000,7.74,0.07,N,2,0
52682,25,100000,MORTGAGE,5.0,VENTURE,A,12000,8.94,0.12,N,2,0
52683,46,33000,MORTGAGE,7.0,EDUCATION,B,6000,10.62,0.18,N,11,0
52684,32,48000,MORTGAGE,4.0,VENTURE,B,1600,10.99,0.03,N,7,0
52685,23,55000,MORTGAGE,8.0,EDUCATION,A,3600,7.9,0.07,N,2,0
52686,30,60000,RENT,9.0,HOMEIMPROVEMENT,C,12000,13.49,0.2,N,8,0
52687,37,305000,RENT,2.0,VENTURE,C,10000,13.72,0.03,Y,12,0
52688,28,53000,RENT,6.0,DEBTCONSOLIDATION,B,12000,11.11,0.23,N,7,0
52689,25,37000,MORTGAGE,9.0,MEDICAL,A,15000,6.54,0.41,N,2,0
52690,29,250000,MORTGAGE,11.0,VENTURE,A,28000,7.9,0.11,N,10,0
52691,30,62400,MORTGAGE,2.0,PERSONAL,D,12000,14.96,0.19,N,7,0
52692,21,18000,RENT,2.0,MEDICAL,C,4500,13.49,0.25,Y,3,1
52693,25,42000,MORTGAGE,1.0,HOMEIMPROVEMENT,B,13750,10.74,0.34,N,3,0
52694,29,50000,RENT,4.0,HOMEIMPROVEMENT,B,6400,9.91,0.13,N,9,0
52695,30,45000,RENT,11.0,MEDICAL,B,7000,12.42,0.16,N,8,0
52696,31,70000,MORTGAGE,2.0,PERSONAL,A,14000,7.88,0.21,N,6,0
52697,26,53000,RENT,4.0,EDUCATION,A,5000,7.49,0.09,N,3,0
52698,23,16800,RENT,4.0,HOMEIMPROVEMENT,B,5000,11.86,0.32,N,3,1
52699,40,80000,MORTGAGE,3.0,HOMEIMPROVEMENT,B,10000,11.49,0.13,N,17,0
52700,27,65000,RENT,8.0,VENTURE,A,8000,7.66,0.12,N,8,0
52701,22,42000,RENT,6.0,DEBTCONSOLIDATION,D,6000,15.99,0.14,N,3,1
52702,37,60000,RENT,0.0,VENTURE,B,15000,11.99,0.25,N,14,0
52703,22,45012,RENT,6.0,EDUCATION,B,10000,12.73,0.22,N,4,1
52704,25,80000,RENT,3.0,MEDICAL,C,12000,13.11,0.15,N,2,0
52705,24,100000,MORTGAGE,8.0,HOMEIMPROVEMENT,B,15000,10.75,0.15,N,4,0
52706,37,45000,RENT,10.0,PERSONAL,B,14000,10.99,0.31,N,12,1
52707,23,50000,RENT,1.0,VENTURE,B,9000,10.37,0.18,N,2,0
52708,26,80000,RENT,2.0,MEDICAL,A,1600,7.9,0.02,N,2,0
52709,29,65000,OWN,3.0,EDUCATION,A,10000,6.92,0.15,N,8,0
52710,41,100000,OWN,2.0,EDUCATION,C,8000,15.96,0.08,N,11,0
52711,27,50000,OWN,3.0,PERSONAL,A,6000,6.92,0.12,N,9,0
52712,23,55000,MORTGAGE,5.0,EDUCATION,B,18250,10.25,0.33,N,4,0
52713,22,60000,MORTGAGE,3.0,PERSONAL,B,12000,10.75,0.2,N,3,0
52714,24,72000,MORTGAGE,5.0,MEDICAL,B,10000,11.86,0.14,N,4,0
52715,24,48000,RENT,4.0,DEBTCONSOLIDATION,A,12000,8.9,0.25,N,4,0
52716,25,60000,MORTGAGE,9.0,VENTURE,A,3000,7.88,0.05,N,3,0
52717,27,37200,RENT,1.0,MEDICAL,B,10000,10.99,0.27,N,7,0
52718,24,95004,MORTGAGE,8.0,DEBTCONSOLIDATION,B,20000,10.75,0.21,N,2,0
52719,37,60000,RENT,0.0,MEDICAL,C,10000,13.06,0.17,N,11,0
52720,26,27600,RENT,4.0,PERSONAL,B,3000,11.49,0.11,N,4,0
52721,46,39000,RENT,7.0,MEDICAL,D,4000,14.46,0.1,N,13,1
52722,22,60000,RENT,6.0,PERSONAL,B,1500,10.25,0.03,N,4,0
52723,34,55000,RENT,5.0,HOMEIMPROVEMENT,B,10000,12.18,0.18,N,5,0
52724,29,60000,RENT,2.0,HOMEIMPROVEMENT,A,20000,6.91,0.33,N,9,1
52725,23,90000,MORTGAGE,0.0,PERSONAL,B,15000,10.25,0.17,N,2,0
52726,22,60000,MORTGAGE,6.0,EDUCATION,B,15000,9.88,0.25,N,2,0
52727,24,40000,MORTGAGE,4.0,MEDICAL,A,6000,5.79,0.15,N,3,0
52728,22,55308,MORTGAGE,5.0,VENTURE,B,2000,11.49,0.04,N,2,0
52729,30,47000,RENT,2.0,MEDICAL,A,18500,7.66,0.4,N,9,1
52730,30,65000,MORTGAGE,11.0,EDUCATION,A,4000,7.9,0.06,N,7,0
52731,23,50000,MORTGAGE,3.0,DEBTCONSOLIDATION,B,8000,11.89,0.16,N,3,0
52732,26,105600,RENT,3.0,MEDICAL,A,7500,7.9,0.07,N,4,0
52733,23,90000,RENT,6.0,EDUCATION,A,4800,6.92,0.05,N,2,0
52734,35,85000,RENT,9.0,PERSONAL,B,14400,12.53,0.17,N,10,0
52735,22,72000,MORTGAGE,6.0,DEBTCONSOLIDATION,A,5000,7.88,0.07,N,4,0
52736,23,110000,MORTGAGE,2.0,EDUCATION,A,6000,6.76,0.05,N,4,0
52737,30,26400,OWN,3.0,HOMEIMPROVEMENT,B,6000,10.25,0.23,N,8,0
52738,23,52000,MORTGAGE,7.0,EDUCATION,A,3000,5.99,0.06,N,3,0
52739,34,85000,MORTGAGE,8.0,MEDICAL,A,7000,9.32,0.08,N,6,0
52740,24,60000,MORTGAGE,8.0,PERSONAL,B,9000,12.21,0.15,N,4,0
52741,23,130000,RENT,0.0,VENTURE,C,14500,14.26,0.11,N,2,0
52742,29,50000,RENT,3.0,HOMEIMPROVEMENT,C,10000,13.49,0.2,N,7,0
52743,25,40000,RENT,0.0,VENTURE,B,14500,10.99,0.36,N,2,1
52744,29,73000,RENT,3.0,HOMEIMPROVEMENT,B,6000,10.62,0.08,N,6,0
52745,43,68000,MORTGAGE,10.0,HOMEIMPROVEMENT,C,10000,13.49,0.15,Y,11,0
52746,30,120000,MORTGAGE,4.0,PERSONAL,A,6000,6.92,0.05,N,8,0
52747,24,26000,RENT,1.0,VENTURE,A,12000,6.91,0.46,N,3,1
52748,25,60000,RENT,0.0,PERSONAL,A,3500,9.32,0.06,N,4,0
52749,23,30000,MORTGAGE,7.0,EDUCATION,A,1000,7.4,0.03,N,3,0
52750,32,156000,MORTGAGE,16.0,VENTURE,C,15200,12.99,0.1,N,8,0
52751,24,60000,RENT,8.0,HOMEIMPROVEMENT,A,9500,7.51,0.15,N,2,0
52752,38,80000,MORTGAGE,7.0,EDUCATION,C,10000,13.49,0.13,N,12,0
52753,28,44000,MORTGAGE,9.0,MEDICAL,C,7000,12.99,0.16,N,9,0
52754,42,22000,RENT,0.0,EDUCATION,D,3200,15.99,0.15,Y,16,1
52755,22,57996,MORTGAGE,4.0,EDUCATION,C,2500,13.22,0.04,Y,3,0
52756,43,50000,RENT,2.0,HOMEIMPROVEMENT,B,4000,11.86,0.08,N,16,0
52757,24,45000,MORTGAGE,4.0,MEDICAL,A,9250,6.17,0.21,N,3,0
52758,48,63720,MORTGAGE,9.0,MEDICAL,B,4800,9.99,0.07,N,16,1
52759,26,34000,RENT,11.0,PERSONAL,D,6000,15.21,0.18,N,4,0
52760,37,150000,MORTGAGE,2.0,PERSONAL,A,14000,7.88,0.09,N,13,0
52761,36,63324,RENT,8.0,MEDICAL,C,24250,12.53,0.39,Y,15,1
52762,28,75000,RENT,2.0,HOMEIMPROVEMENT,A,20000,6.54,0.27,N,9,0
52763,24,29000,RENT,8.0,MEDICAL,C,1450,12.61,0.05,N,2,0
52764,27,39996,RENT,1.0,EDUCATION,B,4800,12.42,0.12,N,9,0
52765,25,37500,RENT,9.0,PERSONAL,B,12000,10.38,0.32,N,3,1
52766,23,48000,RENT,7.0,EDUCATION,B,5000,10.37,0.1,N,3,0
52767,35,70000,MORTGAGE,6.0,VENTURE,A,8000,6.03,0.11,N,9,0
52768,24,65000,RENT,5.0,MEDICAL,B,10000,9.88,0.15,N,3,0
52769,38,100000,MORTGAGE,5.0,HOMEIMPROVEMENT,C,15000,13.85,0.15,Y,12,0
52770,38,65000,RENT,5.0,PERSONAL,B,7000,10.62,0.11,N,16,0
52771,42,50000,RENT,8.0,DEBTCONSOLIDATION,A,20000,6.99,0.4,N,12,1
52772,25,85100,MORTGAGE,9.0,EDUCATION,A,4500,6.39,0.05,N,3,0
52773,26,60000,OWN,7.0,VENTURE,B,18500,12.18,0.31,N,3,0
52774,25,70000,MORTGAGE,0.0,DEBTCONSOLIDATION,A,10000,8.94,0.14,N,2,0
52775,27,26400,RENT,5.0,EDUCATION,A,8000,7.51,0.3,N,10,0
52776,23,47000,MORTGAGE,7.0,EDUCATION,A,9000,6.62,0.19,N,3,0
52777,22,24996,RENT,4.0,DEBTCONSOLIDATION,C,7500,12.98,0.3,N,3,0
52778,25,100000,MORTGAGE,5.0,DEBTCONSOLIDATION,B,12000,11.71,0.12,N,3,0
52779,24,50004,MORTGAGE,2.0,VENTURE,C,6000,13.79,0.12,N,2,0
52780,21,25000,RENT,5.0,PERSONAL,A,1500,5.99,0.06,N,3,0
52781,39,47000,OWN,7.0,VENTURE,B,6000,10.65,0.13,N,14,0
52782,31,56900,MORTGAGE,15.0,EDUCATION,B,1500,11.99,0.03,N,8,0
52783,24,85000,RENT,6.0,VENTURE,B,6000,12.69,0.07,N,2,0
52784,25,60000,RENT,3.0,MEDICAL,C,3000,11.34,0.05,Y,3,0
52785,27,26880,RENT,3.0,DEBTCONSOLIDATION,A,3000,6.54,0.11,N,5,0
52786,22,36000,RENT,0.0,EDUCATION,A,8000,5.42,0.22,N,2,0
52787,26,80000,MORTGAGE,10.0,HOMEIMPROVEMENT,C,5000,12.61,0.06,N,2,0
52788,24,75000,MORTGAGE,8.0,MEDICAL,B,8500,11.83,0.11,N,3,0
52789,23,36000,MORTGAGE,7.0,VENTURE,B,7200,10.99,0.19,N,2,0
52790,38,140000,MORTGAGE,2.0,VENTURE,B,24250,12.18,0.17,N,15,0
52791,24,40000,RENT,0.0,VENTURE,B,6000,11.48,0.15,N,4,0
52792,23,48000,RENT,0.0,VENTURE,A,10000,7.51,0.21,N,2,0
52793,21,63000,MORTGAGE,0.0,DEBTCONSOLIDATION,A,6000,7.51,0.1,N,2,0
52794,26,42000,MORTGAGE,3.0,VENTURE,B,7000,10.59,0.17,N,3,0
52795,25,130000,RENT,2.0,EDUCATION,B,16000,9.99,0.12,N,4,0
52796,23,40000,RENT,5.0,EDUCATION,C,14000,12.73,0.35,N,2,1
52797,35,130000,RENT,3.0,VENTURE,C,7000,13.49,0.05,N,9,0
52798,36,65000,MORTGAGE,7.0,EDUCATION,C,4500,13.72,0.07,N,16,0
52799,22,85000,MORTGAGE,6.0,EDUCATION,C,15000,12.99,0.18,Y,3,0
52800,22,48000,MORTGAGE,6.0,EDUCATION,A,4000,5.99,0.08,N,3,0
52801,24,24000,RENT,1.0,PERSONAL,B,2000,11.49,0.08,N,3,0
52802,33,95000,MORTGAGE,4.0,EDUCATION,A,5000,7.68,0.05,N,10,0
52803,22,36996,RENT,2.0,DEBTCONSOLIDATION,D,5000,14.96,0.14,N,3,1
52804,23,31000,RENT,0.0,EDUCATION,A,5000,7.74,0.16,N,4,0
52805,21,31200,OWN,5.0,VENTURE,A,14000,8.63,0.45,N,3,0
52806,24,40000,RENT,5.0,VENTURE,C,5000,13.85,0.13,N,3,0
52807,42,120000,MORTGAGE,0.0,PERSONAL,B,16000,11.71,0.13,N,11,0
52808,54,120000,MORTGAGE,3.0,PERSONAL,D,25000,15.62,0.21,Y,20,0
52809,24,84000,RENT,8.0,DEBTCONSOLIDATION,A,3525,6.91,0.04,N,3,0
52810,21,15120,MORTGAGE,5.0,DEBTCONSOLIDATION,B,1500,10.38,0.1,N,2,0
52811,25,180000,RENT,1.0,DEBTCONSOLIDATION,B,20000,9.45,0.11,N,3,0
52812,35,58000,MORTGAGE,0.0,DEBTCONSOLIDATION,B,20000,12.18,0.34,N,9,0
52813,25,40000,RENT,4.0,MEDICAL,A,4000,7.88,0.1,N,2,0
52814,28,30000,RENT,5.0,EDUCATION,A,4800,6.99,0.16,N,9,0
52815,23,70000,RENT,5.0,MEDICAL,B,3000,10.99,0.04,N,2,0
52816,21,26000,RENT,1.0,MEDICAL,B,5600,10.99,0.22,N,3,0
52817,23,28000,RENT,0.0,EDUCATION,A,7000,7.74,0.25,N,4,0
52818,28,45000,RENT,1.0,PERSONAL,B,10000,11.89,0.22,N,10,0
52819,25,65000,RENT,4.0,HOMEIMPROVEMENT,A,7000,7.49,0.11,N,4,0
52820,41,38200,RENT,5.0,DEBTCONSOLIDATION,D,12000,16.77,0.31,N,17,1
52821,25,43000,RENT,9.0,VENTURE,D,7800,16.77,0.18,N,2,0
52822,25,100000,MORTGAGE,4.0,PERSONAL,A,10000,5.79,0.1,N,3,0
52823,22,37000,RENT,6.0,MEDICAL,B,4200,12.42,0.11,N,3,0
52824,28,40000,MORTGAGE,2.0,PERSONAL,A,9000,9.63,0.23,N,8,0
52825,28,34200,RENT,4.0,VENTURE,B,4000,12.21,0.12,N,7,0
52826,41,50000,MORTGAGE,5.0,MEDICAL,B,15000,11.36,0.3,N,16,0
52827,30,29406,RENT,5.0,VENTURE,B,10000,11.71,0.34,N,10,1
52828,26,85000,MORTGAGE,10.0,MEDICAL,C,6000,13.43,0.07,Y,4,0
52829,35,40000,RENT,0.0,EDUCATION,A,4000,8.59,0.1,N,6,0
52830,22,70000,RENT,6.0,EDUCATION,B,15000,9.45,0.21,N,4,0
52831,43,34000,RENT,0.0,MEDICAL,C,13000,13.35,0.38,Y,14,1
52832,25,45000,RENT,9.0,EDUCATION,C,2000,13.49,0.04,N,3,0
52833,29,90000,MORTGAGE,3.0,VENTURE,B,4800,11.83,0.05,N,9,0
52834,25,37000,RENT,2.0,DEBTCONSOLIDATION,A,6000,7.51,0.16,N,2,0
52835,24,33000,RENT,5.0,PERSONAL,C,3375,13.49,0.1,N,3,0
52836,29,60000,MORTGAGE,3.0,DEBTCONSOLIDATION,B,10000,11.49,0.17,N,7,0
52837,27,35375,RENT,3.0,DEBTCONSOLIDATION,B,5600,9.99,0.16,N,8,0
52838,28,95000,MORTGAGE,12.0,MEDICAL,A,8000,9.63,0.08,N,7,0
52839,24,35000,MORTGAGE,9.0,PERSONAL,C,7000,12.99,0.2,Y,4,0
52840,41,180000,MORTGAGE,2.0,EDUCATION,B,20000,8.88,0.11,N,13,0
52841,32,63000,MORTGAGE,4.0,PERSONAL,C,10000,12.99,0.16,Y,9,0
52842,25,75600,MORTGAGE,5.0,PERSONAL,A,14500,9.63,0.19,N,2,0
52843,26,54000,RENT,2.0,MEDICAL,C,5000,12.73,0.09,Y,3,1
52844,34,30000,RENT,4.0,MEDICAL,D,12000,18.25,0.4,Y,5,1
52845,33,60000,MORTGAGE,3.0,EDUCATION,E,16000,15.68,0.27,N,8,0
52846,27,70000,RENT,0.0,PERSONAL,B,15000,10.99,0.21,N,7,0
52847,29,60000,MORTGAGE,13.0,VENTURE,B,22000,11.71,0.37,N,8,0
52848,29,90000,MORTGAGE,13.0,PERSONAL,D,13000,14.91,0.15,Y,9,0
52849,29,70000,MORTGAGE,5.0,EDUCATION,A,2000,7.51,0.03,N,6,0
52850,21,40000,RENT,2.0,EDUCATION,C,2000,14.72,0.05,Y,3,0
52851,26,30000,MORTGAGE,0.0,DEBTCONSOLIDATION,C,7500,11.78,0.25,N,3,0
52852,30,120000,MORTGAGE,4.0,VENTURE,A,15000,6.17,0.13,N,7,0
52853,34,36000,RENT,1.0,DEBTCONSOLIDATION,B,3925,9.99,0.11,N,8,0
52854,23,37000,RENT,2.0,DEBTCONSOLIDATION,A,8400,6.91,0.23,N,3,0
52855,27,90000,MORTGAGE,5.0,EDUCATION,B,13500,10.99,0.15,N,10,0
52856,33,100000,MORTGAGE,1.0,PERSONAL,B,6600,11.11,0.07,N,6,0
52857,32,120000,MORTGAGE,11.0,PERSONAL,A,8000,7.9,0.07,N,9,0
52858,24,22500,RENT,2.0,EDUCATION,A,6000,7.14,0.27,N,4,0
52859,27,40000,MORTGAGE,7.0,DEBTCONSOLIDATION,B,4000,12.69,0.1,N,9,0
52860,29,60000,RENT,11.0,PERSONAL,B,14000,10.65,0.23,N,5,0
52861,26,108000,MORTGAGE,4.0,HOMEIMPROVEMENT,C,5400,12.87,0.05,Y,4,0
52862,39,49000,RENT,2.0,DEBTCONSOLIDATION,D,6000,15.62,0.12,N,13,1
52863,23,80000,RENT,0.0,EDUCATION,A,5000,7.68,0.06,N,2,0
52864,27,49000,MORTGAGE,2.0,MEDICAL,D,5000,15.21,0.1,Y,6,1
52865,42,45000,RENT,3.0,EDUCATION,A,4000,5.99,0.09,N,15,0
52866,23,54000,RENT,7.0,EDUCATION,C,1500,14.17,0.03,Y,2,0
52867,27,82000,MORTGAGE,1.0,EDUCATION,B,4000,11.99,0.05,N,9,0
52868,23,50000,RENT,1.0,PERSONAL,B,14000,11.89,0.28,N,4,0
52869,29,82500,MORTGAGE,13.0,DEBTCONSOLIDATION,C,3000,12.98,0.04,Y,7,0
52870,21,75000,RENT,1.0,VENTURE,C,9000,12.29,0.12,Y,2,0
52871,24,40000,RENT,6.0,PERSONAL,B,5000,9.91,0.13,N,3,0
52872,23,28000,MORTGAGE,2.0,DEBTCONSOLIDATION,A,8400,7.51,0.3,N,2,0
52873,28,85000,OWN,7.0,VENTURE,C,10000,12.61,0.12,Y,8,0
52874,24,48500,MORTGAGE,0.0,EDUCATION,C,6000,13.47,0.12,N,2,1
52875,28,62000,RENT,4.0,DEBTCONSOLIDATION,A,8000,6.99,0.13,N,5,0
52876,21,34000,RENT,5.0,MEDICAL,C,12000,13.16,0.35,N,4,1
52877,22,65338,MORTGAGE,6.0,EDUCATION,B,6500,10.39,0.1,N,4,0
52878,24,115275,RENT,7.0,EDUCATION,D,7600,17.49,0.07,N,3,0
52879,27,65000,MORTGAGE,3.0,HOMEIMPROVEMENT,C,3000,13.49,0.05,Y,9,0
52880,24,98000,RENT,2.0,HOMEIMPROVEMENT,D,20000,14.96,0.2,N,2,1
52881,24,25000,RENT,0.0,DEBTCONSOLIDATION,A,8000,9.32,0.32,N,2,1
52882,37,115000,MORTGAGE,2.0,HOMEIMPROVEMENT,B,10000,10.65,0.09,N,13,0
52883,30,36000,RENT,0.0,MEDICAL,B,5000,10.59,0.14,N,8,0
52884,22,54996,MORTGAGE,4.0,EDUCATION,B,5000,10.74,0.09,N,4,0
52885,24,33600,OWN,4.0,EDUCATION,B,10000,10.25,0.3,N,4,0
52886,44,70000,RENT,2.0,PERSONAL,C,10000,13.48,0.14,Y,12,0
52887,32,118000,MORTGAGE,16.0,HOMEIMPROVEMENT,B,11000,11.49,0.1,N,7,0
52888,21,57192,RENT,5.0,DEBTCONSOLIDATION,B,8000,10.37,0.14,N,4,0
52889,28,48000,MORTGAGE,5.0,MEDICAL,B,5000,10.99,0.1,N,10,0
52890,27,70000,RENT,4.0,DEBTCONSOLIDATION,A,16000,7.51,0.23,N,10,0
52891,27,44000,MORTGAGE,5.0,MEDICAL,D,2500,15.37,0.06,Y,9,1
52892,30,70000,RENT,9.0,DEBTCONSOLIDATION,C,15000,13.11,0.21,N,6,0
52893,24,33000,RENT,1.0,PERSONAL,D,1600,18.25,0.05,N,2,1
52894,26,120000,RENT,7.0,PERSONAL,D,10000,15.31,0.08,Y,2,0
52895,26,96000,MORTGAGE,3.0,HOMEIMPROVEMENT,A,6000,7.66,0.06,N,2,0
52896,38,90000,MORTGAGE,1.0,HOMEIMPROVEMENT,A,13000,6.62,0.14,N,13,0
52897,32,65000,MORTGAGE,3.0,VENTURE,D,10000,15.33,0.15,Y,10,0
52898,30,53000,MORTGAGE,7.0,HOMEIMPROVEMENT,C,8000,12.87,0.15,N,10,0
52899,34,35000,RENT,0.0,EDUCATION,C,5000,14.35,0.14,Y,10,0
52900,25,50000,RENT,9.0,DEBTCONSOLIDATION,B,2500,11.71,0.05,N,3,0
52901,26,85000,MORTGAGE,12.0,MEDICAL,A,7100,7.14,0.08,N,2,0
52902,24,35000,RENT,1.0,MEDICAL,B,5600,11.48,0.17,N,4,0
52903,26,24000,RENT,0.0,PERSONAL,B,5000,12.53,0.21,N,4,0
52904,31,48000,RENT,2.0,HOMEIMPROVEMENT,B,15000,12.21,0.31,N,5,1
52905,24,39996,RENT,3.0,MEDICAL,A,5000,7.51,0.13,N,2,0
52906,30,45000,MORTGAGE,14.0,EDUCATION,B,10000,12.69,0.22,N,9,0
52907,23,66000,RENT,4.0,EDUCATION,D,25000,14.11,0.38,N,2,1
52908,24,45000,MORTGAGE,8.0,EDUCATION,A,6000,6.62,0.13,N,4,0
52909,39,200000,MORTGAGE,0.0,DEBTCONSOLIDATION,C,16000,14.79,0.08,N,17,0
52910,30,65000,MORTGAGE,0.0,HOMEIMPROVEMENT,A,3600,6.92,0.06,N,9,0
52911,25,52000,RENT,3.0,MEDICAL,C,10000,12.73,0.19,Y,3,0
52912,23,24000,OWN,4.0,PERSONAL,C,5000,13.98,0.21,N,2,0
52913,23,53004,MORTGAGE,7.0,MEDICAL,A,10000,5.79,0.19,N,2,0
52914,30,70885,OTHER,10.0,DEBTCONSOLIDATION,A,1000,6.39,0.01,N,8,0
52915,37,87000,MORTGAGE,5.0,PERSONAL,D,15000,15.33,0.17,N,11,0
52916,36,51996,OWN,7.0,EDUCATION,B,7000,9.99,0.13,N,15,0
52917,31,42264,RENT,4.0,EDUCATION,A,3000,7.29,0.07,N,9,0
52918,24,38400,MORTGAGE,7.0,VENTURE,A,10000,7.29,0.26,N,2,0
52919,28,131004,MORTGAGE,5.0,EDUCATION,A,25000,7.9,0.19,N,7,0
52920,50,51160,RENT,1.0,MEDICAL,B,9000,9.76,0.18,N,14,0
52921,30,59000,RENT,3.0,HOMEIMPROVEMENT,B,17500,12.53,0.29,N,5,1
52922,29,30000,RENT,1.0,PERSONAL,C,5000,13.72,0.17,N,9,0
52923,21,54000,RENT,5.0,VENTURE,C,1200,14.27,0.02,N,3,0
52924,29,30000,RENT,0.0,MEDICAL,A,5000,5.42,0.17,N,8,0
52925,28,59000,RENT,2.0,PERSONAL,E,20000,14.82,0.34,N,6,1
52926,27,60000,MORTGAGE,4.0,MEDICAL,A,12000,7.88,0.2,N,10,0
52927,22,63211,RENT,7.0,DEBTCONSOLIDATION,C,6500,12.68,0.1,N,3,0
52928,24,58000,RENT,8.0,HOMEIMPROVEMENT,B,7500,11.71,0.13,N,2,0
52929,26,45000,RENT,10.0,PERSONAL,B,16000,12.18,0.36,N,2,1
52930,32,80000,MORTGAGE,6.0,PERSONAL,A,3600,8.9,0.04,N,9,0
52931,23,90000,MORTGAGE,7.0,EDUCATION,A,7200,5.42,0.08,N,2,0
52932,50,65000,OWN,7.0,VENTURE,A,3000,6.39,0.05,N,14,0
52933,29,55000,MORTGAGE,9.0,VENTURE,B,6000,10.99,0.11,N,10,0
52934,39,72000,MORTGAGE,4.0,HOMEIMPROVEMENT,A,10000,5.42,0.14,N,11,0
52935,39,115000,RENT,4.0,HOMEIMPROVEMENT,D,5500,14.59,0.05,N,14,0
52936,30,70000,MORTGAGE,5.0,HOMEIMPROVEMENT,B,10000,11.99,0.14,N,6,0
52937,22,130000,RENT,3.0,VENTURE,B,10000,12.18,0.08,N,4,0
52938,27,90000,RENT,3.0,PERSONAL,C,10000,14.27,0.11,Y,9,0
52939,24,28000,RENT,8.0,DEBTCONSOLIDATION,B,10750,10.25,0.38,N,2,1
52940,26,90080,MORTGAGE,9.0,VENTURE,A,7500,7.43,0.01,N,4,0
52941,22,72061,MORTGAGE,6.0,VENTURE,A,4800,6.62,0.07,N,4,0
52942,28,50000,RENT,8.0,DEBTCONSOLIDATION,A,8500,8.49,0.17,N,7,0
52943,28,121000,OWN,12.0,VENTURE,C,13000,11.97,0.11,Y,9,0
52944,24,53000,RENT,2.0,MEDICAL,A,5200,8.9,0.1,N,3,0
52945,27,110000,MORTGAGE,4.0,VENTURE,C,10000,14.65,0.09,Y,10,0
52946,22,60000,MORTGAGE,6.0,PERSONAL,B,12000,10.25,0.2,N,4,0
52947,26,50000,MORTGAGE,4.0,DEBTCONSOLIDATION,A,10000,7.66,0.2,N,3,0
52948,25,21600,RENT,0.0,PERSONAL,C,5100,13.06,0.23,Y,4,0
52949,33,30000,RENT,6.0,EDUCATION,C,6000,13.79,0.2,N,5,1
52950,23,112992,MORTGAGE,7.0,VENTURE,A,8000,6.03,0.07,N,3,0
52951,28,70000,MORTGAGE,1.0,HOMEIMPROVEMENT,A,8000,7.9,0.11,N,6,0
52952,33,59623,MORTGAGE,7.0,MEDICAL,A,1500,5.42,0.02,N,10,1
52953,24,60000,OWN,7.0,MEDICAL,A,5000,7.74,0.08,N,3,0
52954,29,144000,MORTGAGE,3.0,VENTURE,A,14700,8.49,0.1,N,8,0
52955,25,80000,MORTGAGE,0.0,HOMEIMPROVEMENT,A,12000,7.49,0.15,N,2,0
52956,25,40000,MORTGAGE,9.0,PERSONAL,C,14675,13.49,0.36,N,4,0
52957,38,65000,RENT,4.0,HOMEIMPROVEMENT,A,7000,6.62,0.11,N,17,0
52958,38,95000,MORTGAGE,0.0,PERSONAL,B,10000,10.95,0.11,N,13,0
52959,29,40000,RENT,2.0,MEDICAL,B,4000,10.59,0.1,N,8,0
52960,25,36000,RENT,3.0,MEDICAL,A,10000,5.79,0.28,N,2,0
52961,25,78000,MORTGAGE,9.0,EDUCATION,B,25000,10.62,0.32,N,2,0
52962,23,85000,MORTGAGE,7.0,EDUCATION,B,15000,12.18,0.18,N,2,0
52963,32,45000,MORTGAGE,5.0,VENTURE,A,2500,7.29,0.05,N,7,0
52964,23,42769,MORTGAGE,5.0,MEDICAL,C,1500,15.96,0.04,N,4,1
52965,27,52000,MORTGAGE,7.0,EDUCATION,C,2400,12.99,0.05,Y,9,0
52966,21,54000,MORTGAGE,5.0,PERSONAL,B,5000,9.99,0.09,N,4,0
52967,22,24000,RENT,4.0,PERSONAL,C,9600,14.27,0.4,Y,4,1
52968,36,150000,RENT,7.0,HOMEIMPROVEMENT,A,12000,7.29,0.08,N,11,0
52969,38,83000,RENT,1.0,VENTURE,C,12000,11.97,0.14,Y,13,0
52970,36,60070,RENT,2.0,HOMEIMPROVEMENT,B,5500,9.62,0.09,N,14,0
52971,23,85000,MORTGAGE,0.0,VENTURE,C,10000,14.27,0.12,N,4,0
52972,22,30000,RENT,0.0,PERSONAL,B,8000,10.65,0.27,N,2,0
52973,33,80000,MORTGAGE,5.0,PERSONAL,A,16000,7.14,0.19,N,8,0
52974,24,54000,MORTGAGE,8.0,VENTURE,E,7000,17.14,0.13,N,3,0
52975,22,50000,MORTGAGE,3.0,VENTURE,A,5000,7.74,0.1,N,4,0
52976,27,110000,MORTGAGE,0.0,PERSONAL,A,10000,8.59,0.09,N,10,0
52977,27,70000,MORTGAGE,11.0,PERSONAL,A,1800,6.54,0.03,N,8,0
52978,27,50000,RENT,3.0,DEBTCONSOLIDATION,C,5000,13.49,0.1,Y,6,0
52979,29,46800,MORTGAGE,9.0,HOMEIMPROVEMENT,A,6000,7.14,0.13,N,10,0
52980,27,60000,RENT,3.0,PERSONAL,C,6000,13.98,0.1,Y,9,0
52981,24,70000,RENT,8.0,DEBTCONSOLIDATION,A,12000,7.51,0.17,N,4,0
52982,36,69000,MORTGAGE,18.0,HOMEIMPROVEMENT,D,5000,15.33,0.07,Y,11,1
52983,28,40000,RENT,3.0,VENTURE,B,4000,11.49,0.1,N,5,0
52984,24,75000,MORTGAGE,0.0,DEBTCONSOLIDATION,A,10000,7.29,0.13,N,3,0
52985,28,57000,MORTGAGE,12.0,VENTURE,B,7200,9.91,0.13,N,6,0
52986,30,95000,MORTGAGE,6.0,EDUCATION,B,25000,10.99,0.26,N,5,0
52987,22,34992,RENT,1.0,EDUCATION,D,12000,13.87,0.34,N,2,1
52988,23,48000,RENT,2.0,MEDICAL,B,3500,10.99,0.07,N,4,0
52989,24,107000,RENT,8.0,VENTURE,B,7500,11.86,0.07,N,3,0
52990,28,52416,MORTGAGE,12.0,EDUCATION,A,3200,5.42,0.06,N,9,0
52991,27,60000,MORTGAGE,11.0,EDUCATION,A,9000,7.51,0.15,N,5,0
52992,29,50000,MORTGAGE,4.0,VENTURE,A,6000,7.9,0.12,N,7,0
52993,23,48000,MORTGAGE,7.0,EDUCATION,A,10000,7.88,0.21,N,4,0
52994,25,78000,RENT,5.0,EDUCATION,C,12000,13.49,0.15,N,4,0
52995,30,62050,MORTGAGE,14.0,MEDICAL,D,5000,14.96,0.06,Y,8,1
52996,21,35280,RENT,0.0,PERSONAL,D,10000,14.96,0.29,Y,3,1
52997,22,32400,RENT,6.0,EDUCATION,A,10000,7.49,0.31,N,3,1
52998,23,82000,MORTGAGE,2.0,EDUCATION,B,4000,10.59,0.05,N,2,0
52999,28,51621,MORTGAGE,12.0,MEDICAL,B,3500,11.49,0.07,N,10,0
53000,22,45000,RENT,6.0,EDUCATION,A,3625,6.54,0.08,N,3,0
53001,22,60000,RENT,7.0,EDUCATION,B,2000,10.99,0.03,N,2,0
53002,35,54981,MORTGAGE,3.0,MEDICAL,B,8400,11.99,0.15,N,6,0
53003,27,100000,MORTGAGE,2.0,PERSONAL,A,15000,8.94,0.15,N,6,0
53004,23,52000,RENT,7.0,EDUCATION,B,7000,11.89,0.13,N,3,0
53005,24,31000,RENT,0.0,VENTURE,A,13000,7.88,0.42,N,4,1
53006,24,75000,RENT,1.0,VENTURE,B,4800,9.99,0.07,N,3,0
53007,21,19200,RENT,3.0,EDUCATION,B,2000,12.69,0.1,N,4,0
53008,26,46000,MORTGAGE,2.0,EDUCATION,A,6000,8.94,0.13,N,2,0
53009,21,22800,RENT,0.0,EDUCATION,C,3500,12.61,0.15,N,2,0
53010,22,72000,MORTGAGE,6.0,EDUCATION,A,3300,6.39,0.04,N,2,0
53011,23,40000,RENT,1.0,EDUCATION,C,8000,13.22,0.2,Y,3,0
53012,23,48000,MORTGAGE,7.0,PERSONAL,A,3000,7.37,0.06,N,2,0
53013,31,47000,RENT,7.0,PERSONAL,A,8000,5.42,0.17,N,9,0
53014,23,75000,MORTGAGE,5.0,VENTURE,B,13800,11.14,0.18,N,3,0
53015,25,68004,RENT,9.0,DEBTCONSOLIDATION,B,15000,11.89,0.22,N,4,0
53016,24,65000,MORTGAGE,3.0,VENTURE,A,4800,8.9,0.07,N,3,0
53017,29,39000,RENT,6.0,DEBTCONSOLIDATION,D,3500,15.62,0.09,Y,7,1
53018,30,65000,MORTGAGE,5.0,EDUCATION,C,18000,12.84,0.29,Y,6,0
53019,24,36000,RENT,1.0,MEDICAL,B,4000,12.69,0.11,N,2,0
53020,25,40000,RENT,2.0,MEDICAL,A,9600,5.79,0.24,N,2,0
53021,22,28800,MORTGAGE,6.0,MEDICAL,B,1000,10.99,0.03,N,2,0
53022,30,65000,RENT,4.0,EDUCATION,C,15000,14.27,0.23,N,6,0
53023,24,40000,RENT,0.0,PERSONAL,D,10000,16.0,0.25,N,3,0
53024,24,55000,MORTGAGE,5.0,MEDICAL,A,6000,7.49,0.11,N,4,0
53025,22,42000,MORTGAGE,6.0,DEBTCONSOLIDATION,A,8000,6.76,0.19,N,4,0
53026,22,40000,RENT,6.0,VENTURE,B,8000,9.91,0.2,N,3,0
53027,25,50000,RENT,4.0,DEBTCONSOLIDATION,B,7000,10.74,0.14,N,4,0
53028,26,43000,RENT,5.0,DEBTCONSOLIDATION,B,5000,9.62,0.12,N,4,0
53029,27,36000,RENT,1.0,EDUCATION,C,8000,12.53,0.22,N,5,0
53030,31,70000,RENT,4.0,DEBTCONSOLIDATION,B,14400,9.91,0.2,N,9,0
53031,37,36000,MORTGAGE,3.0,VENTURE,A,9000,6.91,0.25,N,13,0
53032,29,55000,MORTGAGE,11.0,DEBTCONSOLIDATION,A,8000,7.51,0.15,N,10,0
53033,22,35364,RENT,5.0,VENTURE,D,10000,16.02,0.28,N,2,0
53034,34,30000,OWN,18.0,VENTURE,B,3000,10.59,0.1,N,10,0
53035,22,36000,RENT,1.0,VENTURE,D,2000,15.65,0.06,Y,2,1
53036,27,55000,RENT,3.0,DEBTCONSOLIDATION,C,9000,12.61,0.16,N,10,0
53037,23,65000,MORTGAGE,7.0,PERSONAL,C,7500,13.61,0.12,N,2,0
53038,22,90000,MORTGAGE,0.0,EDUCATION,A,6000,8.59,0.07,N,2,0
53039,30,120000,MORTGAGE,3.0,HOMEIMPROVEMENT,A,9000,5.99,0.07,N,9,0
53040,22,70000,MORTGAGE,0.0,PERSONAL,A,12000,8.94,0.17,N,4,0
53041,22,48400,RENT,6.0,VENTURE,C,11200,14.65,0.25,Y,3,1
53042,23,60000,RENT,0.0,VENTURE,C,12000,13.57,0.2,N,3,0
53043,22,43000,RENT,0.0,MEDICAL,C,10000,13.22,0.23,N,2,0
53044,24,30000,RENT,2.0,EDUCATION,A,3000,7.66,0.1,N,3,0
53045,26,120000,RENT,2.0,HOMEIMPROVEMENT,C,7000,13.06,0.06,N,2,0
53046,35,60000,MORTGAGE,6.0,MEDICAL,A,6000,7.49,0.1,N,9,0
53047,24,110000,MORTGAGE,8.0,DEBTCONSOLIDATION,A,6000,9.63,0.05,N,4,0
53048,28,30000,RENT,2.0,PERSONAL,B,10000,12.18,0.33,N,5,1
53049,41,40000,OWN,0.0,MEDICAL,A,5000,5.42,0.13,N,11,0
53050,31,55000,RENT,2.0,DEBTCONSOLIDATION,B,2000,9.88,0.04,N,5,0
53051,23,60000,RENT,6.0,MEDICAL,B,15000,11.71,0.25,N,4,0
53052,30,96000,RENT,14.0,HOMEIMPROVEMENT,D,25000,14.96,0.26,Y,10,0
53053,30,70000,RENT,6.0,HOMEIMPROVEMENT,A,7600,7.88,0.11,N,8,0
53054,28,50000,MORTGAGE,4.0,HOMEIMPROVEMENT,C,12000,13.57,0.24,N,6,0
53055,27,30000,RENT,0.0,EDUCATION,E,5600,17.19,0.19,N,9,1
53056,35,762000,OWN,8.0,MEDICAL,A,10000,8.94,0.13,N,6,0
53057,22,30000,RENT,0.0,DEBTCONSOLIDATION,B,10000,12.42,0.33,N,3,1
53058,37,52000,RENT,4.0,PERSONAL,B,4800,9.45,0.09,N,16,0
53059,23,90000,MORTGAGE,7.0,EDUCATION,B,7200,10.99,0.08,N,2,0
53060,23,69996,MORTGAGE,2.0,VENTURE,B,6000,10.25,0.09,N,3,0
53061,26,110000,RENT,9.0,DEBTCONSOLIDATION,C,20000,13.72,0.18,N,3,0
53062,23,60000,RENT,1.0,MEDICAL,B,3000,11.83,0.05,N,4,0
53063,27,48000,RENT,3.0,MEDICAL,A,3500,6.99,0.07,N,8,0
53064,24,28000,RENT,8.0,VENTURE,C,10000,11.34,0.35,N,2,1
53065,24,75000,MORTGAGE,8.0,VENTURE,A,12000,6.92,0.16,N,3,0
53066,35,60000,MORTGAGE,12.0,PERSONAL,B,3000,11.99,0.05,N,9,0
53067,24,90000,RENT,8.0,EDUCATION,D,15000,14.84,0.17,N,3,0
53068,26,78000,MORTGAGE,2.0,HOMEIMPROVEMENT,B,7000,11.14,0.09,N,4,0
53069,24,35000,RENT,1.0,EDUCATION,C,5000,11.34,0.14,N,2,0
53070,32,116004,MORTGAGE,2.0,PERSONAL,C,14000,12.99,0.12,N,6,0
53071,23,31000,RENT,1.0,DEBTCONSOLIDATION,B,7200,11.86,0.22,N,3,0
53072,39,35000,RENT,2.0,MEDICAL,G,12000,19.82,0.34,N,11,1
53073,21,65004,OWN,5.0,EDUCATION,C,5000,13.49,0.08,N,2,0
53074,29,100000,RENT,2.0,DEBTCONSOLIDATION,B,6000,11.11,0.06,N,8,0
53075,24,66000,RENT,4.0,EDUCATION,B,16000,10.38,0.24,N,4,0
53076,29,109800,MORTGAGE,13.0,DEBTCONSOLIDATION,A,10000,6.91,0.09,N,5,0
53077,28,72000,RENT,5.0,VENTURE,C,12000,12.84,0.17,Y,6,0
53078,24,87600,MORTGAGE,8.0,PERSONAL,D,10000,14.59,0.11,Y,2,0
53079,21,27600,RENT,3.0,EDUCATION,A,2500,8.9,0.09,N,3,0
53080,25,33772,RENT,3.0,HOMEIMPROVEMENT,D,3600,16.02,0.11,Y,3,1
53081,32,70000,MORTGAGE,4.0,VENTURE,A,7000,7.9,0.1,N,6,0
53082,23,39996,RENT,4.0,PERSONAL,C,7000,11.66,0.18,N,3,0
53083,27,47940,MORTGAGE,1.0,HOMEIMPROVEMENT,B,15000,10.99,0.31,N,8,0
53084,26,65000,RENT,0.0,EDUCATION,A,13250,7.9,0.2,N,2,0
53085,22,40000,RENT,0.0,MEDICAL,C,5000,13.47,0.13,N,3,0
53086,24,52800,OWN,8.0,MEDICAL,B,5000,10.62,0.09,N,4,0
53087,22,45000,MORTGAGE,6.0,MEDICAL,A,6000,6.03,0.13,N,2,0
53088,22,55000,MORTGAGE,1.0,VENTURE,A,9000,5.99,0.16,N,2,0
53089,24,28000,RENT,0.0,VENTURE,C,10000,14.26,0.36,Y,3,1
53090,22,85000,MORTGAGE,3.0,EDUCATION,A,5000,6.76,0.06,N,3,0
53091,28,30000,RENT,4.0,EDUCATION,A,10625,8.49,0.35,N,8,1
53092,30,40000,RENT,0.0,EDUCATION,B,10000,10.59,0.25,N,8,0
53093,27,132000,MORTGAGE,4.0,HOMEIMPROVEMENT,A,18000,8.49,0.14,N,10,0
53094,25,47496,RENT,3.0,PERSONAL,A,12000,7.29,0.25,N,3,0
53095,29,60000,RENT,0.0,VENTURE,G,19750,23.22,0.33,Y,7,1
53096,22,50000,RENT,1.0,PERSONAL,A,7200,9.63,0.14,N,2,0
53097,22,57996,MORTGAGE,2.0,EDUCATION,B,4800,11.89,0.08,N,2,0
53098,60,34000,MORTGAGE,2.0,PERSONAL,A,8000,7.9,0.24,N,29,0
53099,25,32000,MORTGAGE,9.0,DEBTCONSOLIDATION,B,8500,10.38,0.27,N,3,0
53100,26,37000,MORTGAGE,10.0,DEBTCONSOLIDATION,E,12500,14.25,0.33,N,2,1
53101,28,96000,MORTGAGE,12.0,PERSONAL,E,20000,17.74,0.21,Y,7,0
53102,25,60000,RENT,4.0,EDUCATION,B,12000,12.18,0.2,N,3,0
53103,25,44000,RENT,10.0,EDUCATION,B,4000,9.91,0.09,N,3,0
53104,27,50000,RENT,3.0,HOMEIMPROVEMENT,B,11500,9.99,0.23,N,5,0
53105,26,49000,RENT,5.0,DEBTCONSOLIDATION,B,3000,11.58,0.06,N,3,0
53106,28,27996,RENT,2.0,VENTURE,E,2000,17.19,0.07,Y,10,1
53107,24,40000,RENT,1.0,MEDICAL,A,15000,7.9,0.38,N,4,1
53108,26,120000,RENT,0.0,EDUCATION,B,12000,11.11,0.1,N,2,0
53109,35,40000,OWN,0.0,HOMEIMPROVEMENT,C,4400,12.23,0.11,Y,9,0
53110,23,30000,RENT,3.0,EDUCATION,B,3000,11.71,0.1,N,3,0
53111,22,27996,RENT,0.0,VENTURE,D,4200,15.95,0.15,N,4,1
53112,29,140000,RENT,13.0,PERSONAL,A,20000,6.54,0.14,N,9,0
53113,34,51492,OWN,6.0,VENTURE,B,10750,10.25,0.21,N,5,0
53114,23,75000,RENT,4.0,VENTURE,B,12000,10.38,0.16,N,2,0
53115,23,40000,MORTGAGE,4.0,MEDICAL,C,10000,14.65,0.25,N,4,0
53116,33,110000,MORTGAGE,4.0,HOMEIMPROVEMENT,A,16000,6.03,0.15,N,9,0
53117,23,18700,RENT,2.0,EDUCATION,B,1500,10.99,0.08,N,3,0
53118,47,50000,OWN,2.0,EDUCATION,A,3600,9.32,0.07,N,12,0
53119,24,40000,OWN,4.0,VENTURE,C,10000,13.92,0.25,Y,2,0
53120,28,39996,RENT,5.0,MEDICAL,A,8000,7.14,0.2,N,5,0
53121,22,48000,RENT,3.0,MEDICAL,C,4000,13.35,0.08,N,2,0
53122,25,74000,MORTGAGE,5.0,EDUCATION,B,17000,9.88,0.24,N,3,0
53123,27,50000,RENT,2.0,PERSONAL,C,5000,13.11,0.1,N,9,0
53124,31,65000,RENT,1.0,DEBTCONSOLIDATION,C,14000,12.73,0.22,N,6,0
53125,28,65000,RENT,9.0,EDUCATION,A,2500,6.39,0.04,N,5,0
53126,27,85000,OWN,4.0,VENTURE,A,8000,6.91,0.09,N,5,0
53127,31,110000,MORTGAGE,6.0,HOMEIMPROVEMENT,B,12000,9.63,0.11,N,7,0
53128,22,39000,RENT,3.0,MEDICAL,A,5000,7.49,0.13,N,2,0
53129,23,40000,RENT,4.0,MEDICAL,A,5000,5.42,0.13,N,4,0
53130,28,60000,OWN,2.0,PERSONAL,B,12000,10.99,0.2,N,10,0
53131,24,52000,MORTGAGE,8.0,HOMEIMPROVEMENT,A,2000,7.66,0.04,N,3,0
53132,24,40000,MORTGAGE,8.0,DEBTCONSOLIDATION,C,3600,14.72,0.09,Y,2,0
53133,29,100000,RENT,5.0,VENTURE,A,4200,8.9,0.01,N,9,0
53134,22,38004,RENT,5.0,EDUCATION,B,10000,10.75,0.26,N,4,0
53135,32,60000,MORTGAGE,7.0,PERSONAL,C,13000,15.23,0.21,Y,9,0
53136,23,49000,RENT,8.0,DEBTCONSOLIDATION,A,8500,6.03,0.17,N,2,0
53137,27,70000,RENT,8.0,MEDICAL,B,5000,12.42,0.07,N,9,0
53138,25,150000,MORTGAGE,5.0,EDUCATION,A,10000,7.49,0.07,N,4,0
53139,28,200000,MORTGAGE,4.0,DEBTCONSOLIDATION,B,10000,11.36,0.05,N,7,0
53140,27,34000,MORTGAGE,11.0,VENTURE,A,15000,6.03,0.44,N,5,0
53141,41,62500,RENT,4.0,MEDICAL,C,14000,13.16,0.23,N,17,0
53142,36,55000,MORTGAGE,2.0,PERSONAL,B,7000,9.99,0.13,N,12,0
53143,25,48000,RENT,3.0,VENTURE,B,4000,9.91,0.08,N,2,0
53144,29,81000,MORTGAGE,5.0,PERSONAL,D,12000,16.29,0.15,Y,8,0
53145,27,25000,RENT,0.0,MEDICAL,B,5000,9.91,0.2,N,10,0
53146,29,32000,RENT,2.0,VENTURE,A,3200,8.59,0.1,N,5,0
53147,35,30000,RENT,0.0,MEDICAL,B,3200,10.2,0.11,N,10,0
53148,33,72000,MORTGAGE,2.0,PERSONAL,D,3200,14.96,0.04,Y,7,0
53149,23,50000,RENT,2.0,EDUCATION,C,20000,13.48,0.4,N,2,1
53150,27,68000,RENT,3.0,HOMEIMPROVEMENT,D,11200,14.84,0.16,N,10,0
53151,24,70000,MORTGAGE,4.0,MEDICAL,B,10000,12.21,0.14,N,3,0
53152,26,30000,RENT,3.0,VENTURE,A,10000,7.9,0.33,N,3,1
53153,29,20000,RENT,2.0,DEBTCONSOLIDATION,B,3000,10.25,0.15,N,10,0
53154,23,28000,OWN,1.0,EDUCATION,A,9200,7.68,0.32,N,4,0
53155,26,90000,MORTGAGE,10.0,EDUCATION,A,12000,7.88,0.13,N,4,0
53156,25,60000,RENT,0.0,EDUCATION,A,13000,8.59,0.22,N,3,0
53157,21,52500,MORTGAGE,5.0,PERSONAL,A,6000,6.62,0.12,N,2,0
53158,48,24702,RENT,1.0,EDUCATION,C,2000,11.72,0.08,Y,12,0
53159,22,41000,RENT,1.0,EDUCATION,C,12000,13.49,0.29,N,3,0
53160,27,55000,RENT,3.0,VENTURE,C,10000,12.99,0.18,Y,8,0
53161,26,90000,MORTGAGE,10.0,PERSONAL,A,10000,6.62,0.11,N,4,0
53162,28,112123,MORTGAGE,2.0,EDUCATION,A,7200,8.59,0.06,N,9,0
53163,24,65000,RENT,2.0,VENTURE,D,3100,15.99,0.05,Y,3,1
53164,31,78996,OWN,2.0,PERSONAL,C,12000,13.16,0.15,N,8,0
53165,25,36000,OWN,0.0,VENTURE,C,5000,12.29,0.14,Y,3,0
53166,24,85000,MORTGAGE,8.0,PERSONAL,A,11000,7.49,0.13,N,4,0
53167,33,65000,MORTGAGE,4.0,HOMEIMPROVEMENT,A,5000,7.51,0.08,N,10,0
53168,23,60000,MORTGAGE,6.0,EDUCATION,B,16000,10.99,0.27,N,3,0
53169,24,70000,MORTGAGE,2.0,MEDICAL,B,15000,11.86,0.21,N,4,0
53170,24,40000,OWN,8.0,PERSONAL,B,7000,10.65,0.17,N,2,0
53171,22,40000,RENT,1.0,VENTURE,A,9000,6.91,0.23,N,2,0
53172,23,75000,RENT,8.0,VENTURE,D,9500,14.84,0.13,Y,2,0
53173,31,30412,RENT,3.0,PERSONAL,C,4800,12.29,0.17,N,9,0
53174,35,53000,RENT,1.0,PERSONAL,B,15000,9.88,0.28,N,10,0
53175,27,65000,RENT,5.0,VENTURE,A,8000,5.79,0.12,N,7,0
53176,45,63900,RENT,8.0,VENTURE,A,8000,6.03,0.13,N,17,0
53177,30,37200,RENT,1.0,MEDICAL,A,7200,6.91,0.19,N,10,0
53178,40,60000,RENT,2.0,PERSONAL,A,6000,8.94,0.1,N,12,0
53179,22,66000,MORTGAGE,6.0,MEDICAL,B,6000,10.0,0.09,N,2,0
53180,34,39552,MORTGAGE,19.0,DEBTCONSOLIDATION,A,8000,5.79,0.21,N,5,0
53181,66,93600,MORTGAGE,1.0,PERSONAL,B,9600,11.86,0.1,N,18,0
53182,24,132000,RENT,4.0,PERSONAL,A,18000,5.79,0.14,N,2,0
53183,27,44000,MORTGAGE,3.0,PERSONAL,B,10000,11.99,0.23,N,7,1
53184,22,60000,MORTGAGE,3.0,PERSONAL,A,5000,7.14,0.08,N,3,0
53185,36,53500,MORTGAGE,8.0,EDUCATION,A,3200,6.99,0.06,N,13,0
53186,24,72000,RENT,8.0,PERSONAL,D,20000,17.27,0.28,N,4,0
53187,23,85000,MORTGAGE,7.0,EDUCATION,A,20000,6.54,0.24,N,3,0
53188,26,62500,MORTGAGE,3.0,MEDICAL,A,5000,5.79,0.08,N,3,0
53189,31,75000,RENT,4.0,HOMEIMPROVEMENT,B,30000,9.91,0.4,N,8,1
53190,27,96000,RENT,6.0,MEDICAL,A,14000,7.51,0.15,N,6,0
53191,25,28000,OWN,1.0,VENTURE,A,10000,7.49,0.36,N,4,0
53192,23,58800,MORTGAGE,7.0,EDUCATION,A,3000,8.94,0.05,N,2,0
53193,34,40000,RENT,3.0,DEBTCONSOLIDATION,B,6000,10.0,0.15,N,7,0
53194,25,50000,RENT,9.0,HOMEIMPROVEMENT,A,10000,7.49,0.2,N,3,0
53195,39,45000,MORTGAGE,2.0,EDUCATION,A,9275,7.29,0.21,N,13,0
53196,34,105000,MORTGAGE,7.0,EDUCATION,B,7500,10.99,0.07,N,5,0
53197,28,85000,MORTGAGE,5.0,VENTURE,B,13000,11.99,0.15,N,8,0
53198,27,50000,MORTGAGE,11.0,DEBTCONSOLIDATION,A,10000,7.51,0.2,N,9,0
53199,23,30000,RENT,1.0,DEBTCONSOLIDATION,B,4200,12.69,0.14,N,3,0
53200,32,55000,RENT,4.0,PERSONAL,C,5000,15.96,0.09,N,10,0
53201,29,60000,RENT,0.0,MEDICAL,A,4500,7.66,0.07,N,7,0
53202,24,40000,RENT,8.0,DEBTCONSOLIDATION,A,8000,7.9,0.2,N,4,0
53203,25,95000,MORTGAGE,2.0,MEDICAL,A,8000,7.29,0.08,N,2,0
53204,35,39000,RENT,2.0,MEDICAL,E,3000,17.19,0.08,Y,6,1
53205,21,75000,RENT,5.0,EDUCATION,B,7500,12.69,0.1,N,3,0
53206,46,60000,RENT,18.0,PERSONAL,D,16000,14.09,0.27,N,12,0
53207,23,60000,RENT,7.0,VENTURE,A,12000,7.9,0.2,N,3,0
53208,26,120000,MORTGAGE,10.0,MEDICAL,A,6000,7.51,0.05,N,4,0
53209,32,37000,RENT,5.0,MEDICAL,C,6000,12.73,0.16,N,7,0
53210,22,60000,RENT,6.0,EDUCATION,B,15000,10.62,0.25,N,4,0
53211,35,95000,RENT,3.0,HOMEIMPROVEMENT,A,23000,6.91,0.24,N,5,0
53212,26,100000,RENT,0.0,PERSONAL,A,9000,8.94,0.09,N,2,0
53213,24,63996,MORTGAGE,8.0,MEDICAL,B,15000,10.25,0.24,N,3,0
53214,23,66000,MORTGAGE,7.0,EDUCATION,A,10000,6.17,0.15,N,3,0
53215,23,28800,RENT,1.0,MEDICAL,A,8875,8.9,0.31,N,3,1
53216,29,60000,RENT,6.0,DEBTCONSOLIDATION,B,15000,10.99,0.25,N,7,0
53217,28,40000,RENT,4.0,VENTURE,B,10000,10.65,0.25,N,9,0
53218,23,38500,RENT,0.0,MEDICAL,A,3000,7.88,0.08,N,2,0
53219,23,50000,MORTGAGE,7.0,DEBTCONSOLIDATION,C,4000,12.53,0.08,N,2,0
53220,29,30000,RENT,3.0,DEBTCONSOLIDATION,C,3000,13.49,0.1,Y,5,0
53221,30,85000,MORTGAGE,6.0,VENTURE,C,5500,12.73,0.07,Y,8,0
53222,22,24000,OWN,0.0,EDUCATION,B,2400,11.48,0.1,N,4,0
53223,31,34560,RENT,1.0,HOMEIMPROVEMENT,D,1000,14.96,0.03,Y,6,1
53224,22,60000,MORTGAGE,7.0,PERSONAL,A,15000,7.88,0.25,N,3,0
53225,38,80000,MORTGAGE,0.0,VENTURE,B,25000,10.62,0.31,N,16,0
53226,28,27600,RENT,2.0,MEDICAL,B,3200,9.91,0.12,N,5,0
53227,28,90000,MORTGAGE,7.0,PERSONAL,A,3500,7.9,0.04,N,9,0
53228,28,30000,RENT,2.0,PERSONAL,C,3000,13.11,0.1,Y,10,0
53229,21,30000,RENT,3.0,EDUCATION,C,2000,14.22,0.07,N,4,0
53230,24,54000,MORTGAGE,3.0,EDUCATION,A,10000,7.88,0.19,N,4,0
53231,24,35000,MORTGAGE,8.0,DEBTCONSOLIDATION,A,6000,6.03,0.17,N,4,0
53232,27,52000,MORTGAGE,0.0,HOMEIMPROVEMENT,A,20000,8.94,0.39,N,5,0
53233,34,150000,MORTGAGE,14.0,MEDICAL,A,14000,6.91,0.09,N,5,0
53234,22,80000,MORTGAGE,5.0,PERSONAL,C,8000,14.65,0.1,N,3,0
53235,23,100000,RENT,0.0,PERSONAL,C,5000,13.23,0.05,N,2,0
53236,27,60000,RENT,1.0,VENTURE,B,10000,10.37,0.17,N,10,0
53237,23,50400,RENT,7.0,EDUCATION,D,5000,14.09,0.1,Y,4,0
53238,26,50000,MORTGAGE,10.0,HOMEIMPROVEMENT,A,10000,7.88,0.2,N,4,0
53239,22,24996,RENT,1.0,MEDICAL,C,3500,13.48,0.15,Y,2,0
53240,27,50000,RENT,6.0,DEBTCONSOLIDATION,C,9000,14.27,0.18,Y,5,0
53241,41,98004,MORTGAGE,10.0,VENTURE,A,13000,7.66,0.13,N,11,0
53242,38,110000,MORTGAGE,6.0,EDUCATION,B,15000,10.37,0.14,N,13,0
53243,30,55000,RENT,1.0,DEBTCONSOLIDATION,B,20000,11.48,0.36,N,6,1
53244,26,55000,MORTGAGE,10.0,VENTURE,C,8000,13.99,0.15,N,4,0
53245,22,84000,MORTGAGE,2.0,EDUCATION,B,5000,11.86,0.06,N,4,0
53246,24,95000,MORTGAGE,6.0,PERSONAL,D,10000,16.29,0.11,N,2,0
53247,39,80000,RENT,6.0,PERSONAL,B,2000,9.99,0.03,N,16,0
53248,24,30000,RENT,5.0,MEDICAL,A,8875,7.51,0.3,N,2,0
53249,23,80000,RENT,3.0,EDUCATION,B,15000,10.0,0.19,N,3,0
53250,31,33000,MORTGAGE,5.0,VENTURE,A,4000,7.51,0.12,N,5,0
53251,22,65004,MORTGAGE,5.0,EDUCATION,A,15000,6.17,0.23,N,2,0
53252,24,95000,MORTGAGE,0.0,EDUCATION,A,10000,8.94,0.11,N,3,0
53253,24,50000,RENT,0.0,VENTURE,D,7000,17.27,0.14,Y,2,0
53254,22,48996,RENT,5.0,EDUCATION,B,10000,11.83,0.2,N,4,0
53255,24,63000,RENT,6.0,VENTURE,D,20000,14.74,0.32,N,4,1
53256,44,86000,MORTGAGE,5.0,VENTURE,A,17000,7.51,0.21,N,15,0
53257,44,60000,RENT,4.0,PERSONAL,D,18000,16.0,0.3,Y,16,1
53258,24,72000,RENT,0.0,DEBTCONSOLIDATION,C,7000,12.99,0.1,N,4,0
53259,22,18000,MORTGAGE,6.0,VENTURE,C,1400,13.49,0.08,Y,2,0
53260,27,115000,RENT,1.0,PERSONAL,B,14400,11.11,0.12,N,7,0
53261,24,33000,RENT,4.0,EDUCATION,A,6000,8.9,0.18,N,4,0
53262,24,52000,MORTGAGE,8.0,HOMEIMPROVEMENT,B,20000,10.25,0.38,N,3,0
53263,22,38790,RENT,2.0,EDUCATION,B,10400,11.71,0.25,N,3,0
53264,25,50000,MORTGAGE,9.0,EDUCATION,A,16000,7.51,0.32,N,3,0
53265,22,45000,MORTGAGE,0.0,EDUCATION,A,6000,6.99,0.13,N,3,0
53266,28,75000,RENT,3.0,EDUCATION,B,15000,10.0,0.2,N,10,0
53267,28,42000,MORTGAGE,12.0,EDUCATION,B,10000,11.99,0.24,N,6,0
53268,26,159996,RENT,2.0,VENTURE,D,10000,14.11,0.06,N,4,1
53269,26,250000,MORTGAGE,2.0,DEBTCONSOLIDATION,C,30000,14.27,0.13,N,2,0
53270,25,40000,MORTGAGE,6.0,EDUCATION,C,10000,13.48,0.25,N,2,0
53271,25,47000,MORTGAGE,6.0,DEBTCONSOLIDATION,A,6000,7.14,0.13,N,3,0
53272,23,240000,MORTGAGE,4.0,EDUCATION,A,20000,6.03,0.08,N,4,0
53273,24,75000,MORTGAGE,8.0,PERSONAL,B,20000,10.36,0.27,N,4,0
53274,27,55000,RENT,2.0,HOMEIMPROVEMENT,B,15000,10.99,0.27,N,5,0
53275,23,36000,RENT,2.0,MEDICAL,A,3000,7.49,0.08,N,4,0
53276,23,30000,RENT,0.0,MEDICAL,C,5000,13.49,0.17,Y,4,0
53277,41,105000,RENT,0.0,MEDICAL,B,14400,12.53,0.13,N,14,0
53278,23,75000,RENT,7.0,VENTURE,D,15000,15.05,0.2,N,3,1
53279,28,35000,MORTGAGE,5.0,EDUCATION,A,4000,7.51,0.11,N,7,0
53280,28,49000,MORTGAGE,12.0,MEDICAL,D,10000,15.7,0.2,N,7,1
53281,28,52106,MORTGAGE,11.0,MEDICAL,B,5000,12.21,0.1,N,6,1
53282,24,87000,MORTGAGE,8.0,PERSONAL,B,15000,11.99,0.17,N,3,0
53283,26,62000,RENT,1.0,MEDICAL,C,7200,15.96,0.12,N,3,0
53284,25,105000,RENT,0.0,HOMEIMPROVEMENT,B,15000,12.21,0.14,N,4,0
53285,29,55000,MORTGAGE,6.0,HOMEIMPROVEMENT,A,5000,6.92,0.09,N,10,0
53286,25,90000,RENT,0.0,EDUCATION,B,12000,11.49,0.13,N,3,0
53287,22,78000,MORTGAGE,6.0,MEDICAL,B,20000,11.11,0.26,N,3,0
53288,37,24000,RENT,2.0,MEDICAL,A,8500,7.51,0.35,N,14,1
53289,34,88000,RENT,0.0,HOMEIMPROVEMENT,C,12000,13.49,0.14,Y,7,1
53290,52,60000,MORTGAGE,3.0,PERSONAL,A,14650,7.49,0.24,N,22,0
53291,58,37000,RENT,0.0,PERSONAL,A,2000,7.88,0.05,N,21,0
53292,25,170000,RENT,0.0,EDUCATION,A,5500,6.03,0.03,N,2,0
53293,22,41500,RENT,2.0,VENTURE,D,7000,15.7,0.17,Y,3,1
53294,30,100000,MORTGAGE,0.0,PERSONAL,C,6000,13.57,0.06,N,7,0
53295,28,45000,MORTGAGE,6.0,DEBTCONSOLIDATION,A,5000,6.62,0.11,N,8,0
53296,32,48255,RENT,3.0,VENTURE,A,2000,6.76,0.04,N,8,0
53297,28,63000,MORTGAGE,6.0,VENTURE,A,2500,7.49,0.04,N,6,0
53298,28,105000,MORTGAGE,12.0,VENTURE,A,7000,7.51,0.07,N,7,0
53299,29,60000,RENT,1.0,PERSONAL,A,14000,7.49,0.23,N,9,0
53300,24,90000,RENT,2.0,VENTURE,A,7500,8.9,0.08,N,4,0
53301,24,60000,OWN,8.0,HOMEIMPROVEMENT,A,2000,7.9,0.03,N,2,0
53302,30,45000,RENT,7.0,EDUCATION,B,15850,9.91,0.36,N,8,1
53303,28,130000,MORTGAGE,3.0,MEDICAL,A,5000,7.4,0.04,N,7,0
53304,22,35000,RENT,6.0,VENTURE,B,5000,11.11,0.14,N,2,0
53305,35,38000,RENT,0.0,PERSONAL,B,12000,10.65,0.32,N,8,1
53306,29,80000,MORTGAGE,8.0,VENTURE,A,4200,8.32,0.05,N,6,0
53307,23,75000,MORTGAGE,3.0,MEDICAL,A,7000,7.88,0.09,N,4,0
53308,34,50000,MORTGAGE,7.0,PERSONAL,A,5000,5.42,0.1,N,10,0
53309,25,64000,MORTGAGE,4.0,DEBTCONSOLIDATION,C,12000,12.99,0.19,Y,2,1
53310,28,60000,MORTGAGE,6.0,EDUCATION,A,6000,6.99,0.1,N,9,0
53311,23,60000,MORTGAGE,7.0,EDUCATION,A,4500,5.42,0.07,N,3,0
53312,24,69000,RENT,1.0,VENTURE,D,12000,14.46,0.17,Y,3,1
53313,26,45000,RENT,1.0,PERSONAL,A,4000,7.29,0.09,N,4,0
53314,24,65000,RENT,5.0,VENTURE,A,6400,7.51,0.1,N,4,0
53315,28,110000,MORTGAGE,12.0,DEBTCONSOLIDATION,A,12000,5.42,0.11,N,7,0
53316,26,43800,RENT,6.0,DEBTCONSOLIDATION,A,14000,6.03,0.3,N,2,0
53317,22,54000,MORTGAGE,2.0,MEDICAL,D,10000,16.29,0.19,N,2,1
53318,27,56902,MORTGAGE,11.0,PERSONAL,A,8000,6.99,0.14,N,7,0
53319,22,55000,RENT,0.0,EDUCATION,C,4800,12.99,0.09,Y,3,0
53320,22,65000,OWN,2.0,EDUCATION,B,9600,11.89,0.15,N,4,0
53321,52,80000,RENT,0.0,PERSONAL,A,18000,7.51,0.23,N,18,0
53322,24,75000,MORTGAGE,8.0,EDUCATION,B,10000,10.25,0.13,N,3,0
53323,24,70500,RENT,3.0,EDUCATION,B,25000,10.75,0.35,N,4,1
53324,32,49000,RENT,6.0,PERSONAL,D,8275,16.29,0.17,Y,6,0
53325,46,45000,MORTGAGE,15.0,DEBTCONSOLIDATION,A,3000,5.99,0.07,N,15,0
53326,22,78400,OWN,3.0,EDUCATION,A,1500,7.29,0.02,N,2,0
53327,22,75000,MORTGAGE,6.0,VENTURE,A,9000,7.49,0.12,N,2,0
53328,23,190000,MORTGAGE,2.0,DEBTCONSOLIDATION,A,3500,5.42,0.02,N,2,0
53329,28,75000,MORTGAGE,7.0,EDUCATION,A,2500,8.49,0.03,N,7,0
53330,24,42200,RENT,2.0,VENTURE,D,13250,15.65,0.31,N,4,1
53331,31,60000,RENT,9.0,MEDICAL,B,12000,10.99,0.2,N,9,0
53332,25,66000,RENT,7.0,MEDICAL,C,15000,13.49,0.23,N,3,0
53333,24,46500,RENT,0.0,DEBTCONSOLIDATION,B,14400,12.53,0.31,N,4,1
53334,32,55000,MORTGAGE,17.0,EDUCATION,A,9600,7.49,0.17,N,9,0
53335,22,34000,RENT,0.0,DEBTCONSOLIDATION,B,2400,12.21,0.07,N,4,1
53336,24,39996,RENT,1.0,DEBTCONSOLIDATION,C,4000,12.23,0.1,N,4,0
53337,43,60000,MORTGAGE,11.0,HOMEIMPROVEMENT,A,5000,8.9,0.08,N,16,0
53338,22,45000,RENT,5.0,EDUCATION,A,2000,7.51,0.04,N,3,0
53339,27,65000,MORTGAGE,4.0,HOMEIMPROVEMENT,B,10000,12.42,0.15,N,10,0
53340,37,45996,RENT,11.0,PERSONAL,D,5000,15.33,0.11,N,13,1
53341,39,70000,MORTGAGE,0.0,HOMEIMPROVEMENT,A,7000,7.74,0.1,N,16,0
53342,27,35000,RENT,3.0,VENTURE,C,5000,13.49,0.14,N,6,0
53343,22,48000,RENT,5.0,PERSONAL,C,5000,13.99,0.1,Y,3,0
53344,32,20000,OWN,1.0,VENTURE,D,10000,15.65,0.5,N,9,0
53345,33,66500,MORTGAGE,1.0,PERSONAL,B,9200,10.99,0.14,N,7,0
53346,21,55400,MORTGAGE,5.0,MEDICAL,D,1500,14.61,0.03,Y,2,1
53347,23,80000,OWN,0.0,VENTURE,C,10000,13.49,0.13,Y,2,0
53348,26,24996,RENT,0.0,MEDICAL,C,8000,12.73,0.31,N,2,1
53349,33,55000,MORTGAGE,8.0,MEDICAL,B,8000,11.49,0.15,N,8,0
53350,22,50000,MORTGAGE,6.0,VENTURE,B,5000,11.36,0.1,N,3,0
53351,25,25000,MORTGAGE,9.0,PERSONAL,D,8000,14.84,0.32,N,2,1
53352,26,34000,MORTGAGE,4.0,DEBTCONSOLIDATION,A,5000,6.99,0.15,N,4,0
53353,33,55000,MORTGAGE,3.0,VENTURE,D,8000,17.58,0.15,N,7,0
53354,27,50000,OWN,11.0,PERSONAL,C,2000,15.27,0.04,Y,8,0
53355,24,85000,MORTGAGE,4.0,DEBTCONSOLIDATION,A,12000,7.88,0.14,N,3,0
53356,45,83000,MORTGAGE,13.0,MEDICAL,A,8500,8.94,0.1,N,16,0
53357,29,19200,RENT,4.0,PERSONAL,B,5000,11.71,0.26,N,5,1
53358,23,60000,RENT,0.0,DEBTCONSOLIDATION,B,10000,10.65,0.17,N,3,0
53359,27,76476,RENT,3.0,DEBTCONSOLIDATION,A,7000,5.99,0.09,N,5,0
53360,38,140000,RENT,2.0,HOMEIMPROVEMENT,D,12800,14.96,0.09,N,11,0
53361,22,38000,MORTGAGE,5.0,VENTURE,C,7750,15.23,0.21,Y,3,0
53362,26,77000,MORTGAGE,10.0,HOMEIMPROVEMENT,A,4000,7.51,0.05,N,4,0
53363,36,62900,MORTGAGE,6.0,MEDICAL,D,12000,15.62,0.16,N,13,1
53364,25,110000,MORTGAGE,0.0,EDUCATION,A,9000,6.03,0.08,N,4,0
53365,22,50000,RENT,5.0,VENTURE,A,10000,7.29,0.2,N,4,0
53366,28,45000,MORTGAGE,5.0,HOMEIMPROVEMENT,B,10000,9.88,0.22,N,7,0
53367,23,57000,MORTGAGE,7.0,PERSONAL,A,12000,7.29,0.21,N,4,0
53368,28,35000,RENT,13.0,VENTURE,B,16000,9.91,0.46,N,9,1
53369,28,62000,MORTGAGE,3.0,PERSONAL,B,1500,10.65,0.03,N,5,0
53370,28,51600,MORTGAGE,12.0,EDUCATION,B,6000,10.99,0.12,N,8,0
53371,26,58000,RENT,1.0,EDUCATION,D,15000,14.83,0.26,N,4,1
53372,27,40000,MORTGAGE,11.0,HOMEIMPROVEMENT,A,2000,9.32,0.05,N,6,0
53373,36,72000,RENT,5.0,MEDICAL,C,12000,13.98,0.17,N,11,0
53374,25,111996,RENT,7.0,PERSONAL,B,7500,11.14,0.07,N,3,0
53375,29,54996,RENT,4.0,PERSONAL,A,10000,7.51,0.18,N,9,0
53376,23,80000,RENT,3.0,MEDICAL,A,6000,7.88,0.07,N,4,0
53377,23,80000,MORTGAGE,7.0,EDUCATION,B,6000,11.71,0.07,N,4,0
53378,37,40800,MORTGAGE,5.0,PERSONAL,A,2500,7.29,0.06,N,12,0
53379,30,54000,MORTGAGE,4.0,PERSONAL,A,6500,5.42,0.12,N,9,0
53380,28,110000,MORTGAGE,3.0,EDUCATION,B,10000,11.11,0.09,N,8,0
53381,24,80000,MORTGAGE,8.0,VENTURE,B,18000,11.12,0.23,N,4,0
53382,34,73600,RENT,3.0,HOMEIMPROVEMENT,B,15000,11.36,0.2,N,9,0
53383,28,100000,RENT,0.0,HOMEIMPROVEMENT,C,15000,15.96,0.15,Y,9,0
53384,24,84000,MORTGAGE,0.0,HOMEIMPROVEMENT,B,15000,11.36,0.18,N,2,0
53385,28,33000,RENT,5.0,MEDICAL,C,5000,13.49,0.15,Y,8,0
53386,30,120000,MORTGAGE,0.0,EDUCATION,A,7000,5.42,0.06,N,10,0
53387,25,69000,RENT,3.0,VENTURE,A,6000,7.49,0.09,N,4,0
53388,30,35200,RENT,0.0,PERSONAL,A,6250,6.76,0.18,N,5,0
53389,28,44000,RENT,5.0,DEBTCONSOLIDATION,E,16000,17.99,0.39,N,7,1
53390,29,48000,OWN,4.0,VENTURE,B,15000,12.53,0.31,N,7,0
53391,24,60000,MORTGAGE,8.0,HOMEIMPROVEMENT,A,8000,6.03,0.13,N,3,0
53392,38,70000,RENT,14.0,PERSONAL,B,18000,10.62,0.26,N,11,0
53393,23,170000,RENT,0.0,PERSONAL,B,12000,10.37,0.07,N,3,0
53394,24,95000,RENT,0.0,HOMEIMPROVEMENT,B,10000,10.99,0.11,N,3,0
53395,33,24000,RENT,0.0,EDUCATION,A,6000,7.14,0.25,N,5,0
53396,23,66480,OWN,0.0,EDUCATION,B,3500,10.99,0.05,N,4,0
53397,31,49000,RENT,0.0,MEDICAL,D,3000,16.89,0.06,Y,9,0
53398,24,60000,RENT,4.0,EDUCATION,A,5600,7.51,0.09,N,2,0
53399,23,24996,RENT,1.0,EDUCATION,C,2500,13.61,0.1,Y,4,0
53400,25,30000,RENT,5.0,MEDICAL,C,4200,12.99,0.14,Y,4,0
53401,27,100000,MORTGAGE,12.0,HOMEIMPROVEMENT,C,12000,13.49,0.12,Y,6,0
53402,24,72000,MORTGAGE,8.0,EDUCATION,A,9000,7.49,0.13,N,3,0
53403,36,75000,MORTGAGE,2.0,HOMEIMPROVEMENT,A,7000,7.9,0.09,N,13,0
53404,44,47000,OWN,14.0,HOMEIMPROVEMENT,A,24000,6.99,0.53,N,13,0
53405,26,125000,MORTGAGE,2.0,MEDICAL,B,24000,10.99,0.19,N,2,0
53406,27,40000,MORTGAGE,11.0,EDUCATION,A,7000,8.0,0.17,N,8,0
53407,23,60000,RENT,7.0,MEDICAL,B,10000,10.99,0.17,N,4,0
53408,29,75000,RENT,0.0,VENTURE,B,14400,10.74,0.19,N,9,0
53409,31,58000,MORTGAGE,11.0,EDUCATION,C,2500,13.72,0.04,Y,10,0
53410,24,31200,RENT,0.0,EDUCATION,B,4000,12.18,0.13,N,4,0
53411,51,48000,RENT,2.0,DEBTCONSOLIDATION,A,15000,7.9,0.31,N,18,1
53412,22,29472,RENT,6.0,EDUCATION,C,14000,12.87,0.48,Y,4,1
53413,26,59600,MORTGAGE,2.0,HOMEIMPROVEMENT,B,12000,11.86,0.2,N,3,0
53414,23,120000,RENT,2.0,VENTURE,B,24000,10.99,0.2,N,3,0
53415,24,75000,MORTGAGE,5.0,VENTURE,A,11000,6.03,0.15,N,4,0
53416,27,36000,RENT,2.0,MEDICAL,B,2000,10.99,0.06,N,10,0
53417,27,60000,RENT,2.0,PERSONAL,C,6000,12.68,0.1,N,5,0
53418,39,90000,MORTGAGE,9.0,PERSONAL,A,12000,6.62,0.13,N,15,0
53419,25,40000,RENT,6.0,MEDICAL,A,5000,7.14,0.13,N,2,0
53420,23,100000,RENT,1.0,DEBTCONSOLIDATION,A,10000,5.42,0.1,N,4,0
53421,52,69996,OWN,3.0,PERSONAL,A,10000,9.32,0.14,N,22,0
53422,21,42000,MORTGAGE,5.0,DEBTCONSOLIDATION,A,5000,6.62,0.12,N,2,0
53423,32,75000,RENT,2.0,VENTURE,C,7500,13.49,0.1,Y,5,0
53424,23,50000,RENT,0.0,DEBTCONSOLIDATION,B,8000,10.37,0.16,N,3,0
53425,26,90000,RENT,5.0,DEBTCONSOLIDATION,B,6000,10.99,0.07,N,3,0
53426,23,100970,MORTGAGE,4.0,PERSONAL,A,20000,6.17,0.2,N,2,0
53427,31,50000,RENT,5.0,MEDICAL,B,10000,11.71,0.2,N,10,0
53428,21,35000,MORTGAGE,5.0,MEDICAL,A,10000,7.29,0.29,N,4,0
53429,33,25200,RENT,4.0,MEDICAL,B,7000,9.62,0.28,N,8,0
53430,26,72000,RENT,7.0,VENTURE,B,7500,11.49,0.1,N,3,0
53431,30,90000,MORTGAGE,14.0,MEDICAL,A,6500,8.49,0.08,N,5,0
53432,29,120000,RENT,1.0,DEBTCONSOLIDATION,A,7400,6.03,0.06,N,9,0
53433,31,75000,RENT,4.0,HOMEIMPROVEMENT,C,8000,13.61,0.11,N,9,0
53434,24,78504,MORTGAGE,8.0,VENTURE,B,25000,10.74,0.32,N,3,0
53435,24,25000,RENT,3.0,VENTURE,B,5000,11.49,0.2,N,2,0
53436,26,95000,MORTGAGE,2.0,EDUCATION,B,12000,10.74,0.13,N,3,0
53437,30,77000,RENT,9.0,DEBTCONSOLIDATION,D,25000,15.33,0.32,Y,10,1
53438,24,134000,MORTGAGE,9.0,DEBTCONSOLIDATION,B,25000,10.75,0.19,N,3,0
53439,27,150000,MORTGAGE,11.0,MEDICAL,A,7000,6.54,0.05,N,6,0
53440,37,32535,RENT,2.0,DEBTCONSOLIDATION,C,5000,12.99,0.15,N,11,0
53441,24,75000,RENT,2.0,PERSONAL,A,6000,7.29,0.08,N,3,0
53442,24,54000,RENT,8.0,PERSONAL,D,9000,16.45,0.17,N,4,0
53443,29,100000,MORTGAGE,13.0,PERSONAL,A,10000,6.99,0.1,N,7,0
53444,25,63000,RENT,2.0,EDUCATION,E,20000,16.4,0.32,N,3,1
53445,25,54000,MORTGAGE,9.0,PERSONAL,A,10000,5.42,0.19,N,2,0
53446,43,65000,RENT,3.0,HOMEIMPROVEMENT,A,8000,5.79,0.12,N,14,0
53447,24,50000,RENT,0.0,EDUCATION,A,10000,6.03,0.2,N,3,0
53448,22,84996,MORTGAGE,4.0,MEDICAL,B,8000,12.69,0.09,N,2,0
53449,33,70000,MORTGAGE,2.0,DEBTCONSOLIDATION,A,3000,7.29,0.04,N,8,0
53450,22,42000,RENT,1.0,DEBTCONSOLIDATION,A,3000,7.4,0.07,N,4,0
53451,22,72000,MORTGAGE,6.0,VENTURE,A,7000,7.49,0.1,N,4,0
53452,36,36000,MORTGAGE,4.0,PERSONAL,B,2400,11.48,0.07,N,15,0
53453,24,92000,MORTGAGE,8.0,MEDICAL,A,12000,7.51,0.13,N,3,0
53454,25,70000,MORTGAGE,9.0,VENTURE,B,12000,9.99,0.17,N,3,0
53455,37,54000,RENT,0.0,PERSONAL,D,5000,14.61,0.09,Y,14,1
53456,55,52000,MORTGAGE,5.0,PERSONAL,A,12000,7.51,0.23,N,27,0
53457,24,48000,OWN,5.0,VENTURE,B,4200,11.14,0.09,N,4,0
53458,24,27000,MORTGAGE,4.0,EDUCATION,A,5000,6.76,0.19,N,3,0
53459,25,38000,RENT,3.0,VENTURE,B,4000,11.99,0.11,N,2,0
53460,22,48000,RENT,0.0,EDUCATION,C,4800,13.79,0.1,N,3,0
53461,28,100016,MORTGAGE,13.0,VENTURE,C,10000,13.98,0.1,Y,10,0
53462,27,50000,RENT,5.0,EDUCATION,C,4000,13.49,0.08,N,10,0
53463,23,42000,RENT,0.0,DEBTCONSOLIDATION,B,3000,11.99,0.07,N,3,0
53464,33,43000,RENT,1.0,HOMEIMPROVEMENT,B,3000,11.12,0.07,N,5,1
53465,22,75000,RENT,6.0,VENTURE,B,5000,10.99,0.07,N,2,0
53466,30,42000,OWN,3.0,PERSONAL,C,5000,12.99,0.12,Y,10,0
53467,39,120000,MORTGAGE,15.0,PERSONAL,A,14000,6.91,0.11,N,14,0
53468,40,115000,MORTGAGE,12.0,DEBTCONSOLIDATION,A,14000,6.03,0.12,N,16,0
53469,28,90000,MORTGAGE,5.0,VENTURE,B,4800,10.36,0.05,N,8,0
53470,23,50000,RENT,6.0,DEBTCONSOLIDATION,A,17000,8.9,0.34,N,3,1
53471,23,45000,MORTGAGE,7.0,EDUCATION,A,9000,7.51,0.2,N,2,0
53472,22,75000,MORTGAGE,5.0,EDUCATION,A,12000,6.62,0.16,N,3,0
53473,30,112500,RENT,2.0,MEDICAL,C,3000,12.98,0.03,Y,8,0
53474,30,65000,MORTGAGE,4.0,VENTURE,C,5000,14.79,0.08,N,5,0
53475,36,55000,MORTGAGE,3.0,PERSONAL,B,4000,10.59,0.07,N,17,0
53476,27,105000,MORTGAGE,2.0,VENTURE,C,14000,13.49,0.13,Y,7,0
53477,24,55000,RENT,8.0,PERSONAL,D,2000,14.54,0.04,N,2,0
53478,26,45000,RENT,2.0,MEDICAL,B,3000,10.99,0.07,N,2,0
53479,40,105000,MORTGAGE,11.0,MEDICAL,B,4800,10.59,0.05,N,17,0
53480,23,62000,RENT,3.0,VENTURE,A,10000,8.49,0.16,N,2,0
53481,27,58650,RENT,11.0,MEDICAL,A,6000,7.51,0.09,N,8,1
53482,26,80000,MORTGAGE,4.0,VENTURE,A,12000,9.32,0.15,N,2,0
53483,23,55000,MORTGAGE,2.0,PERSONAL,A,10200,5.42,0.19,N,4,0
53484,27,60000,MORTGAGE,6.0,DEBTCONSOLIDATION,A,12000,7.51,0.2,N,9,0
53485,33,110000,OWN,2.0,VENTURE,C,4800,14.65,0.04,Y,5,0
53486,24,70000,RENT,2.0,HOMEIMPROVEMENT,A,9600,7.51,0.14,N,4,0
53487,22,48000,MORTGAGE,6.0,VENTURE,A,16000,7.88,0.33,N,4,0
53488,25,90000,RENT,7.0,HOMEIMPROVEMENT,B,10000,11.49,0.11,N,4,0
53489,36,35000,OWN,2.0,VENTURE,A,1500,5.42,0.04,N,13,0
53490,28,28000,RENT,0.0,VENTURE,B,2400,9.76,0.09,N,7,0
53491,22,31200,RENT,5.0,PERSONAL,A,3600,6.03,0.11,N,2,0
53492,29,49700,RENT,2.0,MEDICAL,A,12000,8.9,0.24,N,7,1
53493,26,87000,MORTGAGE,10.0,MEDICAL,B,15000,11.14,0.17,N,2,0
53494,25,40000,RENT,0.0,PERSONAL,A,10000,9.32,0.25,N,4,0
53495,25,30000,RENT,0.0,PERSONAL,C,5600,13.57,0.19,N,2,0
53496,37,45000,RENT,3.0,MEDICAL,C,10000,12.73,0.22,Y,17,0
53497,38,30000,RENT,6.0,PERSONAL,B,4000,11.49,0.13,N,13,0
53498,37,100000,MORTGAGE,2.0,EDUCATION,B,15000,10.0,0.15,N,16,0
53499,24,120000,MORTGAGE,8.0,PERSONAL,A,6900,7.14,0.06,N,4,0
53500,28,71000,MORTGAGE,12.0,PERSONAL,C,3200,13.35,0.05,N,6,0
53501,28,110000,RENT,9.0,EDUCATION,E,15000,16.45,0.14,N,5,0
53502,22,70000,MORTGAGE,6.0,MEDICAL,B,2000,10.65,0.03,N,4,0
53503,23,61800,MORTGAGE,7.0,MEDICAL,B,1500,9.62,0.02,N,3,0
53504,22,84000,MORTGAGE,6.0,DEBTCONSOLIDATION,A,7500,8.63,0.09,N,4,0
53505,34,60000,MORTGAGE,9.0,DEBTCONSOLIDATION,B,12000,9.91,0.2,N,9,0
53506,27,78000,MORTGAGE,4.0,DEBTCONSOLIDATION,A,12000,6.62,0.16,N,6,0
53507,25,27000,RENT,1.0,HOMEIMPROVEMENT,D,4000,14.59,0.15,N,2,1
53508,28,105000,MORTGAGE,0.0,DEBTCONSOLIDATION,A,24000,6.99,0.23,N,8,0
53509,36,65000,RENT,4.0,VENTURE,B,9600,10.0,0.14,N,16,0
53510,31,60000,MORTGAGE,14.0,HOMEIMPROVEMENT,D,8000,15.62,0.13,Y,6,0
53511,24,59000,MORTGAGE,2.0,HOMEIMPROVEMENT,C,7600,14.27,0.13,Y,2,0
53512,28,55000,MORTGAGE,12.0,EDUCATION,A,8000,7.14,0.15,N,9,0
53513,26,225000,MORTGAGE,3.0,MEDICAL,B,25000,11.36,0.11,N,3,0
53514,27,42000,MORTGAGE,0.0,EDUCATION,C,5000,12.98,0.12,N,9,0
53515,35,90000,MORTGAGE,7.0,MEDICAL,B,15600,12.69,0.17,N,10,0
53516,31,60000,MORTGAGE,7.0,PERSONAL,A,13000,8.49,0.22,N,10,0
53517,25,50000,MORTGAGE,3.0,HOMEIMPROVEMENT,A,6000,6.62,0.12,N,3,0
53518,28,56000,MORTGAGE,4.0,MEDICAL,A,10000,5.99,0.18,N,5,0
53519,23,33000,RENT,3.0,EDUCATION,A,8000,9.63,0.24,N,4,0
53520,28,140000,RENT,4.0,HOMEIMPROVEMENT,A,15000,6.54,0.11,N,9,0
53521,31,52000,MORTGAGE,15.0,EDUCATION,A,3000,5.79,0.06,N,9,0
53522,37,80000,MORTGAGE,20.0,EDUCATION,B,15000,10.62,0.19,N,17,0
53523,23,48000,RENT,6.0,EDUCATION,D,3000,15.65,0.06,N,3,0
53524,24,77000,MORTGAGE,8.0,DEBTCONSOLIDATION,A,12000,7.88,0.16,N,4,0
53525,28,84000,RENT,12.0,DEBTCONSOLIDATION,B,16000,11.83,0.19,N,6,0
53526,23,30000,RENT,0.0,PERSONAL,B,3000,11.11,0.1,N,3,0
53527,27,51000,RENT,11.0,VENTURE,C,1000,13.49,0.02,N,9,0
53528,22,76000,MORTGAGE,4.0,DEBTCONSOLIDATION,B,12000,10.99,0.16,N,4,0
53529,27,38400,RENT,5.0,DEBTCONSOLIDATION,B,3000,11.49,0.08,N,9,0
53530,31,60000,MORTGAGE,3.0,EDUCATION,B,3000,11.71,0.05,N,10,0
53531,21,85000,MORTGAGE,4.0,EDUCATION,B,14400,9.63,0.17,N,2,0
53532,28,33000,RENT,5.0,MEDICAL,A,7000,5.99,0.21,N,9,1
53533,31,83000,RENT,8.0,PERSONAL,A,25000,8.9,0.3,N,9,0
53534,29,30000,RENT,1.0,MEDICAL,B,6000,10.95,0.2,N,8,0
53535,36,72500,MORTGAGE,3.0,PERSONAL,D,16000,15.28,0.22,Y,11,0
53536,30,100000,MORTGAGE,14.0,EDUCATION,C,7000,13.49,0.07,N,9,0
53537,25,120000,MORTGAGE,9.0,PERSONAL,A,20000,6.99,0.17,N,2,0
53538,27,43200,OWN,2.0,PERSONAL,E,10000,16.77,0.23,Y,10,0
53539,27,70000,MORTGAGE,2.0,VENTURE,A,15000,8.49,0.21,N,9,0
53540,29,50000,MORTGAGE,5.0,HOMEIMPROVEMENT,A,5000,5.79,0.1,N,9,0
53541,24,165000,MORTGAGE,7.0,EDUCATION,B,10000,12.69,0.06,N,4,0
53542,29,62000,RENT,1.0,DEBTCONSOLIDATION,C,9000,13.49,0.15,N,7,0
53543,29,38004,RENT,5.0,EDUCATION,D,3600,16.77,0.09,N,5,1
53544,25,52800,RENT,2.0,PERSONAL,B,4000,11.86,0.08,N,4,0
53545,25,48000,MORTGAGE,8.0,EDUCATION,A,7000,8.49,0.15,N,2,0
53546,22,27000,RENT,6.0,VENTURE,A,4000,6.54,0.15,N,2,0
53547,25,50000,MORTGAGE,2.0,EDUCATION,B,10000,9.99,0.2,N,3,0
53548,24,35000,RENT,4.0,MEDICAL,A,7000,8.49,0.2,N,4,0
53549,28,90000,MORTGAGE,11.0,VENTURE,E,15000,16.32,0.16,N,8,0
53550,27,30000,RENT,4.0,MEDICAL,C,1000,13.49,0.03,Y,9,0
53551,28,27000,RENT,5.0,DEBTCONSOLIDATION,B,12000,12.42,0.45,N,9,1
53552,38,60000,MORTGAGE,16.0,HOMEIMPROVEMENT,A,10000,7.88,0.17,N,17,0
53553,24,80000,MORTGAGE,0.0,VENTURE,A,6000,8.49,0.07,N,4,0
53554,22,30000,RENT,7.0,EDUCATION,A,7500,5.79,0.24,N,2,0
53555,37,53000,RENT,2.0,HOMEIMPROVEMENT,B,4800,9.99,0.09,N,16,0
53556,40,40000,RENT,2.0,VENTURE,B,8000,11.36,0.2,N,14,0
53557,22,50000,RENT,1.0,VENTURE,A,10000,5.42,0.2,N,3,0
53558,29,48000,RENT,5.0,PERSONAL,B,3500,10.99,0.07,N,5,0
53559,27,30000,RENT,3.0,EDUCATION,A,10000,7.9,0.33,N,6,0
53560,39,34000,RENT,1.0,DEBTCONSOLIDATION,B,5000,10.99,0.15,N,11,0
53561,29,75000,RENT,4.0,DEBTCONSOLIDATION,C,6000,12.98,0.08,N,7,0
53562,23,58000,RENT,4.0,EDUCATION,A,7000,7.88,0.12,N,2,0
53563,22,30000,MORTGAGE,6.0,VENTURE,B,3000,10.25,0.1,N,2,0
53564,33,82150,RENT,4.0,HOMEIMPROVEMENT,A,5000,7.51,0.06,N,9,0
53565,23,54000,RENT,2.0,EDUCATION,D,20000,16.49,0.37,Y,2,1
53566,41,37200,RENT,3.0,MEDICAL,D,10000,16.0,0.27,Y,13,0
53567,22,48600,RENT,6.0,DEBTCONSOLIDATION,C,12000,13.85,0.25,N,2,0
53568,38,72000,MORTGAGE,5.0,EDUCATION,C,8000,13.61,0.11,N,13,0
53569,35,46000,RENT,5.0,PERSONAL,D,12000,15.7,0.28,N,7,1
53570,22,60000,RENT,6.0,EDUCATION,B,12500,9.99,0.21,N,3,0
53571,24,45000,MORTGAGE,6.0,MEDICAL,B,6000,12.53,0.13,N,4,0
53572,29,40000,RENT,1.0,DEBTCONSOLIDATION,B,12000,12.53,0.3,N,8,0
53573,24,82300,MORTGAGE,4.0,EDUCATION,B,3200,9.62,0.04,N,4,0
53574,31,64500,MORTGAGE,1.0,EDUCATION,B,15000,11.83,0.23,N,5,1
53575,22,37000,MORTGAGE,5.0,PERSONAL,B,3250,10.99,0.09,N,2,0
53576,35,38000,OWN,9.0,VENTURE,B,2000,12.53,0.05,N,7,0
53577,31,75000,MORTGAGE,3.0,MEDICAL,B,12000,10.38,0.16,N,9,0
53578,29,28596,MORTGAGE,6.0,EDUCATION,A,2000,6.92,0.07,N,9,0
53579,40,70000,RENT,12.0,VENTURE,A,4500,5.79,0.06,N,15,0
53580,28,60000,RENT,8.0,DEBTCONSOLIDATION,B,10000,10.59,0.17,N,10,0
53581,25,40000,MORTGAGE,2.0,DEBTCONSOLIDATION,C,4000,12.73,0.1,Y,3,0
53582,23,72000,RENT,7.0,MEDICAL,B,3000,10.99,0.04,N,2,0
53583,22,30000,OWN,6.0,VENTURE,D,5000,16.49,0.17,Y,3,0
53584,30,45000,OWN,10.0,HOMEIMPROVEMENT,C,7000,12.68,0.16,Y,6,0
53585,38,60000,MORTGAGE,2.0,DEBTCONSOLIDATION,A,6000,7.51,0.1,N,16,0
53586,24,42000,RENT,8.0,MEDICAL,C,11750,13.22,0.27,N,4,0
53587,23,24000,RENT,1.0,EDUCATION,B,5000,12.21,0.21,N,3,0
53588,31,120000,MORTGAGE,8.0,VENTURE,B,15000,9.76,0.13,N,10,0
53589,26,50000,MORTGAGE,10.0,HOMEIMPROVEMENT,C,15000,13.57,0.3,N,2,0
53590,31,52000,MORTGAGE,8.0,PERSONAL,A,20000,8.9,0.38,N,9,0
53591,28,62496,MORTGAGE,13.0,DEBTCONSOLIDATION,A,4500,7.14,0.07,N,7,0
53592,38,120000,RENT,3.0,PERSONAL,B,8800,10.0,0.07,N,11,0
53593,35,32000,RENT,4.0,VENTURE,A,5000,6.91,0.16,N,10,0
53594,39,65000,RENT,1.0,PERSONAL,B,5000,11.49,0.08,N,12,0
53595,27,36000,RENT,0.0,VENTURE,B,14000,10.39,0.39,N,8,1
53596,23,54000,MORTGAGE,7.0,PERSONAL,A,5500,7.49,0.1,N,3,0
53597,23,38400,RENT,4.0,DEBTCONSOLIDATION,A,4000,7.14,0.1,N,2,0
53598,23,48000,OWN,6.0,MEDICAL,B,5000,10.08,0.1,N,4,0
53599,24,30000,RENT,1.0,MEDICAL,B,3000,12.69,0.1,N,4,0
53600,22,90000,MORTGAGE,7.0,EDUCATION,A,10000,7.49,0.11,N,2,0
53601,23,60000,MORTGAGE,7.0,EDUCATION,A,8500,7.51,0.14,N,4,0
53602,22,45000,MORTGAGE,3.0,PERSONAL,A,10000,7.51,0.22,N,2,0
53603,38,86400,OWN,0.0,VENTURE,A,5000,7.29,0.06,N,14,0
53604,22,35000,RENT,6.0,EDUCATION,A,7200,6.17,0.21,N,2,0
53605,26,65000,MORTGAGE,11.0,HOMEIMPROVEMENT,A,4000,5.79,0.06,N,4,0
53606,21,40000,RENT,1.0,VENTURE,A,2800,7.49,0.07,N,4,0
53607,27,30000,OWN,3.0,PERSONAL,A,5000,6.91,0.17,N,6,0
53608,27,47400,MORTGAGE,1.0,MEDICAL,B,5000,10.99,0.11,N,9,0
53609,28,35000,RENT,1.0,EDUCATION,A,5000,7.9,0.14,N,8,0
53610,22,75000,MORTGAGE,6.0,MEDICAL,A,12800,6.62,0.17,N,4,0
53611,26,75000,MORTGAGE,10.0,EDUCATION,A,10000,6.99,0.13,N,3,0
53612,23,51000,RENT,3.0,PERSONAL,A,9000,6.62,0.18,N,3,0
53613,22,45996,RENT,2.0,PERSONAL,B,5000,9.25,0.11,N,3,1
53614,26,55152,MORTGAGE,10.0,VENTURE,B,13500,11.99,0.25,N,3,0
53615,25,40000,MORTGAGE,6.0,VENTURE,B,13000,10.99,0.33,N,4,0
53616,64,90000,RENT,1.0,VENTURE,B,12000,9.99,0.13,N,21,0
53617,39,55000,MORTGAGE,9.0,HOMEIMPROVEMENT,A,18000,6.17,0.33,N,17,0
53618,22,36000,RENT,6.0,VENTURE,C,12000,13.16,0.35,Y,4,1
53619,51,120000,MORTGAGE,7.0,PERSONAL,A,15000,7.9,0.13,N,26,0
53620,23,65000,RENT,0.0,MEDICAL,A,7000,8.59,0.11,N,3,0
53621,29,55000,MORTGAGE,3.0,HOMEIMPROVEMENT,A,5500,7.88,0.1,N,9,0
53622,29,33600,RENT,5.0,MEDICAL,B,5500,11.36,0.16,N,6,0
53623,21,24000,RENT,5.0,MEDICAL,C,3500,12.99,0.15,Y,2,0
53624,22,90000,MORTGAGE,4.0,PERSONAL,C,10000,13.85,0.11,N,3,0
53625,28,50000,RENT,4.0,DEBTCONSOLIDATION,C,10000,13.11,0.2,Y,7,0
53626,31,29004,RENT,0.0,VENTURE,C,7500,15.96,0.26,Y,6,1
53627,26,52800,RENT,1.0,MEDICAL,D,8000,15.37,0.14,Y,3,1
53628,23,60000,RENT,3.0,MEDICAL,C,12000,12.84,0.2,Y,2,0
53629,22,55000,MORTGAGE,4.0,VENTURE,A,8400,6.03,0.15,N,3,0
53630,28,39996,RENT,5.0,MEDICAL,E,13000,16.0,0.33,Y,9,1
53631,21,40000,MORTGAGE,5.0,PERSONAL,A,6000,7.68,0.15,N,2,0
53632,30,54000,RENT,1.0,MEDICAL,B,2000,11.71,0.04,N,5,1
53633,25,60000,OWN,3.0,VENTURE,B,3000,12.21,0.05,N,3,0
53634,23,30300,MORTGAGE,0.0,MEDICAL,B,7000,11.14,0.23,N,4,1
53635,44,42000,MORTGAGE,0.0,MEDICAL,A,4000,6.39,0.1,N,13,0
53636,37,60000,RENT,4.0,HOMEIMPROVEMENT,B,10000,11.71,0.17,N,14,0
53637,31,40000,MORTGAGE,4.0,VENTURE,B,1200,11.49,0.03,N,9,0
53638,26,150000,MORTGAGE,4.0,MEDICAL,B,24000,11.83,0.16,N,2,0
53639,24,54000,OWN,4.0,HOMEIMPROVEMENT,C,11200,13.61,0.21,N,3,0
53640,23,85596,MORTGAGE,3.0,VENTURE,B,6000,10.0,0.07,N,2,0
53641,28,80400,MORTGAGE,12.0,DEBTCONSOLIDATION,B,25000,11.11,0.3,N,9,0
53642,24,65000,RENT,4.0,PERSONAL,A,7000,9.32,0.11,N,3,0
53643,24,72000,MORTGAGE,3.0,DEBTCONSOLIDATION,A,13250,7.88,0.19,N,2,0
53644,24,74000,MORTGAGE,8.0,PERSONAL,B,10000,10.37,0.14,N,4,0
53645,23,60000,RENT,7.0,PERSONAL,B,20000,10.99,0.33,N,2,1
53646,21,35000,OWN,4.0,MEDICAL,A,3000,5.79,0.09,N,2,0
53647,24,73000,RENT,4.0,MEDICAL,B,16000,11.99,0.23,N,3,0
53648,37,78000,RENT,3.0,PERSONAL,A,7600,5.79,0.1,N,11,0
53649,22,40000,RENT,0.0,MEDICAL,B,14125,9.91,0.35,N,3,1
53650,24,65488,RENT,1.0,EDUCATION,B,3000,11.86,0.05,N,4,0
53651,34,51312,RENT,0.0,HOMEIMPROVEMENT,C,18000,13.85,0.35,N,8,1
53652,22,34992,MORTGAGE,1.0,EDUCATION,C,8400,15.96,0.24,N,2,0
53653,39,56004,MORTGAGE,7.0,HOMEIMPROVEMENT,A,3100,9.32,0.06,N,11,0
53654,29,45000,RENT,3.0,DEBTCONSOLIDATION,A,12000,7.88,0.27,N,9,0
53655,23,45000,RENT,1.0,PERSONAL,C,10000,12.73,0.22,Y,2,1
53656,27,40000,MORTGAGE,6.0,HOMEIMPROVEMENT,B,5000,10.99,0.13,N,7,0
53657,29,45000,RENT,5.0,PERSONAL,A,15000,7.88,0.33,N,9,1
53658,21,30000,RENT,5.0,EDUCATION,B,8000,10.75,0.27,N,2,0
53659,27,57500,RENT,6.0,MEDICAL,B,9000,10.65,0.16,N,8,0
53660,29,38000,RENT,2.0,EDUCATION,B,10000,11.26,0.26,N,9,0
53661,29,36000,MORTGAGE,3.0,DEBTCONSOLIDATION,A,7000,5.79,0.19,N,5,0
53662,25,100000,RENT,9.0,VENTURE,C,7500,12.96,0.07,N,3,0
53663,22,33000,RENT,3.0,VENTURE,C,4800,13.8,0.15,Y,2,0
53664,29,45000,RENT,6.0,HOMEIMPROVEMENT,B,10000,10.74,0.22,N,10,0
53665,24,63000,RENT,0.0,VENTURE,A,12000,8.94,0.19,N,4,0
53666,22,100000,MORTGAGE,5.0,DEBTCONSOLIDATION,D,8000,18.25,0.08,N,3,1
53667,43,37000,RENT,2.0,VENTURE,B,15000,10.99,0.41,N,17,1
53668,25,35500,MORTGAGE,2.0,EDUCATION,B,4000,10.99,0.11,N,2,0
53669,24,46800,MORTGAGE,3.0,DEBTCONSOLIDATION,A,6500,9.63,0.14,N,4,0
53670,22,55000,MORTGAGE,6.0,PERSONAL,B,6000,11.36,0.11,N,2,0
53671,24,40000,OWN,2.0,MEDICAL,A,15000,7.88,0.38,N,4,0
53672,22,85000,RENT,4.0,VENTURE,C,14400,13.92,0.17,N,3,0
53673,38,106000,RENT,0.0,MEDICAL,A,35000,7.66,0.33,N,11,1
53674,21,37200,RENT,0.0,EDUCATION,A,6000,6.62,0.16,N,2,0
53675,23,62472,OWN,1.0,PERSONAL,D,4000,14.54,0.06,N,3,0
53676,24,35316,RENT,2.0,MEDICAL,D,6000,15.99,0.17,Y,2,1
53677,25,60000,MORTGAGE,0.0,HOMEIMPROVEMENT,B,3500,12.18,0.06,N,2,0
53678,27,70000,RENT,4.0,HOMEIMPROVEMENT,C,10000,13.72,0.14,N,5,0
53679,27,60000,RENT,0.0,VENTURE,A,10000,8.63,0.17,N,7,0
53680,27,130000,MORTGAGE,2.0,EDUCATION,B,7500,11.71,0.06,N,8,0
53681,21,51000,RENT,4.0,VENTURE,D,6000,15.7,0.12,N,3,0
53682,37,45000,RENT,0.0,VENTURE,A,1000,7.29,0.02,N,14,0
53683,29,150000,MORTGAGE,11.0,PERSONAL,D,25000,15.37,0.17,N,9,0
53684,29,84000,RENT,4.0,VENTURE,B,7500,10.0,0.09,N,6,0
53685,23,52800,RENT,2.0,DEBTCONSOLIDATION,D,4800,13.3,0.09,N,3,0
53686,28,110000,MORTGAGE,12.0,MEDICAL,B,15000,9.99,0.14,N,10,0
53687,23,80000,MORTGAGE,4.0,PERSONAL,A,7500,8.63,0.09,N,4,0
53688,39,110925,MORTGAGE,1.0,VENTURE,D,12500,15.99,0.09,Y,16,1
53689,29,75905,RENT,2.0,MEDICAL,D,18000,15.33,0.24,Y,8,1
53690,29,42000,RENT,8.0,MEDICAL,C,8000,12.87,0.19,N,10,0
53691,43,135000,MORTGAGE,4.0,MEDICAL,A,9800,7.49,0.07,N,14,0
53692,22,60000,MORTGAGE,7.0,EDUCATION,B,12000,10.0,0.2,N,4,0
53693,36,60000,RENT,3.0,DEBTCONSOLIDATION,C,5000,12.61,0.08,Y,11,0
53694,29,34000,RENT,1.0,VENTURE,D,4000,17.58,0.11,N,5,1
53695,27,100000,MORTGAGE,11.0,HOMEIMPROVEMENT,B,6000,10.25,0.06,N,9,0
53696,24,28800,RENT,2.0,MEDICAL,B,3000,11.83,0.1,N,2,0
53697,30,34000,RENT,1.0,EDUCATION,A,6000,7.9,0.17,N,9,0
53698,24,105804,MORTGAGE,8.0,PERSONAL,A,15000,7.49,0.14,N,4,0
53699,28,60000,RENT,0.0,PERSONAL,B,8000,11.11,0.13,N,10,0
53700,23,60000,MORTGAGE,7.0,EDUCATION,C,8000,13.61,0.13,N,4,0
53701,22,51000,RENT,6.0,DEBTCONSOLIDATION,C,6000,12.68,0.12,N,4,0
53702,24,60000,RENT,0.0,VENTURE,B,10000,12.42,0.17,N,3,0
53703,25,69600,MORTGAGE,6.0,EDUCATION,B,25000,10.36,0.36,N,3,0
53704,23,65000,MORTGAGE,7.0,PERSONAL,B,9600,10.95,0.15,N,3,0
53705,28,52000,MORTGAGE,12.0,DEBTCONSOLIDATION,B,12000,9.91,0.23,N,6,0
53706,34,66000,RENT,17.0,EDUCATION,C,5000,13.49,0.08,N,9,1
53707,24,60000,RENT,8.0,DEBTCONSOLIDATION,A,10000,7.66,0.17,N,3,0
53708,32,49000,MORTGAGE,2.0,MEDICAL,D,18250,15.99,0.37,Y,8,1
53709,22,50000,RENT,4.0,PERSONAL,B,6000,11.49,0.12,N,2,0
53710,29,60000,RENT,4.0,VENTURE,C,10000,12.73,0.17,N,5,0
53711,23,40000,RENT,1.0,EDUCATION,C,8000,13.49,0.2,N,2,0
53712,37,60000,RENT,2.0,PERSONAL,B,24000,12.53,0.4,N,15,1
53713,22,43000,RENT,1.0,DEBTCONSOLIDATION,A,7000,5.79,0.16,N,3,0
53714,31,47233,RENT,2.0,VENTURE,B,6000,11.36,0.13,N,5,0
53715,22,48000,MORTGAGE,3.0,DEBTCONSOLIDATION,A,10000,6.99,0.21,N,3,0
53716,23,36000,RENT,0.0,MEDICAL,D,15000,14.59,0.42,Y,2,1
53717,35,125000,MORTGAGE,3.0,DEBTCONSOLIDATION,C,15250,13.61,0.12,N,8,0
53718,22,70000,MORTGAGE,6.0,DEBTCONSOLIDATION,B,10000,9.63,0.14,N,4,0
53719,32,78400,MORTGAGE,5.0,VENTURE,C,17400,13.48,0.22,Y,10,0
53720,34,70000,RENT,12.0,EDUCATION,B,5000,11.49,0.07,N,7,0
53721,34,135000,RENT,1.0,VENTURE,B,12500,11.83,0.09,N,6,0
53722,28,126000,RENT,11.0,HOMEIMPROVEMENT,A,3000,7.12,0.02,N,8,0
53723,22,40000,RENT,5.0,VENTURE,A,5000,5.42,0.13,N,3,0
53724,31,53184,MORTGAGE,15.0,EDUCATION,A,13500,7.49,0.25,N,5,0
53725,26,90000,MORTGAGE,0.0,DEBTCONSOLIDATION,B,12000,10.25,0.13,N,4,0
53726,24,100000,MORTGAGE,1.0,HOMEIMPROVEMENT,C,16000,12.98,0.16,Y,4,0
53727,23,55000,RENT,5.0,EDUCATION,B,4000,10.65,0.07,N,2,0
53728,22,60500,MORTGAGE,4.0,EDUCATION,B,2400,9.62,0.04,N,2,0
53729,28,48000,RENT,5.0,MEDICAL,B,10000,11.99,0.21,N,5,0
53730,24,54000,RENT,3.0,VENTURE,A,2000,7.66,0.04,N,2,0
53731,30,54000,RENT,2.0,EDUCATION,A,5000,8.0,0.09,N,10,0
53732,34,68000,RENT,8.0,MEDICAL,A,11500,7.9,0.17,N,7,0
53733,36,27600,RENT,5.0,HOMEIMPROVEMENT,C,2250,13.57,0.08,Y,16,1
53734,22,45000,RENT,1.0,DEBTCONSOLIDATION,A,8000,6.17,0.18,N,2,0
53735,26,96000,RENT,10.0,VENTURE,C,8000,14.65,0.09,N,4,0
53736,22,32004,RENT,2.0,DEBTCONSOLIDATION,D,11000,15.62,0.37,N,3,1
53737,28,60000,MORTGAGE,10.0,VENTURE,C,6000,13.49,0.1,N,9,0
53738,29,110000,MORTGAGE,13.0,VENTURE,A,12000,6.99,0.11,N,9,0
53739,23,25200,RENT,1.0,DEBTCONSOLIDATION,D,3000,14.11,0.12,Y,4,1
53740,29,65004,MORTGAGE,1.0,PERSONAL,D,30000,16.77,0.49,Y,9,0
53741,24,62000,RENT,3.0,PERSONAL,B,12000,11.14,0.19,N,2,0
53742,23,85000,MORTGAGE,2.0,MEDICAL,A,10000,7.51,0.12,N,2,0
53743,22,102000,MORTGAGE,4.0,VENTURE,A,12250,7.51,0.12,N,4,0
53744,31,24000,RENT,3.0,MEDICAL,C,10000,13.85,0.42,N,6,1
53745,33,48000,MORTGAGE,8.0,DEBTCONSOLIDATION,A,4200,7.29,0.09,N,10,0
53746,24,32000,RENT,4.0,PERSONAL,D,1500,14.84,0.05,Y,3,1
53747,31,85000,MORTGAGE,1.0,VENTURE,B,12000,10.65,0.14,N,5,0
53748,24,45000,RENT,1.0,DEBTCONSOLIDATION,A,2800,7.51,0.06,N,3,0
53749,23,75000,RENT,4.0,MEDICAL,A,10000,7.51,0.13,N,3,0
53750,37,68400,RENT,2.0,MEDICAL,B,6000,10.0,0.09,N,11,0
53751,23,37000,RENT,2.0,MEDICAL,A,6200,5.42,0.17,N,3,0
53752,26,140000,RENT,4.0,PERSONAL,D,20000,14.11,0.14,Y,4,0
53753,23,52000,RENT,2.0,DEBTCONSOLIDATION,C,6000,12.53,0.12,N,4,0
53754,26,44000,RENT,3.0,DEBTCONSOLIDATION,D,7000,14.91,0.16,N,3,1
53755,33,68551,MORTGAGE,13.0,HOMEIMPROVEMENT,B,6000,10.95,0.09,N,9,0
53756,21,13200,OWN,2.0,EDUCATION,D,25000,16.77,0.19,Y,3,0
53757,23,45000,RENT,0.0,DEBTCONSOLIDATION,B,9000,11.48,0.2,N,4,0
53758,30,120000,MORTGAGE,4.0,MEDICAL,A,20000,6.91,0.17,N,5,0
53759,22,95000,RENT,1.0,EDUCATION,B,6000,10.59,0.06,N,4,0
53760,32,52000,OWN,10.0,EDUCATION,A,10000,8.9,0.19,N,6,0
53761,27,70000,MORTGAGE,4.0,DEBTCONSOLIDATION,B,3000,10.99,0.04,N,7,0
53762,26,28000,RENT,8.0,DEBTCONSOLIDATION,C,4000,13.49,0.14,N,4,0
53763,25,54000,MORTGAGE,4.0,DEBTCONSOLIDATION,D,10000,14.11,0.19,Y,3,1
53764,22,60000,RENT,3.0,PERSONAL,C,12000,13.57,0.2,N,4,0
53765,22,28000,RENT,3.0,EDUCATION,D,6400,15.99,0.22,N,2,0
53766,24,49000,OWN,8.0,EDUCATION,A,2500,7.88,0.05,N,4,0
53767,22,45000,MORTGAGE,6.0,DEBTCONSOLIDATION,C,6000,12.99,0.13,N,3,0
53768,25,29000,RENT,4.0,HOMEIMPROVEMENT,C,7000,13.98,0.24,N,3,1
53769,29,100000,MORTGAGE,2.0,PERSONAL,A,4800,7.4,0.05,N,10,0
53770,28,152000,MORTGAGE,12.0,VENTURE,B,15000,10.74,0.1,N,6,0
53771,22,60000,MORTGAGE,4.0,EDUCATION,A,3600,7.29,0.06,N,4,0
53772,24,40000,RENT,4.0,PERSONAL,A,2000,8.49,0.05,N,4,0
53773,22,50000,MORTGAGE,6.0,VENTURE,A,6000,8.9,0.12,N,2,0
53774,27,58000,RENT,0.0,HOMEIMPROVEMENT,B,6500,10.74,0.11,N,5,0
53775,24,50000,RENT,2.0,PERSONAL,C,11500,10.91,0.23,Y,3,0
53776,24,33000,RENT,0.0,EDUCATION,A,7500,6.62,0.23,N,4,0
53777,24,36000,OWN,2.0,EDUCATION,A,4900,6.17,0.13,N,4,0
53778,27,50000,MORTGAGE,4.0,EDUCATION,A,4000,7.9,0.08,N,6,0
53779,21,44000,RENT,2.0,EDUCATION,D,16000,15.28,0.36,Y,2,1
53780,23,65000,RENT,7.0,MEDICAL,B,4000,11.49,0.06,N,2,0
53781,43,120000,MORTGAGE,4.0,HOMEIMPROVEMENT,B,12000,11.71,0.1,N,16,0
53782,22,36000,RENT,3.0,EDUCATION,E,3000,16.0,0.08,N,3,1
53783,27,40000,RENT,0.0,MEDICAL,A,7000,8.63,0.17,N,10,0
53784,43,47800,OWN,24.0,MEDICAL,A,9500,7.29,0.19,N,14,0
53785,22,30000,RENT,0.0,PERSONAL,D,5000,14.96,0.17,Y,2,1
53786,43,42000,RENT,2.0,VENTURE,B,8500,10.59,0.2,N,14,0
53787,27,56000,RENT,5.0,VENTURE,A,3000,7.66,0.05,N,5,0
53788,28,110000,RENT,12.0,EDUCATION,B,2800,11.99,0.03,N,6,0
53789,50,60000,RENT,8.0,VENTURE,D,10000,13.24,0.17,Y,15,0
53790,27,80400,MORTGAGE,2.0,EDUCATION,C,16000,13.98,0.2,N,6,0
53791,24,74000,RENT,1.0,HOMEIMPROVEMENT,D,10000,15.05,0.14,Y,4,1
53792,27,68000,RENT,11.0,DEBTCONSOLIDATION,C,10000,15.96,0.15,Y,8,0
53793,38,60000,MORTGAGE,2.0,PERSONAL,B,3000,12.69,0.05,N,16,0
53794,22,60000,MORTGAGE,2.0,VENTURE,B,9600,11.99,0.16,N,4,0
53795,29,36000,RENT,2.0,EDUCATION,A,7000,6.17,0.2,N,7,0
53796,23,70000,MORTGAGE,3.0,EDUCATION,B,12000,11.71,0.17,N,3,0
53797,23,72000,MORTGAGE,7.0,VENTURE,B,15200,10.25,0.21,N,2,0
53798,30,54996,RENT,4.0,PERSONAL,C,10000,13.98,0.18,N,8,1
53799,30,100000,MORTGAGE,5.0,HOMEIMPROVEMENT,A,15400,6.99,0.15,N,6,0
53800,23,52000,OWN,5.0,EDUCATION,B,7500,11.12,0.14,N,3,0
53801,23,41000,RENT,7.0,EDUCATION,B,12000,10.59,0.29,N,4,0
53802,30,44000,RENT,3.0,MEDICAL,F,6000,18.43,0.14,Y,9,1
53803,24,80000,RENT,1.0,EDUCATION,C,10000,13.49,0.13,Y,2,0
53804,29,100000,MORTGAGE,13.0,VENTURE,A,10000,7.49,0.1,N,7,0
53805,25,80000,RENT,1.0,MEDICAL,C,12000,13.48,0.15,Y,3,0
53806,37,65000,RENT,2.0,PERSONAL,B,6000,10.75,0.09,N,12,0
53807,22,40000,MORTGAGE,6.0,VENTURE,A,8000,7.14,0.2,N,4,0
53808,32,95000,MORTGAGE,7.0,HOMEIMPROVEMENT,C,5600,13.06,0.06,N,6,0
53809,27,120000,MORTGAGE,11.0,DEBTCONSOLIDATION,B,24000,11.49,0.2,N,8,0
53810,34,44000,RENT,0.0,VENTURE,D,3000,17.58,0.07,N,6,1
53811,28,35000,RENT,1.0,MEDICAL,B,5000,10.37,0.14,N,8,0
53812,24,35000,RENT,8.0,VENTURE,C,10000,13.48,0.29,N,3,0
53813,26,32000,RENT,6.0,MEDICAL,B,5000,9.91,0.16,N,4,0
53814,22,20000,RENT,0.0,MEDICAL,D,4000,15.65,0.2,N,4,1
53815,23,57000,RENT,5.0,VENTURE,A,20000,6.91,0.36,N,2,1
53816,25,49000,MORTGAGE,9.0,DEBTCONSOLIDATION,D,5000,14.61,0.1,N,4,1
53817,24,69500,RENT,8.0,PERSONAL,B,4800,10.65,0.07,N,2,0
53818,26,80000,RENT,5.0,EDUCATION,D,25000,14.09,0.31,N,3,1
53819,34,33000,RENT,0.0,EDUCATION,C,1000,14.65,0.03,N,7,0
53820,23,30000,RENT,1.0,MEDICAL,C,10000,13.23,0.33,N,2,1
53821,22,30000,RENT,3.0,EDUCATION,C,5000,13.98,0.17,Y,2,0
53822,45,55600,MORTGAGE,2.0,EDUCATION,A,10000,7.9,0.18,N,13,0
53823,27,60000,RENT,3.0,HOMEIMPROVEMENT,C,5000,13.49,0.08,Y,7,0
53824,24,35000,OWN,2.0,VENTURE,B,6000,10.99,0.17,N,4,0
53825,25,80000,MORTGAGE,0.0,DEBTCONSOLIDATION,C,9000,14.27,0.11,Y,4,0
53826,24,68400,RENT,8.0,HOMEIMPROVEMENT,C,3000,12.68,0.04,Y,3,0
53827,25,69000,RENT,0.0,HOMEIMPROVEMENT,D,25000,14.11,0.36,Y,2,1
53828,23,83500,RENT,7.0,EDUCATION,B,4000,11.49,0.05,N,4,0
53829,24,70000,MORTGAGE,1.0,MEDICAL,B,10000,10.99,0.14,N,4,0
53830,31,30000,RENT,2.0,PERSONAL,C,9000,13.16,0.3,Y,10,0
53831,23,30000,RENT,2.0,DEBTCONSOLIDATION,D,8000,14.96,0.27,Y,2,1
53832,46,52000,MORTGAGE,31.0,VENTURE,B,10000,9.91,0.19,N,16,0
53833,28,52833,MORTGAGE,3.0,MEDICAL,A,4800,7.9,0.09,N,10,0
53834,25,50000,RENT,9.0,MEDICAL,A,4000,7.88,0.08,N,4,0
53835,22,60000,MORTGAGE,6.0,EDUCATION,B,6800,10.99,0.11,N,4,0
53836,22,90000,RENT,6.0,MEDICAL,A,7000,8.9,0.08,N,3,0
53837,23,28000,RENT,0.0,EDUCATION,B,4000,10.75,0.14,N,2,0
53838,29,80000,MORTGAGE,13.0,MEDICAL,A,15000,6.03,0.19,N,7,0
53839,24,38000,RENT,8.0,MEDICAL,A,7500,5.99,0.19,N,3,0
53840,23,33000,RENT,0.0,DEBTCONSOLIDATION,A,10000,5.99,0.3,N,3,0
53841,24,35000,OWN,1.0,EDUCATION,B,8000,12.21,0.23,N,4,0
53842,27,80000,RENT,3.0,HOMEIMPROVEMENT,C,9000,13.49,0.11,N,7,0
53843,27,38000,RENT,5.0,PERSONAL,D,7000,15.33,0.18,Y,6,0
53844,30,70000,RENT,1.0,EDUCATION,B,6000,11.89,0.09,N,8,0
53845,27,65000,MORTGAGE,11.0,DEBTCONSOLIDATION,A,15000,7.51,0.23,N,5,0
53846,24,110000,OWN,8.0,EDUCATION,B,10000,10.08,0.09,N,4,0
53847,70,37000,RENT,2.0,PERSONAL,B,3000,10.37,0.08,N,21,1
53848,25,61615,RENT,1.0,VENTURE,B,13100,10.95,0.21,N,3,0
53849,29,80000,MORTGAGE,1.0,PERSONAL,B,15000,10.37,0.19,N,9,0
53850,27,40000,RENT,2.0,EDUCATION,C,8000,13.49,0.2,Y,9,0
53851,23,55000,RENT,5.0,DEBTCONSOLIDATION,B,11300,10.38,0.21,N,3,0
53852,23,69000,RENT,2.0,PERSONAL,D,8500,16.32,0.12,N,3,1
53853,23,60000,OWN,2.0,EDUCATION,E,12000,16.32,0.2,Y,3,0
53854,24,38400,MORTGAGE,5.0,VENTURE,A,5000,7.14,0.13,N,2,0
53855,29,70000,MORTGAGE,13.0,MEDICAL,B,5000,10.38,0.07,N,9,0
53856,27,80000,MORTGAGE,11.0,EDUCATION,B,10000,11.49,0.13,N,5,0
53857,22,60000,RENT,1.0,EDUCATION,C,7000,12.53,0.12,Y,3,0
53858,26,54000,RENT,10.0,DEBTCONSOLIDATION,D,15000,14.59,0.28,Y,3,1
53859,27,180000,MORTGAGE,11.0,PERSONAL,B,28000,11.71,0.16,N,8,0
53860,25,95000,RENT,1.0,HOMEIMPROVEMENT,B,5000,10.65,0.05,N,4,0
53861,25,65000,MORTGAGE,2.0,EDUCATION,B,15000,12.42,0.23,N,3,0
53862,21,26400,RENT,0.0,DEBTCONSOLIDATION,C,3500,15.23,0.12,N,2,0
53863,23,24000,RENT,8.0,DEBTCONSOLIDATION,B,1500,12.53,0.06,N,3,0
53864,22,60000,RENT,1.0,DEBTCONSOLIDATION,B,15000,10.25,0.25,N,4,0
53865,28,37090,RENT,2.0,MEDICAL,B,2800,11.12,0.07,N,9,0
53866,43,27000,RENT,2.0,EDUCATION,B,6000,10.62,0.22,N,14,0
53867,26,40000,RENT,9.0,MEDICAL,A,9000,6.62,0.23,N,3,0
53868,29,48000,MORTGAGE,11.0,PERSONAL,A,14000,5.79,0.29,N,10,0
53869,27,95004,MORTGAGE,3.0,DEBTCONSOLIDATION,B,20000,10.75,0.21,N,10,0
53870,31,43200,RENT,5.0,VENTURE,B,7800,10.96,0.19,N,9,0
53871,27,65000,RENT,11.0,VENTURE,B,7000,11.71,0.11,N,7,0
53872,29,48000,MORTGAGE,5.0,DEBTCONSOLIDATION,C,6000,13.49,0.13,Y,7,0
53873,30,77940,MORTGAGE,6.0,DEBTCONSOLIDATION,D,20000,14.74,0.26,N,7,1
53874,44,38000,MORTGAGE,6.0,HOMEIMPROVEMENT,C,1000,13.98,0.03,N,12,0
53875,24,105000,MORTGAGE,1.0,MEDICAL,A,7000,7.74,0.07,N,2,0
53876,26,40000,RENT,0.0,EDUCATION,B,4000,12.69,0.1,N,3,0
53877,25,33000,RENT,9.0,PERSONAL,B,4500,11.71,0.14,N,2,0
53878,50,77500,MORTGAGE,2.0,VENTURE,D,10000,16.49,0.14,Y,13,0
53879,25,30000,RENT,3.0,VENTURE,A,6400,7.49,0.22,N,4,0
53880,30,58000,RENT,3.0,MEDICAL,A,15000,7.51,0.26,N,7,0
53881,25,57000,RENT,5.0,DEBTCONSOLIDATION,C,1500,14.27,0.03,Y,3,0
53882,23,45000,MORTGAGE,4.0,MEDICAL,A,6000,6.62,0.13,N,2,0
53883,37,132000,RENT,1.0,DEBTCONSOLIDATION,B,13000,10.65,0.1,N,14,0
53884,25,48996,RENT,9.0,PERSONAL,A,5000,7.88,0.1,N,4,0
53885,31,41004,RENT,2.0,PERSONAL,A,4000,7.68,0.1,N,7,0
53886,36,120000,MORTGAGE,19.0,PERSONAL,C,25000,13.61,0.21,N,11,0
53887,25,54000,RENT,3.0,PERSONAL,D,8150,13.55,0.16,Y,3,0
53888,23,96000,MORTGAGE,3.0,VENTURE,B,10000,10.65,0.1,N,4,0
53889,38,25000,MORTGAGE,2.0,EDUCATION,B,3000,9.91,0.12,N,17,0
53890,26,30000,MORTGAGE,0.0,HOMEIMPROVEMENT,D,10625,14.54,0.35,Y,2,0
53891,22,56000,OWN,2.0,PERSONAL,A,8500,8.94,0.15,N,2,0
53892,23,48000,MORTGAGE,7.0,MEDICAL,A,3000,7.51,0.06,N,4,0
53893,25,79872,MORTGAGE,9.0,MEDICAL,B,15000,11.48,0.19,N,2,0
53894,30,85000,MORTGAGE,5.0,VENTURE,A,8000,7.51,0.09,N,8,0
53895,25,55000,RENT,5.0,DEBTCONSOLIDATION,B,11000,11.99,0.21,N,2,0
53896,31,110000,MORTGAGE,3.0,DEBTCONSOLIDATION,A,6000,7.14,0.05,N,8,0
53897,32,50000,MORTGAGE,5.0,EDUCATION,A,5000,7.9,0.1,N,5,0
53898,31,56000,MORTGAGE,15.0,EDUCATION,A,6000,7.14,0.11,N,5,0
53899,24,110000,RENT,0.0,VENTURE,A,12000,8.94,0.11,N,2,0
53900,27,110000,RENT,11.0,HOMEIMPROVEMENT,C,9000,13.47,0.08,Y,7,0
53901,23,25596,RENT,5.0,PERSONAL,C,4500,13.16,0.18,N,3,0
53902,26,85000,MORTGAGE,10.0,HOMEIMPROVEMENT,C,5000,13.61,0.06,Y,3,0
53903,25,65000,MORTGAGE,9.0,VENTURE,E,15000,16.0,0.23,Y,3,0
53904,25,33000,RENT,2.0,DEBTCONSOLIDATION,A,3000,5.79,0.09,N,3,0
53905,27,32000,RENT,2.0,PERSONAL,C,5500,12.99,0.17,N,6,1
53906,33,64000,RENT,17.0,VENTURE,A,14000,7.66,0.22,N,9,0
53907,43,98400,MORTGAGE,0.0,EDUCATION,A,8450,6.99,0.09,N,13,0
53908,27,36000,RENT,1.0,PERSONAL,B,8000,12.42,0.22,N,10,1
53909,22,40000,RENT,2.0,DEBTCONSOLIDATION,B,12000,10.25,0.3,N,3,0
53910,22,12360,OWN,1.0,MEDICAL,C,1600,13.16,0.13,N,4,0
53911,28,64000,RENT,5.0,HOMEIMPROVEMENT,C,10000,14.72,0.16,Y,8,0
53912,25,70000,MORTGAGE,9.0,DEBTCONSOLIDATION,B,10000,10.75,0.14,N,2,0
53913,23,65000,MORTGAGE,7.0,DEBTCONSOLIDATION,B,6000,11.49,0.09,N,3,0
53914,41,40000,MORTGAGE,5.0,EDUCATION,A,7500,7.51,0.19,N,14,0
53915,21,27000,RENT,2.0,VENTURE,B,5000,12.69,0.19,N,2,0
53916,23,121000,RENT,0.0,DEBTCONSOLIDATION,D,35000,16.02,0.27,Y,4,1
53917,29,70000,MORTGAGE,2.0,EDUCATION,C,8000,12.68,0.11,N,5,0
53918,26,60000,MORTGAGE,10.0,DEBTCONSOLIDATION,A,5000,6.99,0.08,N,3,0
53919,28,39600,RENT,4.0,DEBTCONSOLIDATION,B,4000,11.71,0.1,N,8,1
53920,36,97000,RENT,12.0,EDUCATION,C,2800,15.96,0.03,N,12,0
53921,23,85000,MORTGAGE,0.0,MEDICAL,B,15000,11.58,0.18,N,3,0
53922,23,60000,RENT,4.0,VENTURE,A,12000,7.88,0.2,N,4,0
53923,27,35196,RENT,3.0,EDUCATION,D,12250,15.7,0.34,Y,5,1
53924,28,61000,RENT,4.0,DEBTCONSOLIDATION,B,12000,11.12,0.2,N,7,0
53925,27,60000,MORTGAGE,7.0,HOMEIMPROVEMENT,A,9800,6.62,0.16,N,6,0
53926,23,24000,OWN,1.0,PERSONAL,C,5000,12.61,0.21,Y,4,0
53927,22,54000,RENT,3.0,HOMEIMPROVEMENT,C,8000,13.49,0.14,Y,2,1
53928,28,33996,RENT,2.0,MEDICAL,B,4000,11.99,0.12,N,7,0
53929,25,75000,RENT,7.0,MEDICAL,C,15000,12.99,0.2,Y,2,0
53930,24,30000,RENT,0.0,MEDICAL,B,8400,11.89,0.28,N,4,0
53931,37,42000,RENT,0.0,VENTURE,B,12000,9.99,0.29,N,15,0
53932,24,17640,RENT,0.0,PERSONAL,D,4000,16.29,0.23,Y,4,1
53933,27,65000,MORTGAGE,3.0,DEBTCONSOLIDATION,A,4000,9.63,0.06,N,5,0
53934,29,130000,MORTGAGE,14.0,HOMEIMPROVEMENT,A,25000,7.51,0.19,N,5,0
53935,23,58216,RENT,3.0,MEDICAL,A,6000,7.29,0.1,N,4,0
53936,23,41000,RENT,5.0,VENTURE,B,3000,11.86,0.07,N,4,0
53937,28,50000,MORTGAGE,12.0,EDUCATION,B,12000,10.99,0.24,N,8,0
53938,28,82800,RENT,2.0,MEDICAL,D,12000,14.84,0.13,Y,9,1
53939,30,150000,MORTGAGE,11.0,DEBTCONSOLIDATION,A,12000,5.79,0.08,N,7,0
53940,31,50000,MORTGAGE,1.0,HOMEIMPROVEMENT,C,7200,13.85,0.14,Y,8,0
53941,24,105000,RENT,8.0,HOMEIMPROVEMENT,A,19000,8.49,0.18,N,3,0
53942,29,40574,RENT,2.0,HOMEIMPROVEMENT,D,13750,14.59,0.36,Y,5,1
53943,25,40000,RENT,9.0,PERSONAL,B,4000,12.42,0.1,N,3,0
53944,22,33000,RENT,1.0,DEBTCONSOLIDATION,A,10000,7.29,0.3,N,3,0
53945,24,55008,RENT,5.0,EDUCATION,B,2725,9.64,0.05,N,3,0
53946,33,55000,MORTGAGE,2.0,PERSONAL,A,10000,6.99,0.18,N,7,0
53947,23,38400,OWN,7.0,EDUCATION,B,10000,10.38,0.26,N,2,0
53948,22,115000,MORTGAGE,6.0,MEDICAL,C,18000,12.98,0.15,N,2,0
53949,26,90000,MORTGAGE,10.0,EDUCATION,A,10000,7.49,0.11,N,4,0
53950,29,57000,MORTGAGE,12.0,VENTURE,A,2400,5.99,0.04,N,10,0
53951,32,25000,RENT,0.0,MEDICAL,B,9000,11.48,0.36,N,8,1
53952,22,50000,MORTGAGE,3.0,VENTURE,A,6000,6.62,0.12,N,4,0
53953,39,60000,RENT,3.0,PERSONAL,D,5000,16.32,0.08,N,14,0
53954,28,65000,RENT,3.0,HOMEIMPROVEMENT,B,15000,11.49,0.23,N,7,0
53955,34,55000,RENT,0.0,EDUCATION,A,9500,9.63,0.17,N,8,0
53956,22,80000,RENT,0.0,MEDICAL,C,2400,13.72,0.03,Y,2,0
53957,34,135000,MORTGAGE,18.0,EDUCATION,C,28000,12.68,0.19,Y,9,0
53958,26,15000,RENT,1.0,DEBTCONSOLIDATION,B,4800,12.69,0.32,N,3,1
53959,32,110000,MORTGAGE,1.0,VENTURE,B,10000,10.99,0.09,N,8,0
53960,23,75000,RENT,2.0,VENTURE,A,12000,7.29,0.16,N,2,0
53961,26,42000,OWN,4.0,HOMEIMPROVEMENT,B,7500,11.58,0.18,N,2,0
53962,25,50000,RENT,2.0,DEBTCONSOLIDATION,C,7000,13.79,0.14,N,3,0
53963,26,42000,RENT,2.0,PERSONAL,B,20000,12.21,0.48,N,2,1
53964,40,14400,RENT,3.0,VENTURE,A,1500,7.29,0.1,N,14,0
53965,25,60000,MORTGAGE,9.0,MEDICAL,A,10000,5.79,0.17,N,4,0
53966,28,58000,RENT,12.0,HOMEIMPROVEMENT,A,15000,7.51,0.26,N,6,1
53967,39,60000,RENT,1.0,HOMEIMPROVEMENT,A,4000,7.88,0.07,N,14,0
53968,35,83234,MORTGAGE,19.0,EDUCATION,D,3625,18.25,0.04,Y,10,1
53969,32,33996,RENT,2.0,DEBTCONSOLIDATION,A,12500,7.51,0.37,N,10,1
53970,33,80000,OWN,8.0,VENTURE,A,12000,5.79,0.15,N,7,0
53971,41,30000,RENT,0.0,VENTURE,B,8000,10.99,0.27,N,13,0
53972,24,24000,RENT,0.0,EDUCATION,A,9600,7.51,0.4,N,4,1
53973,22,53808,MORTGAGE,6.0,EDUCATION,B,15000,11.89,0.28,N,2,0
53974,34,91224,MORTGAGE,0.0,HOMEIMPROVEMENT,A,13500,7.51,0.14,N,5,0
53975,29,74000,MORTGAGE,5.0,DEBTCONSOLIDATION,B,7200,11.11,0.09,N,5,1
53976,26,68004,OWN,0.0,PERSONAL,A,5050,7.14,0.07,N,2,0
53977,24,84000,RENT,0.0,VENTURE,B,12000,9.63,0.14,N,4,0
53978,25,38000,RENT,0.0,MEDICAL,A,4000,8.59,0.11,N,3,0
53979,22,30000,RENT,0.0,DEBTCONSOLIDATION,B,10000,12.21,0.33,N,4,1
53980,27,52000,RENT,1.0,EDUCATION,C,8000,13.99,0.15,Y,8,0
53981,27,100000,MORTGAGE,9.0,HOMEIMPROVEMENT,A,5000,7.74,0.05,N,6,0
53982,26,60000,RENT,3.0,VENTURE,B,3600,10.74,0.06,N,2,0
53983,23,47000,RENT,0.0,EDUCATION,C,5000,12.87,0.11,Y,4,0
53984,45,98000,MORTGAGE,8.0,VENTURE,A,10000,6.62,0.1,N,11,0
53985,28,60000,MORTGAGE,4.0,PERSONAL,B,6000,9.99,0.1,N,8,0
53986,22,57000,RENT,6.0,EDUCATION,A,5500,7.49,0.1,N,4,0
53987,29,92004,MORTGAGE,13.0,EDUCATION,A,10000,9.32,0.11,N,9,0
53988,34,60000,MORTGAGE,7.0,VENTURE,C,10000,13.49,0.17,N,10,0
53989,29,65004,OWN,3.0,VENTURE,C,20000,13.87,0.31,N,8,0
53990,25,100000,MORTGAGE,9.0,VENTURE,B,10000,10.99,0.1,N,3,0
53991,34,30000,RENT,1.0,HOMEIMPROVEMENT,D,10000,15.95,0.33,Y,8,1
53992,23,91000,OWN,11.0,PERSONAL,A,15000,6.17,0.16,N,2,0
53993,39,43200,OWN,6.0,HOMEIMPROVEMENT,C,13000,14.26,0.3,N,15,0
53994,26,33000,RENT,1.0,EDUCATION,C,7500,10.28,0.23,N,4,0
53995,39,92000,MORTGAGE,18.0,PERSONAL,C,20000,13.06,0.22,N,12,0
53996,34,75000,RENT,2.0,MEDICAL,B,14000,12.69,0.19,N,6,0
53997,31,72000,MORTGAGE,2.0,PERSONAL,B,15000,10.37,0.21,N,9,0
53998,25,70000,MORTGAGE,9.0,EDUCATION,B,20000,12.21,0.29,N,3,0
53999,35,94000,MORTGAGE,5.0,VENTURE,E,10000,17.19,0.11,Y,9,0
54000,25,25000,RENT,1.0,PERSONAL,C,3000,13.49,0.12,N,2,0
54001,30,50000,RENT,0.0,MEDICAL,C,3000,14.79,0.06,Y,6,0
54002,21,65400,RENT,5.0,EDUCATION,C,15000,13.98,0.23,N,3,0
54003,38,40000,OWN,10.0,EDUCATION,A,4000,7.88,0.1,N,14,0
54004,27,115000,MORTGAGE,11.0,HOMEIMPROVEMENT,B,25000,10.59,0.22,N,10,0
54005,27,60000,MORTGAGE,11.0,EDUCATION,A,10750,7.88,0.17,N,6,0
54006,25,50000,RENT,4.0,PERSONAL,B,8000,11.49,0.16,N,3,0
54007,23,74000,MORTGAGE,4.0,EDUCATION,C,15000,13.48,0.2,Y,2,0
54008,37,150000,RENT,2.0,HOMEIMPROVEMENT,B,12000,10.36,0.07,N,12,0
54009,28,52000,RENT,5.0,DEBTCONSOLIDATION,B,7200,9.91,0.14,N,6,0
54010,31,31400,RENT,7.0,PERSONAL,B,3000,11.12,0.1,N,6,0
54011,24,72000,RENT,0.0,VENTURE,C,12000,13.16,0.17,Y,3,0
54012,27,50000,RENT,0.0,VENTURE,C,4000,13.57,0.08,Y,10,0
54013,22,63000,MORTGAGE,3.0,EDUCATION,B,8000,11.49,0.13,N,3,0
54014,26,55000,OWN,10.0,EDUCATION,A,6500,8.49,0.12,N,3,0
54015,44,63000,MORTGAGE,12.0,EDUCATION,A,8000,5.42,0.13,N,11,0
54016,22,57400,RENT,6.0,VENTURE,C,9600,13.99,0.17,N,4,0
54017,34,68000,RENT,0.0,PERSONAL,A,3000,7.88,0.04,N,10,0
54018,23,50000,RENT,7.0,PERSONAL,A,3000,8.94,0.06,N,3,0
54019,26,35000,OWN,2.0,VENTURE,B,10000,11.11,0.29,N,4,0
54020,26,42016,RENT,3.0,MEDICAL,B,3000,10.36,0.07,N,3,0
54021,33,75400,MORTGAGE,4.0,MEDICAL,A,3000,7.74,0.04,N,9,0
54022,30,100000,MORTGAGE,11.0,EDUCATION,B,10000,11.49,0.1,N,6,0
54023,24,50000,RENT,3.0,VENTURE,B,6000,9.99,0.12,N,4,0
54024,29,120000,RENT,0.0,MEDICAL,B,7000,11.48,0.06,N,7,0
54025,29,84000,RENT,9.0,PERSONAL,C,6000,15.27,0.07,Y,10,1
54026,26,48000,RENT,10.0,PERSONAL,B,14000,12.69,0.29,N,4,0
54027,42,28800,RENT,4.0,DEBTCONSOLIDATION,A,14500,6.17,0.5,N,17,1
54028,41,60000,MORTGAGE,17.0,VENTURE,A,13500,8.9,0.23,N,15,0
54029,29,120000,OWN,11.0,VENTURE,B,6000,10.59,0.05,N,6,0
54030,26,60000,MORTGAGE,10.0,HOMEIMPROVEMENT,B,15000,9.83,0.25,N,4,0
54031,22,40000,RENT,0.0,VENTURE,B,10000,10.74,0.25,N,3,0
54032,23,19176,RENT,5.0,VENTURE,B,2000,11.89,0.1,N,2,0
54033,41,65000,RENT,5.0,VENTURE,B,4500,9.91,0.07,N,17,0
54034,27,64000,RENT,4.0,DEBTCONSOLIDATION,B,3000,12.42,0.05,N,8,1
54035,39,33000,RENT,6.0,VENTURE,C,1200,13.79,0.04,N,14,0
54036,32,45000,RENT,4.0,VENTURE,A,6000,7.49,0.13,N,8,0
54037,24,95500,RENT,0.0,MEDICAL,E,24000,16.35,0.25,N,2,1
54038,22,72000,RENT,7.0,EDUCATION,B,12600,10.95,0.17,N,4,0
54039,28,70000,MORTGAGE,8.0,VENTURE,A,10000,6.99,0.14,N,7,0
54040,27,80000,MORTGAGE,7.0,DEBTCONSOLIDATION,B,5000,10.36,0.06,N,10,0
54041,49,54000,RENT,1.0,PERSONAL,D,5000,15.99,0.09,N,16,1
54042,23,60000,MORTGAGE,3.0,VENTURE,A,10000,7.49,0.17,N,2,0
54043,36,58800,MORTGAGE,6.0,HOMEIMPROVEMENT,E,5000,17.74,0.09,Y,14,1
54044,28,120000,RENT,0.0,EDUCATION,C,7500,12.99,0.06,N,9,0
54045,22,40000,MORTGAGE,6.0,PERSONAL,B,2500,10.75,0.06,N,3,0
54046,25,59497,RENT,9.0,MEDICAL,E,20000,16.32,0.34,N,2,1
54047,34,36000,MORTGAGE,0.0,MEDICAL,A,4500,7.68,0.13,N,9,0
54048,26,42000,RENT,1.0,PERSONAL,B,2500,10.37,0.06,N,3,0
54049,23,60000,MORTGAGE,7.0,EDUCATION,A,10000,6.17,0.17,N,3,0
54050,22,65000,MORTGAGE,5.0,EDUCATION,A,12000,7.49,0.18,N,2,0
54051,27,60000,MORTGAGE,1.0,EDUCATION,B,4000,11.49,0.07,N,10,0
54052,28,80000,MORTGAGE,1.0,HOMEIMPROVEMENT,C,5000,14.27,0.06,Y,6,0
54053,23,52000,MORTGAGE,2.0,VENTURE,A,7000,7.49,0.13,N,3,0
54054,36,62900,MORTGAGE,7.0,DEBTCONSOLIDATION,E,20000,16.35,0.27,Y,12,1
54055,21,42000,RENT,5.0,DEBTCONSOLIDATION,C,4000,14.72,0.1,N,4,0
54056,29,95000,RENT,2.0,PERSONAL,B,10000,10.65,0.11,N,5,0
54057,23,57600,RENT,7.0,EDUCATION,B,8000,10.0,0.14,N,3,0
54058,25,40000,RENT,2.0,PERSONAL,B,10000,10.74,0.25,N,2,0
54059,26,27200,RENT,2.0,PERSONAL,B,2500,10.99,0.09,N,2,0
54060,30,90000,MORTGAGE,14.0,PERSONAL,B,12000,11.14,0.13,N,7,0
54061,23,45600,MORTGAGE,7.0,EDUCATION,B,2000,10.25,0.04,N,2,0
54062,23,80000,RENT,2.0,PERSONAL,C,3200,13.99,0.04,N,4,0
54063,25,65000,RENT,4.0,PERSONAL,F,20000,17.58,0.31,Y,2,1
54064,28,41000,MORTGAGE,3.0,PERSONAL,A,6000,7.49,0.15,N,10,0
54065,24,45000,RENT,1.0,DEBTCONSOLIDATION,C,9000,14.65,0.2,Y,3,0
54066,21,62400,MORTGAGE,3.0,EDUCATION,A,2400,7.49,0.04,N,2,0
54067,31,55000,MORTGAGE,2.0,DEBTCONSOLIDATION,C,2500,13.49,0.05,N,6,0
54068,24,60000,RENT,4.0,VENTURE,A,8000,7.29,0.13,N,2,0
54069,30,30000,RENT,2.0,VENTURE,A,10000,7.9,0.33,N,9,1
54070,24,72000,RENT,3.0,MEDICAL,A,6000,7.49,0.08,N,2,0
54071,23,50000,MORTGAGE,6.0,DEBTCONSOLIDATION,B,10000,9.91,0.2,N,3,0
54072,23,36000,RENT,2.0,DEBTCONSOLIDATION,B,5000,11.71,0.14,N,4,0
54073,22,24000,RENT,0.0,EDUCATION,B,9600,12.18,0.4,N,4,1
54074,24,35000,RENT,2.0,PERSONAL,A,3500,7.88,0.1,N,4,0
54075,21,50300,RENT,2.0,MEDICAL,B,2000,9.99,0.04,N,4,0
54076,23,50000,RENT,3.0,EDUCATION,C,4000,13.8,0.08,Y,2,0
54077,24,80004,RENT,8.0,HOMEIMPROVEMENT,B,15000,11.86,0.19,N,4,0
54078,24,48000,RENT,8.0,VENTURE,D,3600,16.0,0.07,Y,2,0
54079,39,68000,MORTGAGE,5.0,PERSONAL,A,6500,7.51,0.1,N,14,0
54080,28,38196,RENT,5.0,MEDICAL,B,10750,10.75,0.28,N,7,0
54081,32,50000,RENT,3.0,DEBTCONSOLIDATION,B,5000,10.0,0.1,N,9,0
54082,27,48000,RENT,0.0,EDUCATION,B,10000,9.63,0.21,N,6,0
54083,23,120000,MORTGAGE,3.0,MEDICAL,B,10000,9.91,0.08,N,2,0
54084,24,71151,RENT,6.0,VENTURE,A,9000,6.62,0.13,N,3,0
54085,23,66300,RENT,6.0,MEDICAL,B,30000,10.99,0.38,N,2,1
54086,25,95000,OWN,3.0,VENTURE,D,4000,14.11,0.04,Y,2,0
54087,26,75000,MORTGAGE,8.0,HOMEIMPROVEMENT,A,10000,6.91,0.13,N,3,0
54088,32,62000,RENT,2.0,PERSONAL,A,12800,7.88,0.21,N,9,0
54089,25,120000,MORTGAGE,1.0,PERSONAL,A,6000,7.49,0.05,N,3,0
54090,30,52000,MORTGAGE,14.0,VENTURE,A,10000,8.49,0.19,N,9,0
54091,23,130000,MORTGAGE,2.0,EDUCATION,D,30000,15.62,0.23,N,3,0
54092,29,43000,MORTGAGE,7.0,PERSONAL,B,15000,11.71,0.35,N,8,0
54093,28,33996,RENT,2.0,VENTURE,C,7000,12.53,0.21,N,7,0
54094,22,36000,RENT,2.0,DEBTCONSOLIDATION,B,10000,12.42,0.28,N,3,0
54095,23,59004,RENT,5.0,VENTURE,D,8000,15.33,0.14,N,2,1
54096,36,77000,MORTGAGE,3.0,PERSONAL,B,12000,11.49,0.16,N,15,0
54097,23,31200,MORTGAGE,0.0,PERSONAL,B,14400,9.45,0.45,N,4,0
54098,29,200000,MORTGAGE,2.0,EDUCATION,B,20000,10.37,0.1,N,6,0
54099,28,50000,MORTGAGE,8.0,VENTURE,E,25000,17.19,0.48,Y,7,0
54100,27,60000,RENT,2.0,MEDICAL,B,5000,10.75,0.08,N,6,0
54101,23,36000,RENT,3.0,VENTURE,C,5500,12.61,0.15,Y,4,0
54102,26,19200,RENT,1.0,PERSONAL,A,1000,8.59,0.05,N,4,0
54103,25,48000,MORTGAGE,3.0,VENTURE,B,7000,10.38,0.14,N,3,0
54104,21,26124,RENT,3.0,DEBTCONSOLIDATION,C,8000,15.23,0.32,N,2,1
54105,25,44000,MORTGAGE,8.0,MEDICAL,B,2000,11.14,0.05,N,2,1
54106,23,253000,RENT,2.0,HOMEIMPROVEMENT,D,10000,14.91,0.04,Y,3,1
54107,25,60000,RENT,5.0,PERSONAL,B,7000,11.71,0.12,N,4,0
54108,26,150000,MORTGAGE,4.0,VENTURE,A,8200,6.99,0.05,N,2,0
54109,41,42000,RENT,4.0,EDUCATION,A,4000,5.99,0.1,N,15,0
54110,26,24000,MORTGAGE,6.0,EDUCATION,C,5000,15.27,0.21,Y,4,0
54111,22,42000,RENT,6.0,EDUCATION,B,3000,10.37,0.07,N,4,0
54112,30,48000,RENT,6.0,PERSONAL,B,2500,11.71,0.05,N,7,0
54113,24,45000,MORTGAGE,5.0,HOMEIMPROVEMENT,C,4450,13.16,0.1,Y,4,0
54114,25,110000,MORTGAGE,5.0,DEBTCONSOLIDATION,B,20000,11.11,0.18,N,4,0
54115,24,33000,MORTGAGE,7.0,PERSONAL,A,5000,8.9,0.15,N,3,0
54116,26,45000,MORTGAGE,7.0,EDUCATION,C,4400,13.23,0.1,Y,4,0
54117,22,73000,RENT,6.0,VENTURE,B,10000,12.53,0.14,N,3,0
54118,29,40000,MORTGAGE,13.0,HOMEIMPROVEMENT,C,12000,14.27,0.3,Y,8,0
54119,26,45000,MORTGAGE,10.0,DEBTCONSOLIDATION,A,6000,7.51,0.13,N,2,0
54120,25,80000,MORTGAGE,5.0,PERSONAL,B,4000,10.99,0.05,N,4,0
54121,30,58650,MORTGAGE,1.0,MEDICAL,D,17500,13.24,0.27,Y,10,1
54122,30,100000,MORTGAGE,4.0,DEBTCONSOLIDATION,C,15000,14.72,0.15,N,10,0
54123,28,50000,RENT,2.0,DEBTCONSOLIDATION,B,3000,10.99,0.06,N,10,0
54124,31,90000,MORTGAGE,15.0,HOMEIMPROVEMENT,B,16000,10.51,0.18,N,8,0
54125,21,21000,RENT,3.0,VENTURE,B,5175,11.49,0.25,N,2,0
54126,27,115000,MORTGAGE,11.0,EDUCATION,A,5000,7.51,0.04,N,5,0
54127,24,100000,MORTGAGE,5.0,VENTURE,A,15000,6.17,0.15,N,2,0
54128,22,72000,RENT,6.0,VENTURE,A,5000,6.54,0.07,N,4,0
54129,24,44000,RENT,2.0,HOMEIMPROVEMENT,B,6000,10.39,0.14,N,2,0
54130,23,75000,MORTGAGE,0.0,DEBTCONSOLIDATION,A,3000,8.9,0.04,N,3,0
54131,31,60000,RENT,2.0,VENTURE,B,2500,12.42,0.04,N,8,0
54132,28,60000,RENT,3.0,VENTURE,A,7000,6.91,0.12,N,5,0
54133,24,34000,RENT,7.0,DEBTCONSOLIDATION,D,5000,12.61,0.15,Y,2,1
54134,21,39000,RENT,5.0,EDUCATION,A,5000,7.29,0.13,N,4,0
54135,25,90000,RENT,9.0,PERSONAL,A,6000,7.49,0.07,N,2,0
54136,40,115000,MORTGAGE,16.0,VENTURE,A,14000,6.03,0.12,N,13,0
54137,25,75000,MORTGAGE,9.0,EDUCATION,A,5000,7.9,0.07,N,3,0
54138,43,80000,RENT,6.0,HOMEIMPROVEMENT,B,24000,12.18,0.3,N,16,0
54139,22,50000,MORTGAGE,4.0,VENTURE,B,6500,11.99,0.13,N,3,0
54140,23,60000,RENT,8.0,EDUCATION,B,18000,9.33,0.3,N,2,0
54141,23,50000,RENT,7.0,DEBTCONSOLIDATION,B,6000,12.69,0.12,N,2,0
54142,32,100000,MORTGAGE,4.0,HOMEIMPROVEMENT,D,12000,15.65,0.12,Y,6,0
54143,22,81500,MORTGAGE,6.0,DEBTCONSOLIDATION,B,20000,12.18,0.25,N,2,0
54144,43,40000,RENT,14.0,PERSONAL,A,12000,8.49,0.29,N,12,0
54145,22,50004,RENT,4.0,DEBTCONSOLIDATION,A,8000,6.17,0.16,N,3,0
54146,26,54996,RENT,0.0,HOMEIMPROVEMENT,A,5500,8.94,0.1,N,3,0
54147,56,150000,MORTGAGE,7.0,PERSONAL,A,10000,9.32,0.07,N,20,0
54148,26,45000,MORTGAGE,0.0,MEDICAL,A,7200,8.9,0.16,N,2,0
54149,27,40000,MORTGAGE,3.0,DEBTCONSOLIDATION,A,7000,7.74,0.17,N,10,0
54150,21,85000,MORTGAGE,5.0,EDUCATION,A,8000,6.62,0.09,N,4,0
54151,30,98000,OWN,14.0,VENTURE,A,12000,6.99,0.12,N,6,0
54152,32,65000,MORTGAGE,16.0,PERSONAL,A,6000,5.42,0.09,N,10,0
54153,35,86000,MORTGAGE,5.0,PERSONAL,B,20000,10.99,0.23,N,8,1
54154,42,36000,MORTGAGE,5.0,HOMEIMPROVEMENT,C,6000,13.98,0.17,N,14,0
54155,29,85000,RENT,3.0,DEBTCONSOLIDATION,C,10000,12.87,0.12,N,10,0
54156,38,54000,MORTGAGE,5.0,MEDICAL,C,12000,13.11,0.22,N,17,1
54157,22,60000,RENT,2.0,DEBTCONSOLIDATION,B,10000,10.25,0.17,N,2,0
54158,23,41000,RENT,3.0,VENTURE,A,5600,6.76,0.14,N,4,0
54159,28,63000,OWN,8.0,MEDICAL,C,7200,13.35,0.11,N,5,0
54160,22,45000,RENT,4.0,EDUCATION,B,14400,10.36,0.32,N,2,1
54161,45,52000,RENT,8.0,MEDICAL,B,5000,9.88,0.1,N,15,0
54162,22,35000,RENT,1.0,PERSONAL,B,6500,11.89,0.18,N,2,0
54163,27,32000,RENT,5.0,MEDICAL,A,4000,6.62,0.13,N,8,0
54164,27,70000,MORTGAGE,0.0,MEDICAL,B,5275,9.38,0.08,N,7,0
54165,28,75000,MORTGAGE,12.0,DEBTCONSOLIDATION,A,5000,7.9,0.07,N,5,0
54166,29,50000,MORTGAGE,5.0,MEDICAL,A,12000,6.03,0.24,N,5,0
54167,30,65000,MORTGAGE,14.0,PERSONAL,B,3300,12.69,0.05,N,7,0
54168,38,35000,MORTGAGE,7.0,MEDICAL,A,6000,6.62,0.17,N,13,0
54169,23,50000,RENT,3.0,PERSONAL,C,12250,13.16,0.24,Y,4,0
54170,34,80000,MORTGAGE,14.0,EDUCATION,A,15000,8.49,0.19,N,6,0
54171,26,33600,RENT,6.0,MEDICAL,D,10750,16.77,0.32,Y,4,1
54172,23,33000,RENT,2.0,EDUCATION,A,2000,5.42,0.06,N,4,0
54173,24,41000,RENT,3.0,MEDICAL,D,4000,14.11,0.1,N,2,1
54174,24,28800,OWN,0.0,PERSONAL,B,8000,11.48,0.28,N,2,0
54175,22,30000,RENT,6.0,MEDICAL,A,8000,5.79,0.27,N,4,0
54176,22,57564,MORTGAGE,4.0,DEBTCONSOLIDATION,C,21000,12.84,0.36,Y,3,0
54177,25,31200,RENT,9.0,MEDICAL,B,6000,11.49,0.19,N,3,0
54178,30,42000,RENT,3.0,HOMEIMPROVEMENT,B,11800,11.99,0.28,N,10,0
54179,24,32000,RENT,4.0,EDUCATION,A,10800,7.88,0.34,N,4,1
54180,22,54996,MORTGAGE,5.0,MEDICAL,C,5000,13.16,0.09,Y,3,0
54181,24,51996,RENT,4.0,HOMEIMPROVEMENT,B,25000,10.99,0.48,N,4,1
54182,24,54000,MORTGAGE,7.0,HOMEIMPROVEMENT,D,9000,15.65,0.17,Y,2,0
54183,25,29004,RENT,3.0,HOMEIMPROVEMENT,D,6250,15.99,0.22,Y,4,1
54184,38,25000,RENT,3.0,MEDICAL,A,5000,7.9,0.2,N,16,0
54185,23,81000,MORTGAGE,2.0,PERSONAL,A,5000,6.17,0.06,N,3,0
54186,37,51500,MORTGAGE,3.0,EDUCATION,B,10000,10.65,0.19,N,17,0
54187,22,90000,RENT,6.0,MEDICAL,C,20000,13.22,0.22,N,2,0
54188,21,42000,RENT,2.0,MEDICAL,A,7200,7.9,0.17,N,4,0
54189,23,67000,RENT,0.0,MEDICAL,A,3000,7.9,0.04,N,2,0
54190,25,37200,RENT,9.0,EDUCATION,A,6200,7.9,0.17,N,2,0
54191,27,75000,MORTGAGE,11.0,VENTURE,A,6000,7.66,0.08,N,5,0
54192,28,54996,MORTGAGE,7.0,PERSONAL,A,10000,7.51,0.18,N,9,0
54193,24,54996,MORTGAGE,8.0,MEDICAL,A,6200,7.88,0.11,N,3,0
54194,27,62000,RENT,0.0,EDUCATION,A,5000,8.0,0.08,N,5,0
54195,34,109200,MORTGAGE,4.0,EDUCATION,A,9000,8.63,0.08,N,6,0
54196,27,91200,MORTGAGE,1.0,PERSONAL,A,6000,7.66,0.07,N,5,0
54197,25,120000,MORTGAGE,9.0,HOMEIMPROVEMENT,A,12000,7.88,0.1,N,3,0
54198,22,50000,RENT,0.0,PERSONAL,A,3000,7.29,0.06,N,3,0
54199,25,86500,OWN,9.0,PERSONAL,C,7500,13.57,0.09,Y,4,0
54200,30,80000,MORTGAGE,0.0,DEBTCONSOLIDATION,A,3000,7.88,0.04,N,7,0
54201,24,100000,MORTGAGE,8.0,DEBTCONSOLIDATION,A,14000,7.88,0.14,N,4,0
54202,23,70000,RENT,3.0,EDUCATION,B,10000,10.95,0.14,N,2,0
54203,38,30000,RENT,0.0,MEDICAL,A,9000,7.51,0.3,N,16,0
54204,40,50000,RENT,1.0,DEBTCONSOLIDATION,C,4000,14.27,0.08,Y,17,0
54205,28,30000,RENT,12.0,PERSONAL,C,1500,14.65,0.05,N,7,0
54206,24,55000,MORTGAGE,3.0,VENTURE,A,10000,7.51,0.18,N,2,0
54207,23,100000,RENT,7.0,PERSONAL,B,10000,10.59,0.1,N,2,0
54208,27,50000,MORTGAGE,2.0,DEBTCONSOLIDATION,A,6400,5.79,0.13,N,10,0
54209,26,82800,RENT,1.0,DEBTCONSOLIDATION,B,8000,12.21,0.1,N,4,0
54210,24,72000,RENT,8.0,MEDICAL,C,10000,12.87,0.14,Y,2,0
54211,29,120000,MORTGAGE,13.0,HOMEIMPROVEMENT,C,10000,12.73,0.08,Y,7,0
54212,31,94000,MORTGAGE,13.0,MEDICAL,A,12000,5.42,0.13,N,5,0
54213,25,60000,RENT,10.0,MEDICAL,B,6800,9.88,0.11,N,2,0
54214,27,82305,MORTGAGE,10.0,DEBTCONSOLIDATION,A,15000,6.99,0.18,N,7,0
54215,37,125000,MORTGAGE,10.0,PERSONAL,C,24000,13.85,0.2,N,12,0
54216,25,90000,MORTGAGE,9.0,EDUCATION,B,9000,11.49,0.1,N,2,0
54217,22,51600,RENT,1.0,EDUCATION,B,9000,10.59,0.17,N,3,1
54218,26,52500,RENT,2.0,VENTURE,B,10000,11.48,0.18,N,2,0
54219,31,100000,RENT,1.0,MEDICAL,C,10000,12.87,0.1,N,9,0
54220,36,60000,MORTGAGE,2.0,MEDICAL,C,6000,13.49,0.1,Y,11,0
54221,54,37000,MORTGAGE,2.0,PERSONAL,B,4500,11.71,0.12,N,19,1
54222,23,54000,RENT,7.0,DEBTCONSOLIDATION,D,5000,14.11,0.09,N,4,1
54223,24,54000,RENT,2.0,VENTURE,C,13000,12.53,0.24,N,2,0
54224,26,58000,MORTGAGE,7.0,VENTURE,B,20000,10.25,0.34,N,3,0
54225,22,60000,MORTGAGE,7.0,VENTURE,B,9000,9.63,0.15,N,4,0
54226,29,80000,MORTGAGE,13.0,PERSONAL,A,11000,6.92,0.14,N,9,0
54227,31,63000,MORTGAGE,15.0,HOMEIMPROVEMENT,C,6000,13.49,0.1,Y,8,0
54228,28,90000,RENT,1.0,HOMEIMPROVEMENT,B,7600,11.49,0.09,N,10,0
54229,53,65000,MORTGAGE,21.0,PERSONAL,A,6000,7.88,0.09,N,22,0
54230,24,45000,RENT,0.0,DEBTCONSOLIDATION,B,19200,10.25,0.44,N,2,1
54231,31,42000,RENT,2.0,MEDICAL,C,10000,13.47,0.24,Y,5,0
54232,24,75000,MORTGAGE,4.0,EDUCATION,A,10000,7.49,0.13,N,4,0
54233,21,30000,RENT,0.0,PERSONAL,A,4200,6.92,0.14,N,2,0
54234,23,60000,RENT,5.0,DEBTCONSOLIDATION,A,6000,5.42,0.1,N,3,0
54235,25,50000,OWN,5.0,HOMEIMPROVEMENT,E,13000,15.68,0.26,Y,2,0
54236,37,62000,MORTGAGE,11.0,DEBTCONSOLIDATION,A,15000,7.9,0.24,N,11,0
54237,23,48000,RENT,7.0,VENTURE,C,8500,14.35,0.18,Y,4,0
54238,25,30000,RENT,3.0,MEDICAL,A,4000,8.9,0.13,N,3,0
54239,22,30000,RENT,1.0,PERSONAL,B,3000,10.99,0.1,N,4,0
54240,32,75000,MORTGAGE,4.0,VENTURE,B,10000,10.95,0.13,N,5,0
54241,24,70000,RENT,6.0,MEDICAL,B,5000,9.91,0.07,N,3,0
54242,28,74400,MORTGAGE,2.0,HOMEIMPROVEMENT,A,7500,7.51,0.1,N,5,0
54243,25,52000,RENT,9.0,MEDICAL,B,7500,10.99,0.15,N,2,0
54244,28,72800,MORTGAGE,12.0,HOMEIMPROVEMENT,B,35000,11.49,0.47,N,7,0
54245,26,55000,RENT,0.0,VENTURE,B,3000,10.2,0.05,N,4,0
54246,40,109720,MORTGAGE,19.0,PERSONAL,B,20000,10.75,0.18,N,14,0
54247,22,55000,MORTGAGE,6.0,MEDICAL,B,2000,11.49,0.04,N,4,0
54248,22,55000,MORTGAGE,6.0,DEBTCONSOLIDATION,B,8000,9.91,0.15,N,2,0
54249,28,100000,MORTGAGE,4.0,PERSONAL,C,20000,13.57,0.2,Y,10,0
54250,22,35000,RENT,1.0,PERSONAL,C,10500,12.09,0.3,Y,3,0
54251,28,40000,RENT,2.0,MEDICAL,B,5400,10.65,0.14,N,6,0
54252,26,103240,MORTGAGE,10.0,DEBTCONSOLIDATION,B,4000,10.59,0.04,N,3,0
54253,23,60000,MORTGAGE,5.0,PERSONAL,A,8700,6.92,0.15,N,4,0
54254,22,70000,MORTGAGE,6.0,MEDICAL,A,8000,7.51,0.11,N,4,0
54255,24,130000,MORTGAGE,0.0,EDUCATION,C,20000,14.26,0.15,Y,3,0
54256,25,100000,RENT,0.0,DEBTCONSOLIDATION,C,12000,12.73,0.12,Y,4,0
54257,32,36000,RENT,4.0,EDUCATION,G,15000,19.82,0.42,Y,5,1
54258,27,60000,MORTGAGE,11.0,HOMEIMPROVEMENT,A,6000,7.49,0.1,N,5,0
54259,23,62400,MORTGAGE,1.0,DEBTCONSOLIDATION,B,7500,10.08,0.12,N,3,0
54260,28,50000,RENT,6.0,DEBTCONSOLIDATION,D,13225,16.77,0.26,N,6,1
54261,36,65458,MORTGAGE,9.0,MEDICAL,A,8000,7.29,0.12,N,13,0
54262,35,42000,RENT,6.0,MEDICAL,C,3000,13.23,0.07,N,7,0
54263,22,36000,RENT,6.0,EDUCATION,A,5000,7.29,0.14,N,2,0
54264,28,64600,MORTGAGE,12.0,DEBTCONSOLIDATION,A,16000,6.17,0.23,N,6,0
54265,23,70000,RENT,8.0,DEBTCONSOLIDATION,A,18000,7.9,0.26,N,2,0
54266,27,50000,OWN,5.0,MEDICAL,C,9600,14.26,0.19,N,9,0
54267,30,52000,MORTGAGE,2.0,DEBTCONSOLIDATION,B,6000,10.59,0.12,N,8,0
54268,22,52800,MORTGAGE,0.0,DEBTCONSOLIDATION,A,14000,7.51,0.27,N,2,0
54269,26,54000,MORTGAGE,1.0,PERSONAL,A,10000,7.49,0.19,N,3,0
54270,24,45000,MORTGAGE,2.0,EDUCATION,A,4000,5.99,0.09,N,4,0
54271,33,30000,OWN,2.0,PERSONAL,A,6000,7.51,0.2,N,9,0
54272,27,90000,RENT,1.0,DEBTCONSOLIDATION,A,16000,6.54,0.18,N,9,0
54273,29,102000,MORTGAGE,6.0,PERSONAL,A,7200,6.62,0.07,N,9,0
54274,27,44000,RENT,5.0,EDUCATION,C,3000,15.27,0.07,Y,7,1
54275,22,45600,RENT,3.0,VENTURE,C,5000,12.53,0.11,Y,4,0
54276,29,80000,MORTGAGE,13.0,MEDICAL,A,10000,6.92,0.13,N,8,0
54277,25,36000,MORTGAGE,9.0,DEBTCONSOLIDATION,A,12375,7.66,0.36,N,4,0
54278,22,45000,RENT,0.0,EDUCATION,C,5000,15.23,0.11,Y,3,0
54279,33,95000,RENT,2.0,PERSONAL,B,7500,10.95,0.08,N,5,0
54280,31,68000,MORTGAGE,9.0,MEDICAL,A,2500,7.4,0.04,N,9,0
54281,28,60000,RENT,4.0,EDUCATION,A,10000,8.9,0.17,N,5,0
54282,24,49530,MORTGAGE,8.0,HOMEIMPROVEMENT,D,5200,14.59,0.1,Y,4,1
54283,26,43000,RENT,7.0,MEDICAL,B,9000,10.99,0.21,N,2,0
54284,25,90000,RENT,9.0,PERSONAL,D,10000,15.65,0.11,N,2,1
54285,23,85000,MORTGAGE,7.0,EDUCATION,A,10000,7.49,0.12,N,3,0
54286,47,70000,RENT,2.0,PERSONAL,A,4200,6.99,0.06,N,12,0
54287,26,69000,MORTGAGE,3.0,HOMEIMPROVEMENT,D,10000,15.62,0.14,N,2,1
54288,30,80000,MORTGAGE,3.0,HOMEIMPROVEMENT,B,9600,10.62,0.12,N,9,0
54289,22,30000,RENT,0.0,PERSONAL,D,5000,14.61,0.17,N,2,1
54290,32,100000,RENT,5.0,PERSONAL,C,6000,13.49,0.06,N,9,0
54291,23,55000,RENT,0.0,EDUCATION,A,10000,8.49,0.18,N,4,0
54292,25,49152,RENT,7.0,MEDICAL,B,5000,11.71,0.1,N,2,0
54293,46,75000,MORTGAGE,0.0,PERSONAL,B,15000,10.99,0.2,N,14,0
54294,23,75000,RENT,4.0,EDUCATION,A,7000,7.9,0.09,N,2,0
54295,23,70000,MORTGAGE,0.0,EDUCATION,B,12000,11.26,0.17,N,3,0
54296,27,90000,MORTGAGE,7.0,VENTURE,A,10000,7.88,0.11,N,6,0
54297,28,42000,RENT,7.0,MEDICAL,A,5000,7.88,0.12,N,7,0
54298,31,30000,RENT,0.0,MEDICAL,C,6500,13.98,0.22,N,5,0
54299,26,55000,RENT,4.0,VENTURE,B,11500,11.89,0.21,N,4,0
54300,22,28800,RENT,6.0,MEDICAL,C,6000,14.27,0.21,Y,2,0
54301,27,42500,MORTGAGE,11.0,MEDICAL,A,3500,7.68,0.08,N,9,0
54302,21,50350,RENT,3.0,EDUCATION,B,3600,9.88,0.07,N,2,0
54303,27,80000,MORTGAGE,11.0,DEBTCONSOLIDATION,B,5000,10.0,0.06,N,10,0
54304,39,50000,RENT,1.0,MEDICAL,C,4000,12.99,0.08,N,11,0
54305,22,50600,RENT,2.0,PERSONAL,B,12000,10.37,0.24,N,4,0
54306,28,70000,RENT,5.0,PERSONAL,B,25000,11.86,0.36,N,10,1
54307,23,50000,OWN,7.0,VENTURE,B,1500,11.36,0.03,N,2,0
54308,28,34000,RENT,0.0,PERSONAL,D,4800,14.96,0.14,Y,5,1
54309,28,120000,RENT,3.0,HOMEIMPROVEMENT,D,15000,15.28,0.13,N,10,0
54310,23,55000,MORTGAGE,7.0,PERSONAL,B,5000,12.42,0.09,N,3,0
54311,22,65000,OWN,0.0,VENTURE,C,17000,13.49,0.27,N,2,0
54312,28,98400,MORTGAGE,9.0,MEDICAL,B,20000,11.83,0.2,N,9,0
54313,36,48000,RENT,3.0,DEBTCONSOLIDATION,C,3000,13.47,0.06,Y,13,0
54314,23,54000,MORTGAGE,7.0,MEDICAL,C,3800,12.87,0.07,Y,2,0
54315,24,80000,RENT,8.0,HOMEIMPROVEMENT,B,25000,10.99,0.31,N,3,1
54316,24,39000,RENT,6.0,MEDICAL,C,3000,13.35,0.08,Y,2,0
54317,22,37392,RENT,3.0,MEDICAL,D,10800,14.11,0.28,N,2,1
54318,24,60500,RENT,3.0,VENTURE,C,5600,12.84,0.09,Y,2,0
54319,28,85000,MORTGAGE,12.0,HOMEIMPROVEMENT,A,5000,7.74,0.06,N,5,0
54320,23,50000,RENT,0.0,EDUCATION,B,10000,10.59,0.2,N,3,0
54321,28,70000,RENT,5.0,PERSONAL,C,14000,12.68,0.2,N,10,0
54322,23,48000,MORTGAGE,4.0,DEBTCONSOLIDATION,A,4200,8.9,0.09,N,4,0
54323,23,48504,MORTGAGE,1.0,MEDICAL,C,10500,15.27,0.23,N,2,0
54324,25,72000,MORTGAGE,3.0,MEDICAL,B,6000,11.12,0.08,N,4,0
54325,24,44000,MORTGAGE,6.0,HOMEIMPROVEMENT,B,12000,10.65,0.27,N,4,0
54326,29,78000,RENT,0.0,HOMEIMPROVEMENT,B,9500,10.36,0.12,N,9,0
54327,36,60000,RENT,12.0,HOMEIMPROVEMENT,D,2000,15.7,0.03,N,13,0
54328,27,73527,MORTGAGE,4.0,HOMEIMPROVEMENT,B,12000,10.37,0.16,N,8,0
54329,42,101000,RENT,0.0,EDUCATION,A,1475,5.79,0.01,N,17,0
54330,36,35000,OWN,0.0,MEDICAL,C,1500,13.98,0.04,N,14,0
54331,24,40800,RENT,1.0,VENTURE,D,13200,15.28,0.33,Y,3,1
54332,39,52000,RENT,6.0,VENTURE,A,9600,6.99,0.18,N,11,0
54333,32,48000,MORTGAGE,2.0,VENTURE,C,5000,14.79,0.1,Y,6,0
54334,27,75000,MORTGAGE,11.0,PERSONAL,A,18000,7.9,0.24,N,6,0
54335,33,78000,RENT,4.0,PERSONAL,B,8000,10.37,0.1,N,6,0
54336,23,39689,RENT,1.0,EDUCATION,C,13000,13.57,0.33,N,8,1
54337,26,125004,MORTGAGE,3.0,EDUCATION,C,12000,13.79,0.1,N,2,0
54338,37,100000,RENT,0.0,DEBTCONSOLIDATION,B,20000,9.88,0.2,N,16,0
54339,24,38000,RENT,8.0,MEDICAL,B,5000,10.08,0.13,N,4,0
54340,22,49000,RENT,3.0,MEDICAL,E,20000,16.0,0.38,N,2,1
54341,23,45000,RENT,4.0,DEBTCONSOLIDATION,A,5500,7.51,0.12,N,3,0
54342,26,70000,RENT,5.0,EDUCATION,B,8000,10.0,0.11,N,2,0
54343,45,60000,RENT,1.0,DEBTCONSOLIDATION,B,15000,10.38,0.25,N,16,0
54344,29,72000,MORTGAGE,5.0,HOMEIMPROVEMENT,C,12000,13.16,0.17,Y,9,0
54345,27,62000,MORTGAGE,2.0,EDUCATION,A,10000,7.9,0.16,N,8,0
54346,28,85000,RENT,4.0,VENTURE,C,10000,13.72,0.12,Y,7,0
54347,21,60000,RENT,1.0,EDUCATION,B,7200,11.58,0.12,N,4,0
54348,35,26400,RENT,0.0,MEDICAL,C,7000,13.72,0.27,N,8,0
54349,23,60000,RENT,1.0,EDUCATION,A,9600,5.99,0.16,N,4,0
54350,34,60000,OWN,1.0,EDUCATION,A,3000,9.63,0.05,N,7,0
54351,57,15840,RENT,0.0,MEDICAL,B,3000,10.38,0.19,N,21,1
54352,23,38000,RENT,0.0,EDUCATION,A,7500,7.49,0.2,N,4,0
54353,28,55000,RENT,13.0,DEBTCONSOLIDATION,C,9000,12.68,0.17,Y,7,1
54354,40,62900,MORTGAGE,3.0,MEDICAL,D,15000,16.0,0.2,N,14,1
54355,38,120996,MORTGAGE,3.0,HOMEIMPROVEMENT,B,3000,10.65,0.03,N,14,0
54356,31,36000,MORTGAGE,5.0,VENTURE,B,15000,10.25,0.42,N,7,0
54357,30,36000,RENT,0.0,PERSONAL,A,7000,8.94,0.19,N,6,0
54358,23,40000,RENT,4.0,EDUCATION,C,3000,13.99,0.07,Y,2,0
54359,29,60000,RENT,4.0,MEDICAL,B,12000,10.37,0.2,N,10,0
54360,31,95000,MORTGAGE,3.0,VENTURE,B,25000,10.08,0.26,N,6,0
54361,27,60000,OWN,2.0,EDUCATION,D,8000,15.7,0.13,Y,6,0
54362,28,140000,MORTGAGE,4.0,HOMEIMPROVEMENT,A,9600,7.51,0.07,N,9,0
54363,34,250000,MORTGAGE,0.0,VENTURE,A,35000,7.9,0.14,N,9,0
54364,29,36000,RENT,5.0,MEDICAL,B,14400,10.99,0.4,N,8,1
54365,33,50000,RENT,5.0,DEBTCONSOLIDATION,A,10000,7.88,0.2,N,9,0
54366,25,50000,RENT,2.0,HOMEIMPROVEMENT,B,7000,10.59,0.14,N,3,0
54367,24,76788,RENT,1.0,VENTURE,B,15000,12.42,0.19,N,3,0
54368,24,40000,OWN,3.0,EDUCATION,A,4500,7.51,0.11,N,4,0
54369,22,24996,RENT,0.0,MEDICAL,C,10000,13.22,0.4,N,2,1
54370,23,100000,MORTGAGE,7.0,EDUCATION,B,20000,10.59,0.2,N,2,0
54371,38,75000,MORTGAGE,5.0,PERSONAL,A,15000,7.88,0.2,N,17,0
54372,23,52000,MORTGAGE,2.0,PERSONAL,A,3000,9.63,0.06,N,2,0
54373,29,43000,MORTGAGE,9.0,HOMEIMPROVEMENT,D,10000,16.77,0.23,Y,9,0
54374,23,50000,OWN,0.0,VENTURE,C,8800,13.57,0.17,N,2,0
54375,22,60000,RENT,0.0,EDUCATION,A,7000,8.0,0.12,N,3,0
54376,22,19200,RENT,1.0,PERSONAL,B,2000,10.36,0.1,N,4,0
54377,27,60000,MORTGAGE,6.0,HOMEIMPROVEMENT,B,10000,10.65,0.17,N,7,0
54378,29,55000,MORTGAGE,9.0,DEBTCONSOLIDATION,A,2000,5.79,0.04,N,10,0
54379,28,70000,RENT,0.0,HOMEIMPROVEMENT,C,15000,13.06,0.21,N,9,0
54380,26,65000,MORTGAGE,10.0,EDUCATION,C,10000,13.99,0.15,Y,2,0
54381,27,36000,OWN,13.0,PERSONAL,A,15000,6.54,0.44,N,10,0
54382,25,60000,RENT,2.0,PERSONAL,C,1600,14.79,0.03,N,3,0
54383,23,54000,RENT,7.0,PERSONAL,A,10000,7.49,0.19,N,3,1
54384,23,42000,RENT,1.0,EDUCATION,B,1600,11.99,0.04,N,4,0
54385,24,111239,MORTGAGE,4.0,VENTURE,A,18000,7.9,0.17,N,2,0
54386,22,34000,RENT,6.0,DEBTCONSOLIDATION,B,5000,11.71,0.15,N,2,1
54387,36,35000,RENT,0.0,MEDICAL,C,5000,12.98,0.14,N,14,0
54388,33,51298,RENT,0.0,VENTURE,B,1000,11.14,0.02,N,7,0
54389,23,60000,RENT,0.0,EDUCATION,C,5000,14.22,0.08,N,4,0
54390,24,65000,MORTGAGE,5.0,HOMEIMPROVEMENT,A,6000,5.42,0.09,N,4,0
54391,22,51500,RENT,6.0,HOMEIMPROVEMENT,E,18000,16.35,0.34,N,3,1
54392,21,45000,MORTGAGE,2.0,MEDICAL,A,4800,7.9,0.11,N,3,0
54393,34,34000,RENT,0.0,DEBTCONSOLIDATION,C,6400,13.61,0.19,Y,9,1
54394,24,30000,RENT,4.0,PERSONAL,C,15000,13.22,0.5,N,4,1
54395,28,60000,RENT,8.0,PERSONAL,A,12000,7.29,0.2,N,6,0
54396,25,70000,MORTGAGE,9.0,HOMEIMPROVEMENT,A,6000,7.88,0.09,N,4,0
54397,24,55000,MORTGAGE,2.0,VENTURE,A,3000,8.9,0.05,N,3,0
54398,23,60000,MORTGAGE,8.0,VENTURE,A,10000,8.9,0.17,N,3,0
54399,31,60000,MORTGAGE,12.0,MEDICAL,A,18500,7.9,0.31,N,10,0
54400,26,60996,MORTGAGE,6.0,DEBTCONSOLIDATION,A,14000,9.63,0.23,N,2,0
54401,26,35000,MORTGAGE,0.0,VENTURE,D,5000,13.17,0.14,N,4,1
54402,23,80000,MORTGAGE,7.0,MEDICAL,C,5000,13.22,0.06,Y,4,0
54403,24,85000,MORTGAGE,8.0,VENTURE,C,15000,13.99,0.18,N,2,0
54404,31,94000,RENT,1.0,HOMEIMPROVEMENT,C,5000,12.99,0.05,N,8,0
54405,24,38000,OWN,8.0,EDUCATION,A,13000,6.92,0.35,N,2,0
54406,25,44000,RENT,9.0,EDUCATION,B,1775,12.21,0.04,N,3,0
54407,30,50000,MORTGAGE,8.0,EDUCATION,C,5000,12.73,0.1,Y,8,0
54408,25,103641,RENT,9.0,MEDICAL,B,5000,10.59,0.05,N,4,0
54409,22,69528,RENT,6.0,MEDICAL,B,6000,10.75,0.09,N,3,0
54410,28,48000,OWN,4.0,EDUCATION,B,16750,10.62,0.35,N,6,0
54411,29,45000,MORTGAGE,2.0,PERSONAL,A,7200,6.62,0.16,N,9,0
54412,23,65000,MORTGAGE,7.0,EDUCATION,B,3000,9.63,0.05,N,3,0
54413,23,65000,MORTGAGE,2.0,DEBTCONSOLIDATION,B,8000,10.75,0.12,N,2,0
54414,25,120000,MORTGAGE,2.0,MEDICAL,B,8000,10.99,0.07,N,2,0
54415,24,40000,RENT,3.0,EDUCATION,A,8000,6.62,0.2,N,2,0
54416,32,140000,MORTGAGE,1.0,VENTURE,B,25000,11.58,0.18,N,5,0
54417,22,87950,MORTGAGE,6.0,MEDICAL,B,20000,12.53,0.23,N,4,0
54418,27,30000,RENT,0.0,PERSONAL,B,6300,10.37,0.21,N,9,0
54419,23,65000,OWN,3.0,VENTURE,B,12000,12.53,0.18,N,3,0
54420,21,34000,RENT,3.0,EDUCATION,C,7000,13.61,0.21,Y,2,0
54421,22,48000,RENT,0.0,EDUCATION,A,3800,7.9,0.08,N,4,0
54422,27,42564,RENT,4.0,VENTURE,B,12000,9.91,0.28,N,5,1
54423,22,42000,RENT,6.0,EDUCATION,C,8000,13.47,0.19,Y,4,0
54424,26,39000,RENT,2.0,EDUCATION,C,15000,12.99,0.38,Y,3,1
54425,27,58000,OWN,11.0,HOMEIMPROVEMENT,A,4000,7.51,0.07,N,8,0
54426,22,60000,RENT,6.0,EDUCATION,C,6000,13.23,0.1,N,2,0
54427,31,60000,MORTGAGE,2.0,MEDICAL,A,17500,7.49,0.29,N,6,0
54428,34,75797,MORTGAGE,18.0,EDUCATION,A,5600,7.14,0.07,N,10,0
54429,24,59000,RENT,4.0,MEDICAL,A,14000,7.88,0.24,N,2,0
54430,32,48000,RENT,6.0,EDUCATION,A,6000,7.9,0.13,N,10,0
54431,23,48000,MORTGAGE,6.0,EDUCATION,A,7000,6.62,0.15,N,3,0
54432,29,20000,RENT,1.0,EDUCATION,A,4000,5.79,0.2,N,10,0
54433,37,56000,RENT,21.0,PERSONAL,B,8000,9.99,0.15,N,14,0
54434,30,40000,RENT,4.0,VENTURE,B,4000,10.37,0.1,N,6,0
54435,22,80000,RENT,6.0,VENTURE,B,23750,10.99,0.3,N,2,0
54436,33,75000,MORTGAGE,0.0,HOMEIMPROVEMENT,B,10000,10.59,0.13,N,8,0
54437,33,60000,MORTGAGE,17.0,EDUCATION,A,6000,7.66,0.1,N,5,0
54438,27,92004,RENT,11.0,VENTURE,B,3000,10.38,0.03,N,6,0
54439,30,96000,MORTGAGE,8.0,HOMEIMPROVEMENT,A,5000,5.42,0.05,N,8,0
54440,24,37000,OWN,8.0,PERSONAL,A,8500,7.49,0.23,N,4,0
54441,27,48000,RENT,11.0,VENTURE,D,7500,15.95,0.16,N,7,0
54442,31,72000,RENT,0.0,MEDICAL,B,5000,9.25,0.07,N,5,0
54443,29,46800,MORTGAGE,4.0,MEDICAL,A,5000,8.59,0.11,N,9,0
54444,21,42000,RENT,4.0,MEDICAL,A,3000,7.49,0.07,N,2,0
54445,29,44991,MORTGAGE,13.0,MEDICAL,C,5000,14.72,0.11,Y,10,0
54446,22,39996,RENT,3.0,VENTURE,D,12000,16.49,0.3,Y,2,0
54447,23,36000,RENT,5.0,MEDICAL,B,10000,10.36,0.28,N,4,0
54448,23,42000,RENT,4.0,EDUCATION,A,8400,7.88,0.2,N,3,0
54449,24,95000,MORTGAGE,0.0,VENTURE,B,5000,11.71,0.05,N,3,0
54450,29,60000,RENT,4.0,DEBTCONSOLIDATION,C,2500,14.35,0.04,Y,8,0
54451,27,58000,MORTGAGE,7.0,HOMEIMPROVEMENT,A,10000,7.49,0.17,N,5,0
54452,27,76500,RENT,9.0,PERSONAL,B,15000,11.86,0.19,N,9,0
54453,30,480000,MORTGAGE,14.0,VENTURE,B,15000,11.12,0.03,N,6,0
54454,21,50000,OWN,5.0,EDUCATION,A,5000,5.42,0.1,N,2,0
54455,24,60000,MORTGAGE,8.0,MEDICAL,B,5000,11.83,0.08,N,2,0
54456,23,130000,RENT,7.0,VENTURE,B,28000,11.11,0.21,N,3,0
54457,24,60000,MORTGAGE,8.0,DEBTCONSOLIDATION,A,7500,6.62,0.13,N,4,0
54458,22,42000,MORTGAGE,6.0,EDUCATION,A,14575,6.62,0.35,N,4,0
54459,24,100000,MORTGAGE,8.0,DEBTCONSOLIDATION,B,6000,11.99,0.06,N,4,0
54460,33,25000,RENT,0.0,VENTURE,A,6000,6.99,0.24,N,8,0
54461,22,29570,RENT,4.0,DEBTCONSOLIDATION,C,3000,12.99,0.1,Y,4,0
54462,22,77500,MORTGAGE,6.0,VENTURE,B,9000,11.71,0.12,N,2,0
54463,28,36000,RENT,3.0,VENTURE,C,18500,11.78,0.49,N,10,1
54464,29,96000,MORTGAGE,1.0,DEBTCONSOLIDATION,A,15000,7.88,0.16,N,8,0
54465,26,84191,MORTGAGE,5.0,PERSONAL,A,9000,6.62,0.11,N,9,0
54466,24,65000,MORTGAGE,0.0,VENTURE,B,13225,12.42,0.2,N,2,0
54467,27,50000,RENT,5.0,MEDICAL,B,8000,12.42,0.16,N,7,0
54468,23,67000,RENT,2.0,VENTURE,B,25000,9.76,0.37,N,4,1
54469,23,34800,RENT,6.0,MEDICAL,D,5000,16.49,0.14,N,3,1
54470,23,75000,RENT,7.0,DEBTCONSOLIDATION,B,5000,11.71,0.07,N,2,0
54471,28,53000,RENT,12.0,VENTURE,A,10000,7.51,0.19,N,7,0
54472,24,47928,RENT,1.0,MEDICAL,C,6000,13.47,0.13,N,4,0
54473,25,42000,RENT,1.0,HOMEIMPROVEMENT,E,10000,15.57,0.24,N,3,1
54474,33,50000,RENT,5.0,MEDICAL,B,10000,9.99,0.2,N,5,0
54475,27,70000,RENT,11.0,PERSONAL,B,17000,9.88,0.24,N,7,0
54476,23,60000,MORTGAGE,0.0,EDUCATION,C,4200,12.61,0.07,Y,2,0
54477,27,39000,MORTGAGE,0.0,HOMEIMPROVEMENT,A,10000,7.51,0.26,N,5,0
54478,25,64000,RENT,6.0,DEBTCONSOLIDATION,C,15000,15.27,0.23,N,4,1
54479,24,42000,RENT,1.0,MEDICAL,B,16200,9.99,0.38,N,2,1
54480,22,32000,RENT,6.0,VENTURE,B,15000,11.49,0.47,N,3,1
54481,24,108000,RENT,1.0,EDUCATION,D,25000,15.05,0.23,N,2,1
54482,22,100000,MORTGAGE,1.0,EDUCATION,B,20000,11.58,0.2,N,3,0
54483,47,54000,RENT,22.0,PERSONAL,B,12000,10.99,0.22,N,14,0
54484,25,32000,RENT,3.0,EDUCATION,A,8000,5.99,0.25,N,2,0
54485,28,85000,RENT,1.0,PERSONAL,B,25000,12.42,0.28,Y,7,0
54486,26,90000,RENT,0.0,EDUCATION,B,7500,10.71,0.08,N,3,0
54487,22,54000,RENT,4.0,EDUCATION,B,17625,12.42,0.34,N,4,1
54488,23,42000,RENT,7.0,PERSONAL,D,7600,16.29,0.18,N,3,0
54489,24,36000,RENT,2.0,MEDICAL,C,10000,13.06,0.28,N,2,0
54490,25,37500,OWN,6.0,HOMEIMPROVEMENT,F,5000,19.79,0.13,Y,3,0
54491,31,60000,MORTGAGE,15.0,PERSONAL,B,10000,9.91,0.17,N,7,0
54492,28,36000,RENT,7.0,MEDICAL,C,8000,12.68,0.22,N,9,0
54493,24,100000,MORTGAGE,5.0,VENTURE,B,12000,12.18,0.12,N,4,0
54494,23,50000,RENT,3.0,VENTURE,B,5000,10.36,0.1,N,2,0
54495,28,125000,RENT,1.0,EDUCATION,A,12000,7.9,0.1,N,8,0
54496,23,70000,MORTGAGE,0.0,EDUCATION,A,15000,7.88,0.21,N,4,0
54497,29,39600,MORTGAGE,9.0,MEDICAL,B,3500,11.49,0.09,N,6,1
54498,23,48000,MORTGAGE,7.0,EDUCATION,B,7000,10.99,0.15,N,3,0
54499,31,42000,RENT,1.0,MEDICAL,B,2500,10.99,0.06,N,5,0
54500,25,48000,RENT,9.0,PERSONAL,A,1800,7.29,0.04,N,3,0
54501,23,60000,RENT,7.0,EDUCATION,B,17000,11.99,0.28,N,3,0
54502,25,36000,MORTGAGE,8.0,PERSONAL,A,3600,7.49,0.1,N,3,0
54503,23,50000,MORTGAGE,7.0,EDUCATION,C,2500,14.27,0.05,Y,3,0
54504,23,75000,RENT,0.0,EDUCATION,A,4400,7.29,0.06,N,4,0
54505,31,70000,RENT,4.0,MEDICAL,B,8000,11.12,0.11,N,6,0
54506,22,55000,MORTGAGE,6.0,EDUCATION,A,9600,7.14,0.17,N,2,0
54507,28,44000,OWN,4.0,EDUCATION,C,4000,13.48,0.09,Y,10,0
54508,28,48500,RENT,7.0,MEDICAL,B,6000,10.65,0.12,N,5,0
54509,25,66000,MORTGAGE,9.0,DEBTCONSOLIDATION,D,25000,14.83,0.38,N,4,1
54510,31,74100,MORTGAGE,15.0,MEDICAL,C,4000,13.61,0.05,N,9,0
54511,27,65000,MORTGAGE,11.0,HOMEIMPROVEMENT,B,4000,11.12,0.06,N,7,0
54512,27,130000,MORTGAGE,3.0,PERSONAL,A,5000,7.68,0.04,N,7,0
54513,34,60000,RENT,0.0,DEBTCONSOLIDATION,C,5000,14.35,0.08,N,7,0
54514,25,70000,OWN,9.0,EDUCATION,B,12000,12.18,0.17,N,4,0
54515,25,72000,RENT,9.0,VENTURE,B,8000,11.36,0.11,N,4,0
54516,34,225000,MORTGAGE,4.0,PERSONAL,B,14000,11.14,0.06,N,10,0
54517,24,95000,RENT,8.0,HOMEIMPROVEMENT,C,12000,13.49,0.13,Y,4,0
54518,21,55000,RENT,6.0,EDUCATION,A,11000,7.9,0.2,N,4,0
54519,22,50000,MORTGAGE,6.0,MEDICAL,B,18000,9.88,0.36,N,4,0
54520,25,34000,RENT,1.0,PERSONAL,B,3000,11.71,0.09,N,4,0
54521,22,44000,RENT,0.0,EDUCATION,E,5000,16.35,0.11,Y,4,1
54522,26,120000,MORTGAGE,10.0,VENTURE,A,7000,7.14,0.06,N,2,0
54523,21,55000,RENT,5.0,EDUCATION,A,10000,7.51,0.18,N,4,0
54524,27,18000,RENT,2.0,MEDICAL,B,4000,10.75,0.22,N,10,1
54525,26,70000,RENT,4.0,EDUCATION,C,4000,13.98,0.06,N,2,0
54526,43,65000,MORTGAGE,3.0,PERSONAL,A,6000,7.74,0.09,N,11,0
54527,22,25000,MORTGAGE,0.0,EDUCATION,D,15000,13.67,0.06,N,4,0
54528,25,92000,MORTGAGE,9.0,VENTURE,B,24000,11.48,0.27,N,2,0
54529,29,44000,RENT,1.0,DEBTCONSOLIDATION,B,10500,9.99,0.24,N,8,1
54530,23,72000,MORTGAGE,7.0,EDUCATION,A,6000,6.99,0.08,N,4,0
54531,29,44970,MORTGAGE,0.0,PERSONAL,B,5500,10.36,0.11,N,5,0
54532,33,66996,OWN,2.0,EDUCATION,B,20000,10.62,0.3,N,9,0
54533,27,120000,MORTGAGE,1.0,PERSONAL,B,10000,11.36,0.08,N,6,0
54534,28,140000,MORTGAGE,7.0,HOMEIMPROVEMENT,C,5000,12.99,0.04,N,7,0
54535,29,60000,MORTGAGE,12.0,DEBTCONSOLIDATION,B,10000,10.37,0.17,N,10,0
54536,22,40000,RENT,2.0,EDUCATION,B,10000,10.59,0.25,N,2,0
54537,29,90000,OWN,8.0,HOMEIMPROVEMENT,C,21000,14.22,0.23,N,6,0
54538,30,94500,RENT,2.0,HOMEIMPROVEMENT,C,15000,11.91,0.17,N,8,0
54539,25,20000,RENT,5.0,MEDICAL,C,5000,13.49,0.25,Y,3,0
54540,22,87000,RENT,3.0,MEDICAL,A,9000,5.99,0.1,N,4,0
54541,32,50000,RENT,3.0,DEBTCONSOLIDATION,C,15000,13.22,0.3,N,9,0
54542,21,35000,MORTGAGE,3.0,EDUCATION,A,7000,6.62,0.2,N,3,0
54543,24,75000,RENT,1.0,PERSONAL,A,5000,8.49,0.07,N,3,0
54544,27,79000,MORTGAGE,8.0,HOMEIMPROVEMENT,A,9000,7.9,0.11,N,7,0
54545,25,60000,RENT,1.0,PERSONAL,B,5000,9.64,0.08,N,4,0
54546,31,25000,RENT,4.0,MEDICAL,A,8500,6.03,0.34,N,5,1
54547,36,40000,RENT,6.0,DEBTCONSOLIDATION,A,2000,8.07,0.05,N,14,0
54548,33,60000,RENT,4.0,VENTURE,B,10000,10.99,0.17,N,7,0
54549,23,65000,RENT,7.0,DEBTCONSOLIDATION,A,1350,7.51,0.02,N,3,0
54550,23,75000,MORTGAGE,7.0,EDUCATION,B,10000,10.0,0.13,N,4,0
54551,22,100000,MORTGAGE,4.0,PERSONAL,B,24000,10.99,0.24,N,3,0
54552,27,30000,OWN,2.0,HOMEIMPROVEMENT,A,11000,8.94,0.37,N,9,0
54553,24,60000,RENT,8.0,MEDICAL,B,10000,9.62,0.17,N,2,0
54554,24,37200,RENT,8.0,VENTURE,B,6800,10.95,0.18,N,4,0
54555,51,70000,MORTGAGE,2.0,PERSONAL,B,12000,10.2,0.17,N,30,0
54556,26,60000,MORTGAGE,10.0,HOMEIMPROVEMENT,A,10000,6.91,0.17,N,4,0
54557,42,48250,MORTGAGE,3.0,VENTURE,B,6000,10.39,0.13,N,14,0
54558,24,52000,RENT,1.0,MEDICAL,B,15000,11.86,0.29,N,2,0
54559,34,40000,RENT,7.0,DEBTCONSOLIDATION,C,12000,13.48,0.3,N,6,0
54560,26,60000,RENT,3.0,VENTURE,B,15000,11.11,0.24,N,4,0
54561,28,35000,RENT,3.0,DEBTCONSOLIDATION,A,11400,6.62,0.33,N,7,1
54562,26,70000,RENT,7.0,MEDICAL,B,12000,10.65,0.17,N,3,0
54563,33,93500,OWN,4.0,EDUCATION,A,18000,6.62,0.2,N,5,0
54564,23,75000,MORTGAGE,7.0,VENTURE,A,6500,5.42,0.09,N,3,0
54565,47,44000,RENT,21.0,DEBTCONSOLIDATION,A,12000,7.66,0.27,N,17,1
54566,22,125000,MORTGAGE,6.0,EDUCATION,A,10400,5.99,0.08,N,2,0
54567,29,80000,MORTGAGE,3.0,HOMEIMPROVEMENT,A,5000,6.91,0.06,N,6,0
54568,22,30000,OWN,1.0,MEDICAL,D,2800,16.49,0.09,Y,3,0
54569,44,60000,MORTGAGE,3.0,DEBTCONSOLIDATION,A,9000,7.88,0.15,N,15,0
54570,24,75000,MORTGAGE,7.0,HOMEIMPROVEMENT,B,16000,10.99,0.21,N,4,0
54571,22,60000,MORTGAGE,6.0,MEDICAL,A,12250,8.9,0.2,N,3,0
54572,23,40872,OWN,8.0,VENTURE,A,14000,7.51,0.34,N,3,0
54573,46,185000,MORTGAGE,15.0,VENTURE,A,10000,8.49,0.05,N,11,0
54574,33,95400,RENT,0.0,DEBTCONSOLIDATION,D,25000,14.54,0.26,N,6,1
54575,22,36000,RENT,6.0,EDUCATION,C,10000,13.61,0.28,Y,3,0
54576,24,62500,RENT,3.0,EDUCATION,A,11500,5.79,0.18,N,3,0
54577,25,57996,RENT,2.0,HOMEIMPROVEMENT,C,6000,12.98,0.1,N,4,0
54578,25,28800,MORTGAGE,2.0,DEBTCONSOLIDATION,A,4000,7.51,0.14,N,2,0
54579,23,73000,RENT,7.0,PERSONAL,C,10000,13.72,0.16,N,2,0
54580,27,70000,MORTGAGE,0.0,EDUCATION,B,8000,11.49,0.11,N,6,0
54581,30,45000,RENT,0.0,EDUCATION,C,8000,12.87,0.18,Y,7,0
54582,24,51600,RENT,8.0,DEBTCONSOLIDATION,B,4000,10.65,0.08,N,3,0
54583,24,90000,MORTGAGE,8.0,HOMEIMPROVEMENT,A,6000,7.49,0.07,N,4,0
54584,28,96000,MORTGAGE,12.0,MEDICAL,A,4000,9.32,0.04,N,5,0
54585,22,46000,RENT,2.0,VENTURE,C,4900,13.22,0.11,N,3,1
54586,30,135660,MORTGAGE,10.0,DEBTCONSOLIDATION,A,12000,8.59,0.09,N,10,0
54587,21,24000,RENT,0.0,VENTURE,B,1875,10.65,0.08,N,4,0
54588,39,72000,MORTGAGE,6.0,EDUCATION,A,20000,6.03,0.28,N,16,0
54589,24,45000,RENT,1.0,PERSONAL,B,2000,10.99,0.04,N,3,0
54590,22,95000,MORTGAGE,4.0,EDUCATION,A,15000,7.9,0.16,N,3,0
54591,30,91800,MORTGAGE,14.0,MEDICAL,B,25000,10.36,0.23,N,10,1
54592,29,56500,RENT,3.0,PERSONAL,D,9800,14.84,0.17,Y,10,0
54593,22,58800,MORTGAGE,7.0,EDUCATION,C,5000,14.27,0.09,N,2,1
54594,31,120000,RENT,8.0,HOMEIMPROVEMENT,A,10000,5.79,0.08,N,5,0
54595,22,47000,RENT,1.0,MEDICAL,C,9000,13.47,0.19,Y,2,0
54596,34,69500,RENT,0.0,HOMEIMPROVEMENT,A,1200,7.66,0.02,N,10,0
54597,27,45996,RENT,2.0,EDUCATION,E,10000,16.45,0.22,N,10,1
54598,22,25000,RENT,6.0,VENTURE,B,2000,10.99,0.08,N,4,0
54599,35,75000,MORTGAGE,9.0,PERSONAL,B,8000,11.99,0.11,N,10,0
54600,48,80000,MORTGAGE,22.0,DEBTCONSOLIDATION,A,8000,6.62,0.1,N,16,0
54601,24,24000,RENT,3.0,VENTURE,A,1500,6.91,0.06,N,4,0
54602,27,30000,RENT,4.0,EDUCATION,A,5000,7.9,0.17,N,6,0
54603,24,30000,RENT,1.0,HOMEIMPROVEMENT,C,10000,12.84,0.33,Y,4,1
54604,50,102000,MORTGAGE,4.0,HOMEIMPROVEMENT,D,10000,14.96,0.1,N,12,0
54605,22,40000,RENT,1.0,EDUCATION,A,10000,7.9,0.25,N,4,0
54606,38,126000,MORTGAGE,16.0,HOMEIMPROVEMENT,A,15000,7.49,0.12,N,17,0
54607,36,120000,MORTGAGE,1.0,VENTURE,A,10000,7.9,0.08,N,12,0
54608,25,29200,RENT,9.0,PERSONAL,A,10500,7.9,0.35,N,4,0
54609,28,56000,MORTGAGE,7.0,PERSONAL,C,10000,12.87,0.18,Y,8,0
54610,32,50000,RENT,4.0,PERSONAL,A,10000,9.32,0.2,N,10,0
54611,25,24000,RENT,3.0,VENTURE,C,3000,12.53,0.13,N,2,0
54612,33,57600,MORTGAGE,5.0,PERSONAL,A,17000,6.99,0.3,N,10,0
54613,27,33000,OWN,4.0,VENTURE,A,6000,7.9,0.18,N,6,0
54614,33,36000,RENT,1.0,EDUCATION,C,8000,12.99,0.22,Y,8,0
54615,29,38000,RENT,1.0,VENTURE,C,10000,13.49,0.26,N,9,0
54616,24,95000,MORTGAGE,5.0,PERSONAL,A,5000,7.51,0.05,N,3,0
54617,22,72000,MORTGAGE,0.0,EDUCATION,E,25000,16.4,0.35,Y,3,0
54618,24,69996,MORTGAGE,5.0,VENTURE,B,12000,11.11,0.17,N,2,0
54619,29,45000,RENT,3.0,DEBTCONSOLIDATION,D,7500,14.11,0.17,N,9,1
54620,29,70000,MORTGAGE,13.0,EDUCATION,B,15000,12.18,0.21,N,7,0
54621,21,55000,RENT,6.0,EDUCATION,C,3200,12.99,0.06,Y,2,0
54622,23,47000,MORTGAGE,5.0,EDUCATION,A,7000,7.51,0.15,N,2,0
54623,35,40000,RENT,2.0,PERSONAL,C,14000,13.11,0.35,Y,10,1
54624,26,130000,MORTGAGE,10.0,HOMEIMPROVEMENT,D,25000,15.31,0.19,Y,2,0
54625,22,100000,OTHER,3.0,EDUCATION,B,12000,9.96,0.12,N,2,0
54626,24,50000,MORTGAGE,8.0,DEBTCONSOLIDATION,B,15000,10.99,0.3,N,2,0
54627,37,92500,RENT,3.0,DEBTCONSOLIDATION,B,12000,11.49,0.13,N,16,0
54628,29,180000,MORTGAGE,9.0,HOMEIMPROVEMENT,B,15600,11.71,0.09,N,7,0
54629,28,75000,MORTGAGE,7.0,DEBTCONSOLIDATION,A,10000,7.9,0.13,N,8,0
54630,24,57223,RENT,1.0,VENTURE,B,15000,11.83,0.26,N,4,0
54631,34,109500,MORTGAGE,4.0,PERSONAL,B,19125,9.91,0.19,N,7,0
54632,23,70000,RENT,4.0,PERSONAL,B,6000,10.99,0.09,N,3,0
54633,24,60000,MORTGAGE,8.0,VENTURE,D,15000,14.96,0.25,N,4,0
54634,26,31200,RENT,3.0,MEDICAL,B,15250,11.86,0.49,N,2,1
54635,35,38000,MORTGAGE,20.0,DEBTCONSOLIDATION,B,7500,8.88,0.2,N,7,0
54636,22,30000,MORTGAGE,6.0,DEBTCONSOLIDATION,D,7750,14.59,0.26,Y,4,1
54637,30,50000,MORTGAGE,6.0,HOMEIMPROVEMENT,A,2000,7.4,0.04,N,5,0
54638,22,45600,MORTGAGE,7.0,EDUCATION,A,9000,7.51,0.19,N,2,0
54639,38,36000,MORTGAGE,2.0,VENTURE,A,5600,7.9,0.16,N,11,0
54640,30,54400,RENT,5.0,MEDICAL,D,5000,15.33,0.09,Y,10,1
54641,30,60000,RENT,3.0,PERSONAL,B,9000,11.86,0.15,N,10,0
54642,22,31200,OWN,7.0,VENTURE,A,6000,6.76,0.19,N,4,0
54643,26,48000,RENT,0.0,VENTURE,E,7500,16.4,0.16,N,4,1
54644,25,60000,RENT,9.0,MEDICAL,B,12000,10.99,0.2,N,2,0
54645,23,31000,RENT,7.0,MEDICAL,B,5000,11.36,0.16,N,2,0
54646,27,60000,RENT,3.0,VENTURE,B,7000,10.59,0.12,N,6,0
54647,22,40000,RENT,1.0,EDUCATION,A,13000,7.88,0.33,N,3,1
54648,37,50000,RENT,0.0,DEBTCONSOLIDATION,C,10000,12.84,0.2,Y,13,0
54649,39,32400,RENT,0.0,EDUCATION,D,5000,15.33,0.15,N,11,1
54650,23,78000,RENT,7.0,MEDICAL,C,8400,13.49,0.11,Y,2,0
54651,23,45000,RENT,4.0,EDUCATION,B,10000,11.86,0.22,N,4,0
54652,23,120000,MORTGAGE,2.0,EDUCATION,B,13000,10.99,0.11,N,4,0
54653,27,84000,MORTGAGE,3.0,VENTURE,B,20000,10.25,0.24,N,8,0
54654,25,44544,RENT,4.0,MEDICAL,C,3900,14.27,0.09,Y,3,0
54655,22,30000,RENT,3.0,PERSONAL,B,15000,12.21,0.5,N,4,1
54656,21,40000,MORTGAGE,5.0,MEDICAL,C,4000,13.49,0.1,N,3,0
54657,22,64000,MORTGAGE,0.0,VENTURE,A,9000,7.9,0.14,N,2,0
54658,23,56000,MORTGAGE,5.0,DEBTCONSOLIDATION,A,6000,5.99,0.11,N,2,0
54659,29,75000,MORTGAGE,1.0,MEDICAL,A,3000,7.9,0.04,N,9,0
54660,24,95000,RENT,8.0,EDUCATION,C,14000,13.92,0.15,Y,4,0
54661,22,30000,MORTGAGE,0.0,HOMEIMPROVEMENT,C,4000,11.78,0.13,N,3,1
54662,22,60000,RENT,3.0,DEBTCONSOLIDATION,B,8000,11.12,0.13,N,2,0
54663,24,145000,MORTGAGE,8.0,VENTURE,B,25000,10.75,0.17,N,3,0
54664,29,34000,RENT,0.0,MEDICAL,B,4000,9.99,0.12,N,6,0
54665,36,72000,RENT,6.0,EDUCATION,B,24000,10.99,0.33,N,17,1
54666,35,50000,MORTGAGE,0.0,DEBTCONSOLIDATION,A,5000,6.54,0.1,N,7,0
54667,38,42000,RENT,5.0,MEDICAL,A,5000,6.62,0.12,N,14,0
54668,24,69996,MORTGAGE,8.0,HOMEIMPROVEMENT,B,7500,10.99,0.11,N,3,0
54669,24,100000,RENT,0.0,DEBTCONSOLIDATION,B,12000,10.99,0.12,N,4,0
54670,41,70000,RENT,13.0,PERSONAL,D,17000,16.07,0.24,Y,15,0
54671,26,90000,MORTGAGE,10.0,EDUCATION,B,10000,12.42,0.11,N,3,0
54672,28,70000,MORTGAGE,4.0,HOMEIMPROVEMENT,A,8000,7.49,0.11,N,9,0
54673,27,140000,MORTGAGE,11.0,VENTURE,B,25000,10.99,0.18,N,8,0
54674,40,60000,MORTGAGE,2.0,DEBTCONSOLIDATION,A,7000,7.88,0.12,N,11,0
54675,23,52000,RENT,7.0,EDUCATION,C,7000,15.23,0.13,Y,3,0
54676,22,48000,MORTGAGE,6.0,EDUCATION,A,8000,6.62,0.17,N,2,0
54677,34,25000,RENT,5.0,MEDICAL,B,5000,10.59,0.2,N,9,0
54678,27,60000,MORTGAGE,2.0,MEDICAL,B,10000,10.99,0.17,N,6,0
54679,23,67000,MORTGAGE,3.0,MEDICAL,C,20000,13.57,0.3,Y,2,0
54680,22,30000,RENT,3.0,EDUCATION,B,12250,11.36,0.41,N,3,1
54681,27,132000,MORTGAGE,3.0,PERSONAL,A,10000,7.66,0.08,N,6,0
54682,30,90000,RENT,3.0,MEDICAL,A,15000,6.03,0.17,N,8,0
54683,25,60000,RENT,5.0,EDUCATION,C,7000,13.47,0.12,Y,3,0
54684,22,25200,RENT,0.0,EDUCATION,A,4000,7.88,0.16,N,2,0
54685,27,36000,MORTGAGE,3.0,DEBTCONSOLIDATION,B,8000,11.49,0.22,N,5,0
54686,24,50000,RENT,0.0,PERSONAL,A,5600,9.32,0.11,N,3,0
54687,25,75000,MORTGAGE,0.0,EDUCATION,A,6000,7.4,0.08,N,4,0
54688,23,36000,MORTGAGE,2.0,HOMEIMPROVEMENT,C,7000,13.49,0.19,Y,4,1
54689,33,115000,RENT,2.0,HOMEIMPROVEMENT,B,18000,12.69,0.16,N,10,0
54690,23,25800,RENT,6.0,EDUCATION,A,6000,7.88,0.23,N,3,0
54691,26,42000,RENT,6.0,VENTURE,D,13000,13.12,0.33,N,3,1
54692,23,96000,RENT,7.0,EDUCATION,A,7500,8.49,0.08,N,4,0
54693,23,100000,MORTGAGE,0.0,EDUCATION,A,12000,8.94,0.12,N,3,0
54694,23,42240,RENT,5.0,PERSONAL,B,12800,9.91,0.28,N,2,0
54695,23,100000,MORTGAGE,0.0,VENTURE,B,12000,9.91,0.12,N,2,0
54696,28,55000,OWN,7.0,PERSONAL,A,1000,8.59,0.01,N,8,0
54697,26,110000,MORTGAGE,10.0,HOMEIMPROVEMENT,A,6000,6.99,0.05,N,2,0
54698,25,54000,RENT,1.0,EDUCATION,A,19000,7.9,0.35,N,4,1
54699,23,65000,RENT,2.0,EDUCATION,B,15000,11.89,0.23,N,4,0
54700,24,72000,RENT,2.0,VENTURE,A,10000,7.9,0.14,N,4,0
54701,26,79000,OWN,10.0,EDUCATION,A,9000,6.76,0.11,N,4,0
54702,26,28000,RENT,1.0,DEBTCONSOLIDATION,B,11000,11.49,0.38,N,4,1
54703,33,122400,MORTGAGE,15.0,VENTURE,A,10000,7.66,0.08,N,6,0
54704,24,27000,OWN,4.0,HOMEIMPROVEMENT,A,4000,5.42,0.15,N,3,0
54705,34,40000,RENT,2.0,MEDICAL,A,4500,5.42,0.11,N,10,0
54706,27,180000,MORTGAGE,0.0,HOMEIMPROVEMENT,C,12900,13.35,0.07,Y,10,0
54707,39,90000,MORTGAGE,1.0,PERSONAL,B,3000,10.36,0.03,N,13,0
54708,28,60000,MORTGAGE,12.0,EDUCATION,C,16000,13.49,0.27,N,6,0
54709,32,38208,RENT,1.0,MEDICAL,A,6300,8.49,0.16,N,8,0
54710,27,77000,MORTGAGE,1.0,VENTURE,C,4750,12.53,0.06,N,9,0
54711,24,28800,RENT,2.0,MEDICAL,A,4200,6.03,0.15,N,4,0
54712,24,59004,OWN,0.0,MEDICAL,D,4800,16.77,0.08,N,4,1
54713,32,125000,RENT,13.0,MEDICAL,C,3000,13.98,0.02,N,9,0
54714,29,53000,MORTGAGE,5.0,DEBTCONSOLIDATION,A,5700,7.49,0.11,N,9,0
54715,22,60000,RENT,2.0,EDUCATION,A,17500,7.9,0.29,N,3,0
54716,23,30000,RENT,3.0,EDUCATION,A,4600,8.94,0.16,N,3,0
54717,36,41004,MORTGAGE,12.0,DEBTCONSOLIDATION,A,10000,7.51,0.24,N,12,0
54718,22,30000,RENT,1.0,DEBTCONSOLIDATION,D,6000,14.46,0.2,Y,3,1
54719,23,60000,RENT,4.0,EDUCATION,C,6000,12.68,0.1,Y,4,0
54720,28,50000,MORTGAGE,4.0,PERSONAL,A,7000,7.66,0.14,N,9,0
54721,41,44000,MORTGAGE,1.0,PERSONAL,C,10000,13.79,0.23,N,14,1
54722,23,72000,RENT,7.0,EDUCATION,A,10000,7.49,0.14,N,4,0
54723,22,96996,MORTGAGE,1.0,PERSONAL,B,1500,11.99,0.02,N,4,0
54724,21,65000,RENT,5.0,DEBTCONSOLIDATION,A,7200,7.29,0.11,N,3,0
54725,28,40000,MORTGAGE,12.0,DEBTCONSOLIDATION,A,12000,7.88,0.3,N,9,0
54726,25,62500,RENT,7.0,EDUCATION,B,2000,9.99,0.03,N,2,0
54727,22,55000,RENT,2.0,VENTURE,B,6000,10.75,0.11,N,4,0
54728,29,70000,MORTGAGE,13.0,PERSONAL,B,10000,9.99,0.14,N,9,0
54729,33,49000,RENT,2.0,EDUCATION,B,6000,11.99,0.12,N,8,0
54730,22,33500,RENT,4.0,EDUCATION,B,10000,11.99,0.3,N,3,0
54731,28,30000,OWN,5.0,PERSONAL,B,7000,9.99,0.23,N,7,0
54732,30,51000,MORTGAGE,14.0,PERSONAL,A,6600,6.17,0.13,N,9,0
54733,30,52000,OWN,0.0,VENTURE,B,4800,11.36,0.09,N,8,0
54734,29,20000,RENT,2.0,EDUCATION,B,3000,11.49,0.15,N,10,0
54735,34,100000,RENT,18.0,MEDICAL,B,30000,10.99,0.3,N,9,0
54736,29,60000,RENT,4.0,MEDICAL,B,15000,8.88,0.25,N,9,0
54737,28,80000,RENT,2.0,EDUCATION,A,5000,8.0,0.06,N,6,0
54738,22,75000,MORTGAGE,6.0,EDUCATION,A,6000,5.42,0.08,N,4,0
54739,42,28452,RENT,2.0,MEDICAL,B,1500,11.86,0.05,N,11,0
54740,21,36000,MORTGAGE,6.0,EDUCATION,A,8000,5.99,0.22,N,4,0
54741,25,32004,RENT,5.0,MEDICAL,C,9000,12.73,0.28,N,4,0
54742,22,99600,MORTGAGE,6.0,MEDICAL,A,5000,6.17,0.05,N,2,0
54743,26,55000,MORTGAGE,10.0,DEBTCONSOLIDATION,B,3000,9.91,0.05,N,2,0
54744,26,30000,RENT,1.0,PERSONAL,B,2000,11.36,0.07,N,4,0
54745,26,35376,OWN,10.0,MEDICAL,C,7500,12.73,0.21,Y,2,0
54746,24,59600,MORTGAGE,8.0,HOMEIMPROVEMENT,C,6000,14.65,0.1,N,3,0
54747,27,72000,RENT,3.0,VENTURE,B,5000,10.59,0.07,N,7,0
54748,32,120000,RENT,0.0,PERSONAL,D,25000,13.3,0.21,Y,9,0
54749,24,50000,RENT,1.0,VENTURE,A,4000,6.39,0.08,N,4,0
54750,24,42996,MORTGAGE,8.0,EDUCATION,B,12000,10.99,0.28,N,4,0
54751,31,95000,MORTGAGE,16.0,VENTURE,C,5000,12.68,0.05,N,7,0
54752,46,59400,MORTGAGE,7.0,MEDICAL,B,18000,10.65,0.31,N,16,0
54753,23,51000,OWN,5.0,PERSONAL,B,10400,9.99,0.2,N,2,0
54754,29,42000,RENT,1.0,DEBTCONSOLIDATION,D,8000,14.59,0.19,N,6,1
54755,22,69996,MORTGAGE,6.0,VENTURE,B,5000,12.53,0.07,N,4,0
54756,22,30000,RENT,2.0,EDUCATION,A,10000,6.92,0.33,N,4,1
54757,33,29004,OWN,0.0,MEDICAL,B,6000,10.95,0.21,N,10,0
54758,24,50000,MORTGAGE,8.0,EDUCATION,B,14000,11.99,0.28,N,4,0
54759,22,30000,RENT,1.0,MEDICAL,B,7000,11.49,0.23,N,4,0
54760,26,150000,RENT,8.0,PERSONAL,D,8000,16.02,0.05,N,2,0
54761,24,100000,RENT,6.0,EDUCATION,B,10000,10.74,0.1,N,4,0
54762,31,92004,MORTGAGE,15.0,VENTURE,B,10000,9.63,0.11,N,8,0
54763,37,35000,RENT,17.0,PERSONAL,B,8000,10.99,0.23,N,11,0
54764,26,92400,MORTGAGE,9.0,MEDICAL,A,15000,7.88,0.16,N,2,0
54765,70,55000,RENT,2.0,PERSONAL,B,3000,10.37,0.05,N,24,0
54766,23,68000,RENT,2.0,EDUCATION,C,10000,13.22,0.15,N,4,0
54767,24,55164,RENT,8.0,PERSONAL,B,20000,11.14,0.36,N,2,1
54768,21,18000,OWN,3.0,MEDICAL,C,4500,14.72,0.25,N,4,0
54769,31,150000,MORTGAGE,6.0,EDUCATION,A,12000,7.49,0.08,N,7,0
54770,46,60000,MORTGAGE,18.0,PERSONAL,A,2000,6.99,0.03,N,14,0
54771,22,9600,RENT,2.0,VENTURE,A,1000,8.0,0.1,N,4,0
54772,21,60000,MORTGAGE,5.0,EDUCATION,C,10000,13.61,0.17,N,2,0
54773,48,34000,RENT,2.0,MEDICAL,B,6000,12.69,0.18,N,14,0
54774,29,120000,MORTGAGE,9.0,PERSONAL,A,10000,7.49,0.08,N,5,0
54775,21,68000,MORTGAGE,5.0,EDUCATION,A,4200,5.42,0.06,N,3,0
54776,24,52000,RENT,1.0,EDUCATION,C,5000,13.49,0.1,N,2,0
54777,35,51000,RENT,1.0,EDUCATION,C,6400,13.47,0.13,Y,5,0
54778,48,79992,MORTGAGE,6.0,VENTURE,A,5600,9.32,0.07,N,14,0
54779,34,39996,RENT,6.0,PERSONAL,B,2000,9.63,0.05,N,7,0
54780,28,62000,MORTGAGE,11.0,EDUCATION,A,15000,6.62,0.25,N,8,0
54781,27,80000,MORTGAGE,6.0,VENTURE,A,12500,7.88,0.15,N,9,0
54782,23,50000,OWN,0.0,DEBTCONSOLIDATION,D,5600,14.96,0.11,N,3,0
54783,23,45000,RENT,6.0,PERSONAL,C,6000,13.98,0.13,N,2,0
54784,24,30000,RENT,3.0,MEDICAL,A,8000,7.29,0.26,N,3,1
54785,29,78000,RENT,5.0,VENTURE,C,20000,13.85,0.26,Y,10,0
54786,28,60000,MORTGAGE,11.0,MEDICAL,B,5000,10.99,0.08,N,5,1
54787,29,140000,MORTGAGE,14.0,DEBTCONSOLIDATION,B,18000,12.21,0.13,N,7,0
54788,23,59000,RENT,7.0,HOMEIMPROVEMENT,C,3600,13.98,0.06,Y,4,1
54789,30,90000,RENT,7.0,EDUCATION,C,20000,15.96,0.22,N,8,0
54790,23,90000,RENT,1.0,VENTURE,B,12000,11.49,0.13,N,2,0
54791,54,50000,RENT,0.0,PERSONAL,A,4000,7.74,0.08,N,22,0
54792,26,54000,RENT,10.0,HOMEIMPROVEMENT,A,12800,5.42,0.24,N,3,0
54793,22,55000,RENT,1.0,DEBTCONSOLIDATION,B,3850,11.83,0.07,N,2,0
54794,22,36000,MORTGAGE,0.0,VENTURE,B,4000,12.21,0.11,N,2,0
54795,23,69996,RENT,7.0,DEBTCONSOLIDATION,A,10000,9.63,0.14,N,4,0
54796,21,36000,RENT,0.0,MEDICAL,C,4500,13.99,0.13,N,3,1
54797,27,95000,MORTGAGE,11.0,VENTURE,B,20000,11.83,0.21,N,9,0
54798,25,85000,MORTGAGE,6.0,VENTURE,B,18000,10.0,0.21,N,4,0
54799,26,90000,MORTGAGE,0.0,PERSONAL,A,12000,6.92,0.13,N,4,0
54800,29,18000,MORTGAGE,3.0,MEDICAL,C,3250,12.84,0.17,Y,7,0
54801,21,55260,RENT,4.0,EDUCATION,A,5000,7.49,0.09,N,3,0
54802,33,42000,RENT,3.0,MEDICAL,A,1500,9.63,0.04,N,5,0
54803,41,143000,MORTGAGE,5.0,HOMEIMPROVEMENT,A,25000,7.9,0.17,N,12,0
54804,23,33448,RENT,2.0,VENTURE,C,1900,11.66,0.05,N,3,1
54805,27,97600,MORTGAGE,7.0,MEDICAL,B,10000,9.63,0.1,N,6,0
54806,41,78996,MORTGAGE,25.0,HOMEIMPROVEMENT,B,9000,12.18,0.11,N,17,1
54807,32,120000,MORTGAGE,9.0,VENTURE,B,20000,9.99,0.17,N,5,0
54808,37,45000,RENT,0.0,MEDICAL,A,10000,6.62,0.22,N,11,0
54809,22,24000,RENT,1.0,PERSONAL,B,5500,10.99,0.22,N,4,0
54810,23,144000,RENT,4.0,EDUCATION,A,10000,7.49,0.07,N,4,0
54811,22,36000,MORTGAGE,6.0,PERSONAL,A,10000,6.91,0.28,N,2,0
54812,30,125000,MORTGAGE,14.0,MEDICAL,C,14400,13.85,0.12,N,5,0
54813,26,36000,RENT,3.0,MEDICAL,B,6000,11.99,0.17,N,2,0
54814,34,105000,MORTGAGE,2.0,VENTURE,B,15000,10.25,0.14,N,7,0
54815,35,90000,MORTGAGE,4.0,VENTURE,B,5325,11.99,0.06,N,8,0
54816,35,62400,RENT,5.0,DEBTCONSOLIDATION,A,4000,7.9,0.06,N,7,0
54817,25,32000,MORTGAGE,7.0,HOMEIMPROVEMENT,A,10000,6.99,0.31,N,3,0
54818,24,36000,RENT,5.0,MEDICAL,C,4000,13.49,0.11,N,2,0
54819,21,40000,RENT,3.0,MEDICAL,A,8600,7.66,0.21,N,2,0
54820,28,140000,RENT,3.0,HOMEIMPROVEMENT,C,15000,12.87,0.1,Y,10,0
54821,23,53500,RENT,1.0,EDUCATION,C,8000,12.53,0.15,N,4,0
54822,22,60000,MORTGAGE,3.0,PERSONAL,A,7000,7.51,0.12,N,3,0
54823,53,36000,RENT,5.0,VENTURE,A,5000,7.49,0.14,N,23,0
54824,22,60000,RENT,6.0,VENTURE,A,6000,7.9,0.1,N,4,0
54825,25,123996,MORTGAGE,9.0,MEDICAL,B,5000,10.99,0.04,N,2,0
54826,25,50000,MORTGAGE,9.0,VENTURE,B,5000,10.99,0.1,N,2,0
54827,26,75000,RENT,0.0,MEDICAL,A,8000,7.14,0.11,N,3,0
54828,39,78000,MORTGAGE,8.0,VENTURE,A,5000,6.92,0.06,N,12,0
54829,29,68000,RENT,3.0,EDUCATION,B,10000,10.65,0.15,N,7,0
54830,29,30000,RENT,2.0,EDUCATION,C,5000,15.27,0.17,N,7,1
54831,28,36000,RENT,5.0,MEDICAL,B,3000,12.42,0.08,N,5,0
54832,24,41000,RENT,3.0,VENTURE,A,5000,9.32,0.12,N,3,0
54833,40,90000,MORTGAGE,12.0,VENTURE,A,8000,7.66,0.09,N,14,0
54834,33,66500,MORTGAGE,2.0,DEBTCONSOLIDATION,A,10000,7.88,0.15,N,6,0
54835,32,78000,RENT,2.0,VENTURE,E,25000,18.64,0.32,Y,7,1
54836,31,60000,RENT,2.0,DEBTCONSOLIDATION,C,12000,13.98,0.2,N,8,0
54837,22,60000,RENT,0.0,DEBTCONSOLIDATION,B,15000,11.83,0.25,N,4,0
54838,23,45000,RENT,1.0,EDUCATION,A,7000,9.63,0.16,N,4,0
54839,21,55272,MORTGAGE,0.0,EDUCATION,A,5200,5.42,0.09,N,4,0
54840,27,68000,MORTGAGE,9.0,PERSONAL,A,5000,7.14,0.07,N,10,0
54841,24,40000,RENT,1.0,MEDICAL,A,9600,7.49,0.24,N,3,0
54842,28,60000,MORTGAGE,0.0,EDUCATION,A,4000,7.9,0.07,N,7,0
54843,28,34000,RENT,1.0,VENTURE,C,7000,12.98,0.21,Y,8,1
54844,23,27996,RENT,0.0,HOMEIMPROVEMENT,D,2200,15.95,0.08,Y,4,1
54845,36,58000,MORTGAGE,3.0,HOMEIMPROVEMENT,B,8000,10.37,0.14,N,11,0
54846,31,50000,RENT,0.0,DEBTCONSOLIDATION,C,10000,13.06,0.2,Y,5,0
54847,31,74000,RENT,1.0,PERSONAL,B,25000,11.11,0.34,N,5,1
54848,24,72000,OWN,1.0,PERSONAL,D,15000,15.31,0.21,N,3,0
54849,27,50000,MORTGAGE,3.0,HOMEIMPROVEMENT,A,4000,7.14,0.08,N,10,0
54850,27,86000,RENT,2.0,HOMEIMPROVEMENT,E,5000,16.0,0.06,N,5,1
54851,25,37000,RENT,2.0,PERSONAL,A,6000,8.9,0.16,N,2,0
54852,23,37000,RENT,3.0,PERSONAL,B,3000,11.71,0.08,N,3,0
54853,22,30000,RENT,0.0,VENTURE,C,10000,13.79,0.33,N,2,1
54854,34,80000,MORTGAGE,5.0,MEDICAL,A,12000,7.14,0.15,N,10,0
54855,35,36960,RENT,8.0,PERSONAL,D,18000,14.61,0.04,N,10,0
54856,21,80400,RENT,5.0,PERSONAL,B,13600,9.88,0.17,N,4,0
54857,26,28000,RENT,0.0,MEDICAL,C,7500,11.34,0.29,Y,3,0
54858,25,50000,RENT,1.0,HOMEIMPROVEMENT,B,15000,11.48,0.3,N,3,0
54859,27,60000,OWN,11.0,EDUCATION,C,20000,12.84,0.33,N,5,0
54860,23,50000,RENT,2.0,EDUCATION,A,4000,7.66,0.08,N,3,0
54861,28,56400,RENT,3.0,HOMEIMPROVEMENT,C,2400,13.98,0.04,N,5,1
54862,22,40000,RENT,3.0,EDUCATION,C,5000,12.87,0.13,Y,4,0
54863,36,43000,RENT,2.0,MEDICAL,C,1200,14.26,0.03,N,11,0
54864,26,78000,MORTGAGE,4.0,VENTURE,C,17000,13.16,0.22,Y,2,0
54865,30,105000,MORTGAGE,8.0,PERSONAL,A,7200,9.63,0.07,N,8,0
54866,31,72000,MORTGAGE,8.0,VENTURE,A,9800,7.29,0.14,N,8,0
54867,28,65000,RENT,12.0,HOMEIMPROVEMENT,B,20000,10.74,0.31,N,5,1
54868,25,66000,RENT,1.0,DEBTCONSOLIDATION,D,25000,14.83,0.38,N,3,1
54869,26,90000,MORTGAGE,10.0,PERSONAL,B,6000,11.71,0.07,N,2,0
54870,26,110000,MORTGAGE,6.0,PERSONAL,A,9000,5.99,0.08,N,3,0
54871,23,65000,MORTGAGE,0.0,VENTURE,A,4000,6.92,0.06,N,4,0
54872,22,45000,RENT,0.0,DEBTCONSOLIDATION,B,10000,10.37,0.22,N,3,0
54873,22,35000,MORTGAGE,3.0,MEDICAL,C,5200,11.03,0.15,N,3,0
54874,26,55000,RENT,2.0,PERSONAL,A,6000,7.88,0.11,N,4,0
54875,29,92000,MORTGAGE,3.0,VENTURE,B,25000,11.89,0.27,N,9,0
54876,34,110000,MORTGAGE,16.0,HOMEIMPROVEMENT,B,10000,12.18,0.09,N,5,0
54877,25,68500,MORTGAGE,9.0,MEDICAL,A,8000,7.29,0.12,N,2,0
54878,24,28800,RENT,4.0,EDUCATION,A,6500,7.51,0.23,N,2,0
54879,28,65000,OWN,6.0,EDUCATION,A,15000,7.49,0.23,N,8,0
54880,27,89000,RENT,8.0,DEBTCONSOLIDATION,A,10000,7.49,0.11,N,10,0
54881,28,40000,MORTGAGE,2.0,EDUCATION,A,4000,5.99,0.1,N,7,0
54882,23,90000,OTHER,0.0,VENTURE,B,16000,11.26,0.18,N,2,0
54883,45,49800,MORTGAGE,13.0,HOMEIMPROVEMENT,A,2400,6.99,0.05,N,12,0
54884,26,48000,OWN,10.0,PERSONAL,A,5000,6.17,0.1,N,4,0
54885,32,80000,MORTGAGE,13.0,DEBTCONSOLIDATION,A,1500,5.99,0.02,N,10,0
54886,28,60000,MORTGAGE,12.0,PERSONAL,A,10000,5.42,0.17,N,8,0
54887,33,40000,RENT,0.0,MEDICAL,B,10000,12.18,0.25,N,7,1
54888,31,76500,RENT,1.0,VENTURE,B,9000,10.65,0.11,N,9,0
54889,24,100000,RENT,3.0,EDUCATION,B,25000,9.91,0.25,N,2,0
54890,27,58979,RENT,3.0,DEBTCONSOLIDATION,A,4000,5.42,0.07,N,9,0
54891,29,28800,RENT,1.0,PERSONAL,A,6000,7.49,0.21,N,6,0
54892,27,48000,RENT,11.0,VENTURE,B,1800,10.65,0.04,N,5,0
54893,30,110000,MORTGAGE,5.0,VENTURE,C,8000,13.43,0.07,Y,10,0
54894,37,36000,RENT,3.0,DEBTCONSOLIDATION,A,8000,5.99,0.22,N,17,0
54895,22,50000,RENT,1.0,EDUCATION,C,10000,13.47,0.2,Y,4,0
54896,27,90000,MORTGAGE,11.0,VENTURE,B,12000,11.71,0.13,N,8,0
54897,26,50000,MORTGAGE,10.0,DEBTCONSOLIDATION,B,7500,10.99,0.15,N,3,0
54898,21,38000,RENT,5.0,PERSONAL,D,3000,15.58,0.08,N,2,0
54899,27,36000,RENT,0.0,MEDICAL,A,10000,7.88,0.28,N,8,0
54900,42,69996,MORTGAGE,12.0,HOMEIMPROVEMENT,A,3500,6.39,0.05,N,12,0
54901,22,39996,RENT,2.0,EDUCATION,D,1500,16.77,0.04,N,3,1
54902,23,35000,OWN,7.0,VENTURE,A,5000,7.14,0.14,N,2,0
54903,24,52176,OWN,5.0,VENTURE,C,7800,14.27,0.15,Y,3,0
54904,44,42000,RENT,2.0,MEDICAL,B,15000,9.99,0.36,N,15,1
54905,42,155000,RENT,6.0,PERSONAL,B,12000,10.37,0.08,N,15,0
54906,28,45000,RENT,0.0,PERSONAL,C,10000,14.26,0.22,Y,6,0
54907,24,36800,RENT,3.0,DEBTCONSOLIDATION,B,6400,10.71,0.17,N,2,0
54908,24,90000,RENT,8.0,HOMEIMPROVEMENT,C,16000,13.06,0.18,N,2,0
54909,27,50000,MORTGAGE,4.0,EDUCATION,C,6000,13.99,0.12,Y,7,0
54910,42,140000,MORTGAGE,14.0,HOMEIMPROVEMENT,B,25000,10.36,0.18,N,13,0
54911,25,72000,MORTGAGE,9.0,MEDICAL,A,8000,7.88,0.11,N,3,0
54912,22,52769,RENT,4.0,PERSONAL,A,11000,7.9,0.21,N,2,0
54913,28,60000,MORTGAGE,11.0,MEDICAL,C,5000,12.99,0.08,Y,5,0
54914,43,24000,RENT,0.0,MEDICAL,B,6200,9.62,0.25,N,16,0
54915,32,50000,RENT,2.0,PERSONAL,C,4000,12.73,0.08,N,9,0
54916,30,40000,MORTGAGE,5.0,PERSONAL,B,18000,11.49,0.45,N,6,0
54917,23,75000,MORTGAGE,5.0,VENTURE,A,16000,6.17,0.21,N,3,0
54918,23,46000,RENT,2.0,MEDICAL,E,17500,17.56,0.36,Y,2,1
54919,27,60000,RENT,0.0,PERSONAL,D,12000,15.65,0.2,Y,5,1
54920,41,30000,RENT,20.0,MEDICAL,D,3000,17.49,0.1,N,12,1
54921,30,150000,MORTGAGE,9.0,PERSONAL,C,14000,12.84,0.09,Y,5,0
54922,24,86400,MORTGAGE,2.0,MEDICAL,A,14000,6.91,0.16,N,2,0
54923,27,120000,MORTGAGE,11.0,HOMEIMPROVEMENT,A,13000,6.92,0.11,N,7,0
54924,22,39996,RENT,2.0,DEBTCONSOLIDATION,B,10000,10.99,0.25,N,3,0
54925,32,38400,RENT,0.0,DEBTCONSOLIDATION,C,3000,13.99,0.08,Y,7,0
54926,33,63000,MORTGAGE,6.0,DEBTCONSOLIDATION,B,10000,10.59,0.16,N,10,0
54927,25,75000,OTHER,2.0,VENTURE,D,11250,14.61,0.15,Y,2,0
54928,26,102000,MORTGAGE,10.0,MEDICAL,B,7500,11.99,0.07,N,4,0
54929,24,52000,MORTGAGE,8.0,PERSONAL,D,12250,15.31,0.24,Y,2,1
54930,31,53000,RENT,6.0,HOMEIMPROVEMENT,A,5000,6.03,0.09,N,9,0
54931,24,24000,RENT,5.0,MEDICAL,B,6000,11.83,0.25,N,4,0
54932,29,65000,MORTGAGE,4.0,EDUCATION,C,13000,13.57,0.2,Y,7,0
54933,23,38000,OWN,0.0,VENTURE,A,7000,5.79,0.18,N,4,0
54934,27,68000,MORTGAGE,11.0,VENTURE,A,14500,7.51,0.22,N,9,0
54935,38,175000,MORTGAGE,6.0,HOMEIMPROVEMENT,B,15000,9.76,0.09,N,17,0
54936,25,108000,MORTGAGE,9.0,VENTURE,A,10000,7.14,0.09,N,4,1
54937,23,48000,MORTGAGE,7.0,VENTURE,B,10000,11.71,0.21,N,3,0
54938,25,60000,MORTGAGE,4.0,VENTURE,C,15000,14.65,0.25,N,4,0
54939,23,35000,MORTGAGE,5.0,PERSONAL,A,9000,7.9,0.25,N,4,1
54940,29,65000,MORTGAGE,3.0,PERSONAL,B,15000,10.99,0.23,N,6,0
54941,25,32000,RENT,4.0,MEDICAL,D,10000,16.77,0.32,N,4,1
54942,23,48000,RENT,0.0,DEBTCONSOLIDATION,C,4000,13.85,0.08,N,2,1
54943,24,48000,MORTGAGE,5.0,MEDICAL,A,1800,7.14,0.03,N,4,0
54944,24,54000,MORTGAGE,2.0,EDUCATION,D,4000,16.29,0.07,Y,3,1
54945,28,33996,RENT,0.0,MEDICAL,C,1500,14.35,0.04,Y,5,1
54946,25,83400,MORTGAGE,2.0,EDUCATION,C,10000,13.11,0.12,N,2,0
54947,23,30000,RENT,0.0,DEBTCONSOLIDATION,B,3000,11.83,0.1,N,4,0
54948,32,75000,OWN,3.0,HOMEIMPROVEMENT,B,12000,10.38,0.16,N,10,0
54949,38,70000,MORTGAGE,2.0,DEBTCONSOLIDATION,B,6000,11.14,0.09,N,11,0
54950,23,60000,RENT,6.0,EDUCATION,C,15000,12.99,0.25,Y,3,0
54951,33,75000,RENT,2.0,MEDICAL,B,15000,11.99,0.2,N,7,0
54952,39,145000,MORTGAGE,3.0,PERSONAL,B,20000,11.11,0.14,N,11,0
54953,23,70000,RENT,0.0,VENTURE,A,8000,6.54,0.11,N,2,0
54954,25,60000,MORTGAGE,9.0,DEBTCONSOLIDATION,A,6500,7.14,0.11,N,2,0
54955,27,80000,MORTGAGE,11.0,MEDICAL,B,12000,11.49,0.15,N,5,0
54956,29,52000,RENT,4.0,HOMEIMPROVEMENT,B,8000,10.65,0.15,N,9,0
54957,28,24000,RENT,5.0,MEDICAL,D,10000,16.77,0.42,Y,7,1
54958,23,32000,RENT,0.0,MEDICAL,A,8400,7.88,0.26,N,3,0
54959,28,100000,MORTGAGE,12.0,VENTURE,D,5000,15.62,0.05,Y,8,0
54960,27,75000,MORTGAGE,7.0,HOMEIMPROVEMENT,A,6000,7.51,0.08,N,6,0
54961,34,125000,RENT,0.0,EDUCATION,A,8000,7.14,0.06,N,7,0
54962,25,120579,MORTGAGE,9.0,PERSONAL,A,30000,7.49,0.25,N,3,0
54963,25,32000,MORTGAGE,9.0,VENTURE,B,8400,10.99,0.26,N,4,0
54964,36,72000,MORTGAGE,3.0,DEBTCONSOLIDATION,C,30000,14.26,0.43,N,12,1
54965,46,30000,RENT,5.0,VENTURE,A,6000,6.99,0.2,N,14,0
54966,27,50000,RENT,1.0,DEBTCONSOLIDATION,C,8000,13.98,0.16,N,9,0
54967,23,55000,RENT,7.0,MEDICAL,C,18000,13.16,0.32,Y,2,1
54968,24,82500,MORTGAGE,8.0,VENTURE,A,14400,9.32,0.17,N,4,0
54969,32,130000,MORTGAGE,0.0,MEDICAL,A,13000,8.59,0.1,N,9,0
54970,23,45000,RENT,6.0,MEDICAL,C,15000,14.27,0.33,N,3,1
54971,38,36000,RENT,3.0,PERSONAL,B,6000,9.99,0.17,N,16,0
54972,22,30000,RENT,6.0,EDUCATION,B,2000,11.36,0.07,N,2,0
54973,28,135000,MORTGAGE,6.0,VENTURE,A,12000,7.51,0.09,N,7,0
54974,25,30000,RENT,0.0,MEDICAL,B,2500,11.14,0.08,N,2,0
54975,31,74064,RENT,5.0,DEBTCONSOLIDATION,B,22000,10.59,0.3,N,9,0
54976,27,60000,RENT,0.0,DEBTCONSOLIDATION,C,12000,13.49,0.2,Y,7,0
54977,49,120000,RENT,11.0,EDUCATION,B,12000,12.69,0.1,N,15,0
54978,23,66000,RENT,7.0,MEDICAL,B,14000,9.99,0.21,N,3,0
54979,24,45000,MORTGAGE,7.0,MEDICAL,B,9000,12.21,0.2,N,4,0
54980,22,69000,RENT,0.0,VENTURE,D,3775,18.25,0.59,N,4,1
54981,29,85000,MORTGAGE,10.0,MEDICAL,A,14000,6.62,0.16,N,8,0
54982,28,38000,MORTGAGE,12.0,HOMEIMPROVEMENT,B,10000,10.75,0.26,N,7,0
54983,48,85000,RENT,4.0,EDUCATION,E,8000,17.14,0.09,N,12,0
54984,27,67200,MORTGAGE,2.0,HOMEIMPROVEMENT,A,5000,6.03,0.07,N,10,0
54985,22,35000,RENT,7.0,EDUCATION,B,2500,9.99,0.07,N,2,0
54986,25,60000,RENT,3.0,DEBTCONSOLIDATION,A,12000,7.49,0.2,N,2,0
54987,25,18204,RENT,0.0,DEBTCONSOLIDATION,C,4500,13.61,0.25,N,2,1
54988,40,33280,RENT,0.0,DEBTCONSOLIDATION,B,11200,12.21,0.34,N,15,1
54989,26,80000,MORTGAGE,4.0,DEBTCONSOLIDATION,C,3000,13.49,0.04,N,2,0
54990,23,12000,RENT,1.0,PERSONAL,B,4000,10.99,0.33,N,4,1
54991,25,54500,RENT,5.0,DEBTCONSOLIDATION,C,4500,14.65,0.08,Y,2,0
54992,23,70000,RENT,7.0,MEDICAL,A,6000,6.91,0.09,N,3,0
54993,27,141000,MORTGAGE,11.0,VENTURE,C,10000,13.49,0.07,N,9,0
54994,31,24000,RENT,6.0,DEBTCONSOLIDATION,C,3000,14.27,0.13,N,9,0
54995,38,50000,RENT,1.0,DEBTCONSOLIDATION,B,8400,9.91,0.17,N,13,0
54996,28,200000,MORTGAGE,12.0,VENTURE,B,35000,12.69,0.17,N,5,0
54997,23,36000,OWN,2.0,HOMEIMPROVEMENT,A,5000,7.88,0.14,N,3,1
54998,24,72000,MORTGAGE,5.0,PERSONAL,E,4000,19.69,0.06,Y,2,0
54999,23,70000,MORTGAGE,7.0,VENTURE,B,4000,10.99,0.06,N,4,0
55000,23,70000,MORTGAGE,0.0,PERSONAL,B,5000,11.86,0.07,N,2,0
55001,54,100000,MORTGAGE,11.0,PERSONAL,A,6000,7.68,0.06,N,20,0
55002,56,54538,MORTGAGE,4.0,HOMEIMPROVEMENT,A,20000,7.51,0.37,N,27,0
55003,24,37000,RENT,3.0,VENTURE,B,4800,10.37,0.13,N,3,0
55004,41,35000,OWN,5.0,VENTURE,C,10000,12.98,0.29,Y,12,0
55005,42,90000,MORTGAGE,13.0,HOMEIMPROVEMENT,B,9600,10.74,0.11,N,11,0
55006,24,95004,MORTGAGE,8.0,VENTURE,A,10000,7.51,0.11,N,3,0
55007,23,34000,RENT,1.0,VENTURE,D,5000,14.54,0.15,N,4,1
55008,22,54000,RENT,2.0,EDUCATION,E,16000,16.32,0.3,N,3,1
55009,23,75000,RENT,5.0,DEBTCONSOLIDATION,B,5000,11.12,0.07,N,4,0
55010,23,40000,OWN,3.0,VENTURE,A,8000,6.62,0.2,N,4,0
55011,23,65000,MORTGAGE,3.0,VENTURE,A,10000,6.91,0.15,N,2,0
55012,29,45000,OWN,5.0,HOMEIMPROVEMENT,C,8000,13.49,0.18,N,8,0
55013,33,150000,OWN,14.0,MEDICAL,C,15000,13.49,0.1,N,10,0
55014,23,70000,MORTGAGE,7.0,VENTURE,A,4000,5.42,0.06,N,2,0
55015,33,39000,RENT,4.0,VENTURE,D,8000,15.65,0.21,Y,5,1
55016,58,78000,RENT,4.0,VENTURE,C,12000,13.06,0.15,N,27,0
55017,23,70000,RENT,0.0,VENTURE,B,10000,10.95,0.14,N,4,0
55018,25,25000,RENT,6.0,MEDICAL,B,8500,11.71,0.34,N,4,1
55019,30,88000,MORTGAGE,3.0,EDUCATION,A,3000,7.68,0.03,N,8,0
55020,27,90000,MORTGAGE,11.0,MEDICAL,B,15000,11.11,0.17,N,5,0
55021,22,45000,RENT,4.0,MEDICAL,C,3000,14.79,0.07,N,2,0
55022,28,118000,OWN,12.0,EDUCATION,D,25000,14.83,0.21,Y,8,0
55023,25,95000,RENT,6.0,VENTURE,C,7200,12.99,0.08,Y,2,0
55024,31,27000,RENT,2.0,MEDICAL,D,2925,15.95,0.11,Y,5,1
55025,28,72000,MORTGAGE,0.0,MEDICAL,B,10000,11.86,0.14,N,7,0
55026,27,44630,RENT,11.0,MEDICAL,C,10500,15.27,0.24,Y,6,1
55027,31,80000,RENT,0.0,DEBTCONSOLIDATION,C,15000,12.61,0.19,Y,5,0
55028,25,64000,RENT,6.0,HOMEIMPROVEMENT,A,4000,7.88,0.06,N,4,1
55029,23,50000,MORTGAGE,0.0,EDUCATION,A,9600,7.66,0.2,N,4,0
55030,30,50000,RENT,6.0,HOMEIMPROVEMENT,B,16000,10.37,0.32,N,5,1
55031,39,55000,RENT,0.0,MEDICAL,A,18200,7.9,0.32,N,16,1
55032,36,70000,RENT,1.0,EDUCATION,B,9500,11.71,0.14,N,15,0
55033,23,56000,MORTGAGE,3.0,MEDICAL,D,8000,14.96,0.13,Y,3,1
55034,23,91000,OWN,7.0,EDUCATION,A,10000,8.59,0.11,N,3,0
55035,28,53500,RENT,4.0,EDUCATION,B,6000,11.36,0.11,N,5,0
55036,24,125000,MORTGAGE,7.0,PERSONAL,A,24000,5.99,0.19,N,2,0
55037,26,51500,RENT,1.0,VENTURE,D,6000,16.77,0.11,N,4,1
55038,31,35000,MORTGAGE,4.0,VENTURE,A,8000,5.79,0.23,N,10,0
55039,40,50000,RENT,3.0,PERSONAL,A,6000,6.76,0.12,N,12,0
55040,23,36000,RENT,4.0,PERSONAL,D,8000,15.99,0.22,N,3,0
55041,28,75000,MORTGAGE,4.0,DEBTCONSOLIDATION,C,10000,14.27,0.13,N,8,0
55042,21,23712,MORTGAGE,5.0,MEDICAL,B,1000,11.49,0.04,N,2,0
55043,33,120000,MORTGAGE,4.0,VENTURE,B,20000,10.65,0.17,N,5,0
55044,23,36000,RENT,7.0,EDUCATION,B,5500,10.36,0.15,N,2,0
55045,22,52000,RENT,4.0,PERSONAL,B,6600,10.59,0.12,N,4,0
55046,23,45000,MORTGAGE,5.0,EDUCATION,B,3500,11.49,0.08,N,2,0
55047,23,36000,MORTGAGE,5.0,EDUCATION,B,9000,10.0,0.25,N,4,0
55048,37,28800,RENT,2.0,VENTURE,B,8400,9.91,0.3,N,12,0
55049,38,40000,RENT,3.0,EDUCATION,D,7500,14.84,0.18,Y,12,0
55050,24,50000,RENT,8.0,VENTURE,B,24000,11.71,0.4,N,4,0
55051,27,98000,MORTGAGE,6.0,DEBTCONSOLIDATION,B,10000,12.69,0.1,N,7,0
55052,30,67000,RENT,9.0,HOMEIMPROVEMENT,C,20000,13.92,0.3,N,10,0
55053,23,45000,OWN,7.0,PERSONAL,A,10000,6.62,0.22,N,2,0
55054,21,36000,RENT,0.0,PERSONAL,A,6000,7.9,0.17,N,2,0
55055,30,55000,MORTGAGE,0.0,DEBTCONSOLIDATION,B,10000,12.69,0.18,N,5,0
55056,37,34000,MORTGAGE,15.0,DEBTCONSOLIDATION,D,11500,14.91,0.35,N,16,1
55057,24,60000,MORTGAGE,7.0,PERSONAL,A,3800,8.49,0.06,N,4,0
55058,41,86000,MORTGAGE,3.0,EDUCATION,A,10000,7.66,0.12,N,15,0
55059,22,75000,MORTGAGE,6.0,DEBTCONSOLIDATION,B,12000,10.99,0.16,N,2,0
55060,24,31000,RENT,7.0,MEDICAL,D,8000,14.11,0.26,N,4,1
55061,30,130000,MORTGAGE,3.0,VENTURE,B,24250,10.62,0.19,N,6,0
55062,25,120000,MORTGAGE,3.0,DEBTCONSOLIDATION,C,6000,11.03,0.05,N,3,0
55063,22,50000,MORTGAGE,0.0,EDUCATION,A,6500,7.29,0.13,N,3,0
55064,24,80000,MORTGAGE,4.0,VENTURE,A,4000,7.4,0.05,N,2,0
55065,36,88000,MORTGAGE,3.0,EDUCATION,A,10000,5.42,0.11,N,17,0
55066,21,35000,RENT,0.0,PERSONAL,C,5000,13.23,0.14,Y,4,0
55067,22,52000,MORTGAGE,6.0,DEBTCONSOLIDATION,A,7000,7.14,0.13,N,4,0
55068,37,24000,RENT,0.0,EDUCATION,B,4000,11.11,0.17,N,15,0
55069,23,83004,MORTGAGE,7.0,PERSONAL,A,4000,7.51,0.05,N,4,0
55070,27,180000,OWN,1.0,HOMEIMPROVEMENT,A,14000,6.76,0.08,N,5,0
55071,22,85000,RENT,6.0,EDUCATION,B,7500,10.08,0.09,N,3,0
55072,38,110000,MORTGAGE,0.0,MEDICAL,B,23750,10.37,0.2,N,11,0
55073,24,29000,RENT,1.0,DEBTCONSOLIDATION,B,10000,10.71,0.34,N,4,1
55074,25,60000,RENT,5.0,PERSONAL,A,15000,6.03,0.25,N,4,0
55075,30,60000,RENT,13.0,MEDICAL,B,3500,10.65,0.06,N,8,0
55076,32,80000,MORTGAGE,16.0,VENTURE,B,10000,9.99,0.13,N,10,0
55077,24,68000,MORTGAGE,1.0,EDUCATION,A,14400,8.59,0.21,N,3,0
55078,23,62000,RENT,7.0,DEBTCONSOLIDATION,B,5000,11.12,0.08,N,2,0
55079,29,110000,MORTGAGE,13.0,MEDICAL,B,13000,10.01,0.12,N,7,0
55080,24,34400,RENT,1.0,MEDICAL,B,2000,9.64,0.05,N,2,0
55081,21,75000,MORTGAGE,5.0,EDUCATION,A,20000,6.54,0.27,N,2,0
55082,30,80000,RENT,5.0,HOMEIMPROVEMENT,A,12000,7.51,0.15,N,10,0
55083,27,39000,RENT,1.0,VENTURE,C,5000,12.84,0.13,Y,5,0
55084,28,120000,MORTGAGE,1.0,VENTURE,D,12000,15.65,0.1,Y,10,0
55085,24,43000,RENT,2.0,VENTURE,A,12000,9.63,0.28,N,4,0
55086,27,42000,OWN,0.0,EDUCATION,A,3250,8.49,0.08,N,5,0
55087,23,72000,MORTGAGE,0.0,VENTURE,A,8000,7.14,0.11,N,3,0
55088,22,24000,RENT,0.0,HOMEIMPROVEMENT,C,2500,13.92,0.1,Y,3,1
55089,22,32004,RENT,1.0,DEBTCONSOLIDATION,A,5000,9.32,0.16,N,4,0
55090,25,50000,MORTGAGE,10.0,DEBTCONSOLIDATION,A,10000,7.49,0.2,N,4,0
55091,24,105996,RENT,0.0,HOMEIMPROVEMENT,A,19400,7.9,0.19,N,4,0
55092,27,55000,RENT,11.0,EDUCATION,C,3000,14.27,0.05,N,10,0
55093,25,30000,RENT,9.0,MEDICAL,B,6000,11.14,0.2,N,2,0
55094,32,125000,MORTGAGE,13.0,HOMEIMPROVEMENT,B,20000,11.83,0.16,N,7,0
55095,25,30000,RENT,3.0,DEBTCONSOLIDATION,C,11500,13.79,0.38,Y,4,1
55096,49,60000,OWN,7.0,EDUCATION,D,5000,15.99,0.08,N,13,0
55097,23,74400,RENT,3.0,VENTURE,B,3500,10.28,0.05,N,2,0
55098,25,40000,RENT,3.0,DEBTCONSOLIDATION,C,7000,13.22,0.17,Y,4,1
55099,25,60000,MORTGAGE,3.0,HOMEIMPROVEMENT,A,12000,5.99,0.2,N,2,0
55100,33,45000,RENT,1.0,EDUCATION,C,10000,13.16,0.22,Y,5,0
55101,24,50000,MORTGAGE,6.0,EDUCATION,A,10000,5.79,0.2,N,3,0
55102,24,40000,RENT,1.0,MEDICAL,B,10000,10.0,0.25,N,2,0
55103,25,60000,OWN,9.0,EDUCATION,C,10000,15.27,0.17,N,3,0
55104,35,54000,RENT,0.0,HOMEIMPROVEMENT,B,8000,11.11,0.15,N,9,1
55105,22,155000,MORTGAGE,6.0,MEDICAL,B,6000,10.65,0.04,N,3,0
55106,30,62000,MORTGAGE,2.0,DEBTCONSOLIDATION,B,8000,11.36,0.13,N,10,0
55107,23,40000,OWN,0.0,VENTURE,A,5000,7.68,0.13,N,4,0
55108,28,60000,RENT,12.0,HOMEIMPROVEMENT,A,6000,9.63,0.1,N,5,0
55109,29,50000,MORTGAGE,3.0,DEBTCONSOLIDATION,A,14000,7.88,0.28,N,6,0
55110,22,31200,RENT,6.0,PERSONAL,C,3500,14.35,0.11,Y,4,0
55111,36,68004,MORTGAGE,6.0,PERSONAL,B,25000,10.99,0.37,N,17,0
55112,21,24996,MORTGAGE,0.0,DEBTCONSOLIDATION,A,8000,5.99,0.32,N,3,0
55113,31,42000,OWN,15.0,EDUCATION,A,2500,5.42,0.06,N,5,0
55114,28,70000,RENT,0.0,VENTURE,B,12000,10.95,0.17,N,10,0
55115,29,70000,OWN,3.0,PERSONAL,B,6000,11.36,0.09,N,7,0
55116,27,85000,MORTGAGE,1.0,HOMEIMPROVEMENT,C,15000,14.26,0.18,N,10,0
55117,37,40000,RENT,12.0,EDUCATION,A,12000,7.51,0.3,N,15,0
55118,36,60000,MORTGAGE,2.0,VENTURE,A,3000,7.51,0.05,N,17,0
55119,25,50000,MORTGAGE,9.0,VENTURE,A,5000,7.14,0.1,N,2,0
55120,24,70000,MORTGAGE,2.0,EDUCATION,A,9000,9.63,0.13,N,2,0
55121,33,56650,MORTGAGE,2.0,PERSONAL,B,9600,11.49,0.17,N,7,0
55122,23,75000,MORTGAGE,4.0,VENTURE,B,24000,10.37,0.32,N,2,0
55123,28,60000,MORTGAGE,4.0,MEDICAL,B,11000,11.14,0.18,N,10,0
55124,31,60000,RENT,1.0,HOMEIMPROVEMENT,B,10000,11.49,0.17,N,5,0
55125,26,75000,MORTGAGE,0.0,HOMEIMPROVEMENT,A,12000,6.92,0.16,N,4,0
55126,23,50000,RENT,5.0,PERSONAL,B,10000,10.25,0.2,N,3,0
55127,23,150000,OWN,4.0,EDUCATION,D,12500,15.37,0.08,N,2,0
55128,35,60000,RENT,3.0,HOMEIMPROVEMENT,B,17500,12.42,0.29,N,8,0
55129,23,26000,RENT,1.0,DEBTCONSOLIDATION,A,8000,7.51,0.31,N,3,1
55130,25,72000,MORTGAGE,9.0,EDUCATION,B,24000,10.99,0.33,N,3,0
55131,23,91000,MORTGAGE,0.0,EDUCATION,A,1000,7.88,0.01,N,4,0
55132,21,54000,RENT,5.0,EDUCATION,D,3200,17.49,0.06,Y,4,1
55133,23,75000,RENT,7.0,EDUCATION,A,6000,7.51,0.08,N,3,0
55134,40,85000,MORTGAGE,18.0,VENTURE,B,1000,10.36,0.01,N,17,0
55135,36,84996,MORTGAGE,12.0,PERSONAL,A,3000,6.39,0.04,N,16,0
55136,40,67000,RENT,13.0,DEBTCONSOLIDATION,B,10000,10.74,0.15,N,14,0
55137,25,36000,RENT,10.0,PERSONAL,B,15000,11.36,0.42,N,2,1
55138,26,99000,RENT,10.0,PERSONAL,B,8000,10.75,0.09,N,2,0
55139,35,63996,MORTGAGE,6.0,MEDICAL,A,4000,5.42,0.06,N,8,0
55140,24,73000,MORTGAGE,8.0,DEBTCONSOLIDATION,D,17000,15.65,0.23,Y,4,1
55141,31,180000,MORTGAGE,1.0,MEDICAL,A,6000,6.03,0.03,N,9,0
55142,33,100000,RENT,17.0,MEDICAL,A,20000,7.88,0.2,N,8,0
55143,25,62000,OWN,9.0,EDUCATION,A,5000,7.91,0.08,N,3,0
55144,25,125000,MORTGAGE,4.0,DEBTCONSOLIDATION,B,12000,10.37,0.1,N,3,0
55145,30,140000,MORTGAGE,11.0,VENTURE,C,6000,12.23,0.04,Y,6,0
55146,34,80000,RENT,6.0,EDUCATION,B,12000,11.71,0.15,N,9,0
55147,29,120000,RENT,0.0,VENTURE,B,15000,9.99,0.13,N,10,0
55148,24,100000,RENT,5.0,VENTURE,C,10000,11.34,0.1,Y,3,0
55149,29,30000,RENT,1.0,HOMEIMPROVEMENT,B,7500,10.62,0.24,N,10,1
55150,31,37584,RENT,3.0,PERSONAL,B,3900,11.49,0.1,N,10,0
55151,26,36000,RENT,4.0,DEBTCONSOLIDATION,A,3000,7.88,0.08,N,4,0
55152,28,60000,MORTGAGE,12.0,DEBTCONSOLIDATION,A,10000,5.79,0.17,N,9,0
55153,23,40000,MORTGAGE,5.0,EDUCATION,A,4000,6.62,0.1,N,2,0
55154,21,40000,MORTGAGE,5.0,DEBTCONSOLIDATION,B,8000,10.37,0.2,N,3,0
55155,27,90000,RENT,3.0,EDUCATION,A,10200,6.03,0.11,N,5,0
55156,47,47000,MORTGAGE,2.0,PERSONAL,A,5000,6.62,0.11,N,13,0
55157,25,60000,RENT,9.0,VENTURE,B,12000,10.99,0.2,N,2,0
55158,35,62000,RENT,1.0,VENTURE,A,2500,6.91,0.04,N,9,0
55159,25,41000,RENT,7.0,DEBTCONSOLIDATION,B,6400,10.65,0.16,N,2,0
55160,22,45000,MORTGAGE,4.0,MEDICAL,A,5400,7.29,0.12,N,3,0
55161,29,66352,MORTGAGE,2.0,PERSONAL,A,7000,7.88,0.11,N,6,0
55162,36,85000,RENT,0.0,HOMEIMPROVEMENT,B,21000,15.95,0.25,N,11,1
55163,27,50000,RENT,0.0,DEBTCONSOLIDATION,C,2400,13.49,0.05,N,9,0
55164,51,54000,RENT,1.0,MEDICAL,F,10000,18.78,0.19,N,20,1
55165,22,96000,MORTGAGE,6.0,DEBTCONSOLIDATION,B,5000,10.59,0.05,N,3,0
55166,26,90000,MORTGAGE,0.0,DEBTCONSOLIDATION,A,8000,6.92,0.09,N,3,0
55167,21,51996,RENT,0.0,MEDICAL,A,18000,7.9,0.35,N,4,1
55168,24,42000,RENT,1.0,PERSONAL,A,10000,6.92,0.24,N,4,0
55169,24,48000,RENT,0.0,PERSONAL,B,5000,9.99,0.1,N,2,0
55170,26,36000,RENT,3.0,MEDICAL,A,4500,7.49,0.13,N,4,0
55171,26,57600,RENT,10.0,DEBTCONSOLIDATION,B,2500,9.91,0.04,N,3,0
55172,33,65000,MORTGAGE,3.0,MEDICAL,A,9000,5.99,0.14,N,7,0
55173,32,35000,MORTGAGE,1.0,MEDICAL,B,12000,9.91,0.34,N,9,0
55174,37,175000,MORTGAGE,2.0,HOMEIMPROVEMENT,B,12000,9.76,0.07,N,17,0
55175,32,84996,OWN,1.0,MEDICAL,C,6000,13.35,0.07,N,9,0
55176,33,53000,RENT,1.0,MEDICAL,B,3000,10.99,0.06,N,5,0
55177,36,74000,RENT,1.0,VENTURE,D,27050,15.62,0.36,Y,11,1
55178,21,20000,RENT,3.0,EDUCATION,B,3000,11.99,0.15,N,4,0
55179,28,137720,MORTGAGE,4.0,VENTURE,C,13000,12.23,0.09,N,7,0
55180,23,70000,MORTGAGE,7.0,PERSONAL,B,15000,11.36,0.21,N,4,0
55181,29,64320,MORTGAGE,11.0,MEDICAL,D,9000,15.62,0.13,Y,10,1
55182,24,62900,MORTGAGE,1.0,MEDICAL,D,9000,15.62,0.12,Y,3,1
55183,39,24000,RENT,0.0,MEDICAL,B,6000,11.86,0.25,N,15,0
55184,32,85000,MORTGAGE,0.0,EDUCATION,A,7000,8.94,0.08,N,10,0
55185,29,83500,RENT,1.0,VENTURE,C,8000,12.53,0.1,N,9,0
55186,28,95000,MORTGAGE,0.0,PERSONAL,A,4000,7.43,0.04,N,7,0
55187,24,30000,RENT,2.0,MEDICAL,C,3000,15.27,0.09,Y,3,0
55188,26,32000,OWN,1.0,MEDICAL,D,10500,14.59,0.35,Y,2,0
55189,21,31200,RENT,1.0,EDUCATION,C,6000,13.11,0.19,Y,4,0
55190,22,48000,MORTGAGE,2.0,EDUCATION,B,15000,10.25,0.31,N,3,0
55191,26,65000,RENT,1.0,MEDICAL,C,12000,12.84,0.18,Y,3,0
55192,24,30000,RENT,4.0,MEDICAL,B,10000,10.36,0.33,N,2,1
55193,25,70000,MORTGAGE,9.0,HOMEIMPROVEMENT,B,15000,10.62,0.21,N,4,0
55194,22,30000,RENT,6.0,DEBTCONSOLIDATION,C,10000,12.53,0.33,N,4,1
55195,21,60000,MORTGAGE,5.0,EDUCATION,A,3000,6.03,0.05,N,2,0
55196,29,75000,MORTGAGE,6.0,EDUCATION,B,16000,11.49,0.21,N,7,0
55197,22,45000,RENT,0.0,VENTURE,A,8000,7.49,0.18,N,3,0
55198,26,54000,MORTGAGE,10.0,VENTURE,A,7800,5.79,0.15,N,3,0
55199,27,62000,MORTGAGE,11.0,PERSONAL,A,7300,7.51,0.12,N,9,0
55200,23,45000,RENT,3.0,EDUCATION,B,12000,12.42,0.27,N,4,0
55201,27,50000,RENT,1.0,HOMEIMPROVEMENT,B,4000,12.42,0.08,N,10,0
55202,26,54600,MORTGAGE,10.0,DEBTCONSOLIDATION,A,2500,7.4,0.05,N,2,0
55203,24,50000,MORTGAGE,8.0,HOMEIMPROVEMENT,A,5000,6.17,0.1,N,4,0
55204,21,33996,RENT,5.0,PERSONAL,A,5500,7.49,0.16,N,4,0
55205,23,65000,OWN,8.0,EDUCATION,C,9000,13.47,0.14,Y,3,0
55206,33,65000,RENT,0.0,HOMEIMPROVEMENT,A,16800,7.51,0.25,N,5,0
55207,25,77500,RENT,3.0,HOMEIMPROVEMENT,A,10000,6.54,0.13,N,3,0
55208,24,49000,RENT,2.0,MEDICAL,A,7000,9.63,0.14,N,2,0
55209,23,50000,RENT,4.0,EDUCATION,B,3600,10.59,0.07,N,3,0
55210,42,60000,OWN,2.0,VENTURE,A,6000,7.14,0.1,N,12,0
55211,29,31000,MORTGAGE,3.0,MEDICAL,C,8000,11.78,0.26,Y,10,0
55212,49,32000,MORTGAGE,1.0,EDUCATION,A,8000,7.49,0.25,N,15,0
55213,31,90000,RENT,4.0,MEDICAL,C,8000,13.49,0.08,N,6,0
55214,24,40000,RENT,4.0,VENTURE,A,10000,7.88,0.25,N,2,0
55215,22,37740,RENT,2.0,HOMEIMPROVEMENT,D,2400,14.11,0.06,Y,3,1
55216,23,50000,MORTGAGE,2.0,EDUCATION,A,10000,8.32,0.2,N,3,0
55217,24,136000,MORTGAGE,7.0,EDUCATION,D,15000,16.77,0.11,N,2,0
55218,24,44000,MORTGAGE,8.0,MEDICAL,D,15250,15.95,0.35,Y,2,1
55219,22,40000,MORTGAGE,4.0,DEBTCONSOLIDATION,B,11200,11.71,0.28,N,3,0
55220,33,57500,RENT,4.0,DEBTCONSOLIDATION,A,5000,5.42,0.09,N,5,0
55221,27,57996,RENT,11.0,EDUCATION,B,5000,11.83,0.09,N,8,0
55222,29,105000,MORTGAGE,8.0,EDUCATION,E,15000,18.64,0.14,N,5,0
55223,28,49000,RENT,4.0,DEBTCONSOLIDATION,D,6000,14.09,0.12,Y,8,1
55224,26,38400,RENT,3.0,PERSONAL,B,5000,11.14,0.13,N,4,0
55225,26,29000,RENT,1.0,PERSONAL,B,1500,11.49,0.05,N,2,0
55226,24,60000,MORTGAGE,5.0,MEDICAL,A,7200,7.88,0.12,N,2,0
55227,25,60000,OWN,0.0,MEDICAL,D,3600,17.58,0.06,Y,2,0
55228,35,90000,RENT,5.0,PERSONAL,D,24000,17.49,0.27,N,7,0
55229,24,75000,RENT,4.0,DEBTCONSOLIDATION,C,1000,13.49,0.01,Y,3,0
55230,25,36000,RENT,9.0,MEDICAL,A,6000,7.51,0.17,N,2,0
55231,25,55000,RENT,0.0,VENTURE,C,7500,15.23,0.14,Y,3,0
55232,32,165000,MORTGAGE,4.0,VENTURE,B,20000,11.36,0.12,N,9,0
55233,32,45600,MORTGAGE,16.0,HOMEIMPROVEMENT,A,9800,5.79,0.21,N,10,0
55234,27,50000,MORTGAGE,11.0,PERSONAL,B,4000,10.59,0.08,N,8,0
55235,23,70000,RENT,3.0,EDUCATION,B,10000,10.37,0.14,N,4,0
55236,27,49000,MORTGAGE,3.0,MEDICAL,A,8500,8.59,0.17,N,8,0
55237,26,60000,MORTGAGE,7.0,HOMEIMPROVEMENT,C,10000,13.16,0.17,Y,4,0
55238,24,65000,RENT,3.0,EDUCATION,B,8000,11.49,0.12,N,4,0
55239,27,52000,MORTGAGE,8.0,PERSONAL,A,16000,6.62,0.3,N,10,0
55240,38,72890,MORTGAGE,1.0,MEDICAL,C,10000,13.79,0.14,N,12,0
55241,39,60000,RENT,18.0,VENTURE,A,5000,7.51,0.08,N,11,0
55242,22,64000,MORTGAGE,6.0,EDUCATION,A,12000,7.51,0.19,N,3,1
55243,41,42000,MORTGAGE,4.0,MEDICAL,D,5000,14.96,0.12,Y,17,1
55244,33,52000,RENT,4.0,DEBTCONSOLIDATION,C,6000,11.03,0.12,Y,10,0
55245,22,60000,MORTGAGE,6.0,EDUCATION,B,10000,12.18,0.17,N,2,0
55246,23,40000,MORTGAGE,2.0,VENTURE,A,7000,9.32,0.17,N,4,0
55247,26,78000,OWN,10.0,VENTURE,B,3000,9.91,0.04,N,2,0
55248,37,60000,MORTGAGE,15.0,HOMEIMPROVEMENT,A,9500,6.17,0.16,N,12,0
55249,44,39000,RENT,2.0,VENTURE,C,7000,13.06,0.18,N,14,1
55250,25,36300,MORTGAGE,5.0,VENTURE,A,9000,6.99,0.25,N,3,0
55251,28,45000,RENT,11.0,VENTURE,B,5000,11.49,0.11,N,10,0
55252,24,27311,RENT,2.0,EDUCATION,A,2500,7.66,0.09,N,3,0
55253,27,84996,MORTGAGE,11.0,PERSONAL,A,8000,7.51,0.09,N,9,0
55254,29,54000,RENT,4.0,DEBTCONSOLIDATION,D,16500,16.77,0.31,Y,5,1
55255,35,50000,MORTGAGE,17.0,VENTURE,B,15000,10.62,0.3,N,10,0
55256,23,75000,MORTGAGE,8.0,EDUCATION,A,5000,6.62,0.07,N,4,0
55257,48,57996,RENT,5.0,HOMEIMPROVEMENT,A,7000,7.88,0.12,N,11,0
55258,29,50000,MORTGAGE,0.0,PERSONAL,B,4000,10.99,0.08,N,7,0
55259,24,92000,MORTGAGE,8.0,MEDICAL,A,17000,7.66,0.18,N,3,0
55260,36,40000,MORTGAGE,0.0,VENTURE,E,8000,16.45,0.2,N,13,0
55261,24,52000,RENT,3.0,HOMEIMPROVEMENT,C,3600,12.68,0.07,Y,2,0
55262,26,27000,RENT,10.0,MEDICAL,B,9600,10.99,0.36,N,2,1
55263,35,84000,MORTGAGE,10.0,HOMEIMPROVEMENT,D,25000,14.83,0.3,Y,9,0
55264,28,100000,MORTGAGE,7.0,PERSONAL,B,1500,10.38,0.01,N,10,0
55265,22,55000,RENT,3.0,EDUCATION,B,6000,10.25,0.11,N,2,0
55266,27,47000,RENT,0.0,MEDICAL,C,12000,12.23,0.26,Y,5,0
55267,22,222000,MORTGAGE,1.0,EDUCATION,C,15000,13.16,0.06,N,3,0
55268,26,45000,RENT,5.0,VENTURE,A,7000,7.49,0.16,N,3,0
55269,24,60000,RENT,5.0,EDUCATION,A,10000,7.9,0.17,N,2,0
55270,28,75000,MORTGAGE,5.0,PERSONAL,B,10000,12.21,0.13,N,5,0
55271,22,36000,RENT,0.0,EDUCATION,B,6400,11.48,0.18,N,3,0
55272,28,46000,MORTGAGE,2.0,VENTURE,B,23500,11.48,0.51,N,10,0
55273,24,40000,RENT,0.0,PERSONAL,A,2200,6.62,0.05,N,2,0
55274,37,70000,MORTGAGE,15.0,EDUCATION,A,14500,6.54,0.19,N,17,0
55275,33,100000,MORTGAGE,2.0,EDUCATION,C,12000,12.09,0.12,N,10,0
55276,40,36000,RENT,2.0,EDUCATION,B,5000,9.99,0.14,N,17,0
55277,28,48000,RENT,12.0,PERSONAL,B,1500,10.37,0.03,N,6,0
55278,25,140000,MORTGAGE,3.0,VENTURE,B,24250,12.21,0.17,N,4,0
55279,23,38000,RENT,4.0,EDUCATION,C,4000,11.22,0.1,Y,4,1
55280,22,95000,MORTGAGE,7.0,MEDICAL,B,20000,10.62,0.21,N,3,0
55281,29,154000,MORTGAGE,4.0,VENTURE,C,20000,13.49,0.13,N,9,0
55282,26,55000,MORTGAGE,10.0,PERSONAL,A,6000,6.92,0.11,N,3,0
55283,27,78000,RENT,2.0,EDUCATION,D,6000,14.83,0.08,Y,6,1
55284,57,58700,MORTGAGE,11.0,MEDICAL,C,1500,13.43,0.03,N,21,0
55285,26,50000,RENT,3.0,MEDICAL,C,6000,12.73,0.12,Y,3,0
55286,27,70000,RENT,3.0,DEBTCONSOLIDATION,B,5000,10.65,0.07,N,10,1
55287,35,60000,RENT,3.0,MEDICAL,C,4000,13.98,0.07,N,7,0
55288,46,60000,MORTGAGE,2.0,MEDICAL,C,20000,13.49,0.33,Y,16,0
55289,22,78000,RENT,0.0,DEBTCONSOLIDATION,D,12000,14.96,0.15,Y,3,1
55290,23,80000,RENT,3.0,EDUCATION,C,8000,13.61,0.1,N,2,0
55291,25,90700,MORTGAGE,6.0,HOMEIMPROVEMENT,B,20000,10.99,0.22,N,3,0
55292,28,40000,RENT,5.0,VENTURE,B,5600,9.99,0.14,N,7,0
55293,22,32000,RENT,7.0,PERSONAL,D,4800,14.54,0.15,N,3,0
55294,26,95000,MORTGAGE,0.0,DEBTCONSOLIDATION,A,20000,7.9,0.21,N,4,0
55295,33,56472,RENT,4.0,MEDICAL,B,6000,10.0,0.1,N,8,0
55296,27,68000,RENT,0.0,VENTURE,A,10000,8.49,0.15,N,8,0
55297,33,36000,MORTGAGE,2.0,VENTURE,A,5000,7.51,0.14,N,5,0
55298,31,33000,RENT,0.0,HOMEIMPROVEMENT,C,3000,13.61,0.09,Y,9,1
55299,49,36000,MORTGAGE,3.0,MEDICAL,C,8000,13.98,0.22,N,12,0
55300,23,33000,RENT,0.0,EDUCATION,C,5000,14.27,0.15,Y,3,0
55301,25,30000,RENT,0.0,PERSONAL,B,9000,10.95,0.3,N,4,0
55302,30,100000,MORTGAGE,14.0,DEBTCONSOLIDATION,A,15000,5.42,0.15,N,5,0
55303,22,43000,RENT,7.0,EDUCATION,B,4000,10.37,0.09,N,3,0
55304,21,50000,RENT,2.0,PERSONAL,B,5000,10.65,0.1,N,4,0
55305,24,70000,RENT,4.0,DEBTCONSOLIDATION,C,10000,13.49,0.14,Y,2,0
55306,23,50000,MORTGAGE,7.0,MEDICAL,A,4000,7.88,0.08,N,2,0
55307,23,75000,MORTGAGE,2.0,VENTURE,A,10000,7.88,0.13,N,3,0
55308,29,58000,RENT,6.0,EDUCATION,B,1600,12.42,0.03,N,8,0
55309,27,36000,RENT,4.0,MEDICAL,B,7000,10.99,0.19,N,6,0
55310,22,48000,RENT,5.0,EDUCATION,B,6000,11.49,0.13,N,2,0
55311,57,45600,MORTGAGE,20.0,PERSONAL,A,9000,8.9,0.2,N,30,0
55312,27,40000,MORTGAGE,0.0,HOMEIMPROVEMENT,A,8000,5.42,0.2,N,5,0
55313,23,120000,RENT,0.0,MEDICAL,B,6000,11.71,0.05,N,4,0
55314,26,44000,RENT,1.0,DEBTCONSOLIDATION,E,5000,18.39,0.11,Y,2,1
55315,27,36000,RENT,0.0,MEDICAL,E,16000,16.45,0.44,N,10,1
55316,22,33000,RENT,2.0,EDUCATION,C,2000,14.79,0.06,N,2,0
55317,27,35000,RENT,0.0,MEDICAL,B,4800,11.49,0.14,N,8,0
55318,23,72000,MORTGAGE,7.0,MEDICAL,A,8000,7.9,0.11,N,2,0
55319,25,35000,RENT,6.0,DEBTCONSOLIDATION,B,5600,10.71,0.16,N,3,0
55320,40,58000,MORTGAGE,7.0,EDUCATION,C,15000,13.16,0.26,N,12,1
55321,27,60000,RENT,2.0,HOMEIMPROVEMENT,C,12000,13.57,0.2,Y,6,0
55322,28,92508,MORTGAGE,2.0,MEDICAL,A,13000,8.94,0.13,N,8,0
55323,31,70000,MORTGAGE,5.0,DEBTCONSOLIDATION,C,8500,13.04,0.12,N,6,1
55324,42,70000,MORTGAGE,18.0,VENTURE,B,4000,10.37,0.06,N,14,0
55325,29,65144,MORTGAGE,0.0,EDUCATION,D,5000,16.0,0.08,N,5,0
55326,22,83004,MORTGAGE,3.0,VENTURE,A,4000,6.99,0.05,N,4,0
55327,27,50000,RENT,3.0,DEBTCONSOLIDATION,A,4000,7.88,0.08,N,6,0
55328,31,60000,MORTGAGE,2.0,DEBTCONSOLIDATION,A,11000,6.62,0.18,N,8,0
55329,23,138000,MORTGAGE,1.0,VENTURE,A,5000,7.88,0.04,N,4,0
55330,22,60000,RENT,0.0,PERSONAL,A,12000,9.32,0.2,N,3,0
55331,29,55000,MORTGAGE,13.0,PERSONAL,A,10500,5.42,0.19,N,7,0
55332,38,85000,MORTGAGE,0.0,HOMEIMPROVEMENT,B,15000,10.62,0.18,N,17,0
55333,28,60000,MORTGAGE,4.0,VENTURE,A,10000,7.51,0.17,N,5,0
55334,32,70000,MORTGAGE,2.0,DEBTCONSOLIDATION,A,3000,7.49,0.04,N,5,0
55335,21,36000,RENT,5.0,PERSONAL,B,10000,12.69,0.28,N,2,1
55336,22,36000,RENT,3.0,EDUCATION,C,5000,14.26,0.14,N,3,0
55337,22,65000,RENT,0.0,MEDICAL,A,12000,8.9,0.18,N,4,0
55338,24,90000,MORTGAGE,8.0,DEBTCONSOLIDATION,A,11000,7.51,0.12,N,4,0
55339,40,115600,MORTGAGE,4.0,HOMEIMPROVEMENT,A,8000,7.88,0.07,N,11,0
55340,48,80000,MORTGAGE,0.0,HOMEIMPROVEMENT,B,10000,10.38,0.13,N,17,0
55341,24,70000,RENT,5.0,EDUCATION,B,3500,12.69,0.05,N,4,0
55342,36,34000,RENT,2.0,PERSONAL,D,10000,14.11,0.29,Y,14,1
55343,28,73500,MORTGAGE,3.0,HOMEIMPROVEMENT,D,18000,14.54,0.24,N,8,0
55344,22,40000,RENT,1.0,VENTURE,B,5000,11.14,0.13,N,4,0
55345,22,24000,RENT,3.0,MEDICAL,C,5000,12.53,0.21,Y,2,0
55346,43,80000,MORTGAGE,9.0,VENTURE,B,15000,11.86,0.19,N,16,0
55347,28,35000,RENT,2.0,EDUCATION,A,6000,6.62,0.17,N,6,0
55348,28,30000,RENT,2.0,HOMEIMPROVEMENT,A,12000,9.32,0.4,N,8,1
55349,24,52200,MORTGAGE,2.0,DEBTCONSOLIDATION,B,4000,11.49,0.08,N,4,0
55350,24,105000,OWN,8.0,VENTURE,B,5000,10.99,0.05,N,2,0
55351,23,75000,RENT,4.0,VENTURE,B,6000,11.49,0.08,N,3,0
55352,32,50000,RENT,3.0,MEDICAL,A,6000,5.79,0.12,N,9,0
55353,24,100000,MORTGAGE,4.0,VENTURE,A,24000,7.49,0.24,N,3,0
55354,42,75000,MORTGAGE,24.0,VENTURE,B,10000,9.2,0.13,N,15,0
55355,22,68000,MORTGAGE,5.0,EDUCATION,B,25000,11.99,0.37,N,3,0
55356,25,27600,OWN,2.0,VENTURE,A,10000,6.54,0.36,N,4,0
55357,23,35000,RENT,6.0,DEBTCONSOLIDATION,A,3500,7.29,0.1,N,3,0
55358,34,60000,MORTGAGE,18.0,VENTURE,A,1500,6.03,0.03,N,8,0
55359,37,60000,RENT,0.0,EDUCATION,C,16000,13.98,0.25,Y,14,0
55360,30,70000,RENT,1.0,VENTURE,A,15000,8.49,0.21,N,7,0
55361,24,47000,MORTGAGE,8.0,PERSONAL,A,9000,9.63,0.19,N,3,0
55362,41,24000,RENT,2.0,MEDICAL,B,6000,11.71,0.25,N,14,1
55363,30,92700,MORTGAGE,6.0,VENTURE,B,1500,10.99,0.02,N,8,0
55364,22,21000,RENT,0.0,PERSONAL,B,4000,11.12,0.19,N,2,0
55365,22,28800,RENT,4.0,VENTURE,A,12250,7.51,0.44,N,2,1
55366,29,60000,MORTGAGE,13.0,MEDICAL,B,10000,12.69,0.17,N,9,0
55367,34,100000,MORTGAGE,4.0,VENTURE,B,16000,10.99,0.16,N,5,0
55368,24,16000,RENT,1.0,DEBTCONSOLIDATION,E,4500,16.0,0.27,N,4,1
55369,39,38500,MORTGAGE,3.0,MEDICAL,A,7000,8.0,0.18,N,12,0
55370,29,96000,RENT,4.0,HOMEIMPROVEMENT,B,6000,11.49,0.06,N,7,0
55371,22,30000,MORTGAGE,6.0,MEDICAL,A,4000,9.32,0.13,N,3,0
55372,24,14400,RENT,0.0,VENTURE,D,10000,15.33,0.07,N,4,1
55373,31,95000,RENT,3.0,DEBTCONSOLIDATION,B,18000,10.99,0.19,N,9,0
55374,27,92700,MORTGAGE,4.0,HOMEIMPROVEMENT,E,25000,17.93,0.27,N,5,0
55375,24,51996,RENT,8.0,MEDICAL,B,9600,11.71,0.18,N,2,0
55376,25,55000,MORTGAGE,7.0,PERSONAL,A,10000,7.49,0.18,N,2,0
55377,31,150000,MORTGAGE,15.0,HOMEIMPROVEMENT,A,9000,7.88,0.06,N,5,0
55378,26,51600,OWN,10.0,VENTURE,C,13800,13.49,0.27,N,3,0
55379,23,42000,RENT,0.0,VENTURE,A,3500,7.68,0.08,N,3,0
55380,26,66000,RENT,3.0,VENTURE,A,20000,7.9,0.3,N,3,0
55381,31,70000,MORTGAGE,3.0,VENTURE,A,3500,5.79,0.05,N,6,0
55382,39,45000,MORTGAGE,3.0,MEDICAL,A,2500,7.66,0.06,N,13,0
55383,27,50000,RENT,0.0,PERSONAL,B,4000,10.99,0.08,N,8,0
55384,28,75000,MORTGAGE,5.0,HOMEIMPROVEMENT,A,10400,8.49,0.14,N,9,0
55385,28,73500,RENT,12.0,HOMEIMPROVEMENT,D,20000,14.96,0.27,N,8,0
55386,24,60000,MORTGAGE,8.0,MEDICAL,A,5000,7.14,0.08,N,4,0
55387,32,24000,OWN,5.0,HOMEIMPROVEMENT,A,5100,6.99,0.22,N,5,0
55388,31,60000,MORTGAGE,14.0,MEDICAL,A,12250,5.42,0.2,N,7,0
55389,32,45975,MORTGAGE,6.0,PERSONAL,A,10375,5.42,0.23,N,7,0
55390,24,78000,RENT,8.0,VENTURE,C,9800,13.85,0.13,Y,3,1
55391,43,60000,MORTGAGE,2.0,EDUCATION,A,5500,5.79,0.09,N,17,0
55392,25,125000,RENT,1.0,EDUCATION,B,14000,11.71,0.11,N,4,0
55393,27,60000,MORTGAGE,11.0,PERSONAL,A,18000,7.9,0.3,N,5,0
55394,34,100000,MORTGAGE,8.0,MEDICAL,C,12000,13.11,0.12,N,7,0
55395,23,56000,RENT,0.0,EDUCATION,A,12000,6.91,0.21,N,3,0
55396,23,50000,MORTGAGE,7.0,MEDICAL,A,5000,8.49,0.1,N,3,0
55397,24,57000,RENT,0.0,DEBTCONSOLIDATION,A,2400,8.0,0.04,N,3,0
55398,38,50000,RENT,1.0,DEBTCONSOLIDATION,C,15000,13.22,0.3,N,15,0
55399,25,36000,RENT,3.0,MEDICAL,C,10000,13.85,0.28,N,3,0
55400,36,70000,MORTGAGE,1.0,EDUCATION,A,10000,7.29,0.14,N,13,0
55401,29,88000,RENT,7.0,VENTURE,B,10000,12.69,0.11,N,5,0
55402,22,30000,RENT,3.0,DEBTCONSOLIDATION,C,10000,13.98,0.33,Y,4,1
55403,25,95500,MORTGAGE,1.0,VENTURE,D,22000,16.49,0.24,N,2,1
55404,24,68000,RENT,0.0,PERSONAL,C,7000,12.53,0.1,N,4,0
55405,23,45378,MORTGAGE,7.0,EDUCATION,A,6000,6.62,0.13,N,2,0
55406,26,78000,MORTGAGE,1.0,DEBTCONSOLIDATION,C,8000,15.96,0.1,Y,2,1
55407,22,55000,RENT,6.0,PERSONAL,B,10000,11.99,0.18,N,4,0
55408,26,100000,MORTGAGE,10.0,VENTURE,A,10000,6.17,0.1,N,3,0
55409,23,60000,RENT,5.0,MEDICAL,A,18000,6.91,0.3,N,2,1
55410,24,25000,RENT,1.0,MEDICAL,B,5000,11.36,0.2,N,4,0
55411,23,90000,MORTGAGE,6.0,EDUCATION,B,3500,12.69,0.04,N,2,0
55412,23,55000,RENT,1.0,MEDICAL,B,16000,11.14,0.29,N,3,0
55413,35,80000,RENT,2.0,DEBTCONSOLIDATION,B,13000,10.99,0.16,N,9,0
55414,35,110000,RENT,0.0,DEBTCONSOLIDATION,B,12000,10.74,0.11,N,6,0
55415,32,24000,RENT,5.0,MEDICAL,C,3000,13.48,0.13,N,6,0
55416,33,70000,RENT,5.0,MEDICAL,B,10000,9.99,0.14,N,8,0
55417,22,40000,MORTGAGE,6.0,EDUCATION,A,1000,7.14,0.03,N,3,0
55418,21,45000,RENT,2.0,PERSONAL,B,7000,10.37,0.16,N,2,0
55419,23,110000,MORTGAGE,2.0,EDUCATION,B,16000,11.86,0.15,N,2,0
55420,23,35000,RENT,0.0,EDUCATION,A,4000,7.51,0.11,N,4,0
55421,39,44000,RENT,3.0,VENTURE,B,15000,12.69,0.34,N,13,1
55422,22,87000,MORTGAGE,3.0,VENTURE,B,15000,11.36,0.17,N,3,0
55423,28,65000,MORTGAGE,2.0,DEBTCONSOLIDATION,A,8700,7.49,0.13,N,6,0
55424,49,80000,MORTGAGE,0.0,HOMEIMPROVEMENT,C,5000,14.26,0.06,N,13,0
55425,23,66000,MORTGAGE,7.0,DEBTCONSOLIDATION,A,10000,9.38,0.15,N,2,0
55426,30,39996,RENT,2.0,DEBTCONSOLIDATION,C,3000,12.99,0.08,Y,10,0
55427,29,98850,MORTGAGE,6.0,EDUCATION,A,19500,7.74,0.2,N,8,0
55428,23,75000,MORTGAGE,2.0,DEBTCONSOLIDATION,A,7000,7.51,0.09,N,2,0
55429,40,54000,RENT,2.0,EDUCATION,A,5500,8.59,0.1,N,11,0
55430,40,50000,MORTGAGE,2.0,HOMEIMPROVEMENT,A,3000,7.29,0.06,N,13,0
55431,24,96000,MORTGAGE,8.0,PERSONAL,D,25000,15.33,0.26,Y,2,0
55432,22,60000,OWN,1.0,VENTURE,B,6000,11.11,0.1,N,4,0
55433,36,38160,MORTGAGE,2.0,DEBTCONSOLIDATION,B,6000,10.25,0.16,N,12,0
55434,23,14400,RENT,0.0,EDUCATION,B,1000,11.49,0.07,N,4,0
55435,28,40000,RENT,6.0,VENTURE,A,6000,5.79,0.15,N,7,0
55436,28,50400,OWN,4.0,VENTURE,A,12000,7.51,0.24,N,9,0
55437,43,36000,MORTGAGE,5.0,VENTURE,C,10000,13.49,0.28,Y,11,0
55438,23,52000,RENT,0.0,EDUCATION,A,7000,8.94,0.13,N,3,0
55439,23,125000,RENT,7.0,PERSONAL,A,10000,6.03,0.08,N,3,0
55440,22,67000,RENT,6.0,MEDICAL,A,15000,7.49,0.22,N,4,0
55441,24,121722,RENT,3.0,HOMEIMPROVEMENT,A,8000,6.91,0.06,N,2,0
55442,31,80000,MORTGAGE,6.0,HOMEIMPROVEMENT,A,3600,7.49,0.05,N,9,0
55443,29,90000,MORTGAGE,13.0,PERSONAL,B,4300,10.59,0.05,N,8,0
55444,23,75000,RENT,1.0,DEBTCONSOLIDATION,A,10000,6.91,0.13,N,3,0
55445,28,31200,MORTGAGE,0.0,DEBTCONSOLIDATION,A,7500,7.9,0.24,N,8,0
55446,32,130000,MORTGAGE,4.0,VENTURE,A,5000,7.68,0.04,N,10,0
55447,24,85000,RENT,4.0,HOMEIMPROVEMENT,C,20000,12.99,0.24,N,4,0
55448,37,50000,RENT,2.0,EDUCATION,B,10000,9.91,0.2,N,11,0
55449,22,110000,RENT,6.0,EDUCATION,A,13500,7.49,0.11,N,2,0
55450,28,55000,MORTGAGE,5.0,PERSONAL,A,4500,6.03,0.08,N,5,0
55451,27,63000,MORTGAGE,3.0,DEBTCONSOLIDATION,C,20000,14.72,0.32,Y,9,0
55452,23,38496,RENT,7.0,VENTURE,D,5200,14.54,0.14,Y,4,0
55453,25,45000,RENT,4.0,DEBTCONSOLIDATION,B,15000,11.49,0.33,N,3,1
55454,25,102000,MORTGAGE,9.0,PERSONAL,C,6000,13.48,0.06,N,2,0
55455,27,120000,MORTGAGE,2.0,PERSONAL,B,10000,10.99,0.08,N,9,0
55456,37,48000,RENT,3.0,VENTURE,C,7200,12.23,0.15,Y,14,0
55457,27,54600,MORTGAGE,2.0,PERSONAL,A,6000,7.49,0.11,N,7,0
55458,27,65000,MORTGAGE,2.0,MEDICAL,A,3500,7.88,0.05,N,8,0
55459,31,60000,RENT,6.0,MEDICAL,B,3000,10.0,0.05,N,9,0
55460,24,62400,RENT,1.0,MEDICAL,C,7000,12.84,0.11,N,2,0
55461,38,98000,MORTGAGE,5.0,DEBTCONSOLIDATION,A,5000,7.51,0.05,N,11,0
55462,21,90000,RENT,2.0,EDUCATION,B,12000,11.89,0.13,N,3,0
55463,30,52000,MORTGAGE,0.0,EDUCATION,B,10000,9.88,0.19,N,5,0
55464,29,48000,RENT,2.0,MEDICAL,B,2500,11.49,0.05,N,9,0
55465,28,84000,MORTGAGE,12.0,PERSONAL,B,8500,11.83,0.1,N,9,0
55466,24,50000,OWN,8.0,VENTURE,A,3000,6.39,0.06,N,3,0
55467,21,45000,RENT,3.0,MEDICAL,B,10000,9.91,0.22,N,2,0
55468,27,30000,RENT,1.0,MEDICAL,C,4000,13.49,0.13,N,8,0
55469,27,154000,RENT,9.0,EDUCATION,B,12600,11.83,0.08,N,10,0
55470,26,125000,MORTGAGE,10.0,PERSONAL,B,12000,10.99,0.1,N,4,0
55471,24,51000,MORTGAGE,2.0,DEBTCONSOLIDATION,B,5000,9.88,0.1,N,3,0
55472,24,21000,RENT,3.0,EDUCATION,A,4000,7.88,0.19,N,2,0
55473,28,63996,RENT,2.0,DEBTCONSOLIDATION,B,3600,10.37,0.06,N,9,0
55474,26,45000,MORTGAGE,8.0,HOMEIMPROVEMENT,C,10000,14.65,0.22,N,4,0
55475,21,90000,RENT,5.0,DEBTCONSOLIDATION,B,5000,10.65,0.06,N,3,0
55476,22,88000,RENT,6.0,EDUCATION,B,14000,11.11,0.16,N,4,0
55477,34,95000,MORTGAGE,4.0,PERSONAL,A,3725,9.63,0.04,N,9,0
55478,25,80000,MORTGAGE,9.0,EDUCATION,A,3000,7.88,0.04,N,4,0
55479,34,120000,RENT,6.0,PERSONAL,B,30000,9.99,0.25,N,6,1
55480,30,145000,MORTGAGE,2.0,DEBTCONSOLIDATION,B,12000,10.99,0.08,N,8,0
55481,30,138000,MORTGAGE,15.0,PERSONAL,B,24000,11.58,0.17,N,6,0
55482,27,50000,RENT,5.0,VENTURE,C,8000,13.49,0.16,N,7,0
55483,29,55000,MORTGAGE,4.0,EDUCATION,A,10000,7.49,0.18,N,6,0
55484,28,30000,RENT,1.0,DEBTCONSOLIDATION,C,12250,12.23,0.41,N,6,1
55485,22,50808,MORTGAGE,6.0,EDUCATION,B,12000,12.18,0.24,N,2,0
55486,23,101138,MORTGAGE,6.0,PERSONAL,C,20500,13.35,0.2,Y,4,0
55487,25,80000,RENT,3.0,VENTURE,A,6000,6.99,0.07,N,4,0
55488,35,148000,RENT,6.0,DEBTCONSOLIDATION,D,25000,16.02,0.17,N,7,1
55489,22,65000,MORTGAGE,6.0,PERSONAL,A,10000,5.42,0.15,N,3,0
55490,26,65000,MORTGAGE,0.0,PERSONAL,B,11000,10.74,0.17,N,4,0
55491,34,48000,MORTGAGE,2.0,DEBTCONSOLIDATION,A,11000,5.42,0.23,N,5,0
55492,23,35000,RENT,2.0,EDUCATION,B,3000,11.86,0.09,N,3,0
55493,23,91000,MORTGAGE,5.0,MEDICAL,B,18000,10.2,0.2,N,3,0
55494,25,40000,MORTGAGE,9.0,VENTURE,A,4500,5.42,0.1,N,3,0
55495,30,60000,RENT,5.0,MEDICAL,C,5000,13.49,0.08,Y,8,0
55496,25,60000,RENT,2.0,MEDICAL,B,12000,12.53,0.2,N,3,0
55497,23,48000,MORTGAGE,4.0,VENTURE,A,5000,8.49,0.1,N,4,0
55498,23,50000,RENT,3.0,VENTURE,A,5000,6.91,0.1,N,2,0
55499,22,52000,MORTGAGE,6.0,PERSONAL,C,10000,13.87,0.19,N,2,0
55500,22,38000,RENT,6.0,MEDICAL,A,5500,5.42,0.14,N,2,0
55501,37,48000,MORTGAGE,5.0,PERSONAL,A,12000,7.51,0.25,N,11,0
55502,22,57200,MORTGAGE,1.0,MEDICAL,A,7000,7.49,0.12,N,3,0
55503,30,30000,MORTGAGE,14.0,PERSONAL,A,6000,7.51,0.2,N,7,0
55504,46,70000,RENT,5.0,EDUCATION,A,12000,6.91,0.17,N,11,0
55505,34,55000,MORTGAGE,6.0,MEDICAL,C,10000,13.49,0.18,Y,7,0
55506,25,25920,RENT,1.0,MEDICAL,D,5000,15.62,0.19,N,3,1
55507,23,38400,RENT,5.0,PERSONAL,A,10000,7.9,0.26,N,3,0
55508,31,50000,OWN,0.0,PERSONAL,D,10000,16.89,0.2,Y,7,0
55509,28,56400,RENT,1.0,DEBTCONSOLIDATION,C,15000,13.16,0.28,Y,5,1
55510,46,60000,RENT,1.0,MEDICAL,B,4000,9.62,0.07,N,16,0
55511,26,51600,OWN,10.0,VENTURE,A,1200,8.94,0.02,N,4,0
55512,23,52800,MORTGAGE,7.0,EDUCATION,A,4800,6.76,0.09,N,4,0
55513,25,60000,RENT,3.0,VENTURE,E,5000,17.56,0.08,Y,3,0
55514,25,33000,RENT,0.0,EDUCATION,A,5000,7.68,0.15,N,2,0
55515,22,40000,MORTGAGE,6.0,EDUCATION,D,7200,16.29,0.18,N,3,0
55516,39,99996,MORTGAGE,14.0,HOMEIMPROVEMENT,A,5000,7.51,0.05,N,13,0
55517,23,84000,RENT,7.0,EDUCATION,B,23000,11.99,0.27,N,3,0
55518,30,120000,MORTGAGE,4.0,EDUCATION,B,1000,10.36,0.01,N,9,0
55519,25,35000,RENT,0.0,VENTURE,C,7500,13.47,0.21,Y,2,0
55520,43,54000,MORTGAGE,4.0,EDUCATION,A,9000,7.49,0.17,N,14,0
55521,27,140000,RENT,3.0,PERSONAL,D,25000,15.21,0.18,N,5,0
55522,26,36000,RENT,0.0,EDUCATION,B,4750,11.49,0.13,N,3,0
55523,24,24000,RENT,8.0,MEDICAL,B,1600,11.49,0.07,N,3,0
55524,25,27600,RENT,2.0,VENTURE,B,3200,11.49,0.12,N,2,0
55525,24,90000,MORTGAGE,9.0,DEBTCONSOLIDATION,E,15000,16.4,0.17,Y,4,0
55526,22,36000,MORTGAGE,6.0,EDUCATION,B,10000,9.99,0.28,N,4,0
55527,24,55000,MORTGAGE,8.0,VENTURE,A,14000,7.9,0.25,N,3,0
55528,32,80000,MORTGAGE,5.0,HOMEIMPROVEMENT,A,15000,8.49,0.19,N,10,0
55529,30,65000,MORTGAGE,0.0,HOMEIMPROVEMENT,A,2000,6.62,0.03,N,9,0
55530,23,30000,RENT,0.0,DEBTCONSOLIDATION,C,10000,12.53,0.33,N,3,1
55531,22,60000,RENT,7.0,EDUCATION,D,9000,14.96,0.15,Y,2,0
55532,24,24000,RENT,2.0,PERSONAL,B,9600,10.65,0.4,N,3,1
55533,42,57000,MORTGAGE,5.0,MEDICAL,B,5000,10.99,0.09,N,11,0
55534,29,35360,MORTGAGE,2.0,VENTURE,B,2000,9.99,0.06,N,7,0
55535,36,110000,MORTGAGE,0.0,HOMEIMPROVEMENT,B,25000,10.74,0.23,N,12,0
55536,26,70000,RENT,8.0,VENTURE,A,7000,8.9,0.1,N,3,0
55537,26,60000,MORTGAGE,5.0,MEDICAL,C,15000,14.79,0.25,N,3,0
55538,22,33000,OWN,6.0,PERSONAL,B,8000,11.71,0.24,N,3,0
55539,22,52500,MORTGAGE,6.0,EDUCATION,A,8000,6.92,0.15,N,2,0
55540,23,30000,MORTGAGE,5.0,PERSONAL,D,6000,16.29,0.2,N,4,0
55541,27,72000,RENT,9.0,EDUCATION,D,9000,14.91,0.13,Y,5,0
55542,22,48000,RENT,0.0,PERSONAL,A,5500,8.59,0.11,N,4,0
55543,30,108000,MORTGAGE,0.0,DEBTCONSOLIDATION,A,9000,8.0,0.08,N,8,0
55544,24,38004,RENT,1.0,DEBTCONSOLIDATION,C,5000,12.53,0.13,N,3,0
55545,25,44000,RENT,5.0,MEDICAL,D,5000,15.33,0.11,Y,2,1
55546,46,28800,RENT,0.0,DEBTCONSOLIDATION,A,5000,6.54,0.17,N,11,0
55547,32,75000,RENT,4.0,EDUCATION,D,12000,16.29,0.16,Y,10,0
55548,23,46999,RENT,5.0,EDUCATION,B,10000,11.11,0.22,N,4,0
55549,22,60000,MORTGAGE,6.0,EDUCATION,C,4850,13.49,0.08,N,2,0
55550,29,40000,MORTGAGE,2.0,VENTURE,A,10000,9.32,0.25,N,9,0
55551,34,150000,MORTGAGE,6.0,HOMEIMPROVEMENT,A,15000,5.79,0.1,N,6,0
55552,26,42000,RENT,2.0,PERSONAL,C,5000,14.27,0.12,N,2,1
55553,30,60000,MORTGAGE,5.0,DEBTCONSOLIDATION,D,12000,14.96,0.2,Y,8,0
55554,29,40000,MORTGAGE,7.0,DEBTCONSOLIDATION,A,7500,7.51,0.19,N,6,0
55555,26,110000,MORTGAGE,5.0,MEDICAL,A,5000,6.92,0.05,N,4,0
55556,41,36000,RENT,3.0,MEDICAL,C,4200,13.49,0.12,N,15,0
55557,27,20000,OWN,1.0,VENTURE,B,5000,10.46,0.25,N,5,0
55558,23,80000,MORTGAGE,1.0,EDUCATION,B,5000,10.74,0.06,N,2,0
55559,30,66000,MORTGAGE,8.0,DEBTCONSOLIDATION,A,12000,6.76,0.18,N,10,0
55560,30,30000,RENT,11.0,MEDICAL,B,9000,10.38,0.3,N,9,0
55561,28,75000,RENT,12.0,HOMEIMPROVEMENT,C,3000,13.49,0.04,Y,8,0
55562,25,90000,MORTGAGE,4.0,HOMEIMPROVEMENT,C,2100,14.65,0.02,N,4,0
55563,23,120000,MORTGAGE,4.0,PERSONAL,A,15000,7.9,0.13,N,2,0
55564,23,24600,RENT,5.0,EDUCATION,C,2000,13.61,0.08,Y,4,0
55565,30,32268,OWN,0.0,PERSONAL,A,8000,8.0,0.25,N,6,0
55566,25,45900,MORTGAGE,10.0,VENTURE,A,7500,5.79,0.16,N,3,0
55567,24,52500,RENT,2.0,EDUCATION,D,20000,15.33,0.38,Y,4,1
55568,27,120000,MORTGAGE,11.0,PERSONAL,C,20000,13.06,0.17,Y,7,0
55569,22,45000,MORTGAGE,6.0,PERSONAL,A,16000,6.62,0.36,N,3,0
55570,30,53004,RENT,3.0,DEBTCONSOLIDATION,D,6000,15.28,0.11,N,8,1
55571,22,80000,MORTGAGE,6.0,PERSONAL,C,7000,12.99,0.09,Y,4,0
55572,29,32000,RENT,1.0,MEDICAL,B,10000,10.37,0.31,N,5,1
55573,37,44000,RENT,14.0,EDUCATION,C,6000,14.22,0.14,N,11,1
55574,31,600000,RENT,7.0,HOMEIMPROVEMENT,B,25000,11.11,0.04,N,5,0
55575,22,25920,RENT,4.0,PERSONAL,B,10000,10.65,0.39,N,3,1
55576,22,32000,RENT,0.0,EDUCATION,B,11000,10.75,0.35,N,4,1
55577,29,40860,RENT,0.0,VENTURE,C,4000,13.06,0.1,N,7,0
55578,33,46000,MORTGAGE,2.0,DEBTCONSOLIDATION,C,7000,14.65,0.15,N,5,1
55579,22,50000,MORTGAGE,1.0,VENTURE,B,10000,11.11,0.2,N,3,0
55580,28,53000,MORTGAGE,5.0,VENTURE,C,12000,12.53,0.23,Y,7,0
55581,22,51000,RENT,3.0,VENTURE,A,11200,7.88,0.22,N,4,0
55582,33,110000,RENT,7.0,HOMEIMPROVEMENT,D,12000,14.59,0.11,Y,6,0
55583,23,80000,MORTGAGE,4.0,EDUCATION,A,7500,7.14,0.09,N,4,0
55584,23,60000,MORTGAGE,7.0,EDUCATION,B,8000,12.42,0.13,N,3,0
55585,31,100000,RENT,4.0,EDUCATION,C,3000,15.23,0.03,Y,10,0
55586,23,55000,RENT,7.0,MEDICAL,B,7500,10.39,0.14,N,2,0
55587,29,34000,RENT,2.0,VENTURE,B,2500,9.17,0.07,N,6,0
55588,27,75000,MORTGAGE,6.0,PERSONAL,A,12000,6.03,0.16,N,7,0
55589,29,50000,RENT,4.0,VENTURE,B,18000,10.62,0.36,N,6,1
55590,25,60000,RENT,1.0,EDUCATION,C,7000,12.53,0.12,Y,2,0
55591,26,33000,RENT,2.0,PERSONAL,B,7500,10.25,0.23,N,3,1
55592,28,35004,RENT,12.0,EDUCATION,A,3600,7.51,0.1,N,10,0
55593,27,60000,MORTGAGE,3.0,PERSONAL,A,20000,7.88,0.33,N,5,0
55594,22,60000,OWN,6.0,MEDICAL,C,5000,13.06,0.08,N,3,0
55595,44,98736,MORTGAGE,8.0,EDUCATION,A,8000,7.51,0.09,N,12,0
55596,23,74000,MORTGAGE,5.0,EDUCATION,A,11000,9.63,0.16,N,2,0
55597,23,45000,MORTGAGE,7.0,PERSONAL,B,5000,12.69,0.11,N,3,0
55598,31,80000,RENT,4.0,HOMEIMPROVEMENT,A,24000,8.9,0.3,N,9,0
55599,27,48000,RENT,4.0,PERSONAL,B,8000,11.49,0.17,N,9,0
55600,23,65000,RENT,5.0,EDUCATION,B,8000,12.69,0.12,N,4,0
55601,23,60000,RENT,3.0,DEBTCONSOLIDATION,A,10000,8.94,0.17,N,2,0
55602,25,122000,MORTGAGE,6.0,PERSONAL,B,16000,10.99,0.13,N,2,0
55603,22,54000,RENT,0.0,VENTURE,C,4800,13.23,0.09,N,3,0
55604,23,40000,RENT,2.0,EDUCATION,A,6000,6.62,0.15,N,4,0
55605,37,28800,RENT,1.0,VENTURE,B,8000,12.21,0.28,N,15,0
55606,26,32000,RENT,3.0,EDUCATION,B,4200,10.74,0.13,N,2,0
55607,31,66000,RENT,15.0,DEBTCONSOLIDATION,A,10000,7.66,0.15,N,5,0
55608,24,24000,RENT,1.0,MEDICAL,B,10000,10.25,0.42,N,4,1
55609,27,48000,RENT,2.0,MEDICAL,B,6000,9.99,0.13,N,5,0
55610,23,60000,MORTGAGE,7.0,MEDICAL,B,9600,11.71,0.16,N,4,0
55611,24,60000,RENT,4.0,EDUCATION,D,12000,16.77,0.2,N,2,0
55612,34,65000,RENT,4.0,PERSONAL,B,3200,11.99,0.05,N,9,0
55613,27,75000,MORTGAGE,1.0,PERSONAL,D,20000,14.74,0.27,Y,8,0
55614,22,90000,RENT,3.0,VENTURE,A,13200,6.62,0.15,N,3,0
55615,25,30000,RENT,3.0,EDUCATION,C,4000,12.53,0.12,N,2,0
55616,23,82000,OWN,2.0,EDUCATION,B,20000,9.33,0.24,N,4,0
55617,23,47184,RENT,0.0,DEBTCONSOLIDATION,B,3000,10.25,0.06,N,2,0
55618,23,36000,RENT,2.0,EDUCATION,C,6000,12.73,0.17,Y,3,0
55619,23,60000,MORTGAGE,7.0,MEDICAL,A,16000,6.03,0.27,N,2,0
55620,31,36000,RENT,1.0,MEDICAL,B,6000,11.71,0.17,N,6,0
55621,23,62400,MORTGAGE,7.0,VENTURE,A,20000,8.49,0.32,N,4,0
55622,21,38400,RENT,0.0,EDUCATION,A,15000,8.9,0.39,N,3,1
55623,28,55000,RENT,1.0,DEBTCONSOLIDATION,A,3000,5.42,0.05,N,10,0
55624,24,74500,MORTGAGE,3.0,DEBTCONSOLIDATION,E,15000,19.42,0.2,N,3,1
55625,24,64600,RENT,1.0,HOMEIMPROVEMENT,C,9150,13.04,0.13,Y,2,0
55626,24,25200,RENT,7.0,MEDICAL,A,3000,7.37,0.12,N,2,0
55627,23,115000,MORTGAGE,5.0,EDUCATION,D,20000,16.77,0.17,N,3,0
55628,24,54000,MORTGAGE,5.0,EDUCATION,B,25000,10.74,0.46,N,4,0
55629,23,37440,RENT,0.0,MEDICAL,C,5600,14.79,0.15,N,2,0
55630,30,85000,RENT,13.0,PERSONAL,B,12000,11.49,0.14,N,9,0
55631,27,80000,RENT,2.0,EDUCATION,B,25000,11.36,0.31,N,5,1
55632,23,48000,RENT,2.0,EDUCATION,A,10000,8.59,0.21,N,3,0
55633,23,45996,RENT,3.0,MEDICAL,F,15000,18.43,0.33,Y,4,1
55634,25,60000,OWN,9.0,EDUCATION,A,4000,6.76,0.07,N,3,0
55635,22,37000,RENT,1.0,EDUCATION,B,3000,11.49,0.08,N,3,0
55636,24,90000,MORTGAGE,8.0,PERSONAL,A,25000,7.9,0.28,N,3,0
55637,27,45000,RENT,0.0,PERSONAL,B,12000,10.74,0.27,N,5,0
55638,25,120000,MORTGAGE,9.0,MEDICAL,B,8400,11.71,0.07,N,3,0
55639,32,70000,MORTGAGE,9.0,MEDICAL,C,12000,13.49,0.17,N,10,0
55640,23,54996,RENT,0.0,PERSONAL,B,5000,9.45,0.09,N,3,0
55641,32,60000,RENT,0.0,EDUCATION,C,6000,12.61,0.1,N,6,0
55642,27,75000,MORTGAGE,0.0,VENTURE,B,7000,9.45,0.09,N,7,0
55643,34,75000,MORTGAGE,6.0,DEBTCONSOLIDATION,A,6000,6.03,0.08,N,6,0
55644,29,70000,MORTGAGE,13.0,PERSONAL,B,20000,10.36,0.29,N,5,0
55645,30,38004,MORTGAGE,1.0,PERSONAL,C,12000,13.16,0.32,N,6,0
55646,26,58000,MORTGAGE,10.0,MEDICAL,A,12000,8.59,0.21,N,4,0
55647,26,32000,RENT,4.0,PERSONAL,D,12000,15.65,0.38,Y,4,1
55648,26,52000,MORTGAGE,3.0,VENTURE,B,3000,11.86,0.06,N,3,0
55649,26,80000,RENT,4.0,EDUCATION,C,8000,13.98,0.1,Y,2,0
55650,25,32000,RENT,3.0,VENTURE,B,7200,11.99,0.23,N,3,0
55651,34,38000,RENT,1.0,VENTURE,A,10000,7.51,0.26,N,9,0
55652,37,36000,RENT,1.0,PERSONAL,D,10000,15.65,0.28,Y,12,1
55653,33,48000,RENT,6.0,DEBTCONSOLIDATION,B,4200,9.63,0.09,N,8,0
55654,22,50000,RENT,4.0,EDUCATION,B,10000,10.83,0.2,N,4,0
55655,25,65000,MORTGAGE,0.0,DEBTCONSOLIDATION,A,7000,9.63,0.11,N,4,0
55656,22,30000,RENT,3.0,VENTURE,A,7000,7.51,0.23,N,3,0
55657,25,35400,OWN,1.0,VENTURE,A,3000,7.29,0.09,N,2,0
55658,29,80000,RENT,3.0,DEBTCONSOLIDATION,B,13000,11.48,0.16,N,7,0
55659,26,52000,MORTGAGE,10.0,DEBTCONSOLIDATION,B,12000,10.99,0.23,N,3,0
55660,28,35000,RENT,4.0,PERSONAL,B,10000,10.65,0.29,N,6,1
55661,25,85155,RENT,5.0,HOMEIMPROVEMENT,D,15000,14.59,0.16,Y,4,0
55662,31,32000,MORTGAGE,3.0,HOMEIMPROVEMENT,A,1200,7.68,0.04,N,10,0
55663,29,65100,RENT,3.0,EDUCATION,A,7000,8.0,0.11,N,5,0
55664,28,100000,MORTGAGE,6.0,HOMEIMPROVEMENT,C,4800,12.99,0.05,Y,9,0
55665,22,34000,RENT,6.0,EDUCATION,B,10000,11.71,0.29,N,2,1
55666,23,24000,MORTGAGE,0.0,DEBTCONSOLIDATION,B,4750,10.33,0.2,N,4,0
55667,26,60000,RENT,0.0,EDUCATION,A,6100,8.49,0.1,N,2,0
55668,22,62000,RENT,5.0,MEDICAL,B,7200,11.71,0.12,N,2,0
55669,21,50000,MORTGAGE,5.0,DEBTCONSOLIDATION,B,4000,10.99,0.08,N,2,0
55670,22,81996,MORTGAGE,6.0,EDUCATION,B,5600,12.53,0.07,N,4,0
55671,34,156000,MORTGAGE,18.0,PERSONAL,A,9600,6.62,0.06,N,8,0
55672,25,110000,OWN,2.0,HOMEIMPROVEMENT,B,3000,10.65,0.03,N,2,0
55673,29,28800,RENT,0.0,PERSONAL,C,2000,14.26,0.07,Y,7,0
55674,28,42000,RENT,12.0,EDUCATION,A,12000,7.51,0.29,N,8,0
55675,24,48000,OWN,0.0,PERSONAL,A,4200,7.74,0.09,N,3,0
55676,21,36100,RENT,5.0,PERSONAL,B,10000,10.0,0.28,N,2,1
55677,30,60000,MORTGAGE,3.0,DEBTCONSOLIDATION,A,6000,7.88,0.1,N,7,0
55678,32,90000,MORTGAGE,5.0,DEBTCONSOLIDATION,A,15000,6.03,0.17,N,5,0
55679,25,50000,RENT,2.0,DEBTCONSOLIDATION,B,3000,12.69,0.06,N,4,0
55680,22,100000,RENT,2.0,DEBTCONSOLIDATION,C,6000,13.49,0.06,Y,3,0
55681,37,54000,MORTGAGE,12.0,VENTURE,B,4800,9.99,0.08,N,12,0
55682,27,60000,MORTGAGE,8.0,VENTURE,A,2500,6.76,0.04,N,5,0
55683,23,50000,MORTGAGE,7.0,EDUCATION,C,2000,13.61,0.04,N,3,0
55684,24,50000,RENT,5.0,PERSONAL,A,10000,7.49,0.2,N,4,0
55685,22,55000,RENT,6.0,PERSONAL,C,15000,13.16,0.27,N,4,0
55686,28,60000,RENT,12.0,DEBTCONSOLIDATION,A,12000,7.51,0.2,N,8,0
55687,23,54996,RENT,7.0,MEDICAL,B,12000,10.37,0.22,N,4,0
55688,26,65000,RENT,6.0,VENTURE,B,6000,8.88,0.09,N,3,0
55689,25,33000,RENT,2.0,EDUCATION,D,12000,14.96,0.37,N,3,1
55690,22,44000,RENT,2.0,HOMEIMPROVEMENT,C,7000,13.49,0.16,Y,2,1
55691,28,102000,MORTGAGE,5.0,PERSONAL,A,6000,7.49,0.06,N,10,0
55692,26,25000,RENT,0.0,DEBTCONSOLIDATION,C,8000,12.73,0.32,Y,3,1
55693,24,90000,MORTGAGE,8.0,PERSONAL,A,6000,6.03,0.07,N,3,0
55694,42,17000,RENT,1.0,VENTURE,C,7000,11.34,0.41,Y,17,1
55695,25,70000,MORTGAGE,9.0,VENTURE,A,8000,6.99,0.11,N,2,0
55696,31,60000,MORTGAGE,2.0,MEDICAL,B,4000,9.99,0.07,N,6,0
55697,26,50000,RENT,0.0,MEDICAL,A,7200,7.29,0.14,N,2,0
55698,22,29100,RENT,2.0,PERSONAL,C,6250,13.49,0.21,Y,3,0
55699,22,75000,RENT,2.0,EDUCATION,A,12000,6.92,0.16,N,2,0
55700,29,68000,RENT,4.0,VENTURE,C,11200,14.65,0.16,N,9,0
55701,22,60000,RENT,6.0,EDUCATION,A,17500,7.88,0.29,N,4,0
55702,28,78000,RENT,2.0,EDUCATION,C,14000,13.48,0.18,Y,8,0
55703,23,43288,OWN,7.0,EDUCATION,A,10000,7.9,0.23,N,2,0
55704,29,38000,RENT,3.0,MEDICAL,B,13000,10.99,0.33,N,10,1
55705,31,85000,RENT,4.0,VENTURE,B,10000,12.18,0.12,N,6,0
55706,24,39996,RENT,2.0,PERSONAL,A,8000,9.63,0.2,N,2,0
55707,31,105000,MORTGAGE,8.0,EDUCATION,B,7200,10.99,0.07,N,5,0
55708,22,24996,OWN,6.0,EDUCATION,C,5000,11.34,0.2,Y,4,0
55709,25,80000,MORTGAGE,3.0,VENTURE,B,3000,10.99,0.04,N,4,0
55710,26,80000,RENT,7.0,EDUCATION,C,15000,13.04,0.19,Y,4,0
55711,24,50000,MORTGAGE,4.0,EDUCATION,A,5800,6.03,0.13,N,3,0
55712,37,70000,MORTGAGE,2.0,HOMEIMPROVEMENT,A,3500,6.03,0.05,N,13,0
55713,22,55000,RENT,6.0,EDUCATION,B,5000,11.71,0.09,N,2,0
55714,25,63000,RENT,2.0,DEBTCONSOLIDATION,A,12500,7.88,0.2,N,4,0
55715,23,70000,OWN,0.0,MEDICAL,B,8000,11.14,0.11,N,4,0
55716,24,25000,RENT,5.0,EDUCATION,D,2400,14.42,0.1,Y,2,0
55717,34,125000,MORTGAGE,4.0,EDUCATION,C,15000,13.92,0.12,N,6,0
55718,23,47000,RENT,1.0,EDUCATION,B,13000,12.42,0.28,N,2,0
55719,22,52000,RENT,6.0,EDUCATION,B,7000,12.69,0.13,N,4,0
55720,22,38004,RENT,5.0,MEDICAL,C,10000,13.35,0.26,Y,3,0
55721,22,31200,OWN,2.0,DEBTCONSOLIDATION,D,1200,14.61,0.04,N,2,0
55722,32,140000,MORTGAGE,4.0,HOMEIMPROVEMENT,B,20000,11.36,0.14,N,10,0
55723,28,75500,OWN,4.0,VENTURE,C,10000,13.43,0.13,N,5,0
55724,38,52000,RENT,4.0,PERSONAL,C,10000,13.79,0.19,Y,13,0
55725,51,48000,RENT,3.0,PERSONAL,C,15000,13.11,0.31,Y,20,1
55726,24,40000,MORTGAGE,5.0,EDUCATION,B,5000,10.0,0.13,N,2,0
55727,34,55000,MORTGAGE,3.0,PERSONAL,B,15000,12.18,0.27,N,9,0
55728,26,49000,RENT,8.0,PERSONAL,D,5000,14.74,0.1,Y,3,1
55729,26,80000,MORTGAGE,10.0,PERSONAL,B,9000,12.42,0.11,N,4,0
55730,23,30000,RENT,0.0,PERSONAL,G,3000,20.86,0.1,Y,4,1
55731,31,74984,RENT,2.0,VENTURE,A,13500,9.38,0.18,N,10,0
55732,23,33000,RENT,0.0,PERSONAL,B,3200,11.99,0.1,N,2,1
55733,23,52500,MORTGAGE,7.0,DEBTCONSOLIDATION,A,15000,7.88,0.29,N,4,0
55734,25,42000,RENT,2.0,MEDICAL,C,6000,13.49,0.14,N,3,0
55735,34,51000,RENT,8.0,PERSONAL,B,20000,10.25,0.39,N,8,1
55736,39,55512,MORTGAGE,10.0,PERSONAL,B,2000,10.99,0.04,N,15,0
55737,22,20400,RENT,0.0,EDUCATION,A,1200,7.88,0.06,N,2,0
55738,26,52524,RENT,9.0,MEDICAL,B,9300,11.83,0.18,N,2,0
55739,38,50000,RENT,5.0,DEBTCONSOLIDATION,B,6100,11.71,0.12,N,11,0
55740,35,95000,OWN,0.0,PERSONAL,A,9000,7.51,0.09,N,8,0
55741,26,30000,RENT,5.0,PERSONAL,B,3000,10.99,0.1,N,4,0
55742,29,32000,RENT,6.0,MEDICAL,C,4500,14.72,0.14,N,8,0
55743,24,70000,MORTGAGE,9.0,PERSONAL,A,15000,6.03,0.21,N,3,0
55744,30,60000,MORTGAGE,2.0,PERSONAL,B,10000,10.59,0.17,N,6,0
55745,22,35000,RENT,6.0,EDUCATION,B,10000,10.37,0.29,N,3,0
55746,22,100000,MORTGAGE,1.0,VENTURE,C,10000,12.87,0.1,Y,4,0
55747,28,38196,RENT,5.0,MEDICAL,B,10750,10.75,0.28,N,6,0
55748,26,75000,MORTGAGE,1.0,HOMEIMPROVEMENT,B,7800,10.99,0.1,N,4,0
55749,37,39000,RENT,7.0,EDUCATION,D,15000,13.24,0.38,Y,12,1
55750,22,50000,OWN,5.0,VENTURE,A,15000,7.88,0.3,N,2,0
55751,23,60000,RENT,0.0,PERSONAL,B,10000,10.65,0.17,N,2,0
55752,24,25000,RENT,1.0,DEBTCONSOLIDATION,F,9750,18.62,0.41,N,2,1
55753,45,99000,MORTGAGE,2.0,PERSONAL,A,10000,7.29,0.1,N,15,0
55754,24,53000,MORTGAGE,8.0,HOMEIMPROVEMENT,A,6000,5.42,0.11,N,4,0
55755,27,78000,RENT,7.0,EDUCATION,B,13000,10.65,0.17,N,10,0
55756,27,74400,MORTGAGE,2.0,EDUCATION,D,25000,15.57,0.34,Y,6,1
55757,24,45000,RENT,0.0,MEDICAL,B,4000,10.99,0.09,N,4,0
55758,28,65000,RENT,1.0,EDUCATION,C,8700,11.03,0.13,Y,7,0
55759,29,60000,RENT,3.0,HOMEIMPROVEMENT,C,20000,13.48,0.33,N,10,0
55760,25,35000,MORTGAGE,2.0,HOMEIMPROVEMENT,A,8000,6.99,0.23,N,4,0
55761,24,67000,RENT,3.0,HOMEIMPROVEMENT,B,12150,10.37,0.18,N,4,0
55762,36,57504,MORTGAGE,12.0,MEDICAL,A,3000,5.42,0.05,N,14,1
55763,34,56000,RENT,18.0,DEBTCONSOLIDATION,B,20000,11.71,0.36,N,10,1
55764,23,50000,MORTGAGE,7.0,EDUCATION,A,5000,7.14,0.1,N,3,0
55765,31,80000,MORTGAGE,8.0,VENTURE,A,6000,7.4,0.07,N,9,0
55766,42,200000,MORTGAGE,19.0,VENTURE,B,9000,12.53,0.04,N,16,0
55767,28,91392,RENT,5.0,PERSONAL,B,12000,11.99,0.12,N,7,0
55768,29,77368,RENT,1.0,VENTURE,B,15000,10.0,0.19,N,8,0
55769,22,33276,RENT,1.0,EDUCATION,A,6000,8.94,0.18,N,4,0
55770,24,26400,RENT,0.0,HOMEIMPROVEMENT,B,5000,10.75,0.19,N,3,1
55771,38,115000,MORTGAGE,0.0,EDUCATION,D,20000,14.61,0.17,N,13,0
55772,22,52000,RENT,6.0,EDUCATION,C,16000,14.22,0.31,Y,3,1
55773,37,95000,MORTGAGE,0.0,VENTURE,A,10000,8.59,0.11,N,13,0
55774,32,63000,RENT,5.0,DEBTCONSOLIDATION,C,3500,13.35,0.06,N,5,0
55775,27,12000,RENT,0.0,MEDICAL,C,1800,12.41,0.15,Y,6,0
55776,24,80000,RENT,2.0,MEDICAL,B,12000,10.59,0.15,N,4,0
55777,25,55000,MORTGAGE,9.0,PERSONAL,B,7000,11.71,0.13,N,2,0
55778,30,120000,MORTGAGE,14.0,HOMEIMPROVEMENT,A,6000,5.42,0.05,N,10,0
55779,22,40000,MORTGAGE,5.0,DEBTCONSOLIDATION,B,16000,8.88,0.4,N,2,0
55780,49,42000,RENT,4.0,VENTURE,D,4500,16.29,0.1,N,12,0
55781,24,45000,RENT,8.0,EDUCATION,A,6000,7.88,0.13,N,3,0
55782,30,65000,RENT,14.0,MEDICAL,B,5000,10.59,0.08,N,5,0
55783,21,66000,MORTGAGE,5.0,EDUCATION,C,10000,12.99,0.15,N,4,0
55784,28,75000,MORTGAGE,2.0,PERSONAL,B,25000,9.62,0.33,N,7,0
55785,24,60516,MORTGAGE,8.0,DEBTCONSOLIDATION,B,8400,10.59,0.14,N,2,0
55786,31,41004,RENT,2.0,MEDICAL,B,3000,11.14,0.07,N,10,0
55787,22,48000,RENT,3.0,EDUCATION,A,7000,6.62,0.15,N,2,0
55788,34,62000,RENT,2.0,EDUCATION,C,10000,13.49,0.16,Y,7,0
55789,47,50000,MORTGAGE,6.0,MEDICAL,C,11500,13.79,0.23,N,11,0
55790,21,18000,RENT,0.0,MEDICAL,C,1000,14.72,0.06,Y,4,0
55791,22,54000,MORTGAGE,4.0,DEBTCONSOLIDATION,A,2500,6.76,0.05,N,4,0
55792,40,85000,MORTGAGE,18.0,VENTURE,A,8000,7.88,0.09,N,17,0
55793,29,100000,RENT,8.0,HOMEIMPROVEMENT,B,7000,10.74,0.07,N,6,0
55794,23,66996,MORTGAGE,4.0,EDUCATION,B,10000,11.89,0.15,N,4,0
55795,26,95000,RENT,1.0,HOMEIMPROVEMENT,B,4800,10.99,0.05,N,3,0
55796,26,46000,RENT,11.0,PERSONAL,B,7000,12.42,0.16,N,2,1
55797,24,40000,RENT,1.0,DEBTCONSOLIDATION,B,4000,11.86,0.1,N,3,0
55798,30,143000,MORTGAGE,14.0,VENTURE,B,25000,10.65,0.17,N,7,0
55799,33,95000,MORTGAGE,3.0,DEBTCONSOLIDATION,A,14000,7.51,0.15,N,5,0
55800,24,60000,RENT,0.0,PERSONAL,A,16000,7.9,0.27,N,3,0
55801,35,40000,RENT,4.0,EDUCATION,C,10000,13.99,0.25,Y,6,0
55802,28,62500,RENT,12.0,DEBTCONSOLIDATION,A,12000,7.51,0.19,N,7,1
55803,29,102500,MORTGAGE,0.0,MEDICAL,A,8000,5.79,0.08,N,6,0
55804,28,60000,RENT,0.0,DEBTCONSOLIDATION,C,11000,13.16,0.19,Y,5,0
55805,22,55000,RENT,6.0,VENTURE,B,4800,11.71,0.09,N,2,0
55806,27,42000,RENT,4.0,DEBTCONSOLIDATION,B,4000,10.37,0.1,N,6,0
55807,24,65000,RENT,5.0,DEBTCONSOLIDATION,C,6000,13.22,0.09,Y,2,0
55808,24,78708,MORTGAGE,2.0,HOMEIMPROVEMENT,A,7000,8.0,0.09,N,4,0
55809,27,76000,OWN,11.0,VENTURE,B,10000,10.36,0.13,N,10,0
55810,32,99996,MORTGAGE,6.0,VENTURE,C,8000,13.57,0.08,Y,10,0
55811,39,75000,MORTGAGE,2.0,DEBTCONSOLIDATION,A,15000,6.54,0.2,N,11,0
55812,48,50000,MORTGAGE,7.0,EDUCATION,B,5000,10.99,0.1,N,11,0
55813,29,120000,MORTGAGE,7.0,MEDICAL,A,8500,7.51,0.07,N,5,0
55814,29,68000,OWN,4.0,PERSONAL,C,15000,12.84,0.22,Y,9,0
55815,25,65000,RENT,1.0,DEBTCONSOLIDATION,A,6000,7.49,0.09,N,3,0
55816,29,50000,MORTGAGE,11.0,PERSONAL,A,4000,5.42,0.08,N,6,0
55817,28,48000,RENT,2.0,EDUCATION,B,3000,11.89,0.06,N,9,0
55818,28,50000,RENT,4.0,VENTURE,A,10000,6.54,0.2,N,6,0
55819,28,15600,RENT,3.0,VENTURE,C,1200,14.17,0.07,Y,8,0
55820,22,80000,OWN,1.0,EDUCATION,F,25000,19.79,0.31,N,3,0
55821,27,110000,MORTGAGE,11.0,PERSONAL,A,6000,6.99,0.05,N,7,0
55822,28,43680,RENT,4.0,DEBTCONSOLIDATION,B,7000,9.91,0.16,N,8,1
55823,26,48000,MORTGAGE,3.0,VENTURE,A,2500,6.76,0.05,N,3,0
55824,24,70000,MORTGAGE,8.0,PERSONAL,A,11200,5.99,0.16,N,4,0
55825,23,35000,RENT,7.0,MEDICAL,B,5000,10.65,0.14,N,2,0
55826,25,60000,RENT,7.0,HOMEIMPROVEMENT,B,4000,11.49,0.07,N,3,0
55827,28,48500,RENT,3.0,MEDICAL,C,20000,13.61,0.41,Y,8,1
55828,23,45000,MORTGAGE,4.0,VENTURE,A,6000,7.66,0.13,N,4,0
55829,29,80000,RENT,13.0,VENTURE,B,15000,11.49,0.19,N,5,0
55830,45,45000,MORTGAGE,5.0,MEDICAL,A,3800,6.03,0.09,N,15,0
55831,23,50000,MORTGAGE,4.0,EDUCATION,A,5000,7.14,0.1,N,2,0
55832,26,72444,MORTGAGE,8.0,EDUCATION,A,7000,7.88,0.1,N,4,0
55833,30,42000,MORTGAGE,8.0,PERSONAL,B,8000,10.37,0.19,N,6,0
55834,28,50000,RENT,0.0,HOMEIMPROVEMENT,C,9000,14.35,0.18,N,5,0
55835,29,100000,RENT,3.0,MEDICAL,B,10000,10.99,0.1,N,7,0
55836,24,47000,MORTGAGE,9.0,DEBTCONSOLIDATION,A,4000,9.32,0.08,N,2,0
55837,28,61500,RENT,4.0,PERSONAL,B,3200,10.25,0.06,N,7,0
55838,24,40000,RENT,3.0,PERSONAL,C,4000,11.78,0.1,Y,2,0
55839,31,100000,MORTGAGE,0.0,PERSONAL,A,8000,5.42,0.08,N,8,0
55840,44,60000,RENT,6.0,VENTURE,C,2000,13.49,0.03,N,14,0
55841,32,48000,RENT,3.0,PERSONAL,C,6000,13.49,0.13,Y,10,0
55842,21,31500,RENT,3.0,VENTURE,A,6000,8.94,0.19,N,4,0
55843,39,58000,RENT,4.0,VENTURE,E,18000,19.42,0.31,Y,17,1
55844,47,95000,MORTGAGE,2.0,EDUCATION,C,19800,13.22,0.21,Y,17,1
55845,34,29000,RENT,1.0,HOMEIMPROVEMENT,D,8000,14.11,0.28,Y,5,1
55846,22,30000,RENT,1.0,HOMEIMPROVEMENT,D,6000,15.62,0.2,N,4,1
55847,26,42000,MORTGAGE,3.0,DEBTCONSOLIDATION,D,6000,14.61,0.14,Y,4,1
55848,27,62400,MORTGAGE,12.0,MEDICAL,A,2000,5.42,0.03,N,6,0
55849,22,32000,RENT,5.0,PERSONAL,C,12000,13.06,0.38,Y,2,1
55850,38,40000,RENT,1.0,VENTURE,A,4000,7.9,0.1,N,15,0
55851,23,95000,MORTGAGE,4.0,EDUCATION,A,10000,7.88,0.11,N,2,0
55852,23,48600,RENT,3.0,MEDICAL,D,4800,12.61,0.1,N,4,1
55853,28,43200,RENT,4.0,EDUCATION,B,1700,10.59,0.04,N,7,0
55854,22,60000,RENT,6.0,PERSONAL,B,14000,11.14,0.23,N,4,0
55855,27,79636,RENT,11.0,PERSONAL,D,19200,13.87,0.24,Y,8,0
55856,23,78000,MORTGAGE,7.0,MEDICAL,A,14000,8.9,0.18,N,2,0
55857,42,54000,MORTGAGE,13.0,PERSONAL,A,4000,8.9,0.07,N,11,0
55858,26,60000,RENT,0.0,PERSONAL,C,10000,12.73,0.17,N,4,0
55859,36,150000,MORTGAGE,3.0,EDUCATION,A,10000,7.29,0.07,N,16,0
55860,22,77000,MORTGAGE,6.0,VENTURE,C,12000,13.48,0.16,N,2,0
55861,22,30000,RENT,4.0,VENTURE,C,6000,13.49,0.2,N,3,1
55862,27,50000,RENT,6.0,MEDICAL,B,7750,10.62,0.16,N,9,0
55863,24,89028,RENT,8.0,PERSONAL,C,3500,15.23,0.04,Y,4,0
55864,27,102000,MORTGAGE,7.0,EDUCATION,B,10000,9.63,0.1,N,9,0
55865,33,38400,MORTGAGE,4.0,VENTURE,A,4200,7.14,0.1,N,10,0
55866,24,56000,MORTGAGE,8.0,MEDICAL,B,6000,10.99,0.11,N,2,0
55867,23,65000,RENT,5.0,EDUCATION,A,8000,7.51,0.12,N,2,0
55868,23,70000,RENT,7.0,EDUCATION,B,10000,10.36,0.14,N,4,0
55869,28,50000,RENT,6.0,PERSONAL,B,10000,11.58,0.2,N,9,0
55870,38,55000,OWN,4.0,VENTURE,D,5000,14.96,0.09,Y,15,0
55871,33,54000,RENT,4.0,PERSONAL,C,10000,13.06,0.19,N,10,0
55872,24,54000,RENT,0.0,EDUCATION,D,10000,16.45,0.19,N,2,1
55873,25,80000,RENT,9.0,EDUCATION,B,17600,10.62,0.21,N,2,0
55874,24,39000,RENT,8.0,EDUCATION,B,1000,10.99,0.03,N,3,0
55875,24,24000,RENT,3.0,DEBTCONSOLIDATION,A,7000,6.54,0.29,N,3,0
55876,24,44000,OWN,8.0,MEDICAL,A,10000,7.49,0.23,N,3,0
55877,28,25000,OWN,0.0,VENTURE,B,12000,11.99,0.48,N,5,0
55878,30,90000,MORTGAGE,7.0,HOMEIMPROVEMENT,A,12000,6.62,0.13,N,8,0
55879,24,30000,RENT,1.0,MEDICAL,C,3000,13.49,0.1,Y,3,0
55880,37,30000,RENT,2.0,PERSONAL,A,6200,8.49,0.21,N,15,0
55881,23,42000,RENT,1.0,DEBTCONSOLIDATION,C,3000,13.49,0.07,Y,3,0
55882,26,30000,RENT,0.0,MEDICAL,A,4800,7.49,0.16,N,3,0
55883,23,36000,RENT,3.0,MEDICAL,B,5000,11.99,0.14,N,3,0
55884,28,55000,RENT,3.0,HOMEIMPROVEMENT,D,3000,14.84,0.05,N,8,0
55885,21,25200,RENT,5.0,EDUCATION,C,1200,13.06,0.05,N,3,0
55886,22,42000,RENT,6.0,MEDICAL,B,3000,11.83,0.07,N,2,0
55887,26,34000,RENT,10.0,VENTURE,C,12000,13.57,0.35,N,2,1
55888,26,103000,MORTGAGE,2.0,EDUCATION,C,9500,14.22,0.09,N,4,1
55889,22,25000,OWN,1.0,MEDICAL,D,1000,15.33,0.04,Y,3,0
55890,25,40000,MORTGAGE,9.0,DEBTCONSOLIDATION,A,5000,7.14,0.13,N,4,0
55891,24,50000,MORTGAGE,9.0,EDUCATION,B,3600,9.99,0.07,N,3,0
55892,29,75000,RENT,1.0,MEDICAL,A,13600,7.29,0.18,N,9,0
55893,27,98004,OWN,8.0,VENTURE,A,18500,8.49,0.19,N,5,0
55894,31,70000,MORTGAGE,5.0,EDUCATION,B,7000,10.36,0.1,N,6,0
55895,23,90000,RENT,7.0,MEDICAL,B,3000,10.65,0.03,N,4,0
55896,24,95000,OWN,4.0,HOMEIMPROVEMENT,A,7600,8.49,0.08,N,2,0
55897,30,120000,MORTGAGE,11.0,MEDICAL,B,5000,9.99,0.04,N,5,0
55898,30,65000,MORTGAGE,2.0,HOMEIMPROVEMENT,A,6000,8.49,0.09,N,7,0
55899,21,35000,MORTGAGE,5.0,MEDICAL,A,7200,5.79,0.21,N,3,0
55900,27,68000,MORTGAGE,11.0,EDUCATION,C,3000,13.98,0.04,N,9,0
55901,29,62000,MORTGAGE,2.0,DEBTCONSOLIDATION,A,8000,5.42,0.13,N,7,0
55902,27,75000,RENT,6.0,EDUCATION,C,25000,13.85,0.33,Y,6,1
55903,29,48000,RENT,9.0,DEBTCONSOLIDATION,A,5000,8.9,0.1,N,5,0
55904,21,38000,RENT,2.0,VENTURE,A,10400,7.66,0.27,N,2,0
55905,25,40000,MORTGAGE,2.0,EDUCATION,B,8000,10.38,0.2,N,2,0
55906,22,36000,RENT,0.0,MEDICAL,B,3600,9.99,0.1,N,4,0
55907,21,60000,RENT,5.0,PERSONAL,B,9000,10.62,0.15,N,4,0
55908,27,60132,RENT,11.0,DEBTCONSOLIDATION,A,10000,7.88,0.17,N,5,0
55909,26,39915,RENT,10.0,MEDICAL,D,14000,16.29,0.35,N,2,1
55910,53,85000,RENT,1.0,MEDICAL,B,24000,12.69,0.28,N,26,0
55911,26,45000,MORTGAGE,1.0,DEBTCONSOLIDATION,B,12775,9.91,0.29,N,2,0
55912,27,120000,MORTGAGE,11.0,DEBTCONSOLIDATION,C,16000,13.72,0.13,N,7,0
55913,23,35000,RENT,7.0,EDUCATION,B,5000,11.71,0.14,N,2,0
55914,22,27996,RENT,2.0,DEBTCONSOLIDATION,B,5000,11.86,0.18,N,2,0
55915,22,26400,MORTGAGE,0.0,PERSONAL,B,1000,11.71,0.04,N,2,1
55916,22,55400,RENT,4.0,EDUCATION,B,8000,11.14,0.15,N,3,0
55917,22,30000,RENT,0.0,EDUCATION,A,7000,7.29,0.23,N,3,0
55918,22,84996,RENT,5.0,DEBTCONSOLIDATION,B,10000,11.49,0.12,N,2,0
55919,28,43500,MORTGAGE,12.0,EDUCATION,B,4000,12.69,0.09,N,10,0
55920,36,33600,RENT,8.0,PERSONAL,C,5500,14.27,0.16,Y,16,0
55921,31,48000,RENT,1.0,MEDICAL,C,1200,13.85,0.03,Y,6,0
55922,27,60000,RENT,11.0,VENTURE,A,9000,7.88,0.15,N,6,0
55923,27,175000,RENT,3.0,HOMEIMPROVEMENT,A,15000,6.54,0.09,N,7,0
55924,26,36000,RENT,5.0,PERSONAL,C,8000,13.06,0.22,N,2,0
55925,31,60000,MORTGAGE,4.0,DEBTCONSOLIDATION,A,9000,5.79,0.15,N,6,0
55926,29,82500,RENT,3.0,HOMEIMPROVEMENT,A,10000,7.29,0.12,N,9,0
55927,30,35000,MORTGAGE,6.0,HOMEIMPROVEMENT,C,7500,13.79,0.21,N,8,0
55928,34,60000,RENT,18.0,HOMEIMPROVEMENT,B,10000,10.62,0.17,N,10,0
55929,34,40000,RENT,0.0,PERSONAL,C,12000,12.87,0.3,Y,7,0
55930,36,50000,MORTGAGE,2.0,VENTURE,A,6000,5.79,0.12,N,13,0
55931,28,61500,RENT,2.0,EDUCATION,B,4800,11.48,0.08,N,5,0
55932,33,95000,RENT,5.0,PERSONAL,C,7200,14.35,0.08,N,6,0
55933,45,110000,RENT,7.0,MEDICAL,B,13000,9.33,0.12,N,11,0
55934,27,35000,RENT,1.0,VENTURE,B,4000,11.49,0.11,N,9,0
55935,27,80000,MORTGAGE,11.0,MEDICAL,A,10000,7.49,0.13,N,6,0
55936,26,45000,RENT,1.0,VENTURE,A,6000,5.79,0.13,N,3,0
55937,25,90000,RENT,0.0,DEBTCONSOLIDATION,C,20000,13.16,0.22,Y,4,0
55938,28,38400,RENT,0.0,PERSONAL,D,12000,15.37,0.32,N,5,1
55939,26,85000,RENT,2.0,PERSONAL,A,9000,6.62,0.11,N,3,0
55940,23,58000,RENT,0.0,EDUCATION,A,6600,6.17,0.11,N,4,0
55941,31,95000,MORTGAGE,15.0,VENTURE,A,17000,8.49,0.18,N,8,0
55942,24,35004,RENT,2.0,MEDICAL,B,15000,10.75,0.43,N,3,1
55943,23,54000,RENT,1.0,EDUCATION,C,10000,14.22,0.19,Y,3,1
55944,36,70000,RENT,6.0,EDUCATION,A,15000,6.91,0.21,N,14,0
55945,27,140000,MORTGAGE,6.0,VENTURE,A,16000,7.88,0.12,N,6,0
55946,25,70000,RENT,4.0,HOMEIMPROVEMENT,A,2000,7.9,0.03,N,3,0
55947,23,50000,MORTGAGE,2.0,VENTURE,B,4500,11.11,0.09,N,4,0
55948,24,150000,MORTGAGE,5.0,EDUCATION,C,15000,14.22,0.1,Y,3,0
55949,35,105000,RENT,2.0,DEBTCONSOLIDATION,A,12000,7.88,0.11,N,9,0
55950,24,57600,RENT,6.0,HOMEIMPROVEMENT,B,9000,10.0,0.16,N,2,0
55951,27,80000,RENT,1.0,HOMEIMPROVEMENT,C,16000,12.84,0.2,N,10,0
55952,23,70000,MORTGAGE,7.0,VENTURE,A,4800,6.99,0.07,N,2,0
55953,23,75000,RENT,5.0,MEDICAL,B,8000,11.49,0.11,N,3,0
55954,27,55000,OWN,3.0,MEDICAL,B,4000,10.38,0.07,N,10,0
55955,31,120000,MORTGAGE,11.0,MEDICAL,B,12000,10.99,0.1,N,6,0
55956,24,48672,RENT,6.0,EDUCATION,B,12000,12.69,0.25,N,4,0
55957,21,25000,RENT,0.0,DEBTCONSOLIDATION,C,8000,13.48,0.32,Y,2,1
55958,31,51000,RENT,15.0,PERSONAL,B,1000,11.12,0.02,N,7,0
55959,30,36000,MORTGAGE,8.0,EDUCATION,A,9500,7.51,0.27,N,10,1
55960,22,36000,RENT,4.0,EDUCATION,B,9600,11.48,0.27,N,4,0
55961,45,90000,MORTGAGE,3.0,PERSONAL,A,15000,7.88,0.17,N,12,0
55962,22,72000,RENT,5.0,MEDICAL,B,8400,9.99,0.12,N,2,0
55963,45,102000,MORTGAGE,6.0,DEBTCONSOLIDATION,B,10000,10.25,0.1,N,15,0
55964,29,40000,MORTGAGE,0.0,EDUCATION,D,6000,16.77,0.15,N,5,0
55965,23,66000,RENT,7.0,VENTURE,B,5000,10.39,0.08,N,4,0
55966,22,43200,RENT,3.0,EDUCATION,A,10000,7.49,0.23,N,3,0
55967,22,45000,OWN,1.0,HOMEIMPROVEMENT,C,9200,13.92,0.2,N,2,0
55968,28,70000,RENT,2.0,MEDICAL,B,15000,12.18,0.21,N,10,0
55969,23,85000,RENT,4.0,MEDICAL,B,12000,11.49,0.14,N,2,0
55970,24,47340,RENT,2.0,MEDICAL,C,3500,13.35,0.07,N,2,0
55971,24,42000,MORTGAGE,8.0,PERSONAL,C,12250,12.73,0.29,N,3,0
55972,22,55000,MORTGAGE,6.0,PERSONAL,A,10000,6.03,0.18,N,2,0
55973,26,59000,RENT,3.0,EDUCATION,D,7000,14.96,0.12,N,3,1
55974,28,32000,RENT,5.0,MEDICAL,C,6000,12.29,0.19,N,8,0
55975,25,60000,RENT,2.0,PERSONAL,B,12000,10.65,0.2,N,3,0
55976,23,46800,OWN,7.0,VENTURE,B,7500,10.37,0.16,N,3,0
55977,24,74000,MORTGAGE,8.0,EDUCATION,A,28000,7.9,0.37,N,3,0
55978,24,51996,MORTGAGE,2.0,PERSONAL,A,7000,8.49,0.13,N,2,0
55979,27,28800,RENT,2.0,MEDICAL,C,6000,12.23,0.21,Y,7,0
55980,22,75000,MORTGAGE,6.0,VENTURE,A,3000,7.9,0.04,N,3,0
55981,24,37000,RENT,2.0,MEDICAL,A,10000,6.92,0.27,N,2,0
55982,26,48000,OWN,10.0,VENTURE,A,5000,8.49,0.1,N,3,0
55983,24,42000,RENT,1.0,EDUCATION,C,6000,12.99,0.14,Y,3,0
55984,24,47000,RENT,5.0,DEBTCONSOLIDATION,A,7000,7.14,0.15,N,3,0
55985,27,65000,RENT,6.0,DEBTCONSOLIDATION,B,4000,10.25,0.06,N,7,0
55986,27,56400,RENT,0.0,DEBTCONSOLIDATION,C,20000,13.8,0.35,N,6,1
55987,32,49000,RENT,2.0,HOMEIMPROVEMENT,E,7000,15.95,0.14,Y,6,1
55988,22,55000,MORTGAGE,6.0,MEDICAL,B,13000,9.91,0.24,N,3,0
55989,22,37000,RENT,2.0,EDUCATION,B,3000,10.37,0.08,N,4,0
55990,33,98000,MORTGAGE,3.0,EDUCATION,B,25000,11.83,0.26,N,9,0
55991,22,49000,MORTGAGE,6.0,DEBTCONSOLIDATION,B,5200,9.76,0.1,N,4,0
55992,25,52000,MORTGAGE,9.0,EDUCATION,A,5000,7.14,0.1,N,3,0
55993,38,140000,MORTGAGE,22.0,EDUCATION,A,12000,6.03,0.09,N,15,0
55994,31,70000,RENT,15.0,EDUCATION,B,12000,12.42,0.17,N,5,0
55995,28,78956,RENT,5.0,MEDICAL,B,35000,11.11,0.44,N,7,1
55996,23,90000,RENT,4.0,MEDICAL,B,5000,12.42,0.06,N,4,0
55997,37,65000,OWN,19.0,PERSONAL,D,18500,16.0,0.28,N,12,0
55998,22,88000,MORTGAGE,6.0,VENTURE,B,18000,12.42,0.2,N,4,0
55999,26,18700,RENT,2.0,MEDICAL,A,1200,5.42,0.07,N,4,0
56000,30,90000,MORTGAGE,4.0,VENTURE,B,10000,10.75,0.11,N,8,0
56001,25,38000,OWN,2.0,EDUCATION,B,6000,11.36,0.16,N,2,0
56002,22,38400,MORTGAGE,2.0,EDUCATION,A,5000,7.88,0.13,N,2,0
56003,25,54000,RENT,2.0,MEDICAL,C,12000,12.99,0.23,N,2,0
56004,33,36000,OWN,2.0,VENTURE,B,4000,9.99,0.11,N,7,0
56005,23,156000,MORTGAGE,7.0,EDUCATION,D,15000,17.58,0.1,N,3,0
56006,28,48000,RENT,4.0,DEBTCONSOLIDATION,A,15000,7.88,0.31,N,7,1
56007,23,49000,RENT,7.0,EDUCATION,B,6000,10.99,0.12,N,3,0
56008,31,50000,RENT,3.0,VENTURE,A,6000,5.99,0.12,N,10,0
56009,22,64000,RENT,2.0,EDUCATION,A,16000,7.88,0.25,N,4,0
56010,44,66500,MORTGAGE,5.0,VENTURE,B,4000,10.95,0.06,N,11,0
56011,29,35000,RENT,0.0,PERSONAL,B,5000,10.65,0.14,N,8,0
56012,33,70560,MORTGAGE,11.0,PERSONAL,C,6000,13.35,0.08,N,6,0
56013,27,91200,MORTGAGE,0.0,HOMEIMPROVEMENT,C,9000,12.68,0.1,N,10,0
56014,25,100000,MORTGAGE,0.0,EDUCATION,A,15000,5.79,0.15,N,4,0
56015,26,125000,RENT,5.0,MEDICAL,A,10000,7.9,0.08,N,4,0
56016,27,70000,MORTGAGE,11.0,VENTURE,B,13000,10.99,0.19,N,10,0
56017,27,40000,MORTGAGE,6.0,PERSONAL,A,10000,7.74,0.25,N,8,0
56018,25,35000,OWN,3.0,MEDICAL,A,8000,7.29,0.23,N,4,0
56019,24,50000,OWN,2.0,PERSONAL,B,2100,12.21,0.04,N,4,0
56020,41,116004,MORTGAGE,1.0,DEBTCONSOLIDATION,B,18000,10.37,0.15,N,16,0
56021,27,52000,OWN,2.0,EDUCATION,D,10000,15.65,0.19,Y,9,0
56022,27,30000,RENT,1.0,MEDICAL,A,8300,8.9,0.28,N,6,0
56023,28,55000,OWN,3.0,VENTURE,A,11000,6.62,0.2,N,7,0
56024,22,56056,RENT,4.0,PERSONAL,B,5600,12.69,0.1,N,3,0
56025,45,198000,MORTGAGE,8.0,DEBTCONSOLIDATION,A,12000,5.79,0.06,N,11,0
56026,26,45000,MORTGAGE,3.0,EDUCATION,A,5000,5.79,0.11,N,4,0
56027,22,42000,MORTGAGE,6.0,VENTURE,C,10000,13.49,0.24,Y,4,0
56028,24,30000,RENT,3.0,MEDICAL,A,6000,7.9,0.2,N,2,0
56029,27,57000,MORTGAGE,0.0,DEBTCONSOLIDATION,A,3000,5.42,0.05,N,7,0
56030,23,32000,RENT,6.0,PERSONAL,B,8000,11.11,0.25,N,2,0
56031,30,34000,RENT,4.0,EDUCATION,G,15000,18.84,0.44,Y,6,1
56032,21,36000,OWN,5.0,EDUCATION,C,12000,12.84,0.33,Y,2,0
56033,24,40000,RENT,6.0,PERSONAL,A,17000,8.94,0.42,N,3,1
56034,35,40000,OWN,1.0,HOMEIMPROVEMENT,B,25000,11.86,0.63,N,8,0
56035,22,60000,RENT,6.0,MEDICAL,C,2000,14.22,0.03,Y,3,0
56036,24,70553,RENT,5.0,MEDICAL,D,25000,15.05,0.29,Y,3,1
56037,29,60000,MORTGAGE,3.0,PERSONAL,A,6000,8.9,0.1,N,10,0
56038,21,35000,MORTGAGE,5.0,MEDICAL,B,10000,10.99,0.29,N,3,0
56039,26,34000,RENT,2.0,HOMEIMPROVEMENT,C,9600,11.22,0.28,Y,3,1
56040,24,100000,RENT,2.0,EDUCATION,C,20000,11.34,0.2,N,4,0
56041,34,94000,MORTGAGE,14.0,DEBTCONSOLIDATION,A,12000,7.49,0.13,N,8,0
56042,57,45600,RENT,1.0,VENTURE,C,2000,13.35,0.04,N,26,0
56043,29,90000,MORTGAGE,1.0,EDUCATION,A,12000,5.79,0.13,N,9,0
56044,35,51000,RENT,5.0,MEDICAL,D,7000,14.11,0.14,N,5,1
56045,24,96000,MORTGAGE,8.0,VENTURE,A,6000,5.42,0.06,N,4,0
56046,30,100000,MORTGAGE,0.0,EDUCATION,C,12000,13.57,0.12,N,7,0
56047,22,60000,MORTGAGE,6.0,DEBTCONSOLIDATION,A,4500,7.49,0.07,N,2,0
56048,34,63000,RENT,7.0,EDUCATION,E,18200,16.0,0.3,Y,7,0
56049,25,24000,OWN,9.0,EDUCATION,B,6000,11.48,0.25,N,3,0
56050,31,66996,RENT,1.0,VENTURE,C,10000,13.57,0.15,Y,6,0
56051,37,90000,RENT,0.0,HOMEIMPROVEMENT,B,5000,12.53,0.06,N,13,0
56052,23,45000,RENT,1.0,PERSONAL,D,3500,14.96,0.08,Y,2,1
56053,24,73000,MORTGAGE,8.0,EDUCATION,C,7000,12.72,0.1,Y,4,1
56054,25,30000,RENT,2.0,PERSONAL,A,8000,7.9,0.27,N,4,0
56055,26,84000,MORTGAGE,10.0,PERSONAL,B,10000,10.99,0.12,N,3,0
56056,32,20000,RENT,2.0,PERSONAL,B,3600,11.48,0.19,N,5,0
56057,26,70000,MORTGAGE,10.0,PERSONAL,B,20000,11.11,0.29,N,4,0
56058,24,55000,MORTGAGE,5.0,DEBTCONSOLIDATION,C,12000,13.11,0.22,Y,4,0
56059,24,54000,MORTGAGE,8.0,EDUCATION,A,3000,5.42,0.05,N,2,0
56060,21,40000,RENT,0.0,PERSONAL,B,15000,11.71,0.38,N,3,1
56061,22,53000,RENT,6.0,VENTURE,B,12000,10.74,0.23,N,2,0
56062,26,83000,RENT,10.0,HOMEIMPROVEMENT,A,3500,6.03,0.04,N,3,0
56063,25,28800,RENT,1.0,PERSONAL,B,10000,11.89,0.35,N,3,1
56064,26,42000,MORTGAGE,5.0,EDUCATION,D,1000,16.29,0.02,Y,4,0
56065,24,40000,MORTGAGE,1.0,DEBTCONSOLIDATION,A,4000,6.39,0.1,N,4,0
56066,24,75000,MORTGAGE,7.0,EDUCATION,B,20000,10.38,0.27,N,3,0
56067,25,72000,MORTGAGE,7.0,MEDICAL,A,10000,6.03,0.14,N,2,0
56068,26,65000,RENT,7.0,MEDICAL,B,5000,10.39,0.08,N,3,0
56069,22,55000,RENT,6.0,MEDICAL,B,7000,11.49,0.13,N,2,0
56070,33,68000,MORTGAGE,2.0,EDUCATION,B,6000,11.99,0.09,N,9,0
56071,27,85000,MORTGAGE,11.0,HOMEIMPROVEMENT,A,10000,7.49,0.12,N,6,0
56072,26,102996,RENT,0.0,DEBTCONSOLIDATION,A,7200,7.74,0.07,N,3,0
56073,25,60000,MORTGAGE,9.0,HOMEIMPROVEMENT,A,3000,7.14,0.05,N,3,0
56074,38,25000,RENT,0.0,DEBTCONSOLIDATION,B,3000,11.11,0.12,N,11,0
56075,23,45000,MORTGAGE,1.0,EDUCATION,F,10000,20.89,0.22,N,3,1
56076,22,51312,RENT,6.0,EDUCATION,B,18000,12.21,0.35,N,4,1
56077,24,75000,RENT,0.0,DEBTCONSOLIDATION,B,3000,9.99,0.04,N,3,0
56078,23,78000,RENT,7.0,EDUCATION,C,14400,13.49,0.18,N,2,0
56079,21,53000,MORTGAGE,5.0,EDUCATION,A,8500,7.88,0.16,N,4,0
56080,30,60000,RENT,6.0,HOMEIMPROVEMENT,A,6000,7.14,0.1,N,5,0
56081,27,48996,OWN,2.0,VENTURE,D,5000,15.33,0.1,Y,5,0
56082,23,75000,RENT,5.0,DEBTCONSOLIDATION,A,5000,7.9,0.07,N,3,0
56083,39,60000,MORTGAGE,22.0,HOMEIMPROVEMENT,C,9000,13.61,0.15,N,15,0
56084,22,53000,RENT,6.0,DEBTCONSOLIDATION,C,6000,13.49,0.11,Y,2,0
56085,23,60000,RENT,3.0,PERSONAL,D,10000,15.21,0.17,N,3,0
56086,27,85000,MORTGAGE,4.0,HOMEIMPROVEMENT,B,12000,9.91,0.14,N,6,0
56087,25,146000,OWN,5.0,VENTURE,D,10000,16.89,0.07,N,4,0
56088,24,46000,RENT,5.0,EDUCATION,B,10000,9.99,0.22,N,3,0
56089,23,45000,RENT,0.0,VENTURE,B,3000,11.11,0.07,N,4,0
56090,35,83300,OWN,2.0,MEDICAL,E,25000,16.95,0.29,N,6,1
56091,23,110000,OWN,0.0,VENTURE,C,5000,14.35,0.05,Y,2,0
56092,23,75000,MORTGAGE,1.0,PERSONAL,B,6100,12.69,0.08,N,3,0
56093,31,65000,MORTGAGE,12.0,DEBTCONSOLIDATION,A,2000,9.32,0.03,N,10,0
56094,28,75000,MORTGAGE,6.0,VENTURE,A,8000,7.29,0.11,N,8,0
56095,22,53000,RENT,6.0,DEBTCONSOLIDATION,B,6000,10.75,0.11,N,3,0
56096,23,74000,MORTGAGE,1.0,EDUCATION,A,8500,7.49,0.12,N,3,0
56097,26,75531,MORTGAGE,3.0,EDUCATION,A,12000,7.9,0.16,N,2,0
56098,29,55000,RENT,3.0,EDUCATION,C,5000,12.53,0.09,N,7,0
56099,46,30000,MORTGAGE,21.0,HOMEIMPROVEMENT,B,3250,9.91,0.11,N,11,1
56100,38,50000,RENT,4.0,HOMEIMPROVEMENT,A,10000,6.91,0.2,N,11,0
56101,45,60000,MORTGAGE,9.0,VENTURE,E,9000,16.45,0.15,Y,17,0
56102,42,52000,RENT,2.0,DEBTCONSOLIDATION,C,8000,13.47,0.15,Y,17,0
56103,37,40000,RENT,1.0,PERSONAL,A,6000,6.91,0.15,N,16,0
56104,26,120000,MORTGAGE,3.0,EDUCATION,A,5000,7.29,0.04,N,3,0
56105,24,65000,RENT,4.0,MEDICAL,B,6500,11.99,0.11,N,3,0
56106,22,55000,RENT,0.0,VENTURE,C,10000,14.27,0.18,N,4,0
56107,24,72000,RENT,2.0,DEBTCONSOLIDATION,B,10000,10.59,0.14,N,4,0
56108,23,50000,RENT,0.0,PERSONAL,A,9000,7.14,0.18,N,3,0
56109,32,48000,MORTGAGE,5.0,PERSONAL,A,5000,6.99,0.1,N,6,0
56110,26,89000,RENT,3.0,MEDICAL,A,10800,7.88,0.12,N,2,0
56111,41,48000,RENT,2.0,PERSONAL,B,5000,10.65,0.1,N,16,0
56112,24,28000,RENT,6.0,DEBTCONSOLIDATION,B,8800,8.88,0.31,N,3,1
56113,29,80000,MORTGAGE,2.0,PERSONAL,C,25000,13.22,0.31,Y,9,1
56114,23,75000,RENT,4.0,DEBTCONSOLIDATION,B,5000,8.88,0.07,N,3,0
56115,34,65412,MORTGAGE,6.0,HOMEIMPROVEMENT,B,20000,10.65,0.31,N,6,0
56116,32,39996,MORTGAGE,4.0,EDUCATION,A,7000,7.51,0.18,N,6,0
56117,35,61425,RENT,2.0,HOMEIMPROVEMENT,B,2500,11.49,0.04,N,9,1
56118,24,122000,RENT,7.0,DEBTCONSOLIDATION,B,15000,10.99,0.12,N,3,0
56119,28,55000,MORTGAGE,12.0,EDUCATION,B,12500,10.59,0.23,N,6,0
56120,25,70000,MORTGAGE,1.0,MEDICAL,B,4000,10.25,0.06,N,3,0
56121,37,50000,RENT,1.0,DEBTCONSOLIDATION,A,8000,8.49,0.16,N,15,0
56122,29,44000,RENT,9.0,VENTURE,B,5000,10.71,0.11,N,6,0
56123,23,62004,RENT,6.0,MEDICAL,A,10000,9.32,0.16,N,3,0
56124,34,103000,RENT,0.0,VENTURE,A,6400,7.29,0.06,N,7,0
56125,39,55000,MORTGAGE,5.0,DEBTCONSOLIDATION,B,4800,12.69,0.09,N,14,0
56126,28,240000,MORTGAGE,11.0,VENTURE,C,8400,12.87,0.04,Y,5,0
56127,25,55000,RENT,8.0,VENTURE,B,4500,12.69,0.08,N,4,0
56128,24,45000,RENT,2.0,MEDICAL,C,6000,13.22,0.13,N,2,0
56129,22,58650,MORTGAGE,6.0,MEDICAL,D,20000,14.42,0.27,N,4,1
56130,27,61440,MORTGAGE,11.0,DEBTCONSOLIDATION,D,7200,14.42,0.12,N,5,0
56131,27,100000,MORTGAGE,7.0,PERSONAL,A,5500,6.03,0.06,N,7,0
56132,23,36000,RENT,3.0,DEBTCONSOLIDATION,A,5500,7.51,0.15,N,4,0
56133,22,94000,MORTGAGE,4.0,MEDICAL,A,11800,8.94,0.13,N,2,0
56134,24,78300,RENT,1.0,VENTURE,B,5000,10.99,0.06,N,3,0
56135,33,30000,MORTGAGE,2.0,PERSONAL,B,10000,11.14,0.33,N,9,0
56136,31,37440,MORTGAGE,15.0,EDUCATION,B,11000,10.65,0.29,N,6,0
56137,23,50000,OWN,2.0,VENTURE,A,8000,6.76,0.16,N,4,0
56138,41,35000,RENT,8.0,DEBTCONSOLIDATION,B,10000,10.99,0.29,N,16,0
56139,21,70000,MORTGAGE,5.0,MEDICAL,A,15000,7.49,0.21,N,3,0
56140,29,54000,RENT,13.0,MEDICAL,B,4000,11.14,0.07,N,10,0
56141,31,50000,RENT,3.0,MEDICAL,B,10000,10.25,0.2,N,6,0
56142,29,77625,RENT,3.0,EDUCATION,D,20000,14.42,0.26,N,9,0
56143,22,37000,RENT,2.0,EDUCATION,B,8000,10.0,0.22,N,2,0
56144,24,50000,RENT,2.0,DEBTCONSOLIDATION,B,2500,11.89,0.05,N,2,0
56145,26,54000,MORTGAGE,0.0,HOMEIMPROVEMENT,A,10000,6.91,0.19,N,4,0
56146,23,44000,RENT,1.0,EDUCATION,E,10000,15.68,0.23,N,3,1
56147,41,26400,RENT,5.0,MEDICAL,C,1500,13.61,0.06,N,16,0
56148,22,40000,MORTGAGE,5.0,EDUCATION,A,8000,7.14,0.2,N,2,0
56149,40,39270,RENT,3.0,VENTURE,C,16000,13.48,0.43,N,14,1
56150,39,48000,RENT,0.0,VENTURE,A,1000,8.49,0.02,N,16,1
56151,29,70000,MORTGAGE,2.0,EDUCATION,B,15000,12.18,0.21,N,7,0
56152,27,78000,MORTGAGE,5.0,EDUCATION,A,5000,7.66,0.06,N,5,0
56153,23,122000,MORTGAGE,7.0,DEBTCONSOLIDATION,A,20000,7.88,0.16,N,4,0
56154,27,40000,RENT,6.0,EDUCATION,A,5000,6.17,0.13,N,7,0
56155,23,80000,MORTGAGE,4.0,EDUCATION,A,12000,6.17,0.15,N,2,0
56156,25,54000,RENT,4.0,EDUCATION,B,20000,10.99,0.37,N,3,1
56157,25,60500,RENT,9.0,HOMEIMPROVEMENT,D,2800,15.65,0.05,N,2,0
56158,35,105000,MORTGAGE,14.0,DEBTCONSOLIDATION,C,15000,13.99,0.14,Y,6,0
56159,31,121000,RENT,3.0,VENTURE,B,17600,10.75,0.14,N,5,0
56160,28,68496,RENT,8.0,PERSONAL,A,3500,8.0,0.05,N,8,0
56161,43,95000,RENT,0.0,MEDICAL,B,12000,9.63,0.13,N,14,0
56162,27,35000,RENT,2.0,MEDICAL,A,10000,7.88,0.29,N,7,0
56163,25,49000,MORTGAGE,4.0,PERSONAL,B,23500,10.99,0.49,N,4,0
56164,38,52000,RENT,3.0,PERSONAL,B,3600,9.88,0.07,N,16,0
56165,24,24000,RENT,0.0,EDUCATION,B,5000,10.74,0.23,N,2,0
56166,27,57600,RENT,11.0,MEDICAL,C,2500,13.49,0.04,N,7,0
56167,23,84000,MORTGAGE,5.0,VENTURE,A,1000,6.91,0.01,N,2,0
56168,28,50000,MORTGAGE,12.0,MEDICAL,B,3000,10.95,0.06,N,8,0
56169,22,365000,MORTGAGE,6.0,DEBTCONSOLIDATION,B,35000,12.18,0.1,N,3,0
56170,24,50740,RENT,0.0,MEDICAL,B,6000,10.99,0.12,N,2,0
56171,26,35000,RENT,0.0,PERSONAL,D,5000,18.25,0.14,N,2,1
56172,25,78996,RENT,0.0,HOMEIMPROVEMENT,B,25000,11.86,0.31,N,3,1
56173,29,62004,MORTGAGE,13.0,EDUCATION,C,2000,13.61,0.03,Y,9,0
56174,21,45000,RENT,1.0,EDUCATION,A,6000,5.79,0.13,N,2,0
56175,22,30000,RENT,0.0,VENTURE,C,15000,12.53,0.5,N,2,1
56176,37,80000,MORTGAGE,28.0,VENTURE,D,25000,14.46,0.31,N,11,0
56177,28,33000,RENT,0.0,MEDICAL,C,10000,13.49,0.3,Y,8,0
56178,24,50000,RENT,0.0,DEBTCONSOLIDATION,A,5000,8.0,0.1,N,2,0
56179,25,70000,MORTGAGE,3.0,VENTURE,B,4000,11.11,0.06,N,3,0
56180,25,56000,MORTGAGE,7.0,MEDICAL,A,2500,7.51,0.04,N,4,0
56181,38,40000,RENT,2.0,EDUCATION,B,10500,11.36,0.26,N,14,0
56182,55,90000,MORTGAGE,3.0,PERSONAL,B,10000,11.36,0.11,N,20,0
56183,24,48000,RENT,4.0,EDUCATION,B,4000,10.75,0.08,N,4,0
56184,27,35000,RENT,6.0,EDUCATION,A,1000,8.0,0.03,N,5,0
56185,30,125000,MORTGAGE,4.0,DEBTCONSOLIDATION,C,14000,13.61,0.11,Y,6,0
56186,23,69000,RENT,2.0,EDUCATION,B,6000,12.21,0.09,N,4,1
56187,27,75000,MORTGAGE,11.0,VENTURE,C,12000,13.49,0.16,N,9,0
56188,34,80000,RENT,5.0,MEDICAL,A,3500,5.99,0.04,N,9,0
56189,24,28800,RENT,0.0,MEDICAL,A,5000,8.9,0.17,N,2,0
56190,22,48000,RENT,4.0,EDUCATION,A,8000,8.59,0.17,N,3,0
56191,33,65000,MORTGAGE,3.0,MEDICAL,A,10000,7.88,0.15,N,9,0
56192,60,28800,RENT,2.0,EDUCATION,A,12000,6.62,0.42,N,27,1
56193,31,120000,MORTGAGE,9.0,PERSONAL,A,9000,6.92,0.08,N,9,0
56194,22,29000,RENT,4.0,PERSONAL,D,10000,14.11,0.36,Y,2,1
56195,24,30000,RENT,3.0,VENTURE,C,3350,13.06,0.11,Y,3,0
56196,26,79000,MORTGAGE,10.0,DEBTCONSOLIDATION,B,20000,11.12,0.25,N,4,0
56197,30,62400,MORTGAGE,14.0,HOMEIMPROVEMENT,B,13600,12.42,0.21,N,6,0
56198,24,75000,RENT,4.0,MEDICAL,A,6000,8.49,0.08,N,4,0
56199,22,91000,MORTGAGE,6.0,EDUCATION,A,8000,6.99,0.09,N,3,0
56200,36,120000,MORTGAGE,4.0,MEDICAL,B,15000,11.49,0.13,N,12,0
56201,21,60000,RENT,5.0,VENTURE,B,13000,10.62,0.22,N,2,0
56202,24,26500,RENT,6.0,DEBTCONSOLIDATION,B,9450,10.37,0.36,N,4,1
56203,23,60000,RENT,7.0,MEDICAL,C,10000,15.23,0.17,N,4,0
56204,48,35004,RENT,3.0,PERSONAL,A,3000,8.0,0.09,N,15,0
56205,26,44000,MORTGAGE,7.0,DEBTCONSOLIDATION,D,10000,15.33,0.23,N,2,1
56206,24,49150,RENT,2.0,EDUCATION,C,16000,13.11,0.33,N,3,1
56207,29,35000,RENT,0.0,MEDICAL,B,2000,10.65,0.06,N,6,0
56208,26,50000,RENT,0.0,PERSONAL,C,1000,13.85,0.02,N,2,0
56209,22,54000,MORTGAGE,4.0,EDUCATION,A,10000,8.59,0.19,N,3,0
56210,27,115000,RENT,4.0,VENTURE,A,7500,7.9,0.07,N,10,0
56211,23,54000,MORTGAGE,7.0,DEBTCONSOLIDATION,D,15000,15.99,0.28,N,2,1
56212,31,38000,RENT,0.0,DEBTCONSOLIDATION,A,2000,7.66,0.05,N,7,0
56213,22,57359,MORTGAGE,6.0,DEBTCONSOLIDATION,A,10000,6.92,0.17,N,4,0
56214,37,36000,RENT,6.0,DEBTCONSOLIDATION,B,9000,11.99,0.25,N,12,0
56215,24,57996,RENT,5.0,DEBTCONSOLIDATION,A,7200,8.0,0.12,N,4,0
56216,23,81600,RENT,1.0,VENTURE,B,7200,11.89,0.09,N,3,0
56217,22,39996,RENT,0.0,EDUCATION,B,10000,11.89,0.25,N,4,0
56218,26,120000,MORTGAGE,10.0,VENTURE,A,15000,7.49,0.13,N,3,0
56219,22,32400,RENT,6.0,DEBTCONSOLIDATION,C,6600,11.66,0.2,N,3,0
56220,37,85000,RENT,0.0,VENTURE,C,10000,13.22,0.12,N,16,0
56221,22,45000,MORTGAGE,4.0,DEBTCONSOLIDATION,A,9000,7.51,0.2,N,2,0
56222,27,78000,MORTGAGE,9.0,HOMEIMPROVEMENT,B,10000,10.65,0.13,N,5,0
56223,23,60000,MORTGAGE,2.0,EDUCATION,A,3500,7.51,0.06,N,3,0
56224,26,54996,RENT,3.0,DEBTCONSOLIDATION,D,7200,14.11,0.13,N,3,1
56225,22,36000,RENT,0.0,EDUCATION,B,6000,11.89,0.17,N,4,0
56226,42,30000,RENT,2.0,HOMEIMPROVEMENT,D,10000,14.96,0.33,N,15,1
56227,38,60000,MORTGAGE,6.0,HOMEIMPROVEMENT,B,3600,11.12,0.06,N,17,0
56228,26,30000,RENT,2.0,MEDICAL,B,2500,11.14,0.08,N,4,0
56229,37,48000,MORTGAGE,15.0,PERSONAL,A,12000,7.66,0.25,N,11,0
56230,24,35000,RENT,1.0,VENTURE,A,6800,6.54,0.19,N,4,0
56231,40,36000,RENT,2.0,EDUCATION,C,4000,14.26,0.11,Y,12,0
56232,39,90000,MORTGAGE,4.0,DEBTCONSOLIDATION,A,3000,7.14,0.03,N,13,0
56233,32,60612,RENT,11.0,PERSONAL,B,5400,9.62,0.09,N,9,0
56234,30,75000,MORTGAGE,4.0,PERSONAL,A,5000,8.9,0.07,N,9,0
56235,28,46000,RENT,1.0,MEDICAL,B,15000,10.99,0.33,N,5,1
56236,31,60000,MORTGAGE,4.0,HOMEIMPROVEMENT,B,6000,10.0,0.1,N,5,0
56237,30,40000,RENT,2.0,DEBTCONSOLIDATION,A,4000,6.03,0.1,N,8,0
56238,22,33189,RENT,2.0,VENTURE,B,3000,11.26,0.09,N,3,0
56239,21,57192,RENT,0.0,EDUCATION,C,6400,13.99,0.11,N,2,0
56240,23,42000,RENT,2.0,MEDICAL,B,10000,11.11,0.24,N,4,0
56241,28,40000,OWN,2.0,MEDICAL,B,4000,10.59,0.1,N,10,0
56242,25,32000,MORTGAGE,9.0,DEBTCONSOLIDATION,A,11575,7.51,0.37,N,3,0
56243,21,42000,RENT,5.0,PERSONAL,B,12000,9.91,0.29,N,4,1
56244,37,48000,RENT,4.0,PERSONAL,B,6000,11.99,0.13,N,15,0
56245,23,45000,RENT,8.0,EDUCATION,B,12000,10.25,0.27,N,2,0
56246,40,80000,MORTGAGE,5.0,MEDICAL,C,20000,13.23,0.25,N,12,0
56247,31,100000,MORTGAGE,6.0,PERSONAL,B,15000,11.99,0.15,N,7,0
56248,25,37423,RENT,4.0,MEDICAL,B,2800,11.86,0.07,N,3,0
56249,30,66000,RENT,2.0,PERSONAL,A,6000,6.62,0.09,N,9,0
56250,24,68000,MORTGAGE,8.0,MEDICAL,A,10000,6.91,0.15,N,3,0
56251,25,51500,RENT,6.0,MEDICAL,B,6000,10.37,0.12,N,3,0
56252,24,90000,MORTGAGE,5.0,EDUCATION,A,12000,7.49,0.13,N,3,0
56253,28,99473,MORTGAGE,12.0,EDUCATION,B,8500,11.58,0.09,N,5,0
56254,28,75000,MORTGAGE,12.0,MEDICAL,A,20000,6.54,0.27,N,8,0
56255,29,62000,MORTGAGE,6.0,DEBTCONSOLIDATION,B,8500,11.14,0.14,N,9,0
56256,23,50000,MORTGAGE,5.0,DEBTCONSOLIDATION,A,4000,7.49,0.08,N,3,0
56257,22,84000,MORTGAGE,6.0,MEDICAL,A,10000,7.88,0.12,N,2,0
56258,23,36000,RENT,4.0,VENTURE,B,2500,10.37,0.07,N,2,0
56259,30,26400,RENT,7.0,DEBTCONSOLIDATION,B,2500,12.18,0.09,N,6,1
56260,33,66000,MORTGAGE,9.0,MEDICAL,B,25000,11.58,0.38,N,8,0
56261,27,24000,MORTGAGE,1.0,HOMEIMPROVEMENT,C,3600,12.68,0.15,N,8,0
56262,38,80000,OWN,8.0,HOMEIMPROVEMENT,A,3000,7.51,0.04,N,13,0
56263,28,59000,RENT,5.0,PERSONAL,C,6000,14.27,0.1,Y,8,0
56264,23,142000,MORTGAGE,7.0,EDUCATION,A,5000,5.79,0.04,N,3,0
56265,24,51996,MORTGAGE,7.0,VENTURE,D,2100,16.29,0.04,Y,3,0
56266,23,25000,RENT,0.0,HOMEIMPROVEMENT,D,2500,15.2,0.1,N,2,1
56267,23,52000,RENT,7.0,MEDICAL,A,5600,7.49,0.11,N,4,0
56268,28,54000,MORTGAGE,12.0,PERSONAL,A,10000,7.88,0.19,N,7,0
56269,43,90000,MORTGAGE,4.0,EDUCATION,B,6000,8.88,0.06,N,12,0
56270,41,32000,RENT,0.0,VENTURE,B,6000,10.74,0.19,N,16,0
56271,32,61500,OWN,6.0,VENTURE,D,17500,16.32,0.29,Y,8,0
56272,29,48000,RENT,5.0,DEBTCONSOLIDATION,A,2000,5.79,0.04,N,9,0
56273,24,44000,RENT,2.0,MEDICAL,D,3500,15.21,0.08,Y,3,1
56274,28,52800,MORTGAGE,2.0,PERSONAL,B,4000,9.63,0.08,N,8,0
56275,28,63000,MORTGAGE,9.0,HOMEIMPROVEMENT,A,14000,7.51,0.22,N,6,0
56276,25,33600,RENT,0.0,DEBTCONSOLIDATION,B,5600,11.86,0.16,N,4,0
56277,26,80000,MORTGAGE,10.0,DEBTCONSOLIDATION,A,7500,6.03,0.09,N,3,0
56278,47,30000,RENT,4.0,DEBTCONSOLIDATION,A,4200,6.62,0.14,N,11,0
56279,29,58608,RENT,4.0,HOMEIMPROVEMENT,A,4500,7.66,0.08,N,9,0
56280,27,120602,MORTGAGE,4.0,MEDICAL,B,20000,11.58,0.17,N,5,0
56281,23,57600,MORTGAGE,1.0,PERSONAL,C,3300,13.04,0.06,Y,3,0
56282,27,50000,MORTGAGE,0.0,HOMEIMPROVEMENT,A,10000,8.94,0.2,N,9,0
56283,22,45000,RENT,6.0,MEDICAL,B,6000,10.59,0.13,N,2,0
56284,33,110000,RENT,6.0,MEDICAL,B,11200,11.99,0.1,N,5,0
56285,23,39996,RENT,1.0,VENTURE,B,2000,9.7,0.05,N,3,0
56286,28,48000,MORTGAGE,1.0,PERSONAL,A,8825,5.79,0.19,N,6,0
56287,24,65000,RENT,2.0,HOMEIMPROVEMENT,B,3000,10.65,0.05,N,2,0
56288,37,120000,RENT,21.0,MEDICAL,B,16000,9.99,0.13,N,14,0
56289,33,63996,MORTGAGE,7.0,VENTURE,A,4000,5.42,0.06,N,6,0
56290,21,78000,MORTGAGE,5.0,DEBTCONSOLIDATION,B,8000,9.63,0.1,N,4,0
56291,23,47000,MORTGAGE,1.0,MEDICAL,C,3300,14.79,0.07,N,2,0
56292,52,100000,MORTGAGE,9.0,PERSONAL,A,13000,7.88,0.13,N,24,0
56293,46,90000,RENT,3.0,MEDICAL,B,12000,11.49,0.13,N,16,0
56294,29,60000,MORTGAGE,6.0,PERSONAL,B,5000,11.99,0.08,N,7,0
56295,21,31200,OWN,3.0,MEDICAL,B,12250,11.99,0.39,N,3,0
56296,23,38400,RENT,7.0,EDUCATION,A,6000,7.51,0.16,N,4,0
56297,27,80000,MORTGAGE,3.0,DEBTCONSOLIDATION,B,9000,11.49,0.11,N,7,0
56298,32,98056,MORTGAGE,10.0,DEBTCONSOLIDATION,B,6000,8.88,0.07,N,5,0
56299,45,42000,RENT,0.0,VENTURE,A,7000,6.62,0.17,N,12,0
56300,26,34000,RENT,2.0,DEBTCONSOLIDATION,D,8000,16.77,0.24,Y,2,1
56301,24,70000,RENT,8.0,VENTURE,A,4600,8.9,0.07,N,4,0
56302,39,60000,RENT,17.0,VENTURE,C,2500,13.49,0.04,N,11,0
56303,23,60000,RENT,2.0,EDUCATION,B,8400,11.71,0.14,N,2,0
56304,24,50000,RENT,2.0,HOMEIMPROVEMENT,C,5000,12.53,0.1,N,4,0
56305,29,130000,MORTGAGE,13.0,PERSONAL,B,20000,11.49,0.15,N,6,0
56306,40,85000,OWN,16.0,VENTURE,A,12000,7.51,0.14,N,14,0
56307,30,50000,MORTGAGE,0.0,HOMEIMPROVEMENT,A,6000,9.63,0.12,N,7,0
56308,30,150000,OWN,1.0,MEDICAL,D,5000,14.59,0.04,Y,10,0
56309,23,75000,MORTGAGE,3.0,VENTURE,C,15000,13.61,0.2,N,3,0
56310,24,66300,RENT,2.0,MEDICAL,D,25000,16.77,0.32,N,2,1
56311,22,39000,RENT,1.0,PERSONAL,D,10000,14.96,0.26,N,3,1
56312,23,115000,MORTGAGE,2.0,VENTURE,A,8000,7.49,0.07,N,3,0
56313,24,72000,RENT,8.0,MEDICAL,A,7500,7.51,0.1,N,3,0
56314,31,34000,RENT,2.0,DEBTCONSOLIDATION,B,5000,10.62,0.15,N,9,0
56315,27,80000,RENT,11.0,HOMEIMPROVEMENT,A,10000,7.51,0.13,N,7,0
56316,29,100000,MORTGAGE,13.0,PERSONAL,B,8000,10.65,0.08,N,5,0
56317,21,28500,RENT,3.0,EDUCATION,C,8000,13.22,0.3,Y,3,0
56318,29,65000,MORTGAGE,4.0,EDUCATION,A,7000,7.51,0.11,N,5,0
56319,22,54000,MORTGAGE,6.0,DEBTCONSOLIDATION,A,6000,7.14,0.11,N,2,0
56320,32,68000,MORTGAGE,2.0,DEBTCONSOLIDATION,B,15000,9.76,0.22,N,9,0
56321,30,120000,MORTGAGE,14.0,PERSONAL,A,12000,6.17,0.1,N,7,0
56322,35,110000,MORTGAGE,0.0,MEDICAL,A,15000,8.94,0.14,N,9,0
56323,22,63000,MORTGAGE,6.0,MEDICAL,C,20000,13.47,0.32,Y,2,0
56324,21,55000,MORTGAGE,5.0,DEBTCONSOLIDATION,A,4500,7.14,0.08,N,2,0
56325,39,58650,MORTGAGE,5.0,MEDICAL,D,4500,16.77,0.06,N,11,1
56326,23,70000,RENT,7.0,DEBTCONSOLIDATION,A,9000,7.49,0.13,N,4,0
56327,26,42000,MORTGAGE,10.0,PERSONAL,A,5000,8.49,0.12,N,2,0
56328,26,52000,RENT,0.0,PERSONAL,C,10000,13.23,0.19,Y,4,0
56329,32,44000,RENT,16.0,VENTURE,B,14000,10.37,0.3,N,6,0
56330,22,120000,MORTGAGE,6.0,DEBTCONSOLIDATION,B,21000,12.69,0.17,N,3,0
56331,22,50000,RENT,6.0,EDUCATION,B,3500,11.49,0.07,N,2,0
56332,22,45000,RENT,0.0,PERSONAL,B,15000,10.65,0.33,N,3,1
56333,29,120000,MORTGAGE,13.0,MEDICAL,A,4000,7.51,0.03,N,8,0
56334,28,50000,RENT,1.0,PERSONAL,B,15000,10.99,0.3,N,9,0
56335,25,32000,RENT,1.0,DEBTCONSOLIDATION,D,7500,14.84,0.23,N,4,1
56336,23,75000,RENT,1.0,VENTURE,A,2000,7.49,0.03,N,4,0
56337,21,33996,RENT,1.0,MEDICAL,A,10000,9.63,0.3,N,2,0
56338,22,65000,MORTGAGE,5.0,PERSONAL,D,8000,16.49,0.12,N,3,0
56339,23,60000,RENT,7.0,PERSONAL,A,15000,6.54,0.25,N,2,0
56340,24,50000,MORTGAGE,8.0,VENTURE,A,12500,7.88,0.25,N,3,0
56341,32,42000,MORTGAGE,3.0,DEBTCONSOLIDATION,B,7500,10.39,0.18,N,7,0
56342,29,60000,MORTGAGE,6.0,VENTURE,A,4500,7.51,0.07,N,8,0
56343,22,50000,RENT,6.0,EDUCATION,B,7500,12.69,0.15,N,2,0
56344,25,120000,OWN,9.0,HOMEIMPROVEMENT,F,25000,16.08,0.2,Y,4,0
56345,28,32000,RENT,4.0,PERSONAL,A,12000,7.51,0.38,N,7,1
56346,26,85000,RENT,3.0,EDUCATION,D,20000,17.27,0.24,N,4,0
56347,23,55000,RENT,3.0,VENTURE,A,5000,5.79,0.09,N,4,0
56348,24,55000,RENT,1.0,MEDICAL,B,3000,12.18,0.05,N,3,0
56349,30,44460,OWN,0.0,EDUCATION,C,9500,14.35,0.23,Y,9,0
56350,35,48000,MORTGAGE,0.0,EDUCATION,B,3500,9.63,0.07,N,8,0
56351,25,54000,MORTGAGE,3.0,EDUCATION,C,8000,13.47,0.15,N,4,0
56352,22,43200,MORTGAGE,0.0,EDUCATION,C,10000,14.26,0.23,N,3,0
56353,30,115000,MORTGAGE,2.0,MEDICAL,A,5000,6.03,0.04,N,10,0
56354,31,54000,RENT,4.0,EDUCATION,B,20000,12.53,0.38,N,10,1
56355,30,90000,RENT,0.0,EDUCATION,A,6000,8.9,0.07,N,8,0
56356,28,81600,MORTGAGE,0.0,VENTURE,A,5000,6.92,0.06,N,5,0
56357,23,40000,RENT,3.0,VENTURE,A,5000,8.49,0.13,N,3,0
56358,22,35000,RENT,2.0,PERSONAL,B,4200,10.75,0.12,N,3,0
56359,22,90000,MORTGAGE,5.0,MEDICAL,C,5000,12.84,0.06,Y,3,0
56360,29,67000,MORTGAGE,10.0,VENTURE,A,10400,7.51,0.16,N,6,0
56361,26,85000,RENT,10.0,EDUCATION,B,5600,11.83,0.06,N,4,0
56362,29,36000,RENT,2.0,DEBTCONSOLIDATION,C,3000,12.99,0.08,N,10,1
56363,41,100000,MORTGAGE,17.0,MEDICAL,A,6000,5.42,0.06,N,17,0
56364,38,74400,MORTGAGE,16.0,DEBTCONSOLIDATION,B,15000,10.38,0.2,N,11,1
56365,25,41000,RENT,3.0,DEBTCONSOLIDATION,C,10000,12.73,0.24,Y,3,0
56366,23,35000,RENT,2.0,EDUCATION,A,5600,7.51,0.16,N,3,0
56367,23,53000,RENT,4.0,MEDICAL,A,17500,8.9,0.33,N,2,0
56368,27,60000,RENT,6.0,MEDICAL,B,10000,10.99,0.17,N,6,0
56369,24,60000,MORTGAGE,8.0,HOMEIMPROVEMENT,B,16000,10.59,0.27,N,3,0
56370,25,31200,RENT,3.0,VENTURE,E,12250,16.32,0.39,Y,3,1
56371,29,120000,MORTGAGE,3.0,DEBTCONSOLIDATION,B,21000,10.99,0.17,N,10,0
56372,30,55000,MORTGAGE,2.0,MEDICAL,B,6000,10.95,0.11,N,5,0
56373,32,54000,RENT,4.0,MEDICAL,C,11200,13.98,0.21,Y,6,0
56374,35,64956,RENT,14.0,MEDICAL,D,24000,16.02,0.37,N,9,1
56375,23,37000,OWN,6.0,EDUCATION,A,10000,5.42,0.27,N,3,0
56376,30,60000,MORTGAGE,12.0,DEBTCONSOLIDATION,A,15000,7.88,0.25,N,9,0
56377,26,66000,RENT,10.0,DEBTCONSOLIDATION,D,8000,16.77,0.12,Y,4,1
56378,26,51500,RENT,7.0,DEBTCONSOLIDATION,A,18000,8.49,0.35,N,4,1
56379,23,30000,OWN,7.0,DEBTCONSOLIDATION,C,5600,15.96,0.19,N,4,0
56380,26,40000,RENT,4.0,MEDICAL,A,2500,7.51,0.06,N,3,0
56381,41,65000,MORTGAGE,20.0,PERSONAL,B,15000,10.65,0.23,N,16,0
56382,29,48000,RENT,1.0,EDUCATION,B,6000,10.38,0.13,N,6,0
56383,22,60000,MORTGAGE,0.0,PERSONAL,A,8000,6.17,0.13,N,3,0
56384,23,50000,RENT,1.0,EDUCATION,C,15000,13.49,0.3,Y,2,0
56385,32,60000,RENT,3.0,EDUCATION,B,10000,10.59,0.17,N,10,0
56386,26,32400,RENT,0.0,MEDICAL,D,9000,15.99,0.28,N,4,1
56387,31,80000,MORTGAGE,6.0,VENTURE,A,9000,7.51,0.11,N,10,0
56388,23,90000,RENT,3.0,VENTURE,A,9000,7.9,0.1,N,3,0
56389,38,50000,RENT,8.0,HOMEIMPROVEMENT,A,4000,8.9,0.08,N,14,0
56390,36,70000,MORTGAGE,4.0,PERSONAL,B,8000,10.99,0.11,N,16,0
56391,33,120000,MORTGAGE,4.0,EDUCATION,C,20000,13.79,0.17,Y,7,0
56392,21,45996,RENT,5.0,DEBTCONSOLIDATION,A,3500,7.51,0.08,N,2,0
56393,26,62500,RENT,3.0,DEBTCONSOLIDATION,C,12000,12.23,0.19,Y,4,0
56394,27,72000,OWN,2.0,EDUCATION,B,4500,10.99,0.06,N,10,0
56395,29,55000,MORTGAGE,4.0,HOMEIMPROVEMENT,B,8000,9.88,0.15,N,7,0
56396,24,60000,MORTGAGE,4.0,MEDICAL,B,5600,10.99,0.09,N,2,0
56397,23,50000,OWN,4.0,VENTURE,B,7000,11.14,0.14,N,2,0
56398,26,80000,RENT,6.0,HOMEIMPROVEMENT,B,15000,12.18,0.19,N,2,0
56399,30,60000,MORTGAGE,7.0,MEDICAL,C,10750,14.22,0.18,Y,9,0
56400,25,65000,RENT,0.0,VENTURE,B,12000,11.89,0.18,N,3,0
56401,25,128000,MORTGAGE,6.0,EDUCATION,A,25000,7.9,0.19,N,2,1
56402,29,38400,MORTGAGE,3.0,VENTURE,B,5000,10.99,0.13,N,10,0
56403,25,135000,MORTGAGE,3.0,MEDICAL,B,25000,9.88,0.19,N,3,0
56404,30,88900,MORTGAGE,3.0,HOMEIMPROVEMENT,A,5000,7.14,0.06,N,5,0
56405,36,58000,MORTGAGE,0.0,EDUCATION,A,2350,9.63,0.04,N,12,0
56406,41,37500,RENT,0.0,MEDICAL,C,9000,11.03,0.24,N,16,0
56407,23,40000,MORTGAGE,6.0,VENTURE,B,4000,11.99,0.1,N,4,0
56408,26,68400,MORTGAGE,10.0,VENTURE,C,7000,13.79,0.11,Y,4,1
56409,27,70000,MORTGAGE,6.0,VENTURE,A,10000,5.42,0.14,N,9,0
56410,22,60000,RENT,6.0,DEBTCONSOLIDATION,B,10000,11.49,0.17,N,2,0
56411,29,48000,MORTGAGE,0.0,HOMEIMPROVEMENT,A,16000,9.63,0.33,N,6,0
56412,21,48000,RENT,1.0,PERSONAL,B,16500,10.0,0.34,N,2,1
56413,22,62900,RENT,2.0,MEDICAL,E,11000,17.04,0.14,Y,2,1
56414,26,40000,RENT,0.0,EDUCATION,B,10000,11.71,0.25,N,3,0
56415,22,40000,RENT,2.0,MEDICAL,B,4000,12.53,0.1,N,3,0
56416,27,55000,MORTGAGE,1.0,EDUCATION,B,12000,12.69,0.22,N,10,0
56417,22,39996,RENT,6.0,MEDICAL,C,2000,14.72,0.05,Y,2,0
56418,24,38000,RENT,2.0,PERSONAL,B,8000,11.12,0.21,N,2,0
56419,25,30000,RENT,4.0,VENTURE,A,9000,7.29,0.3,N,4,0
56420,25,45000,MORTGAGE,2.0,VENTURE,B,7000,10.62,0.16,N,4,0
56421,27,39204,RENT,2.0,DEBTCONSOLIDATION,C,10000,13.61,0.26,Y,6,0
56422,22,50000,RENT,2.0,VENTURE,B,5000,10.65,0.1,N,2,0
56423,22,40000,OWN,0.0,PERSONAL,C,15000,13.47,0.38,Y,4,0
56424,36,52000,RENT,5.0,DEBTCONSOLIDATION,B,17600,12.53,0.33,N,14,1
56425,25,42000,MORTGAGE,2.0,MEDICAL,C,8500,15.27,0.2,Y,4,1
56426,27,88000,RENT,4.0,PERSONAL,C,15000,13.48,0.17,Y,8,0
56427,22,25000,OWN,4.0,EDUCATION,A,3000,7.51,0.12,N,2,0
56428,23,69996,MORTGAGE,2.0,VENTURE,B,8000,10.36,0.11,N,4,0
56429,34,36000,RENT,6.0,VENTURE,C,15000,13.49,0.42,N,6,1
56430,23,30000,MORTGAGE,2.0,EDUCATION,A,6000,7.14,0.2,N,3,0
56431,31,100000,MORTGAGE,0.0,VENTURE,B,25000,11.48,0.25,N,5,0
56432,23,60000,RENT,3.0,PERSONAL,B,12000,10.75,0.2,N,2,0
56433,25,78000,MORTGAGE,9.0,HOMEIMPROVEMENT,A,3000,6.39,0.04,N,2,0
56434,23,97000,MORTGAGE,4.0,EDUCATION,B,14000,10.25,0.14,N,4,0
56435,22,29000,RENT,6.0,HOMEIMPROVEMENT,E,7750,16.7,0.27,Y,4,1
56436,24,30000,RENT,0.0,EDUCATION,A,8000,6.91,0.27,N,3,0
56437,26,90000,MORTGAGE,5.0,VENTURE,B,24000,11.49,0.27,N,3,0
56438,22,40000,MORTGAGE,3.0,PERSONAL,B,10000,11.11,0.25,N,4,0
56439,22,35000,MORTGAGE,6.0,EDUCATION,B,3000,11.71,0.09,N,3,0
56440,25,60000,MORTGAGE,9.0,HOMEIMPROVEMENT,A,5000,8.59,0.08,N,4,0
56441,32,78456,RENT,3.0,MEDICAL,B,25000,11.99,0.32,N,10,1
56442,29,90000,MORTGAGE,4.0,EDUCATION,B,22000,10.74,0.24,N,7,0
56443,27,37440,RENT,5.0,MEDICAL,B,7000,12.69,0.19,N,10,0
56444,25,33000,MORTGAGE,6.0,VENTURE,D,6650,14.42,0.2,N,4,0
56445,24,60000,RENT,3.0,EDUCATION,A,3600,7.29,0.06,N,4,0
56446,29,56004,RENT,3.0,VENTURE,D,6000,15.62,0.11,Y,6,0
56447,25,55000,RENT,5.0,DEBTCONSOLIDATION,A,8000,8.49,0.15,N,2,0
56448,42,102000,MORTGAGE,5.0,VENTURE,C,18000,14.65,0.18,N,11,0
56449,22,65000,MORTGAGE,6.0,DEBTCONSOLIDATION,B,16000,11.99,0.25,N,4,0
56450,21,40000,RENT,4.0,VENTURE,D,4000,14.61,0.1,N,4,0
56451,45,140000,MORTGAGE,2.0,PERSONAL,B,12600,10.99,0.09,N,13,0
56452,22,49000,MORTGAGE,6.0,PERSONAL,D,7500,14.84,0.16,N,4,1
56453,22,50000,MORTGAGE,2.0,EDUCATION,C,7000,13.49,0.14,Y,2,0
56454,23,75000,RENT,0.0,EDUCATION,C,6000,14.27,0.08,Y,4,0
56455,29,46800,MORTGAGE,9.0,HOMEIMPROVEMENT,E,16000,17.99,0.34,N,10,1
56456,30,66000,MORTGAGE,10.0,DEBTCONSOLIDATION,B,7200,10.74,0.11,N,6,0
56457,26,53000,MORTGAGE,10.0,DEBTCONSOLIDATION,B,5000,10.0,0.09,N,4,0
56458,33,62000,MORTGAGE,0.0,PERSONAL,C,10000,13.47,0.16,N,5,0
56459,24,36000,RENT,4.0,EDUCATION,C,14000,12.99,0.39,N,3,1
56460,30,38000,RENT,0.0,MEDICAL,A,7500,6.62,0.2,N,5,0
56461,24,50000,MORTGAGE,6.0,HOMEIMPROVEMENT,A,3000,7.14,0.06,N,2,0
56462,23,50000,RENT,3.0,EDUCATION,C,6000,13.98,0.12,N,4,0
56463,28,44000,MORTGAGE,0.0,DEBTCONSOLIDATION,D,10000,15.65,0.23,N,8,1
56464,26,105000,MORTGAGE,10.0,MEDICAL,C,10000,13.49,0.1,N,3,0
56465,23,75000,MORTGAGE,7.0,PERSONAL,A,4000,5.79,0.05,N,3,0
56466,27,60000,MORTGAGE,3.0,VENTURE,F,5000,17.43,0.08,N,8,0
56467,26,36000,RENT,3.0,PERSONAL,C,5300,14.27,0.15,N,2,0
56468,23,50000,RENT,8.0,EDUCATION,B,7000,12.69,0.14,N,2,0
56469,30,120000,MORTGAGE,14.0,EDUCATION,B,11250,11.49,0.09,N,6,0
56470,37,60000,RENT,0.0,MEDICAL,B,18000,9.91,0.3,N,13,0
56471,28,59160,MORTGAGE,4.0,EDUCATION,D,23500,14.96,0.4,N,10,0
56472,22,50000,RENT,6.0,MEDICAL,A,10200,7.9,0.21,N,2,0
56473,31,35600,RENT,0.0,MEDICAL,C,7500,13.49,0.21,N,9,0
56474,29,30000,MORTGAGE,13.0,DEBTCONSOLIDATION,D,1000,17.49,0.03,Y,6,1
56475,23,58650,RENT,3.0,MEDICAL,D,7500,14.59,0.13,Y,3,1
56476,29,63000,MORTGAGE,13.0,PERSONAL,A,10000,7.29,0.16,N,5,0
56477,23,75000,RENT,5.0,VENTURE,B,10000,10.65,0.13,N,4,0
56478,32,78000,MORTGAGE,8.0,MEDICAL,B,6000,10.99,0.08,N,8,0
56479,32,69996,RENT,1.0,MEDICAL,B,10000,10.75,0.14,N,8,0
56480,27,50000,RENT,3.0,VENTURE,B,9000,11.36,0.18,N,9,0
56481,23,27000,RENT,3.0,MEDICAL,D,4500,15.65,0.17,Y,2,1
56482,25,42000,RENT,2.0,MEDICAL,A,6000,7.49,0.14,N,3,0
56483,24,55000,MORTGAGE,2.0,EDUCATION,A,3000,5.42,0.05,N,3,0
56484,22,44000,RENT,0.0,EDUCATION,C,9000,13.47,0.2,Y,4,0
56485,23,97000,RENT,7.0,PERSONAL,A,5000,5.42,0.05,N,3,0
56486,27,120000,RENT,11.0,DEBTCONSOLIDATION,B,25000,12.69,0.21,N,5,0
56487,22,60000,MORTGAGE,0.0,MEDICAL,A,5100,7.14,0.09,N,4,0
56488,28,30000,RENT,4.0,DEBTCONSOLIDATION,C,4800,13.85,0.16,N,9,0
56489,25,41500,RENT,0.0,EDUCATION,A,11000,8.59,0.27,N,3,0
56490,23,34000,RENT,0.0,DEBTCONSOLIDATION,C,7500,12.68,0.22,N,2,1
56491,36,24000,RENT,20.0,VENTURE,B,3500,11.36,0.15,N,11,0
56492,23,68000,MORTGAGE,7.0,VENTURE,A,7000,7.51,0.1,N,4,0
56493,23,84000,RENT,7.0,VENTURE,B,20000,10.37,0.25,N,3,0
56494,25,130000,RENT,3.0,PERSONAL,A,20000,6.91,0.15,N,2,0
56495,24,48000,MORTGAGE,8.0,PERSONAL,B,7200,11.99,0.15,N,2,0
56496,37,21000,RENT,2.0,VENTURE,B,5000,11.71,0.24,N,11,0
56497,23,50000,RENT,0.0,MEDICAL,C,10000,13.22,0.2,Y,4,0
56498,23,85000,MORTGAGE,3.0,PERSONAL,B,12000,12.18,0.14,N,3,0
56499,23,68000,MORTGAGE,3.0,DEBTCONSOLIDATION,A,10000,5.99,0.15,N,2,0
56500,22,50361,MORTGAGE,6.0,DEBTCONSOLIDATION,A,12000,6.03,0.24,N,2,0
56501,28,44000,MORTGAGE,12.0,MEDICAL,C,4750,13.49,0.11,Y,5,0
56502,22,61455,MORTGAGE,6.0,MEDICAL,D,5500,16.49,0.07,Y,3,1
56503,24,60000,RENT,1.0,HOMEIMPROVEMENT,A,12000,6.91,0.2,N,2,0
56504,24,100000,RENT,2.0,HOMEIMPROVEMENT,B,7000,12.42,0.07,N,4,0
56505,31,60000,MORTGAGE,2.0,DEBTCONSOLIDATION,A,10000,7.51,0.17,N,5,0
56506,27,55000,MORTGAGE,2.0,MEDICAL,A,5000,5.42,0.09,N,7,0
56507,28,30000,RENT,4.0,HOMEIMPROVEMENT,B,10000,9.63,0.33,N,8,1
56508,26,90000,MORTGAGE,10.0,EDUCATION,A,7000,8.94,0.08,N,2,0
56509,22,65000,RENT,6.0,MEDICAL,B,10000,10.39,0.15,N,4,0
56510,25,31200,RENT,1.0,EDUCATION,A,4000,8.0,0.13,N,4,0
56511,28,99000,OWN,8.0,VENTURE,A,18000,8.94,0.18,N,7,0
56512,22,46500,OWN,4.0,DEBTCONSOLIDATION,D,4800,16.0,0.1,Y,2,0
56513,26,60000,MORTGAGE,10.0,EDUCATION,A,7200,5.79,0.12,N,3,0
56514,24,90000,RENT,8.0,DEBTCONSOLIDATION,A,12000,8.94,0.13,N,2,0
56515,24,28800,RENT,2.0,DEBTCONSOLIDATION,B,7000,10.74,0.25,N,3,0
56516,30,100000,MORTGAGE,4.0,EDUCATION,C,12000,13.72,0.12,N,5,0
56517,23,42000,RENT,1.0,VENTURE,A,5000,5.42,0.12,N,3,0
56518,27,120000,MORTGAGE,5.0,EDUCATION,C,9600,13.22,0.08,Y,10,0
56519,27,71000,MORTGAGE,6.0,VENTURE,C,15600,12.87,0.21,N,5,0
56520,22,80000,MORTGAGE,4.0,EDUCATION,B,4000,12.69,0.05,N,2,0
56521,38,50000,RENT,4.0,DEBTCONSOLIDATION,B,8000,11.14,0.16,N,17,0
56522,27,50000,RENT,5.0,DEBTCONSOLIDATION,B,10000,10.37,0.2,N,8,0
56523,24,71004,RENT,8.0,VENTURE,A,16000,6.54,0.23,N,4,0
56524,26,86400,RENT,0.0,PERSONAL,B,2425,11.49,0.03,N,4,0
56525,27,36120,RENT,0.0,PERSONAL,B,7000,11.26,0.19,N,6,0
56526,24,76500,MORTGAGE,2.0,EDUCATION,B,9500,11.14,0.13,N,4,0
56527,25,55000,RENT,7.0,PERSONAL,C,13000,12.68,0.23,Y,2,0
56528,22,43000,RENT,5.0,DEBTCONSOLIDATION,B,2500,10.99,0.06,N,4,0
56529,23,100000,MORTGAGE,5.0,VENTURE,A,12000,6.92,0.12,N,2,0
56530,23,48000,RENT,2.0,EDUCATION,C,10000,12.99,0.21,N,2,0
56531,29,70000,MORTGAGE,0.0,DEBTCONSOLIDATION,B,15000,10.95,0.21,N,6,0
56532,23,50000,RENT,3.0,DEBTCONSOLIDATION,A,5000,6.92,0.1,N,4,0
56533,25,35000,OWN,9.0,VENTURE,A,7600,6.03,0.21,N,3,0
56534,22,50000,RENT,1.0,EDUCATION,A,4800,7.9,0.1,N,4,0
56535,29,120000,MORTGAGE,0.0,HOMEIMPROVEMENT,D,25000,15.99,0.21,Y,5,0
56536,31,72000,MORTGAGE,15.0,HOMEIMPROVEMENT,A,10000,7.51,0.14,N,9,0
56537,22,60000,RENT,4.0,EDUCATION,B,6000,11.99,0.1,N,3,0
56538,25,75000,RENT,1.0,HOMEIMPROVEMENT,C,6000,12.98,0.08,N,3,0
56539,36,60000,RENT,6.0,EDUCATION,B,9500,10.99,0.16,N,15,0
56540,24,51000,MORTGAGE,2.0,DEBTCONSOLIDATION,C,8000,13.11,0.16,N,4,0
56541,37,65004,RENT,0.0,PERSONAL,C,8000,13.57,0.12,Y,13,0
56542,25,42900,MORTGAGE,7.0,EDUCATION,A,2000,7.66,0.05,N,2,0
56543,27,60000,MORTGAGE,4.0,EDUCATION,A,1200,7.68,0.02,N,8,0
56544,23,60000,RENT,1.0,PERSONAL,C,6000,13.16,0.1,N,3,0
56545,43,50000,MORTGAGE,4.0,MEDICAL,A,5000,7.49,0.1,N,14,0
56546,22,65000,MORTGAGE,1.0,EDUCATION,A,10000,7.49,0.15,N,4,0
56547,23,75000,RENT,7.0,EDUCATION,D,8000,17.49,0.11,Y,4,0
56548,24,70000,MORTGAGE,8.0,EDUCATION,C,15000,13.16,0.21,Y,2,0
56549,27,59497,MORTGAGE,0.0,MEDICAL,D,18000,15.7,0.24,Y,7,1
56550,23,35000,RENT,0.0,EDUCATION,C,1500,13.49,0.04,N,4,0
56551,27,50000,MORTGAGE,4.0,MEDICAL,B,8500,10.99,0.16,N,6,0
56552,25,52000,RENT,9.0,HOMEIMPROVEMENT,A,6000,8.0,0.12,N,4,0
56553,22,62000,MORTGAGE,2.0,DEBTCONSOLIDATION,B,15000,10.99,0.24,N,2,0
56554,26,60000,OWN,5.0,EDUCATION,C,12000,13.49,0.2,Y,3,0
56555,26,35000,MORTGAGE,6.0,MEDICAL,B,2500,10.37,0.07,N,3,0
56556,25,75000,MORTGAGE,4.0,VENTURE,A,10000,8.94,0.13,N,4,0
56557,41,132000,MORTGAGE,5.0,PERSONAL,A,9000,7.51,0.07,N,11,0
56558,28,82300,RENT,3.0,VENTURE,B,3600,9.63,0.04,N,10,0
56559,28,43000,RENT,12.0,MEDICAL,B,6000,10.38,0.14,N,7,0
56560,25,80000,MORTGAGE,9.0,MEDICAL,A,12000,5.79,0.15,N,4,0
56561,25,100860,MORTGAGE,9.0,HOMEIMPROVEMENT,B,6000,9.99,0.06,N,3,0
56562,26,31200,RENT,6.0,PERSONAL,B,10000,9.91,0.32,N,4,1
56563,26,47000,MORTGAGE,10.0,HOMEIMPROVEMENT,A,5000,7.9,0.11,N,4,1
56564,22,65000,RENT,1.0,DEBTCONSOLIDATION,A,1525,7.49,0.02,N,4,0
56565,27,102000,MORTGAGE,1.0,HOMEIMPROVEMENT,C,15000,13.61,0.15,Y,6,0
56566,26,14400,RENT,0.0,VENTURE,C,1500,12.99,0.1,Y,4,0
56567,29,28000,RENT,5.0,EDUCATION,B,5100,9.63,0.18,N,5,0
56568,22,64000,RENT,2.0,HOMEIMPROVEMENT,D,15000,14.09,0.23,N,3,1
56569,29,72000,RENT,2.0,MEDICAL,B,10000,10.25,0.14,N,9,0
56570,31,70000,RENT,14.0,DEBTCONSOLIDATION,B,10000,11.36,0.14,N,9,0
56571,22,40000,RENT,2.0,EDUCATION,C,1500,11.78,0.04,N,4,0
56572,23,55000,MORTGAGE,7.0,DEBTCONSOLIDATION,B,6500,10.99,0.12,N,3,0
56573,23,50000,RENT,5.0,EDUCATION,A,12000,5.79,0.24,N,4,0
56574,24,120000,RENT,1.0,HOMEIMPROVEMENT,C,5000,12.53,0.04,N,3,0
56575,28,54000,MORTGAGE,6.0,PERSONAL,D,6000,15.99,0.11,Y,8,1
56576,31,28800,RENT,1.0,MEDICAL,A,5000,7.49,0.17,N,8,0
56577,25,120000,MORTGAGE,4.0,PERSONAL,D,20000,15.65,0.17,Y,2,0
56578,27,60000,RENT,4.0,EDUCATION,B,12000,12.42,0.2,N,10,0
56579,29,120000,MORTGAGE,12.0,HOMEIMPROVEMENT,A,6000,6.03,0.05,N,6,0
56580,23,48000,RENT,7.0,DEBTCONSOLIDATION,A,1500,7.51,0.03,N,4,0
56581,23,62000,RENT,4.0,DEBTCONSOLIDATION,B,12000,11.49,0.19,N,3,0
56582,22,90000,RENT,6.0,MEDICAL,B,10000,10.99,0.11,N,4,0
56583,23,70000,RENT,1.0,VENTURE,B,7200,10.59,0.1,N,2,0
56584,31,116004,MORTGAGE,10.0,PERSONAL,A,12000,8.94,0.1,N,9,0
56585,25,65000,MORTGAGE,2.0,EDUCATION,B,7500,9.99,0.12,N,3,0
56586,46,200004,MORTGAGE,1.0,HOMEIMPROVEMENT,C,12000,13.11,0.06,Y,14,0
56587,22,85000,MORTGAGE,0.0,EDUCATION,A,4000,7.29,0.05,N,4,0
56588,25,44000,RENT,0.0,VENTURE,E,13650,17.06,0.31,Y,4,1
56589,24,68000,MORTGAGE,0.0,MEDICAL,A,6400,7.49,0.09,N,4,0
56590,29,52000,OWN,2.0,VENTURE,B,20000,11.83,0.38,N,6,0
56591,24,60000,RENT,5.0,HOMEIMPROVEMENT,B,3250,10.99,0.05,N,4,0
56592,24,120000,MORTGAGE,2.0,HOMEIMPROVEMENT,B,7000,10.74,0.06,N,3,0
56593,29,75000,MORTGAGE,4.0,EDUCATION,C,10000,13.49,0.13,Y,6,0
56594,26,40100,RENT,2.0,VENTURE,A,5500,5.99,0.14,N,4,0
56595,23,73500,RENT,2.0,VENTURE,D,20000,14.84,0.27,N,2,1
56596,28,97000,MORTGAGE,7.0,HOMEIMPROVEMENT,A,25000,6.99,0.26,N,5,0
56597,23,38000,RENT,0.0,EDUCATION,B,8000,10.59,0.21,N,4,0
56598,23,28800,RENT,0.0,EDUCATION,B,5000,12.42,0.17,N,3,0
56599,38,60000,MORTGAGE,1.0,MEDICAL,C,4000,14.79,0.07,Y,17,0
56600,27,50000,OWN,3.0,EDUCATION,C,3500,13.49,0.07,Y,8,0
56601,31,62900,OTHER,1.0,MEDICAL,C,12000,13.23,0.15,N,10,1
56602,25,37500,RENT,0.0,DEBTCONSOLIDATION,B,5600,11.49,0.15,N,2,0
56603,22,45000,MORTGAGE,1.0,EDUCATION,A,3600,7.37,0.08,N,2,0
56604,32,90000,MORTGAGE,3.0,DEBTCONSOLIDATION,B,8000,11.86,0.09,N,9,0
56605,21,33600,RENT,2.0,VENTURE,C,1000,13.98,0.03,N,4,0
56606,41,24000,RENT,2.0,MEDICAL,C,4000,13.8,0.17,Y,13,1
56607,25,70000,RENT,1.0,MEDICAL,B,5000,11.71,0.07,N,4,0
56608,33,92000,MORTGAGE,6.0,HOMEIMPROVEMENT,A,23000,6.17,0.26,N,7,0
56609,23,54000,MORTGAGE,3.0,DEBTCONSOLIDATION,A,10000,7.29,0.19,N,3,0
56610,31,80000,RENT,0.0,HOMEIMPROVEMENT,C,15000,12.61,0.19,N,9,0
56611,25,150000,RENT,9.0,MEDICAL,B,12000,10.37,0.08,N,4,0
56612,38,32000,RENT,5.0,EDUCATION,B,14500,11.71,0.45,N,13,1
56613,23,75000,MORTGAGE,7.0,EDUCATION,A,27500,7.9,0.35,N,2,0
56614,24,37000,RENT,8.0,MEDICAL,C,7200,13.79,0.19,N,3,0
56615,27,71250,RENT,2.0,PERSONAL,D,15000,14.96,0.18,Y,10,1
56616,28,33000,RENT,4.0,MEDICAL,A,11000,6.54,0.33,N,9,1
56617,27,85000,RENT,11.0,VENTURE,B,15000,11.71,0.18,N,10,0
56618,23,120000,MORTGAGE,3.0,VENTURE,B,5000,11.49,0.04,N,3,0
56619,23,40000,MORTGAGE,7.0,PERSONAL,C,3200,13.49,0.08,N,2,0
56620,22,57996,MORTGAGE,5.0,DEBTCONSOLIDATION,A,10000,7.88,0.17,N,2,0
56621,23,55000,OWN,2.0,EDUCATION,C,24500,13.16,0.44,N,3,0
56622,37,45000,RENT,3.0,DEBTCONSOLIDATION,B,1800,9.99,0.04,N,11,0
56623,32,90000,MORTGAGE,0.0,MEDICAL,A,10000,5.79,0.11,N,6,0
56624,26,120000,MORTGAGE,0.0,HOMEIMPROVEMENT,C,20000,13.06,0.17,N,2,0
56625,25,52000,OWN,5.0,EDUCATION,B,3600,10.51,0.07,N,3,0
56626,25,88000,RENT,2.0,EDUCATION,E,15000,14.93,0.17,Y,3,1
56627,23,101000,RENT,7.0,EDUCATION,B,16000,9.91,0.16,N,3,0
56628,37,40000,RENT,2.0,EDUCATION,B,4000,10.99,0.1,N,15,0
56629,24,21648,RENT,1.0,EDUCATION,D,5000,14.42,0.23,N,3,1
56630,30,120000,MORTGAGE,15.0,VENTURE,B,25000,11.11,0.21,N,9,0
56631,32,45000,MORTGAGE,5.0,HOMEIMPROVEMENT,A,3000,6.03,0.07,N,7,0
56632,23,95500,RENT,1.0,DEBTCONSOLIDATION,D,20000,14.83,0.21,N,3,0
56633,23,46000,RENT,3.0,MEDICAL,A,8400,7.51,0.18,N,2,0
56634,25,48000,RENT,2.0,DEBTCONSOLIDATION,C,10000,13.61,0.21,Y,4,0
56635,27,120000,RENT,0.0,EDUCATION,D,3600,14.84,0.03,N,8,0
56636,40,60000,MORTGAGE,1.0,PERSONAL,B,5000,11.14,0.08,N,17,0
56637,23,120000,MORTGAGE,3.0,DEBTCONSOLIDATION,B,7200,9.99,0.06,N,2,0
56638,36,66000,MORTGAGE,20.0,MEDICAL,B,10000,10.65,0.15,N,14,0
56639,23,46000,RENT,4.0,MEDICAL,D,9000,14.09,0.2,N,2,1
56640,22,70000,RENT,6.0,DEBTCONSOLIDATION,B,10000,11.71,0.14,N,2,0
56641,23,45000,MORTGAGE,1.0,VENTURE,A,4000,7.49,0.09,N,4,0
56642,27,28800,RENT,0.0,EDUCATION,A,5000,8.9,0.17,N,9,0
56643,30,58000,RENT,0.0,MEDICAL,B,4000,11.14,0.07,N,6,0
56644,26,95000,MORTGAGE,0.0,EDUCATION,B,12000,11.11,0.13,N,4,0
56645,48,30000,RENT,1.0,EDUCATION,B,3000,10.37,0.1,N,12,0
56646,36,110000,MORTGAGE,3.0,VENTURE,B,3200,11.14,0.03,N,11,0
56647,33,60000,RENT,4.0,MEDICAL,B,15450,10.91,0.25,N,9,0
56648,24,50000,OWN,3.0,VENTURE,B,6000,10.99,0.12,N,4,0
56649,25,48000,OWN,9.0,EDUCATION,B,17000,10.99,0.35,N,2,0
56650,28,90000,MORTGAGE,2.0,VENTURE,C,17000,14.27,0.19,Y,10,0
56651,34,75000,RENT,6.0,HOMEIMPROVEMENT,A,10000,6.03,0.13,N,10,0
56652,27,63000,RENT,3.0,VENTURE,B,8000,11.49,0.13,N,8,0
56653,36,80000,RENT,4.0,HOMEIMPROVEMENT,B,25000,11.49,0.31,N,15,0
56654,25,65004,MORTGAGE,7.0,MEDICAL,C,5000,13.99,0.08,Y,4,0
56655,24,95000,MORTGAGE,3.0,PERSONAL,A,35000,7.9,0.37,N,4,0
56656,25,14400,RENT,2.0,HOMEIMPROVEMENT,D,5500,16.89,0.38,N,4,1
56657,23,19176,RENT,0.0,DEBTCONSOLIDATION,C,2300,13.16,0.12,Y,2,0
56658,26,30000,OWN,2.0,PERSONAL,D,10000,13.3,0.33,Y,3,0
56659,38,35000,RENT,2.0,MEDICAL,C,10000,13.48,0.29,N,17,0
56660,22,50000,RENT,6.0,EDUCATION,B,15000,11.83,0.3,N,3,0
56661,23,95000,OWN,2.0,EDUCATION,A,16000,7.88,0.17,N,3,0
56662,22,60000,RENT,4.0,EDUCATION,C,8000,12.73,0.13,Y,4,0
56663,22,51996,RENT,6.0,VENTURE,C,1500,12.68,0.03,Y,2,0
56664,30,105000,MORTGAGE,5.0,EDUCATION,B,7500,11.48,0.07,N,9,0
56665,24,120000,RENT,6.0,DEBTCONSOLIDATION,E,12000,16.4,0.1,Y,2,1
56666,27,40000,RENT,2.0,MEDICAL,B,10000,10.95,0.25,N,6,0
56667,27,80000,MORTGAGE,6.0,PERSONAL,A,8000,7.29,0.1,N,8,0
56668,33,45600,MORTGAGE,6.0,MEDICAL,A,18225,7.49,0.39,N,5,0
56669,23,50205,RENT,7.0,EDUCATION,B,5500,11.36,0.11,N,2,0
56670,24,46800,RENT,4.0,DEBTCONSOLIDATION,A,14000,7.88,0.3,N,2,0
56671,22,30000,MORTGAGE,3.0,MEDICAL,A,10000,7.29,0.33,N,4,0
56672,29,50000,MORTGAGE,3.0,DEBTCONSOLIDATION,A,4000,5.79,0.08,N,6,0
56673,38,30000,RENT,6.0,VENTURE,D,10000,14.91,0.33,N,11,1
56674,53,90000,RENT,0.0,MEDICAL,C,10000,13.79,0.11,Y,30,0
56675,25,55000,RENT,0.0,DEBTCONSOLIDATION,A,9000,6.91,0.16,N,3,0
56676,25,94200,MORTGAGE,9.0,EDUCATION,A,20000,6.91,0.21,N,4,0
56677,24,43000,MORTGAGE,8.0,HOMEIMPROVEMENT,C,6000,13.43,0.14,N,2,0
56678,33,80000,OWN,2.0,VENTURE,A,1200,8.94,0.02,N,10,0
56679,23,73164,MORTGAGE,7.0,VENTURE,C,1000,13.23,0.01,Y,2,0
56680,27,35000,RENT,2.0,DEBTCONSOLIDATION,B,6000,10.71,0.17,N,5,0
56681,34,85000,RENT,0.0,EDUCATION,B,5000,11.36,0.06,N,9,0
56682,54,80000,MORTGAGE,20.0,MEDICAL,B,12000,10.37,0.15,N,20,0
56683,21,70000,RENT,2.0,VENTURE,B,12000,10.37,0.17,N,3,0
56684,28,36000,RENT,2.0,DEBTCONSOLIDATION,C,12000,13.49,0.33,Y,5,1
56685,29,40000,MORTGAGE,13.0,HOMEIMPROVEMENT,D,10000,14.54,0.25,N,9,0
56686,22,37342,RENT,3.0,PERSONAL,C,2200,13.61,0.06,Y,2,0
56687,51,59000,MORTGAGE,5.0,PERSONAL,B,17000,11.49,0.29,N,22,0
56688,24,72400,MORTGAGE,2.0,VENTURE,B,12000,10.99,0.17,N,3,0
56689,28,90000,RENT,4.0,HOMEIMPROVEMENT,A,6000,8.94,0.07,N,9,0
56690,31,63000,MORTGAGE,15.0,HOMEIMPROVEMENT,A,18000,6.54,0.29,N,6,0
56691,27,36000,RENT,4.0,MEDICAL,A,4800,6.76,0.13,N,9,0
56692,23,53004,MORTGAGE,7.0,DEBTCONSOLIDATION,B,15000,11.86,0.28,N,3,0
56693,23,95000,MORTGAGE,2.0,VENTURE,B,10000,12.69,0.11,N,3,0
56694,37,44959,MORTGAGE,2.0,PERSONAL,A,10000,7.51,0.22,N,11,0
56695,36,70000,RENT,0.0,PERSONAL,C,11200,14.65,0.16,N,13,0
56696,22,60000,OWN,2.0,MEDICAL,C,5000,13.92,0.08,N,3,0
56697,23,40000,RENT,7.0,EDUCATION,A,6000,7.66,0.15,N,2,0
56698,22,30000,RENT,2.0,DEBTCONSOLIDATION,C,8000,14.72,0.27,N,2,0
56699,22,57600,MORTGAGE,6.0,PERSONAL,A,3000,7.75,0.05,N,2,0
56700,36,85000,MORTGAGE,18.0,PERSONAL,A,7200,6.62,0.08,N,17,0
56701,22,68000,OTHER,6.0,EDUCATION,A,6000,8.59,0.09,N,3,0
56702,25,130000,MORTGAGE,9.0,VENTURE,E,22800,16.0,0.18,Y,3,0
56703,30,18000,RENT,0.0,HOMEIMPROVEMENT,C,2500,13.35,0.14,N,9,1
56704,47,29000,RENT,1.0,DEBTCONSOLIDATION,A,11625,7.88,0.41,N,17,1
56705,21,45000,RENT,5.0,MEDICAL,A,9600,6.99,0.21,N,2,0
56706,22,50500,OWN,6.0,PERSONAL,B,6000,10.99,0.12,N,2,0
56707,22,59000,RENT,0.0,DEBTCONSOLIDATION,D,10800,14.59,0.17,Y,4,1
56708,25,125000,OWN,4.0,PERSONAL,B,2500,10.74,0.02,N,3,0
56709,24,62400,RENT,1.0,HOMEIMPROVEMENT,B,9600,9.88,0.15,N,4,0
56710,22,54000,RENT,0.0,DEBTCONSOLIDATION,A,5000,7.37,0.09,N,4,0
56711,22,30000,RENT,6.0,EDUCATION,B,6500,10.37,0.22,N,4,0
56712,27,47380,MORTGAGE,11.0,HOMEIMPROVEMENT,C,15000,13.79,0.32,Y,6,0
56713,24,56000,MORTGAGE,5.0,MEDICAL,B,6000,9.99,0.11,N,2,0
56714,25,77954,MORTGAGE,9.0,MEDICAL,D,15000,14.42,0.17,N,2,1
56715,25,150000,RENT,5.0,EDUCATION,C,12000,13.06,0.08,N,3,0
56716,24,30000,RENT,0.0,HOMEIMPROVEMENT,C,5000,14.35,0.17,N,4,1
56717,23,46000,RENT,1.0,DEBTCONSOLIDATION,A,9000,7.9,0.2,N,4,0
56718,38,40000,MORTGAGE,3.0,PERSONAL,C,2500,13.49,0.06,Y,11,0
56719,21,31221,RENT,4.0,EDUCATION,A,7000,7.14,0.22,N,4,0
56720,30,130000,MORTGAGE,3.0,PERSONAL,A,14000,6.62,0.11,N,9,0
56721,24,53000,RENT,0.0,VENTURE,A,3000,7.49,0.06,N,3,0
56722,24,70000,MORTGAGE,4.0,PERSONAL,B,6000,10.99,0.09,N,4,0
56723,27,44004,RENT,8.0,MEDICAL,A,12500,7.29,0.3,N,8,0
56724,35,110000,MORTGAGE,17.0,DEBTCONSOLIDATION,A,15000,6.54,0.14,N,9,0
56725,27,90000,RENT,11.0,DEBTCONSOLIDATION,C,8000,13.43,0.09,N,6,0
56726,33,110000,RENT,4.0,EDUCATION,B,20000,10.38,0.18,N,7,0
56727,23,52000,MORTGAGE,7.0,EDUCATION,A,6000,5.79,0.12,N,2,0
56728,22,42000,MORTGAGE,1.0,DEBTCONSOLIDATION,C,6000,15.96,0.14,N,4,1
56729,22,45000,RENT,0.0,DEBTCONSOLIDATION,A,13600,7.66,0.31,N,2,1
56730,24,75000,MORTGAGE,6.0,MEDICAL,B,24000,12.69,0.32,N,3,0
56731,31,24000,RENT,0.0,EDUCATION,C,5600,13.22,0.23,Y,6,0
56732,34,150000,MORTGAGE,18.0,EDUCATION,A,12000,8.94,0.08,N,8,0
56733,29,114000,MORTGAGE,2.0,DEBTCONSOLIDATION,A,15000,9.63,0.13,N,9,0
56734,28,75000,MORTGAGE,12.0,DEBTCONSOLIDATION,B,15000,11.11,0.2,N,6,0
56735,43,60000,RENT,9.0,DEBTCONSOLIDATION,C,4800,13.11,0.08,N,11,0
56736,31,100000,MORTGAGE,8.0,VENTURE,A,12000,6.76,0.12,N,6,0
56737,26,64000,RENT,10.0,EDUCATION,E,10400,18.79,0.17,N,3,1
56738,27,43000,MORTGAGE,9.0,DEBTCONSOLIDATION,A,10000,7.51,0.23,N,5,0
56739,27,46000,RENT,2.0,MEDICAL,A,8000,8.32,0.17,N,10,0
56740,32,45000,RENT,4.0,MEDICAL,A,3000,5.42,0.07,N,7,0
56741,23,70000,MORTGAGE,0.0,DEBTCONSOLIDATION,A,3525,6.99,0.05,N,4,0
56742,26,105000,MORTGAGE,1.0,HOMEIMPROVEMENT,B,4000,9.63,0.04,N,2,0
56743,36,90000,RENT,1.0,HOMEIMPROVEMENT,B,12000,12.69,0.13,N,16,0
56744,21,34000,RENT,5.0,PERSONAL,B,5000,11.71,0.15,N,3,1
56745,48,238000,MORTGAGE,3.0,HOMEIMPROVEMENT,D,12000,15.28,0.05,Y,15,0
56746,21,35000,RENT,1.0,VENTURE,B,9000,12.69,0.27,N,3,1
56747,30,46900,MORTGAGE,14.0,MEDICAL,A,6000,14.27,0.13,N,6,0
56748,22,27600,RENT,3.0,MEDICAL,A,3000,7.51,0.11,N,4,0
56749,28,55000,RENT,3.0,EDUCATION,D,9600,14.61,0.18,Y,6,0
56750,37,62000,MORTGAGE,8.0,EDUCATION,A,10000,6.62,0.16,N,12,0
56751,22,76000,MORTGAGE,6.0,PERSONAL,B,14500,10.99,0.19,N,2,0
56752,30,90000,RENT,4.0,DEBTCONSOLIDATION,A,15000,7.9,0.17,N,6,0
56753,26,100000,MORTGAGE,7.0,MEDICAL,A,10000,7.29,0.1,N,3,0
56754,33,65000,MORTGAGE,17.0,VENTURE,A,5000,7.51,0.08,N,9,0
56755,27,78000,RENT,1.0,VENTURE,A,3000,9.32,0.04,N,5,0
56756,33,135000,MORTGAGE,17.0,PERSONAL,B,15000,10.74,0.11,N,5,0
56757,22,55000,RENT,6.0,DEBTCONSOLIDATION,C,12000,14.27,0.22,Y,4,0
56758,22,56400,RENT,6.0,EDUCATION,A,4000,8.9,0.07,N,2,0
56759,34,90000,MORTGAGE,4.0,HOMEIMPROVEMENT,A,3000,5.99,0.03,N,8,0
56760,24,110000,MORTGAGE,1.0,EDUCATION,A,20000,6.54,0.18,N,2,0
56761,24,60000,MORTGAGE,3.0,EDUCATION,A,7000,7.51,0.12,N,2,0
56762,28,60000,MORTGAGE,12.0,PERSONAL,A,5000,7.66,0.08,N,9,0
56763,30,60000,MORTGAGE,7.0,HOMEIMPROVEMENT,A,2500,6.76,0.04,N,7,0
56764,25,65004,RENT,3.0,VENTURE,D,7000,16.89,0.11,N,2,0
56765,31,52000,RENT,5.0,VENTURE,C,4800,11.03,0.09,N,7,0
56766,30,70000,RENT,4.0,HOMEIMPROVEMENT,B,19000,11.71,0.28,N,10,0
56767,27,52800,RENT,8.0,VENTURE,A,4500,6.76,0.09,N,5,0
56768,23,23000,RENT,0.0,EDUCATION,A,6000,7.74,0.26,N,3,0
56769,43,85000,MORTGAGE,2.0,HOMEIMPROVEMENT,A,7000,7.9,0.08,N,16,0
56770,36,68000,MORTGAGE,0.0,EDUCATION,A,7500,8.94,0.11,N,12,0
56771,24,40000,RENT,0.0,VENTURE,B,10000,10.36,0.25,N,3,0
56772,25,115000,RENT,3.0,MEDICAL,B,12000,10.37,0.1,N,2,0
56773,28,52000,RENT,4.0,MEDICAL,C,6000,12.73,0.12,Y,8,0
56774,22,69996,MORTGAGE,6.0,EDUCATION,A,14000,6.92,0.2,N,3,0
56775,28,30000,RENT,1.0,DEBTCONSOLIDATION,C,10000,12.99,0.33,Y,8,1
56776,44,64000,RENT,13.0,DEBTCONSOLIDATION,A,5000,7.88,0.08,N,13,0
56777,23,46000,RENT,7.0,EDUCATION,B,8300,11.71,0.18,N,4,0
56778,39,73882,RENT,9.0,MEDICAL,B,7000,9.99,0.09,N,2,0
56779,37,40000,RENT,0.0,VENTURE,A,4000,7.51,0.1,N,11,0
56780,32,110000,RENT,7.0,HOMEIMPROVEMENT,B,15000,12.69,0.14,N,5,0
56781,22,20000,RENT,1.0,MEDICAL,D,4000,14.11,0.2,Y,4,1
56782,30,115000,MORTGAGE,8.0,PERSONAL,B,15000,12.42,0.13,N,8,0
56783,26,69996,RENT,10.0,VENTURE,C,10800,13.06,0.15,N,3,0
56784,35,95000,RENT,1.0,HOMEIMPROVEMENT,A,8000,7.51,0.08,N,9,0
56785,24,100000,MORTGAGE,8.0,VENTURE,A,6000,8.9,0.06,N,2,0
56786,24,67222,MORTGAGE,0.0,EDUCATION,A,10000,6.91,0.15,N,2,0
56787,34,55000,RENT,1.0,MEDICAL,A,6000,9.63,0.11,N,7,0
56788,31,78000,RENT,9.0,HOMEIMPROVEMENT,C,5000,14.22,0.07,Y,6,0
56789,36,120000,RENT,5.0,HOMEIMPROVEMENT,A,15000,8.9,0.13,N,14,0
56790,38,80000,MORTGAGE,4.0,HOMEIMPROVEMENT,A,5000,7.51,0.06,N,16,0
56791,25,90000,MORTGAGE,8.0,VENTURE,B,6000,9.25,0.07,N,3,0
56792,23,36000,RENT,3.0,DEBTCONSOLIDATION,B,8000,9.99,0.22,N,4,0
56793,23,35000,OWN,4.0,VENTURE,A,7000,8.9,0.2,N,3,0
56794,34,57912,MORTGAGE,12.0,HOMEIMPROVEMENT,A,5600,5.42,0.1,N,8,0
56795,27,23000,RENT,3.0,VENTURE,C,6500,13.98,0.28,N,9,0
56796,29,48000,MORTGAGE,5.0,PERSONAL,A,10000,7.51,0.21,N,10,0
56797,25,45000,MORTGAGE,3.0,DEBTCONSOLIDATION,A,2300,6.99,0.05,N,2,0
56798,25,30000,RENT,6.0,PERSONAL,C,5200,15.27,0.17,Y,4,0
56799,24,85000,RENT,0.0,VENTURE,B,1000,11.71,0.01,N,3,0
56800,21,65253,MORTGAGE,5.0,PERSONAL,B,16000,9.45,0.25,N,4,0
56801,28,20000,RENT,0.0,DEBTCONSOLIDATION,B,1200,10.37,0.06,N,7,0
56802,27,102000,MORTGAGE,8.0,DEBTCONSOLIDATION,B,18000,11.36,0.18,N,8,0
56803,28,111996,RENT,2.0,MEDICAL,C,3000,13.72,0.03,Y,6,0
56804,24,110000,MORTGAGE,0.0,EDUCATION,B,15000,11.14,0.14,N,4,0
56805,21,50000,RENT,3.0,MEDICAL,B,5600,10.75,0.11,N,4,0
56806,23,85000,MORTGAGE,7.0,VENTURE,A,5000,5.79,0.06,N,3,0
56807,22,55000,RENT,3.0,EDUCATION,C,10000,13.48,0.18,N,3,0
56808,22,45000,RENT,6.0,VENTURE,A,10000,7.51,0.22,N,3,0
56809,27,35000,RENT,2.0,EDUCATION,E,6000,16.69,0.17,Y,6,1
56810,23,60000,MORTGAGE,7.0,EDUCATION,A,14400,8.94,0.23,N,4,0
56811,22,61000,RENT,3.0,EDUCATION,A,10000,8.49,0.16,N,2,0
56812,23,70000,MORTGAGE,2.0,DEBTCONSOLIDATION,A,9600,9.32,0.14,N,4,0
56813,24,60000,MORTGAGE,1.0,EDUCATION,B,8000,10.99,0.13,N,3,0
56814,33,50000,RENT,4.0,DEBTCONSOLIDATION,B,6000,10.25,0.12,N,10,0
56815,22,105600,MORTGAGE,3.0,DEBTCONSOLIDATION,A,8000,6.92,0.07,N,4,0
56816,23,110000,MORTGAGE,7.0,DEBTCONSOLIDATION,A,6000,5.79,0.05,N,3,0
56817,23,60000,RENT,5.0,EDUCATION,B,10000,12.21,0.17,N,4,0
56818,26,50000,MORTGAGE,10.0,PERSONAL,A,5000,7.51,0.1,N,3,0
56819,31,24000,MORTGAGE,0.0,MEDICAL,B,2000,10.38,0.08,N,8,0
56820,27,40000,RENT,0.0,DEBTCONSOLIDATION,B,12000,12.69,0.3,N,9,0
56821,27,56000,MORTGAGE,11.0,DEBTCONSOLIDATION,A,10000,7.66,0.18,N,9,0
56822,24,59000,RENT,3.0,MEDICAL,B,4500,9.25,0.08,N,3,0
56823,25,51684,RENT,9.0,PERSONAL,B,4000,10.59,0.08,N,3,0
56824,21,33000,RENT,3.0,MEDICAL,D,6000,16.89,0.18,N,2,1
56825,25,75000,RENT,4.0,VENTURE,A,8000,7.29,0.11,N,2,0
56826,27,65000,MORTGAGE,0.0,VENTURE,B,13000,10.38,0.2,N,5,0
56827,36,132000,RENT,0.0,DEBTCONSOLIDATION,A,15000,9.63,0.12,N,16,0
56828,22,77500,MORTGAGE,3.0,VENTURE,A,6800,8.49,0.1,N,3,0
56829,32,80000,MORTGAGE,4.0,EDUCATION,E,15000,17.39,0.19,Y,10,0
56830,24,30000,RENT,4.0,DEBTCONSOLIDATION,D,7000,15.62,0.23,N,2,1
56831,25,45000,MORTGAGE,4.0,MEDICAL,A,2000,7.4,0.04,N,3,0
56832,23,55000,RENT,3.0,EDUCATION,B,5000,10.99,0.09,N,2,0
56833,23,80000,MORTGAGE,2.0,VENTURE,B,4000,10.99,0.05,N,3,0
56834,37,125000,RENT,4.0,PERSONAL,A,4000,8.9,0.03,N,11,0
56835,44,63000,MORTGAGE,1.0,VENTURE,A,10000,5.42,0.16,N,14,0
56836,24,102000,MORTGAGE,1.0,PERSONAL,A,10000,7.88,0.1,N,2,0
56837,24,28000,RENT,8.0,MEDICAL,A,6300,6.62,0.23,N,2,0
56838,23,75000,RENT,4.0,EDUCATION,A,9500,5.42,0.13,N,2,0
56839,25,30000,RENT,4.0,PERSONAL,B,10000,11.71,0.33,N,2,1
56840,24,69996,RENT,9.0,DEBTCONSOLIDATION,B,4000,10.75,0.06,N,3,0
56841,25,60000,MORTGAGE,2.0,EDUCATION,A,8000,7.14,0.13,N,3,0
56842,25,70000,MORTGAGE,1.0,HOMEIMPROVEMENT,A,7300,9.32,0.1,N,3,0
56843,24,80000,MORTGAGE,8.0,MEDICAL,B,15000,10.99,0.19,N,3,0
56844,24,50000,RENT,2.0,MEDICAL,B,6400,9.99,0.13,N,2,0
56845,24,95000,MORTGAGE,7.0,HOMEIMPROVEMENT,A,15000,7.49,0.16,N,2,0
56846,22,50000,RENT,6.0,DEBTCONSOLIDATION,A,20000,7.9,0.4,N,3,1
56847,23,37000,OWN,5.0,EDUCATION,C,6000,13.11,0.16,N,2,0
56848,29,35000,RENT,3.0,HOMEIMPROVEMENT,B,9600,10.99,0.27,N,10,0
56849,27,60000,RENT,3.0,DEBTCONSOLIDATION,A,5000,8.49,0.08,N,9,0
56850,23,35400,RENT,7.0,DEBTCONSOLIDATION,C,9600,14.65,0.26,N,2,0
56851,24,40000,RENT,0.0,DEBTCONSOLIDATION,B,8000,11.49,0.2,N,2,1
56852,23,101000,MORTGAGE,7.0,DEBTCONSOLIDATION,D,15000,17.58,0.15,N,4,1
56853,40,67000,RENT,12.0,VENTURE,B,16000,9.99,0.24,N,13,0
56854,24,31000,RENT,0.0,MEDICAL,B,1500,10.37,0.05,N,2,0
56855,32,132650,MORTGAGE,3.0,DEBTCONSOLIDATION,B,24000,10.51,0.16,N,5,0
56856,29,45000,RENT,4.0,MEDICAL,A,10400,7.66,0.23,N,7,0
56857,23,38004,RENT,3.0,DEBTCONSOLIDATION,A,3000,7.9,0.08,N,2,0
56858,25,15500,RENT,3.0,DEBTCONSOLIDATION,C,7000,14.22,0.05,Y,3,0
56859,27,60000,RENT,5.0,VENTURE,C,10000,12.73,0.17,Y,6,0
56860,22,34000,RENT,0.0,EDUCATION,B,6000,12.53,0.18,N,4,0
56861,26,40000,RENT,6.0,PERSONAL,B,15200,12.21,0.38,N,3,1
56862,25,30000,RENT,1.0,EDUCATION,A,5000,8.0,0.17,N,3,0
56863,23,37008,RENT,4.0,EDUCATION,C,10000,14.22,0.27,N,4,0
56864,23,34000,RENT,2.0,DEBTCONSOLIDATION,A,5000,7.88,0.15,N,3,0
56865,32,90000,RENT,1.0,HOMEIMPROVEMENT,B,20000,9.88,0.22,N,6,0
56866,28,130000,MORTGAGE,7.0,PERSONAL,A,7200,8.9,0.05,N,8,0
56867,23,60000,RENT,7.0,PERSONAL,A,3600,8.9,0.06,N,3,0
56868,23,36504,RENT,2.0,EDUCATION,C,4900,12.68,0.13,N,3,0
56869,24,40000,RENT,0.0,PERSONAL,C,4000,13.43,0.1,N,2,0
56870,22,39000,RENT,0.0,MEDICAL,D,4500,14.96,0.12,N,2,1
56871,39,55000,MORTGAGE,16.0,VENTURE,A,9000,7.49,0.16,N,16,0
56872,31,19200,RENT,0.0,HOMEIMPROVEMENT,D,3625,16.49,0.19,N,7,1
56873,41,210000,MORTGAGE,7.0,MEDICAL,B,20000,11.48,0.1,N,13,0
56874,25,60000,RENT,9.0,DEBTCONSOLIDATION,B,7000,10.59,0.12,N,3,0
56875,28,63000,RENT,5.0,PERSONAL,B,8000,11.14,0.13,N,6,0
56876,26,30000,MORTGAGE,2.0,VENTURE,B,5600,11.71,0.18,N,3,0
56877,27,30000,RENT,1.0,DEBTCONSOLIDATION,C,1000,13.49,0.03,Y,6,0
56878,23,33000,RENT,7.0,VENTURE,A,2000,7.4,0.06,N,4,0
56879,24,72000,RENT,2.0,PERSONAL,B,20000,11.83,0.28,N,3,0
56880,25,78000,RENT,0.0,HOMEIMPROVEMENT,D,20000,14.96,0.25,Y,4,1
56881,28,52000,RENT,0.0,MEDICAL,C,12500,13.92,0.25,N,9,0
56882,40,123735,MORTGAGE,8.0,PERSONAL,A,12000,7.88,0.1,N,12,0
56883,21,24000,MORTGAGE,2.0,EDUCATION,D,1500,16.29,0.06,N,4,0
56884,47,60000,MORTGAGE,8.0,PERSONAL,A,12000,7.49,0.2,N,16,0
56885,28,99500,MORTGAGE,2.0,VENTURE,A,4000,5.99,0.04,N,5,0
56886,28,42000,MORTGAGE,6.0,PERSONAL,A,10000,6.62,0.24,N,7,0
56887,23,92700,MORTGAGE,2.0,VENTURE,B,15000,10.99,0.16,N,2,0
56888,28,45000,RENT,2.0,PERSONAL,B,5000,10.74,0.11,N,5,0
56889,31,33600,MORTGAGE,0.0,DEBTCONSOLIDATION,D,5000,15.58,0.15,N,10,1
56890,25,60000,MORTGAGE,5.0,MEDICAL,A,5000,7.9,0.08,N,3,0
56891,25,45000,MORTGAGE,9.0,DEBTCONSOLIDATION,A,12000,6.03,0.27,N,2,0
56892,44,61000,MORTGAGE,11.0,MEDICAL,B,10000,10.37,0.16,N,11,0
56893,24,39000,RENT,3.0,MEDICAL,D,6400,12.67,0.16,N,2,1
56894,27,144000,MORTGAGE,3.0,EDUCATION,A,35000,9.63,0.24,N,8,0
56895,39,30000,RENT,6.0,MEDICAL,C,5000,13.98,0.17,N,15,0
56896,25,59000,MORTGAGE,6.0,MEDICAL,B,15000,11.49,0.25,N,2,1
56897,22,39000,OWN,5.0,VENTURE,D,10000,15.28,0.26,Y,2,0
56898,22,50000,MORTGAGE,6.0,PERSONAL,B,6000,11.71,0.12,N,3,0
56899,23,84996,MORTGAGE,5.0,PERSONAL,A,5000,6.91,0.06,N,2,0
56900,33,63000,MORTGAGE,17.0,DEBTCONSOLIDATION,A,10000,7.51,0.16,N,8,0
56901,29,129996,RENT,0.0,PERSONAL,B,25000,10.75,0.19,N,6,0
56902,30,170000,MORTGAGE,14.0,DEBTCONSOLIDATION,A,18000,7.9,0.11,N,7,0
56903,27,75000,MORTGAGE,3.0,DEBTCONSOLIDATION,A,5000,5.42,0.07,N,6,0
56904,23,54000,RENT,4.0,MEDICAL,A,6000,7.49,0.11,N,2,0
56905,28,120000,MORTGAGE,0.0,DEBTCONSOLIDATION,B,20000,11.14,0.17,N,10,0
56906,32,45000,RENT,2.0,VENTURE,B,8000,12.69,0.18,N,10,0
56907,22,30000,RENT,0.0,EDUCATION,A,3600,5.99,0.12,N,3,0
56908,40,50000,RENT,3.0,HOMEIMPROVEMENT,A,10000,6.62,0.2,N,15,0
56909,40,60000,RENT,0.0,PERSONAL,A,7000,8.94,0.12,N,14,0
56910,26,105600,MORTGAGE,10.0,DEBTCONSOLIDATION,B,10000,10.99,0.09,N,2,0
56911,28,67675,RENT,3.0,MEDICAL,D,9000,14.11,0.13,Y,8,0
56912,22,57000,RENT,4.0,EDUCATION,E,9500,16.35,0.17,N,4,0
56913,28,84000,MORTGAGE,7.0,HOMEIMPROVEMENT,C,15000,13.11,0.18,N,8,1
56914,25,70000,RENT,0.0,VENTURE,A,8000,5.99,0.11,N,3,0
56915,29,72000,MORTGAGE,1.0,VENTURE,B,16000,11.83,0.22,N,7,0
56916,24,78000,MORTGAGE,8.0,EDUCATION,C,13500,14.26,0.19,Y,3,0
56917,22,38000,MORTGAGE,2.0,MEDICAL,A,4500,5.42,0.12,N,2,0
56918,24,57057,RENT,2.0,VENTURE,A,9000,6.54,0.16,N,4,0
56919,24,100000,RENT,0.0,VENTURE,C,12000,14.26,0.12,Y,2,0
56920,27,30000,RENT,3.0,DEBTCONSOLIDATION,D,2400,14.46,0.08,N,5,1
56921,22,36000,RENT,6.0,PERSONAL,D,10000,18.25,0.28,Y,4,0
56922,27,102000,RENT,6.0,DEBTCONSOLIDATION,B,18000,11.71,0.18,N,8,0
56923,23,75000,RENT,2.0,PERSONAL,A,10000,6.91,0.13,N,3,0
56924,23,38000,MORTGAGE,4.0,EDUCATION,B,8500,10.99,0.22,N,3,0
56925,38,54600,RENT,1.0,DEBTCONSOLIDATION,B,2500,11.89,0.05,N,12,0
56926,37,99518,MORTGAGE,20.0,HOMEIMPROVEMENT,A,6000,6.62,0.06,N,13,0
56927,21,30000,RENT,3.0,PERSONAL,C,7000,15.27,0.22,N,4,0
56928,31,24000,MORTGAGE,2.0,MEDICAL,A,1800,6.62,0.07,N,10,0
56929,31,75000,RENT,5.0,MEDICAL,B,6000,10.65,0.08,N,5,0
56930,39,81500,MORTGAGE,21.0,EDUCATION,A,7500,6.03,0.09,N,12,0
56931,30,45000,RENT,2.0,DEBTCONSOLIDATION,D,15000,14.74,0.33,Y,5,1
56932,28,24000,OWN,3.0,VENTURE,B,1600,11.12,0.07,N,7,0
56933,30,48000,RENT,1.0,MEDICAL,A,12000,5.79,0.25,N,10,0
56934,34,68000,RENT,4.0,PERSONAL,A,16000,5.99,0.23,Y,7,0
56935,29,54000,RENT,7.0,DEBTCONSOLIDATION,D,15250,14.96,0.28,N,8,1
56936,30,200000,OWN,6.0,PERSONAL,A,24000,6.17,0.12,N,10,0
56937,26,50000,RENT,5.0,PERSONAL,A,8000,7.29,0.16,N,4,0
56938,23,45000,RENT,0.0,EDUCATION,A,4000,7.88,0.09,N,2,0
56939,25,115000,RENT,2.0,PERSONAL,B,25000,11.86,0.22,N,3,0
56940,27,38300,RENT,8.0,DEBTCONSOLIDATION,B,12000,9.63,0.31,N,9,1
56941,26,54000,MORTGAGE,10.0,VENTURE,B,5000,10.74,0.09,N,2,0
56942,34,65000,MORTGAGE,5.0,PERSONAL,B,10000,10.62,0.15,N,10,0
56943,22,36000,RENT,0.0,PERSONAL,B,3000,9.76,0.08,N,3,1
56944,31,36100,RENT,5.0,PERSONAL,D,8000,16.77,0.22,N,5,0
56945,27,70000,RENT,6.0,HOMEIMPROVEMENT,A,10000,7.9,0.14,N,8,0
56946,34,34000,RENT,5.0,MEDICAL,B,4000,11.86,0.12,N,10,0
56947,23,62000,RENT,3.0,PERSONAL,B,10000,9.88,0.16,N,4,0
56948,23,61800,RENT,0.0,PERSONAL,D,1500,15.62,0.02,Y,3,1
56949,29,12500,RENT,0.0,PERSONAL,C,2100,13.61,0.17,Y,6,1
56950,28,130000,MORTGAGE,5.0,MEDICAL,C,12000,13.61,0.09,Y,10,0
56951,26,122000,MORTGAGE,3.0,PERSONAL,B,6000,11.12,0.05,N,3,0
56952,28,60000,MORTGAGE,3.0,HOMEIMPROVEMENT,A,15000,7.49,0.25,N,8,0
56953,34,60000,RENT,18.0,EDUCATION,B,15000,11.86,0.25,N,10,0
56954,23,50000,RENT,1.0,EDUCATION,B,4000,12.69,0.08,N,3,0
56955,27,26400,RENT,0.0,EDUCATION,C,6000,12.98,0.23,Y,9,0
56956,22,39000,RENT,4.0,EDUCATION,B,5000,9.91,0.13,N,2,0
56957,24,50000,RENT,1.0,DEBTCONSOLIDATION,C,6000,12.99,0.12,N,4,0
56958,35,70000,MORTGAGE,16.0,HOMEIMPROVEMENT,A,6000,5.42,0.09,N,10,0
56959,24,65000,OWN,8.0,EDUCATION,B,15000,9.99,0.23,N,2,0
56960,31,51300,MORTGAGE,2.0,PERSONAL,A,9000,7.51,0.17,N,7,0
56961,30,120000,MORTGAGE,3.0,EDUCATION,A,10000,6.92,0.08,N,8,0
56962,38,62000,MORTGAGE,6.0,DEBTCONSOLIDATION,C,10000,13.47,0.16,Y,12,0
56963,23,17280,RENT,1.0,PERSONAL,B,3000,11.11,0.17,N,3,1
56964,22,42000,RENT,5.0,PERSONAL,D,10000,14.96,0.24,Y,4,0
56965,22,50000,RENT,3.0,MEDICAL,A,2000,7.9,0.04,N,4,0
56966,33,170000,OWN,15.0,MEDICAL,B,21000,12.42,0.12,N,7,0
56967,32,91200,MORTGAGE,13.0,MEDICAL,A,6000,6.92,0.07,N,10,0
56968,22,40000,MORTGAGE,6.0,EDUCATION,A,7500,7.9,0.19,N,2,0
56969,33,52479,RENT,17.0,PERSONAL,C,6600,14.54,0.13,N,6,1
56970,21,25000,RENT,2.0,PERSONAL,D,7800,14.42,0.3,Y,4,1
56971,34,80000,RENT,6.0,PERSONAL,C,16000,13.85,0.2,Y,5,0
56972,22,25000,OWN,3.0,EDUCATION,A,4000,7.75,0.16,N,4,0
56973,26,30000,RENT,0.0,VENTURE,A,4900,7.74,0.16,N,3,0
56974,23,39500,RENT,3.0,MEDICAL,C,10000,13.22,0.25,N,2,0
56975,24,48000,MORTGAGE,8.0,EDUCATION,C,14125,13.79,0.29,N,4,0
56976,24,66000,RENT,0.0,HOMEIMPROVEMENT,A,8400,7.51,0.13,N,3,0
56977,23,98000,MORTGAGE,6.0,EDUCATION,B,25000,10.75,0.26,N,4,0
56978,24,39996,RENT,8.0,MEDICAL,B,6000,10.25,0.15,N,2,0
56979,27,72000,MORTGAGE,8.0,HOMEIMPROVEMENT,C,7500,13.92,0.1,Y,10,0
56980,23,55000,RENT,2.0,PERSONAL,B,6000,10.25,0.11,N,3,0
56981,36,86502,RENT,7.0,PERSONAL,A,8000,7.49,0.09,N,14,0
56982,39,100000,RENT,3.0,VENTURE,B,10000,12.53,0.1,N,12,0
56983,32,52000,RENT,16.0,EDUCATION,B,7000,10.99,0.13,N,8,0
56984,42,60000,RENT,23.0,DEBTCONSOLIDATION,A,6000,7.37,0.1,N,13,0
56985,22,120000,MORTGAGE,6.0,EDUCATION,A,15000,8.9,0.13,N,3,0
56986,22,132000,MORTGAGE,4.0,MEDICAL,A,8000,7.29,0.06,N,2,0
56987,23,62400,RENT,0.0,VENTURE,A,8000,6.91,0.13,N,3,0
56988,33,110000,RENT,3.0,VENTURE,C,5000,12.99,0.05,N,8,0
56989,28,40000,MORTGAGE,12.0,MEDICAL,A,4000,6.62,0.1,N,8,0
56990,24,53000,RENT,5.0,MEDICAL,C,15000,13.16,0.28,N,2,0
56991,24,58000,RENT,2.0,VENTURE,D,10000,14.09,0.17,N,2,1
56992,25,80000,MORTGAGE,9.0,EDUCATION,A,10000,7.49,0.13,N,4,0
56993,28,54996,RENT,2.0,DEBTCONSOLIDATION,A,12000,8.94,0.22,N,7,0
56994,36,67000,RENT,2.0,PERSONAL,C,10000,13.11,0.15,Y,14,0
56995,23,63300,RENT,3.0,EDUCATION,A,9000,6.92,0.14,N,2,0
56996,25,76800,MORTGAGE,3.0,DEBTCONSOLIDATION,E,12500,15.95,0.17,Y,2,1
56997,30,37680,RENT,1.0,MEDICAL,G,15000,19.82,0.4,N,6,1
56998,21,25200,RENT,1.0,PERSONAL,C,6000,13.48,0.24,N,2,0
56999,23,80000,RENT,6.0,PERSONAL,C,10000,13.57,0.13,Y,4,0
57000,22,25200,RENT,2.0,MEDICAL,C,4000,14.26,0.16,Y,3,0
57001,29,140000,MORTGAGE,7.0,HOMEIMPROVEMENT,B,12000,12.69,0.09,N,5,0
57002,24,60000,MORTGAGE,8.0,HOMEIMPROVEMENT,B,12000,10.62,0.2,N,3,0
57003,36,40000,MORTGAGE,8.0,DEBTCONSOLIDATION,A,6000,8.49,0.15,N,13,0
57004,48,89018,MORTGAGE,7.0,HOMEIMPROVEMENT,C,5800,11.97,0.07,Y,17,0
57005,24,55000,RENT,2.0,PERSONAL,A,9000,6.62,0.16,N,4,0
57006,30,33000,OWN,1.0,EDUCATION,B,10000,12.18,0.3,N,10,0
57007,27,80000,MORTGAGE,11.0,VENTURE,A,7000,6.99,0.09,N,8,0
57008,31,48000,RENT,5.0,EDUCATION,D,20000,17.49,0.43,N,10,1
57009,31,24000,RENT,0.0,MEDICAL,A,6500,6.03,0.26,N,9,0
57010,32,120000,MORTGAGE,4.0,PERSONAL,B,15000,10.99,0.13,N,9,0
57011,22,60000,MORTGAGE,1.0,DEBTCONSOLIDATION,B,15000,12.21,0.25,N,2,0
57012,29,30000,RENT,1.0,DEBTCONSOLIDATION,D,2000,15.99,0.07,Y,8,1
57013,31,75000,RENT,15.0,DEBTCONSOLIDATION,C,21000,14.65,0.29,N,8,0
57014,25,70000,RENT,0.0,EDUCATION,C,8000,13.72,0.11,Y,3,0
57015,25,35000,RENT,2.0,EDUCATION,C,8000,13.85,0.23,Y,4,0
57016,26,48686,RENT,4.0,PERSONAL,D,3000,14.61,0.06,N,4,0
57017,21,36000,RENT,5.0,EDUCATION,A,3000,7.88,0.08,N,4,0
57018,27,60000,OWN,11.0,VENTURE,A,10000,8.9,0.17,N,8,0
57019,26,45000,MORTGAGE,5.0,MEDICAL,C,7600,12.73,0.17,N,3,0
57020,27,66500,OWN,11.0,VENTURE,A,5000,7.75,0.08,N,5,0
57021,38,55680,MORTGAGE,9.0,DEBTCONSOLIDATION,C,4000,12.73,0.07,N,12,0
57022,32,55000,MORTGAGE,3.0,EDUCATION,A,13000,7.88,0.24,N,7,0
57023,22,31500,RENT,5.0,MEDICAL,A,15000,8.9,0.47,N,2,1
57024,23,57000,RENT,1.0,EDUCATION,B,2500,10.59,0.04,N,2,0
57025,24,65000,MORTGAGE,7.0,DEBTCONSOLIDATION,C,5000,13.99,0.08,N,4,0
57026,38,35000,RENT,3.0,MEDICAL,C,4200,12.99,0.12,N,16,0
57027,25,55000,MORTGAGE,9.0,MEDICAL,A,12000,6.03,0.22,N,4,0
57028,39,39000,RENT,7.0,PERSONAL,C,9600,13.57,0.25,N,12,1
57029,26,53000,RENT,10.0,EDUCATION,B,5100,10.37,0.1,N,2,0
57030,21,33000,RENT,1.0,EDUCATION,C,5000,12.99,0.15,Y,2,0
57031,28,245000,MORTGAGE,1.0,HOMEIMPROVEMENT,E,15000,14.18,0.07,Y,8,0
57032,26,48000,RENT,3.0,MEDICAL,B,8000,10.99,0.17,N,3,1
57033,27,150000,RENT,11.0,MEDICAL,A,25000,6.99,0.17,N,9,0
57034,23,85000,MORTGAGE,7.0,DEBTCONSOLIDATION,B,25000,9.88,0.29,N,3,0
57035,35,57000,RENT,0.0,VENTURE,B,13000,11.71,0.23,N,5,0
57036,32,50000,RENT,3.0,PERSONAL,B,4000,11.86,0.08,N,8,0
57037,25,72000,MORTGAGE,9.0,HOMEIMPROVEMENT,A,10500,8.94,0.15,N,4,0
57038,46,114000,MORTGAGE,15.0,PERSONAL,D,6000,12.49,0.05,Y,12,0
57039,24,100000,MORTGAGE,8.0,DEBTCONSOLIDATION,B,7000,9.62,0.07,N,2,0
57040,22,70000,MORTGAGE,6.0,EDUCATION,B,4000,10.99,0.06,N,4,0
57041,24,37000,RENT,5.0,PERSONAL,C,7000,12.61,0.19,Y,2,0
57042,30,60000,RENT,4.0,HOMEIMPROVEMENT,D,10000,14.59,0.17,Y,7,0
57043,35,30000,OWN,0.0,VENTURE,D,8000,15.95,0.27,Y,6,0
57044,24,78000,RENT,4.0,DEBTCONSOLIDATION,B,3200,11.48,0.04,N,3,0
57045,23,36000,MORTGAGE,7.0,EDUCATION,B,10000,10.65,0.28,N,3,0
57046,27,70000,MORTGAGE,3.0,EDUCATION,A,12000,7.9,0.17,N,9,0
57047,24,46000,OWN,1.0,EDUCATION,B,10000,9.99,0.22,N,3,0
57048,24,39000,RENT,1.0,MEDICAL,D,16000,14.61,0.41,Y,3,1
57049,29,42000,RENT,13.0,MEDICAL,D,2500,14.09,0.06,N,6,1
57050,27,45000,MORTGAGE,11.0,DEBTCONSOLIDATION,A,4000,7.88,0.09,N,10,0
57051,22,50000,MORTGAGE,4.0,MEDICAL,A,5000,6.17,0.1,N,2,0
57052,32,80000,MORTGAGE,1.0,PERSONAL,B,15000,11.83,0.19,N,5,0
57053,26,72000,MORTGAGE,7.0,EDUCATION,C,10000,13.85,0.14,Y,4,0
57054,24,90000,MORTGAGE,2.0,EDUCATION,B,8500,10.99,0.09,N,4,0
57055,23,75000,RENT,0.0,VENTURE,B,15000,11.48,0.2,N,3,0
57056,22,42000,RENT,6.0,EDUCATION,C,8000,15.23,0.19,N,3,0
57057,29,95000,MORTGAGE,6.0,DEBTCONSOLIDATION,B,4000,11.99,0.04,N,7,0
57058,33,81996,MORTGAGE,9.0,PERSONAL,A,10000,9.63,0.12,N,6,0
57059,38,38000,RENT,5.0,PERSONAL,C,9000,13.22,0.24,Y,17,0
57060,32,63000,MORTGAGE,7.0,PERSONAL,B,7500,10.75,0.12,N,9,0
57061,28,90522,MORTGAGE,6.0,DEBTCONSOLIDATION,A,10500,6.91,0.12,N,8,0
57062,30,72000,MORTGAGE,11.0,EDUCATION,A,18000,7.88,0.25,N,10,0
57063,37,336000,RENT,3.0,DEBTCONSOLIDATION,C,9000,12.99,0.03,Y,11,0
57064,40,70000,MORTGAGE,2.0,EDUCATION,C,10000,14.27,0.14,Y,12,0
57065,24,52000,RENT,8.0,MEDICAL,A,10000,7.51,0.19,N,3,0
57066,36,110000,MORTGAGE,2.0,EDUCATION,A,6000,7.49,0.05,N,13,0
57067,23,50000,RENT,7.0,PERSONAL,A,6000,6.54,0.12,N,4,0
57068,22,30000,RENT,2.0,MEDICAL,A,3000,6.92,0.1,N,4,0
57069,23,24000,RENT,1.0,DEBTCONSOLIDATION,B,5000,10.99,0.21,N,4,0
57070,23,72000,RENT,0.0,MEDICAL,B,14000,10.37,0.19,N,3,0
57071,27,75000,RENT,3.0,HOMEIMPROVEMENT,C,12000,13.49,0.16,Y,10,0
57072,23,44000,OTHER,5.0,VENTURE,B,7500,10.08,0.17,N,3,0
57073,28,55000,RENT,2.0,PERSONAL,A,3600,7.51,0.07,N,5,0
57074,21,38400,RENT,5.0,DEBTCONSOLIDATION,A,13000,8.49,0.34,N,2,1
57075,31,24000,RENT,3.0,MEDICAL,B,2400,10.74,0.1,N,5,0
57076,28,50400,RENT,2.0,VENTURE,B,5000,10.37,0.1,N,8,0
57077,24,72000,OWN,6.0,HOMEIMPROVEMENT,B,16000,10.37,0.22,N,3,0
57078,25,32004,RENT,4.0,MEDICAL,C,4800,14.35,0.15,N,4,0
57079,27,33000,RENT,5.0,EDUCATION,A,12000,7.29,0.36,N,8,1
57080,36,81360,MORTGAGE,5.0,MEDICAL,A,5000,7.14,0.06,N,14,0
57081,22,41000,RENT,6.0,MEDICAL,B,5000,11.99,0.12,N,4,0
57082,25,100000,RENT,1.0,DEBTCONSOLIDATION,B,18000,11.11,0.18,N,3,0
57083,23,83000,RENT,3.0,PERSONAL,D,20000,14.42,0.24,N,3,0
57084,35,68000,RENT,11.0,VENTURE,C,20000,13.99,0.29,Y,8,0
57085,31,60000,MORTGAGE,6.0,MEDICAL,B,6000,11.49,0.1,N,6,0
57086,25,200000,MORTGAGE,0.0,VENTURE,C,2800,14.65,0.13,Y,3,0
57087,33,68000,MORTGAGE,4.0,PERSONAL,A,1000,8.0,0.01,N,10,0
57088,28,100000,MORTGAGE,7.0,DEBTCONSOLIDATION,C,15000,12.04,0.15,N,6,0
57089,45,140000,MORTGAGE,12.0,HOMEIMPROVEMENT,E,24000,16.45,0.17,Y,13,0
57090,23,50000,MORTGAGE,0.0,EDUCATION,C,3125,13.22,0.06,Y,3,0
57091,30,30000,RENT,4.0,PERSONAL,A,6600,9.32,0.22,N,7,0
57092,36,140000,MORTGAGE,3.0,VENTURE,B,25000,11.49,0.18,N,13,0
57093,22,30000,RENT,0.0,VENTURE,B,5600,9.76,0.19,N,4,0
57094,32,60000,MORTGAGE,14.0,MEDICAL,B,6000,11.26,0.1,N,6,0
57095,28,100000,RENT,3.0,PERSONAL,C,5000,12.84,0.05,Y,8,0
57096,24,50000,MORTGAGE,8.0,VENTURE,B,6000,9.99,0.12,N,2,0
57097,23,38000,RENT,6.0,EDUCATION,B,8400,11.71,0.22,N,3,0
57098,22,30000,MORTGAGE,6.0,MEDICAL,A,4000,6.62,0.13,N,2,0
57099,30,35000,RENT,0.0,EDUCATION,B,10000,10.95,0.29,N,9,0
57100,31,28800,RENT,1.0,PERSONAL,D,6250,16.32,0.22,Y,9,1
57101,25,94500,MORTGAGE,2.0,VENTURE,B,14000,10.65,0.15,N,4,0
57102,31,28800,RENT,1.0,PERSONAL,A,4200,8.9,0.15,N,5,0
57103,25,70834,RENT,4.0,PERSONAL,C,20000,12.21,0.28,N,2,0
57104,29,80000,MORTGAGE,8.0,HOMEIMPROVEMENT,A,15000,7.9,0.19,N,6,0
57105,25,60000,RENT,1.0,EDUCATION,C,6000,12.29,0.1,N,4,0
57106,25,38748,RENT,1.0,PERSONAL,A,3000,7.4,0.08,N,4,0
57107,23,100000,MORTGAGE,7.0,VENTURE,C,5000,13.06,0.05,Y,2,0
57108,28,40000,MORTGAGE,6.0,MEDICAL,A,5000,6.03,0.13,N,10,0
57109,27,87800,RENT,5.0,VENTURE,F,15175,21.74,0.17,N,10,0
57110,50,98000,RENT,6.0,MEDICAL,C,6000,12.99,0.06,N,14,0
57111,23,54528,MORTGAGE,7.0,VENTURE,A,10000,7.74,0.18,N,4,0
57112,32,85000,RENT,3.0,MEDICAL,B,12000,10.37,0.14,N,8,0
57113,24,143000,RENT,1.0,EDUCATION,B,7000,10.36,0.05,N,2,0
57114,27,50000,RENT,0.0,EDUCATION,C,5000,13.49,0.1,Y,8,0
57115,23,171194,MORTGAGE,7.0,VENTURE,B,25000,10.99,0.15,N,4,0
57116,37,82000,MORTGAGE,11.0,DEBTCONSOLIDATION,A,10000,7.88,0.12,N,16,0
57117,22,60000,RENT,3.0,EDUCATION,B,10000,11.49,0.17,N,4,0
57118,40,28800,RENT,2.0,PERSONAL,B,1000,10.65,0.03,N,14,0
57119,22,40000,RENT,3.0,DEBTCONSOLIDATION,A,4800,8.9,0.12,N,4,0
57120,54,90000,MORTGAGE,6.0,PERSONAL,A,5000,7.49,0.06,N,19,0
57121,41,140000,MORTGAGE,3.0,VENTURE,A,5000,7.9,0.04,N,11,0
57122,32,120000,MORTGAGE,6.0,EDUCATION,A,12000,8.94,0.1,N,6,0
57123,23,45000,RENT,2.0,EDUCATION,A,7000,7.29,0.16,N,4,0
57124,23,40000,RENT,2.0,EDUCATION,B,8000,10.65,0.2,N,2,0
57125,25,72000,RENT,5.0,EDUCATION,C,7500,11.78,0.1,N,2,0
57126,28,50000,RENT,3.0,MEDICAL,A,15000,7.9,0.3,N,6,0
57127,25,36000,RENT,7.0,PERSONAL,B,5000,9.91,0.14,N,3,1
57128,26,85800,OWN,10.0,PERSONAL,C,17000,13.79,0.2,N,3,0
57129,23,91228,MORTGAGE,7.0,MEDICAL,A,12000,7.49,0.13,N,4,0
57130,22,73500,RENT,0.0,PERSONAL,C,5000,15.96,0.07,Y,4,0
57131,23,93500,MORTGAGE,7.0,EDUCATION,A,8000,6.99,0.08,N,3,0
57132,22,28800,RENT,0.0,EDUCATION,A,8000,8.9,0.28,N,3,0
57133,36,70000,RENT,4.0,HOMEIMPROVEMENT,A,9600,5.42,0.14,N,16,0
57134,25,84996,RENT,5.0,MEDICAL,A,3500,7.68,0.04,N,3,0
57135,27,45000,RENT,2.0,EDUCATION,C,6000,14.72,0.13,Y,7,0
57136,22,72000,MORTGAGE,6.0,MEDICAL,B,3500,10.65,0.05,N,4,0
57137,32,50000,MORTGAGE,0.0,PERSONAL,A,5400,7.14,0.11,N,8,0
57138,27,70000,MORTGAGE,1.0,PERSONAL,A,17000,7.49,0.24,N,8,0
57139,35,50000,OWN,13.0,VENTURE,B,12000,10.99,0.24,N,6,0
57140,24,85000,MORTGAGE,8.0,PERSONAL,A,8500,7.51,0.1,N,3,0
57141,24,69000,MORTGAGE,3.0,PERSONAL,D,18250,16.02,0.26,N,2,0
57142,36,120000,MORTGAGE,18.0,MEDICAL,A,8000,6.99,0.07,N,17,0
57143,23,49152,RENT,2.0,EDUCATION,C,6000,13.79,0.12,N,3,0
57144,21,55000,MORTGAGE,5.0,DEBTCONSOLIDATION,A,12000,7.49,0.22,N,3,0
57145,27,90000,MORTGAGE,2.0,DEBTCONSOLIDATION,B,20000,11.11,0.22,N,7,0
57146,29,75000,RENT,14.0,EDUCATION,B,5000,12.42,0.07,N,9,0
57147,26,125000,MORTGAGE,10.0,MEDICAL,A,10000,7.51,0.08,N,3,0
57148,28,37920,RENT,4.0,PERSONAL,B,12000,12.42,0.32,N,10,1
57149,23,78000,MORTGAGE,7.0,DEBTCONSOLIDATION,A,25000,7.9,0.32,N,3,0
57150,29,95000,MORTGAGE,14.0,VENTURE,A,4400,8.9,0.05,N,10,0
57151,22,50000,MORTGAGE,6.0,DEBTCONSOLIDATION,A,7000,8.94,0.14,N,4,0
57152,31,54000,MORTGAGE,15.0,HOMEIMPROVEMENT,A,4000,7.88,0.07,N,8,0
57153,22,120000,MORTGAGE,4.0,EDUCATION,B,12000,10.99,0.1,N,2,0
57154,27,46000,OWN,3.0,PERSONAL,B,3000,10.99,0.07,N,5,0
57155,36,250000,RENT,2.0,VENTURE,B,12000,11.48,0.05,N,13,0
57156,37,33600,RENT,0.0,VENTURE,D,5400,14.74,0.15,Y,15,1
57157,23,59880,RENT,2.0,EDUCATION,B,15000,11.83,0.25,N,2,0
57158,42,24000,RENT,5.0,DEBTCONSOLIDATION,D,7000,16.49,0.29,Y,15,1
57159,31,120000,MORTGAGE,6.0,HOMEIMPROVEMENT,F,23000,18.25,0.19,N,5,0
57160,32,40000,MORTGAGE,4.0,VENTURE,B,12500,11.49,0.3,N,9,0
57161,27,65400,MORTGAGE,0.0,VENTURE,C,20000,13.11,0.31,Y,5,0
57162,31,90000,MORTGAGE,9.0,MEDICAL,B,4500,10.74,0.05,N,9,0
57163,23,82500,RENT,7.0,EDUCATION,A,5000,8.49,0.06,N,2,0
57164,29,46000,RENT,7.0,VENTURE,B,4000,11.49,0.09,N,6,0
57165,23,80000,MORTGAGE,7.0,PERSONAL,B,12000,9.25,0.15,N,3,0
57166,39,57996,RENT,4.0,DEBTCONSOLIDATION,B,7500,12.53,0.13,N,13,0
57167,33,45727,RENT,1.0,DEBTCONSOLIDATION,C,1000,14.22,0.02,Y,10,0
57168,24,24000,RENT,0.0,EDUCATION,B,5000,11.14,0.21,N,4,0
57169,22,54000,MORTGAGE,4.0,PERSONAL,D,8000,14.09,0.15,Y,3,1
57170,24,101000,OWN,3.0,PERSONAL,B,24250,12.53,0.24,N,3,0
57171,22,55000,OWN,6.0,MEDICAL,C,6000,13.16,0.11,Y,3,0
57172,27,70000,RENT,6.0,PERSONAL,B,16000,12.42,0.23,N,8,0
57173,26,75000,MORTGAGE,10.0,PERSONAL,A,15000,7.88,0.2,N,2,0
57174,24,65004,RENT,4.0,MEDICAL,B,4800,9.99,0.07,N,4,0
57175,24,59000,MORTGAGE,1.0,EDUCATION,E,12000,16.0,0.2,N,4,1
57176,29,117000,MORTGAGE,3.0,VENTURE,A,11000,7.49,0.09,N,5,0
57177,23,80000,RENT,4.0,VENTURE,A,14000,6.03,0.17,N,4,0
57178,24,41100,OWN,2.0,EDUCATION,A,4000,5.42,0.1,N,3,0
57179,36,45000,RENT,10.0,DEBTCONSOLIDATION,B,11200,10.99,0.25,N,16,0
57180,26,143000,MORTGAGE,10.0,EDUCATION,B,10000,11.99,0.07,N,2,1
57181,23,70000,RENT,3.0,EDUCATION,C,5000,13.49,0.07,Y,2,0
57182,24,53000,RENT,0.0,VENTURE,A,10000,8.59,0.19,N,2,0
57183,25,140000,MORTGAGE,9.0,PERSONAL,B,10000,9.99,0.07,N,4,0
57184,22,50361,RENT,6.0,EDUCATION,B,12000,12.69,0.24,N,2,0
57185,21,40000,RENT,0.0,PERSONAL,B,5000,10.59,0.13,N,4,0
57186,24,35004,RENT,8.0,DEBTCONSOLIDATION,D,8000,14.96,0.23,N,4,1
57187,23,60000,RENT,7.0,EDUCATION,B,25000,10.65,0.42,N,3,1
57188,25,30000,RENT,2.0,HOMEIMPROVEMENT,C,2400,13.22,0.08,Y,2,1
57189,22,28896,MORTGAGE,2.0,DEBTCONSOLIDATION,C,11000,12.73,0.37,Y,4,0
57190,32,30000,RENT,0.0,VENTURE,B,11325,11.49,0.36,N,5,1
57191,30,40000,RENT,8.0,EDUCATION,C,10000,12.73,0.25,Y,7,0
57192,23,48000,MORTGAGE,3.0,VENTURE,C,20000,13.06,0.42,N,4,1
57193,29,90000,MORTGAGE,11.0,MEDICAL,A,12000,7.88,0.13,N,7,0
57194,31,50000,RENT,2.0,PERSONAL,C,3000,13.47,0.06,N,8,0
57195,23,108000,MORTGAGE,7.0,PERSONAL,B,14000,11.14,0.13,N,4,0
57196,25,52000,MORTGAGE,2.0,DEBTCONSOLIDATION,B,12000,11.71,0.23,N,2,0
57197,28,84906,MORTGAGE,11.0,DEBTCONSOLIDATION,C,4500,12.53,0.05,N,10,0
57198,26,72000,MORTGAGE,6.0,EDUCATION,A,18000,7.66,0.25,N,4,0
57199,30,60000,MORTGAGE,3.0,DEBTCONSOLIDATION,C,12000,12.84,0.2,N,5,0
57200,32,36000,MORTGAGE,2.0,DEBTCONSOLIDATION,A,5600,7.51,0.16,N,10,0
57201,29,27000,RENT,0.0,MEDICAL,C,7500,11.34,0.29,Y,8,0
57202,28,59000,RENT,12.0,MEDICAL,C,9000,13.49,0.15,N,6,0
57203,25,62000,RENT,6.0,VENTURE,A,12000,8.49,0.19,N,4,0
57204,22,39000,MORTGAGE,6.0,EDUCATION,D,5000,15.7,0.13,Y,3,0
57205,24,56000,RENT,1.0,EDUCATION,B,6000,10.74,0.11,N,4,0
57206,23,40000,OWN,7.0,VENTURE,B,6400,10.37,0.16,N,2,0
57207,28,38100,RENT,1.0,EDUCATION,A,3600,7.37,0.09,N,10,0
57208,22,30000,RENT,2.0,DEBTCONSOLIDATION,B,7500,11.14,0.25,N,3,0
57209,22,65000,RENT,5.0,EDUCATION,A,7000,9.32,0.11,N,4,0
57210,27,44000,RENT,5.0,MEDICAL,A,4000,7.88,0.09,N,5,0
57211,26,74000,RENT,8.0,VENTURE,B,30000,11.49,0.4,N,4,1
57212,24,70000,RENT,3.0,HOMEIMPROVEMENT,B,12000,9.91,0.17,N,3,0
57213,23,130000,MORTGAGE,7.0,EDUCATION,A,24000,7.49,0.18,N,3,0
57214,22,62400,OWN,0.0,DEBTCONSOLIDATION,D,5000,15.31,0.08,Y,2,1
57215,25,150000,RENT,6.0,VENTURE,A,12000,7.9,0.08,N,2,0
57216,22,50000,MORTGAGE,7.0,MEDICAL,B,9600,10.37,0.19,N,4,0
57217,25,32000,RENT,1.0,HOMEIMPROVEMENT,E,5000,16.45,0.16,N,4,1
57218,26,42000,RENT,1.0,DEBTCONSOLIDATION,A,7800,7.88,0.17,N,4,0
57219,26,47000,MORTGAGE,10.0,DEBTCONSOLIDATION,A,25000,7.9,0.53,N,2,0
57220,24,80000,MORTGAGE,8.0,DEBTCONSOLIDATION,A,4975,6.03,0.06,N,4,0
57221,26,78000,MORTGAGE,4.0,HOMEIMPROVEMENT,B,1750,10.36,0.02,N,4,0
57222,25,130000,RENT,6.0,MEDICAL,B,20000,10.37,0.15,N,3,0
57223,31,120000,MORTGAGE,15.0,HOMEIMPROVEMENT,B,12000,9.99,0.1,N,6,0
57224,25,38400,RENT,0.0,DEBTCONSOLIDATION,A,2200,9.32,0.06,N,2,0
57225,24,40000,MORTGAGE,3.0,PERSONAL,A,2000,6.62,0.05,N,3,0
57226,23,36000,RENT,5.0,MEDICAL,A,5000,6.03,0.14,N,4,0
57227,29,55000,RENT,7.0,HOMEIMPROVEMENT,A,11000,7.66,0.2,N,10,0
57228,29,35000,RENT,2.0,PERSONAL,A,6000,7.88,0.17,N,9,0
57229,28,50000,RENT,0.0,PERSONAL,C,13000,12.23,0.26,Y,5,0
57230,29,96000,MORTGAGE,13.0,DEBTCONSOLIDATION,A,20000,7.88,0.21,N,8,0
57231,23,26280,RENT,3.0,EDUCATION,D,4000,14.46,0.15,Y,4,0
57232,21,30000,RENT,4.0,EDUCATION,A,6000,5.42,0.2,N,2,0
57233,34,30000,RENT,2.0,PERSONAL,B,11500,10.39,0.38,N,9,1
57234,31,70000,RENT,3.0,EDUCATION,D,2000,15.7,0.03,Y,5,0
57235,47,77000,MORTGAGE,5.0,HOMEIMPROVEMENT,B,6000,10.99,0.08,N,12,0
57236,22,40000,RENT,2.0,PERSONAL,D,6000,14.84,0.15,N,3,1
57237,24,50000,RENT,0.0,VENTURE,C,5000,13.11,0.1,Y,3,0
57238,29,70000,RENT,6.0,MEDICAL,C,18000,13.16,0.26,N,5,0
57239,25,49000,MORTGAGE,0.0,HOMEIMPROVEMENT,A,4000,7.75,0.08,N,2,0
57240,26,50004,MORTGAGE,2.0,EDUCATION,B,10000,10.65,0.2,N,3,0
57241,36,57600,OWN,11.0,EDUCATION,A,9000,7.49,0.16,N,11,0
57242,27,77000,RENT,3.0,VENTURE,B,15000,11.36,0.19,N,7,0
57243,24,40000,RENT,1.0,EDUCATION,B,4000,9.99,0.1,N,3,0
57244,23,110000,RENT,2.0,EDUCATION,C,5000,13.48,0.04,Y,3,0
57245,27,35000,MORTGAGE,5.0,MEDICAL,B,10000,10.36,0.29,N,5,0
57246,23,50000,RENT,4.0,EDUCATION,A,8000,7.29,0.16,N,3,0
57247,24,45000,RENT,6.0,DEBTCONSOLIDATION,A,9000,7.51,0.2,N,2,0
57248,25,145000,RENT,5.0,EDUCATION,D,14500,16.77,0.1,Y,3,0
57249,25,50000,RENT,4.0,EDUCATION,C,4800,14.65,0.1,Y,2,0
57250,23,95000,MORTGAGE,1.0,PERSONAL,C,10000,14.65,0.11,Y,3,0
57251,23,34000,RENT,0.0,EDUCATION,C,9900,12.99,0.29,Y,2,1
57252,22,66000,MORTGAGE,6.0,EDUCATION,A,4000,6.76,0.06,N,3,0
57253,37,60000,RENT,0.0,EDUCATION,B,4000,12.21,0.07,N,11,0
57254,41,60000,RENT,2.0,MEDICAL,C,17000,12.99,0.28,Y,16,0
57255,23,72000,RENT,7.0,MEDICAL,B,21000,11.99,0.29,N,2,0
57256,26,45000,RENT,3.0,MEDICAL,C,4000,13.8,0.09,Y,3,0
57257,26,110000,MORTGAGE,8.0,PERSONAL,A,8000,7.74,0.07,N,3,0
57258,27,60000,RENT,8.0,VENTURE,A,7200,7.29,0.12,N,6,0
57259,22,40000,RENT,0.0,EDUCATION,C,5000,10.28,0.13,N,3,0
57260,28,50000,RENT,4.0,VENTURE,A,5000,7.49,0.1,N,7,0
57261,27,90000,MORTGAGE,6.0,VENTURE,A,6250,7.14,0.07,N,8,0
57262,24,28800,RENT,3.0,MEDICAL,A,7000,6.92,0.24,N,4,0
57263,25,72000,MORTGAGE,5.0,MEDICAL,B,6000,11.99,0.08,N,3,0
57264,22,98000,MORTGAGE,6.0,VENTURE,B,25000,10.99,0.26,N,4,0
57265,22,60000,RENT,6.0,PERSONAL,D,12000,15.2,0.2,N,4,0
57266,23,24000,RENT,1.0,EDUCATION,C,4000,12.87,0.17,Y,4,1
57267,24,62000,RENT,5.0,PERSONAL,B,10000,10.99,0.16,N,4,0
57268,25,85000,MORTGAGE,9.0,HOMEIMPROVEMENT,A,10000,7.88,0.12,N,3,0
57269,31,33600,RENT,15.0,DEBTCONSOLIDATION,A,4800,7.14,0.14,N,10,0
57270,22,33600,RENT,1.0,EDUCATION,B,10000,10.99,0.3,N,4,0
57271,24,30000,RENT,0.0,EDUCATION,A,8000,8.9,0.27,N,3,0
57272,27,60000,MORTGAGE,11.0,PERSONAL,B,8000,10.65,0.13,N,7,0
57273,33,28800,RENT,0.0,VENTURE,D,3250,17.49,0.11,N,7,1
57274,32,60000,OWN,9.0,HOMEIMPROVEMENT,C,14400,13.35,0.24,Y,9,0
57275,25,26400,RENT,1.0,PERSONAL,A,1325,6.62,0.05,N,2,1
57276,25,35000,MORTGAGE,4.0,DEBTCONSOLIDATION,A,13075,7.29,0.37,N,2,0
57277,22,90000,MORTGAGE,6.0,EDUCATION,C,5000,13.98,0.06,N,2,0
57278,33,80000,MORTGAGE,2.0,DEBTCONSOLIDATION,B,10000,11.26,0.13,N,9,0
57279,25,84000,MORTGAGE,2.0,VENTURE,B,25000,11.48,0.3,N,4,0
57280,23,75000,MORTGAGE,7.0,EDUCATION,A,16000,7.51,0.21,N,2,0
57281,25,36000,RENT,3.0,HOMEIMPROVEMENT,E,8000,17.14,0.22,N,2,1
57282,23,46450,RENT,5.0,EDUCATION,B,10000,10.62,0.22,N,4,0
57283,28,130000,MORTGAGE,4.0,DEBTCONSOLIDATION,C,13000,13.11,0.11,Y,7,0
57284,31,72000,MORTGAGE,4.0,HOMEIMPROVEMENT,C,20000,13.22,0.28,N,6,0
57285,23,85000,MORTGAGE,1.0,VENTURE,A,8000,6.92,0.09,N,4,0
57286,35,80004,RENT,0.0,DEBTCONSOLIDATION,B,14500,10.75,0.18,N,8,0
57287,29,85000,RENT,1.0,EDUCATION,B,10000,12.69,0.12,N,9,0
57288,29,100000,RENT,6.0,MEDICAL,A,12000,7.88,0.12,N,10,0
57289,26,52000,RENT,3.0,PERSONAL,C,10000,14.27,0.19,Y,3,0
57290,24,50000,MORTGAGE,4.0,PERSONAL,D,8000,15.65,0.16,N,3,0
57291,27,44004,RENT,2.0,MEDICAL,B,12000,9.63,0.27,N,8,0
57292,26,75000,MORTGAGE,10.0,PERSONAL,A,6000,8.9,0.08,N,3,0
57293,31,14400,RENT,2.0,EDUCATION,D,3500,13.67,0.25,N,5,1
57294,27,82600,MORTGAGE,4.0,PERSONAL,D,12000,14.91,0.14,Y,6,0
57295,27,60000,RENT,11.0,VENTURE,B,12000,9.91,0.2,N,6,0
57296,21,68000,RENT,3.0,EDUCATION,B,8000,10.99,0.12,N,3,0
57297,29,100000,MORTGAGE,6.0,VENTURE,B,12000,9.25,0.12,N,9,0
57298,27,87000,MORTGAGE,9.0,PERSONAL,B,15000,10.59,0.17,N,9,0
57299,21,110000,RENT,1.0,VENTURE,D,21000,14.09,0.19,N,2,0
57300,22,42000,OWN,4.0,EDUCATION,A,10000,6.17,0.24,N,3,0
57301,23,30000,RENT,4.0,EDUCATION,B,5000,11.49,0.17,N,3,0
57302,30,69500,MORTGAGE,14.0,VENTURE,C,6000,13.49,0.09,N,7,0
57303,29,60000,RENT,6.0,EDUCATION,B,12000,10.99,0.2,N,5,0
57304,22,28000,RENT,4.0,EDUCATION,B,7500,11.86,0.27,N,3,0
57305,24,50000,MORTGAGE,6.0,VENTURE,A,12000,8.9,0.24,N,3,0
57306,23,130992,MORTGAGE,7.0,EDUCATION,A,6000,8.49,0.05,N,4,0
57307,34,45600,OWN,2.0,VENTURE,A,6400,7.88,0.14,N,9,0
57308,50,74600,RENT,1.0,PERSONAL,C,15000,12.84,0.2,N,14,0
57309,30,50000,MORTGAGE,8.0,VENTURE,A,3000,6.62,0.06,N,6,0
57310,32,56000,MORTGAGE,16.0,MEDICAL,A,4000,7.29,0.07,N,6,0
57311,25,30000,MORTGAGE,4.0,MEDICAL,B,2000,11.86,0.07,N,4,0
57312,42,60000,RENT,3.0,VENTURE,C,3500,14.27,0.06,Y,17,0
57313,23,63533,RENT,0.0,EDUCATION,D,25000,14.96,0.38,Y,2,1
57314,22,40000,RENT,6.0,VENTURE,A,4000,7.88,0.1,N,3,0
57315,33,110000,MORTGAGE,2.0,MEDICAL,B,5000,9.99,0.05,N,5,0
57316,31,85000,MORTGAGE,15.0,HOMEIMPROVEMENT,A,7000,6.92,0.08,N,8,0
57317,25,24000,RENT,0.0,EDUCATION,B,1500,11.49,0.06,N,4,0
57318,29,75000,RENT,0.0,HOMEIMPROVEMENT,A,12000,9.32,0.16,N,9,0
57319,22,44000,MORTGAGE,6.0,VENTURE,A,2000,7.66,0.05,N,3,0
57320,21,60000,MORTGAGE,6.0,DEBTCONSOLIDATION,B,8000,10.65,0.13,N,3,0
57321,29,34000,RENT,1.0,DEBTCONSOLIDATION,E,8400,17.99,0.25,Y,6,1
57322,22,44000,MORTGAGE,2.0,EDUCATION,D,6400,16.49,0.15,Y,3,1
57323,32,62800,RENT,3.0,EDUCATION,C,9600,11.97,0.15,N,8,0
57324,23,85000,MORTGAGE,7.0,PERSONAL,A,35000,7.9,0.41,N,4,0
57325,30,66560,RENT,4.0,VENTURE,B,12000,10.36,0.18,N,8,0
57326,27,82116,MORTGAGE,9.0,PERSONAL,B,3600,11.99,0.04,N,9,0
57327,34,18000,RENT,1.0,EDUCATION,C,6250,13.85,0.36,N,8,1
57328,25,42000,RENT,2.0,DEBTCONSOLIDATION,B,11000,12.42,0.26,N,3,0
57329,25,36000,RENT,2.0,MEDICAL,B,3000,10.25,0.09,N,2,0
57330,29,40000,MORTGAGE,2.0,EDUCATION,A,4000,8.0,0.1,N,5,0
57331,23,60000,RENT,1.0,MEDICAL,C,20000,14.22,0.33,N,3,1
57332,22,75000,RENT,7.0,MEDICAL,B,12000,10.74,0.16,N,3,0
57333,30,60000,MORTGAGE,14.0,EDUCATION,C,3600,13.49,0.06,Y,5,0
57334,26,60000,MORTGAGE,4.0,MEDICAL,B,3000,10.62,0.05,N,4,0
57335,25,42000,RENT,3.0,PERSONAL,E,10000,17.14,0.24,N,3,0
57336,25,80000,RENT,6.0,EDUCATION,A,6000,5.99,0.07,N,4,0
57337,30,60000,OWN,7.0,EDUCATION,D,6000,15.99,0.1,N,6,0
57338,23,50000,RENT,3.0,EDUCATION,A,13000,7.51,0.26,N,3,0
57339,40,39500,RENT,1.0,DEBTCONSOLIDATION,A,5600,7.9,0.14,N,15,0
57340,24,43200,RENT,8.0,MEDICAL,C,6000,13.49,0.14,Y,4,0
57341,22,30000,RENT,3.0,MEDICAL,C,14400,13.22,0.48,N,4,1
57342,25,40000,RENT,9.0,MEDICAL,C,12000,13.16,0.3,Y,4,0
57343,29,65000,MORTGAGE,13.0,EDUCATION,A,7000,8.9,0.11,N,8,0
57344,28,60000,MORTGAGE,12.0,HOMEIMPROVEMENT,A,2000,5.42,0.03,N,8,0
57345,29,54200,MORTGAGE,13.0,HOMEIMPROVEMENT,A,4500,6.03,0.08,N,9,0
57346,27,27600,RENT,0.0,DEBTCONSOLIDATION,B,7500,10.59,0.27,N,8,0
57347,22,53004,MORTGAGE,6.0,EDUCATION,B,10000,11.86,0.19,N,4,0
57348,22,57000,RENT,1.0,EDUCATION,C,7500,13.23,0.13,Y,4,0
57349,29,39314,RENT,1.0,EDUCATION,C,6000,13.23,0.15,Y,6,1
57350,24,45000,MORTGAGE,8.0,EDUCATION,A,4000,7.49,0.09,N,4,0
57351,31,80000,MORTGAGE,6.0,DEBTCONSOLIDATION,B,15000,9.88,0.19,N,8,0
57352,28,25000,OWN,1.0,HOMEIMPROVEMENT,B,8800,9.91,0.35,N,10,0
57353,27,30000,RENT,2.0,EDUCATION,B,5000,11.36,0.17,N,5,0
57354,30,60000,MORTGAGE,4.0,DEBTCONSOLIDATION,A,3000,5.42,0.05,N,5,0
57355,23,40000,RENT,0.0,MEDICAL,A,4000,7.88,0.1,N,3,0
57356,36,140000,MORTGAGE,5.0,EDUCATION,C,25000,13.72,0.18,N,13,0
57357,21,40000,MORTGAGE,5.0,MEDICAL,B,16000,12.53,0.39,N,3,0
57358,48,120000,OWN,8.0,EDUCATION,E,4000,18.64,0.04,N,11,0
57359,23,115000,MORTGAGE,4.0,EDUCATION,A,10000,5.79,0.09,N,3,0
57360,23,87000,MORTGAGE,7.0,EDUCATION,C,15000,12.68,0.17,N,3,0
57361,27,100000,MORTGAGE,11.0,HOMEIMPROVEMENT,C,15000,13.98,0.15,Y,7,0
57362,38,36707,RENT,3.0,PERSONAL,D,9250,16.32,0.25,Y,14,0
57363,31,14400,RENT,0.0,PERSONAL,D,2000,14.96,0.14,N,7,1
57364,23,80000,MORTGAGE,4.0,DEBTCONSOLIDATION,A,4800,7.51,0.06,N,2,0
57365,31,45000,RENT,4.0,PERSONAL,B,8000,11.99,0.18,N,9,0
57366,33,50000,OWN,2.0,PERSONAL,A,10000,7.51,0.2,N,8,0
57367,49,55000,MORTGAGE,11.0,EDUCATION,A,10000,5.42,0.18,N,13,0
57368,27,60000,RENT,11.0,PERSONAL,D,25000,14.84,0.42,Y,8,1
57369,24,40000,RENT,1.0,MEDICAL,B,1000,12.18,0.03,N,3,0
57370,33,225000,MORTGAGE,4.0,HOMEIMPROVEMENT,B,20000,10.25,0.09,N,7,0
57371,52,60000,MORTGAGE,3.0,PERSONAL,A,1750,8.49,0.03,N,23,0
57372,21,35000,RENT,1.0,MEDICAL,A,4800,5.42,0.14,N,2,0
57373,24,40000,OWN,0.0,MEDICAL,A,5000,7.29,0.13,N,4,0
57374,28,69996,MORTGAGE,12.0,DEBTCONSOLIDATION,A,12000,6.99,0.17,N,10,0
57375,32,43000,RENT,12.0,DEBTCONSOLIDATION,A,10000,9.32,0.23,N,7,0
57376,46,150000,RENT,0.0,EDUCATION,B,20000,11.48,0.13,N,14,0
57377,21,33000,MORTGAGE,4.0,EDUCATION,A,2500,6.76,0.08,N,2,0
57378,28,60000,OWN,1.0,HOMEIMPROVEMENT,D,15000,14.96,0.25,Y,10,0
57379,22,24000,RENT,4.0,DEBTCONSOLIDATION,C,5000,14.22,0.21,N,3,0
57380,33,84996,MORTGAGE,5.0,HOMEIMPROVEMENT,A,5000,7.88,0.06,N,7,0
57381,36,30000,RENT,3.0,PERSONAL,B,5000,10.65,0.17,N,14,0
57382,27,38400,RENT,11.0,VENTURE,B,7000,9.99,0.18,N,7,0
57383,26,36120,RENT,2.0,MEDICAL,C,9000,14.22,0.25,N,3,1
57384,25,30000,MORTGAGE,9.0,MEDICAL,B,12000,11.83,0.4,N,4,0
57385,32,75000,MORTGAGE,1.0,HOMEIMPROVEMENT,C,4500,15.23,0.06,N,5,1
57386,27,60000,MORTGAGE,8.0,VENTURE,A,7000,7.29,0.12,N,10,0
57387,27,60000,MORTGAGE,1.0,DEBTCONSOLIDATION,C,2000,12.84,0.03,N,8,0
57388,35,75000,MORTGAGE,2.0,PERSONAL,A,10500,9.63,0.14,N,9,0
57389,24,49278,RENT,4.0,DEBTCONSOLIDATION,B,13000,10.59,0.26,N,4,0
57390,24,60000,RENT,2.0,DEBTCONSOLIDATION,C,12000,13.22,0.2,Y,2,0
57391,31,45000,RENT,5.0,MEDICAL,B,2400,11.49,0.05,N,10,0
57392,24,89000,MORTGAGE,8.0,PERSONAL,B,10000,10.65,0.11,N,3,0
57393,22,67000,MORTGAGE,5.0,DEBTCONSOLIDATION,B,12000,9.99,0.18,N,4,0
57394,25,60000,RENT,2.0,EDUCATION,B,15000,12.53,0.25,N,3,0
57395,28,160000,MORTGAGE,12.0,VENTURE,A,14000,5.42,0.09,N,7,0
57396,34,40000,MORTGAGE,18.0,DEBTCONSOLIDATION,B,1000,10.25,0.03,N,5,0
57397,24,62500,MORTGAGE,8.0,EDUCATION,B,5000,11.36,0.08,N,3,0
57398,35,54000,RENT,2.0,EDUCATION,B,7000,10.62,0.13,N,8,0
57399,22,88000,RENT,0.0,HOMEIMPROVEMENT,E,10000,17.14,0.1,Y,3,1
57400,41,28000,RENT,5.0,DEBTCONSOLIDATION,C,3000,13.57,0.11,Y,15,0
57401,28,275000,MORTGAGE,12.0,HOMEIMPROVEMENT,A,10000,7.66,0.04,N,10,0
57402,25,44000,RENT,0.0,HOMEIMPROVEMENT,B,4000,11.86,0.09,N,3,1
57403,23,65000,RENT,0.0,EDUCATION,A,4000,7.49,0.06,N,3,0
57404,47,50000,RENT,4.0,HOMEIMPROVEMENT,D,8400,16.89,0.17,N,16,0
57405,38,55000,MORTGAGE,16.0,PERSONAL,A,10000,6.03,0.18,N,17,0
57406,27,34000,RENT,3.0,HOMEIMPROVEMENT,C,11500,13.06,0.34,Y,10,1
57407,22,35000,RENT,3.0,EDUCATION,C,3000,13.49,0.09,N,2,0
57408,22,55200,RENT,0.0,PERSONAL,A,4000,6.76,0.07,N,2,0
57409,23,24996,RENT,3.0,EDUCATION,B,2500,10.99,0.1,N,2,0
57410,33,100000,MORTGAGE,2.0,DEBTCONSOLIDATION,A,12000,6.03,0.12,N,5,0
57411,23,75000,MORTGAGE,1.0,MEDICAL,B,5000,10.65,0.07,N,4,0
57412,30,67000,RENT,7.0,HOMEIMPROVEMENT,B,25000,12.69,0.37,N,6,1
57413,27,48000,RENT,1.0,MEDICAL,A,14000,8.94,0.29,N,8,1
57414,44,58650,RENT,2.0,MEDICAL,D,9600,14.54,0.13,N,12,1
57415,36,36194,RENT,2.0,MEDICAL,A,9200,7.51,0.26,N,13,0
57416,23,80000,MORTGAGE,7.0,VENTURE,A,16000,7.9,0.2,N,2,0
57417,27,60000,MORTGAGE,6.0,MEDICAL,B,3600,10.65,0.06,N,8,0
57418,24,85000,RENT,0.0,PERSONAL,A,24000,7.49,0.28,N,3,0
57419,24,37245,RENT,9.0,EDUCATION,A,7200,8.9,0.19,N,2,0
57420,25,27024,OWN,7.0,EDUCATION,E,8000,16.69,0.3,N,2,1
57421,30,50000,MORTGAGE,14.0,MEDICAL,A,3600,7.49,0.07,N,8,0
57422,21,65000,MORTGAGE,5.0,PERSONAL,A,7000,5.42,0.11,N,4,0
57423,24,16320,RENT,0.0,PERSONAL,B,5000,11.36,0.31,N,2,1
57424,24,85000,RENT,2.0,EDUCATION,B,9600,10.99,0.11,N,3,0
57425,37,59000,RENT,1.0,PERSONAL,B,14000,12.42,0.24,N,14,0
57426,23,24000,MORTGAGE,2.0,DEBTCONSOLIDATION,B,5000,10.65,0.21,N,4,0
57427,23,42000,RENT,0.0,MEDICAL,C,6500,14.22,0.15,Y,2,0
57428,30,130000,MORTGAGE,14.0,PERSONAL,A,10000,6.17,0.08,N,6,0
57429,23,60000,RENT,7.0,EDUCATION,C,10000,13.22,0.17,N,3,0
57430,28,65000,RENT,12.0,HOMEIMPROVEMENT,C,8000,14.35,0.12,Y,5,0
57431,27,30000,RENT,1.0,HOMEIMPROVEMENT,B,8000,12.53,0.27,N,9,1
57432,27,90000,MORTGAGE,0.0,PERSONAL,A,10000,8.63,0.11,N,10,0
57433,24,60000,MORTGAGE,4.0,PERSONAL,A,12000,5.79,0.2,N,2,0
57434,47,62500,RENT,0.0,PERSONAL,B,4000,10.37,0.06,N,11,0
57435,25,61200,MORTGAGE,4.0,HOMEIMPROVEMENT,B,8000,11.14,0.11,N,4,0
57436,22,54000,RENT,7.0,HOMEIMPROVEMENT,D,25000,15.57,0.46,Y,3,1
57437,32,180000,MORTGAGE,13.0,EDUCATION,B,25000,11.11,0.14,N,9,0
57438,41,42000,RENT,4.0,HOMEIMPROVEMENT,B,8000,12.42,0.19,N,16,0
57439,22,60000,RENT,3.0,VENTURE,C,12000,14.26,0.2,N,3,0
57440,27,40000,RENT,2.0,EDUCATION,A,15000,7.88,0.38,N,5,1
57441,29,30000,RENT,2.0,DEBTCONSOLIDATION,C,1000,14.17,0.03,Y,10,0
57442,28,75000,RENT,6.0,MEDICAL,C,15000,11.34,0.2,Y,7,0
57443,25,100000,MORTGAGE,2.0,MEDICAL,C,5000,12.87,0.05,Y,3,0
57444,30,42000,MORTGAGE,5.0,VENTURE,A,6000,7.9,0.14,N,6,0
57445,21,127500,OWN,1.0,PERSONAL,A,14000,7.49,0.12,N,4,0
57446,31,43000,RENT,2.0,MEDICAL,B,8000,10.25,0.19,N,6,0
57447,23,70000,MORTGAGE,3.0,PERSONAL,C,6000,13.49,0.09,Y,4,1
57448,43,70000,RENT,11.0,PERSONAL,D,15000,14.84,0.21,N,13,0
57449,22,45000,RENT,0.0,EDUCATION,A,6400,9.32,0.14,N,4,0
57450,23,24000,RENT,0.0,PERSONAL,B,5000,10.95,0.21,N,4,0
57451,35,38000,RENT,5.0,PERSONAL,B,12000,11.71,0.32,N,5,1
57452,23,75000,RENT,0.0,EDUCATION,A,6000,7.88,0.08,N,2,0
57453,41,65000,RENT,3.0,PERSONAL,C,5000,13.49,0.08,N,11,0
57454,36,85000,MORTGAGE,4.0,HOMEIMPROVEMENT,C,10000,12.99,0.12,Y,14,0
57455,24,65000,RENT,5.0,MEDICAL,B,10000,11.49,0.15,N,4,0
57456,23,56000,RENT,0.0,DEBTCONSOLIDATION,C,6000,13.49,0.11,Y,3,0
57457,23,57000,RENT,7.0,PERSONAL,A,7500,7.14,0.13,N,3,0
57458,32,38004,RENT,0.0,PERSONAL,E,5000,16.45,0.13,Y,6,1
57459,30,60000,RENT,4.0,PERSONAL,B,10000,10.37,0.17,N,5,0
57460,36,45000,MORTGAGE,4.0,DEBTCONSOLIDATION,B,8000,10.99,0.18,N,11,0
57461,37,100000,MORTGAGE,9.0,MEDICAL,B,4500,12.53,0.04,N,13,0
57462,24,40000,RENT,2.0,EDUCATION,B,8000,10.25,0.2,N,3,0
57463,22,40000,MORTGAGE,6.0,PERSONAL,B,5000,11.49,0.13,N,4,0
57464,25,48000,RENT,2.0,VENTURE,B,6000,9.99,0.13,N,3,0
57465,33,98000,MORTGAGE,9.0,PERSONAL,B,20000,10.99,0.2,N,6,0
57466,26,40000,RENT,4.0,EDUCATION,B,15000,12.42,0.38,N,3,1
57467,23,100000,MORTGAGE,4.0,PERSONAL,C,14000,14.65,0.14,N,3,0
57468,32,50000,RENT,8.0,MEDICAL,A,5000,7.29,0.1,N,7,0
57469,29,57700,RENT,2.0,PERSONAL,B,3500,10.37,0.06,N,7,0
57470,22,39600,RENT,6.0,MEDICAL,C,5000,13.48,0.13,Y,2,1
57471,24,65000,MORTGAGE,5.0,PERSONAL,A,1525,5.42,0.02,N,4,0
57472,37,117500,MORTGAGE,14.0,HOMEIMPROVEMENT,A,14500,7.66,0.13,N,17,0
57473,26,65000,MORTGAGE,10.0,VENTURE,A,10000,7.51,0.15,N,4,0
57474,25,85000,MORTGAGE,9.0,PERSONAL,B,20000,11.11,0.24,N,2,0
57475,26,67500,RENT,1.0,HOMEIMPROVEMENT,A,3000,9.32,0.04,N,3,0
57476,27,100000,MORTGAGE,2.0,DEBTCONSOLIDATION,B,10000,11.14,0.1,N,6,0
57477,22,54000,RENT,2.0,MEDICAL,F,20000,18.62,0.37,Y,2,1
57478,23,35000,MORTGAGE,8.0,EDUCATION,A,10000,7.51,0.29,N,4,0
57479,22,50000,MORTGAGE,6.0,EDUCATION,A,9725,6.03,0.19,N,3,0
57480,26,100000,MORTGAGE,10.0,EDUCATION,A,12000,5.99,0.12,N,2,0
57481,24,36000,RENT,3.0,EDUCATION,A,6800,7.51,0.19,N,4,0
57482,27,31200,MORTGAGE,2.0,HOMEIMPROVEMENT,C,7500,13.48,0.24,N,5,0
57483,25,26000,OWN,4.0,HOMEIMPROVEMENT,C,6000,15.27,0.23,Y,2,0
57484,29,49362,RENT,6.0,HOMEIMPROVEMENT,C,4500,12.61,0.09,N,10,1
57485,22,50000,RENT,7.0,PERSONAL,A,12500,8.94,0.25,N,4,1
57486,38,36000,MORTGAGE,14.0,PERSONAL,A,12000,7.51,0.33,N,14,0
57487,23,30000,MORTGAGE,1.0,DEBTCONSOLIDATION,D,11500,16.89,0.39,N,3,1
57488,27,36000,RENT,6.0,EDUCATION,A,5000,7.51,0.14,N,10,0
57489,22,70000,MORTGAGE,3.0,EDUCATION,A,8000,6.91,0.11,N,2,0
57490,23,65000,RENT,3.0,EDUCATION,A,4000,5.99,0.06,N,2,0
57491,38,24996,RENT,2.0,MEDICAL,A,5000,7.51,0.2,N,11,0
57492,22,40000,RENT,0.0,PERSONAL,A,5000,7.29,0.13,N,4,0
57493,23,40000,MORTGAGE,7.0,VENTURE,B,7200,9.88,0.18,N,3,0
57494,26,60000,MORTGAGE,8.0,PERSONAL,A,3000,8.9,0.05,N,4,0
57495,24,100000,MORTGAGE,5.0,HOMEIMPROVEMENT,A,15000,7.88,0.15,N,2,0
57496,23,50000,OWN,7.0,VENTURE,A,10000,5.79,0.2,N,2,0
57497,23,55000,RENT,7.0,VENTURE,B,4000,9.91,0.07,N,4,0
57498,31,75000,OWN,5.0,VENTURE,A,4000,6.03,0.05,N,9,0
57499,27,32000,RENT,0.0,VENTURE,D,5000,14.96,0.16,N,10,1
57500,22,74984,MORTGAGE,4.0,EDUCATION,C,16500,12.87,0.21,N,4,0
57501,27,115000,MORTGAGE,3.0,DEBTCONSOLIDATION,A,7000,7.51,0.06,N,10,0
57502,21,33000,RENT,0.0,EDUCATION,A,4550,7.88,0.14,N,4,0
57503,28,40000,RENT,4.0,DEBTCONSOLIDATION,B,6000,11.49,0.15,N,9,0
57504,23,37500,RENT,0.0,EDUCATION,C,7000,13.47,0.19,Y,4,0
57505,28,75000,RENT,2.0,MEDICAL,C,8000,13.23,0.11,Y,8,0
57506,28,31800,RENT,2.0,VENTURE,D,10000,14.09,0.31,Y,10,1
57507,24,28200,RENT,3.0,DEBTCONSOLIDATION,C,9200,15.23,0.32,Y,3,1
57508,40,31200,MORTGAGE,4.0,HOMEIMPROVEMENT,B,5000,10.65,0.16,N,11,0
57509,24,60000,RENT,0.0,HOMEIMPROVEMENT,A,10000,8.59,0.17,N,3,0
57510,34,64000,RENT,1.0,EDUCATION,B,9000,10.59,0.14,N,7,0
57511,24,72444,MORTGAGE,7.0,EDUCATION,B,25000,11.36,0.35,N,3,0
57512,26,32000,RENT,4.0,EDUCATION,B,7800,10.59,0.24,N,2,0
57513,26,70000,RENT,1.0,MEDICAL,A,8000,7.51,0.11,N,2,0
57514,24,45000,MORTGAGE,4.0,PERSONAL,B,3000,11.83,0.07,N,2,0
57515,26,150000,MORTGAGE,7.0,HOMEIMPROVEMENT,C,10000,13.49,0.07,N,2,0
57516,26,80000,MORTGAGE,7.0,HOMEIMPROVEMENT,B,4000,9.62,0.05,N,2,0
57517,25,48000,OWN,9.0,MEDICAL,A,15000,6.99,0.31,N,2,0
57518,24,65000,MORTGAGE,8.0,EDUCATION,A,10000,6.99,0.15,N,4,0
57519,27,84000,MORTGAGE,3.0,DEBTCONSOLIDATION,A,12000,7.51,0.14,N,6,0
57520,22,35000,RENT,2.0,DEBTCONSOLIDATION,A,12000,7.29,0.34,N,2,1
57521,25,60000,MORTGAGE,7.0,DEBTCONSOLIDATION,A,6500,5.79,0.11,N,2,0
57522,51,150000,MORTGAGE,14.0,PERSONAL,A,20000,7.9,0.13,N,20,0
57523,29,50000,RENT,7.0,HOMEIMPROVEMENT,A,4000,5.42,0.08,N,10,0
57524,29,65000,RENT,3.0,DEBTCONSOLIDATION,B,7000,9.99,0.11,N,10,1
57525,22,38400,RENT,5.0,EDUCATION,A,13000,7.88,0.34,N,3,1
57526,25,43000,MORTGAGE,6.0,PERSONAL,B,6000,11.71,0.14,N,3,0
57527,27,78000,MORTGAGE,4.0,HOMEIMPROVEMENT,B,6000,9.63,0.08,N,7,0
57528,24,28000,RENT,9.0,EDUCATION,B,6000,10.03,0.21,N,4,0
57529,25,60000,MORTGAGE,5.0,EDUCATION,C,15000,12.99,0.25,N,4,0
57530,26,180000,MORTGAGE,8.0,PERSONAL,A,14000,5.42,0.08,N,4,0
57531,25,75000,RENT,6.0,MEDICAL,B,10000,10.74,0.13,N,3,0
57532,23,45000,RENT,4.0,DEBTCONSOLIDATION,A,1500,7.51,0.03,N,3,0
57533,33,60000,MORTGAGE,4.0,EDUCATION,D,15000,16.49,0.25,Y,8,0
57534,25,45000,RENT,0.0,MEDICAL,D,17500,15.33,0.39,N,4,1
57535,22,48000,MORTGAGE,6.0,DEBTCONSOLIDATION,D,6500,17.27,0.14,N,2,1
57536,29,75000,RENT,8.0,VENTURE,B,10000,10.38,0.13,N,10,0
57537,37,90000,MORTGAGE,0.0,HOMEIMPROVEMENT,A,13600,6.03,0.15,N,14,0
57538,31,60000,MORTGAGE,11.0,DEBTCONSOLIDATION,A,1500,6.03,0.03,N,7,0
57539,24,77368,MORTGAGE,0.0,EDUCATION,B,15000,10.33,0.19,N,4,0
57540,23,84000,MORTGAGE,3.0,MEDICAL,C,24000,12.87,0.3,Y,2,0
57541,24,65000,RENT,1.0,MEDICAL,A,9000,8.49,0.14,N,2,0
57542,32,36000,MORTGAGE,3.0,PERSONAL,A,10500,7.51,0.3,N,8,0
57543,22,24000,MORTGAGE,3.0,EDUCATION,A,4000,6.91,0.17,N,3,0
57544,24,50000,RENT,1.0,PERSONAL,C,9000,12.53,0.18,N,3,0
57545,24,108000,MORTGAGE,5.0,VENTURE,D,25000,15.62,0.23,Y,4,1
57546,31,35000,MORTGAGE,5.0,VENTURE,B,12500,10.71,0.35,N,10,0
57547,25,30000,RENT,2.0,MEDICAL,B,3000,10.95,0.1,N,3,0
57548,25,150000,MORTGAGE,4.0,DEBTCONSOLIDATION,C,25000,13.99,0.17,Y,4,0
57549,28,140000,MORTGAGE,11.0,HOMEIMPROVEMENT,A,5000,9.32,0.04,N,5,0
57550,40,37000,RENT,3.0,HOMEIMPROVEMENT,D,15000,12.17,0.41,N,14,1
57551,41,50000,MORTGAGE,15.0,HOMEIMPROVEMENT,A,6000,6.03,0.12,N,11,0
57552,23,90000,RENT,2.0,EDUCATION,B,10000,12.42,0.11,N,3,0
57553,23,90000,RENT,7.0,EDUCATION,D,15000,14.96,0.17,N,2,0
57554,26,41000,RENT,2.0,HOMEIMPROVEMENT,C,6400,13.85,0.16,Y,2,0
57555,24,100000,MORTGAGE,1.0,DEBTCONSOLIDATION,A,10000,9.63,0.1,N,3,0
57556,31,125000,MORTGAGE,2.0,HOMEIMPROVEMENT,B,25000,10.74,0.2,N,10,0
57557,22,45996,RENT,5.0,VENTURE,D,5000,15.58,0.11,Y,2,0
57558,22,44000,MORTGAGE,5.0,PERSONAL,A,3500,7.9,0.08,N,4,0
57559,23,99996,RENT,0.0,EDUCATION,A,8000,7.14,0.08,N,2,0
57560,29,35000,RENT,13.0,VENTURE,A,10000,8.49,0.29,N,6,0
57561,32,85000,MORTGAGE,17.0,HOMEIMPROVEMENT,A,3500,7.29,0.04,N,9,0
57562,26,450000,MORTGAGE,6.0,MEDICAL,A,14000,7.9,0.03,N,4,0
57563,25,93080,MORTGAGE,3.0,DEBTCONSOLIDATION,C,10000,13.49,0.11,Y,4,0
57564,27,60000,MORTGAGE,3.0,EDUCATION,A,5000,7.14,0.08,N,5,0
57565,44,47000,RENT,2.0,DEBTCONSOLIDATION,D,15000,15.7,0.32,N,13,1
57566,26,56000,RENT,2.0,EDUCATION,B,4000,11.36,0.07,N,3,0
57567,23,38160,RENT,4.0,VENTURE,B,12000,11.58,0.31,N,3,1
57568,27,32000,MORTGAGE,8.0,HOMEIMPROVEMENT,A,10000,5.42,0.31,N,7,0
57569,23,60000,MORTGAGE,2.0,EDUCATION,A,5400,8.49,0.09,N,2,0
57570,29,88512,RENT,7.0,MEDICAL,D,6000,14.42,0.07,N,10,1
57571,38,77955,RENT,1.0,MEDICAL,B,6000,9.62,0.08,N,13,0
57572,36,100000,RENT,4.0,DEBTCONSOLIDATION,B,3000,10.37,0.03,N,14,0
57573,27,65000,MORTGAGE,1.0,PERSONAL,B,18000,11.49,0.28,N,10,0
57574,29,30000,RENT,2.0,MEDICAL,B,8000,12.69,0.27,N,5,0
57575,28,102000,MORTGAGE,12.0,VENTURE,A,18000,8.49,0.18,N,9,0
57576,28,60000,RENT,0.0,PERSONAL,C,7000,14.72,0.12,Y,8,0
57577,21,75000,RENT,4.0,DEBTCONSOLIDATION,A,8400,7.51,0.11,N,3,0
57578,27,38400,MORTGAGE,5.0,MEDICAL,A,12000,6.99,0.31,N,10,0
57579,51,50000,OWN,3.0,PERSONAL,A,6000,7.51,0.12,N,23,0
57580,23,100000,MORTGAGE,7.0,EDUCATION,A,10000,5.99,0.1,N,2,0
57581,23,45000,MORTGAGE,1.0,PERSONAL,A,10000,5.79,0.22,N,3,0
57582,32,50000,MORTGAGE,2.0,DEBTCONSOLIDATION,A,10000,6.62,0.2,N,5,0
57583,28,80000,RENT,12.0,MEDICAL,A,5000,6.03,0.06,N,9,0
57584,22,50000,RENT,6.0,DEBTCONSOLIDATION,B,6000,11.71,0.12,N,3,0
57585,28,75000,MORTGAGE,2.0,PERSONAL,B,21000,12.42,0.29,N,10,0
57586,23,42806,MORTGAGE,7.0,MEDICAL,B,1000,10.37,0.02,N,3,0
57587,22,73164,RENT,3.0,VENTURE,A,1150,7.49,0.01,N,4,0
57588,28,80000,RENT,0.0,VENTURE,B,7500,11.71,0.09,N,6,0
57589,28,60000,RENT,12.0,DEBTCONSOLIDATION,B,10000,10.37,0.17,N,10,0
57590,27,28000,MORTGAGE,3.0,PERSONAL,C,10000,12.84,0.36,N,8,0
57591,31,38400,RENT,4.0,EDUCATION,B,5000,10.0,0.13,N,8,0
57592,23,50400,OWN,2.0,PERSONAL,A,9600,8.94,0.19,N,4,0
57593,27,50000,OWN,11.0,HOMEIMPROVEMENT,A,5000,6.76,0.1,N,9,0
57594,25,25000,RENT,2.0,DEBTCONSOLIDATION,D,9000,14.09,0.37,Y,3,1
57595,23,110000,RENT,4.0,MEDICAL,A,10000,7.9,0.09,N,3,0
57596,24,52800,RENT,1.0,PERSONAL,A,8000,7.9,0.15,N,4,0
57597,40,69930,MORTGAGE,8.0,PERSONAL,A,7125,6.62,0.1,N,16,0
57598,32,30000,MORTGAGE,2.0,DEBTCONSOLIDATION,A,12000,7.51,0.4,N,9,0
57599,22,48000,RENT,6.0,DEBTCONSOLIDATION,B,12000,12.53,0.25,N,2,0
57600,36,42000,MORTGAGE,18.0,VENTURE,A,2000,6.62,0.05,N,16,0
57601,27,60000,MORTGAGE,11.0,MEDICAL,B,3000,11.86,0.05,N,9,0
57602,29,120000,OWN,2.0,EDUCATION,B,20000,11.83,0.17,N,10,0
57603,22,40000,RENT,2.0,DEBTCONSOLIDATION,C,5200,14.27,0.13,N,2,0
57604,28,70000,RENT,4.0,HOMEIMPROVEMENT,B,16000,11.99,0.23,N,8,0
57605,42,120000,RENT,0.0,PERSONAL,A,7500,7.74,0.06,N,12,0
57606,31,24000,RENT,3.0,EDUCATION,B,2000,10.25,0.08,N,6,1
57607,27,60000,RENT,6.0,EDUCATION,A,10000,7.49,0.17,N,8,0
57608,22,59600,MORTGAGE,1.0,VENTURE,A,5000,7.51,0.08,N,4,0
57609,29,75000,MORTGAGE,5.0,MEDICAL,A,10000,7.51,0.13,N,9,0
57610,30,42000,MORTGAGE,14.0,EDUCATION,A,8000,7.49,0.19,N,7,0
57611,30,98518,MORTGAGE,14.0,HOMEIMPROVEMENT,B,6000,10.75,0.06,N,7,0
57612,29,120000,MORTGAGE,5.0,DEBTCONSOLIDATION,B,10000,10.99,0.08,N,6,0
57613,36,52800,RENT,2.0,EDUCATION,B,13000,11.49,0.25,N,16,0
57614,31,40000,RENT,1.0,MEDICAL,B,14600,12.42,0.36,N,9,1
57615,36,39960,MORTGAGE,13.0,VENTURE,A,16750,8.49,0.4,N,15,0
57616,37,125000,MORTGAGE,0.0,PERSONAL,C,3000,13.48,0.02,N,12,0
57617,21,40000,RENT,3.0,MEDICAL,A,7000,6.03,0.17,N,4,0
57618,25,50000,RENT,3.0,HOMEIMPROVEMENT,D,5000,15.28,0.1,N,3,0
57619,34,120000,OWN,4.0,VENTURE,D,14000,13.87,0.12,Y,8,0
57620,25,96900,RENT,2.0,PERSONAL,A,4800,6.17,0.05,N,3,0
57621,29,78000,OWN,7.0,MEDICAL,A,19600,7.66,0.25,N,10,0
57622,34,42000,RENT,3.0,EDUCATION,B,3000,10.37,0.07,N,9,0
57623,24,45000,MORTGAGE,8.0,EDUCATION,B,6500,10.65,0.14,N,2,0
57624,25,75000,MORTGAGE,4.0,DEBTCONSOLIDATION,A,4000,6.03,0.05,N,3,0
57625,23,44000,RENT,7.0,PERSONAL,D,8000,14.96,0.18,Y,3,0
57626,30,38000,OWN,2.0,EDUCATION,A,8000,7.88,0.21,N,10,0
57627,35,31897,RENT,8.0,MEDICAL,C,14500,12.68,0.47,N,6,1
57628,24,100000,RENT,6.0,EDUCATION,A,6500,8.49,0.07,N,2,0
57629,27,44000,MORTGAGE,3.0,MEDICAL,C,6000,14.35,0.14,N,8,0
57630,25,55000,MORTGAGE,5.0,HOMEIMPROVEMENT,C,2800,12.73,0.05,Y,3,0
57631,23,27000,RENT,2.0,MEDICAL,B,6000,11.49,0.22,N,2,0
57632,37,60000,RENT,0.0,VENTURE,C,15000,13.47,0.25,N,17,0
57633,32,80000,MORTGAGE,1.0,PERSONAL,A,3000,9.63,0.04,N,5,0
57634,33,120000,MORTGAGE,4.0,EDUCATION,A,4000,7.14,0.03,N,8,0
57635,30,50000,RENT,13.0,EDUCATION,A,8000,7.49,0.16,N,6,0
57636,22,44000,MORTGAGE,0.0,EDUCATION,A,5600,7.29,0.13,N,2,0
57637,24,74064,RENT,3.0,DEBTCONSOLIDATION,B,22000,10.59,0.3,N,4,0
57638,24,41000,RENT,5.0,DEBTCONSOLIDATION,A,5000,7.49,0.12,N,4,0
57639,24,50000,RENT,3.0,EDUCATION,C,5000,14.35,0.1,Y,3,0
57640,23,87600,RENT,4.0,MEDICAL,C,20000,13.35,0.23,Y,2,0
57641,24,28800,RENT,1.0,PERSONAL,B,6000,10.62,0.21,N,3,0
57642,22,38000,MORTGAGE,3.0,DEBTCONSOLIDATION,A,10000,7.51,0.26,N,4,0
57643,22,48000,MORTGAGE,4.0,EDUCATION,B,13750,11.36,0.29,N,3,0
57644,26,82500,MORTGAGE,10.0,DEBTCONSOLIDATION,C,21000,13.22,0.27,N,2,0
57645,26,40000,RENT,0.0,EDUCATION,B,1600,9.99,0.04,N,3,0
57646,31,52000,OWN,2.0,HOMEIMPROVEMENT,C,1000,14.72,0.02,N,5,0
57647,23,140000,MORTGAGE,2.0,EDUCATION,A,8000,7.14,0.06,N,2,0
57648,22,33600,RENT,0.0,PERSONAL,D,10000,16.89,0.3,N,3,1
57649,29,40000,RENT,0.0,MEDICAL,B,8000,11.49,0.2,N,8,0
57650,24,72000,RENT,8.0,EDUCATION,C,8400,14.65,0.12,Y,4,0
57651,24,55000,MORTGAGE,8.0,MEDICAL,A,6000,7.9,0.11,N,2,0
57652,25,60000,MORTGAGE,3.0,HOMEIMPROVEMENT,B,18000,10.62,0.3,N,3,0
57653,36,86004,MORTGAGE,6.0,EDUCATION,C,2000,13.92,0.02,Y,12,0
57654,22,54000,RENT,0.0,EDUCATION,A,3000,8.94,0.06,N,2,0
57655,24,90000,RENT,8.0,MEDICAL,B,7000,9.91,0.08,N,4,0
57656,25,120000,MORTGAGE,9.0,DEBTCONSOLIDATION,B,10000,10.99,0.08,N,3,0
57657,30,170000,MORTGAGE,12.0,EDUCATION,A,12000,7.88,0.07,N,9,0
57658,23,52000,MORTGAGE,7.0,VENTURE,A,4500,7.88,0.09,N,3,0
57659,30,30000,MORTGAGE,5.0,HOMEIMPROVEMENT,B,2200,11.99,0.07,N,5,0
57660,23,65000,RENT,1.0,PERSONAL,B,5000,9.99,0.08,N,2,0
57661,24,38000,MORTGAGE,1.0,VENTURE,B,10000,10.99,0.26,N,3,0
57662,37,60000,RENT,4.0,PERSONAL,B,15000,10.37,0.25,N,15,0
57663,36,32000,RENT,0.0,EDUCATION,A,6000,7.29,0.19,N,13,1
57664,29,36000,RENT,7.0,EDUCATION,B,6000,11.49,0.17,N,6,0
57665,23,50000,MORTGAGE,8.0,VENTURE,B,10000,10.95,0.2,N,2,0
57666,22,60000,RENT,3.0,DEBTCONSOLIDATION,B,5000,11.83,0.08,N,3,0
57667,22,51298,RENT,2.0,EDUCATION,B,1000,11.49,0.02,N,3,0
57668,26,75000,RENT,5.0,MEDICAL,B,8000,9.91,0.11,N,2,0
57669,27,61000,RENT,3.0,PERSONAL,A,4200,7.14,0.07,N,5,0
57670,23,64125,RENT,2.0,EDUCATION,B,10000,10.65,0.16,N,4,0
57671,22,75000,MORTGAGE,4.0,EDUCATION,A,6000,8.9,0.08,N,3,0
57672,26,33000,RENT,2.0,MEDICAL,A,3000,9.63,0.09,N,4,0
57673,27,103000,RENT,11.0,PERSONAL,C,10000,12.68,0.1,Y,6,0
57674,35,132000,RENT,2.0,DEBTCONSOLIDATION,C,27000,13.16,0.19,Y,8,1
57675,35,76000,RENT,7.0,PERSONAL,B,20000,10.37,0.26,N,5,0
57676,42,78000,MORTGAGE,5.0,VENTURE,B,10800,11.99,0.14,N,17,0
57677,22,80000,RENT,5.0,EDUCATION,C,8000,13.43,0.1,N,3,0
57678,33,125000,RENT,3.0,VENTURE,A,4000,7.88,0.03,N,7,0
57679,27,56000,RENT,1.0,EDUCATION,B,12000,9.99,0.21,N,6,0
57680,23,52000,MORTGAGE,7.0,MEDICAL,C,1500,15.23,0.03,Y,2,0
57681,26,90000,RENT,6.0,PERSONAL,A,10000,6.17,0.11,N,2,0
57682,28,53500,MORTGAGE,12.0,EDUCATION,A,3200,7.88,0.06,N,10,0
57683,22,60000,MORTGAGE,6.0,EDUCATION,A,10000,5.79,0.17,N,4,0
57684,24,63000,MORTGAGE,3.0,VENTURE,B,10000,10.99,0.16,N,2,0
57685,27,70000,RENT,1.0,HOMEIMPROVEMENT,B,10000,9.91,0.14,N,9,0
57686,54,24000,RENT,0.0,PERSONAL,B,12000,11.71,0.5,N,28,1
57687,22,28800,OWN,1.0,EDUCATION,B,5000,11.49,0.17,N,2,0
57688,33,84000,MORTGAGE,17.0,DEBTCONSOLIDATION,A,10000,6.03,0.12,N,7,0
57689,22,39000,RENT,0.0,DEBTCONSOLIDATION,D,7400,14.84,0.19,N,3,1
57690,32,85100,MORTGAGE,4.0,DEBTCONSOLIDATION,A,4500,7.88,0.05,N,7,0
57691,27,150000,MORTGAGE,1.0,MEDICAL,A,7200,6.03,0.05,N,10,0
57692,30,50000,RENT,2.0,PERSONAL,D,15000,14.74,0.3,Y,6,1
57693,34,60000,MORTGAGE,18.0,HOMEIMPROVEMENT,B,3600,11.49,0.06,N,9,0
57694,24,37000,RENT,3.0,DEBTCONSOLIDATION,A,5000,5.42,0.14,N,4,0
57695,25,58000,MORTGAGE,0.0,PERSONAL,B,12000,10.99,0.21,N,4,0
57696,45,48000,OWN,14.0,VENTURE,C,18500,12.84,0.37,Y,14,0
57697,27,40000,MORTGAGE,11.0,PERSONAL,E,12000,17.99,0.3,N,9,0
57698,26,80000,OWN,2.0,PERSONAL,A,4800,8.9,0.06,N,2,0
57699,26,35000,MORTGAGE,5.0,PERSONAL,A,6000,7.66,0.17,N,3,0
57700,31,54000,RENT,6.0,PERSONAL,A,5000,7.9,0.09,N,7,0
57701,24,47000,RENT,0.0,PERSONAL,A,6000,6.17,0.13,N,3,0
57702,29,30000,MORTGAGE,1.0,HOMEIMPROVEMENT,B,11225,10.59,0.37,N,5,0
57703,35,36000,RENT,3.0,PERSONAL,D,10750,14.59,0.3,Y,8,0
57704,24,50000,MORTGAGE,8.0,DEBTCONSOLIDATION,A,5000,6.03,0.1,N,4,0
57705,27,99000,MORTGAGE,1.0,PERSONAL,B,12000,10.37,0.12,N,5,0
57706,25,102000,MORTGAGE,3.0,MEDICAL,A,12000,6.03,0.12,N,4,0
57707,23,64000,MORTGAGE,2.0,EDUCATION,A,10000,8.94,0.16,N,4,0
57708,28,94940,MORTGAGE,5.0,HOMEIMPROVEMENT,A,5000,5.42,0.05,N,6,0
57709,49,95000,RENT,2.0,VENTURE,C,14000,13.48,0.15,N,13,0
57710,26,45000,RENT,0.0,PERSONAL,A,11000,8.94,0.24,N,3,0
57711,33,48000,RENT,4.0,EDUCATION,B,12800,9.99,0.25,N,7,0
57712,22,58000,MORTGAGE,6.0,EDUCATION,A,3000,7.4,0.05,N,2,0
57713,24,80000,RENT,8.0,EDUCATION,B,15000,10.62,0.19,N,4,0
57714,23,42000,MORTGAGE,3.0,PERSONAL,A,5000,5.42,0.12,N,2,0
57715,22,48000,RENT,6.0,PERSONAL,B,12000,10.0,0.25,N,2,0
57716,24,100860,MORTGAGE,8.0,HOMEIMPROVEMENT,A,6000,5.99,0.06,N,7,0
57717,24,47000,RENT,5.0,EDUCATION,C,19750,13.61,0.43,N,2,1
57718,24,44000,RENT,4.0,DEBTCONSOLIDATION,A,14400,7.66,0.32,N,4,1
57719,23,115275,RENT,7.0,VENTURE,C,7500,11.28,0.07,Y,2,0
57720,29,48000,RENT,10.0,VENTURE,D,6000,16.29,0.13,N,10,0
57721,41,175000,MORTGAGE,2.0,PERSONAL,B,17000,12.18,0.1,N,12,0
57722,28,103000,MORTGAGE,5.0,VENTURE,A,5000,8.49,0.05,N,9,0
57723,24,110000,MORTGAGE,7.0,HOMEIMPROVEMENT,B,15000,11.14,0.14,N,2,0
57724,21,38000,RENT,0.0,MEDICAL,A,7000,8.94,0.18,N,3,0
57725,27,170000,MORTGAGE,8.0,MEDICAL,B,5500,12.42,0.03,N,9,0
57726,21,39900,MORTGAGE,5.0,EDUCATION,A,6000,7.51,0.15,N,3,0
57727,38,80000,MORTGAGE,0.0,VENTURE,A,6000,8.49,0.07,N,12,0
57728,26,39996,OWN,1.0,VENTURE,B,5000,10.74,0.13,N,4,0
57729,32,60900,RENT,2.0,PERSONAL,A,3600,6.76,0.06,N,10,0
57730,31,37000,RENT,4.0,MEDICAL,B,3000,9.25,0.08,N,10,0
57731,23,36000,RENT,7.0,DEBTCONSOLIDATION,B,14000,10.99,0.39,N,2,0
57732,25,120000,RENT,2.0,EDUCATION,B,6000,9.99,0.05,N,4,0
57733,22,49000,MORTGAGE,1.0,VENTURE,B,9600,10.95,0.2,N,3,0
57734,26,42000,RENT,5.0,DEBTCONSOLIDATION,A,2000,5.79,0.05,N,3,0
57735,23,75000,MORTGAGE,8.0,VENTURE,A,8000,5.99,0.11,N,2,0
57736,22,55000,RENT,6.0,DEBTCONSOLIDATION,B,4000,11.86,0.07,N,2,0
57737,29,14400,RENT,0.0,VENTURE,B,2000,11.49,0.14,N,5,0
57738,26,69996,RENT,3.0,VENTURE,C,8400,12.84,0.13,Y,2,0
57739,28,80000,MORTGAGE,8.0,HOMEIMPROVEMENT,A,5000,8.9,0.06,N,5,0
57740,32,38400,RENT,0.0,EDUCATION,A,5000,8.9,0.13,N,10,0
57741,29,72000,MORTGAGE,3.0,VENTURE,B,12000,10.36,0.17,N,9,0
57742,27,42000,RENT,2.0,MEDICAL,A,3000,7.49,0.07,N,9,0
57743,25,97000,RENT,3.0,HOMEIMPROVEMENT,A,35000,7.9,0.36,N,4,1
57744,23,48000,MORTGAGE,3.0,EDUCATION,C,17375,14.27,0.36,Y,4,0
57745,22,78000,RENT,6.0,DEBTCONSOLIDATION,D,10000,15.99,0.13,Y,4,1
57746,36,100000,MORTGAGE,3.0,VENTURE,A,5000,6.92,0.05,N,13,0
57747,28,48000,MORTGAGE,13.0,MEDICAL,A,7500,8.49,0.16,N,8,0
57748,24,42996,RENT,2.0,DEBTCONSOLIDATION,A,6000,7.68,0.14,N,3,0
57749,34,80000,MORTGAGE,2.0,VENTURE,B,6000,10.0,0.07,N,8,0
57750,24,93200,MORTGAGE,8.0,PERSONAL,D,25000,15.33,0.27,Y,3,0
57751,38,75000,MORTGAGE,3.0,DEBTCONSOLIDATION,A,12000,7.51,0.16,N,15,0
57752,25,65000,RENT,9.0,PERSONAL,D,15000,15.31,0.23,Y,3,0
57753,33,48996,RENT,1.0,VENTURE,A,5000,5.42,0.1,N,7,0
57754,43,60000,MORTGAGE,0.0,MEDICAL,C,13000,13.22,0.22,N,13,0
57755,30,125000,MORTGAGE,14.0,HOMEIMPROVEMENT,A,6000,7.9,0.05,N,8,0
57756,27,43000,RENT,11.0,MEDICAL,C,2500,12.84,0.06,N,9,0
57757,25,80000,MORTGAGE,4.0,PERSONAL,E,5000,17.19,0.06,Y,2,0
57758,27,38000,RENT,3.0,VENTURE,A,4000,6.76,0.11,N,7,0
57759,27,60000,RENT,11.0,HOMEIMPROVEMENT,C,5000,12.99,0.08,N,8,0
57760,22,85000,RENT,5.0,EDUCATION,A,15000,5.79,0.18,N,2,0
57761,27,65000,MORTGAGE,11.0,HOMEIMPROVEMENT,A,3000,6.03,0.05,N,6,0
57762,22,45000,RENT,2.0,PERSONAL,A,6000,7.49,0.13,N,3,0
57763,27,36000,MORTGAGE,4.0,DEBTCONSOLIDATION,C,6000,12.84,0.17,N,5,1
57764,23,75600,RENT,3.0,EDUCATION,C,10000,13.23,0.13,N,3,0
57765,28,70000,RENT,3.0,HOMEIMPROVEMENT,D,10000,14.59,0.14,Y,10,0
57766,23,38400,RENT,4.0,VENTURE,B,5000,11.49,0.13,N,2,0
57767,28,72000,RENT,2.0,MEDICAL,B,15000,11.86,0.21,N,8,0
57768,60,74400,MORTGAGE,2.0,PERSONAL,B,7500,11.49,0.1,N,27,1
57769,24,47000,MORTGAGE,3.0,MEDICAL,A,10000,6.54,0.21,N,4,0
57770,25,51996,RENT,9.0,DEBTCONSOLIDATION,B,12300,9.88,0.23,N,3,0
57771,24,110000,MORTGAGE,8.0,HOMEIMPROVEMENT,A,10000,7.88,0.09,N,4,0
57772,27,68000,OWN,0.0,VENTURE,C,15000,12.73,0.22,Y,7,0
57773,24,35000,RENT,8.0,DEBTCONSOLIDATION,B,9250,9.91,0.26,N,3,0
57774,23,72250,RENT,7.0,HOMEIMPROVEMENT,D,25000,15.62,0.27,N,4,1
57775,30,60000,RENT,2.0,DEBTCONSOLIDATION,B,25000,10.99,0.42,N,10,1
57776,29,110000,RENT,3.0,EDUCATION,A,9000,7.49,0.08,N,5,0
57777,42,52360,RENT,6.0,EDUCATION,B,11000,10.99,0.21,N,16,0
57778,32,77350,RENT,3.0,MEDICAL,A,8000,6.76,0.1,N,7,0
57779,22,53000,RENT,6.0,EDUCATION,E,15000,19.42,0.28,N,4,0
57780,26,300000,MORTGAGE,10.0,EDUCATION,A,35000,6.62,0.12,N,2,0
57781,26,58000,MORTGAGE,0.0,MEDICAL,A,12000,7.51,0.21,N,4,0
57782,27,139992,RENT,6.0,DEBTCONSOLIDATION,C,3000,15.62,0.02,Y,8,0
57783,23,38000,MORTGAGE,1.0,VENTURE,B,4500,9.96,0.12,N,2,0
57784,22,52000,MORTGAGE,6.0,DEBTCONSOLIDATION,B,10000,10.65,0.19,N,4,0
57785,24,70000,MORTGAGE,8.0,EDUCATION,A,20000,7.9,0.29,N,3,0
57786,29,64800,MORTGAGE,1.0,DEBTCONSOLIDATION,B,12000,11.83,0.19,N,6,0
57787,35,900000,RENT,2.0,PERSONAL,B,25000,11.49,0.03,N,6,0
57788,23,30000,RENT,7.0,MEDICAL,B,3000,11.71,0.1,N,2,0
57789,27,65000,RENT,0.0,MEDICAL,C,5400,13.49,0.08,Y,5,0
57790,35,84000,MORTGAGE,8.0,HOMEIMPROVEMENT,A,15000,6.03,0.18,N,10,0
57791,47,60000,MORTGAGE,13.0,VENTURE,C,2500,14.65,0.04,N,12,0
57792,26,24000,RENT,0.0,MEDICAL,C,2000,13.49,0.08,Y,3,0
57793,25,45000,RENT,2.0,EDUCATION,C,6500,13.22,0.15,N,4,0
57794,31,81996,RENT,15.0,HOMEIMPROVEMENT,A,6000,7.68,0.07,N,6,0
57795,27,60000,MORTGAGE,11.0,MEDICAL,A,5000,7.51,0.08,N,9,0
57796,21,42000,MORTGAGE,5.0,DEBTCONSOLIDATION,A,3500,5.79,0.08,N,4,0
57797,30,58000,RENT,7.0,EDUCATION,C,10000,13.92,0.17,Y,8,0
57798,36,64800,MORTGAGE,7.0,VENTURE,A,4000,7.88,0.06,N,11,0
57799,24,80000,MORTGAGE,5.0,VENTURE,B,10000,10.99,0.13,N,3,0
57800,23,50000,RENT,7.0,MEDICAL,A,2250,8.49,0.04,N,3,1
57801,24,68000,RENT,0.0,EDUCATION,A,13000,6.54,0.19,N,2,0
57802,27,72000,MORTGAGE,4.0,PERSONAL,A,11000,7.88,0.16,N,5,0
57803,32,60000,MORTGAGE,2.0,PERSONAL,A,4500,7.88,0.07,N,9,0
57804,25,48000,RENT,2.0,VENTURE,B,7000,9.91,0.14,N,2,0
57805,23,60000,MORTGAGE,2.0,MEDICAL,B,10000,10.95,0.17,N,4,0
57806,21,30000,RENT,0.0,EDUCATION,C,6000,13.49,0.2,N,2,0
57807,24,72000,RENT,2.0,PERSONAL,A,8000,7.9,0.11,N,4,0
57808,25,43000,RENT,0.0,MEDICAL,B,3000,10.75,0.07,N,3,0
57809,25,120000,MORTGAGE,7.0,VENTURE,A,3000,5.99,0.03,N,2,0
57810,25,31200,RENT,2.0,DEBTCONSOLIDATION,A,1950,6.62,0.06,N,4,0
57811,24,40000,RENT,5.0,MEDICAL,B,10000,10.65,0.25,N,3,0
57812,21,30000,RENT,0.0,MEDICAL,B,4300,9.91,0.14,N,2,0
57813,25,45000,RENT,9.0,MEDICAL,C,6000,14.27,0.13,Y,2,0
57814,26,60000,RENT,0.0,HOMEIMPROVEMENT,B,5000,10.59,0.08,N,2,0
57815,25,60000,RENT,2.0,VENTURE,B,8500,12.21,0.14,N,3,0
57816,32,150000,MORTGAGE,3.0,PERSONAL,B,12000,10.0,0.08,N,7,0
57817,42,192000,MORTGAGE,10.0,VENTURE,A,20000,8.49,0.1,N,12,0
57818,23,50000,MORTGAGE,1.0,EDUCATION,D,10000,16.89,0.2,N,3,0
57819,26,70000,MORTGAGE,10.0,PERSONAL,A,4000,9.32,0.06,N,2,0
57820,22,33000,RENT,6.0,EDUCATION,B,2000,10.38,0.06,N,3,0
57821,36,125000,MORTGAGE,2.0,DEBTCONSOLIDATION,C,18000,13.92,0.14,Y,11,0
57822,30,78000,MORTGAGE,5.0,HOMEIMPROVEMENT,C,15000,13.57,0.19,Y,6,0
57823,22,25000,RENT,6.0,EDUCATION,A,11200,7.51,0.46,N,4,1
57824,25,64000,MORTGAGE,9.0,DEBTCONSOLIDATION,D,12000,14.42,0.19,N,4,1
57825,23,62000,MORTGAGE,3.0,DEBTCONSOLIDATION,A,9000,8.49,0.15,N,4,0
57826,25,60000,MORTGAGE,9.0,MEDICAL,A,7200,7.88,0.12,N,4,0
57827,25,39996,RENT,2.0,DEBTCONSOLIDATION,B,7000,9.32,0.18,N,3,0
57828,25,40000,RENT,5.0,MEDICAL,A,10000,7.29,0.25,N,4,1
57829,26,96000,MORTGAGE,1.0,HOMEIMPROVEMENT,A,1500,6.99,0.02,N,4,0
57830,35,75000,RENT,1.0,HOMEIMPROVEMENT,D,13200,16.49,0.18,N,8,1
57831,31,62000,MORTGAGE,2.0,EDUCATION,B,12000,11.86,0.19,N,5,0
57832,30,75000,RENT,2.0,DEBTCONSOLIDATION,C,15000,13.85,0.2,Y,6,0
57833,29,42000,RENT,3.0,EDUCATION,C,2000,13.61,0.05,N,8,0
57834,23,36000,MORTGAGE,7.0,VENTURE,A,4000,6.39,0.11,N,2,0
57835,25,52000,RENT,0.0,PERSONAL,A,12000,6.62,0.23,N,2,0
57836,23,75000,RENT,0.0,EDUCATION,A,9000,6.17,0.12,N,4,0
57837,22,70000,MORTGAGE,3.0,PERSONAL,B,4000,10.74,0.06,N,4,0
57838,28,110000,MORTGAGE,12.0,DEBTCONSOLIDATION,B,8400,11.49,0.08,N,6,0
57839,23,30000,RENT,7.0,EDUCATION,B,1000,10.25,0.03,N,4,0
57840,22,24000,RENT,6.0,DEBTCONSOLIDATION,C,4000,13.99,0.17,N,3,1
57841,25,40000,RENT,5.0,PERSONAL,A,4000,7.14,0.1,N,3,0
57842,22,60000,RENT,0.0,EDUCATION,B,15000,10.99,0.25,N,3,0
57843,37,70000,MORTGAGE,0.0,HOMEIMPROVEMENT,C,5600,13.22,0.08,N,11,0
57844,55,54000,RENT,17.0,DEBTCONSOLIDATION,C,6000,13.48,0.11,N,18,0
57845,28,50000,RENT,4.0,EDUCATION,D,7000,15.99,0.14,Y,6,0
57846,24,50000,RENT,0.0,VENTURE,A,12500,7.88,0.25,N,3,0
57847,25,50000,RENT,3.0,PERSONAL,D,4000,14.61,0.08,N,2,0
57848,27,60000,MORTGAGE,3.0,PERSONAL,B,15000,11.14,0.25,N,8,0
57849,29,30000,RENT,0.0,HOMEIMPROVEMENT,C,2400,12.87,0.08,Y,8,1
57850,24,57600,MORTGAGE,3.0,DEBTCONSOLIDATION,A,2500,7.66,0.04,N,2,0
57851,22,90000,MORTGAGE,3.0,EDUCATION,B,6000,11.99,0.07,N,3,0
57852,23,120000,MORTGAGE,7.0,VENTURE,C,14400,13.49,0.12,Y,2,0
57853,27,45600,MORTGAGE,3.0,MEDICAL,B,5000,9.99,0.11,N,8,0
57854,25,140000,MORTGAGE,2.0,EDUCATION,A,15000,7.88,0.11,N,4,0
57855,28,36000,RENT,0.0,VENTURE,C,7000,13.49,0.19,N,7,0
57856,22,36000,RENT,6.0,EDUCATION,B,3600,11.71,0.1,N,3,0
57857,23,36000,RENT,2.0,MEDICAL,B,4500,11.11,0.13,N,2,0
57858,34,48000,OWN,8.0,PERSONAL,A,2600,5.79,0.05,N,9,0
57859,22,66000,RENT,4.0,VENTURE,B,24000,12.21,0.36,N,2,1
57860,27,39600,RENT,5.0,EDUCATION,C,7500,13.48,0.19,N,5,1
57861,29,48000,RENT,0.0,MEDICAL,A,2400,7.29,0.05,N,7,0
57862,23,114004,MORTGAGE,7.0,DEBTCONSOLIDATION,B,25000,9.99,0.23,N,2,0
57863,27,150000,MORTGAGE,1.0,VENTURE,A,9500,8.49,0.06,N,6,0
57864,36,150000,MORTGAGE,14.0,DEBTCONSOLIDATION,A,12000,7.88,0.08,N,12,0
57865,27,35000,MORTGAGE,6.0,MEDICAL,E,5600,17.19,0.16,Y,10,1
57866,24,95000,MORTGAGE,8.0,MEDICAL,B,25000,10.99,0.26,N,2,0
57867,21,60000,RENT,0.0,EDUCATION,B,8000,10.99,0.13,N,2,0
57868,29,35000,RENT,2.0,VENTURE,A,6000,7.51,0.17,N,7,0
57869,22,36000,MORTGAGE,0.0,EDUCATION,D,4000,15.31,0.11,Y,3,0
57870,43,57000,RENT,0.0,HOMEIMPROVEMENT,D,9250,14.46,0.17,N,15,1
57871,38,80000,RENT,3.0,MEDICAL,B,7500,10.99,0.09,N,11,0
57872,24,30996,RENT,0.0,DEBTCONSOLIDATION,A,5000,7.29,0.16,N,2,0
57873,32,56400,RENT,2.0,DEBTCONSOLIDATION,A,3500,7.88,0.06,N,10,0
57874,25,48000,RENT,0.0,DEBTCONSOLIDATION,A,4350,7.29,0.09,N,3,0
57875,25,70000,MORTGAGE,9.0,EDUCATION,A,3000,6.76,0.04,N,2,0
57876,21,53000,MORTGAGE,5.0,VENTURE,B,25000,10.96,0.47,N,2,0
57877,22,52000,RENT,6.0,MEDICAL,C,12000,12.68,0.23,Y,2,0
57878,27,30000,RENT,0.0,PERSONAL,B,4800,12.42,0.16,N,9,0
57879,27,50000,RENT,2.0,PERSONAL,A,5000,8.9,0.1,N,5,0
57880,22,74000,MORTGAGE,5.0,EDUCATION,B,25000,12.18,0.34,N,4,1
57881,22,15000,RENT,1.0,MEDICAL,B,1800,10.08,0.12,N,2,0
57882,25,35000,RENT,4.0,MEDICAL,D,15000,16.77,0.43,N,3,1
57883,29,39000,RENT,1.0,MEDICAL,B,7000,11.12,0.18,N,5,0
57884,27,62000,MORTGAGE,2.0,PERSONAL,A,9200,7.88,0.15,N,10,0
57885,23,52000,RENT,3.0,EDUCATION,A,8000,6.62,0.15,N,4,0
57886,23,88500,RENT,5.0,VENTURE,B,2500,11.89,0.03,N,4,0
57887,23,60000,MORTGAGE,1.0,DEBTCONSOLIDATION,A,5000,7.14,0.08,N,3,0
57888,28,49000,RENT,7.0,PERSONAL,E,16000,17.99,0.33,N,8,1
57889,52,40000,RENT,1.0,VENTURE,C,10000,13.49,0.25,N,19,0
57890,23,70000,MORTGAGE,4.0,VENTURE,B,10000,10.36,0.14,N,4,0
57891,32,32000,RENT,1.0,MEDICAL,B,6000,10.74,0.19,N,9,0
57892,21,43000,OWN,5.0,EDUCATION,A,14400,7.88,0.33,N,2,0
57893,22,34255,RENT,4.0,MEDICAL,A,7000,7.9,0.18,N,3,0
57894,26,100840,RENT,10.0,DEBTCONSOLIDATION,B,3600,9.99,0.03,N,4,0
57895,26,58000,RENT,5.0,EDUCATION,B,5000,11.58,0.09,N,3,0
57896,26,35000,RENT,5.0,PERSONAL,B,5000,11.71,0.14,N,2,0
57897,57,150000,MORTGAGE,11.0,PERSONAL,C,14000,12.99,0.09,Y,20,0
57898,26,85000,MORTGAGE,10.0,VENTURE,B,25000,10.59,0.29,N,2,0
57899,22,72000,RENT,3.0,EDUCATION,B,10000,11.49,0.14,N,3,0
57900,35,38000,MORTGAGE,0.0,MEDICAL,C,6000,14.27,0.16,N,10,0
57901,34,66000,RENT,5.0,HOMEIMPROVEMENT,C,20000,12.99,0.3,Y,7,0
57902,27,102000,MORTGAGE,12.0,HOMEIMPROVEMENT,C,16000,13.85,0.16,N,5,0
57903,21,55000,RENT,5.0,DEBTCONSOLIDATION,C,9600,13.47,0.17,N,4,0
57904,29,51000,MORTGAGE,9.0,DEBTCONSOLIDATION,B,12000,12.18,0.24,N,5,1
57905,30,70000,MORTGAGE,1.0,MEDICAL,A,10000,6.03,0.14,N,6,0
57906,27,105000,RENT,11.0,DEBTCONSOLIDATION,B,14600,9.91,0.15,N,5,0
57907,25,50000,RENT,3.0,DEBTCONSOLIDATION,B,8000,10.65,0.16,N,3,0
57908,25,109000,MORTGAGE,8.0,MEDICAL,B,15000,11.26,0.14,N,3,0
57909,36,51600,RENT,0.0,MEDICAL,B,16000,10.37,0.31,N,14,1
57910,22,50000,RENT,6.0,PERSONAL,B,9600,11.71,0.19,N,2,0
57911,24,30000,OWN,5.0,PERSONAL,B,4000,10.0,0.13,N,3,0
57912,23,85000,RENT,3.0,VENTURE,A,14000,7.49,0.16,N,4,0
57913,32,85000,RENT,5.0,MEDICAL,B,5000,10.99,0.06,N,9,0
57914,22,49000,RENT,6.0,DEBTCONSOLIDATION,E,8500,16.45,0.17,N,2,1
57915,23,55000,RENT,3.0,PERSONAL,D,10000,16.49,0.18,Y,3,1
57916,27,72000,MORTGAGE,11.0,VENTURE,A,5000,7.74,0.07,N,7,0
57917,22,12000,RENT,1.0,EDUCATION,B,4000,11.49,0.33,N,3,1
57918,25,68000,RENT,5.0,EDUCATION,B,12000,11.49,0.18,N,3,0
57919,29,40000,MORTGAGE,6.0,EDUCATION,A,4100,8.32,0.1,N,10,0
57920,37,50911,RENT,3.0,EDUCATION,C,2400,13.06,0.05,N,14,0
57921,28,72500,MORTGAGE,5.0,DEBTCONSOLIDATION,A,3000,7.49,0.04,N,6,0
57922,36,24000,OWN,12.0,PERSONAL,A,1800,8.59,0.07,N,11,0
57923,24,88824,RENT,8.0,VENTURE,C,3600,13.43,0.04,N,3,0
57924,22,45000,RENT,1.0,DEBTCONSOLIDATION,A,10000,6.54,0.22,N,2,0
57925,25,120000,MORTGAGE,7.0,PERSONAL,A,8250,7.51,0.07,N,4,0
57926,28,70560,RENT,3.0,PERSONAL,B,8500,10.62,0.12,N,5,0
57927,35,37000,RENT,3.0,MEDICAL,B,3000,10.25,0.08,N,5,0
57928,29,33000,RENT,5.0,EDUCATION,C,5000,14.22,0.15,Y,5,0
57929,25,30000,RENT,2.0,EDUCATION,D,7500,15.31,0.25,Y,2,1
57930,25,100000,MORTGAGE,3.0,DEBTCONSOLIDATION,B,12000,11.11,0.12,N,4,0
57931,23,52000,RENT,2.0,EDUCATION,C,4500,12.84,0.09,N,2,0
57932,25,54000,MORTGAGE,9.0,DEBTCONSOLIDATION,C,10000,12.23,0.19,Y,2,0
57933,22,60000,RENT,6.0,VENTURE,A,2375,6.99,0.04,N,4,0
57934,27,96000,RENT,3.0,HOMEIMPROVEMENT,A,20000,6.99,0.21,N,5,0
57935,26,200000,MORTGAGE,2.0,PERSONAL,A,3000,9.63,0.01,N,3,0
57936,22,24000,RENT,1.0,DEBTCONSOLIDATION,A,1500,6.91,0.06,N,4,0
57937,28,110000,MORTGAGE,4.0,PERSONAL,A,12000,6.54,0.11,N,10,0
57938,33,36000,RENT,5.0,MEDICAL,F,15000,18.67,0.42,N,5,1
57939,24,62000,MORTGAGE,2.0,PERSONAL,A,7000,7.49,0.11,N,4,0
57940,23,60000,RENT,5.0,EDUCATION,C,2000,14.72,0.03,Y,4,0
57941,22,62500,MORTGAGE,3.0,DEBTCONSOLIDATION,B,12500,9.99,0.21,N,2,0
57942,34,100000,MORTGAGE,4.0,HOMEIMPROVEMENT,C,12000,15.96,0.12,Y,5,0
57943,29,70000,MORTGAGE,5.0,VENTURE,A,7500,7.51,0.11,N,9,0
57944,26,63000,MORTGAGE,6.0,MEDICAL,B,13000,12.18,0.21,N,3,0
57945,23,28800,RENT,7.0,MEDICAL,A,7200,8.9,0.25,N,2,1
57946,22,30000,RENT,6.0,PERSONAL,B,6000,10.75,0.2,N,4,0
57947,25,150000,MORTGAGE,9.0,HOMEIMPROVEMENT,B,8800,9.99,0.06,N,4,0
57948,40,110000,RENT,1.0,VENTURE,A,12000,6.99,0.11,N,15,0
57949,25,40000,RENT,4.0,VENTURE,B,12000,10.38,0.3,N,3,0
57950,24,50000,RENT,1.0,HOMEIMPROVEMENT,D,7000,15.99,0.14,Y,3,0
57951,33,75000,MORTGAGE,8.0,VENTURE,C,6250,11.78,0.08,Y,6,0
57952,22,33600,RENT,1.0,EDUCATION,A,13000,7.9,0.4,N,2,1
57953,32,52000,RENT,2.0,PERSONAL,B,6000,12.42,0.12,N,9,0
57954,27,45000,RENT,3.0,EDUCATION,D,7000,16.49,0.16,N,7,0
57955,27,100000,MORTGAGE,11.0,EDUCATION,A,20000,7.88,0.2,N,5,0
57956,23,28000,RENT,0.0,VENTURE,B,2400,10.37,0.09,N,3,0
57957,23,48000,RENT,5.0,DEBTCONSOLIDATION,B,15000,11.99,0.31,N,4,1
57958,24,48000,MORTGAGE,4.0,EDUCATION,B,8500,10.65,0.18,N,2,0
57959,30,70000,RENT,0.0,DEBTCONSOLIDATION,B,10000,9.45,0.14,N,9,0
57960,22,60000,MORTGAGE,1.0,EDUCATION,B,17000,11.83,0.28,N,3,0
57961,26,108000,RENT,7.0,MEDICAL,A,8000,7.49,0.08,N,3,0
57962,25,35004,OWN,3.0,EDUCATION,C,8000,11.97,0.23,Y,3,0
57963,26,50000,MORTGAGE,7.0,PERSONAL,A,3150,5.99,0.06,N,3,0
57964,30,42000,RENT,2.0,VENTURE,A,4500,7.88,0.11,N,8,0
57965,32,34000,RENT,3.0,DEBTCONSOLIDATION,A,7000,8.59,0.21,N,10,0
57966,22,34992,MORTGAGE,6.0,MEDICAL,B,6000,9.99,0.18,N,2,0
57967,27,40000,MORTGAGE,5.0,PERSONAL,B,3500,8.88,0.09,N,8,0
57968,37,60000,RENT,2.0,EDUCATION,B,21000,10.65,0.34,N,17,1
57969,23,67000,MORTGAGE,1.0,PERSONAL,B,10000,12.21,0.15,N,4,0
57970,24,72000,MORTGAGE,6.0,HOMEIMPROVEMENT,A,5000,6.62,0.07,N,2,0
57971,22,50000,RENT,6.0,VENTURE,A,4000,5.42,0.08,N,3,0
57972,24,62400,MORTGAGE,8.0,VENTURE,B,2000,10.99,0.03,N,3,0
57973,21,44000,RENT,5.0,MEDICAL,D,12000,14.54,0.27,Y,2,1
57974,26,48000,RENT,2.0,VENTURE,C,4500,13.11,0.09,N,2,0
57975,31,60000,MORTGAGE,6.0,VENTURE,A,6000,7.14,0.1,N,5,0
57976,26,60000,MORTGAGE,10.0,HOMEIMPROVEMENT,B,16000,10.65,0.27,N,2,0
57977,30,70000,MORTGAGE,6.0,PERSONAL,B,8000,11.49,0.11,N,10,0
57978,46,70000,OWN,5.0,HOMEIMPROVEMENT,A,3600,6.54,0.05,N,16,0
57979,24,63000,RENT,9.0,EDUCATION,A,16000,5.99,0.26,N,4,0
57980,23,67000,RENT,7.0,VENTURE,B,6500,10.74,0.1,N,2,0
57981,24,48000,MORTGAGE,8.0,EDUCATION,B,5000,10.25,0.1,N,3,0
57982,24,60000,RENT,3.0,HOMEIMPROVEMENT,B,6000,10.25,0.1,N,2,0
57983,36,84000,MORTGAGE,18.0,PERSONAL,A,12000,6.62,0.14,N,15,0
57984,27,66800,MORTGAGE,6.0,PERSONAL,C,5000,14.91,0.07,N,6,0
57985,36,40800,RENT,12.0,MEDICAL,E,12400,18.79,0.3,Y,14,1
57986,24,40000,RENT,2.0,EDUCATION,C,3500,13.35,0.09,Y,3,0
57987,23,75000,RENT,2.0,VENTURE,B,23000,12.18,0.31,N,4,1
57988,32,47000,RENT,5.0,VENTURE,A,10400,8.9,0.22,N,10,0
57989,30,30000,RENT,0.0,DEBTCONSOLIDATION,C,10000,12.84,0.33,Y,7,1
57990,23,60000,MORTGAGE,2.0,DEBTCONSOLIDATION,A,7500,8.94,0.13,N,3,0
57991,35,48000,RENT,7.0,MEDICAL,C,15000,13.98,0.31,Y,8,0
57992,25,90000,RENT,3.0,PERSONAL,B,11000,11.99,0.12,N,4,0
57993,23,95000,MORTGAGE,7.0,EDUCATION,B,19800,10.62,0.21,N,4,0
57994,25,85000,MORTGAGE,7.0,MEDICAL,B,10000,10.36,0.12,N,3,0
57995,43,34000,RENT,0.0,MEDICAL,A,4800,9.32,0.14,N,11,0
57996,25,50000,RENT,9.0,PERSONAL,C,3000,13.98,0.06,N,2,0
57997,23,60000,MORTGAGE,2.0,MEDICAL,C,5000,14.72,0.08,Y,4,0
57998,22,56000,RENT,1.0,MEDICAL,D,10000,14.11,0.18,Y,4,1
57999,25,37200,RENT,3.0,VENTURE,B,4000,11.86,0.11,N,2,1
58000,27,82000,MORTGAGE,2.0,VENTURE,A,15000,7.88,0.18,N,5,0
58001,24,51996,RENT,8.0,PERSONAL,C,12000,13.49,0.23,N,4,0
58002,23,95000,MORTGAGE,5.0,VENTURE,A,12000,8.49,0.13,N,4,0
58003,23,65000,RENT,3.0,MEDICAL,A,7000,5.99,0.11,N,3,0
58004,28,75000,MORTGAGE,12.0,VENTURE,B,12000,10.99,0.16,N,7,0
58005,27,50000,MORTGAGE,11.0,EDUCATION,A,8000,6.99,0.16,N,5,0
58006,24,47000,RENT,2.0,EDUCATION,A,7000,7.14,0.15,N,4,0
58007,23,24000,MORTGAGE,1.0,PERSONAL,C,5200,12.87,0.21,Y,4,0
58008,21,29004,RENT,5.0,PERSONAL,A,12000,5.99,0.41,N,3,1
58009,23,58650,MORTGAGE,7.0,MEDICAL,D,15000,14.83,0.21,Y,4,1
58010,37,74000,RENT,0.0,HOMEIMPROVEMENT,B,24000,10.74,0.32,N,15,1
58011,29,66000,RENT,3.0,HOMEIMPROVEMENT,B,7000,10.65,0.11,N,6,0
58012,26,38000,RENT,2.0,MEDICAL,B,7800,10.65,0.19,N,4,0
58013,24,79500,MORTGAGE,0.0,PERSONAL,A,7000,7.88,0.09,N,4,0
58014,24,30000,RENT,1.0,EDUCATION,C,10000,13.85,0.33,N,4,1
58015,23,51000,OWN,7.0,EDUCATION,C,12000,14.26,0.24,N,4,0
58016,30,95000,MORTGAGE,12.0,PERSONAL,B,18000,10.99,0.19,N,9,0
58017,34,65000,MORTGAGE,4.0,HOMEIMPROVEMENT,B,10000,10.99,0.15,N,6,0
58018,27,55000,MORTGAGE,11.0,MEDICAL,B,5000,11.86,0.09,N,7,0
58019,29,68004,MORTGAGE,2.0,HOMEIMPROVEMENT,B,4800,12.21,0.07,N,10,0
58020,33,100000,MORTGAGE,6.0,PERSONAL,A,10000,7.88,0.1,N,9,0
58021,33,57000,RENT,8.0,HOMEIMPROVEMENT,A,9500,7.14,0.16,N,9,0
58022,25,40000,RENT,0.0,DEBTCONSOLIDATION,A,9500,8.9,0.23,N,4,0
58023,25,62000,OWN,2.0,HOMEIMPROVEMENT,C,5000,14.65,0.08,N,4,0
58024,27,49000,RENT,2.0,VENTURE,C,14000,13.23,0.28,N,5,1
58025,23,40000,RENT,2.0,MEDICAL,A,6000,7.49,0.15,N,4,0
58026,25,50000,RENT,4.0,DEBTCONSOLIDATION,C,6000,14.22,0.12,N,3,0
58027,28,50000,MORTGAGE,3.0,PERSONAL,B,4000,9.91,0.08,N,5,0
58028,23,24940,RENT,7.0,DEBTCONSOLIDATION,D,1000,14.09,0.04,Y,2,1
58029,27,50000,RENT,5.0,HOMEIMPROVEMENT,B,3000,10.99,0.06,N,9,0
58030,25,60000,RENT,9.0,DEBTCONSOLIDATION,B,7200,11.71,0.12,N,4,0
58031,23,48500,RENT,1.0,EDUCATION,A,5000,8.49,0.1,N,2,0
58032,32,50000,MORTGAGE,4.0,DEBTCONSOLIDATION,A,5000,7.51,0.1,N,8,0
58033,27,59500,RENT,3.0,MEDICAL,B,3000,10.75,0.05,N,6,1
58034,24,120000,MORTGAGE,1.0,VENTURE,B,25000,11.11,0.21,N,3,0
58035,26,83300,MORTGAGE,0.0,MEDICAL,D,10000,15.62,0.1,Y,3,1
58036,40,98000,MORTGAGE,22.0,HOMEIMPROVEMENT,B,20000,9.88,0.2,N,16,0
58037,34,72000,RENT,5.0,HOMEIMPROVEMENT,B,15000,11.49,0.21,N,6,0
58038,27,90000,MORTGAGE,11.0,MEDICAL,A,7000,6.99,0.08,N,9,0
58039,45,180000,MORTGAGE,8.0,DEBTCONSOLIDATION,B,8000,12.42,0.04,N,16,0
58040,24,100000,MORTGAGE,5.0,DEBTCONSOLIDATION,A,10000,6.54,0.1,N,4,0
58041,26,80000,OWN,5.0,VENTURE,C,7000,13.06,0.09,Y,3,0
58042,23,96000,RENT,0.0,VENTURE,B,6000,10.99,0.06,N,4,0
58043,26,75000,RENT,2.0,DEBTCONSOLIDATION,B,15000,10.37,0.2,N,3,0
58044,22,38400,RENT,0.0,DEBTCONSOLIDATION,B,10000,10.37,0.26,N,2,0
58045,26,110000,MORTGAGE,0.0,HOMEIMPROVEMENT,B,30000,11.71,0.27,N,3,0
58046,23,67596,RENT,4.0,PERSONAL,B,7000,11.86,0.1,N,3,0
58047,22,66250,MORTGAGE,4.0,EDUCATION,A,8700,6.92,0.13,N,2,0
58048,29,35000,RENT,2.0,EDUCATION,B,5000,9.91,0.14,N,9,0
58049,24,24000,RENT,0.0,MEDICAL,B,3000,9.45,0.13,N,2,0
58050,25,110000,MORTGAGE,7.0,EDUCATION,B,10000,9.91,0.09,N,3,0
58051,28,130000,MORTGAGE,6.0,VENTURE,B,15000,9.51,0.12,N,5,0
58052,22,50000,MORTGAGE,6.0,DEBTCONSOLIDATION,B,7000,10.65,0.14,N,2,0
58053,32,109488,MORTGAGE,16.0,HOMEIMPROVEMENT,A,12000,7.9,0.11,N,8,0
58054,26,53000,RENT,10.0,VENTURE,B,16000,12.53,0.3,N,2,0
58055,25,28800,OWN,2.0,VENTURE,B,4000,11.83,0.14,N,4,0
58056,24,52656,RENT,4.0,HOMEIMPROVEMENT,B,15000,11.58,0.28,N,4,0
58057,39,36000,RENT,1.0,DEBTCONSOLIDATION,B,6000,10.25,0.17,N,14,0
58058,34,35000,RENT,5.0,MEDICAL,D,12500,15.33,0.36,Y,9,1
58059,22,60000,MORTGAGE,6.0,DEBTCONSOLIDATION,A,7000,7.29,0.12,N,4,0
58060,32,52800,RENT,1.0,EDUCATION,B,7500,9.99,0.14,N,10,0
58061,22,49700,RENT,0.0,VENTURE,E,15000,15.68,0.3,Y,2,1
58062,21,38400,MORTGAGE,3.0,DEBTCONSOLIDATION,C,5000,13.48,0.13,Y,2,0
58063,23,32000,RENT,0.0,EDUCATION,C,5000,14.35,0.16,Y,2,0
58064,24,71040,RENT,0.0,EDUCATION,C,13100,12.53,0.18,N,3,0
58065,26,75852,MORTGAGE,0.0,DEBTCONSOLIDATION,B,4000,9.25,0.05,N,3,0
58066,45,100000,MORTGAGE,8.0,MEDICAL,A,4000,7.88,0.04,N,12,0
58067,22,25200,RENT,0.0,DEBTCONSOLIDATION,C,4000,13.11,0.16,Y,3,0
58068,24,75000,MORTGAGE,5.0,PERSONAL,B,12000,11.11,0.16,N,3,0
58069,41,60000,RENT,6.0,EDUCATION,B,8400,12.21,0.14,N,15,0
58070,23,52000,RENT,7.0,DEBTCONSOLIDATION,B,12000,12.42,0.23,N,2,0
58071,33,105000,MORTGAGE,4.0,MEDICAL,B,12000,11.86,0.11,N,8,0
58072,39,80000,RENT,8.0,EDUCATION,A,12000,7.49,0.15,N,14,0
58073,32,14400,RENT,3.0,MEDICAL,C,3500,12.53,0.25,N,8,1
58074,29,75000,MORTGAGE,13.0,MEDICAL,A,10000,5.79,0.13,N,5,0
58075,38,80000,MORTGAGE,15.0,PERSONAL,C,8000,13.49,0.1,Y,14,0
58076,25,120000,RENT,8.0,DEBTCONSOLIDATION,B,14400,11.71,0.12,N,4,0
58077,22,55000,OWN,2.0,MEDICAL,C,10000,15.23,0.18,Y,3,0
58078,22,65000,RENT,1.0,VENTURE,C,5000,13.23,0.08,Y,3,0
58079,28,37200,MORTGAGE,7.0,DEBTCONSOLIDATION,A,10000,8.49,0.26,N,10,0
58080,26,55640,MORTGAGE,1.0,VENTURE,B,8000,10.0,0.14,N,4,0
58081,23,25200,MORTGAGE,7.0,EDUCATION,A,7000,7.49,0.28,N,2,0
58082,31,105000,MORTGAGE,9.0,VENTURE,B,24000,12.42,0.22,N,5,0
58083,29,60000,RENT,4.0,MEDICAL,B,10000,11.36,0.17,N,9,0
58084,39,70000,RENT,9.0,EDUCATION,B,10000,10.59,0.14,N,14,0
58085,28,38000,RENT,0.0,MEDICAL,A,12000,5.99,0.32,N,6,1
58086,39,75000,MORTGAGE,6.0,PERSONAL,A,10000,7.51,0.13,N,11,0
58087,23,85000,MORTGAGE,5.0,VENTURE,B,2500,9.33,0.03,N,3,0
58088,21,80000,MORTGAGE,2.0,MEDICAL,A,2000,5.79,0.03,N,2,0
58089,25,25000,RENT,0.0,DEBTCONSOLIDATION,C,8000,12.73,0.32,Y,4,1
58090,29,85000,RENT,4.0,EDUCATION,B,10000,10.65,0.12,N,6,0
58091,30,70000,MORTGAGE,2.0,PERSONAL,A,10000,6.54,0.14,N,5,0
58092,25,65000,RENT,2.0,EDUCATION,A,9600,7.51,0.15,N,4,0
58093,37,84000,MORTGAGE,15.0,DEBTCONSOLIDATION,A,10000,7.88,0.12,N,13,0
58094,32,72000,MORTGAGE,6.0,EDUCATION,D,9000,16.49,0.13,Y,8,0
58095,22,30000,RENT,6.0,DEBTCONSOLIDATION,C,3500,12.87,0.12,Y,4,0
58096,39,48000,MORTGAGE,9.0,PERSONAL,A,7000,8.9,0.15,N,11,0
58097,24,95000,MORTGAGE,8.0,MEDICAL,A,16000,6.03,0.17,N,2,0
58098,29,58000,RENT,0.0,EDUCATION,B,3000,9.91,0.05,N,8,0
58099,24,100000,MORTGAGE,8.0,MEDICAL,C,14400,12.87,0.14,Y,4,0
58100,38,140000,MORTGAGE,13.0,HOMEIMPROVEMENT,A,4000,7.88,0.03,N,11,0
58101,26,40000,MORTGAGE,6.0,MEDICAL,A,12000,7.51,0.3,N,4,0
58102,41,60000,RENT,4.0,MEDICAL,B,10000,9.91,0.17,N,11,0
58103,36,60000,MORTGAGE,5.0,PERSONAL,C,8000,14.27,0.13,Y,12,0
58104,39,55000,MORTGAGE,5.0,PERSONAL,B,10000,10.99,0.18,N,13,0
58105,24,72000,OWN,4.0,MEDICAL,B,12800,11.48,0.17,N,4,0
58106,21,35000,RENT,0.0,EDUCATION,B,5000,11.14,0.14,N,3,0
58107,22,60000,RENT,7.0,EDUCATION,C,3000,14.17,0.05,Y,3,0
58108,32,65000,RENT,1.0,EDUCATION,A,6000,8.0,0.09,N,6,0
58109,26,95000,MORTGAGE,10.0,PERSONAL,A,5000,9.32,0.05,N,4,0
58110,31,39000,RENT,0.0,MEDICAL,A,7000,7.51,0.18,N,10,0
58111,29,110000,MORTGAGE,3.0,VENTURE,A,12000,5.99,0.11,N,5,0
58112,30,100000,MORTGAGE,3.0,HOMEIMPROVEMENT,B,15000,11.14,0.15,N,10,0
58113,24,35000,OWN,2.0,PERSONAL,A,10000,8.94,0.29,N,3,0
58114,29,60000,MORTGAGE,3.0,PERSONAL,A,2000,5.79,0.03,N,7,0
58115,27,42000,MORTGAGE,6.0,EDUCATION,C,3000,12.68,0.07,N,7,0
58116,31,75000,RENT,5.0,EDUCATION,B,12000,10.75,0.16,N,6,0
58117,22,30000,RENT,0.0,MEDICAL,C,10000,13.48,0.33,N,3,1
58118,36,59004,MORTGAGE,9.0,MEDICAL,D,14000,14.42,0.23,N,11,1
58119,27,33600,RENT,8.0,VENTURE,A,8000,8.49,0.24,N,7,0
58120,35,56472,RENT,8.0,DEBTCONSOLIDATION,B,4600,12.42,0.08,N,8,0
58121,33,50000,OWN,0.0,EDUCATION,D,4800,15.05,0.1,Y,10,0
58122,26,56004,MORTGAGE,4.0,PERSONAL,C,12000,14.22,0.21,N,2,0
58123,28,50000,RENT,4.0,EDUCATION,A,10000,8.49,0.2,N,8,0
58124,27,24000,MORTGAGE,2.0,EDUCATION,E,3000,18.79,0.13,N,5,0
58125,23,54000,MORTGAGE,7.0,PERSONAL,A,10000,7.49,0.19,N,3,0
58126,24,85000,MORTGAGE,6.0,EDUCATION,A,10200,7.51,0.12,N,3,0
58127,21,32000,RENT,5.0,DEBTCONSOLIDATION,B,4950,11.49,0.16,N,4,0
58128,25,90000,MORTGAGE,9.0,DEBTCONSOLIDATION,B,8000,12.42,0.09,N,4,0
58129,23,50000,RENT,3.0,EDUCATION,C,4000,12.61,0.08,Y,4,0
58130,36,85000,RENT,4.0,MEDICAL,B,12000,10.62,0.14,N,16,0
58131,26,46852,MORTGAGE,3.0,HOMEIMPROVEMENT,A,6800,6.99,0.15,N,3,0
58132,21,42000,RENT,5.0,MEDICAL,B,7600,9.91,0.19,N,3,0
58133,37,86500,OWN,13.0,VENTURE,E,15000,16.4,0.18,Y,13,0
58134,23,72000,MORTGAGE,7.0,MEDICAL,A,5000,5.79,0.07,N,2,0
58135,28,70000,MORTGAGE,6.0,MEDICAL,A,12000,7.51,0.17,N,10,0
58136,22,30000,OWN,1.0,VENTURE,C,8650,12.73,0.28,N,4,0
58137,27,70000,MORTGAGE,11.0,EDUCATION,A,5000,6.99,0.07,N,7,0
58138,29,58000,MORTGAGE,13.0,HOMEIMPROVEMENT,B,17000,8.88,0.28,N,10,0
58139,22,48000,MORTGAGE,6.0,EDUCATION,A,2800,6.03,0.06,N,4,0
58140,32,47000,RENT,8.0,DEBTCONSOLIDATION,A,3000,5.79,0.06,N,10,0
58141,25,60000,RENT,5.0,VENTURE,A,5500,8.0,0.09,N,4,0
58142,51,60000,RENT,7.0,HOMEIMPROVEMENT,A,5000,7.49,0.08,N,24,0
58143,23,72000,MORTGAGE,7.0,EDUCATION,B,5000,11.71,0.07,N,3,0
58144,36,200000,MORTGAGE,0.0,DEBTCONSOLIDATION,C,15000,13.92,0.07,N,14,0
58145,26,120640,RENT,0.0,EDUCATION,C,9600,14.22,0.08,N,3,0
58146,24,55000,RENT,8.0,HOMEIMPROVEMENT,A,12000,8.49,0.22,N,3,0
58147,21,27000,MORTGAGE,5.0,EDUCATION,C,9000,13.85,0.33,N,4,0
58148,23,65000,MORTGAGE,7.0,VENTURE,B,15000,12.69,0.23,N,2,0
58149,26,105000,MORTGAGE,10.0,HOMEIMPROVEMENT,B,26375,10.62,0.25,N,3,0
58150,27,55000,RENT,1.0,DEBTCONSOLIDATION,A,9000,9.63,0.16,N,7,0
58151,28,33000,RENT,0.0,DEBTCONSOLIDATION,B,8400,11.99,0.26,N,7,0
58152,24,30000,OWN,0.0,MEDICAL,D,5000,14.96,0.17,Y,4,0
58153,35,92000,RENT,0.0,DEBTCONSOLIDATION,B,9000,9.99,0.1,N,9,0
58154,28,75000,MORTGAGE,7.0,VENTURE,A,10000,7.29,0.13,N,8,0
58155,24,50000,RENT,0.0,HOMEIMPROVEMENT,B,15000,10.37,0.3,N,2,0
58156,25,64000,MORTGAGE,7.0,DEBTCONSOLIDATION,A,9600,7.29,0.15,N,2,0
58157,24,60000,RENT,8.0,HOMEIMPROVEMENT,B,15000,11.83,0.25,N,4,0
58158,24,87000,RENT,4.0,EDUCATION,E,16000,16.32,0.19,N,2,0
58159,31,30000,RENT,0.0,DEBTCONSOLIDATION,C,4000,13.61,0.13,N,9,0
58160,22,74900,RENT,6.0,DEBTCONSOLIDATION,B,3500,10.37,0.05,N,4,0
58161,23,55000,RENT,0.0,DEBTCONSOLIDATION,C,25000,13.22,0.45,Y,3,1
58162,26,75000,MORTGAGE,5.0,MEDICAL,C,15000,13.99,0.2,Y,2,0
58163,45,28800,RENT,0.0,MEDICAL,B,4000,11.71,0.14,N,11,0
58164,33,92000,MORTGAGE,0.0,VENTURE,D,20000,14.46,0.22,Y,5,0
58165,27,156000,MORTGAGE,9.0,MEDICAL,C,35000,14.27,0.22,N,8,0
58166,24,60000,RENT,3.0,HOMEIMPROVEMENT,A,8000,8.94,0.13,N,2,0
58167,21,46000,RENT,5.0,EDUCATION,B,12000,11.99,0.26,N,4,0
58168,24,90000,MORTGAGE,8.0,MEDICAL,A,10000,6.62,0.11,N,2,0
58169,23,65004,RENT,3.0,HOMEIMPROVEMENT,B,3200,10.99,0.05,N,2,1
58170,29,63000,MORTGAGE,4.0,PERSONAL,B,11200,11.49,0.2,N,7,0
58171,34,67392,MORTGAGE,0.0,DEBTCONSOLIDATION,C,15000,13.85,0.22,N,4,1
58172,36,150000,MORTGAGE,8.0,DEBTCONSOLIDATION,A,24000,8.9,0.16,N,16,0
58173,22,50000,RENT,0.0,MEDICAL,A,3000,6.76,0.06,N,2,0
58174,25,30000,OWN,9.0,PERSONAL,B,10000,12.42,0.33,N,3,0
58175,26,63000,MORTGAGE,6.0,DEBTCONSOLIDATION,A,6000,7.14,0.1,N,4,0
58176,22,60000,RENT,2.0,VENTURE,B,7000,9.91,0.12,N,3,0
58177,27,54000,RENT,0.0,VENTURE,D,12000,16.29,0.22,Y,6,1
58178,24,40000,MORTGAGE,3.0,VENTURE,A,13000,7.88,0.33,N,4,0
58179,36,60000,RENT,3.0,EDUCATION,B,5000,10.74,0.08,N,16,0
58180,25,100000,RENT,2.0,HOMEIMPROVEMENT,C,15000,14.27,0.15,Y,4,0
58181,29,70000,RENT,6.0,PERSONAL,B,25000,9.99,0.36,N,7,1
58182,23,63504,MORTGAGE,7.0,MEDICAL,B,3500,10.74,0.05,N,3,0
58183,26,24000,RENT,2.0,DEBTCONSOLIDATION,B,6000,10.65,0.25,N,3,0
58184,23,34000,RENT,5.0,EDUCATION,B,5000,10.65,0.15,N,4,1
58185,26,30000,RENT,7.0,MEDICAL,A,10000,7.51,0.33,N,4,1
58186,36,29000,MORTGAGE,6.0,EDUCATION,A,10000,7.9,0.34,N,13,1
58187,30,50000,OWN,9.0,MEDICAL,B,10000,12.69,0.2,N,8,0
58188,36,65000,RENT,6.0,VENTURE,C,12000,15.27,0.18,N,11,0
58189,29,55000,RENT,3.0,MEDICAL,A,3000,7.51,0.05,N,8,0
58190,21,40000,RENT,5.0,MEDICAL,B,12000,11.99,0.3,N,2,0
58191,24,70000,RENT,2.0,VENTURE,B,2000,11.89,0.03,N,4,0
58192,28,90000,MORTGAGE,0.0,HOMEIMPROVEMENT,B,7200,12.42,0.08,N,10,0
58193,28,56000,MORTGAGE,8.0,VENTURE,A,12250,6.03,0.22,N,6,0
58194,24,80000,RENT,8.0,DEBTCONSOLIDATION,A,10000,7.66,0.13,N,3,0
58195,22,48000,RENT,4.0,DEBTCONSOLIDATION,B,20000,10.25,0.42,N,2,1
58196,23,78000,MORTGAGE,7.0,DEBTCONSOLIDATION,A,5000,7.66,0.06,N,4,1
58197,24,55000,RENT,8.0,DEBTCONSOLIDATION,A,7000,9.32,0.13,N,4,0
58198,28,75000,MORTGAGE,4.0,DEBTCONSOLIDATION,B,15000,11.48,0.2,N,8,0
58199,26,100000,MORTGAGE,4.0,VENTURE,E,30000,17.99,0.3,Y,2,0
58200,27,47000,MORTGAGE,11.0,VENTURE,B,15000,10.99,0.32,N,7,0
58201,23,95000,RENT,1.0,DEBTCONSOLIDATION,A,3200,6.99,0.03,N,4,0
58202,24,60000,MORTGAGE,5.0,PERSONAL,A,10000,5.79,0.17,N,2,0
58203,35,49800,RENT,2.0,PERSONAL,A,3000,7.88,0.06,N,8,0
58204,23,82500,MORTGAGE,0.0,EDUCATION,A,11000,8.94,0.13,N,3,0
58205,23,48000,MORTGAGE,8.0,DEBTCONSOLIDATION,A,3800,5.42,0.08,N,2,0
58206,45,153000,MORTGAGE,12.0,DEBTCONSOLIDATION,A,10000,8.49,0.06,N,15,0
58207,23,50000,MORTGAGE,7.0,EDUCATION,A,10000,8.49,0.2,N,4,0
58208,22,50000,RENT,6.0,VENTURE,D,10000,14.61,0.2,Y,2,0
58209,41,48000,MORTGAGE,19.0,VENTURE,A,7800,7.51,0.16,N,12,0
58210,50,80000,MORTGAGE,1.0,PERSONAL,B,20000,10.37,0.25,N,12,0
58211,21,30000,RENT,0.0,EDUCATION,C,1000,13.98,0.03,N,4,0
58212,27,53000,RENT,6.0,MEDICAL,C,12000,12.73,0.23,N,9,0
58213,31,56000,RENT,9.0,HOMEIMPROVEMENT,E,6000,16.45,0.11,N,5,1
58214,22,29000,RENT,1.0,EDUCATION,E,4000,16.45,0.14,N,3,1
58215,26,78972,RENT,3.0,MEDICAL,B,4000,10.59,0.05,N,2,0
58216,26,100000,MORTGAGE,1.0,DEBTCONSOLIDATION,A,3000,7.51,0.03,N,3,0
58217,22,28000,RENT,3.0,EDUCATION,A,2500,7.74,0.09,N,2,0
58218,23,130000,MORTGAGE,2.0,EDUCATION,B,12000,12.69,0.09,N,3,0
58219,31,58000,RENT,2.0,PERSONAL,A,3000,7.49,0.05,N,9,0
58220,25,33000,RENT,9.0,DEBTCONSOLIDATION,A,16000,8.9,0.47,N,2,1
58221,52,33204,RENT,0.0,PERSONAL,C,5600,14.35,0.17,Y,24,1
58222,28,70000,RENT,5.0,PERSONAL,D,9000,16.32,0.13,N,6,0
58223,28,40000,MORTGAGE,12.0,EDUCATION,A,1225,6.62,0.03,N,6,0
58224,22,60000,RENT,3.0,PERSONAL,A,4000,9.63,0.07,N,4,0
58225,23,24000,RENT,0.0,EDUCATION,B,4000,10.0,0.17,N,4,0
58226,22,62500,MORTGAGE,6.0,EDUCATION,E,16000,19.69,0.26,Y,3,0
58227,23,24000,RENT,4.0,VENTURE,B,7000,10.99,0.29,N,2,0
58228,22,36000,RENT,6.0,MEDICAL,B,10000,11.11,0.28,N,4,1
58229,49,54000,RENT,20.0,HOMEIMPROVEMENT,B,14400,11.71,0.27,N,15,1
58230,25,170000,MORTGAGE,2.0,DEBTCONSOLIDATION,C,20000,12.99,0.12,N,3,0
58231,24,48996,MORTGAGE,3.0,PERSONAL,C,5000,15.27,0.1,N,2,0
58232,37,65000,RENT,11.0,VENTURE,A,7000,7.51,0.11,N,16,0
58233,23,51840,OWN,1.0,EDUCATION,B,9000,10.0,0.17,N,3,0
58234,23,56016,RENT,4.0,MEDICAL,B,12000,10.99,0.21,N,4,0
58235,25,42000,MORTGAGE,9.0,VENTURE,C,2000,15.23,0.05,Y,3,0
58236,23,60000,RENT,2.0,PERSONAL,B,10000,10.25,0.17,N,2,0
58237,32,15000,RENT,2.0,EDUCATION,C,4000,13.57,0.28,Y,8,1
58238,23,72000,RENT,7.0,EDUCATION,E,24000,16.35,0.33,Y,2,1
58239,25,40000,RENT,1.0,EDUCATION,A,10000,7.9,0.25,N,4,0
58240,23,25000,RENT,0.0,VENTURE,A,2500,7.14,0.1,N,3,0
58241,27,148000,RENT,0.0,HOMEIMPROVEMENT,D,25000,15.95,0.17,N,10,1
58242,53,90000,MORTGAGE,7.0,PERSONAL,A,5600,8.63,0.06,N,30,0
58243,24,38400,RENT,5.0,MEDICAL,B,4000,10.99,0.1,N,3,0
58244,27,55000,RENT,11.0,MEDICAL,B,18000,9.88,0.33,N,10,0
58245,41,100000,MORTGAGE,17.0,VENTURE,E,10000,17.56,0.1,N,17,0
58246,22,29376,OWN,2.0,EDUCATION,C,6000,13.47,0.21,N,3,0
58247,24,25000,MORTGAGE,1.0,PERSONAL,C,4125,13.16,0.17,Y,4,1
58248,25,30000,RENT,2.0,DEBTCONSOLIDATION,C,6600,15.23,0.22,Y,3,0
58249,23,70000,RENT,5.0,VENTURE,B,20000,10.0,0.29,N,3,0
58250,28,42000,MORTGAGE,12.0,VENTURE,A,8675,7.49,0.21,N,6,0
58251,24,74900,MORTGAGE,8.0,MEDICAL,B,3000,10.99,0.04,N,4,0
58252,25,120000,MORTGAGE,9.0,VENTURE,A,5000,7.49,0.04,N,2,0
58253,25,70000,RENT,4.0,DEBTCONSOLIDATION,A,10000,6.62,0.14,N,2,0
58254,24,66000,MORTGAGE,1.0,VENTURE,A,17500,7.9,0.25,N,3,0
58255,35,32000,RENT,4.0,DEBTCONSOLIDATION,C,10000,13.57,0.31,N,8,1
58256,21,27996,RENT,5.0,EDUCATION,A,5500,8.0,0.21,N,2,0
58257,24,69000,RENT,8.0,HOMEIMPROVEMENT,D,10000,14.09,0.14,Y,3,1
58258,35,120000,RENT,11.0,EDUCATION,C,10000,13.98,0.08,N,6,0
58259,31,29000,RENT,0.0,HOMEIMPROVEMENT,C,6000,12.84,0.21,Y,7,1
58260,27,65000,MORTGAGE,7.0,EDUCATION,B,6000,10.99,0.09,N,8,0
58261,35,85000,RENT,4.0,HOMEIMPROVEMENT,C,5000,13.49,0.06,Y,6,0
58262,23,100000,MORTGAGE,7.0,MEDICAL,A,15000,6.62,0.15,N,3,0
58263,26,44000,RENT,9.0,MEDICAL,D,9400,15.65,0.21,Y,4,0
58264,41,102000,MORTGAGE,6.0,PERSONAL,A,18000,8.94,0.18,N,16,0
58265,23,34200,RENT,2.0,EDUCATION,B,3500,11.86,0.1,N,3,0
58266,25,26000,RENT,0.0,PERSONAL,C,8400,12.72,0.3,Y,3,1
58267,31,60000,MORTGAGE,2.0,VENTURE,B,12800,12.42,0.21,N,5,0
58268,23,38000,RENT,5.0,DEBTCONSOLIDATION,B,1500,11.71,0.04,N,3,0
58269,29,70000,OWN,13.0,EDUCATION,B,16000,12.18,0.23,N,9,0
58270,25,72000,MORTGAGE,9.0,PERSONAL,B,15000,10.99,0.21,N,4,0
58271,29,80796,MORTGAGE,7.0,EDUCATION,A,5000,9.63,0.06,N,9,0
58272,25,45600,RENT,6.0,MEDICAL,B,6000,11.86,0.13,N,2,0
58273,22,63000,MORTGAGE,6.0,EDUCATION,B,10000,9.63,0.16,N,4,0
58274,27,80000,RENT,2.0,PERSONAL,C,10000,14.27,0.13,Y,8,0
58275,21,65000,MORTGAGE,2.0,EDUCATION,B,10000,10.99,0.15,N,2,0
58276,28,144996,MORTGAGE,2.0,HOMEIMPROVEMENT,E,25000,16.35,0.17,Y,6,0
58277,30,32000,RENT,13.0,VENTURE,B,12000,11.36,0.38,N,8,1
58278,21,57600,MORTGAGE,5.0,PERSONAL,A,7000,7.9,0.12,N,3,0
58279,39,60000,MORTGAGE,4.0,EDUCATION,B,20000,11.48,0.33,N,17,0
58280,22,30000,RENT,2.0,VENTURE,B,6000,11.86,0.2,N,2,0
58281,26,50000,MORTGAGE,2.0,VENTURE,B,10000,12.42,0.2,N,3,0
58282,24,65000,MORTGAGE,6.0,EDUCATION,D,15000,15.99,0.23,Y,3,0
58283,22,54000,MORTGAGE,3.0,PERSONAL,B,5000,11.11,0.09,N,2,0
58284,24,60000,OTHER,1.0,MEDICAL,A,14000,8.9,0.22,N,4,0
58285,26,64000,MORTGAGE,10.0,EDUCATION,A,16000,7.9,0.25,N,3,0
58286,24,78000,RENT,8.0,DEBTCONSOLIDATION,B,6000,10.51,0.08,N,2,0
58287,30,90000,RENT,3.0,HOMEIMPROVEMENT,D,20000,15.28,0.22,N,6,0
58288,26,50000,MORTGAGE,9.0,HOMEIMPROVEMENT,A,4000,7.49,0.08,N,3,0
58289,28,34000,MORTGAGE,0.0,EDUCATION,B,1500,11.99,0.04,N,5,1
58290,28,70000,RENT,1.0,MEDICAL,A,3000,7.49,0.04,N,8,0
58291,28,72000,RENT,6.0,VENTURE,C,15000,12.84,0.21,Y,9,0
58292,45,54996,RENT,0.0,DEBTCONSOLIDATION,C,9000,13.92,0.16,Y,12,0
58293,27,58000,MORTGAGE,2.0,EDUCATION,A,10000,8.59,0.17,N,5,0
58294,22,65000,RENT,4.0,MEDICAL,C,1500,13.92,0.02,N,2,0
58295,22,60000,RENT,3.0,EDUCATION,B,6000,10.75,0.1,N,2,0
58296,27,35000,RENT,1.0,VENTURE,A,8000,7.9,0.23,N,7,0
58297,23,50000,RENT,0.0,EDUCATION,C,8000,13.61,0.16,N,4,0
58298,41,84000,MORTGAGE,7.0,DEBTCONSOLIDATION,A,10000,7.66,0.12,N,12,0
58299,26,55000,RENT,0.0,DEBTCONSOLIDATION,C,14000,13.85,0.25,Y,2,0
58300,28,50000,MORTGAGE,4.0,DEBTCONSOLIDATION,B,2000,10.99,0.04,N,10,0
58301,27,65000,MORTGAGE,11.0,VENTURE,B,6000,11.99,0.09,N,9,0
58302,24,93000,RENT,1.0,VENTURE,A,12000,8.49,0.13,N,3,0
58303,24,80000,MORTGAGE,0.0,EDUCATION,A,17000,6.62,0.21,N,2,0
58304,24,68000,OWN,0.0,VENTURE,A,7000,8.59,0.1,N,3,0
58305,37,29000,RENT,15.0,EDUCATION,A,6600,8.9,0.23,N,11,0
58306,47,56000,MORTGAGE,2.0,EDUCATION,A,5000,7.14,0.09,N,11,0
58307,21,24000,RENT,5.0,MEDICAL,A,6000,9.32,0.25,N,4,0
58308,25,50000,MORTGAGE,1.0,DEBTCONSOLIDATION,A,16000,7.29,0.32,N,4,0
58309,24,100000,MORTGAGE,0.0,EDUCATION,A,5000,7.43,0.05,N,2,0
58310,25,87000,MORTGAGE,2.0,HOMEIMPROVEMENT,A,15000,6.03,0.17,N,2,0
58311,43,65000,MORTGAGE,18.0,VENTURE,A,8000,6.62,0.12,N,13,0
58312,23,70000,RENT,2.0,VENTURE,A,3600,7.51,0.05,N,3,0
58313,26,15000,RENT,1.0,DEBTCONSOLIDATION,C,4475,13.85,0.3,N,3,1
58314,26,38004,RENT,3.0,VENTURE,B,4000,11.58,0.11,N,3,0
58315,23,75000,RENT,7.0,VENTURE,A,7500,8.0,0.1,N,4,0
58316,22,62500,OTHER,6.0,PERSONAL,C,5000,13.22,0.08,Y,3,0
58317,21,24000,RENT,5.0,EDUCATION,C,5000,14.72,0.21,Y,4,0
58318,32,67870,RENT,2.0,MEDICAL,C,5000,11.22,0.07,Y,10,0
58319,27,36000,RENT,5.0,MEDICAL,B,10000,10.36,0.28,N,7,0
58320,22,18000,RENT,1.0,MEDICAL,B,3000,11.86,0.17,N,4,1
58321,29,50004,RENT,2.0,DEBTCONSOLIDATION,C,10000,12.53,0.2,N,9,0
58322,26,57000,RENT,10.0,VENTURE,B,12000,12.69,0.21,N,4,0
58323,24,60000,MORTGAGE,8.0,PERSONAL,A,4000,7.4,0.06,N,4,0
58324,23,45000,RENT,7.0,EDUCATION,A,4000,7.51,0.09,N,4,0
58325,24,102000,MORTGAGE,8.0,DEBTCONSOLIDATION,A,11200,7.74,0.11,N,2,0
58326,25,120000,MORTGAGE,5.0,VENTURE,A,14000,8.94,0.12,N,3,0
58327,25,35004,MORTGAGE,1.0,HOMEIMPROVEMENT,C,10000,12.84,0.29,N,4,0
58328,30,50000,RENT,4.0,HOMEIMPROVEMENT,C,20000,13.49,0.4,N,5,1
58329,25,55000,RENT,1.0,MEDICAL,B,3200,9.88,0.06,N,3,0
58330,24,90000,MORTGAGE,5.0,PERSONAL,B,25000,10.99,0.28,N,4,0
58331,31,59000,MORTGAGE,2.0,DEBTCONSOLIDATION,A,15000,6.54,0.25,N,5,0
58332,35,50000,RENT,6.0,VENTURE,B,12000,11.49,0.24,N,5,0
58333,28,41000,OWN,12.0,VENTURE,A,5000,6.03,0.12,N,8,0
58334,21,49074,MORTGAGE,5.0,EDUCATION,C,8000,14.72,0.16,N,2,0
58335,41,38000,RENT,6.0,PERSONAL,C,7500,13.22,0.2,Y,13,0
58336,23,54400,RENT,0.0,MEDICAL,D,5000,15.62,0.08,N,4,1
58337,41,170000,MORTGAGE,3.0,MEDICAL,B,25000,12.18,0.15,N,12,0
58338,29,62000,OWN,9.0,MEDICAL,A,3500,7.68,0.06,N,7,0
58339,22,50000,RENT,2.0,EDUCATION,B,4000,11.71,0.08,N,3,0
58340,30,48996,RENT,14.0,EDUCATION,B,1000,10.38,0.19,N,5,1
58341,25,65450,MORTGAGE,9.0,MEDICAL,C,6000,14.26,0.09,Y,3,1
58342,36,130000,OWN,2.0,EDUCATION,D,7000,14.96,0.05,Y,14,0
58343,37,62000,RENT,2.0,VENTURE,B,10000,9.99,0.16,N,16,0
58344,39,74000,MORTGAGE,0.0,DEBTCONSOLIDATION,B,25000,10.08,0.34,N,13,0
58345,38,67642,OTHER,2.0,VENTURE,B,17000,11.58,0.25,N,16,0
58346,28,55000,MORTGAGE,2.0,EDUCATION,B,4000,12.69,0.07,N,8,0
58347,26,60000,RENT,3.0,EDUCATION,C,12000,13.49,0.2,Y,2,0
58348,22,31200,RENT,6.0,PERSONAL,D,8000,14.74,0.26,Y,3,1
58349,26,65000,MORTGAGE,3.0,EDUCATION,A,2000,5.79,0.03,N,2,0
58350,25,225000,RENT,5.0,MEDICAL,B,6000,9.99,0.03,N,2,0
58351,31,55680,MORTGAGE,4.0,VENTURE,B,7875,10.65,0.14,N,10,0
58352,23,28000,OWN,0.0,PERSONAL,C,3500,12.68,0.13,N,3,0
58353,22,60000,MORTGAGE,1.0,DEBTCONSOLIDATION,A,5000,7.29,0.08,N,4,0
58354,26,94837,RENT,9.0,MEDICAL,A,12000,6.62,0.13,N,2,0
58355,23,120000,OWN,3.0,EDUCATION,A,5000,7.14,0.04,N,2,0
58356,27,80000,OWN,0.0,VENTURE,C,10000,14.22,0.13,N,5,0
58357,36,37440,RENT,0.0,MEDICAL,B,15000,10.62,0.4,N,14,1
58358,23,70000,RENT,3.0,EDUCATION,A,7000,7.88,0.1,N,3,0
58359,33,130000,MORTGAGE,3.0,PERSONAL,B,8000,11.11,0.06,N,10,0
58360,29,35000,RENT,1.0,MEDICAL,A,10000,5.79,0.29,N,7,0
58361,22,60000,MORTGAGE,0.0,EDUCATION,D,15000,15.31,0.25,Y,3,0
58362,26,60000,MORTGAGE,3.0,EDUCATION,A,10000,7.88,0.17,N,3,0
58363,23,44000,MORTGAGE,7.0,DEBTCONSOLIDATION,D,12000,15.31,0.27,Y,4,1
58364,38,90000,MORTGAGE,9.0,EDUCATION,A,6000,6.03,0.07,N,14,0
58365,26,45000,RENT,3.0,HOMEIMPROVEMENT,B,10000,10.37,0.22,N,2,0
58366,28,80000,MORTGAGE,4.0,EDUCATION,A,13000,6.62,0.16,N,10,0
58367,25,50000,RENT,2.0,DEBTCONSOLIDATION,A,3000,7.74,0.06,N,3,0
58368,31,56000,RENT,2.0,MEDICAL,A,5000,5.79,0.09,N,7,0
58369,27,40000,RENT,4.0,PERSONAL,C,10000,13.49,0.25,N,9,0
58370,26,51996,RENT,8.0,MEDICAL,B,6500,10.37,0.13,N,3,0
58371,50,33000,RENT,1.0,VENTURE,A,10400,6.91,0.32,N,13,1
58372,33,96000,OWN,17.0,EDUCATION,D,20000,15.58,0.21,Y,8,0
58373,30,96000,MORTGAGE,3.0,DEBTCONSOLIDATION,A,4000,6.99,0.04,N,7,0
58374,33,45000,MORTGAGE,8.0,VENTURE,C,5000,13.23,0.11,N,5,0
58375,24,40000,RENT,2.0,EDUCATION,B,3600,10.59,0.09,N,2,0
58376,28,60000,RENT,12.0,HOMEIMPROVEMENT,B,8000,10.99,0.13,N,10,0
58377,21,42016,RENT,5.0,MEDICAL,A,5000,6.92,0.12,N,3,0
58378,48,125000,MORTGAGE,13.0,HOMEIMPROVEMENT,A,24250,8.9,0.2,N,16,0
58379,21,90000,RENT,3.0,EDUCATION,B,7000,10.37,0.08,N,4,0
58380,28,30000,RENT,7.0,PERSONAL,B,3000,10.36,0.1,N,8,0
58381,26,26000,RENT,4.0,PERSONAL,D,8400,14.96,0.33,N,2,1
58382,23,68000,MORTGAGE,7.0,EDUCATION,A,2600,7.49,0.04,N,4,0
58383,31,63324,MORTGAGE,8.0,DEBTCONSOLIDATION,B,24000,11.83,0.38,N,8,0
58384,36,52000,MORTGAGE,2.0,VENTURE,B,14000,11.36,0.27,N,16,0
58385,23,38000,RENT,1.0,DEBTCONSOLIDATION,B,7200,10.99,0.19,N,3,0
58386,36,72000,RENT,12.0,VENTURE,B,16000,11.86,0.22,N,11,0
58387,23,120000,RENT,1.0,EDUCATION,B,13200,11.14,0.12,N,4,0
58388,34,55000,RENT,1.0,MEDICAL,B,12000,10.65,0.22,N,5,0
58389,25,76200,RENT,3.0,DEBTCONSOLIDATION,B,20000,11.12,0.26,N,4,1
58390,26,39000,RENT,2.0,MEDICAL,A,3000,7.29,0.08,N,3,1
58391,27,55000,OWN,3.0,HOMEIMPROVEMENT,A,11500,7.51,0.21,N,8,0
58392,27,65000,MORTGAGE,2.0,MEDICAL,A,8000,7.49,0.12,N,10,0
58393,27,102000,MORTGAGE,2.0,MEDICAL,C,15000,11.34,0.15,N,5,0
58394,23,65000,OWN,7.0,EDUCATION,C,9000,13.47,0.14,Y,3,0
58395,44,64000,RENT,3.0,DEBTCONSOLIDATION,A,5000,9.32,0.08,N,15,0
58396,31,70000,MORTGAGE,11.0,MEDICAL,A,10000,6.03,0.14,N,6,0
58397,28,33000,RENT,2.0,EDUCATION,B,4000,11.71,0.12,N,6,0
58398,25,60000,OWN,3.0,EDUCATION,A,10000,8.49,0.17,N,3,0
58399,30,49000,RENT,3.0,HOMEIMPROVEMENT,B,2000,10.99,0.04,N,6,1
58400,27,54000,RENT,11.0,VENTURE,B,8000,10.99,0.15,N,10,0
58401,33,65600,MORTGAGE,4.0,HOMEIMPROVEMENT,D,9600,13.55,0.14,N,7,0
58402,33,72000,MORTGAGE,3.0,HOMEIMPROVEMENT,A,6000,6.99,0.08,N,5,0
58403,25,95000,RENT,4.0,EDUCATION,C,2400,13.8,0.03,N,2,0
58404,24,66000,MORTGAGE,1.0,VENTURE,C,15000,12.53,0.23,Y,2,0
58405,23,27600,RENT,2.0,EDUCATION,D,7000,16.29,0.25,Y,2,1
58406,22,75000,RENT,3.0,EDUCATION,B,3000,10.99,0.04,N,4,0
58407,26,90000,MORTGAGE,0.0,DEBTCONSOLIDATION,A,28000,7.9,0.32,N,4,0
58408,34,54996,RENT,2.0,MEDICAL,A,4200,7.49,0.08,N,8,0
58409,23,48000,RENT,7.0,MEDICAL,B,15000,10.99,0.31,N,3,1
58410,24,40000,RENT,2.0,VENTURE,A,8000,7.88,0.2,N,3,0
58411,23,60000,MORTGAGE,3.0,EDUCATION,A,12000,8.49,0.2,N,3,0
58412,25,25200,MORTGAGE,7.0,MEDICAL,A,1400,7.66,0.06,N,3,0
58413,37,150000,MORTGAGE,15.0,EDUCATION,B,25000,11.36,0.17,N,12,0
58414,32,54996,MORTGAGE,4.0,PERSONAL,A,11000,7.14,0.2,N,9,0
58415,28,50000,RENT,1.0,VENTURE,A,5000,8.49,0.1,N,5,0
58416,25,40000,MORTGAGE,7.0,DEBTCONSOLIDATION,B,12000,10.25,0.3,N,3,0
58417,28,100000,RENT,0.0,HOMEIMPROVEMENT,C,18000,13.11,0.18,Y,9,0
58418,22,70000,RENT,4.0,PERSONAL,B,10000,10.65,0.14,N,2,0
58419,32,130000,MORTGAGE,0.0,EDUCATION,A,11000,5.42,0.08,N,10,0
58420,28,40000,MORTGAGE,7.0,DEBTCONSOLIDATION,A,6000,7.49,0.15,N,9,0
58421,33,78000,MORTGAGE,17.0,VENTURE,B,6000,9.91,0.08,N,10,0
58422,30,49641,MORTGAGE,9.0,DEBTCONSOLIDATION,C,6000,13.11,0.12,Y,6,0
58423,22,35000,RENT,6.0,EDUCATION,C,9600,13.22,0.27,N,4,0
58424,39,52000,RENT,2.0,HOMEIMPROVEMENT,B,12000,10.59,0.23,N,16,0
58425,23,75000,MORTGAGE,5.0,EDUCATION,B,15000,10.38,0.2,N,2,0
58426,30,53000,MORTGAGE,12.0,PERSONAL,D,25000,15.2,0.47,N,10,0
58427,23,36000,RENT,2.0,EDUCATION,A,1200,9.32,0.03,N,2,0
58428,27,76000,MORTGAGE,8.0,HOMEIMPROVEMENT,C,4200,12.99,0.06,Y,6,0
58429,25,77000,MORTGAGE,9.0,EDUCATION,B,10000,9.25,0.13,N,3,0
58430,34,45996,MORTGAGE,14.0,HOMEIMPROVEMENT,C,10000,13.47,0.22,Y,6,0
58431,33,40000,RENT,2.0,EDUCATION,C,1500,13.16,0.04,N,9,0
58432,32,36000,RENT,4.0,MEDICAL,C,8000,13.61,0.22,N,9,0
58433,28,50000,RENT,8.0,PERSONAL,D,6000,15.99,0.12,Y,8,0
58434,22,70000,MORTGAGE,4.0,EDUCATION,A,8000,5.42,0.11,N,2,0
58435,24,53000,RENT,8.0,MEDICAL,A,12000,7.49,0.23,N,2,0
58436,53,26500,RENT,1.0,EDUCATION,C,5000,13.79,0.19,Y,30,0
58437,22,33000,RENT,2.0,EDUCATION,C,5000,13.22,0.15,N,4,1
58438,25,35004,RENT,2.0,PERSONAL,A,7000,7.29,0.2,N,2,0
58439,33,25200,RENT,0.0,MEDICAL,C,4500,13.49,0.19,N,9,0
58440,28,72000,MORTGAGE,4.0,VENTURE,A,11200,5.79,0.16,N,8,0
58441,22,75000,MORTGAGE,6.0,VENTURE,A,9600,5.79,0.13,N,4,0
58442,24,74000,MORTGAGE,9.0,EDUCATION,C,1500,13.06,0.02,Y,2,0
58443,28,59100,MORTGAGE,5.0,MEDICAL,B,6000,10.75,0.1,N,8,0
58444,28,48000,MORTGAGE,12.0,HOMEIMPROVEMENT,C,6000,14.65,0.13,N,10,0
58445,26,65000,MORTGAGE,10.0,DEBTCONSOLIDATION,C,10000,13.49,0.15,Y,4,0
58446,27,45000,RENT,2.0,VENTURE,C,6000,12.53,0.13,N,10,0
58447,24,54000,MORTGAGE,8.0,DEBTCONSOLIDATION,A,2500,7.29,0.05,N,2,0
58448,30,120000,MORTGAGE,2.0,VENTURE,A,10000,5.42,0.08,N,8,0
58449,23,59000,MORTGAGE,7.0,VENTURE,A,20000,6.54,0.34,N,4,0
58450,27,55000,RENT,11.0,MEDICAL,A,8000,7.29,0.15,N,9,0
58451,23,69000,RENT,8.0,PERSONAL,B,15000,10.65,0.22,N,4,0
58452,31,35000,RENT,0.0,EDUCATION,B,7000,11.71,0.19,N,7,0
58453,45,52400,MORTGAGE,14.0,HOMEIMPROVEMENT,B,21000,10.38,0.4,N,11,1
58454,36,80000,MORTGAGE,2.0,VENTURE,B,3000,10.36,0.04,N,11,0
58455,22,54000,RENT,5.0,EDUCATION,B,12000,9.62,0.22,N,2,0
58456,23,90000,MORTGAGE,7.0,DEBTCONSOLIDATION,A,7000,7.14,0.08,N,3,0
58457,21,74880,MORTGAGE,3.0,MEDICAL,A,8000,7.14,0.1,N,4,0
58458,27,130000,MORTGAGE,11.0,VENTURE,B,16000,9.88,0.13,N,9,0
58459,27,86875,MORTGAGE,5.0,VENTURE,B,8000,10.59,0.09,N,5,0
58460,33,95000,MORTGAGE,17.0,DEBTCONSOLIDATION,A,12000,7.66,0.13,N,5,0
58461,28,190000,RENT,1.0,HOMEIMPROVEMENT,B,24000,11.48,0.12,N,7,0
58462,23,84000,MORTGAGE,4.0,PERSONAL,B,12000,11.49,0.14,N,3,0
58463,27,30000,MORTGAGE,11.0,MEDICAL,A,1600,7.4,0.05,N,5,0
58464,42,55000,MORTGAGE,2.0,VENTURE,A,1000,7.14,0.02,N,14,0
58465,28,34000,RENT,2.0,MEDICAL,B,5500,10.65,0.16,N,7,0
58466,29,85000,OWN,1.0,VENTURE,B,7200,10.62,0.09,N,5,0
58467,24,80000,RENT,8.0,EDUCATION,D,2000,16.0,0.03,N,2,0
58468,27,33000,RENT,2.0,VENTURE,C,6000,13.23,0.18,N,9,0
58469,32,73000,RENT,2.0,DEBTCONSOLIDATION,D,3500,16.29,0.05,N,8,1
58470,29,56000,RENT,3.0,EDUCATION,D,12000,16.49,0.21,Y,8,0
58471,24,72000,RENT,8.0,EDUCATION,C,12000,13.61,0.17,N,4,0
58472,28,80000,OWN,2.0,VENTURE,A,21000,7.49,0.26,N,5,0
58473,23,62000,RENT,7.0,EDUCATION,C,10000,14.27,0.16,Y,4,0
58474,22,120000,MORTGAGE,3.0,VENTURE,A,28000,7.49,0.23,N,2,0
58475,22,82000,MORTGAGE,6.0,EDUCATION,A,8000,7.49,0.1,N,4,0
58476,24,49000,MORTGAGE,2.0,DEBTCONSOLIDATION,D,4000,15.95,0.08,Y,2,1
58477,34,51621,MORTGAGE,5.0,HOMEIMPROVEMENT,B,3500,11.49,0.07,N,10,0
58478,38,60000,MORTGAGE,4.0,MEDICAL,C,10000,14.27,0.17,Y,16,0
58479,23,72000,RENT,1.0,EDUCATION,A,15000,7.49,0.21,N,4,0
58480,23,80000,RENT,7.0,PERSONAL,B,16000,12.42,0.2,N,3,0
58481,25,150000,MORTGAGE,3.0,HOMEIMPROVEMENT,C,25000,13.8,0.17,Y,2,0
58482,21,45432,MORTGAGE,4.0,EDUCATION,B,5000,9.88,0.11,N,2,0
58483,23,50000,MORTGAGE,0.0,VENTURE,A,5000,7.51,0.1,N,2,0
58484,29,50000,MORTGAGE,3.0,PERSONAL,A,3000,6.76,0.06,N,9,0
58485,22,41000,MORTGAGE,2.0,DEBTCONSOLIDATION,A,6000,8.59,0.14,N,2,0
58486,23,15000,RENT,0.0,MEDICAL,C,6000,12.84,0.4,Y,2,1
58487,28,110000,MORTGAGE,12.0,DEBTCONSOLIDATION,B,5000,9.91,0.04,N,9,0
58488,33,130000,MORTGAGE,0.0,VENTURE,B,15000,10.75,0.12,N,10,0
58489,41,54000,MORTGAGE,1.0,PERSONAL,C,20000,13.11,0.37,N,15,1
58490,25,30000,RENT,9.0,MEDICAL,E,13475,17.99,0.44,N,2,1
58491,25,50000,MORTGAGE,9.0,PERSONAL,A,10000,7.49,0.2,N,4,0
58492,21,85000,RENT,5.0,PERSONAL,B,10000,9.99,0.12,N,4,0
58493,25,50000,MORTGAGE,9.0,PERSONAL,A,10000,7.14,0.2,N,4,0
58494,23,87000,RENT,7.0,DEBTCONSOLIDATION,C,15000,12.68,0.17,Y,4,0
58495,21,30000,RENT,6.0,EDUCATION,A,3000,7.29,0.1,N,4,0
58496,22,37200,RENT,6.0,DEBTCONSOLIDATION,A,5000,7.14,0.14,N,4,0
58497,22,36000,MORTGAGE,6.0,EDUCATION,B,2500,10.59,0.07,N,4,0
58498,28,30000,RENT,0.0,MEDICAL,A,3000,7.49,0.1,N,8,0
58499,22,35000,RENT,0.0,DEBTCONSOLIDATION,B,4000,11.99,0.11,N,4,0
58500,26,55000,RENT,4.0,MEDICAL,B,2400,10.59,0.04,N,2,0
58501,27,60000,RENT,0.0,DEBTCONSOLIDATION,C,5000,13.79,0.08,N,10,0
58502,25,34000,RENT,2.0,MEDICAL,D,10000,15.58,0.29,Y,3,1
58503,25,65000,MORTGAGE,5.0,HOMEIMPROVEMENT,A,10000,7.49,0.15,N,4,0
58504,23,54000,MORTGAGE,7.0,HOMEIMPROVEMENT,C,2000,13.35,0.04,N,2,1
58505,22,36000,RENT,4.0,VENTURE,A,6000,6.17,0.17,N,2,0
58506,30,102000,MORTGAGE,8.0,EDUCATION,A,6000,5.42,0.06,N,9,0
58507,23,44955,MORTGAGE,2.0,MEDICAL,A,5000,7.9,0.11,N,4,0
58508,25,145000,MORTGAGE,7.0,PERSONAL,B,12000,10.99,0.08,N,2,0
58509,22,50000,RENT,6.0,DEBTCONSOLIDATION,A,6000,7.29,0.12,N,4,0
58510,41,121200,MORTGAGE,1.0,EDUCATION,A,1450,6.76,0.01,N,15,0
58511,28,60000,MORTGAGE,3.0,EDUCATION,C,15000,13.61,0.25,Y,10,0
58512,33,90000,RENT,9.0,MEDICAL,A,10000,7.51,0.11,N,9,0
58513,43,40000,RENT,2.0,VENTURE,A,5000,9.63,0.13,N,15,0
58514,21,45000,MORTGAGE,5.0,VENTURE,A,6000,7.51,0.13,N,2,0
58515,22,30000,RENT,7.0,EDUCATION,A,3000,7.14,0.1,N,2,0
58516,25,54000,MORTGAGE,8.0,HOMEIMPROVEMENT,F,13500,17.15,0.25,N,2,0
58517,30,75000,MORTGAGE,4.0,VENTURE,B,15000,11.83,0.2,N,5,0
58518,21,64000,RENT,3.0,VENTURE,B,6000,9.63,0.09,N,2,0
58519,37,60000,RENT,0.0,PERSONAL,D,15000,15.99,0.25,N,12,1
58520,43,125000,MORTGAGE,0.0,HOMEIMPROVEMENT,A,6000,7.74,0.05,N,15,0
58521,42,50000,MORTGAGE,0.0,VENTURE,B,3125,11.71,0.06,N,17,0
58522,26,50000,RENT,10.0,VENTURE,C,11200,14.27,0.22,N,4,0
58523,22,65000,RENT,6.0,PERSONAL,B,15000,11.58,0.23,N,4,0
58524,27,30000,RENT,4.0,MEDICAL,C,5100,13.72,0.17,Y,7,0
58525,25,90000,MORTGAGE,9.0,MEDICAL,B,12000,10.59,0.13,N,3,0
58526,23,60000,RENT,7.0,MEDICAL,B,5000,11.71,0.08,N,3,0
58527,33,120000,MORTGAGE,17.0,VENTURE,A,7000,8.9,0.06,N,5,0
58528,28,87000,MORTGAGE,8.0,HOMEIMPROVEMENT,B,15000,11.36,0.17,N,5,0
58529,36,35000,MORTGAGE,3.0,DEBTCONSOLIDATION,B,3000,10.65,0.09,N,16,0
58530,24,90730,MORTGAGE,7.0,HOMEIMPROVEMENT,A,14000,7.29,0.16,N,2,0
58531,22,72000,MORTGAGE,7.0,VENTURE,B,7500,11.71,0.1,N,4,0
58532,28,54000,MORTGAGE,5.0,VENTURE,E,5000,16.82,0.09,N,7,0
58533,44,55000,RENT,4.0,VENTURE,C,8500,12.84,0.15,Y,17,0
58534,45,40000,RENT,8.0,VENTURE,B,6000,10.65,0.15,N,13,0
58535,25,50000,RENT,3.0,EDUCATION,B,4000,12.53,0.08,N,2,0
58536,24,70000,MORTGAGE,8.0,EDUCATION,A,10000,6.62,0.14,N,4,0
58537,28,35000,RENT,1.0,PERSONAL,C,2800,12.29,0.08,Y,6,0
58538,27,40000,RENT,1.0,MEDICAL,C,6000,12.73,0.15,N,9,0
58539,25,115000,MORTGAGE,9.0,MEDICAL,B,21500,10.62,0.19,N,2,0
58540,23,33000,RENT,1.0,DEBTCONSOLIDATION,B,7000,10.99,0.21,N,4,0
58541,44,80000,RENT,5.0,PERSONAL,B,20000,11.83,0.25,N,15,0
58542,43,36000,RENT,2.0,VENTURE,A,9000,5.99,0.25,N,11,0
58543,32,29000,RENT,3.0,EDUCATION,E,5000,17.93,0.17,Y,8,1
58544,25,102000,MORTGAGE,9.0,MEDICAL,B,25000,10.99,0.24,N,2,0
58545,28,200004,MORTGAGE,2.0,MEDICAL,B,14000,10.65,0.07,N,5,0
58546,27,35000,RENT,3.0,VENTURE,C,3000,13.22,0.09,N,5,0
58547,29,82500,RENT,5.0,EDUCATION,A,17000,7.66,0.22,N,5,0
58548,23,52000,MORTGAGE,7.0,VENTURE,A,6000,7.88,0.12,N,2,0
58549,22,65000,RENT,3.0,PERSONAL,A,15000,6.54,0.23,N,3,0
58550,24,45000,RENT,1.0,DEBTCONSOLIDATION,D,4000,17.58,0.09,N,3,1
58551,21,49000,RENT,5.0,VENTURE,A,4800,7.29,0.1,N,3,0
58552,54,60000,RENT,4.0,PERSONAL,B,8000,10.37,0.13,N,20,0
58553,29,91000,OWN,13.0,MEDICAL,A,15000,6.03,0.16,N,9,0
58554,25,67000,MORTGAGE,7.0,VENTURE,A,10000,7.14,0.15,N,4,0
58555,30,42000,MORTGAGE,14.0,PERSONAL,A,2500,7.9,0.06,N,9,0
58556,23,52000,OWN,5.0,VENTURE,A,10000,6.54,0.19,N,2,0
58557,23,54000,MORTGAGE,7.0,EDUCATION,B,5500,10.99,0.1,N,3,0
58558,24,95000,RENT,6.0,EDUCATION,B,25000,10.99,0.26,N,3,0
58559,28,54000,RENT,4.0,HOMEIMPROVEMENT,B,6500,10.99,0.12,N,9,1
58560,24,30000,MORTGAGE,2.0,DEBTCONSOLIDATION,B,6500,10.37,0.22,N,3,0
58561,33,36500,MORTGAGE,9.0,HOMEIMPROVEMENT,C,14000,11.03,0.39,N,5,0
58562,31,87000,RENT,5.0,VENTURE,B,8000,11.49,0.09,N,5,0
58563,28,54000,RENT,4.0,DEBTCONSOLIDATION,E,15000,16.35,0.28,N,9,1
58564,22,52000,RENT,1.0,EDUCATION,C,10000,13.16,0.19,N,2,0
58565,41,90000,RENT,0.0,VENTURE,B,15000,10.38,0.17,N,11,0
58566,25,47184,MORTGAGE,7.0,DEBTCONSOLIDATION,C,4250,12.73,0.09,N,4,0
58567,23,50000,RENT,0.0,EDUCATION,C,8000,15.27,0.16,N,2,0
58568,23,45000,RENT,5.0,EDUCATION,A,10000,8.0,0.22,N,3,0
58569,36,54000,MORTGAGE,5.0,MEDICAL,C,10000,13.49,0.19,Y,13,1
58570,23,85000,RENT,1.0,DEBTCONSOLIDATION,B,10000,10.99,0.12,N,3,0
58571,23,95000,RENT,3.0,EDUCATION,A,12000,8.49,0.13,N,4,0
58572,27,114000,RENT,11.0,VENTURE,B,6000,12.69,0.05,N,10,0
58573,25,70000,RENT,0.0,DEBTCONSOLIDATION,A,6000,7.49,0.09,N,3,0
58574,22,36000,OWN,6.0,VENTURE,A,5000,6.99,0.14,N,2,0
58575,31,83000,RENT,3.0,EDUCATION,B,18000,10.65,0.22,N,10,1
58576,26,36000,RENT,5.0,PERSONAL,B,12000,9.91,0.33,N,4,1
58577,35,67500,RENT,5.0,MEDICAL,B,8000,9.63,0.12,N,6,0
58578,25,60000,MORTGAGE,9.0,PERSONAL,B,15000,11.89,0.25,N,3,0
58579,27,55000,RENT,2.0,MEDICAL,A,6000,8.9,0.11,N,10,0
58580,28,44000,RENT,4.0,MEDICAL,B,10000,10.71,0.23,N,7,0
58581,24,54996,RENT,6.0,EDUCATION,B,23600,10.99,0.43,N,3,1
58582,23,35000,RENT,1.0,MEDICAL,C,5000,12.68,0.14,Y,4,0
58583,25,65000,MORTGAGE,0.0,HOMEIMPROVEMENT,B,7000,11.83,0.11,N,2,0
58584,34,53000,MORTGAGE,6.0,MEDICAL,B,3100,11.71,0.06,N,8,0
58585,31,60000,MORTGAGE,5.0,MEDICAL,A,10000,5.79,0.17,N,5,0
58586,24,35004,MORTGAGE,1.0,PERSONAL,B,4200,12.53,0.12,N,3,0
58587,28,50000,MORTGAGE,4.0,HOMEIMPROVEMENT,A,12000,7.51,0.24,N,7,0
58588,29,73000,MORTGAGE,13.0,MEDICAL,B,10000,12.21,0.14,N,8,0
58589,23,36000,MORTGAGE,7.0,VENTURE,A,1400,7.51,0.04,N,4,0
58590,26,75000,RENT,6.0,PERSONAL,A,6000,6.54,0.08,N,3,0
58591,24,57000,MORTGAGE,8.0,DEBTCONSOLIDATION,D,9600,14.46,0.17,Y,4,1
58592,27,67000,RENT,0.0,DEBTCONSOLIDATION,D,25000,14.96,0.37,N,6,1
58593,34,124600,MORTGAGE,7.0,DEBTCONSOLIDATION,C,4000,14.72,0.03,N,10,0
58594,22,63000,MORTGAGE,6.0,MEDICAL,A,5000,7.88,0.08,N,4,0
58595,23,95327,RENT,2.0,PERSONAL,A,12000,7.74,0.13,N,4,0
58596,23,65000,RENT,2.0,EDUCATION,A,12000,7.51,0.18,N,2,0
58597,22,55000,MORTGAGE,6.0,VENTURE,B,9600,10.99,0.17,N,3,0
58598,27,68000,OWN,7.0,MEDICAL,A,3000,7.74,0.04,N,7,0
58599,30,75000,MORTGAGE,7.0,MEDICAL,A,17000,8.49,0.23,N,5,0
58600,23,75000,RENT,4.0,EDUCATION,C,12000,13.49,0.16,Y,2,0
58601,29,200000,MORTGAGE,1.0,MEDICAL,A,12000,8.07,0.06,N,6,0
58602,23,86000,MORTGAGE,14.0,DEBTCONSOLIDATION,B,25000,11.12,0.29,N,2,1
58603,24,49000,RENT,6.0,DEBTCONSOLIDATION,B,20000,11.86,0.41,N,3,1
58604,62,150000,MORTGAGE,3.0,PERSONAL,E,24000,16.95,0.16,Y,20,0
58605,29,39000,RENT,0.0,DEBTCONSOLIDATION,A,10000,6.17,0.26,N,9,0
58606,27,80000,MORTGAGE,7.0,HOMEIMPROVEMENT,B,7400,12.69,0.09,N,6,0
58607,44,76000,RENT,0.0,MEDICAL,C,14000,13.16,0.18,Y,13,0
58608,32,37500,MORTGAGE,14.0,HOMEIMPROVEMENT,A,7000,7.74,0.19,N,5,0
58609,40,43000,RENT,18.0,VENTURE,B,14400,11.71,0.34,N,12,1
58610,26,50000,RENT,2.0,VENTURE,A,3000,7.49,0.06,N,3,0
58611,21,24000,RENT,5.0,MEDICAL,C,10000,13.85,0.42,N,4,1
58612,22,91200,MORTGAGE,6.0,EDUCATION,B,5000,11.36,0.05,N,2,0
58613,25,41000,RENT,3.0,EDUCATION,A,10000,7.9,0.24,N,4,0
58614,22,75000,MORTGAGE,0.0,VENTURE,C,5000,13.92,0.07,N,3,0
58615,32,37000,MORTGAGE,7.0,VENTURE,A,3500,6.99,0.09,N,8,0
58616,24,45000,RENT,7.0,VENTURE,C,6000,12.53,0.13,Y,2,0
58617,24,150000,MORTGAGE,2.0,HOMEIMPROVEMENT,C,7000,14.27,0.05,N,3,0
58618,36,62000,MORTGAGE,7.0,PERSONAL,A,10000,7.49,0.16,N,11,0
58619,22,37000,RENT,6.0,EDUCATION,C,7000,13.49,0.18,Y,4,0
58620,21,18000,RENT,2.0,VENTURE,B,2400,11.46,0.13,N,4,0
58621,25,90400,MORTGAGE,9.0,DEBTCONSOLIDATION,A,9500,8.9,0.11,N,4,0
58622,24,28000,RENT,4.0,PERSONAL,C,6600,12.99,0.24,N,4,0
58623,26,54000,RENT,5.0,HOMEIMPROVEMENT,A,8000,5.99,0.15,N,3,0
58624,22,36000,RENT,5.0,VENTURE,E,16000,16.45,0.44,N,4,1
58625,23,32004,OWN,0.0,EDUCATION,A,5000,8.0,0.16,N,4,0
58626,26,53000,RENT,10.0,PERSONAL,D,10800,16.29,0.2,N,3,1
58627,38,140000,OWN,8.0,HOMEIMPROVEMENT,A,20800,6.91,0.15,N,16,0
58628,26,54000,RENT,4.0,PERSONAL,D,1600,14.96,0.03,Y,3,1
58629,22,25000,RENT,2.0,EDUCATION,A,3000,7.29,0.12,N,2,0
58630,34,57000,MORTGAGE,6.0,PERSONAL,A,8000,7.51,0.14,N,7,0
58631,22,50000,RENT,2.0,PERSONAL,A,12000,8.32,0.24,N,3,0
58632,23,29654,RENT,1.0,VENTURE,A,10000,6.54,0.34,N,2,1
58633,35,30000,RENT,6.0,MEDICAL,A,3000,6.62,0.1,N,8,0
58634,30,85000,MORTGAGE,6.0,PERSONAL,A,5000,7.51,0.06,N,7,0
58635,32,69000,RENT,0.0,DEBTCONSOLIDATION,B,12000,10.2,0.17,N,7,1
58636,24,37000,RENT,3.0,EDUCATION,C,9000,13.49,0.24,Y,2,0
58637,24,75000,RENT,8.0,VENTURE,B,4000,10.75,0.05,N,4,0
58638,29,46610,MORTGAGE,1.0,PERSONAL,D,2600,17.58,0.05,N,6,1
58639,22,70000,RENT,6.0,DEBTCONSOLIDATION,A,10000,7.29,0.14,N,4,0
58640,34,120000,MORTGAGE,5.0,EDUCATION,D,25000,15.95,0.21,Y,10,0
58641,28,28800,RENT,0.0,MEDICAL,C,10000,12.73,0.35,N,8,1
58642,23,44000,RENT,7.0,EDUCATION,D,6800,16.0,0.15,N,2,1
58643,22,30000,RENT,2.0,EDUCATION,A,5000,8.9,0.17,N,3,0
58644,31,75000,MORTGAGE,2.0,VENTURE,B,15000,11.11,0.2,N,5,0
